timeGa Urey Qt heat/H0 heatTW 1HPE 2HPE 3HPE 4HPE TempC
0.005 1.07692 104.92925 0.99715 113.00081 0.14746 0.29588 0.10491 0.45175 1800.182
0.010 1.07356 104.95878 0.99431 112.67925 0.14776 0.29526 0.10519 0.45179 1800.356
0.015 1.07022 104.98703 0.99149 112.35889 0.14807 0.29465 0.10546 0.45182 1800.522
0.020 1.06690 105.01400 0.98867 112.03974 0.14838 0.29404 0.10573 0.45185 1800.680
0.025 1.06361 105.03971 0.98587 111.72179 0.14868 0.29343 0.10601 0.45188 1800.831
0.030 1.06035 105.06417 0.98307 111.40503 0.14899 0.29281 0.10628 0.45191 1800.973
0.035 1.05712 105.08738 0.98029 111.08947 0.14930 0.29220 0.10656 0.45194 1801.109
0.040 1.05390 105.10935 0.97751 110.77508 0.14960 0.29159 0.10684 0.45197 1801.236
0.045 1.05072 105.13010 0.97475 110.46188 0.14991 0.29098 0.10711 0.45199 1801.356
0.050 1.04755 105.14962 0.97199 110.14985 0.15022 0.29037 0.10739 0.45202 1801.469
0.055 1.04442 105.16793 0.96925 109.83900 0.15053 0.28976 0.10767 0.45204 1801.574
0.060 1.04130 105.18504 0.96652 109.52930 0.15084 0.28916 0.10794 0.45206 1801.672
0.065 1.03821 105.20095 0.96380 109.22077 0.15115 0.28855 0.10822 0.45208 1801.763
0.070 1.03514 105.21567 0.96108 108.91339 0.15146 0.28794 0.10850 0.45210 1801.846
0.075 1.03210 105.22922 0.95838 108.60717 0.15177 0.28733 0.10878 0.45212 1801.922
0.080 1.02908 105.24159 0.95569 108.30209 0.15208 0.28673 0.10906 0.45214 1801.991
0.085 1.02608 105.25280 0.95301 107.99815 0.15239 0.28612 0.10934 0.45215 1802.053
0.090 1.02311 105.26286 0.95033 107.69534 0.15270 0.28552 0.10962 0.45217 1802.108
0.095 1.02016 105.27177 0.94767 107.39367 0.15301 0.28491 0.10990 0.45218 1802.155
0.100 1.01723 105.27955 0.94502 107.09313 0.15332 0.28431 0.11018 0.45219 1802.196
0.105 1.01432 105.28619 0.94238 106.79370 0.15363 0.28371 0.11046 0.45221 1802.230
0.110 1.01143 105.29171 0.93975 106.49540 0.15394 0.28310 0.11074 0.45222 1802.257
0.115 1.00857 105.29613 0.93712 106.19820 0.15425 0.28250 0.11103 0.45222 1802.278
0.120 1.00572 105.29943 0.93451 105.90212 0.15456 0.28190 0.11131 0.45223 1802.291
0.125 1.00290 105.30164 0.93191 105.60713 0.15487 0.28130 0.11159 0.45224 1802.298
0.130 1.00010 105.30276 0.92931 105.31325 0.15518 0.28070 0.11188 0.45224 1802.298
0.135 0.99732 105.30280 0.92673 105.02046 0.15550 0.28010 0.11216 0.45225 1802.292
0.140 0.99456 105.30176 0.92416 104.72876 0.15581 0.27950 0.11245 0.45225 1802.279
0.145 0.99182 105.29966 0.92159 104.43815 0.15612 0.27890 0.11273 0.45225 1802.260
0.150 0.98910 105.29651 0.91904 104.14862 0.15643 0.27830 0.11302 0.45225 1802.234
0.155 0.98640 105.29230 0.91649 103.86016 0.15675 0.27770 0.11330 0.45225 1802.201
0.160 0.98372 105.28705 0.91396 103.57277 0.15706 0.27710 0.11359 0.45225 1802.163
0.165 0.98106 105.28077 0.91143 103.28646 0.15737 0.27651 0.11387 0.45225 1802.118
0.170 0.97842 105.27346 0.90891 103.00120 0.15769 0.27591 0.11416 0.45224 1802.067
0.175 0.97579 105.26514 0.90640 102.71701 0.15800 0.27531 0.11445 0.45224 1802.009
0.180 0.97319 105.25580 0.90391 102.43386 0.15831 0.27472 0.11474 0.45223 1801.946
0.185 0.97060 105.24547 0.90142 102.15177 0.15863 0.27412 0.11503 0.45222 1801.876
0.190 0.96804 105.23413 0.89894 101.87072 0.15894 0.27353 0.11531 0.45221 1801.800
0.195 0.96549 105.22181 0.89647 101.59072 0.15926 0.27294 0.11560 0.45220 1801.719
0.200 0.96296 105.20851 0.89400 101.31175 0.15957 0.27234 0.11589 0.45219 1801.631
0.205 0.96045 105.19424 0.89155 101.03381 0.15989 0.27175 0.11618 0.45218 1801.537
0.210 0.95796 105.17900 0.88911 100.75690 0.16020 0.27116 0.11647 0.45217 1801.437
0.215 0.95548 105.16281 0.88667 100.48102 0.16052 0.27057 0.11676 0.45215 1801.332
0.220 0.95302 105.14566 0.88425 100.20615 0.16083 0.26998 0.11706 0.45213 1801.221
0.225 0.95058 105.12758 0.88183 99.93230 0.16115 0.26939 0.11735 0.45212 1801.104
0.230 0.94816 105.10856 0.87942 99.65947 0.16147 0.26880 0.11764 0.45210 1800.981
0.235 0.94575 105.08861 0.87703 99.38763 0.16178 0.26821 0.11793 0.45208 1800.853
0.240 0.94336 105.06774 0.87464 99.11681 0.16210 0.26762 0.11823 0.45206 1800.718
0.245 0.94099 105.04596 0.87225 98.84698 0.16241 0.26703 0.11852 0.45204 1800.579
0.250 0.93863 105.02327 0.86988 98.57814 0.16273 0.26644 0.11881 0.45201 1800.434
0.255 0.93629 104.99969 0.86752 98.31030 0.16305 0.26586 0.11911 0.45199 1800.283
0.260 0.93397 104.97521 0.86516 98.04344 0.16337 0.26527 0.11940 0.45196 1800.127
0.265 0.93166 104.94985 0.86282 97.77757 0.16368 0.26469 0.11970 0.45194 1799.965
0.270 0.92937 104.92361 0.86048 97.51267 0.16400 0.26410 0.11999 0.45191 1799.798
0.275 0.92709 104.89650 0.85815 97.24875 0.16432 0.26352 0.12029 0.45188 1799.626
0.280 0.92483 104.86853 0.85583 96.98579 0.16464 0.26293 0.12058 0.45185 1799.449
0.285 0.92259 104.83971 0.85352 96.72381 0.16495 0.26235 0.12088 0.45182 1799.266
0.290 0.92036 104.81004 0.85122 96.46278 0.16527 0.26177 0.12118 0.45178 1799.078
0.295 0.91814 104.77952 0.84892 96.20272 0.16559 0.26118 0.12148 0.45175 1798.884
0.300 0.91595 104.74817 0.84663 95.94361 0.16591 0.26060 0.12177 0.45171 1798.686
0.305 0.91376 104.71599 0.84436 95.68545 0.16623 0.26002 0.12207 0.45168 1798.483
0.310 0.91159 104.68299 0.84209 95.42823 0.16655 0.25944 0.12237 0.45164 1798.274
0.315 0.90944 104.64918 0.83982 95.17196 0.16687 0.25886 0.12267 0.45160 1798.061
0.320 0.90730 104.61456 0.83757 94.91663 0.16718 0.25828 0.12297 0.45156 1797.842
0.325 0.90517 104.57914 0.83533 94.66223 0.16750 0.25771 0.12327 0.45152 1797.619
0.330 0.90306 104.54292 0.83309 94.40877 0.16782 0.25713 0.12357 0.45148 1797.391
0.335 0.90097 104.50592 0.83086 94.15623 0.16814 0.25655 0.12387 0.45143 1797.158
0.340 0.89888 104.46814 0.82864 93.90461 0.16846 0.25598 0.12417 0.45139 1796.920
0.345 0.89681 104.42959 0.82643 93.65392 0.16878 0.25540 0.12447 0.45134 1796.677
0.350 0.89476 104.39026 0.82423 93.40414 0.16910 0.25482 0.12478 0.45130 1796.429
0.355 0.89272 104.35018 0.82203 93.15527 0.16942 0.25425 0.12508 0.45125 1796.177
0.360 0.89069 104.30934 0.81984 92.90731 0.16975 0.25368 0.12538 0.45120 1795.920
0.365 0.88868 104.26776 0.81766 92.66026 0.17007 0.25310 0.12568 0.45115 1795.659
0.370 0.88668 104.22543 0.81549 92.41410 0.17039 0.25253 0.12599 0.45110 1795.393
0.375 0.88469 104.18237 0.81332 92.16884 0.17071 0.25196 0.12629 0.45104 1795.122
0.380 0.88271 104.13858 0.81117 91.92448 0.17103 0.25139 0.12660 0.45099 1794.847
0.385 0.88075 104.09407 0.80902 91.68101 0.17135 0.25082 0.12690 0.45093 1794.567
0.390 0.87880 104.04884 0.80688 91.43842 0.17167 0.25025 0.12721 0.45088 1794.283
0.395 0.87687 104.00291 0.80475 91.19672 0.17199 0.24968 0.12751 0.45082 1793.995
0.400 0.87494 103.95627 0.80262 90.95589 0.17232 0.24911 0.12782 0.45076 1793.702
0.405 0.87303 103.90893 0.80050 90.71594 0.17264 0.24854 0.12812 0.45070 1793.405
0.410 0.87113 103.86091 0.79839 90.47686 0.17296 0.24797 0.12843 0.45064 1793.103
0.415 0.86925 103.81220 0.79629 90.23866 0.17328 0.24741 0.12874 0.45058 1792.798
0.420 0.86738 103.76281 0.79420 90.00131 0.17360 0.24684 0.12904 0.45051 1792.488
0.425 0.86551 103.71274 0.79211 89.76483 0.17393 0.24627 0.12935 0.45045 1792.174
0.430 0.86366 103.66202 0.79003 89.52920 0.17425 0.24571 0.12966 0.45038 1791.855
0.435 0.86183 103.61063 0.78796 89.29443 0.17457 0.24514 0.12997 0.45031 1791.533
0.440 0.86000 103.55859 0.78590 89.06051 0.17489 0.24458 0.13028 0.45025 1791.206
0.445 0.85819 103.50590 0.78384 88.82743 0.17522 0.24402 0.13059 0.45018 1790.875
0.450 0.85638 103.45257 0.78179 88.59520 0.17554 0.24346 0.13090 0.45011 1790.541
0.455 0.85459 103.39860 0.77975 88.36381 0.17586 0.24289 0.13121 0.45003 1790.202
0.460 0.85281 103.34400 0.77771 88.13326 0.17619 0.24233 0.13152 0.44996 1789.859
0.465 0.85105 103.28877 0.77569 87.90354 0.17651 0.24177 0.13183 0.44989 1789.513
0.470 0.84929 103.23293 0.77367 87.67465 0.17683 0.24121 0.13214 0.44981 1789.162
0.475 0.84754 103.17647 0.77165 87.44659 0.17716 0.24065 0.13245 0.44973 1788.808
0.480 0.84581 103.11941 0.76965 87.21935 0.17748 0.24009 0.13277 0.44966 1788.450
0.485 0.84409 103.06175 0.76765 86.99293 0.17781 0.23954 0.13308 0.44958 1788.088
0.490 0.84237 103.00348 0.76566 86.76733 0.17813 0.23898 0.13339 0.44950 1787.722
0.495 0.84067 102.94463 0.76368 86.54254 0.17846 0.23842 0.13370 0.44942 1787.353
0.500 0.83898 102.88520 0.76170 86.31856 0.17878 0.23787 0.13402 0.44933 1786.980
0.505 0.83730 102.82518 0.75973 86.09538 0.17910 0.23731 0.13433 0.44925 1786.603
0.510 0.83563 102.76459 0.75777 85.87301 0.17943 0.23676 0.13465 0.44916 1786.222
0.515 0.83397 102.70343 0.75581 85.65145 0.17975 0.23620 0.13496 0.44908 1785.838
0.520 0.83232 102.64171 0.75386 85.43067 0.18008 0.23565 0.13528 0.44899 1785.450
0.525 0.83068 102.57943 0.75192 85.21069 0.18040 0.23510 0.13559 0.44890 1785.059
0.530 0.82905 102.51660 0.74999 84.99150 0.18073 0.23455 0.13591 0.44881 1784.664
0.535 0.82743 102.45323 0.74806 84.77310 0.18105 0.23400 0.13623 0.44872 1784.266
0.540 0.82582 102.38931 0.74614 84.55549 0.18138 0.23345 0.13654 0.44863 1783.864
0.545 0.82422 102.32486 0.74423 84.33865 0.18171 0.23290 0.13686 0.44854 1783.459
0.550 0.82264 102.25987 0.74232 84.12259 0.18203 0.23235 0.13718 0.44844 1783.051
0.555 0.82106 102.19436 0.74042 83.90731 0.18236 0.23180 0.13750 0.44835 1782.639
0.560 0.81949 102.12833 0.73853 83.69279 0.18268 0.23125 0.13781 0.44825 1782.224
0.565 0.81793 102.06179 0.73664 83.47905 0.18301 0.23071 0.13813 0.44816 1781.805
0.570 0.81638 101.99473 0.73476 83.26607 0.18333 0.23016 0.13845 0.44806 1781.383
0.575 0.81484 101.92717 0.73289 83.05385 0.18366 0.22961 0.13877 0.44796 1780.958
0.580 0.81330 101.85911 0.73103 82.84239 0.18399 0.22907 0.13909 0.44786 1780.530
0.585 0.81178 101.79056 0.72917 82.63169 0.18431 0.22852 0.13941 0.44775 1780.098
0.590 0.81027 101.72151 0.72731 82.42174 0.18464 0.22798 0.13973 0.44765 1779.663
0.595 0.80876 101.65199 0.72547 82.21254 0.18497 0.22744 0.14005 0.44754 1779.225
0.600 0.80727 101.58198 0.72363 82.00409 0.18529 0.22690 0.14037 0.44744 1778.784
0.605 0.80578 101.51149 0.72179 81.79638 0.18562 0.22635 0.14069 0.44733 1778.340
0.610 0.80431 101.44054 0.71997 81.58941 0.18594 0.22581 0.14102 0.44722 1777.893
0.615 0.80284 101.36912 0.71815 81.38317 0.18627 0.22527 0.14134 0.44712 1777.443
0.620 0.80138 101.29724 0.71634 81.17768 0.18660 0.22473 0.14166 0.44700 1776.990
0.625 0.79993 101.22491 0.71453 80.97291 0.18693 0.22420 0.14198 0.44689 1776.534
0.630 0.79849 101.15213 0.71273 80.76888 0.18725 0.22366 0.14231 0.44678 1776.074
0.635 0.79706 101.07890 0.71093 80.56557 0.18758 0.22312 0.14263 0.44667 1775.612
0.640 0.79563 101.00522 0.70915 80.36298 0.18791 0.22258 0.14296 0.44655 1775.147
0.645 0.79422 100.93112 0.70736 80.16111 0.18823 0.22205 0.14328 0.44644 1774.679
0.650 0.79281 100.85658 0.70559 79.95996 0.18856 0.22151 0.14361 0.44632 1774.209
0.655 0.79141 100.78161 0.70382 79.75952 0.18889 0.22098 0.14393 0.44620 1773.735
0.660 0.79002 100.70622 0.70206 79.55980 0.18922 0.22045 0.14426 0.44608 1773.259
0.665 0.78864 100.63041 0.70030 79.36078 0.18954 0.21991 0.14458 0.44596 1772.780
0.670 0.78726 100.55419 0.69855 79.16247 0.18987 0.21938 0.14491 0.44584 1772.298
0.675 0.78590 100.47756 0.69681 78.96486 0.19020 0.21885 0.14524 0.44572 1771.813
0.680 0.78454 100.40053 0.69507 78.76796 0.19053 0.21832 0.14556 0.44559 1771.326
0.685 0.78319 100.32309 0.69334 78.57174 0.19085 0.21779 0.14589 0.44547 1770.836
0.690 0.78184 100.24526 0.69161 78.37623 0.19118 0.21726 0.14622 0.44534 1770.343
0.695 0.78051 100.16704 0.68990 78.18140 0.19151 0.21673 0.14655 0.44521 1769.848
0.700 0.77918 100.08843 0.68818 77.98727 0.19184 0.21620 0.14687 0.44508 1769.350
0.705 0.77786 100.00944 0.68648 77.79381 0.19217 0.21568 0.14720 0.44495 1768.850
0.710 0.77655 99.93007 0.68477 77.60105 0.19249 0.21515 0.14753 0.44482 1768.347
0.715 0.77525 99.85032 0.68308 77.40896 0.19282 0.21462 0.14786 0.44469 1767.841
0.720 0.77395 99.77021 0.68139 77.21755 0.19315 0.21410 0.14819 0.44456 1767.333
0.725 0.77267 99.68973 0.67971 77.02682 0.19348 0.21357 0.14852 0.44442 1766.823
0.730 0.77138 99.60889 0.67803 76.83676 0.19381 0.21305 0.14885 0.44429 1766.310
0.735 0.77011 99.52769 0.67636 76.64736 0.19414 0.21253 0.14918 0.44415 1765.795
0.740 0.76884 99.44614 0.67469 76.45864 0.19446 0.21201 0.14951 0.44402 1765.277
0.745 0.76759 99.36424 0.67303 76.27058 0.19479 0.21148 0.14985 0.44388 1764.757
0.750 0.76633 99.28200 0.67138 76.08318 0.19512 0.21096 0.15018 0.44374 1764.234
0.755 0.76509 99.19941 0.66973 75.89644 0.19545 0.21044 0.15051 0.44360 1763.709
0.760 0.76385 99.11649 0.66809 75.71035 0.19578 0.20992 0.15084 0.44345 1763.182
0.765 0.76262 99.03323 0.66645 75.52492 0.19611 0.20941 0.15118 0.44331 1762.652
0.770 0.76140 98.94965 0.66482 75.34014 0.19644 0.20889 0.15151 0.44317 1762.121
0.775 0.76018 98.86574 0.66320 75.15601 0.19676 0.20837 0.15184 0.44302 1761.586
0.780 0.75897 98.78151 0.66158 74.97252 0.19709 0.20785 0.15218 0.44288 1761.050
0.785 0.75777 98.69696 0.65997 74.78968 0.19742 0.20734 0.15251 0.44273 1760.512
0.790 0.75658 98.61210 0.65836 74.60748 0.19775 0.20682 0.15285 0.44258 1759.971
0.795 0.75539 98.52693 0.65676 74.42592 0.19808 0.20631 0.15318 0.44243 1759.428
0.800 0.75420 98.44145 0.65516 74.24499 0.19841 0.20580 0.15352 0.44228 1758.883
0.805 0.75303 98.35567 0.65357 74.06469 0.19874 0.20528 0.15385 0.44213 1758.336
0.810 0.75186 98.26959 0.65198 73.88503 0.19907 0.20477 0.15419 0.44197 1757.786
0.815 0.75070 98.18322 0.65040 73.70599 0.19940 0.20426 0.15452 0.44182 1757.235
0.820 0.74954 98.09656 0.64883 73.52758 0.19972 0.20375 0.15486 0.44166 1756.682
0.825 0.74839 98.00961 0.64726 73.34979 0.20005 0.20324 0.15520 0.44151 1756.126
0.830 0.74725 97.92238 0.64570 73.17263 0.20038 0.20273 0.15553 0.44135 1755.569
0.835 0.74612 97.83487 0.64414 72.99608 0.20071 0.20222 0.15587 0.44119 1755.009
0.840 0.74499 97.74708 0.64259 72.82014 0.20104 0.20172 0.15621 0.44103 1754.448
0.845 0.74386 97.65902 0.64104 72.64482 0.20137 0.20121 0.15655 0.44087 1753.884
0.850 0.74274 97.57069 0.63950 72.47011 0.20170 0.20071 0.15689 0.44071 1753.319
0.855 0.74163 97.48210 0.63796 72.29601 0.20203 0.20020 0.15723 0.44055 1752.751
0.860 0.74053 97.39324 0.63643 72.12251 0.20236 0.19970 0.15756 0.44038 1752.182
0.865 0.73943 97.30412 0.63490 71.94962 0.20269 0.19919 0.15790 0.44022 1751.611
0.870 0.73834 97.21475 0.63338 71.77733 0.20302 0.19869 0.15824 0.44005 1751.038
0.875 0.73725 97.12513 0.63187 71.60564 0.20334 0.19819 0.15858 0.43988 1750.463
0.880 0.73617 97.03526 0.63036 71.43454 0.20367 0.19769 0.15892 0.43972 1749.887
0.885 0.73510 96.94514 0.62885 71.26404 0.20400 0.19719 0.15927 0.43955 1749.308
0.890 0.73403 96.85478 0.62736 71.09413 0.20433 0.19669 0.15961 0.43938 1748.728
0.895 0.73297 96.76419 0.62586 70.92480 0.20466 0.19619 0.15995 0.43920 1748.146
0.900 0.73191 96.67336 0.62437 70.75607 0.20499 0.19569 0.16029 0.43903 1747.562
0.905 0.73086 96.58229 0.62289 70.58792 0.20532 0.19519 0.16063 0.43886 1746.976
0.910 0.72981 96.49100 0.62141 70.42035 0.20565 0.19469 0.16097 0.43868 1746.389
0.915 0.72877 96.39949 0.61994 70.25336 0.20598 0.19420 0.16132 0.43851 1745.800
0.920 0.72774 96.30775 0.61847 70.08695 0.20631 0.19370 0.16166 0.43833 1745.210
0.925 0.72671 96.21579 0.61700 69.92111 0.20664 0.19321 0.16200 0.43815 1744.617
0.930 0.72569 96.12362 0.61555 69.75585 0.20696 0.19271 0.16235 0.43797 1744.023
0.935 0.72467 96.03123 0.61409 69.59115 0.20729 0.19222 0.16269 0.43779 1743.428
0.940 0.72366 95.93864 0.61264 69.42703 0.20762 0.19173 0.16304 0.43761 1742.831
0.945 0.72265 95.84584 0.61120 69.26347 0.20795 0.19124 0.16338 0.43743 1742.232
0.950 0.72165 95.75284 0.60976 69.10048 0.20828 0.19075 0.16372 0.43725 1741.631
0.955 0.72066 95.65963 0.60833 68.93804 0.20861 0.19026 0.16407 0.43706 1741.029
0.960 0.71967 95.56623 0.60690 68.77617 0.20894 0.18977 0.16442 0.43688 1740.426
0.965 0.71869 95.47263 0.60548 68.61486 0.20927 0.18928 0.16476 0.43669 1739.821
0.970 0.71771 95.37885 0.60406 68.45409 0.20960 0.18879 0.16511 0.43650 1739.215
0.975 0.71673 95.28487 0.60264 68.29389 0.20993 0.18831 0.16545 0.43632 1738.607
0.980 0.71577 95.19071 0.60124 68.13423 0.21025 0.18782 0.16580 0.43613 1737.997
0.985 0.71480 95.09637 0.59983 67.97512 0.21058 0.18733 0.16615 0.43593 1737.386
0.990 0.71384 95.00185 0.59843 67.81656 0.21091 0.18685 0.16649 0.43574 1736.774
0.995 0.71289 94.90715 0.59704 67.65854 0.21124 0.18637 0.16684 0.43555 1736.160
1.000 0.71194 94.81228 0.59565 67.50106 0.21157 0.18588 0.16719 0.43536 1735.545
1.005 0.71100 94.71723 0.59426 67.34413 0.21190 0.18540 0.16754 0.43516 1734.928
1.010 0.71006 94.62202 0.59288 67.18773 0.21223 0.18492 0.16789 0.43497 1734.310
1.015 0.70913 94.52664 0.59151 67.03187 0.21256 0.18444 0.16824 0.43477 1733.691
1.020 0.70820 94.43110 0.59014 66.87654 0.21288 0.18396 0.16858 0.43457 1733.070
1.025 0.70728 94.33540 0.58877 66.72174 0.21321 0.18348 0.16893 0.43437 1732.448
1.030 0.70636 94.23955 0.58741 66.56747 0.21354 0.18300 0.16928 0.43417 1731.825
1.035 0.70545 94.14354 0.58605 66.41373 0.21387 0.18252 0.16963 0.43397 1731.200
1.040 0.70454 94.04737 0.58470 66.26052 0.21420 0.18205 0.16998 0.43377 1730.574
1.045 0.70364 93.95106 0.58335 66.10782 0.21453 0.18157 0.17033 0.43357 1729.947
1.050 0.70274 93.85460 0.58201 65.95565 0.21486 0.18110 0.17068 0.43336 1729.319
1.055 0.70185 93.75800 0.58067 65.80400 0.21518 0.18062 0.17104 0.43316 1728.689
1.060 0.70096 93.66126 0.57934 65.65286 0.21551 0.18015 0.17139 0.43295 1728.058
1.065 0.70008 93.56437 0.57801 65.50224 0.21584 0.17968 0.17174 0.43275 1727.426
1.070 0.69920 93.46736 0.57669 65.35214 0.21617 0.17920 0.17209 0.43254 1726.793
1.075 0.69832 93.37020 0.57537 65.20254 0.21650 0.17873 0.17244 0.43233 1726.158
1.080 0.69745 93.27292 0.57405 65.05345 0.21682 0.17826 0.17279 0.43212 1725.522
1.085 0.69659 93.17551 0.57274 64.90487 0.21715 0.17779 0.17315 0.43191 1724.886
1.090 0.69573 93.07797 0.57143 64.75679 0.21748 0.17732 0.17350 0.43170 1724.248
1.095 0.69487 92.98031 0.57013 64.60922 0.21781 0.17685 0.17385 0.43148 1723.609
1.100 0.69402 92.88253 0.56883 64.46215 0.21814 0.17639 0.17421 0.43127 1722.968
1.105 0.69317 92.78463 0.56754 64.31558 0.21846 0.17592 0.17456 0.43105 1722.327
1.110 0.69233 92.68661 0.56625 64.16950 0.21879 0.17546 0.17492 0.43084 1721.685
1.115 0.69149 92.58848 0.56497 64.02392 0.21912 0.17499 0.17527 0.43062 1721.041
1.120 0.69065 92.49023 0.56369 63.87883 0.21945 0.17453 0.17562 0.43040 1720.397
1.125 0.68983 92.39188 0.56241 63.73423 0.21977 0.17406 0.17598 0.43018 1719.751
1.130 0.68900 92.29342 0.56114 63.59013 0.22010 0.17360 0.17633 0.42996 1719.105
1.135 0.68818 92.19486 0.55987 63.44651 0.22043 0.17314 0.17669 0.42974 1718.457
1.140 0.68736 92.09619 0.55861 63.30337 0.22076 0.17268 0.17705 0.42952 1717.809
1.145 0.68655 91.99742 0.55735 63.16072 0.22108 0.17222 0.17740 0.42930 1717.159
1.150 0.68574 91.89856 0.55609 63.01855 0.22141 0.17176 0.17776 0.42907 1716.508
1.155 0.68494 91.79960 0.55484 62.87686 0.22174 0.17130 0.17811 0.42885 1715.857
1.160 0.68414 91.70054 0.55360 62.73565 0.22206 0.17084 0.17847 0.42862 1715.204
1.165 0.68334 91.60140 0.55236 62.59492 0.22239 0.17038 0.17883 0.42840 1714.551
1.170 0.68255 91.50217 0.55112 62.45466 0.22272 0.16993 0.17918 0.42817 1713.897
1.175 0.68176 91.40285 0.54988 62.31487 0.22305 0.16947 0.17954 0.42794 1713.242
1.180 0.68098 91.30344 0.54865 62.17555 0.22337 0.16902 0.17990 0.42771 1712.585
1.185 0.68020 91.20395 0.54743 62.03670 0.22370 0.16856 0.18026 0.42748 1711.928
1.190 0.67942 91.10438 0.54621 61.89832 0.22402 0.16811 0.18062 0.42725 1711.271
1.195 0.67865 91.00474 0.54499 61.76040 0.22435 0.16766 0.18097 0.42702 1710.612
1.200 0.67788 90.90501 0.54378 61.62295 0.22468 0.16721 0.18133 0.42678 1709.952
1.205 0.67712 90.80522 0.54257 61.48595 0.22500 0.16676 0.18169 0.42655 1709.292
1.210 0.67636 90.70535 0.54136 61.34942 0.22533 0.16631 0.18205 0.42631 1708.630
1.215 0.67560 90.60541 0.54016 61.21335 0.22566 0.16586 0.18241 0.42608 1707.968
1.220 0.67485 90.50540 0.53897 61.07773 0.22598 0.16541 0.18277 0.42584 1707.306
1.225 0.67410 90.40533 0.53777 60.94256 0.22631 0.16496 0.18313 0.42560 1706.642
1.230 0.67336 90.30519 0.53659 60.80785 0.22663 0.16451 0.18349 0.42536 1705.977
1.235 0.67262 90.20499 0.53540 60.67359 0.22696 0.16407 0.18385 0.42512 1705.312
1.240 0.67188 90.10473 0.53422 60.53978 0.22728 0.16362 0.18421 0.42488 1704.646
1.245 0.67115 90.00441 0.53304 60.40641 0.22761 0.16318 0.18457 0.42464 1703.979
1.250 0.67042 89.90404 0.53187 60.27349 0.22793 0.16273 0.18494 0.42440 1703.312
1.255 0.66969 89.80361 0.53070 60.14102 0.22826 0.16229 0.18530 0.42415 1702.644
1.260 0.66897 89.70313 0.52954 60.00898 0.22858 0.16185 0.18566 0.42391 1701.975
1.265 0.66826 89.60259 0.52838 59.87739 0.22891 0.16141 0.18602 0.42366 1701.305
1.270 0.66754 89.50201 0.52722 59.74624 0.22923 0.16097 0.18638 0.42342 1700.635
1.275 0.66683 89.40138 0.52606 59.61552 0.22956 0.16053 0.18675 0.42317 1699.964
1.280 0.66612 89.30071 0.52491 59.48524 0.22988 0.16009 0.18711 0.42292 1699.293
1.285 0.66542 89.19999 0.52377 59.35539 0.23021 0.15965 0.18747 0.42267 1698.620
1.290 0.66472 89.09923 0.52263 59.22597 0.23053 0.15921 0.18783 0.42242 1697.947
1.295 0.66402 88.99843 0.52149 59.09698 0.23086 0.15878 0.18820 0.42217 1697.274
1.300 0.66333 88.89760 0.52035 58.96843 0.23118 0.15834 0.18856 0.42192 1696.600
1.305 0.66264 88.79672 0.51922 58.84030 0.23150 0.15791 0.18892 0.42166 1695.925
1.310 0.66195 88.69581 0.51810 58.71259 0.23183 0.15747 0.18929 0.42141 1695.249
1.315 0.66127 88.59487 0.51697 58.58531 0.23215 0.15704 0.18965 0.42115 1694.573
1.320 0.66059 88.49390 0.51585 58.45845 0.23248 0.15661 0.19002 0.42090 1693.897
1.325 0.65992 88.39290 0.51474 58.33201 0.23280 0.15618 0.19038 0.42064 1693.220
1.330 0.65925 88.29187 0.51363 58.20599 0.23312 0.15575 0.19075 0.42039 1692.542
1.335 0.65858 88.19081 0.51252 58.08038 0.23345 0.15532 0.19111 0.42013 1691.864
1.340 0.65791 88.08973 0.51141 57.95520 0.23377 0.15489 0.19148 0.41987 1691.185
1.345 0.65725 87.98863 0.51031 57.83042 0.23409 0.15446 0.19184 0.41961 1690.506
1.350 0.65659 87.88750 0.50921 57.70606 0.23441 0.15403 0.19221 0.41935 1689.826
1.355 0.65593 87.78636 0.50812 57.58211 0.23474 0.15360 0.19258 0.41908 1689.145
1.360 0.65528 87.68520 0.50703 57.45857 0.23506 0.15318 0.19294 0.41882 1688.465
1.365 0.65463 87.58402 0.50594 57.33543 0.23538 0.15275 0.19331 0.41856 1687.783
1.370 0.65399 87.48282 0.50486 57.21270 0.23570 0.15233 0.19368 0.41829 1687.101
1.375 0.65335 87.38162 0.50378 57.09038 0.23603 0.15190 0.19404 0.41803 1686.419
1.380 0.65271 87.28040 0.50271 56.96846 0.23635 0.15148 0.19441 0.41776 1685.736
1.385 0.65207 87.17917 0.50163 56.84694 0.23667 0.15106 0.19478 0.41749 1685.053
1.390 0.65144 87.07793 0.50056 56.72582 0.23699 0.15064 0.19514 0.41723 1684.369
1.395 0.65081 86.97668 0.49950 56.60510 0.23731 0.15022 0.19551 0.41696 1683.685
1.400 0.65018 86.87543 0.49844 56.48477 0.23763 0.14980 0.19588 0.41669 1683.001
1.405 0.64956 86.77417 0.49738 56.36484 0.23795 0.14938 0.19625 0.41642 1682.316
1.410 0.64894 86.67291 0.49632 56.24531 0.23828 0.14896 0.19662 0.41615 1681.630
1.415 0.64832 86.57165 0.49527 56.12617 0.23860 0.14854 0.19699 0.41587 1680.944
1.420 0.64771 86.47039 0.49423 56.00741 0.23892 0.14813 0.19735 0.41560 1680.258
1.425 0.64710 86.36913 0.49318 55.88905 0.23924 0.14771 0.19772 0.41533 1679.572
1.430 0.64649 86.26787 0.49214 55.77107 0.23956 0.14730 0.19809 0.41505 1678.885
1.435 0.64588 86.16662 0.49110 55.65348 0.23988 0.14688 0.19846 0.41478 1678.197
1.440 0.64528 86.06537 0.49007 55.53628 0.24020 0.14647 0.19883 0.41450 1677.510
1.445 0.64468 85.96413 0.48904 55.41946 0.24052 0.14606 0.19920 0.41422 1676.822
1.450 0.64409 85.86290 0.48801 55.30302 0.24084 0.14565 0.19957 0.41394 1676.133
1.455 0.64349 85.76167 0.48699 55.18696 0.24116 0.14524 0.19994 0.41367 1675.444
1.460 0.64290 85.66046 0.48596 55.07127 0.24148 0.14483 0.20031 0.41339 1674.755
1.465 0.64231 85.55926 0.48495 54.95597 0.24180 0.14442 0.20068 0.41311 1674.066
1.470 0.64173 85.45807 0.48393 54.84104 0.24211 0.14401 0.20105 0.41282 1673.376
1.475 0.64115 85.35690 0.48292 54.72649 0.24243 0.14360 0.20142 0.41254 1672.686
1.480 0.64057 85.25574 0.48191 54.61231 0.24275 0.14319 0.20180 0.41226 1671.996
1.485 0.63999 85.15460 0.48091 54.49850 0.24307 0.14279 0.20217 0.41197 1671.306
1.490 0.63942 85.05348 0.47991 54.38507 0.24339 0.14238 0.20254 0.41169 1670.615
1.495 0.63885 84.95238 0.47891 54.27200 0.24371 0.14198 0.20291 0.41140 1669.924
1.500 0.63828 84.85130 0.47792 54.15929 0.24402 0.14158 0.20328 0.41112 1669.232
1.505 0.63772 84.75024 0.47693 54.04696 0.24434 0.14117 0.20365 0.41083 1668.541
1.510 0.63716 84.64921 0.47594 53.93499 0.24466 0.14077 0.20403 0.41054 1667.849
1.515 0.63660 84.54820 0.47495 53.82338 0.24498 0.14037 0.20440 0.41025 1667.157
1.520 0.63604 84.44722 0.47397 53.71214 0.24529 0.13997 0.20477 0.40996 1666.464
1.525 0.63549 84.34626 0.47299 53.60125 0.24561 0.13957 0.20514 0.40967 1665.772
1.530 0.63494 84.24533 0.47202 53.49072 0.24593 0.13917 0.20552 0.40938 1665.079
1.535 0.63439 84.14443 0.47105 53.38056 0.24625 0.13877 0.20589 0.40909 1664.386
1.540 0.63385 84.04356 0.47008 53.27074 0.24656 0.13838 0.20626 0.40880 1663.693
1.545 0.63330 83.94272 0.46911 53.16129 0.24688 0.13798 0.20664 0.40851 1663.000
1.550 0.63276 83.84192 0.46815 53.05219 0.24719 0.13758 0.20701 0.40821 1662.306
1.555 0.63223 83.74115 0.46719 52.94343 0.24751 0.13719 0.20738 0.40792 1661.612
1.560 0.63169 83.64041 0.46623 52.83503 0.24783 0.13680 0.20776 0.40762 1660.918
1.565 0.63116 83.53971 0.46528 52.72698 0.24814 0.13640 0.20813 0.40732 1660.224
1.570 0.63063 83.43905 0.46433 52.61928 0.24846 0.13601 0.20851 0.40703 1659.530
1.575 0.63010 83.33843 0.46338 52.51193 0.24877 0.13562 0.20888 0.40673 1658.836
1.580 0.62958 83.23784 0.46244 52.40492 0.24909 0.13523 0.20926 0.40643 1658.141
1.585 0.62906 83.13730 0.46149 52.29826 0.24940 0.13484 0.20963 0.40613 1657.446
1.590 0.62854 83.03679 0.46056 52.19193 0.24972 0.13445 0.21001 0.40583 1656.752
1.595 0.62802 82.93633 0.45962 52.08596 0.25003 0.13406 0.21038 0.40553 1656.057
1.600 0.62751 82.83591 0.45869 51.98032 0.25034 0.13367 0.21076 0.40523 1655.362
1.605 0.62700 82.73554 0.45776 51.87502 0.25066 0.13329 0.21113 0.40492 1654.666
1.610 0.62649 82.63521 0.45683 51.77005 0.25097 0.13290 0.21151 0.40462 1653.971
1.615 0.62598 82.53493 0.45591 51.66543 0.25128 0.13252 0.21188 0.40432 1653.276
1.620 0.62548 82.43470 0.45499 51.56114 0.25160 0.13213 0.21226 0.40401 1652.580
1.625 0.62498 82.33451 0.45407 51.45718 0.25191 0.13175 0.21264 0.40371 1651.885
1.630 0.62448 82.23437 0.45316 51.35356 0.25222 0.13136 0.21301 0.40340 1651.189
1.635 0.62398 82.13429 0.45225 51.25027 0.25254 0.13098 0.21339 0.40309 1650.494
1.640 0.62349 82.03425 0.45134 51.14731 0.25285 0.13060 0.21377 0.40278 1649.798
1.645 0.62300 81.93427 0.45043 51.04468 0.25316 0.13022 0.21414 0.40248 1649.102
1.650 0.62251 81.83434 0.44953 50.94237 0.25347 0.12984 0.21452 0.40217 1648.406
1.655 0.62202 81.73446 0.44863 50.84040 0.25378 0.12946 0.21490 0.40186 1647.710
1.660 0.62153 81.63464 0.44773 50.73875 0.25410 0.12908 0.21527 0.40155 1647.014
1.665 0.62105 81.53488 0.44684 50.63742 0.25441 0.12871 0.21565 0.40123 1646.318
1.670 0.62057 81.43517 0.44595 50.53641 0.25472 0.12833 0.21603 0.40092 1645.622
1.675 0.62009 81.33552 0.44506 50.43573 0.25503 0.12796 0.21641 0.40061 1644.926
1.680 0.61962 81.23592 0.44417 50.33537 0.25534 0.12758 0.21678 0.40030 1644.230
1.685 0.61915 81.13639 0.44329 50.23533 0.25565 0.12721 0.21716 0.39998 1643.534
1.690 0.61868 81.03692 0.44241 50.13560 0.25596 0.12683 0.21754 0.39967 1642.838
1.695 0.61821 80.93750 0.44153 50.03619 0.25627 0.12646 0.21792 0.39935 1642.142
1.700 0.61774 80.83815 0.44066 49.93710 0.25658 0.12609 0.21830 0.39903 1641.446
1.705 0.61728 80.73887 0.43979 49.83832 0.25689 0.12572 0.21868 0.39872 1640.750
1.710 0.61682 80.63964 0.43892 49.73986 0.25720 0.12535 0.21905 0.39840 1640.054
1.715 0.61636 80.54048 0.43805 49.64171 0.25751 0.12498 0.21943 0.39808 1639.358
1.720 0.61590 80.44139 0.43719 49.54386 0.25781 0.12461 0.21981 0.39776 1638.662
1.725 0.61545 80.34236 0.43633 49.44633 0.25812 0.12424 0.22019 0.39744 1637.966
1.730 0.61499 80.24339 0.43547 49.34911 0.25843 0.12388 0.22057 0.39712 1637.270
1.735 0.61454 80.14450 0.43462 49.25219 0.25874 0.12351 0.22095 0.39680 1636.574
1.740 0.61409 80.04567 0.43376 49.15559 0.25905 0.12315 0.22133 0.39648 1635.878
1.745 0.61365 79.94691 0.43291 49.05928 0.25935 0.12278 0.22171 0.39615 1635.182
1.750 0.61320 79.84822 0.43207 48.96328 0.25966 0.12242 0.22209 0.39583 1634.487
1.755 0.61276 79.74961 0.43122 48.86759 0.25997 0.12205 0.22247 0.39551 1633.791
1.760 0.61232 79.65106 0.43038 48.77219 0.26028 0.12169 0.22285 0.39518 1633.096
1.765 0.61189 79.55258 0.42954 48.67710 0.26058 0.12133 0.22323 0.39486 1632.400
1.770 0.61145 79.45418 0.42870 48.58230 0.26089 0.12097 0.22361 0.39453 1631.705
1.775 0.61102 79.35585 0.42787 48.48781 0.26119 0.12061 0.22399 0.39421 1631.009
1.780 0.61059 79.25760 0.42704 48.39361 0.26150 0.12025 0.22437 0.39388 1630.314
1.785 0.61016 79.15942 0.42621 48.29971 0.26180 0.11989 0.22475 0.39355 1629.619
1.790 0.60973 79.06131 0.42538 48.20610 0.26211 0.11954 0.22513 0.39322 1628.924
1.795 0.60931 78.96328 0.42456 48.11278 0.26241 0.11918 0.22551 0.39289 1628.229
1.800 0.60888 78.86533 0.42374 48.01976 0.26272 0.11882 0.22589 0.39256 1627.534
1.805 0.60846 78.76745 0.42292 47.92703 0.26302 0.11847 0.22627 0.39223 1626.839
1.810 0.60804 78.66966 0.42211 47.83460 0.26333 0.11812 0.22666 0.39190 1626.145
1.815 0.60763 78.57194 0.42129 47.74245 0.26363 0.11776 0.22704 0.39157 1625.450
1.820 0.60721 78.47430 0.42048 47.65059 0.26394 0.11741 0.22742 0.39124 1624.756
1.825 0.60680 78.37674 0.41967 47.55902 0.26424 0.11706 0.22780 0.39090 1624.062
1.830 0.60639 78.27927 0.41887 47.46773 0.26454 0.11671 0.22818 0.39057 1623.368
1.835 0.60598 78.18187 0.41807 47.37673 0.26484 0.11636 0.22856 0.39024 1622.674
1.840 0.60557 78.08455 0.41727 47.28601 0.26515 0.11601 0.22894 0.38990 1621.980
1.845 0.60517 77.98732 0.41647 47.19558 0.26545 0.11566 0.22933 0.38957 1621.287
1.850 0.60477 77.89017 0.41567 47.10543 0.26575 0.11531 0.22971 0.38923 1620.593
1.855 0.60437 77.79311 0.41488 47.01556 0.26605 0.11496 0.23009 0.38889 1619.900
1.860 0.60397 77.69613 0.41409 46.92597 0.26635 0.11462 0.23047 0.38856 1619.207
1.865 0.60357 77.59923 0.41330 46.83666 0.26666 0.11427 0.23085 0.38822 1618.514
1.870 0.60318 77.50242 0.41251 46.74763 0.26696 0.11393 0.23124 0.38788 1617.821
1.875 0.60278 77.40570 0.41173 46.65887 0.26726 0.11358 0.23162 0.38754 1617.128
1.880 0.60239 77.30906 0.41095 46.57039 0.26756 0.11324 0.23200 0.38720 1616.436
1.885 0.60200 77.21251 0.41017 46.48219 0.26786 0.11290 0.23239 0.38686 1615.744
1.890 0.60162 77.11605 0.40940 46.39425 0.26816 0.11255 0.23277 0.38652 1615.052
1.895 0.60123 77.01967 0.40862 46.30660 0.26846 0.11221 0.23315 0.38618 1614.360
1.900 0.60085 76.92339 0.40785 46.21921 0.26876 0.11187 0.23353 0.38584 1613.668
1.905 0.60047 76.82719 0.40708 46.13209 0.26906 0.11153 0.23392 0.38549 1612.977
1.910 0.60009 76.73108 0.40632 46.04525 0.26935 0.11120 0.23430 0.38515 1612.286
1.915 0.59971 76.63507 0.40555 45.95867 0.26965 0.11086 0.23468 0.38481 1611.595
1.920 0.59933 76.53914 0.40479 45.87236 0.26995 0.11052 0.23507 0.38446 1610.904
1.925 0.59896 76.44331 0.40403 45.78632 0.27025 0.11018 0.23545 0.38412 1610.213
1.930 0.59859 76.34757 0.40327 45.70055 0.27055 0.10985 0.23583 0.38377 1609.523
1.935 0.59821 76.25192 0.40252 45.61503 0.27084 0.10951 0.23622 0.38343 1608.833
1.940 0.59785 76.15636 0.40177 45.52979 0.27114 0.10918 0.23660 0.38308 1608.143
1.945 0.59748 76.06090 0.40102 45.44480 0.27144 0.10885 0.23699 0.38273 1607.453
1.950 0.59711 75.96553 0.40027 45.36008 0.27173 0.10851 0.23737 0.38238 1606.764
1.955 0.59675 75.87025 0.39953 45.27562 0.27203 0.10818 0.23775 0.38204 1606.075
1.960 0.59639 75.77507 0.39878 45.19142 0.27232 0.10785 0.23814 0.38169 1605.386
1.965 0.59603 75.67998 0.39804 45.10748 0.27262 0.10752 0.23852 0.38134 1604.697
1.970 0.59567 75.58500 0.39730 45.02379 0.27291 0.10719 0.23891 0.38099 1604.009
1.975 0.59531 75.49010 0.39657 44.94037 0.27321 0.10686 0.23929 0.38064 1603.321
1.980 0.59496 75.39530 0.39583 44.85719 0.27350 0.10654 0.23967 0.38029 1602.633
1.985 0.59461 75.30060 0.39510 44.77428 0.27380 0.10621 0.24006 0.37994 1601.945
1.990 0.59426 75.20600 0.39437 44.69162 0.27409 0.10588 0.24044 0.37958 1601.258
1.995 0.59391 75.11150 0.39364 44.60921 0.27439 0.10556 0.24083 0.37923 1600.571
2.000 0.59356 75.01709 0.39292 44.52706 0.27468 0.10523 0.24121 0.37888 1599.884
2.005 0.59321 74.92278 0.39220 44.44515 0.27497 0.10491 0.24160 0.37852 1599.197
2.010 0.59287 74.82858 0.39148 44.36350 0.27526 0.10458 0.24198 0.37817 1598.511
2.015 0.59253 74.73447 0.39076 44.28210 0.27556 0.10426 0.24237 0.37781 1597.825
2.020 0.59218 74.64046 0.39004 44.20094 0.27585 0.10394 0.24275 0.37746 1597.139
2.025 0.59185 74.54655 0.38933 44.12004 0.27614 0.10362 0.24314 0.37710 1596.454
2.030 0.59151 74.45274 0.38862 44.03938 0.27643 0.10330 0.24352 0.37675 1595.769
2.035 0.59117 74.35903 0.38791 43.95896 0.27672 0.10298 0.24391 0.37639 1595.084
2.040 0.59084 74.26543 0.38720 43.87880 0.27701 0.10266 0.24429 0.37603 1594.400
2.045 0.59050 74.17192 0.38649 43.79887 0.27730 0.10234 0.24468 0.37568 1593.715
2.050 0.59017 74.07852 0.38579 43.71919 0.27759 0.10203 0.24506 0.37532 1593.032
2.055 0.58984 73.98522 0.38509 43.63976 0.27788 0.10171 0.24545 0.37496 1592.348
2.060 0.58952 73.89203 0.38439 43.56056 0.27817 0.10139 0.24583 0.37460 1591.665
2.065 0.58919 73.79893 0.38369 43.48160 0.27846 0.10108 0.24622 0.37424 1590.982
2.070 0.58887 73.70594 0.38300 43.40289 0.27875 0.10076 0.24660 0.37388 1590.299
2.075 0.58854 73.61306 0.38231 43.32441 0.27904 0.10045 0.24699 0.37352 1589.617
2.080 0.58822 73.52028 0.38162 43.24617 0.27933 0.10014 0.24737 0.37316 1588.935
2.085 0.58790 73.42760 0.38093 43.16817 0.27962 0.09983 0.24776 0.37280 1588.253
2.090 0.58758 73.33503 0.38024 43.09041 0.27990 0.09952 0.24815 0.37243 1587.572
2.095 0.58727 73.24256 0.37956 43.01288 0.28019 0.09920 0.24853 0.37207 1586.891
2.100 0.58695 73.15020 0.37888 42.93558 0.28048 0.09890 0.24892 0.37171 1586.211
2.105 0.58664 73.05795 0.37820 42.85852 0.28077 0.09859 0.24930 0.37134 1585.530
2.110 0.58633 72.96580 0.37752 42.78169 0.28105 0.09828 0.24969 0.37098 1584.850
2.115 0.58601 72.87376 0.37684 42.70510 0.28134 0.09797 0.25008 0.37062 1584.171
2.120 0.58571 72.78182 0.37617 42.62873 0.28162 0.09766 0.25046 0.37025 1583.492
2.125 0.58540 72.69000 0.37550 42.55260 0.28191 0.09736 0.25085 0.36989 1582.813
2.130 0.58509 72.59827 0.37483 42.47669 0.28219 0.09705 0.25123 0.36952 1582.134
2.135 0.58479 72.50666 0.37416 42.40102 0.28248 0.09675 0.25162 0.36915 1581.456
2.140 0.58448 72.41516 0.37349 42.32557 0.28276 0.09644 0.25201 0.36879 1580.778
2.145 0.58418 72.32376 0.37283 42.25035 0.28305 0.09614 0.25239 0.36842 1580.101
2.150 0.58388 72.23247 0.37217 42.17535 0.28333 0.09584 0.25278 0.36805 1579.424
2.155 0.58359 72.14129 0.37151 42.10058 0.28361 0.09554 0.25316 0.36768 1578.747
2.160 0.58329 72.05022 0.37085 42.02604 0.28390 0.09524 0.25355 0.36732 1578.071
2.165 0.58299 71.95926 0.37019 41.95171 0.28418 0.09494 0.25394 0.36695 1577.395
2.170 0.58270 71.86841 0.36954 41.87762 0.28446 0.09464 0.25432 0.36658 1576.719
2.175 0.58241 71.77767 0.36889 41.80374 0.28474 0.09434 0.25471 0.36621 1576.044
2.180 0.58211 71.68704 0.36824 41.73009 0.28503 0.09404 0.25510 0.36584 1575.369
2.185 0.58183 71.59652 0.36759 41.65665 0.28531 0.09374 0.25548 0.36547 1574.695
2.190 0.58154 71.50610 0.36694 41.58344 0.28559 0.09345 0.25587 0.36510 1574.021
2.195 0.58125 71.41580 0.36630 41.51044 0.28587 0.09315 0.25626 0.36472 1573.347
2.200 0.58096 71.32562 0.36566 41.43766 0.28615 0.09286 0.25664 0.36435 1572.674
2.205 0.58068 71.23554 0.36502 41.36510 0.28643 0.09256 0.25703 0.36398 1572.001
2.210 0.58040 71.14557 0.36438 41.29276 0.28671 0.09227 0.25742 0.36361 1571.329
2.215 0.58012 71.05572 0.36374 41.22063 0.28699 0.09198 0.25780 0.36323 1570.657
2.220 0.57984 70.96598 0.36311 41.14872 0.28727 0.09169 0.25819 0.36286 1569.985
2.225 0.57956 70.87635 0.36248 41.07702 0.28754 0.09139 0.25858 0.36249 1569.314
2.230 0.57928 70.78683 0.36184 41.00554 0.28782 0.09110 0.25896 0.36211 1568.643
2.235 0.57901 70.69742 0.36122 40.93426 0.28810 0.09081 0.25935 0.36174 1567.972
2.240 0.57873 70.60813 0.36059 40.86320 0.28838 0.09053 0.25974 0.36136 1567.302
2.245 0.57846 70.51895 0.35996 40.79235 0.28865 0.09024 0.26012 0.36099 1566.633
2.250 0.57819 70.42988 0.35934 40.72172 0.28893 0.08995 0.26051 0.36061 1565.964
2.255 0.57792 70.34093 0.35872 40.65129 0.28921 0.08966 0.26090 0.36023 1565.295
2.260 0.57765 70.25209 0.35810 40.58107 0.28948 0.08938 0.26128 0.35986 1564.626
2.265 0.57738 70.16337 0.35748 40.51105 0.28976 0.08909 0.26167 0.35948 1563.959
2.270 0.57712 70.07475 0.35687 40.44125 0.29003 0.08881 0.26206 0.35910 1563.291
2.275 0.57685 69.98626 0.35625 40.37165 0.29031 0.08852 0.26244 0.35873 1562.624
2.280 0.57659 69.89787 0.35564 40.30226 0.29058 0.08824 0.26283 0.35835 1561.957
2.285 0.57633 69.80960 0.35503 40.23307 0.29086 0.08796 0.26322 0.35797 1561.291
2.290 0.57607 69.72145 0.35442 40.16409 0.29113 0.08768 0.26360 0.35759 1560.625
2.295 0.57581 69.63341 0.35381 40.09531 0.29141 0.08739 0.26399 0.35721 1559.960
2.300 0.57555 69.54549 0.35321 40.02674 0.29168 0.08711 0.26438 0.35683 1559.295
2.305 0.57529 69.45768 0.35260 39.95836 0.29195 0.08683 0.26476 0.35645 1558.630
2.310 0.57504 69.36998 0.35200 39.89019 0.29222 0.08656 0.26515 0.35607 1557.966
2.315 0.57478 69.28240 0.35140 39.82222 0.29250 0.08628 0.26554 0.35569 1557.303
2.320 0.57453 69.19494 0.35080 39.75445 0.29277 0.08600 0.26592 0.35531 1556.640
2.325 0.57428 69.10759 0.35021 39.68687 0.29304 0.08572 0.26631 0.35493 1555.977
2.330 0.57403 69.02036 0.34961 39.61950 0.29331 0.08545 0.26670 0.35455 1555.315
2.335 0.57378 68.93324 0.34902 39.55233 0.29358 0.08517 0.26708 0.35416 1554.653
2.340 0.57353 68.84624 0.34843 39.48535 0.29385 0.08490 0.26747 0.35378 1553.991
2.345 0.57328 68.75936 0.34784 39.41857 0.29412 0.08462 0.26786 0.35340 1553.331
2.350 0.57304 68.67259 0.34725 39.35198 0.29439 0.08435 0.26825 0.35302 1552.670
2.355 0.57279 68.58594 0.34667 39.28559 0.29466 0.08408 0.26863 0.35263 1552.010
2.360 0.57255 68.49941 0.34608 39.21939 0.29493 0.08380 0.26902 0.35225 1551.350
2.365 0.57231 68.41299 0.34550 39.15339 0.29520 0.08353 0.26941 0.35187 1550.691
2.370 0.57207 68.32669 0.34492 39.08758 0.29546 0.08326 0.26979 0.35148 1550.033
2.375 0.57183 68.24050 0.34434 39.02196 0.29573 0.08299 0.27018 0.35110 1549.375
2.380 0.57159 68.15444 0.34376 38.95654 0.29600 0.08272 0.27057 0.35071 1548.717
2.385 0.57136 68.06849 0.34319 38.89130 0.29626 0.08246 0.27095 0.35033 1548.060
2.390 0.57112 67.98266 0.34261 38.82626 0.29653 0.08219 0.27134 0.34994 1547.403
2.395 0.57089 67.89694 0.34204 38.76140 0.29680 0.08192 0.27173 0.34955 1546.747
2.400 0.57065 67.81134 0.34147 38.69673 0.29706 0.08166 0.27211 0.34917 1546.091
2.405 0.57042 67.72586 0.34090 38.63226 0.29733 0.08139 0.27250 0.34878 1545.435
2.410 0.57019 67.64050 0.34033 38.56797 0.29759 0.08112 0.27289 0.34840 1544.781
2.415 0.56996 67.55526 0.33977 38.50386 0.29786 0.08086 0.27327 0.34801 1544.126
2.420 0.56973 67.47013 0.33921 38.43995 0.29812 0.08060 0.27366 0.34762 1543.472
2.425 0.56951 67.38512 0.33864 38.37621 0.29839 0.08033 0.27405 0.34723 1542.819
2.430 0.56928 67.30023 0.33808 38.31267 0.29865 0.08007 0.27443 0.34685 1542.166
2.435 0.56906 67.21546 0.33752 38.24930 0.29891 0.07981 0.27482 0.34646 1541.513
2.440 0.56883 67.13080 0.33697 38.18613 0.29917 0.07955 0.27521 0.34607 1540.861
2.445 0.56861 67.04627 0.33641 38.12313 0.29944 0.07929 0.27559 0.34568 1540.210
2.450 0.56839 66.96185 0.33586 38.06032 0.29970 0.07903 0.27598 0.34529 1539.559
2.455 0.56817 66.87755 0.33530 37.99768 0.29996 0.07877 0.27637 0.34490 1538.908
2.460 0.56795 66.79337 0.33475 37.93523 0.30022 0.07851 0.27675 0.34451 1538.258
2.465 0.56773 66.70931 0.33420 37.87296 0.30048 0.07826 0.27714 0.34412 1537.609
2.470 0.56751 66.62536 0.33365 37.81087 0.30074 0.07800 0.27753 0.34373 1536.960
2.475 0.56730 66.54154 0.33311 37.74896 0.30100 0.07774 0.27791 0.34334 1536.311
2.480 0.56708 66.45783 0.33256 37.68723 0.30126 0.07749 0.27830 0.34295 1535.663
2.485 0.56687 66.37424 0.33202 37.62567 0.30152 0.07723 0.27868 0.34256 1535.015
2.490 0.56666 66.29077 0.33148 37.56429 0.30178 0.07698 0.27907 0.34217 1534.368
2.495 0.56645 66.20742 0.33094 37.50309 0.30204 0.07673 0.27946 0.34178 1533.722
2.500 0.56624 66.12419 0.33040 37.44207 0.30230 0.07648 0.27984 0.34139 1533.076
2.505 0.56603 66.04108 0.32986 37.38122 0.30255 0.07622 0.28023 0.34099 1532.430
2.510 0.56582 65.95809 0.32933 37.32054 0.30281 0.07597 0.28062 0.34060 1531.785
2.515 0.56562 65.87521 0.32879 37.26004 0.30307 0.07572 0.28100 0.34021 1531.140
2.520 0.56541 65.79246 0.32826 37.19971 0.30332 0.07547 0.28139 0.33982 1530.496
2.525 0.56521 65.70982 0.32773 37.13955 0.30358 0.07522 0.28177 0.33942 1529.853
2.530 0.56500 65.62731 0.32720 37.07957 0.30383 0.07497 0.28216 0.33903 1529.210
2.535 0.56480 65.54491 0.32667 37.01976 0.30409 0.07473 0.28255 0.33864 1528.567
2.540 0.56460 65.46263 0.32615 36.96012 0.30434 0.07448 0.28293 0.33824 1527.925
2.545 0.56440 65.38047 0.32562 36.90065 0.30460 0.07423 0.28332 0.33785 1527.283
2.550 0.56420 65.29843 0.32510 36.84135 0.30485 0.07399 0.28370 0.33746 1526.642
2.555 0.56400 65.21651 0.32458 36.78222 0.30511 0.07374 0.28409 0.33706 1526.002
2.560 0.56380 65.13471 0.32406 36.72326 0.30536 0.07350 0.28447 0.33667 1525.362
2.565 0.56361 65.05303 0.32354 36.66446 0.30561 0.07325 0.28486 0.33627 1524.723
2.570 0.56341 64.97146 0.32302 36.60584 0.30586 0.07301 0.28525 0.33588 1524.084
2.575 0.56322 64.89002 0.32250 36.54738 0.30612 0.07277 0.28563 0.33548 1523.445
2.580 0.56303 64.80870 0.32199 36.48908 0.30637 0.07253 0.28602 0.33509 1522.807
2.585 0.56284 64.72749 0.32148 36.43095 0.30662 0.07229 0.28640 0.33469 1522.170
2.590 0.56265 64.64641 0.32097 36.37299 0.30687 0.07204 0.28679 0.33430 1521.533
2.595 0.56246 64.56544 0.32046 36.31519 0.30712 0.07180 0.28717 0.33390 1520.897
2.600 0.56227 64.48459 0.31995 36.25756 0.30737 0.07157 0.28756 0.33351 1520.261
2.605 0.56208 64.40387 0.31944 36.20009 0.30762 0.07133 0.28794 0.33311 1519.625
2.610 0.56189 64.32326 0.31893 36.14278 0.30787 0.07109 0.28833 0.33271 1518.991
2.615 0.56171 64.24277 0.31843 36.08563 0.30812 0.07085 0.28871 0.33232 1518.356
2.620 0.56152 64.16240 0.31793 36.02865 0.30837 0.07062 0.28910 0.33192 1517.723
2.625 0.56134 64.08215 0.31743 35.97183 0.30861 0.07038 0.28948 0.33152 1517.089
2.630 0.56116 64.00202 0.31693 35.91516 0.30886 0.07014 0.28987 0.33113 1516.457
2.635 0.56098 63.92201 0.31643 35.85866 0.30911 0.06991 0.29025 0.33073 1515.825
2.640 0.56079 63.84212 0.31593 35.80232 0.30935 0.06968 0.29064 0.33033 1515.193
2.645 0.56062 63.76235 0.31543 35.74614 0.30960 0.06944 0.29102 0.32993 1514.562
2.650 0.56044 63.68270 0.31494 35.69011 0.30985 0.06921 0.29141 0.32954 1513.931
2.655 0.56026 63.60316 0.31445 35.63424 0.31009 0.06898 0.29179 0.32914 1513.301
2.660 0.56008 63.52375 0.31396 35.57853 0.31034 0.06875 0.29218 0.32874 1512.672
2.665 0.55991 63.44446 0.31346 35.52298 0.31058 0.06852 0.29256 0.32834 1512.043
2.670 0.55973 63.36528 0.31298 35.46758 0.31083 0.06829 0.29295 0.32794 1511.414
2.675 0.55956 63.28622 0.31249 35.41234 0.31107 0.06806 0.29333 0.32754 1510.787
2.680 0.55939 63.20729 0.31200 35.35725 0.31131 0.06783 0.29371 0.32715 1510.159
2.685 0.55921 63.12847 0.31152 35.30232 0.31156 0.06760 0.29410 0.32675 1509.532
2.690 0.55904 63.04977 0.31103 35.24754 0.31180 0.06737 0.29448 0.32635 1508.906
2.695 0.55887 62.97119 0.31055 35.19291 0.31204 0.06714 0.29487 0.32595 1508.280
2.700 0.55870 62.89273 0.31007 35.13844 0.31228 0.06692 0.29525 0.32555 1507.655
2.705 0.55854 62.81439 0.30959 35.08412 0.31252 0.06669 0.29564 0.32515 1507.031
2.710 0.55837 62.73617 0.30911 35.02995 0.31276 0.06647 0.29602 0.32475 1506.407
2.715 0.55820 62.65807 0.30864 34.97593 0.31300 0.06624 0.29640 0.32435 1505.783
2.720 0.55804 62.58008 0.30816 34.92206 0.31324 0.06602 0.29679 0.32395 1505.160
2.725 0.55787 62.50222 0.30769 34.86835 0.31348 0.06580 0.29717 0.32355 1504.537
2.730 0.55771 62.42447 0.30722 34.81478 0.31372 0.06557 0.29755 0.32315 1503.916
2.735 0.55755 62.34684 0.30674 34.76136 0.31396 0.06535 0.29794 0.32275 1503.294
2.740 0.55739 62.26934 0.30627 34.70810 0.31420 0.06513 0.29832 0.32235 1502.673
2.745 0.55723 62.19195 0.30581 34.65498 0.31444 0.06491 0.29870 0.32195 1502.053
2.750 0.55707 62.11468 0.30534 34.60200 0.31467 0.06469 0.29909 0.32155 1501.433
2.755 0.55691 62.03752 0.30487 34.54918 0.31491 0.06447 0.29947 0.32115 1500.814
2.760 0.55675 61.96049 0.30441 34.49650 0.31515 0.06425 0.29985 0.32075 1500.195
2.765 0.55659 61.88358 0.30394 34.44396 0.31538 0.06403 0.30024 0.32035 1499.577
2.770 0.55644 61.80678 0.30348 34.39158 0.31562 0.06382 0.30062 0.31994 1498.960
2.775 0.55628 61.73010 0.30302 34.33934 0.31586 0.06360 0.30100 0.31954 1498.343
2.780 0.55613 61.65354 0.30256 34.28724 0.31609 0.06338 0.30139 0.31914 1497.726
2.785 0.55597 61.57710 0.30210 34.23528 0.31632 0.06317 0.30177 0.31874 1497.110
2.790 0.55582 61.50078 0.30164 34.18347 0.31656 0.06295 0.30215 0.31834 1496.495
2.795 0.55567 61.42457 0.30119 34.13181 0.31679 0.06274 0.30253 0.31794 1495.880
2.800 0.55552 61.34849 0.30073 34.08028 0.31703 0.06252 0.30292 0.31754 1495.266
2.805 0.55537 61.27252 0.30028 34.02890 0.31726 0.06231 0.30330 0.31713 1494.652
2.810 0.55522 61.19667 0.29983 33.97766 0.31749 0.06210 0.30368 0.31673 1494.039
2.815 0.55507 61.12094 0.29938 33.92656 0.31772 0.06189 0.30406 0.31633 1493.427
2.820 0.55493 61.04532 0.29893 33.87560 0.31795 0.06167 0.30444 0.31593 1492.815
2.825 0.55478 60.96983 0.29848 33.82479 0.31818 0.06146 0.30483 0.31553 1492.203
2.830 0.55463 60.89445 0.29803 33.77411 0.31841 0.06125 0.30521 0.31512 1491.592
2.835 0.55449 60.81919 0.29759 33.72357 0.31865 0.06104 0.30559 0.31472 1490.982
2.840 0.55435 60.74404 0.29714 33.67317 0.31887 0.06083 0.30597 0.31432 1490.372
2.845 0.55420 60.66902 0.29670 33.62290 0.31910 0.06063 0.30635 0.31392 1489.763
2.850 0.55406 60.59411 0.29626 33.57278 0.31933 0.06042 0.30673 0.31351 1489.154
2.855 0.55392 60.51932 0.29581 33.52279 0.31956 0.06021 0.30712 0.31311 1488.546
2.860 0.55378 60.44465 0.29537 33.47294 0.31979 0.06000 0.30750 0.31271 1487.939
2.865 0.55364 60.37009 0.29494 33.42323 0.32002 0.05980 0.30788 0.31231 1487.332
2.870 0.55350 60.29565 0.29450 33.37365 0.32024 0.05959 0.30826 0.31190 1486.725
2.875 0.55336 60.22133 0.29406 33.32421 0.32047 0.05939 0.30864 0.31150 1486.119
2.880 0.55323 60.14713 0.29363 33.27490 0.32070 0.05918 0.30902 0.31110 1485.514
2.885 0.55309 60.07304 0.29319 33.22573 0.32092 0.05898 0.30940 0.31069 1484.909
2.890 0.55295 59.99907 0.29276 33.17669 0.32115 0.05878 0.30978 0.31029 1484.305
2.895 0.55282 59.92522 0.29233 33.12778 0.32137 0.05858 0.31016 0.30989 1483.701
2.900 0.55268 59.85148 0.29190 33.07901 0.32160 0.05837 0.31054 0.30949 1483.098
2.905 0.55255 59.77786 0.29147 33.03037 0.32182 0.05817 0.31092 0.30908 1482.496
2.910 0.55242 59.70436 0.29104 32.98186 0.32205 0.05797 0.31130 0.30868 1481.894
2.915 0.55229 59.63097 0.29061 32.93349 0.32227 0.05777 0.31168 0.30828 1481.293
2.920 0.55216 59.55770 0.29019 32.88524 0.32249 0.05757 0.31206 0.30787 1480.692
2.925 0.55203 59.48455 0.28976 32.83713 0.32271 0.05737 0.31244 0.30747 1480.091
2.930 0.55190 59.41151 0.28934 32.78915 0.32294 0.05717 0.31282 0.30707 1479.492
2.935 0.55177 59.33859 0.28892 32.74130 0.32316 0.05698 0.31320 0.30666 1478.893
2.940 0.55164 59.26578 0.28850 32.69357 0.32338 0.05678 0.31358 0.30626 1478.294
2.945 0.55152 59.19309 0.28808 32.64598 0.32360 0.05658 0.31396 0.30586 1477.696
2.950 0.55139 59.12052 0.28766 32.59851 0.32382 0.05639 0.31434 0.30545 1477.099
2.955 0.55127 59.04806 0.28724 32.55117 0.32404 0.05619 0.31472 0.30505 1476.502
2.960 0.55114 58.97572 0.28682 32.50397 0.32426 0.05600 0.31510 0.30465 1475.906
2.965 0.55102 58.90349 0.28641 32.45688 0.32448 0.05580 0.31548 0.30424 1475.310
2.970 0.55090 58.83138 0.28599 32.40993 0.32469 0.05561 0.31586 0.30384 1474.715
2.975 0.55077 58.75938 0.28558 32.36310 0.32491 0.05542 0.31624 0.30343 1474.120
2.980 0.55065 58.68750 0.28517 32.31640 0.32513 0.05522 0.31662 0.30303 1473.526
2.985 0.55053 58.61574 0.28476 32.26982 0.32535 0.05503 0.31699 0.30263 1472.933
2.990 0.55041 58.54409 0.28435 32.22337 0.32556 0.05484 0.31737 0.30222 1472.340
2.995 0.55029 58.47255 0.28394 32.17704 0.32578 0.05465 0.31775 0.30182 1471.747
3.000 0.55017 58.40113 0.28353 32.13084 0.32600 0.05446 0.31813 0.30142 1471.156
3.005 0.55006 58.32982 0.28313 32.08476 0.32621 0.05427 0.31851 0.30101 1470.564
3.010 0.54994 58.25863 0.28272 32.03880 0.32643 0.05408 0.31888 0.30061 1469.974
3.015 0.54982 58.18756 0.28232 31.99297 0.32664 0.05389 0.31926 0.30021 1469.384
3.020 0.54971 58.11659 0.28191 31.94726 0.32685 0.05370 0.31964 0.29980 1468.794
3.025 0.54960 58.04575 0.28151 31.90167 0.32707 0.05352 0.32002 0.29940 1468.205
3.030 0.54948 57.97501 0.28111 31.85621 0.32728 0.05333 0.32040 0.29900 1467.617
3.035 0.54937 57.90439 0.28071 31.81087 0.32749 0.05314 0.32077 0.29859 1467.029
3.040 0.54926 57.83389 0.28031 31.76564 0.32771 0.05296 0.32115 0.29819 1466.442
3.045 0.54915 57.76350 0.27991 31.72054 0.32792 0.05277 0.32153 0.29778 1465.855
3.050 0.54903 57.69322 0.27951 31.67556 0.32813 0.05259 0.32190 0.29738 1465.269
3.055 0.54892 57.62305 0.27912 31.63070 0.32834 0.05240 0.32228 0.29698 1464.684
3.060 0.54882 57.55300 0.27872 31.58595 0.32855 0.05222 0.32266 0.29657 1464.099
3.065 0.54871 57.48307 0.27833 31.54133 0.32876 0.05204 0.32303 0.29617 1463.514
3.070 0.54860 57.41324 0.27794 31.49682 0.32897 0.05185 0.32341 0.29577 1462.931
3.075 0.54849 57.34353 0.27755 31.45244 0.32918 0.05167 0.32379 0.29536 1462.347
3.080 0.54839 57.27394 0.27715 31.40817 0.32939 0.05149 0.32416 0.29496 1461.765
3.085 0.54828 57.20445 0.27677 31.36402 0.32959 0.05131 0.32454 0.29456 1461.183
3.090 0.54817 57.13508 0.27638 31.31998 0.32980 0.05113 0.32491 0.29415 1460.601
3.095 0.54807 57.06582 0.27599 31.27606 0.33001 0.05095 0.32529 0.29375 1460.020
3.100 0.54797 56.99668 0.27560 31.23226 0.33022 0.05077 0.32567 0.29335 1459.440
3.105 0.54786 56.92764 0.27522 31.18858 0.33042 0.05059 0.32604 0.29294 1458.860
3.110 0.54776 56.85872 0.27483 31.14500 0.33063 0.05041 0.32642 0.29254 1458.281
3.115 0.54766 56.78991 0.27445 31.10155 0.33083 0.05024 0.32679 0.29214 1457.702
3.120 0.54756 56.72122 0.27407 31.05821 0.33104 0.05006 0.32717 0.29174 1457.124
3.125 0.54746 56.65263 0.27369 31.01498 0.33124 0.04988 0.32754 0.29133 1456.547
3.130 0.54736 56.58416 0.27330 30.97187 0.33145 0.04971 0.32792 0.29093 1455.970
3.135 0.54726 56.51580 0.27293 30.92887 0.33165 0.04953 0.32829 0.29053 1455.393
3.140 0.54716 56.44755 0.27255 30.88598 0.33185 0.04936 0.32867 0.29012 1454.818
3.145 0.54707 56.37942 0.27217 30.84321 0.33206 0.04918 0.32904 0.28972 1454.242
3.150 0.54697 56.31139 0.27179 30.80055 0.33226 0.04901 0.32941 0.28932 1453.668
3.155 0.54687 56.24348 0.27142 30.75800 0.33246 0.04883 0.32979 0.28892 1453.094
3.160 0.54678 56.17567 0.27104 30.71556 0.33266 0.04866 0.33016 0.28851 1452.520
3.165 0.54668 56.10798 0.27067 30.67324 0.33286 0.04849 0.33054 0.28811 1451.947
3.170 0.54659 56.04040 0.27030 30.63102 0.33306 0.04832 0.33091 0.28771 1451.375
3.175 0.54649 55.97293 0.26993 30.58892 0.33326 0.04815 0.33128 0.28731 1450.803
3.180 0.54640 55.90557 0.26955 30.54692 0.33346 0.04798 0.33166 0.28690 1450.232
3.185 0.54631 55.83832 0.26919 30.50504 0.33366 0.04781 0.33203 0.28650 1449.661
3.190 0.54622 55.77118 0.26882 30.46326 0.33386 0.04764 0.33240 0.28610 1449.091
3.195 0.54613 55.70415 0.26845 30.42160 0.33406 0.04747 0.33278 0.28570 1448.522
3.200 0.54604 55.63723 0.26808 30.38004 0.33426 0.04730 0.33315 0.28530 1447.953
3.205 0.54595 55.57043 0.26772 30.33859 0.33446 0.04713 0.33352 0.28489 1447.384
3.210 0.54586 55.50373 0.26735 30.29725 0.33465 0.04696 0.33389 0.28449 1446.817
3.215 0.54577 55.43714 0.26699 30.25601 0.33485 0.04680 0.33427 0.28409 1446.249
3.220 0.54568 55.37066 0.26662 30.21489 0.33505 0.04663 0.33464 0.28369 1445.683
3.225 0.54560 55.30429 0.26626 30.17387 0.33524 0.04646 0.33501 0.28329 1445.117
3.230 0.54551 55.23803 0.26590 30.13295 0.33544 0.04630 0.33538 0.28289 1444.551
3.235 0.54543 55.17188 0.26554 30.09215 0.33563 0.04613 0.33575 0.28248 1443.986
3.240 0.54534 55.10584 0.26518 30.05145 0.33582 0.04597 0.33612 0.28208 1443.422
3.245 0.54526 55.03991 0.26482 30.01085 0.33602 0.04580 0.33650 0.28168 1442.858
3.250 0.54517 54.97409 0.26447 29.97036 0.33621 0.04564 0.33687 0.28128 1442.295
3.255 0.54509 54.90837 0.26411 29.92997 0.33640 0.04548 0.33724 0.28088 1441.732
3.260 0.54501 54.84276 0.26376 29.88969 0.33660 0.04532 0.33761 0.28048 1441.170
3.265 0.54493 54.77727 0.26340 29.84951 0.33679 0.04515 0.33798 0.28008 1440.608
3.270 0.54484 54.71188 0.26305 29.80944 0.33698 0.04499 0.33835 0.27968 1440.048
3.275 0.54476 54.64660 0.26269 29.76947 0.33717 0.04483 0.33872 0.27928 1439.487
3.280 0.54468 54.58142 0.26234 29.72960 0.33736 0.04467 0.33909 0.27888 1438.927
3.285 0.54460 54.51636 0.26199 29.68984 0.33755 0.04451 0.33946 0.27848 1438.368
3.290 0.54453 54.45140 0.26164 29.65018 0.33774 0.04435 0.33983 0.27808 1437.809
3.295 0.54445 54.38655 0.26129 29.61062 0.33793 0.04419 0.34020 0.27768 1437.251
3.300 0.54437 54.32181 0.26094 29.57116 0.33812 0.04403 0.34057 0.27728 1436.694
3.305 0.54429 54.25717 0.26060 29.53180 0.33831 0.04388 0.34094 0.27688 1436.137
3.310 0.54422 54.19265 0.26025 29.49254 0.33850 0.04372 0.34131 0.27648 1435.580
3.315 0.54414 54.12822 0.25991 29.45339 0.33868 0.04356 0.34168 0.27608 1435.025
3.320 0.54407 54.06391 0.25956 29.41433 0.33887 0.04341 0.34205 0.27568 1434.469
3.325 0.54399 53.99970 0.25922 29.37538 0.33906 0.04325 0.34242 0.27528 1433.915
3.330 0.54392 53.93560 0.25887 29.33652 0.33924 0.04309 0.34279 0.27488 1433.361
3.335 0.54384 53.87161 0.25853 29.29777 0.33943 0.04294 0.34315 0.27448 1432.807
3.340 0.54377 53.80772 0.25819 29.25911 0.33961 0.04278 0.34352 0.27408 1432.254
3.345 0.54370 53.74394 0.25785 29.22055 0.33980 0.04263 0.34389 0.27368 1431.702
3.350 0.54363 53.68027 0.25751 29.18209 0.33998 0.04248 0.34426 0.27328 1431.150
3.355 0.54356 53.61670 0.25717 29.14373 0.34017 0.04232 0.34463 0.27288 1430.599
3.360 0.54349 53.55323 0.25684 29.10547 0.34035 0.04217 0.34499 0.27249 1430.048
3.365 0.54342 53.48988 0.25650 29.06730 0.34053 0.04202 0.34536 0.27209 1429.498
3.370 0.54335 53.42662 0.25616 29.02923 0.34072 0.04187 0.34573 0.27169 1428.948
3.375 0.54328 53.36348 0.25583 28.99126 0.34090 0.04172 0.34610 0.27129 1428.399
3.380 0.54321 53.30044 0.25549 28.95338 0.34108 0.04157 0.34646 0.27089 1427.851
3.385 0.54314 53.23750 0.25516 28.91560 0.34126 0.04142 0.34683 0.27049 1427.303
3.390 0.54308 53.17467 0.25483 28.87792 0.34144 0.04127 0.34720 0.27010 1426.756
3.395 0.54301 53.11194 0.25450 28.84033 0.34162 0.04112 0.34756 0.26970 1426.209
3.400 0.54294 53.04932 0.25416 28.80283 0.34180 0.04097 0.34793 0.26930 1425.663
3.405 0.54288 52.98680 0.25383 28.76543 0.34198 0.04082 0.34830 0.26891 1425.117
3.410 0.54281 52.92439 0.25351 28.72813 0.34216 0.04067 0.34866 0.26851 1424.572
3.415 0.54275 52.86208 0.25318 28.69092 0.34234 0.04052 0.34903 0.26811 1424.028
3.420 0.54269 52.79988 0.25285 28.65380 0.34251 0.04038 0.34939 0.26772 1423.484
3.425 0.54262 52.73778 0.25252 28.61678 0.34269 0.04023 0.34976 0.26732 1422.940
3.430 0.54256 52.67578 0.25220 28.57985 0.34287 0.04009 0.35012 0.26692 1422.398
3.435 0.54250 52.61389 0.25187 28.54302 0.34305 0.03994 0.35049 0.26653 1421.855
3.440 0.54244 52.55210 0.25155 28.50627 0.34322 0.03979 0.35085 0.26613 1421.314
3.445 0.54238 52.49041 0.25122 28.46962 0.34340 0.03965 0.35122 0.26573 1420.773
3.450 0.54232 52.42883 0.25090 28.43306 0.34357 0.03951 0.35158 0.26534 1420.232
3.455 0.54226 52.36734 0.25058 28.39660 0.34375 0.03936 0.35195 0.26494 1419.692
3.460 0.54220 52.30597 0.25026 28.36022 0.34392 0.03922 0.35231 0.26455 1419.153
3.465 0.54214 52.24469 0.24994 28.32394 0.34409 0.03908 0.35268 0.26415 1418.614
3.470 0.54208 52.18352 0.24962 28.28774 0.34427 0.03893 0.35304 0.26376 1418.076
3.475 0.54202 52.12245 0.24930 28.25164 0.34444 0.03879 0.35340 0.26336 1417.538
3.480 0.54197 52.06148 0.24898 28.21563 0.34461 0.03865 0.35377 0.26297 1417.001
3.485 0.54191 52.00062 0.24867 28.17971 0.34479 0.03851 0.35413 0.26257 1416.464
3.490 0.54186 51.93986 0.24835 28.14387 0.34496 0.03837 0.35449 0.26218 1415.928
3.495 0.54180 51.87919 0.24803 28.10813 0.34513 0.03823 0.35486 0.26179 1415.393
3.500 0.54174 51.81863 0.24772 28.07248 0.34530 0.03809 0.35522 0.26139 1414.858
3.505 0.54169 51.75818 0.24741 28.03691 0.34547 0.03795 0.35558 0.26100 1414.323
3.510 0.54164 51.69782 0.24709 28.00144 0.34564 0.03781 0.35594 0.26060 1413.790
3.515 0.54158 51.63756 0.24678 27.96605 0.34581 0.03767 0.35631 0.26021 1413.256
3.520 0.54153 51.57741 0.24647 27.93075 0.34598 0.03754 0.35667 0.25982 1412.724
3.525 0.54148 51.51736 0.24616 27.89553 0.34615 0.03740 0.35703 0.25943 1412.192
3.530 0.54143 51.45740 0.24585 27.86041 0.34631 0.03726 0.35739 0.25903 1411.660
3.535 0.54138 51.39755 0.24554 27.82537 0.34648 0.03713 0.35775 0.25864 1411.129
3.540 0.54132 51.33780 0.24523 27.79042 0.34665 0.03699 0.35811 0.25825 1410.599
3.545 0.54127 51.27815 0.24492 27.75556 0.34681 0.03686 0.35848 0.25786 1410.069
3.550 0.54122 51.21860 0.24462 27.72078 0.34698 0.03672 0.35884 0.25746 1409.540
3.555 0.54118 51.15915 0.24431 27.68609 0.34715 0.03659 0.35920 0.25707 1409.011
3.560 0.54113 51.09980 0.24400 27.65148 0.34731 0.03645 0.35956 0.25668 1408.483
3.565 0.54108 51.04055 0.24370 27.61696 0.34748 0.03632 0.35992 0.25629 1407.955
3.570 0.54103 50.98140 0.24340 27.58252 0.34764 0.03618 0.36028 0.25590 1407.428
3.575 0.54098 50.92234 0.24309 27.54817 0.34780 0.03605 0.36064 0.25551 1406.901
3.580 0.54094 50.86339 0.24279 27.51391 0.34797 0.03592 0.36100 0.25512 1406.375
3.585 0.54089 50.80454 0.24249 27.47973 0.34813 0.03579 0.36136 0.25473 1405.850
3.590 0.54085 50.74578 0.24219 27.44563 0.34829 0.03566 0.36172 0.25434 1405.325
3.595 0.54080 50.68713 0.24189 27.41161 0.34845 0.03552 0.36208 0.25395 1404.801
3.600 0.54076 50.62857 0.24159 27.37768 0.34862 0.03539 0.36243 0.25356 1404.277
3.605 0.54071 50.57011 0.24129 27.34384 0.34878 0.03526 0.36279 0.25317 1403.754
3.610 0.54067 50.51175 0.24099 27.31007 0.34894 0.03513 0.36315 0.25278 1403.231
3.615 0.54062 50.45349 0.24069 27.27639 0.34910 0.03500 0.36351 0.25239 1402.709
3.620 0.54058 50.39533 0.24040 27.24279 0.34926 0.03488 0.36387 0.25200 1402.188
3.625 0.54054 50.33726 0.24010 27.20928 0.34942 0.03475 0.36423 0.25161 1401.667
3.630 0.54050 50.27929 0.23981 27.17584 0.34958 0.03462 0.36459 0.25122 1401.146
3.635 0.54046 50.22142 0.23951 27.14249 0.34973 0.03449 0.36494 0.25083 1400.626
3.640 0.54042 50.16365 0.23922 27.10922 0.34989 0.03436 0.36530 0.25044 1400.107
3.645 0.54038 50.10597 0.23893 27.07603 0.35005 0.03424 0.36566 0.25006 1399.588
3.650 0.54034 50.04839 0.23863 27.04292 0.35021 0.03411 0.36601 0.24967 1399.070
3.655 0.54030 49.99091 0.23834 27.00989 0.35036 0.03398 0.36637 0.24928 1398.552
3.660 0.54026 49.93353 0.23805 26.97695 0.35052 0.03386 0.36673 0.24889 1398.035
3.665 0.54022 49.87624 0.23776 26.94408 0.35068 0.03373 0.36708 0.24851 1397.519
3.670 0.54018 49.81905 0.23747 26.91129 0.35083 0.03361 0.36744 0.24812 1397.003
3.675 0.54014 49.76195 0.23718 26.87858 0.35099 0.03348 0.36780 0.24773 1396.487
3.680 0.54011 49.70496 0.23690 26.84595 0.35114 0.03336 0.36815 0.24735 1395.972
3.685 0.54007 49.64805 0.23661 26.81340 0.35129 0.03324 0.36851 0.24696 1395.458
3.690 0.54003 49.59125 0.23632 26.78093 0.35145 0.03311 0.36886 0.24658 1394.944
3.695 0.54000 49.53454 0.23604 26.74854 0.35160 0.03299 0.36922 0.24619 1394.431
3.700 0.53996 49.47792 0.23575 26.71623 0.35175 0.03287 0.36957 0.24581 1393.918
3.705 0.53993 49.42140 0.23547 26.68399 0.35190 0.03275 0.36993 0.24542 1393.406
3.710 0.53989 49.36498 0.23518 26.65183 0.35206 0.03262 0.37028 0.24504 1392.894
3.715 0.53986 49.30865 0.23490 26.61975 0.35221 0.03250 0.37064 0.24465 1392.383
3.720 0.53983 49.25241 0.23462 26.58775 0.35236 0.03238 0.37099 0.24427 1391.873
3.725 0.53979 49.19627 0.23434 26.55582 0.35251 0.03226 0.37135 0.24388 1391.363
3.730 0.53976 49.14023 0.23406 26.52397 0.35266 0.03214 0.37170 0.24350 1390.853
3.735 0.53973 49.08428 0.23377 26.49220 0.35281 0.03202 0.37205 0.24311 1390.344
3.740 0.53970 49.02842 0.23350 26.46051 0.35296 0.03190 0.37241 0.24273 1389.836
3.745 0.53967 48.97266 0.23322 26.42889 0.35311 0.03178 0.37276 0.24235 1389.328
3.750 0.53964 48.91699 0.23294 26.39734 0.35325 0.03167 0.37311 0.24197 1388.821
3.755 0.53961 48.86142 0.23266 26.36587 0.35340 0.03155 0.37347 0.24158 1388.314
3.760 0.53958 48.80594 0.23238 26.33448 0.35355 0.03143 0.37382 0.24120 1387.808
3.765 0.53955 48.75055 0.23211 26.30316 0.35370 0.03131 0.37417 0.24082 1387.302
3.770 0.53952 48.69526 0.23183 26.27192 0.35384 0.03120 0.37452 0.24044 1386.797
3.775 0.53949 48.64006 0.23156 26.24075 0.35399 0.03108 0.37488 0.24006 1386.293
3.780 0.53946 48.58496 0.23128 26.20966 0.35413 0.03096 0.37523 0.23967 1385.789
3.785 0.53943 48.52994 0.23101 26.17864 0.35428 0.03085 0.37558 0.23929 1385.285
3.790 0.53941 48.47502 0.23073 26.14770 0.35442 0.03073 0.37593 0.23891 1384.782
3.795 0.53938 48.42019 0.23046 26.11682 0.35457 0.03062 0.37628 0.23853 1384.280
3.800 0.53935 48.36546 0.23019 26.08603 0.35471 0.03050 0.37663 0.23815 1383.778
3.805 0.53933 48.31082 0.22992 26.05530 0.35485 0.03039 0.37698 0.23777 1383.277
3.810 0.53930 48.25627 0.22965 26.02465 0.35500 0.03028 0.37734 0.23739 1382.776
3.815 0.53928 48.20181 0.22938 25.99407 0.35514 0.03016 0.37769 0.23701 1382.276
3.820 0.53925 48.14744 0.22911 25.96357 0.35528 0.03005 0.37804 0.23663 1381.776
3.825 0.53923 48.09317 0.22884 25.93313 0.35542 0.02994 0.37839 0.23626 1381.277
3.830 0.53920 48.03898 0.22857 25.90277 0.35556 0.02983 0.37874 0.23588 1380.778
3.835 0.53918 47.98489 0.22831 25.87248 0.35570 0.02971 0.37909 0.23550 1380.280
3.840 0.53916 47.93089 0.22804 25.84226 0.35584 0.02960 0.37943 0.23512 1379.783
3.845 0.53913 47.87698 0.22777 25.81212 0.35598 0.02949 0.37978 0.23474 1379.286
3.850 0.53911 47.82317 0.22751 25.78204 0.35612 0.02938 0.38013 0.23437 1378.789
3.855 0.53909 47.76944 0.22724 25.75204 0.35626 0.02927 0.38048 0.23399 1378.293
3.860 0.53907 47.71580 0.22698 25.72210 0.35640 0.02916 0.38083 0.23361 1377.798
3.865 0.53905 47.66226 0.22672 25.69224 0.35654 0.02905 0.38118 0.23323 1377.303
3.870 0.53903 47.60880 0.22645 25.66245 0.35667 0.02894 0.38153 0.23286 1376.808
3.875 0.53901 47.55544 0.22619 25.63273 0.35681 0.02883 0.38187 0.23248 1376.315
3.880 0.53899 47.50216 0.22593 25.60307 0.35695 0.02872 0.38222 0.23211 1375.821
3.885 0.53897 47.44898 0.22567 25.57349 0.35708 0.02862 0.38257 0.23173 1375.329
3.890 0.53895 47.39588 0.22541 25.54398 0.35722 0.02851 0.38292 0.23136 1374.836
3.895 0.53893 47.34288 0.22515 25.51453 0.35735 0.02840 0.38326 0.23098 1374.345
3.900 0.53891 47.28996 0.22489 25.48516 0.35749 0.02829 0.38361 0.23061 1373.853
3.905 0.53889 47.23713 0.22463 25.45585 0.35762 0.02819 0.38396 0.23023 1373.363
3.910 0.53888 47.18439 0.22437 25.42661 0.35776 0.02808 0.38430 0.22986 1372.873
3.915 0.53886 47.13175 0.22411 25.39744 0.35789 0.02798 0.38465 0.22948 1372.383
3.920 0.53884 47.07919 0.22386 25.36834 0.35802 0.02787 0.38500 0.22911 1371.894
3.925 0.53883 47.02672 0.22360 25.33931 0.35816 0.02777 0.38534 0.22874 1371.406
3.930 0.53881 46.97433 0.22335 25.31034 0.35829 0.02766 0.38569 0.22837 1370.918
3.935 0.53880 46.92204 0.22309 25.28145 0.35842 0.02756 0.38603 0.22799 1370.430
3.940 0.53878 46.86983 0.22284 25.25262 0.35855 0.02745 0.38638 0.22762 1369.943
3.945 0.53877 46.81772 0.22258 25.22385 0.35868 0.02735 0.38672 0.22725 1369.457
3.950 0.53875 46.76569 0.22233 25.19516 0.35881 0.02724 0.38707 0.22688 1368.971
3.955 0.53874 46.71374 0.22208 25.16653 0.35894 0.02714 0.38741 0.22651 1368.485
3.960 0.53873 46.66189 0.22182 25.13796 0.35907 0.02704 0.38776 0.22613 1368.001
3.965 0.53871 46.61012 0.22157 25.10947 0.35920 0.02694 0.38810 0.22576 1367.516
3.970 0.53870 46.55844 0.22132 25.08104 0.35933 0.02683 0.38844 0.22539 1367.033
3.975 0.53869 46.50685 0.22107 25.05267 0.35946 0.02673 0.38879 0.22502 1366.549
3.980 0.53868 46.45535 0.22082 25.02437 0.35958 0.02663 0.38913 0.22465 1366.067
3.985 0.53866 46.40393 0.22057 24.99614 0.35971 0.02653 0.38947 0.22428 1365.584
3.990 0.53865 46.35260 0.22032 24.96797 0.35984 0.02643 0.38982 0.22391 1365.103
3.995 0.53864 46.30135 0.22008 24.93987 0.35997 0.02633 0.39016 0.22355 1364.621
4.000 0.53863 46.25019 0.21983 24.91183 0.36009 0.02623 0.39050 0.22318 1364.141
4.005 0.53862 46.19912 0.21958 24.88385 0.36022 0.02613 0.39084 0.22281 1363.661
4.010 0.53861 46.14813 0.21934 24.85594 0.36034 0.02603 0.39119 0.22244 1363.181
4.015 0.53860 46.09723 0.21909 24.82810 0.36047 0.02593 0.39153 0.22207 1362.702
4.020 0.53859 46.04642 0.21885 24.80032 0.36059 0.02583 0.39187 0.22171 1362.223
4.025 0.53859 45.99569 0.21860 24.77260 0.36071 0.02574 0.39221 0.22134 1361.745
4.030 0.53858 45.94505 0.21836 24.74494 0.36084 0.02564 0.39255 0.22097 1361.268
4.035 0.53857 45.89449 0.21811 24.71735 0.36096 0.02554 0.39289 0.22061 1360.791
4.040 0.53856 45.84402 0.21787 24.68983 0.36108 0.02544 0.39323 0.22024 1360.314
4.045 0.53855 45.79363 0.21763 24.66236 0.36121 0.02535 0.39357 0.21987 1359.838
4.050 0.53855 45.74333 0.21739 24.63496 0.36133 0.02525 0.39391 0.21951 1359.363
4.055 0.53854 45.69311 0.21714 24.60762 0.36145 0.02515 0.39425 0.21914 1358.888
4.060 0.53854 45.64298 0.21690 24.58035 0.36157 0.02506 0.39459 0.21878 1358.413
4.065 0.53853 45.59293 0.21666 24.55313 0.36169 0.02496 0.39493 0.21841 1357.939
4.070 0.53852 45.54297 0.21642 24.52598 0.36181 0.02487 0.39527 0.21805 1357.466
4.075 0.53852 45.49309 0.21619 24.49889 0.36193 0.02477 0.39561 0.21769 1356.993
4.080 0.53851 45.44329 0.21595 24.47186 0.36205 0.02468 0.39595 0.21732 1356.521
4.085 0.53851 45.39358 0.21571 24.44490 0.36217 0.02458 0.39629 0.21696 1356.049
4.090 0.53851 45.34395 0.21547 24.41799 0.36228 0.02449 0.39663 0.21660 1355.577
4.095 0.53850 45.29441 0.21523 24.39115 0.36240 0.02440 0.39697 0.21623 1355.106
4.100 0.53850 45.24494 0.21500 24.36436 0.36252 0.02430 0.39730 0.21587 1354.636
4.105 0.53850 45.19557 0.21476 24.33764 0.36264 0.02421 0.39764 0.21551 1354.166
4.110 0.53849 45.14627 0.21453 24.31098 0.36275 0.02412 0.39798 0.21515 1353.697
4.115 0.53849 45.09706 0.21429 24.28438 0.36287 0.02403 0.39832 0.21479 1353.228
4.120 0.53849 45.04793 0.21406 24.25784 0.36298 0.02393 0.39865 0.21443 1352.760
4.125 0.53849 44.99888 0.21382 24.23136 0.36310 0.02384 0.39899 0.21407 1352.292
4.130 0.53849 44.94992 0.21359 24.20493 0.36321 0.02375 0.39933 0.21371 1351.825
4.135 0.53849 44.90104 0.21336 24.17857 0.36333 0.02366 0.39966 0.21335 1351.358
4.140 0.53849 44.85224 0.21313 24.15227 0.36344 0.02357 0.40000 0.21299 1350.892
4.145 0.53849 44.80352 0.21290 24.12603 0.36356 0.02348 0.40034 0.21263 1350.426
4.150 0.53849 44.75489 0.21266 24.09984 0.36367 0.02339 0.40067 0.21227 1349.961
4.155 0.53849 44.70634 0.21243 24.07372 0.36378 0.02330 0.40101 0.21191 1349.496
4.160 0.53849 44.65786 0.21220 24.04765 0.36389 0.02321 0.40134 0.21155 1349.032
4.165 0.53849 44.60947 0.21197 24.02164 0.36401 0.02312 0.40168 0.21119 1348.568
4.170 0.53849 44.56117 0.21174 23.99570 0.36412 0.02303 0.40201 0.21084 1348.105
4.175 0.53849 44.51294 0.21152 23.96980 0.36423 0.02294 0.40235 0.21048 1347.642
4.180 0.53849 44.46479 0.21129 23.94397 0.36434 0.02286 0.40268 0.21012 1347.180
4.185 0.53850 44.41673 0.21106 23.91820 0.36445 0.02277 0.40302 0.20977 1346.718
4.190 0.53850 44.36874 0.21083 23.89248 0.36456 0.02268 0.40335 0.20941 1346.257
4.195 0.53850 44.32084 0.21061 23.86682 0.36467 0.02259 0.40368 0.20905 1345.796
4.200 0.53850 44.27301 0.21038 23.84122 0.36478 0.02251 0.40402 0.20870 1345.336
4.205 0.53851 44.22527 0.21016 23.81567 0.36488 0.02242 0.40435 0.20834 1344.876
4.210 0.53851 44.17761 0.20993 23.79018 0.36499 0.02233 0.40468 0.20799 1344.417
4.215 0.53852 44.13002 0.20971 23.76475 0.36510 0.02225 0.40502 0.20763 1343.958
4.220 0.53852 44.08252 0.20948 23.73937 0.36521 0.02216 0.40535 0.20728 1343.500
4.225 0.53853 44.03510 0.20926 23.71406 0.36531 0.02208 0.40568 0.20693 1343.042
4.230 0.53853 43.98775 0.20904 23.68879 0.36542 0.02199 0.40601 0.20657 1342.585
4.235 0.53854 43.94049 0.20881 23.66359 0.36553 0.02191 0.40635 0.20622 1342.128
4.240 0.53854 43.89331 0.20859 23.63844 0.36563 0.02182 0.40668 0.20587 1341.672
4.245 0.53855 43.84620 0.20837 23.61334 0.36574 0.02174 0.40701 0.20552 1341.216
4.250 0.53856 43.79917 0.20815 23.58830 0.36584 0.02166 0.40734 0.20516 1340.761
4.255 0.53856 43.75223 0.20793 23.56332 0.36595 0.02157 0.40767 0.20481 1340.306
4.260 0.53857 43.70536 0.20771 23.53839 0.36605 0.02149 0.40800 0.20446 1339.852
4.265 0.53858 43.65857 0.20749 23.51352 0.36615 0.02141 0.40833 0.20411 1339.398
4.270 0.53859 43.61185 0.20727 23.48870 0.36626 0.02132 0.40866 0.20376 1338.944
4.275 0.53859 43.56522 0.20705 23.46394 0.36636 0.02124 0.40899 0.20341 1338.492
4.280 0.53860 43.51866 0.20683 23.43923 0.36646 0.02116 0.40932 0.20306 1338.039
4.285 0.53861 43.47219 0.20662 23.41457 0.36656 0.02108 0.40965 0.20271 1337.588
4.290 0.53862 43.42579 0.20640 23.38997 0.36666 0.02100 0.40998 0.20236 1337.136
4.295 0.53863 43.37947 0.20618 23.36543 0.36676 0.02091 0.41031 0.20201 1336.685
4.300 0.53864 43.33322 0.20597 23.34093 0.36686 0.02083 0.41064 0.20166 1336.235
4.305 0.53865 43.28705 0.20575 23.31650 0.36696 0.02075 0.41097 0.20132 1335.785
4.310 0.53866 43.24097 0.20554 23.29211 0.36706 0.02067 0.41130 0.20097 1335.336
4.315 0.53867 43.19495 0.20532 23.26778 0.36716 0.02059 0.41162 0.20062 1334.887
4.320 0.53868 43.14902 0.20511 23.24350 0.36726 0.02051 0.41195 0.20027 1334.439
4.325 0.53869 43.10316 0.20489 23.21928 0.36736 0.02043 0.41228 0.19993 1333.991
4.330 0.53870 43.05738 0.20468 23.19510 0.36746 0.02035 0.41261 0.19958 1333.543
4.335 0.53871 43.01167 0.20447 23.17098 0.36756 0.02027 0.41293 0.19923 1333.096
4.340 0.53873 42.96604 0.20426 23.14692 0.36765 0.02020 0.41326 0.19889 1332.650
4.345 0.53874 42.92049 0.20404 23.12290 0.36775 0.02012 0.41359 0.19854 1332.204
4.350 0.53875 42.87501 0.20383 23.09894 0.36785 0.02004 0.41392 0.19820 1331.759
4.355 0.53876 42.82961 0.20362 23.07503 0.36794 0.01996 0.41424 0.19785 1331.314
4.360 0.53878 42.78429 0.20341 23.05117 0.36804 0.01988 0.41457 0.19751 1330.869
4.365 0.53879 42.73904 0.20320 23.02737 0.36813 0.01981 0.41489 0.19717 1330.425
4.370 0.53880 42.69387 0.20299 23.00361 0.36823 0.01973 0.41522 0.19682 1329.981
4.375 0.53882 42.64877 0.20278 22.97991 0.36832 0.01965 0.41554 0.19648 1329.538
4.380 0.53883 42.60375 0.20257 22.95626 0.36841 0.01958 0.41587 0.19614 1329.096
4.385 0.53885 42.55880 0.20236 22.93266 0.36851 0.01950 0.41619 0.19580 1328.654
4.390 0.53886 42.51393 0.20216 22.90911 0.36860 0.01943 0.41652 0.19545 1328.212
4.395 0.53888 42.46913 0.20195 22.88561 0.36869 0.01935 0.41684 0.19511 1327.771
4.400 0.53889 42.42441 0.20174 22.86217 0.36879 0.01927 0.41717 0.19477 1327.330
4.405 0.53891 42.37976 0.20154 22.83877 0.36888 0.01920 0.41749 0.19443 1326.890
4.410 0.53892 42.33519 0.20133 22.81543 0.36897 0.01912 0.41782 0.19409 1326.450
4.415 0.53894 42.29069 0.20112 22.79213 0.36906 0.01905 0.41814 0.19375 1326.011
4.420 0.53896 42.24627 0.20092 22.76888 0.36915 0.01898 0.41846 0.19341 1325.573
4.425 0.53897 42.20192 0.20071 22.74569 0.36924 0.01890 0.41879 0.19307 1325.134
4.430 0.53899 42.15764 0.20051 22.72254 0.36933 0.01883 0.41911 0.19273 1324.696
4.435 0.53901 42.11344 0.20031 22.69945 0.36942 0.01875 0.41943 0.19239 1324.259
4.440 0.53902 42.06931 0.20010 22.67640 0.36951 0.01868 0.41975 0.19206 1323.822
4.445 0.53904 42.02525 0.19990 22.65340 0.36960 0.01861 0.42008 0.19172 1323.386
4.450 0.53906 41.98127 0.19970 22.63046 0.36969 0.01854 0.42040 0.19138 1322.950
4.455 0.53908 41.93736 0.19950 22.60756 0.36977 0.01846 0.42072 0.19104 1322.515
4.460 0.53910 41.89353 0.19929 22.58471 0.36986 0.01839 0.42104 0.19071 1322.080
4.465 0.53912 41.84976 0.19909 22.56191 0.36995 0.01832 0.42136 0.19037 1321.645
4.470 0.53914 41.80607 0.19889 22.53916 0.37003 0.01825 0.42168 0.19003 1321.211
4.475 0.53916 41.76246 0.19869 22.51645 0.37012 0.01818 0.42200 0.18970 1320.778
4.480 0.53918 41.71891 0.19849 22.49380 0.37021 0.01811 0.42232 0.18936 1320.345
4.485 0.53920 41.67544 0.19829 22.47119 0.37029 0.01803 0.42264 0.18903 1319.912
4.490 0.53922 41.63204 0.19809 22.44863 0.37038 0.01796 0.42296 0.18869 1319.480
4.495 0.53924 41.58871 0.19789 22.42612 0.37046 0.01789 0.42328 0.18836 1319.048
4.500 0.53926 41.54546 0.19770 22.40366 0.37055 0.01782 0.42360 0.18803 1318.617
4.505 0.53928 41.50227 0.19750 22.38124 0.37063 0.01775 0.42392 0.18769 1318.186
4.510 0.53930 41.45916 0.19730 22.35888 0.37071 0.01768 0.42424 0.18736 1317.756
4.515 0.53932 41.41612 0.19710 22.33656 0.37080 0.01762 0.42456 0.18703 1317.326
4.520 0.53934 41.37315 0.19691 22.31428 0.37088 0.01755 0.42488 0.18670 1316.897
4.525 0.53936 41.33025 0.19671 22.29206 0.37096 0.01748 0.42520 0.18636 1316.468
4.530 0.53939 41.28742 0.19652 22.26988 0.37104 0.01741 0.42552 0.18603 1316.040
4.535 0.53941 41.24467 0.19632 22.24775 0.37112 0.01734 0.42583 0.18570 1315.612
4.540 0.53943 41.20198 0.19613 22.22566 0.37120 0.01727 0.42615 0.18537 1315.184
4.545 0.53945 41.15937 0.19593 22.20362 0.37128 0.01720 0.42647 0.18504 1314.757
4.550 0.53948 41.11683 0.19574 22.18163 0.37136 0.01714 0.42679 0.18471 1314.331
4.555 0.53950 41.07435 0.19554 22.15969 0.37144 0.01707 0.42710 0.18438 1313.905
4.560 0.53953 41.03195 0.19535 22.13779 0.37152 0.01700 0.42742 0.18405 1313.479
4.565 0.53955 40.98962 0.19516 22.11593 0.37160 0.01694 0.42774 0.18372 1313.054
4.570 0.53957 40.94736 0.19496 22.09413 0.37168 0.01687 0.42805 0.18340 1312.629
4.575 0.53960 40.90517 0.19477 22.07236 0.37176 0.01680 0.42837 0.18307 1312.205
4.580 0.53962 40.86305 0.19458 22.05065 0.37184 0.01674 0.42868 0.18274 1311.781
4.585 0.53965 40.82099 0.19439 22.02898 0.37192 0.01667 0.42900 0.18241 1311.358
4.590 0.53967 40.77901 0.19420 22.00735 0.37199 0.01661 0.42932 0.18209 1310.935
4.595 0.53970 40.73710 0.19401 21.98577 0.37207 0.01654 0.42963 0.18176 1310.513
4.600 0.53972 40.69525 0.19382 21.96423 0.37215 0.01648 0.42995 0.18143 1310.091
4.605 0.53975 40.65348 0.19363 21.94274 0.37222 0.01641 0.43026 0.18111 1309.669
