0.000 1350.000 0.37200 0.01640 0.43000 0.181000.37200 0.01640 0.43000 0.18100 1.00000 1.440e+13 0.40000
0.005 1350.487 0.37229 0.01648 0.43011 0.18150 0.37215 0.01647 0.42994 0.18143 1.00038 1.441e+130.39878
0.010 1350.976 0.37258 0.01656 0.43021 0.18201 0.37207 0.01654 0.42963 0.18176 1.00136 1.442e+130.39780
0.015 1351.467 0.37287 0.01664 0.43032 0.18251 0.37199 0.01661 0.42931 0.18209 1.00234 1.443e+130.39681
0.020 1351.962 0.37315 0.01673 0.43043 0.18302 0.37192 0.01667 0.42900 0.18241 1.00333 1.445e+130.39582
0.025 1352.458 0.37344 0.01681 0.43053 0.18353 0.37184 0.01674 0.42868 0.18274 1.00431 1.446e+130.39483
0.030 1352.958 0.37373 0.01689 0.43064 0.18404 0.37176 0.01680 0.42837 0.18307 1.00530 1.448e+130.39383
0.035 1353.460 0.37402 0.01698 0.43075 0.18455 0.37168 0.01687 0.42805 0.18340 1.00629 1.449e+130.39283
0.040 1353.964 0.37431 0.01706 0.43085 0.18506 0.37161 0.01694 0.42773 0.18372 1.00729 1.450e+130.39183
0.045 1354.471 0.37460 0.01714 0.43096 0.18558 0.37153 0.01700 0.42742 0.18405 1.00828 1.452e+130.39082
0.050 1354.981 0.37489 0.01723 0.43107 0.18609 0.37145 0.01707 0.42710 0.18438 1.00928 1.453e+130.38981
0.055 1355.494 0.37518 0.01731 0.43117 0.18661 0.37137 0.01714 0.42678 0.18471 1.01028 1.455e+130.38879
0.060 1356.009 0.37548 0.01740 0.43128 0.18713 0.37129 0.01720 0.42647 0.18504 1.01128 1.456e+130.38778
0.065 1356.527 0.37577 0.01748 0.43139 0.18765 0.37121 0.01727 0.42615 0.18537 1.01229 1.458e+130.38676
0.070 1357.047 0.37606 0.01757 0.43149 0.18817 0.37113 0.01734 0.42583 0.18570 1.01329 1.459e+130.38573
0.075 1357.571 0.37635 0.01766 0.43160 0.18869 0.37104 0.01741 0.42551 0.18603 1.01430 1.461e+130.38470
0.080 1358.097 0.37664 0.01774 0.43171 0.18922 0.37096 0.01748 0.42520 0.18636 1.01531 1.462e+130.38367
0.085 1358.626 0.37693 0.01783 0.43181 0.18974 0.37088 0.01755 0.42488 0.18670 1.01632 1.464e+130.38264
0.090 1359.158 0.37723 0.01792 0.43192 0.19027 0.37080 0.01761 0.42456 0.18703 1.01734 1.465e+130.38160
0.095 1359.693 0.37752 0.01801 0.43203 0.19080 0.37071 0.01768 0.42424 0.18736 1.01835 1.466e+130.38056
0.100 1360.230 0.37781 0.01810 0.43213 0.19133 0.37063 0.01775 0.42392 0.18769 1.01937 1.468e+130.37951
0.105 1360.771 0.37810 0.01819 0.43224 0.19186 0.37055 0.01782 0.42360 0.18803 1.02039 1.469e+130.37846
0.110 1361.315 0.37840 0.01828 0.43235 0.19239 0.37046 0.01789 0.42328 0.18836 1.02142 1.471e+130.37741
0.115 1361.861 0.37869 0.01837 0.43245 0.19293 0.37038 0.01796 0.42296 0.18869 1.02244 1.472e+130.37635
0.120 1362.411 0.37898 0.01846 0.43256 0.19347 0.37029 0.01803 0.42264 0.18903 1.02347 1.474e+130.37530
0.125 1362.963 0.37928 0.01855 0.43267 0.19400 0.37021 0.01811 0.42232 0.18936 1.02450 1.475e+130.37423
0.130 1363.519 0.37957 0.01864 0.43278 0.19454 0.37012 0.01818 0.42200 0.18970 1.02553 1.477e+130.37316
0.135 1364.078 0.37987 0.01873 0.43288 0.19508 0.37004 0.01825 0.42168 0.19003 1.02656 1.478e+130.37209
0.140 1364.640 0.38016 0.01882 0.43299 0.19562 0.36995 0.01832 0.42136 0.19037 1.02760 1.480e+130.37102
0.145 1365.205 0.38046 0.01892 0.43310 0.19617 0.36986 0.01839 0.42104 0.19071 1.02864 1.481e+130.36994
0.150 1365.773 0.38075 0.01901 0.43320 0.19671 0.36978 0.01846 0.42072 0.19104 1.02968 1.483e+130.36886
0.155 1366.344 0.38105 0.01911 0.43331 0.19726 0.36969 0.01854 0.42040 0.19138 1.03072 1.484e+130.36778
0.160 1366.919 0.38134 0.01920 0.43342 0.19781 0.36960 0.01861 0.42007 0.19172 1.03177 1.486e+130.36669
0.165 1367.497 0.38164 0.01929 0.43353 0.19836 0.36951 0.01868 0.41975 0.19206 1.03281 1.487e+130.36559
0.170 1368.079 0.38193 0.01939 0.43363 0.19891 0.36942 0.01875 0.41943 0.19239 1.03386 1.489e+130.36450
0.175 1368.663 0.38223 0.01949 0.43374 0.19946 0.36933 0.01883 0.41911 0.19273 1.03492 1.490e+130.36340
0.180 1369.251 0.38252 0.01958 0.43385 0.20002 0.36924 0.01890 0.41878 0.19307 1.03597 1.492e+130.36229
0.185 1369.843 0.38282 0.01968 0.43396 0.20057 0.36915 0.01898 0.41846 0.19341 1.03703 1.493e+130.36119
0.190 1370.438 0.38312 0.01978 0.43406 0.20113 0.36906 0.01905 0.41814 0.19375 1.03809 1.495e+130.36007
0.195 1371.036 0.38342 0.01987 0.43417 0.20169 0.36897 0.01912 0.41781 0.19409 1.03915 1.496e+130.35896
0.200 1371.638 0.38371 0.01997 0.43428 0.20225 0.36888 0.01920 0.41749 0.19443 1.04021 1.498e+130.35784
0.205 1372.244 0.38401 0.02007 0.43439 0.20281 0.36879 0.01927 0.41717 0.19477 1.04128 1.499e+130.35672
0.210 1372.853 0.38431 0.02017 0.43449 0.20337 0.36870 0.01935 0.41684 0.19511 1.04234 1.501e+130.35559
0.215 1373.465 0.38461 0.02027 0.43460 0.20394 0.36860 0.01942 0.41652 0.19545 1.04341 1.503e+130.35446
0.220 1374.082 0.38490 0.02037 0.43471 0.20451 0.36851 0.01950 0.41619 0.19580 1.04449 1.504e+130.35333
0.225 1374.702 0.38520 0.02047 0.43482 0.20507 0.36842 0.01958 0.41587 0.19614 1.04556 1.506e+130.35219
0.230 1375.326 0.38550 0.02057 0.43492 0.20564 0.36832 0.01965 0.41554 0.19648 1.04664 1.507e+130.35105
0.235 1375.953 0.38580 0.02067 0.43503 0.20622 0.36823 0.01973 0.41522 0.19682 1.04772 1.509e+130.34990
0.240 1376.585 0.38610 0.02077 0.43514 0.20679 0.36813 0.01981 0.41489 0.19717 1.04880 1.510e+130.34875
0.245 1377.220 0.38640 0.02088 0.43525 0.20736 0.36804 0.01988 0.41457 0.19751 1.04988 1.512e+130.34760
0.250 1377.859 0.38670 0.02098 0.43535 0.20794 0.36794 0.01996 0.41424 0.19785 1.05097 1.513e+130.34644
0.255 1378.502 0.38700 0.02108 0.43546 0.20852 0.36785 0.02004 0.41391 0.19820 1.05206 1.515e+130.34528
0.260 1379.149 0.38730 0.02119 0.43557 0.20910 0.36775 0.02012 0.41359 0.19854 1.05315 1.517e+130.34411
0.265 1379.801 0.38760 0.02129 0.43568 0.20968 0.36765 0.02020 0.41326 0.19889 1.05424 1.518e+130.34294
0.270 1380.456 0.38790 0.02140 0.43579 0.21026 0.36756 0.02027 0.41293 0.19923 1.05534 1.520e+130.34177
0.275 1381.115 0.38820 0.02150 0.43589 0.21084 0.36746 0.02035 0.41261 0.19958 1.05644 1.521e+130.34059
0.280 1381.778 0.38850 0.02161 0.43600 0.21143 0.36736 0.02043 0.41228 0.19993 1.05754 1.523e+130.33941
0.285 1382.446 0.38880 0.02172 0.43611 0.21202 0.36726 0.02051 0.41195 0.20027 1.05864 1.524e+130.33823
0.290 1383.118 0.38910 0.02182 0.43622 0.21261 0.36716 0.02059 0.41162 0.20062 1.05975 1.526e+130.33704
0.295 1383.794 0.38940 0.02193 0.43633 0.21320 0.36707 0.02067 0.41129 0.20097 1.06086 1.528e+130.33584
0.300 1384.475 0.38971 0.02204 0.43643 0.21379 0.36697 0.02075 0.41097 0.20132 1.06197 1.529e+130.33465
0.305 1385.160 0.39001 0.02215 0.43654 0.21438 0.36687 0.02083 0.41064 0.20166 1.06308 1.531e+130.33344
0.310 1385.849 0.39031 0.02226 0.43665 0.21498 0.36677 0.02091 0.41031 0.20201 1.06420 1.532e+130.33224
0.315 1386.543 0.39061 0.02237 0.43676 0.21558 0.36666 0.02100 0.40998 0.20236 1.06532 1.534e+130.33103
0.320 1387.241 0.39092 0.02248 0.43687 0.21618 0.36656 0.02108 0.40965 0.20271 1.06644 1.536e+130.32981
0.325 1387.944 0.39122 0.02259 0.43697 0.21678 0.36646 0.02116 0.40932 0.20306 1.06756 1.537e+130.32860
0.330 1388.651 0.39152 0.02270 0.43708 0.21738 0.36636 0.02124 0.40899 0.20341 1.06868 1.539e+130.32738
0.335 1389.364 0.39183 0.02281 0.43719 0.21798 0.36626 0.02132 0.40866 0.20376 1.06981 1.541e+130.32615
0.340 1390.081 0.39213 0.02292 0.43730 0.21859 0.36615 0.02141 0.40833 0.20411 1.07094 1.542e+130.32492
0.345 1390.802 0.39243 0.02304 0.43741 0.21920 0.36605 0.02149 0.40800 0.20446 1.07207 1.544e+130.32368
0.350 1391.529 0.39274 0.02315 0.43751 0.21981 0.36595 0.02157 0.40767 0.20481 1.07321 1.545e+130.32245
0.355 1392.261 0.39304 0.02327 0.43762 0.22042 0.36584 0.02166 0.40734 0.20516 1.07435 1.547e+130.32120
0.360 1392.997 0.39335 0.02338 0.43773 0.22103 0.36574 0.02174 0.40701 0.20552 1.07549 1.549e+130.31996
0.365 1393.738 0.39365 0.02350 0.43784 0.22164 0.36563 0.02182 0.40668 0.20587 1.07663 1.550e+130.31871
0.370 1394.485 0.39396 0.02361 0.43795 0.22226 0.36553 0.02191 0.40634 0.20622 1.07778 1.552e+130.31745
0.375 1395.237 0.39426 0.02373 0.43806 0.22288 0.36542 0.02199 0.40601 0.20657 1.07893 1.554e+130.31619
0.380 1395.994 0.39457 0.02385 0.43816 0.22350 0.36532 0.02208 0.40568 0.20693 1.08008 1.555e+130.31493
0.385 1396.756 0.39487 0.02396 0.43827 0.22412 0.36521 0.02216 0.40535 0.20728 1.08123 1.557e+130.31366
0.390 1397.523 0.39518 0.02408 0.43838 0.22474 0.36510 0.02225 0.40501 0.20763 1.08238 1.559e+130.31239
0.395 1398.296 0.39549 0.02420 0.43849 0.22537 0.36499 0.02233 0.40468 0.20799 1.08354 1.560e+130.31111
0.400 1399.074 0.39579 0.02432 0.43860 0.22599 0.36489 0.02242 0.40435 0.20834 1.08470 1.562e+130.30983
0.405 1399.858 0.39610 0.02444 0.43871 0.22662 0.36478 0.02251 0.40402 0.20870 1.08587 1.564e+130.30854
0.410 1400.647 0.39641 0.02456 0.43882 0.22725 0.36467 0.02259 0.40368 0.20905 1.08703 1.565e+130.30726
0.415 1401.442 0.39672 0.02468 0.43892 0.22788 0.36456 0.02268 0.40335 0.20941 1.08820 1.567e+130.30596
0.420 1402.243 0.39702 0.02480 0.43903 0.22851 0.36445 0.02277 0.40301 0.20977 1.08937 1.569e+130.30466
0.425 1403.049 0.39733 0.02493 0.43914 0.22915 0.36434 0.02286 0.40268 0.21012 1.09055 1.570e+130.30336
0.430 1403.862 0.39764 0.02505 0.43925 0.22979 0.36423 0.02294 0.40235 0.21048 1.09172 1.572e+130.30205
0.435 1404.680 0.39795 0.02517 0.43936 0.23042 0.36412 0.02303 0.40201 0.21084 1.09290 1.574e+130.30074
0.440 1405.504 0.39826 0.02530 0.43947 0.23106 0.36401 0.02312 0.40168 0.21119 1.09409 1.575e+130.29943
0.445 1406.335 0.39856 0.02542 0.43958 0.23171 0.36390 0.02321 0.40134 0.21155 1.09527 1.577e+130.29811
0.450 1407.171 0.39887 0.02555 0.43969 0.23235 0.36378 0.02330 0.40101 0.21191 1.09646 1.579e+130.29678
0.455 1408.014 0.39918 0.02567 0.43979 0.23300 0.36367 0.02339 0.40067 0.21227 1.09765 1.581e+130.29546
0.460 1408.863 0.39949 0.02580 0.43990 0.23364 0.36356 0.02348 0.40033 0.21263 1.09884 1.582e+130.29412
0.465 1409.718 0.39980 0.02593 0.44001 0.23429 0.36344 0.02357 0.40000 0.21299 1.10003 1.584e+130.29279
0.470 1410.580 0.40011 0.02606 0.44012 0.23494 0.36333 0.02366 0.39966 0.21335 1.10123 1.586e+130.29144
0.475 1411.449 0.40042 0.02618 0.44023 0.23560 0.36322 0.02375 0.39933 0.21371 1.10243 1.588e+130.29010
0.480 1412.324 0.40073 0.02631 0.44034 0.23625 0.36310 0.02384 0.39899 0.21407 1.10364 1.589e+130.28875
0.485 1413.205 0.40104 0.02644 0.44045 0.23691 0.36299 0.02393 0.39865 0.21443 1.10484 1.591e+130.28739
0.490 1414.094 0.40135 0.02657 0.44056 0.23757 0.36287 0.02403 0.39832 0.21479 1.10605 1.593e+130.28603
0.495 1414.990 0.40167 0.02671 0.44067 0.23823 0.36275 0.02412 0.39798 0.21515 1.10726 1.594e+130.28467
0.500 1415.892 0.40198 0.02684 0.44078 0.23889 0.36264 0.02421 0.39764 0.21551 1.10848 1.596e+130.28330
0.505 1416.802 0.40229 0.02697 0.44088 0.23955 0.36252 0.02430 0.39730 0.21587 1.10969 1.598e+130.28193
0.510 1417.718 0.40260 0.02710 0.44099 0.24022 0.36240 0.02440 0.39696 0.21623 1.11091 1.600e+130.28055
0.515 1418.643 0.40291 0.02724 0.44110 0.24089 0.36229 0.02449 0.39663 0.21660 1.11214 1.601e+130.27917
0.520 1419.574 0.40322 0.02737 0.44121 0.24155 0.36217 0.02458 0.39629 0.21696 1.11336 1.603e+130.27778
0.525 1420.513 0.40354 0.02751 0.44132 0.24223 0.36205 0.02468 0.39595 0.21732 1.11459 1.605e+130.27639
0.530 1421.459 0.40385 0.02764 0.44143 0.24290 0.36193 0.02477 0.39561 0.21769 1.11582 1.607e+130.27500
0.535 1422.414 0.40416 0.02778 0.44154 0.24357 0.36181 0.02487 0.39527 0.21805 1.11706 1.609e+130.27360
0.540 1423.376 0.40448 0.02792 0.44165 0.24425 0.36169 0.02496 0.39493 0.21841 1.11829 1.610e+130.27219
0.545 1424.346 0.40479 0.02805 0.44176 0.24493 0.36157 0.02506 0.39459 0.21878 1.11953 1.612e+130.27078
0.550 1425.324 0.40510 0.02819 0.44187 0.24561 0.36145 0.02515 0.39425 0.21914 1.12077 1.614e+130.26937
0.555 1426.310 0.40542 0.02833 0.44198 0.24629 0.36133 0.02525 0.39391 0.21951 1.12202 1.616e+130.26795
0.560 1427.304 0.40573 0.02847 0.44209 0.24698 0.36121 0.02535 0.39357 0.21987 1.12327 1.618e+130.26653
0.565 1428.307 0.40605 0.02861 0.44220 0.24766 0.36109 0.02544 0.39323 0.22024 1.12452 1.619e+130.26510
0.570 1429.318 0.40636 0.02875 0.44231 0.24835 0.36096 0.02554 0.39289 0.22061 1.12577 1.621e+130.26367
0.575 1430.338 0.40668 0.02889 0.44241 0.24904 0.36084 0.02564 0.39255 0.22097 1.12703 1.623e+130.26224
0.580 1431.366 0.40699 0.02904 0.44252 0.24973 0.36072 0.02574 0.39221 0.22134 1.12829 1.625e+130.26079
0.585 1432.403 0.40731 0.02918 0.44263 0.25043 0.36059 0.02583 0.39187 0.22171 1.12955 1.627e+130.25935
0.590 1433.450 0.40762 0.02932 0.44274 0.25112 0.36047 0.02593 0.39153 0.22207 1.13082 1.628e+130.25790
0.595 1434.505 0.40794 0.02947 0.44285 0.25182 0.36034 0.02603 0.39118 0.22244 1.13208 1.630e+130.25644
0.600 1435.570 0.40826 0.02962 0.44296 0.25252 0.36022 0.02613 0.39084 0.22281 1.13335 1.632e+130.25499
0.605 1436.644 0.40857 0.02976 0.44307 0.25322 0.36009 0.02623 0.39050 0.22318 1.13463 1.634e+130.25352
0.610 1437.728 0.40889 0.02991 0.44318 0.25393 0.35997 0.02633 0.39016 0.22355 1.13591 1.636e+130.25205
0.615 1438.821 0.40921 0.03006 0.44329 0.25463 0.35984 0.02643 0.38981 0.22391 1.13719 1.638e+130.25058
0.620 1439.924 0.40952 0.03020 0.44340 0.25534 0.35971 0.02653 0.38947 0.22428 1.13847 1.639e+130.24910
0.625 1441.037 0.40984 0.03035 0.44351 0.25605 0.35959 0.02663 0.38913 0.22465 1.13976 1.641e+130.24762
0.630 1442.161 0.41016 0.03050 0.44362 0.25676 0.35946 0.02673 0.38879 0.22502 1.14104 1.643e+130.24613
0.635 1443.294 0.41048 0.03065 0.44373 0.25747 0.35933 0.02683 0.38844 0.22539 1.14234 1.645e+130.24464
0.640 1444.438 0.41079 0.03081 0.44384 0.25819 0.35920 0.02694 0.38810 0.22576 1.14363 1.647e+130.24315
0.645 1445.593 0.41111 0.03096 0.44395 0.25891 0.35907 0.02704 0.38775 0.22613 1.14493 1.649e+130.24165
0.650 1446.759 0.41143 0.03111 0.44406 0.25963 0.35894 0.02714 0.38741 0.22651 1.14623 1.651e+130.24014
0.655 1447.935 0.41175 0.03126 0.44417 0.26035 0.35881 0.02724 0.38707 0.22688 1.14753 1.652e+130.23863
0.660 1449.123 0.41207 0.03142 0.44428 0.26107 0.35868 0.02735 0.38672 0.22725 1.14884 1.654e+130.23712
0.665 1450.322 0.41239 0.03157 0.44439 0.26180 0.35855 0.02745 0.38638 0.22762 1.15015 1.656e+130.23560
0.670 1451.532 0.41271 0.03173 0.44450 0.26253 0.35842 0.02756 0.38603 0.22799 1.15146 1.658e+130.23407
0.675 1452.754 0.41303 0.03189 0.44461 0.26325 0.35829 0.02766 0.38569 0.22837 1.15278 1.660e+130.23254
0.680 1453.988 0.41335 0.03204 0.44472 0.26399 0.35816 0.02776 0.38534 0.22874 1.15410 1.662e+130.23101
0.685 1455.235 0.41367 0.03220 0.44483 0.26472 0.35803 0.02787 0.38499 0.22911 1.15542 1.664e+130.22947
0.690 1456.493 0.41399 0.03236 0.44494 0.26546 0.35789 0.02798 0.38465 0.22948 1.15675 1.666e+130.22793
0.695 1457.764 0.41431 0.03252 0.44505 0.26619 0.35776 0.02808 0.38430 0.22986 1.15808 1.668e+130.22638
0.700 1459.048 0.41463 0.03268 0.44516 0.26693 0.35763 0.02819 0.38396 0.23023 1.15941 1.670e+130.22483
0.705 1460.344 0.41495 0.03284 0.44527 0.26767 0.35749 0.02829 0.38361 0.23061 1.16074 1.671e+130.22328
0.710 1461.654 0.41528 0.03300 0.44538 0.26842 0.35736 0.02840 0.38326 0.23098 1.16208 1.673e+130.22172
0.715 1462.977 0.41560 0.03317 0.44549 0.26916 0.35722 0.02851 0.38292 0.23136 1.16342 1.675e+130.22015
0.720 1464.314 0.41592 0.03333 0.44560 0.26991 0.35709 0.02862 0.38257 0.23173 1.16477 1.677e+130.21858
0.725 1465.665 0.41624 0.03350 0.44571 0.27066 0.35695 0.02872 0.38222 0.23211 1.16611 1.679e+130.21701
0.730 1467.029 0.41657 0.03366 0.44582 0.27141 0.35681 0.02883 0.38187 0.23248 1.16746 1.681e+130.21543
0.735 1468.409 0.41689 0.03383 0.44593 0.27217 0.35668 0.02894 0.38152 0.23286 1.16882 1.683e+130.21384
0.740 1469.802 0.41721 0.03399 0.44604 0.27292 0.35654 0.02905 0.38118 0.23323 1.17017 1.685e+130.21225
0.745 1471.211 0.41754 0.03416 0.44615 0.27368 0.35640 0.02916 0.38083 0.23361 1.17153 1.687e+130.21066
0.750 1472.635 0.41786 0.03433 0.44626 0.27444 0.35626 0.02927 0.38048 0.23399 1.17290 1.689e+130.20906
0.755 1474.074 0.41818 0.03450 0.44637 0.27521 0.35612 0.02938 0.38013 0.23437 1.17426 1.691e+130.20746
0.760 1475.529 0.41851 0.03467 0.44648 0.27597 0.35598 0.02949 0.37978 0.23474 1.17563 1.693e+130.20586
0.765 1477.001 0.41883 0.03484 0.44660 0.27674 0.35584 0.02960 0.37943 0.23512 1.17701 1.695e+130.20424
0.770 1478.488 0.41916 0.03501 0.44671 0.27751 0.35570 0.02971 0.37908 0.23550 1.17838 1.697e+130.20263
0.775 1479.992 0.41948 0.03519 0.44682 0.27828 0.35556 0.02982 0.37873 0.23588 1.17976 1.699e+130.20101
0.780 1481.513 0.41981 0.03536 0.44693 0.27905 0.35542 0.02994 0.37838 0.23626 1.18115 1.701e+130.19938
0.785 1483.052 0.42013 0.03553 0.44704 0.27983 0.35528 0.03005 0.37803 0.23663 1.18253 1.703e+130.19776
0.790 1484.608 0.42046 0.03571 0.44715 0.28060 0.35514 0.03016 0.37768 0.23701 1.18392 1.705e+130.19612
0.795 1486.182 0.42078 0.03589 0.44726 0.28138 0.35500 0.03028 0.37733 0.23739 1.18531 1.707e+130.19448
0.800 1487.774 0.42111 0.03606 0.44737 0.28217 0.35486 0.03039 0.37698 0.23777 1.18671 1.709e+130.19284
0.805 1489.386 0.42144 0.03624 0.44748 0.28295 0.35471 0.03050 0.37663 0.23815 1.18811 1.711e+130.19119
0.810 1491.016 0.42176 0.03642 0.44759 0.28374 0.35457 0.03062 0.37628 0.23853 1.18951 1.713e+130.18954
0.815 1492.666 0.42209 0.03660 0.44770 0.28453 0.35442 0.03073 0.37593 0.23891 1.19092 1.715e+130.18789
0.820 1494.335 0.42242 0.03678 0.44781 0.28532 0.35428 0.03085 0.37558 0.23929 1.19233 1.717e+130.18623
0.825 1496.025 0.42274 0.03696 0.44792 0.28611 0.35413 0.03096 0.37523 0.23967 1.19374 1.719e+130.18456
0.830 1497.736 0.42307 0.03715 0.44803 0.28690 0.35399 0.03108 0.37488 0.24006 1.19516 1.721e+130.18290
0.835 1499.468 0.42340 0.03733 0.44815 0.28770 0.35384 0.03120 0.37452 0.24044 1.19658 1.723e+130.18122
0.840 1501.222 0.42373 0.03751 0.44826 0.28850 0.35370 0.03131 0.37417 0.24082 1.19800 1.725e+130.17955
0.845 1502.997 0.42406 0.03770 0.44837 0.28930 0.35355 0.03143 0.37382 0.24120 1.19942 1.727e+130.17786
0.850 1504.796 0.42439 0.03788 0.44848 0.29011 0.35340 0.03155 0.37347 0.24158 1.20085 1.729e+130.17618
0.855 1506.617 0.42472 0.03807 0.44859 0.29091 0.35326 0.03167 0.37311 0.24197 1.20229 1.731e+130.17449
0.860 1508.462 0.42504 0.03826 0.44870 0.29172 0.35311 0.03178 0.37276 0.24235 1.20372 1.733e+130.17279
0.865 1510.331 0.42537 0.03845 0.44881 0.29253 0.35296 0.03190 0.37241 0.24273 1.20516 1.735e+130.17110
0.870 1512.225 0.42570 0.03864 0.44892 0.29334 0.35281 0.03202 0.37205 0.24311 1.20661 1.738e+130.16939
0.875 1514.144 0.42603 0.03883 0.44903 0.29416 0.35266 0.03214 0.37170 0.24350 1.20806 1.740e+130.16769
0.880 1516.089 0.42636 0.03902 0.44914 0.29498 0.35251 0.03226 0.37135 0.24388 1.20951 1.742e+130.16598
0.885 1518.061 0.42669 0.03921 0.44926 0.29580 0.35236 0.03238 0.37099 0.24427 1.21096 1.744e+130.16426
0.890 1520.059 0.42703 0.03941 0.44937 0.29662 0.35221 0.03250 0.37064 0.24465 1.21242 1.746e+130.16254
0.895 1522.086 0.42736 0.03960 0.44948 0.29744 0.35206 0.03262 0.37028 0.24504 1.21388 1.748e+130.16082
0.900 1524.140 0.42769 0.03980 0.44959 0.29827 0.35191 0.03275 0.36993 0.24542 1.21534 1.750e+130.15910
0.905 1526.224 0.42802 0.03999 0.44970 0.29910 0.35175 0.03287 0.36957 0.24580 1.21681 1.752e+130.15737
0.910 1528.337 0.42835 0.04019 0.44981 0.29993 0.35160 0.03299 0.36922 0.24619 1.21828 1.754e+130.15563
0.915 1530.481 0.42868 0.04039 0.44992 0.30076 0.35145 0.03311 0.36886 0.24658 1.21976 1.756e+130.15389
0.920 1532.657 0.42902 0.04059 0.45003 0.30160 0.35130 0.03324 0.36851 0.24696 1.22124 1.759e+130.15215
0.925 1534.864 0.42935 0.04079 0.45015 0.30244 0.35114 0.03336 0.36815 0.24735 1.22272 1.761e+130.15041
0.930 1537.104 0.42968 0.04099 0.45026 0.30328 0.35099 0.03348 0.36780 0.24773 1.22421 1.763e+130.14866
0.935 1539.378 0.43001 0.04119 0.45037 0.30412 0.35083 0.03361 0.36744 0.24812 1.22570 1.765e+130.14691
0.940 1541.687 0.43035 0.04140 0.45048 0.30497 0.35068 0.03373 0.36708 0.24851 1.22719 1.767e+130.14515
0.945 1544.031 0.43068 0.04160 0.45059 0.30581 0.35052 0.03386 0.36673 0.24889 1.22869 1.769e+130.14339
0.950 1546.412 0.43102 0.04181 0.45070 0.30666 0.35037 0.03398 0.36637 0.24928 1.23019 1.771e+130.14163
0.955 1548.831 0.43135 0.04201 0.45082 0.30751 0.35021 0.03411 0.36601 0.24967 1.23169 1.774e+130.13986
0.960 1551.288 0.43168 0.04222 0.45093 0.30837 0.35005 0.03424 0.36566 0.25006 1.23320 1.776e+130.13809
0.965 1553.785 0.43202 0.04243 0.45104 0.30923 0.34989 0.03436 0.36530 0.25044 1.23471 1.778e+130.13632
0.970 1556.322 0.43235 0.04264 0.45115 0.31009 0.34974 0.03449 0.36494 0.25083 1.23623 1.780e+130.13454
0.975 1558.901 0.43269 0.04285 0.45126 0.31095 0.34958 0.03462 0.36458 0.25122 1.23775 1.782e+130.13277
0.980 1561.524 0.43302 0.04306 0.45137 0.31181 0.34942 0.03475 0.36423 0.25161 1.23927 1.785e+130.13098
0.985 1564.191 0.43336 0.04327 0.45149 0.31268 0.34926 0.03487 0.36387 0.25200 1.24079 1.787e+130.12920
0.990 1566.904 0.43370 0.04349 0.45160 0.31355 0.34910 0.03500 0.36351 0.25239 1.24232 1.789e+130.12741
0.995 1569.663 0.43403 0.04370 0.45171 0.31442 0.34894 0.03513 0.36315 0.25278 1.24386 1.791e+130.12562
1.000 1572.472 0.43437 0.04392 0.45182 0.31529 0.34878 0.03526 0.36279 0.25317 1.24540 1.793e+130.12383
1.005 1575.330 0.43471 0.04413 0.45193 0.31617 0.34862 0.03539 0.36243 0.25356 1.24694 1.796e+130.12203
1.010 1578.240 0.43504 0.04435 0.45204 0.31705 0.34846 0.03552 0.36207 0.25394 1.24848 1.798e+130.12023
1.015 1581.204 0.43538 0.04457 0.45216 0.31793 0.34829 0.03565 0.36172 0.25433 1.25003 1.800e+130.11843
1.020 1584.222 0.43572 0.04479 0.45227 0.31881 0.34813 0.03579 0.36136 0.25473 1.25159 1.802e+130.11663
1.025 1587.297 0.43606 0.04501 0.45238 0.31970 0.34797 0.03592 0.36100 0.25512 1.25314 1.805e+130.11482
1.030 1590.430 0.43639 0.04523 0.45249 0.32058 0.34781 0.03605 0.36064 0.25551 1.25470 1.807e+130.11301
1.035 1593.625 0.43673 0.04546 0.45260 0.32148 0.34764 0.03618 0.36028 0.25590 1.25627 1.809e+130.11120
1.040 1596.882 0.43707 0.04568 0.45272 0.32237 0.34748 0.03632 0.35992 0.25629 1.25784 1.811e+130.10939
1.045 1600.203 0.43741 0.04591 0.45283 0.32326 0.34731 0.03645 0.35956 0.25668 1.25941 1.814e+130.10758
1.050 1603.592 0.43775 0.04613 0.45294 0.32416 0.34715 0.03659 0.35920 0.25707 1.26098 1.816e+130.10576
1.055 1607.051 0.43809 0.04636 0.45305 0.32506 0.34698 0.03672 0.35883 0.25746 1.26256 1.818e+130.10395
1.060 1610.581 0.43843 0.04659 0.45316 0.32597 0.34682 0.03685 0.35847 0.25786 1.26415 1.820e+130.10213
1.065 1614.186 0.43877 0.04682 0.45328 0.32687 0.34665 0.03699 0.35811 0.25825 1.26574 1.823e+130.10031
1.070 1617.869 0.43911 0.04705 0.45339 0.32778 0.34648 0.03713 0.35775 0.25864 1.26733 1.825e+130.09849
1.075 1621.632 0.43945 0.04728 0.45350 0.32869 0.34632 0.03726 0.35739 0.25903 1.26892 1.827e+130.09666
1.080 1625.478 0.43979 0.04752 0.45361 0.32961 0.34615 0.03740 0.35703 0.25942 1.27052 1.830e+130.09484
1.085 1629.411 0.44013 0.04775 0.45373 0.33052 0.34598 0.03754 0.35667 0.25982 1.27213 1.832e+130.09302
1.090 1633.435 0.44047 0.04799 0.45384 0.33144 0.34581 0.03767 0.35630 0.26021 1.27374 1.834e+130.09119
1.095 1637.553 0.44081 0.04822 0.45395 0.33236 0.34564 0.03781 0.35594 0.26060 1.27535 1.837e+130.08937
1.100 1641.768 0.44115 0.04846 0.45406 0.33328 0.34547 0.03795 0.35558 0.26100 1.27696 1.839e+130.08754
1.105 1646.085 0.44150 0.04870 0.45418 0.33421 0.34530 0.03809 0.35522 0.26139 1.27858 1.841e+130.08572
1.110 1650.509 0.44184 0.04894 0.45429 0.33514 0.34513 0.03823 0.35485 0.26179 1.28021 1.843e+130.08389
1.115 1655.044 0.44218 0.04918 0.45440 0.33607 0.34496 0.03837 0.35449 0.26218 1.28183 1.846e+130.08207
1.120 1659.695 0.44252 0.04943 0.45451 0.33700 0.34479 0.03851 0.35413 0.26257 1.28347 1.848e+130.08024
1.125 1664.467 0.44287 0.04967 0.45462 0.33794 0.34462 0.03865 0.35377 0.26297 1.28510 1.851e+130.07842
1.130 1669.366 0.44321 0.04992 0.45474 0.33888 0.34444 0.03879 0.35340 0.26336 1.28674 1.853e+130.07659
1.135 1674.397 0.44355 0.05016 0.45485 0.33982 0.34427 0.03893 0.35304 0.26376 1.28839 1.855e+130.07477
1.140 1679.569 0.44390 0.05041 0.45496 0.34077 0.34410 0.03908 0.35267 0.26415 1.29004 1.858e+130.07295
1.145 1684.886 0.44424 0.05066 0.45508 0.34171 0.34392 0.03922 0.35231 0.26455 1.29169 1.860e+130.07113
1.150 1690.357 0.44459 0.05091 0.45519 0.34266 0.34375 0.03936 0.35195 0.26494 1.29335 1.862e+130.06932
1.155 1695.990 0.44493 0.05116 0.45530 0.34362 0.34357 0.03951 0.35158 0.26534 1.29501 1.865e+130.06750
1.160 1701.792 0.44528 0.05141 0.45541 0.34457 0.34340 0.03965 0.35122 0.26573 1.29667 1.867e+130.06569
1.165 1707.775 0.44562 0.05167 0.45553 0.34553 0.34322 0.03979 0.35085 0.26613 1.29834 1.870e+130.06388
1.170 1713.946 0.44597 0.05192 0.45564 0.34649 0.34305 0.03994 0.35049 0.26653 1.30001 1.872e+130.06208
1.175 1720.317 0.44631 0.05218 0.45575 0.34745 0.34287 0.04008 0.35012 0.26692 1.30169 1.874e+130.06027
1.180 1726.900 0.44666 0.05244 0.45586 0.34842 0.34269 0.04023 0.34976 0.26732 1.30337 1.877e+130.05847
1.185 1733.708 0.44700 0.05269 0.45598 0.34938 0.34252 0.04038 0.34939 0.26771 1.30506 1.879e+130.05668
1.190 1740.753 0.44735 0.05295 0.45609 0.35036 0.34234 0.04052 0.34903 0.26811 1.30675 1.882e+130.05489
1.195 1748.051 0.44770 0.05322 0.45620 0.35133 0.34216 0.04067 0.34866 0.26851 1.30845 1.884e+130.05311
1.200 1755.619 0.44805 0.05348 0.45632 0.35230 0.34198 0.04082 0.34829 0.26891 1.31014 1.887e+130.05133
1.205 1763.474 0.44839 0.05374 0.45643 0.35328 0.34180 0.04097 0.34793 0.26930 1.31185 1.889e+130.04955
1.210 1771.636 0.44874 0.05401 0.45654 0.35427 0.34162 0.04112 0.34756 0.26970 1.31356 1.892e+130.04778
1.215 1780.126 0.44909 0.05427 0.45665 0.35525 0.34144 0.04127 0.34720 0.27010 1.31527 1.894e+130.04602
1.220 1788.969 0.44944 0.05454 0.45677 0.35624 0.34126 0.04141 0.34683 0.27049 1.31698 1.896e+130.04427
1.225 1798.192 0.44978 0.05481 0.45688 0.35723 0.34108 0.04156 0.34646 0.27089 1.31870 1.899e+130.04253
1.230 1807.823 0.45013 0.05508 0.45699 0.35822 0.34090 0.04172 0.34609 0.27129 1.32043 1.901e+130.04079
1.235 1817.895 0.45048 0.05535 0.45711 0.35922 0.34072 0.04187 0.34573 0.27169 1.32216 1.904e+130.03906
1.240 1828.446 0.45083 0.05563 0.45722 0.36021 0.34053 0.04202 0.34536 0.27209 1.32389 1.906e+130.03734
1.245 1839.516 0.45118 0.05590 0.45733 0.36121 0.34035 0.04217 0.34499 0.27248 1.32563 1.909e+130.03564
1.250 1851.152 0.45153 0.05618 0.45745 0.36222 0.34017 0.04232 0.34463 0.27288 1.32737 1.911e+130.03394
1.255 1863.407 0.45188 0.05646 0.45756 0.36322 0.33998 0.04248 0.34426 0.27328 1.32912 1.914e+130.03226
1.260 1876.341 0.45223 0.05673 0.45767 0.36423 0.33980 0.04263 0.34389 0.27368 1.33087 1.916e+130.03059
1.265 1890.023 0.45258 0.05701 0.45779 0.36525 0.33962 0.04278 0.34352 0.27408 1.33263 1.919e+130.02893
1.270 1904.532 0.45293 0.05730 0.45790 0.36626 0.33943 0.04294 0.34315 0.27448 1.33439 1.922e+130.02729
1.275 1919.959 0.45328 0.05758 0.45801 0.36728 0.33925 0.04309 0.34278 0.27488 1.33616 1.924e+130.02567
1.280 1936.412 0.45364 0.05786 0.45813 0.36830 0.33906 0.04325 0.34242 0.27528 1.33792 1.927e+130.02406
1.285 1954.016 0.45399 0.05815 0.45824 0.36932 0.33887 0.04340 0.34205 0.27568 1.33970 1.929e+130.02247
1.290 1972.919 0.45434 0.05844 0.45835 0.37035 0.33869 0.04356 0.34168 0.27608 1.34148 1.932e+130.02091
1.295 1993.298 0.45469 0.05872 0.45847 0.37138 0.33850 0.04372 0.34131 0.27648 1.34326 1.934e+130.01936
1.300 2015.368 0.45504 0.05901 0.45858 0.37241 0.33831 0.04388 0.34094 0.27688 1.34505 1.937e+130.01784
1.305 2039.388 0.45540 0.05931 0.45869 0.37345 0.33812 0.04403 0.34057 0.27727 1.34684 1.939e+130.01634
1.310 2065.680 0.45575 0.05960 0.45881 0.37448 0.33793 0.04419 0.34020 0.27767 1.34864 1.942e+130.01488
1.315 2094.644 0.45610 0.05989 0.45892 0.37552 0.33774 0.04435 0.33983 0.27808 1.35044 1.945e+130.01344
1.320 2126.790 0.45646 0.06019 0.45903 0.37657 0.33755 0.04451 0.33946 0.27848 1.35225 1.947e+130.01204
1.325 2162.775 0.45681 0.06049 0.45915 0.37761 0.33736 0.04467 0.33909 0.27888 1.35406 1.950e+130.01068
1.330 2203.467 0.45716 0.06078 0.45926 0.37866 0.33717 0.04483 0.33872 0.27928 1.35587 1.952e+130.00936
1.335 2250.033 0.45752 0.06108 0.45938 0.37972 0.33698 0.04499 0.33835 0.27968 1.35769 1.955e+130.00808
1.340 2304.098 0.45787 0.06139 0.45949 0.38077 0.33679 0.04515 0.33798 0.28008 1.35952 1.958e+130.00686
1.345 2367.986 0.45823 0.06169 0.45960 0.38183 0.33660 0.04531 0.33761 0.28048 1.36135 1.960e+130.00569
1.350 2445.172 0.45858 0.06199 0.45972 0.38289 0.33641 0.04548 0.33724 0.28088 1.36318 1.963e+130.00459
1.355 2541.105 0.45894 0.06230 0.45983 0.38395 0.33621 0.04564 0.33687 0.28128 1.36502 1.966e+130.00356
1.360 2664.895 0.45930 0.06261 0.45994 0.38502 0.33602 0.04580 0.33650 0.28168 1.36687 1.968e+130.00263
1.365 2833.073 0.45965 0.06292 0.46006 0.38609 0.33583 0.04597 0.33612 0.28208 1.36872 1.971e+130.00180
1.370 3079.182 0.46001 0.06323 0.46017 0.38716 0.33563 0.04613 0.33575 0.28248 1.37057 1.974e+130.00110
1.375 3482.927 0.46036 0.06354 0.46029 0.38824 0.33544 0.04630 0.33538 0.28288 1.37243 1.976e+130.00055
1.380 4284.717 0.46072 0.06385 0.46040 0.38932 0.33524 0.04646 0.33501 0.28329 1.37429 1.979e+130.00020
1.385 6556.193 0.46108 0.06417 0.46051 0.39040 0.33505 0.04663 0.33464 0.28369 1.37616 1.982e+130.00003
1.390 19909.839 0.46144 0.06448 0.46063 0.39148 0.33485 0.04679 0.33426 0.28409 1.37803 1.984e+130.00000
