timeGa Urey Qt heat/H0 heatTW 1HPE 2HPE 3HPE 4HPE TempC
0.000 0.38000 36.00000 1.00000 13.68000 0.37200 0.01640 0.43000 0.18100 1351.850
0.005 0.38014 36.00000 1.00038 13.68518 0.37215 0.01647 0.42994 0.18143 1352.353
0.010 0.37974 36.07320 1.00136 13.69860 0.37207 0.01654 0.42963 0.18176 1352.857
0.015 0.37934 36.14671 1.00234 13.71205 0.37199 0.01661 0.42931 0.18209 1353.362
0.020 0.37894 36.22053 1.00333 13.72552 0.37192 0.01667 0.42900 0.18241 1353.869
0.025 0.37854 36.29465 1.00431 13.73902 0.37184 0.01674 0.42868 0.18274 1354.377
0.030 0.37814 36.36908 1.00530 13.75255 0.37176 0.01680 0.42837 0.18307 1354.886
0.035 0.37774 36.44383 1.00629 13.76611 0.37168 0.01687 0.42805 0.18340 1355.397
0.040 0.37733 36.51889 1.00729 13.77970 0.37161 0.01694 0.42773 0.18372 1355.909
0.045 0.37693 36.59426 1.00828 13.79332 0.37153 0.01700 0.42742 0.18405 1356.423
0.050 0.37652 36.66995 1.00928 13.80696 0.37145 0.01707 0.42710 0.18438 1356.938
0.055 0.37611 36.74597 1.01028 13.82063 0.37137 0.01714 0.42678 0.18471 1357.454
0.060 0.37571 36.82230 1.01128 13.83434 0.37129 0.01720 0.42647 0.18504 1357.972
0.065 0.37530 36.89896 1.01229 13.84807 0.37121 0.01727 0.42615 0.18537 1358.491
0.070 0.37489 36.97594 1.01329 13.86183 0.37113 0.01734 0.42583 0.18570 1359.012
0.075 0.37448 37.05325 1.01430 13.87562 0.37104 0.01741 0.42551 0.18603 1359.534
0.080 0.37407 37.13089 1.01531 13.88944 0.37096 0.01748 0.42520 0.18636 1360.058
0.085 0.37366 37.20886 1.01632 13.90329 0.37088 0.01755 0.42488 0.18670 1360.583
0.090 0.37324 37.28717 1.01734 13.91716 0.37080 0.01761 0.42456 0.18703 1361.109
0.095 0.37283 37.36581 1.01835 13.93107 0.37071 0.01768 0.42424 0.18736 1361.637
0.100 0.37242 37.44479 1.01937 13.94501 0.37063 0.01775 0.42392 0.18769 1362.166
0.105 0.37200 37.52411 1.02039 13.95897 0.37055 0.01782 0.42360 0.18803 1362.697
0.110 0.37158 37.60378 1.02142 13.97297 0.37046 0.01789 0.42328 0.18836 1363.229
0.115 0.37117 37.68378 1.02244 13.98699 0.37038 0.01796 0.42296 0.18869 1363.763
0.120 0.37075 37.76414 1.02347 14.00105 0.37029 0.01803 0.42264 0.18903 1364.299
0.125 0.37033 37.84484 1.02450 14.01513 0.37021 0.01811 0.42232 0.18936 1364.835
0.130 0.36991 37.92590 1.02553 14.02925 0.37012 0.01818 0.42200 0.18970 1365.374
0.135 0.36949 38.00731 1.02656 14.04340 0.37004 0.01825 0.42168 0.19003 1365.913
0.140 0.36907 38.08907 1.02760 14.05757 0.36995 0.01832 0.42136 0.19037 1366.455
0.145 0.36865 38.17120 1.02864 14.07178 0.36986 0.01839 0.42104 0.19071 1366.998
0.150 0.36823 38.25368 1.02968 14.08601 0.36978 0.01846 0.42072 0.19104 1367.542
0.155 0.36780 38.33653 1.03072 14.10028 0.36969 0.01854 0.42040 0.19138 1368.088
0.160 0.36738 38.41974 1.03177 14.11458 0.36960 0.01861 0.42007 0.19172 1368.635
0.165 0.36695 38.50332 1.03281 14.12891 0.36951 0.01868 0.41975 0.19206 1369.184
0.170 0.36653 38.58727 1.03386 14.14327 0.36942 0.01875 0.41943 0.19239 1369.735
0.175 0.36610 38.67159 1.03492 14.15766 0.36933 0.01883 0.41911 0.19273 1370.287
0.180 0.36567 38.75628 1.03597 14.17208 0.36924 0.01890 0.41878 0.19307 1370.841
0.185 0.36524 38.84136 1.03703 14.18653 0.36915 0.01898 0.41846 0.19341 1371.396
0.190 0.36481 38.92681 1.03809 14.20102 0.36906 0.01905 0.41814 0.19375 1371.953
0.195 0.36438 39.01265 1.03915 14.21553 0.36897 0.01912 0.41781 0.19409 1372.512
0.200 0.36395 39.09887 1.04021 14.23008 0.36888 0.01920 0.41749 0.19443 1373.072
0.205 0.36352 39.18547 1.04128 14.24465 0.36879 0.01927 0.41717 0.19477 1373.634
0.210 0.36309 39.27247 1.04234 14.25926 0.36870 0.01935 0.41684 0.19511 1374.197
0.215 0.36265 39.35986 1.04341 14.27390 0.36860 0.01942 0.41652 0.19545 1374.762
0.220 0.36222 39.44764 1.04449 14.28858 0.36851 0.01950 0.41619 0.19580 1375.329
0.225 0.36178 39.53583 1.04556 14.30328 0.36842 0.01958 0.41587 0.19614 1375.898
0.230 0.36134 39.62441 1.04664 14.31802 0.36832 0.01965 0.41554 0.19648 1376.468
0.235 0.36091 39.71339 1.04772 14.33278 0.36823 0.01973 0.41522 0.19682 1377.039
0.240 0.36047 39.80279 1.04880 14.34758 0.36813 0.01981 0.41489 0.19717 1377.613
0.245 0.36003 39.89258 1.04988 14.36242 0.36804 0.01988 0.41457 0.19751 1378.188
0.250 0.35959 39.98280 1.05097 14.37728 0.36794 0.01996 0.41424 0.19785 1378.765
0.255 0.35915 40.07342 1.05206 14.39218 0.36785 0.02004 0.41391 0.19820 1379.343
0.260 0.35870 40.16446 1.05315 14.40711 0.36775 0.02012 0.41359 0.19854 1379.923
0.265 0.35826 40.25592 1.05424 14.42207 0.36765 0.02020 0.41326 0.19889 1380.505
0.270 0.35782 40.34780 1.05534 14.43707 0.36756 0.02027 0.41293 0.19923 1381.089
0.275 0.35737 40.44011 1.05644 14.45209 0.36746 0.02035 0.41261 0.19958 1381.674
0.280 0.35692 40.53285 1.05754 14.46716 0.36736 0.02043 0.41228 0.19993 1382.261
0.285 0.35648 40.62602 1.05864 14.48225 0.36726 0.02051 0.41195 0.20027 1382.850
0.290 0.35603 40.71962 1.05975 14.49738 0.36716 0.02059 0.41162 0.20062 1383.441
0.295 0.35558 40.81366 1.06086 14.51254 0.36707 0.02067 0.41129 0.20097 1384.033
0.300 0.35513 40.90813 1.06197 14.52773 0.36697 0.02075 0.41097 0.20132 1384.628
0.305 0.35468 41.00305 1.06308 14.54296 0.36687 0.02083 0.41064 0.20166 1385.224
0.310 0.35423 41.09842 1.06420 14.55822 0.36677 0.02091 0.41031 0.20201 1385.822
0.315 0.35378 41.19424 1.06532 14.57351 0.36666 0.02100 0.40998 0.20236 1386.421
0.320 0.35332 41.29051 1.06644 14.58884 0.36656 0.02108 0.40965 0.20271 1387.023
0.325 0.35287 41.38723 1.06756 14.60420 0.36646 0.02116 0.40932 0.20306 1387.626
0.330 0.35241 41.48441 1.06868 14.61959 0.36636 0.02124 0.40899 0.20341 1388.231
0.335 0.35196 41.58205 1.06981 14.63502 0.36626 0.02132 0.40866 0.20376 1388.838
0.340 0.35150 41.68016 1.07094 14.65049 0.36615 0.02141 0.40833 0.20411 1389.447
0.345 0.35104 41.77874 1.07207 14.66599 0.36605 0.02149 0.40800 0.20446 1390.058
0.350 0.35058 41.87779 1.07321 14.68152 0.36595 0.02157 0.40767 0.20481 1390.670
0.355 0.35012 41.97731 1.07435 14.69708 0.36584 0.02166 0.40734 0.20516 1391.285
0.360 0.34966 42.07731 1.07549 14.71268 0.36574 0.02174 0.40701 0.20552 1391.901
0.365 0.34920 42.17779 1.07663 14.72832 0.36563 0.02182 0.40668 0.20587 1392.520
0.370 0.34873 42.27876 1.07778 14.74399 0.36553 0.02191 0.40634 0.20622 1393.140
0.375 0.34827 42.38022 1.07893 14.75970 0.36542 0.02199 0.40601 0.20657 1393.762
0.380 0.34780 42.48217 1.08008 14.77544 0.36532 0.02208 0.40568 0.20693 1394.386
0.385 0.34734 42.58461 1.08123 14.79121 0.36521 0.02216 0.40535 0.20728 1395.012
0.390 0.34687 42.68755 1.08238 14.80702 0.36510 0.02225 0.40501 0.20763 1395.640
0.395 0.34640 42.79099 1.08354 14.82287 0.36499 0.02233 0.40468 0.20799 1396.270
0.400 0.34593 42.89494 1.08470 14.83875 0.36489 0.02242 0.40435 0.20834 1396.902
0.405 0.34546 42.99940 1.08587 14.85466 0.36478 0.02251 0.40402 0.20870 1397.536
0.410 0.34499 43.10438 1.08703 14.87062 0.36467 0.02259 0.40368 0.20905 1398.172
0.415 0.34452 43.20986 1.08820 14.88661 0.36456 0.02268 0.40335 0.20941 1398.810
0.420 0.34405 43.31588 1.08937 14.90263 0.36445 0.02277 0.40301 0.20977 1399.450
0.425 0.34357 43.42241 1.09055 14.91869 0.36434 0.02286 0.40268 0.21012 1400.092
0.430 0.34310 43.52947 1.09172 14.93478 0.36423 0.02294 0.40235 0.21048 1400.736
0.435 0.34262 43.63707 1.09290 14.95092 0.36412 0.02303 0.40201 0.21084 1401.383
0.440 0.34214 43.74520 1.09409 14.96708 0.36401 0.02312 0.40168 0.21119 1402.031
0.445 0.34166 43.85387 1.09527 14.98329 0.36390 0.02321 0.40134 0.21155 1402.681
0.450 0.34118 43.96308 1.09646 14.99953 0.36378 0.02330 0.40101 0.21191 1403.334
0.455 0.34070 44.07285 1.09765 15.01581 0.36367 0.02339 0.40067 0.21227 1403.988
0.460 0.34022 44.18316 1.09884 15.03212 0.36356 0.02348 0.40033 0.21263 1404.645
0.465 0.33974 44.29403 1.10003 15.04847 0.36344 0.02357 0.40000 0.21299 1405.303
0.470 0.33926 44.40546 1.10123 15.06486 0.36333 0.02366 0.39966 0.21335 1405.964
0.475 0.33877 44.51746 1.10243 15.08129 0.36322 0.02375 0.39933 0.21371 1406.627
0.480 0.33829 44.63002 1.10364 15.09775 0.36310 0.02384 0.39899 0.21407 1407.293
0.485 0.33780 44.74316 1.10484 15.11425 0.36299 0.02393 0.39865 0.21443 1407.960
0.490 0.33731 44.85687 1.10605 15.13078 0.36287 0.02403 0.39832 0.21479 1408.630
0.495 0.33682 44.97116 1.10726 15.14736 0.36275 0.02412 0.39798 0.21515 1409.302
0.500 0.33633 45.08604 1.10848 15.16397 0.36264 0.02421 0.39764 0.21551 1409.976
0.505 0.33584 45.20151 1.10969 15.18062 0.36252 0.02430 0.39730 0.21587 1410.652
0.510 0.33535 45.31757 1.11091 15.19731 0.36240 0.02440 0.39696 0.21623 1411.330
0.515 0.33486 45.43423 1.11214 15.21403 0.36229 0.02449 0.39663 0.21660 1412.011
0.520 0.33436 45.55150 1.11336 15.23080 0.36217 0.02458 0.39629 0.21696 1412.694
0.525 0.33387 45.66937 1.11459 15.24760 0.36205 0.02468 0.39595 0.21732 1413.379
0.530 0.33337 45.78786 1.11582 15.26444 0.36193 0.02477 0.39561 0.21769 1414.067
0.535 0.33288 45.90696 1.11706 15.28132 0.36181 0.02487 0.39527 0.21805 1414.757
0.540 0.33238 46.02669 1.11829 15.29824 0.36169 0.02496 0.39493 0.21841 1415.449
0.545 0.33188 46.14704 1.11953 15.31519 0.36157 0.02506 0.39459 0.21878 1416.143
0.550 0.33138 46.26802 1.12077 15.33219 0.36145 0.02515 0.39425 0.21914 1416.840
0.555 0.33088 46.38964 1.12202 15.34922 0.36133 0.02525 0.39391 0.21951 1417.539
0.560 0.33037 46.51190 1.12327 15.36629 0.36121 0.02535 0.39357 0.21987 1418.241
0.565 0.32987 46.63481 1.12452 15.38341 0.36109 0.02544 0.39323 0.22024 1418.945
0.570 0.32936 46.75836 1.12577 15.40056 0.36096 0.02554 0.39289 0.22061 1419.651
0.575 0.32886 46.88258 1.12703 15.41775 0.36084 0.02564 0.39255 0.22097 1420.360
0.580 0.32835 47.00745 1.12829 15.43498 0.36072 0.02574 0.39221 0.22134 1421.071
0.585 0.32784 47.13299 1.12955 15.45225 0.36059 0.02583 0.39187 0.22171 1421.785
0.590 0.32733 47.25920 1.13082 15.46956 0.36047 0.02593 0.39153 0.22207 1422.501
0.595 0.32682 47.38609 1.13208 15.48691 0.36034 0.02603 0.39118 0.22244 1423.220
0.600 0.32631 47.51367 1.13335 15.50430 0.36022 0.02613 0.39084 0.22281 1423.941
0.605 0.32580 47.64193 1.13463 15.52173 0.36009 0.02623 0.39050 0.22318 1424.664
0.610 0.32529 47.77088 1.13591 15.53920 0.35997 0.02633 0.39016 0.22355 1425.390
0.615 0.32477 47.90053 1.13719 15.55671 0.35984 0.02643 0.38981 0.22391 1426.119
0.620 0.32426 48.03088 1.13847 15.57426 0.35971 0.02653 0.38947 0.22428 1426.850
0.625 0.32374 48.16195 1.13976 15.59185 0.35959 0.02663 0.38913 0.22465 1427.584
0.630 0.32322 48.29372 1.14104 15.60948 0.35946 0.02673 0.38879 0.22502 1428.320
0.635 0.32270 48.42622 1.14234 15.62715 0.35933 0.02683 0.38844 0.22539 1429.059
0.640 0.32218 48.55945 1.14363 15.64487 0.35920 0.02694 0.38810 0.22576 1429.800
0.645 0.32166 48.69341 1.14493 15.66262 0.35907 0.02704 0.38775 0.22613 1430.544
0.650 0.32114 48.82811 1.14623 15.68042 0.35894 0.02714 0.38741 0.22651 1431.291
0.655 0.32061 48.96355 1.14753 15.69826 0.35881 0.02724 0.38707 0.22688 1432.040
0.660 0.32009 49.09974 1.14884 15.71614 0.35868 0.02735 0.38672 0.22725 1432.792
0.665 0.31956 49.23669 1.15015 15.73406 0.35855 0.02745 0.38638 0.22762 1433.547
0.670 0.31903 49.37440 1.15146 15.75202 0.35842 0.02756 0.38603 0.22799 1434.304
0.675 0.31850 49.51288 1.15278 15.77003 0.35829 0.02766 0.38569 0.22837 1435.064
0.680 0.31797 49.65213 1.15410 15.78808 0.35816 0.02776 0.38534 0.22874 1435.827
0.685 0.31744 49.79216 1.15542 15.80617 0.35803 0.02787 0.38499 0.22911 1436.593
0.690 0.31691 49.93299 1.15675 15.82430 0.35789 0.02798 0.38465 0.22948 1437.361
0.695 0.31638 50.07460 1.15808 15.84247 0.35776 0.02808 0.38430 0.22986 1438.132
0.700 0.31584 50.21702 1.15941 15.86069 0.35763 0.02819 0.38396 0.23023 1438.906
0.705 0.31531 50.36024 1.16074 15.87895 0.35749 0.02829 0.38361 0.23061 1439.683
0.710 0.31477 50.50428 1.16208 15.89725 0.35736 0.02840 0.38326 0.23098 1440.462
0.715 0.31423 50.64914 1.16342 15.91560 0.35722 0.02851 0.38292 0.23136 1441.245
0.720 0.31369 50.79483 1.16477 15.93399 0.35709 0.02862 0.38257 0.23173 1442.030
0.725 0.31315 50.94135 1.16611 15.95242 0.35695 0.02872 0.38222 0.23211 1442.818
0.730 0.31261 51.08871 1.16746 15.97089 0.35681 0.02883 0.38187 0.23248 1443.609
0.735 0.31207 51.23692 1.16882 15.98941 0.35668 0.02894 0.38152 0.23286 1444.403
0.740 0.31152 51.38598 1.17017 16.00797 0.35654 0.02905 0.38118 0.23323 1445.200
0.745 0.31098 51.53591 1.17153 16.02658 0.35640 0.02916 0.38083 0.23361 1446.000
0.750 0.31043 51.68671 1.17290 16.04523 0.35626 0.02927 0.38048 0.23399 1446.803
0.755 0.30988 51.83838 1.17426 16.06393 0.35612 0.02938 0.38013 0.23437 1447.608
0.760 0.30934 51.99094 1.17563 16.08266 0.35598 0.02949 0.37978 0.23474 1448.417
0.765 0.30879 52.14440 1.17701 16.10145 0.35584 0.02960 0.37943 0.23512 1449.229
0.770 0.30823 52.29875 1.17838 16.12028 0.35570 0.02971 0.37908 0.23550 1450.044
0.775 0.30768 52.45401 1.17976 16.13915 0.35556 0.02982 0.37873 0.23588 1450.862
0.780 0.30713 52.61018 1.18115 16.15807 0.35542 0.02994 0.37838 0.23626 1451.683
0.785 0.30657 52.76728 1.18253 16.17703 0.35528 0.03005 0.37803 0.23663 1452.507
0.790 0.30602 52.92531 1.18392 16.19604 0.35514 0.03016 0.37768 0.23701 1453.335
0.795 0.30546 53.08427 1.18531 16.21509 0.35500 0.03028 0.37733 0.23739 1454.165
0.800 0.30490 53.24419 1.18671 16.23419 0.35486 0.03039 0.37698 0.23777 1454.999
0.805 0.30434 53.40506 1.18811 16.25333 0.35471 0.03050 0.37663 0.23815 1455.836
0.810 0.30378 53.56689 1.18951 16.27252 0.35457 0.03062 0.37628 0.23853 1456.676
0.815 0.30322 53.72970 1.19092 16.29175 0.35442 0.03073 0.37593 0.23891 1457.519
0.820 0.30265 53.89348 1.19233 16.31103 0.35428 0.03085 0.37558 0.23929 1458.366
0.825 0.30209 54.05826 1.19374 16.33036 0.35413 0.03096 0.37523 0.23967 1459.216
0.830 0.30152 54.22403 1.19516 16.34973 0.35399 0.03108 0.37488 0.24006 1460.069
0.835 0.30095 54.39081 1.19658 16.36915 0.35384 0.03120 0.37452 0.24044 1460.925
0.840 0.30039 54.55861 1.19800 16.38862 0.35370 0.03131 0.37417 0.24082 1461.785
0.845 0.29982 54.72743 1.19942 16.40813 0.35355 0.03143 0.37382 0.24120 1462.648
0.850 0.29924 54.89728 1.20085 16.42769 0.35340 0.03155 0.37347 0.24158 1463.515
0.855 0.29867 55.06818 1.20229 16.44730 0.35326 0.03167 0.37311 0.24197 1464.385
0.860 0.29810 55.24013 1.20372 16.46695 0.35311 0.03178 0.37276 0.24235 1465.258
0.865 0.29752 55.41314 1.20516 16.48665 0.35296 0.03190 0.37241 0.24273 1466.135
0.870 0.29695 55.58722 1.20661 16.50640 0.35281 0.03202 0.37205 0.24311 1467.015
0.875 0.29637 55.76238 1.20806 16.52620 0.35266 0.03214 0.37170 0.24350 1467.899
0.880 0.29579 55.93863 1.20951 16.54604 0.35251 0.03226 0.37135 0.24388 1468.787
0.885 0.29521 56.11598 1.21096 16.56594 0.35236 0.03238 0.37099 0.24427 1469.677
0.890 0.29463 56.29445 1.21242 16.58588 0.35221 0.03250 0.37064 0.24465 1470.572
0.895 0.29404 56.47403 1.21388 16.60586 0.35206 0.03262 0.37028 0.24504 1471.470
0.900 0.29346 56.65474 1.21534 16.62590 0.35191 0.03275 0.36993 0.24542 1472.372
0.905 0.29287 56.83660 1.21681 16.64598 0.35175 0.03287 0.36957 0.24580 1473.277
0.910 0.29229 57.01960 1.21828 16.66612 0.35160 0.03299 0.36922 0.24619 1474.186
0.915 0.29170 57.20377 1.21976 16.68630 0.35145 0.03311 0.36886 0.24658 1475.099
0.920 0.29111 57.38911 1.22124 16.70653 0.35130 0.03324 0.36851 0.24696 1476.015
0.925 0.29052 57.57563 1.22272 16.72681 0.35114 0.03336 0.36815 0.24735 1476.935
0.930 0.28993 57.76335 1.22421 16.74714 0.35099 0.03348 0.36780 0.24773 1477.859
0.935 0.28933 57.95228 1.22570 16.76752 0.35083 0.03361 0.36744 0.24812 1478.787
0.940 0.28874 58.14242 1.22719 16.78795 0.35068 0.03373 0.36708 0.24851 1479.718
0.945 0.28814 58.33379 1.22869 16.80843 0.35052 0.03386 0.36673 0.24889 1480.654
0.950 0.28754 58.52639 1.23019 16.82896 0.35037 0.03398 0.36637 0.24928 1481.593
0.955 0.28695 58.72025 1.23169 16.84954 0.35021 0.03411 0.36601 0.24967 1482.536
0.960 0.28635 58.91538 1.23320 16.87017 0.35005 0.03424 0.36566 0.25006 1483.483
0.965 0.28574 59.11177 1.23471 16.89085 0.34989 0.03436 0.36530 0.25044 1484.434
0.970 0.28514 59.30946 1.23623 16.91158 0.34974 0.03449 0.36494 0.25083 1485.389
0.975 0.28454 59.50844 1.23775 16.93236 0.34958 0.03462 0.36458 0.25122 1486.348
0.980 0.28393 59.70874 1.23927 16.95319 0.34942 0.03475 0.36423 0.25161 1487.312
0.985 0.28332 59.91036 1.24079 16.97407 0.34926 0.03487 0.36387 0.25200 1488.279
0.990 0.28272 60.11331 1.24232 16.99501 0.34910 0.03500 0.36351 0.25239 1489.250
0.995 0.28211 60.31762 1.24386 17.01599 0.34894 0.03513 0.36315 0.25278 1490.225
1.000 0.28150 60.52329 1.24540 17.03703 0.34878 0.03526 0.36279 0.25317 1491.205
1.005 0.28088 60.73033 1.24694 17.05812 0.34862 0.03539 0.36243 0.25356 1492.189
1.010 0.28027 60.93877 1.24848 17.07926 0.34846 0.03552 0.36207 0.25394 1493.177
1.015 0.27965 61.14860 1.25003 17.10045 0.34829 0.03565 0.36172 0.25433 1494.169
1.020 0.27904 61.35986 1.25159 17.12170 0.34813 0.03579 0.36136 0.25473 1495.165
1.025 0.27842 61.57254 1.25314 17.14299 0.34797 0.03592 0.36100 0.25512 1496.166
1.030 0.27780 61.78667 1.25470 17.16434 0.34781 0.03605 0.36064 0.25551 1497.171
1.035 0.27718 62.00225 1.25627 17.18575 0.34764 0.03618 0.36028 0.25590 1498.181
1.040 0.27656 62.21931 1.25784 17.20720 0.34748 0.03632 0.35992 0.25629 1499.195
1.045 0.27593 62.43786 1.25941 17.22871 0.34731 0.03645 0.35956 0.25668 1500.213
1.050 0.27531 62.65791 1.26098 17.25027 0.34715 0.03659 0.35920 0.25707 1501.236
1.055 0.27468 62.87947 1.26256 17.27189 0.34698 0.03672 0.35883 0.25746 1502.263
1.060 0.27405 63.10257 1.26415 17.29356 0.34682 0.03685 0.35847 0.25786 1503.295
1.065 0.27343 63.32721 1.26574 17.31528 0.34665 0.03699 0.35811 0.25825 1504.332
1.070 0.27279 63.55342 1.26733 17.33706 0.34648 0.03713 0.35775 0.25864 1505.373
1.075 0.27216 63.78121 1.26892 17.35889 0.34632 0.03726 0.35739 0.25903 1506.418
1.080 0.27153 64.01059 1.27052 17.38077 0.34615 0.03740 0.35703 0.25942 1507.469
1.085 0.27089 64.24158 1.27213 17.40271 0.34598 0.03754 0.35667 0.25982 1508.524
1.090 0.27026 64.47420 1.27374 17.42471 0.34581 0.03767 0.35630 0.26021 1509.584
1.095 0.26962 64.70846 1.27535 17.44675 0.34564 0.03781 0.35594 0.26060 1510.648
1.100 0.26898 64.94438 1.27696 17.46886 0.34547 0.03795 0.35558 0.26100 1511.718
1.105 0.26834 65.18198 1.27858 17.49102 0.34530 0.03809 0.35522 0.26139 1512.792
1.110 0.26770 65.42128 1.28021 17.51323 0.34513 0.03823 0.35485 0.26179 1513.871
1.115 0.26706 65.66228 1.28183 17.53550 0.34496 0.03837 0.35449 0.26218 1514.955
1.120 0.26641 65.90502 1.28347 17.55783 0.34479 0.03851 0.35413 0.26257 1516.044
1.125 0.26576 66.14951 1.28510 17.58021 0.34462 0.03865 0.35377 0.26297 1517.138
1.130 0.26512 66.39576 1.28674 17.60265 0.34444 0.03879 0.35340 0.26336 1518.237
1.135 0.26447 66.64379 1.28839 17.62514 0.34427 0.03893 0.35304 0.26376 1519.342
1.140 0.26382 66.89363 1.29004 17.64769 0.34410 0.03908 0.35267 0.26415 1520.451
1.145 0.26317 67.14529 1.29169 17.67030 0.34392 0.03922 0.35231 0.26455 1521.565
1.150 0.26251 67.39879 1.29335 17.69297 0.34375 0.03936 0.35195 0.26494 1522.685
1.155 0.26186 67.65415 1.29501 17.71569 0.34357 0.03951 0.35158 0.26534 1523.810
1.160 0.26120 67.91139 1.29667 17.73847 0.34340 0.03965 0.35122 0.26573 1524.940
1.165 0.26054 68.17053 1.29834 17.76130 0.34322 0.03979 0.35085 0.26613 1526.076
1.170 0.25988 68.43159 1.30001 17.78419 0.34305 0.03994 0.35049 0.26653 1527.217
1.175 0.25922 68.69459 1.30169 17.80715 0.34287 0.04008 0.35012 0.26692 1528.363
1.180 0.25856 68.95956 1.30337 17.83016 0.34269 0.04023 0.34976 0.26732 1529.515
1.185 0.25790 69.22650 1.30506 17.85322 0.34252 0.04038 0.34939 0.26771 1530.672
1.190 0.25723 69.49545 1.30675 17.87635 0.34234 0.04052 0.34903 0.26811 1531.834
1.195 0.25656 69.76643 1.30845 17.89953 0.34216 0.04067 0.34866 0.26851 1533.003
1.200 0.25590 70.03946 1.31014 17.92278 0.34198 0.04082 0.34829 0.26891 1534.177
1.205 0.25523 70.31455 1.31185 17.94608 0.34180 0.04097 0.34793 0.26930 1535.356
1.210 0.25455 70.59174 1.31356 17.96944 0.34162 0.04112 0.34756 0.26970 1536.542
1.215 0.25388 70.87104 1.31527 17.99286 0.34144 0.04127 0.34720 0.27010 1537.733
1.220 0.25321 71.15248 1.31698 18.01634 0.34126 0.04141 0.34683 0.27049 1538.930
1.225 0.25253 71.43609 1.31870 18.03988 0.34108 0.04156 0.34646 0.27089 1540.133
1.230 0.25185 71.72188 1.32043 18.06348 0.34090 0.04172 0.34609 0.27129 1541.341
1.235 0.25118 72.00988 1.32216 18.08714 0.34072 0.04187 0.34573 0.27169 1542.556
1.240 0.25050 72.30012 1.32389 18.11086 0.34053 0.04202 0.34536 0.27209 1543.777
1.245 0.24981 72.59261 1.32563 18.13464 0.34035 0.04217 0.34499 0.27248 1545.003
1.250 0.24913 72.88739 1.32737 18.15848 0.34017 0.04232 0.34463 0.27288 1546.236
1.255 0.24845 73.18449 1.32912 18.18238 0.33998 0.04248 0.34426 0.27328 1547.475
1.260 0.24776 73.48392 1.33087 18.20634 0.33980 0.04263 0.34389 0.27368 1548.720
1.265 0.24707 73.78571 1.33263 18.23037 0.33962 0.04278 0.34352 0.27408 1549.972
1.270 0.24638 74.08990 1.33439 18.25445 0.33943 0.04294 0.34315 0.27448 1551.229
1.275 0.24569 74.39650 1.33616 18.27860 0.33925 0.04309 0.34278 0.27488 1552.494
1.280 0.24500 74.70555 1.33792 18.30281 0.33906 0.04325 0.34242 0.27528 1553.764
1.285 0.24431 75.01708 1.33970 18.32708 0.33887 0.04340 0.34205 0.27568 1555.041
1.290 0.24361 75.33110 1.34148 18.35142 0.33869 0.04356 0.34168 0.27608 1556.325
1.295 0.24291 75.64766 1.34326 18.37581 0.33850 0.04372 0.34131 0.27648 1557.615
1.300 0.24221 75.96677 1.34505 18.40027 0.33831 0.04388 0.34094 0.27688 1558.911
1.305 0.24151 76.28848 1.34684 18.42479 0.33812 0.04403 0.34057 0.27727 1560.215
1.310 0.24081 76.61280 1.34864 18.44938 0.33793 0.04419 0.34020 0.27767 1561.525
1.315 0.24011 76.93978 1.35044 18.47403 0.33774 0.04435 0.33983 0.27808 1562.842
1.320 0.23941 77.26944 1.35225 18.49874 0.33755 0.04451 0.33946 0.27848 1564.166
1.325 0.23870 77.60181 1.35406 18.52352 0.33736 0.04467 0.33909 0.27888 1565.497
1.330 0.23799 77.93693 1.35587 18.54836 0.33717 0.04483 0.33872 0.27928 1566.834
1.335 0.23728 78.27482 1.35769 18.57326 0.33698 0.04499 0.33835 0.27968 1568.179
1.340 0.23657 78.61553 1.35952 18.59823 0.33679 0.04515 0.33798 0.28008 1569.531
1.345 0.23586 78.95908 1.36135 18.62326 0.33660 0.04531 0.33761 0.28048 1570.890
1.350 0.23515 79.30551 1.36318 18.64836 0.33641 0.04548 0.33724 0.28088 1572.257
1.355 0.23443 79.65485 1.36502 18.67352 0.33621 0.04564 0.33687 0.28128 1573.630
1.360 0.23371 80.00714 1.36687 18.69875 0.33602 0.04580 0.33650 0.28168 1575.011
1.365 0.23300 80.36242 1.36872 18.72404 0.33583 0.04597 0.33612 0.28208 1576.400
1.370 0.23227 80.72072 1.37057 18.74940 0.33563 0.04613 0.33575 0.28248 1577.796
1.375 0.23155 81.08207 1.37243 18.77483 0.33544 0.04630 0.33538 0.28288 1579.199
1.380 0.23083 81.44652 1.37429 18.80032 0.33524 0.04646 0.33501 0.28329 1580.610
1.385 0.23011 81.81410 1.37616 18.82588 0.33505 0.04663 0.33464 0.28369 1582.029
1.390 0.22938 82.18485 1.37803 18.85150 0.33485 0.04679 0.33426 0.28409 1583.456
1.395 0.22865 82.55882 1.37991 18.87719 0.33465 0.04696 0.33389 0.28449 1584.890
1.400 0.22792 82.93603 1.38179 18.90295 0.33446 0.04713 0.33352 0.28489 1586.333
1.405 0.22719 83.31653 1.38368 18.92878 0.33426 0.04730 0.33315 0.28529 1587.783
1.410 0.22646 83.70037 1.38558 18.95467 0.33406 0.04747 0.33277 0.28570 1589.241
1.415 0.22572 84.08758 1.38747 18.98063 0.33386 0.04764 0.33240 0.28610 1590.708
1.420 0.22499 84.47821 1.38938 19.00666 0.33367 0.04780 0.33203 0.28650 1592.183
1.425 0.22425 84.87229 1.39128 19.03276 0.33347 0.04797 0.33166 0.28690 1593.666
1.430 0.22351 85.26988 1.39320 19.05892 0.33327 0.04815 0.33128 0.28731 1595.157
1.435 0.22277 85.67102 1.39511 19.08516 0.33307 0.04832 0.33091 0.28771 1596.657
1.440 0.22203 86.07575 1.39704 19.11146 0.33287 0.04849 0.33053 0.28811 1598.166
1.445 0.22129 86.48411 1.39896 19.13783 0.33267 0.04866 0.33016 0.28851 1599.683
1.450 0.22054 86.89617 1.40090 19.16427 0.33246 0.04883 0.32979 0.28892 1601.208
1.455 0.21980 87.31196 1.40284 19.19078 0.33226 0.04901 0.32941 0.28932 1602.743
1.460 0.21905 87.73153 1.40478 19.21736 0.33206 0.04918 0.32904 0.28972 1604.286
1.465 0.21830 88.15493 1.40673 19.24401 0.33186 0.04936 0.32866 0.29012 1605.838
1.470 0.21755 88.58221 1.40868 19.27074 0.33165 0.04953 0.32829 0.29053 1607.400
1.475 0.21679 89.01342 1.41064 19.29753 0.33145 0.04971 0.32792 0.29093 1608.970
1.480 0.21604 89.44862 1.41260 19.32439 0.33125 0.04988 0.32754 0.29133 1610.550
1.485 0.21528 89.88786 1.41457 19.35132 0.33104 0.05006 0.32717 0.29174 1612.139
1.490 0.21453 90.33118 1.41654 19.37833 0.33084 0.05023 0.32679 0.29214 1613.737
1.495 0.21377 90.77865 1.41852 19.40540 0.33063 0.05041 0.32642 0.29254 1615.345
1.500 0.21301 91.23032 1.42051 19.43255 0.33042 0.05059 0.32604 0.29294 1616.962
1.505 0.21224 91.68624 1.42250 19.45977 0.33022 0.05077 0.32566 0.29335 1618.589
1.510 0.21148 92.14648 1.42449 19.48706 0.33001 0.05095 0.32529 0.29375 1620.226
1.515 0.21071 92.61109 1.42649 19.51442 0.32980 0.05113 0.32491 0.29415 1621.872
1.520 0.20995 93.08012 1.42850 19.54186 0.32960 0.05131 0.32454 0.29456 1623.529
1.525 0.20918 93.55365 1.43051 19.56937 0.32939 0.05149 0.32416 0.29496 1625.195
1.530 0.20841 94.03174 1.43253 19.59695 0.32918 0.05167 0.32379 0.29536 1626.872
1.535 0.20764 94.51443 1.43455 19.62461 0.32897 0.05185 0.32341 0.29577 1628.559
1.540 0.20686 95.00181 1.43657 19.65234 0.32876 0.05204 0.32303 0.29617 1630.256
1.545 0.20609 95.49393 1.43861 19.68014 0.32855 0.05222 0.32266 0.29657 1631.964
1.550 0.20531 95.99085 1.44064 19.70802 0.32834 0.05240 0.32228 0.29698 1633.682
1.555 0.20453 96.49266 1.44269 19.73597 0.32813 0.05259 0.32190 0.29738 1635.411
1.560 0.20375 96.99940 1.44474 19.76400 0.32792 0.05277 0.32153 0.29778 1637.151
1.565 0.20297 97.51117 1.44679 19.79210 0.32771 0.05296 0.32115 0.29819 1638.902
1.570 0.20219 98.02801 1.44885 19.82028 0.32750 0.05314 0.32077 0.29859 1640.663
1.575 0.20141 98.55001 1.45092 19.84853 0.32728 0.05333 0.32039 0.29900 1642.436
1.580 0.20062 99.07724 1.45299 19.87686 0.32707 0.05351 0.32002 0.29940 1644.220
1.585 0.19983 99.60978 1.45506 19.90526 0.32686 0.05370 0.31964 0.29980 1646.016
1.590 0.19904 100.14769 1.45714 19.93374 0.32664 0.05389 0.31926 0.30021 1647.822
1.595 0.19825 100.69107 1.45923 19.96230 0.32643 0.05408 0.31888 0.30061 1649.641
1.600 0.19746 101.23998 1.46133 19.99093 0.32621 0.05427 0.31851 0.30101 1651.471
1.605 0.19667 101.79450 1.46342 20.01964 0.32600 0.05446 0.31813 0.30142 1653.313
1.610 0.19587 102.35473 1.46553 20.04843 0.32578 0.05465 0.31775 0.30182 1655.167
1.615 0.19508 102.92074 1.46764 20.07729 0.32557 0.05484 0.31737 0.30222 1657.033
1.620 0.19428 103.49261 1.46975 20.10623 0.32535 0.05503 0.31699 0.30263 1658.912
1.625 0.19348 104.07044 1.47188 20.13526 0.32513 0.05522 0.31661 0.30303 1660.802
1.630 0.19268 104.65431 1.47400 20.16435 0.32491 0.05541 0.31624 0.30343 1662.706
1.635 0.19187 105.24431 1.47614 20.19353 0.32470 0.05561 0.31586 0.30384 1664.621
1.640 0.19107 105.84054 1.47827 20.22279 0.32448 0.05580 0.31548 0.30424 1666.550
1.645 0.19026 106.44308 1.48042 20.25212 0.32426 0.05600 0.31510 0.30465 1668.491
1.650 0.18945 107.05203 1.48257 20.28154 0.32404 0.05619 0.31472 0.30505 1670.446
1.655 0.18865 107.66750 1.48472 20.31103 0.32382 0.05639 0.31434 0.30545 1672.414
1.660 0.18784 108.28957 1.48689 20.34061 0.32360 0.05658 0.31396 0.30586 1674.395
1.665 0.18702 108.91835 1.48905 20.37026 0.32338 0.05678 0.31358 0.30626 1676.390
1.670 0.18621 109.55394 1.49123 20.39999 0.32316 0.05698 0.31320 0.30666 1678.398
1.675 0.18539 110.19644 1.49341 20.42981 0.32294 0.05717 0.31282 0.30707 1680.420
1.680 0.18458 110.84597 1.49559 20.45971 0.32272 0.05737 0.31244 0.30747 1682.456
1.685 0.18376 111.50263 1.49778 20.48968 0.32249 0.05757 0.31206 0.30787 1684.506
1.690 0.18294 112.16654 1.49998 20.51974 0.32227 0.05777 0.31168 0.30828 1686.570
1.695 0.18212 112.83780 1.50218 20.54988 0.32205 0.05797 0.31130 0.30868 1688.649
1.700 0.18130 113.51653 1.50439 20.58011 0.32182 0.05817 0.31092 0.30908 1690.743
1.705 0.18047 114.20286 1.50661 20.61041 0.32160 0.05837 0.31054 0.30949 1692.851
1.710 0.17965 114.89689 1.50883 20.64080 0.32138 0.05857 0.31016 0.30989 1694.974
1.715 0.17882 115.59876 1.51106 20.67127 0.32115 0.05878 0.30978 0.31029 1697.112
1.720 0.17799 116.30859 1.51329 20.70183 0.32092 0.05898 0.30940 0.31069 1699.266
1.725 0.17716 117.02651 1.51553 20.73247 0.32070 0.05918 0.30902 0.31110 1701.435
1.730 0.17633 117.75264 1.51778 20.76319 0.32047 0.05939 0.30864 0.31150 1703.620
1.735 0.17550 118.48713 1.52003 20.79399 0.32025 0.05959 0.30826 0.31190 1705.820
1.740 0.17466 119.23010 1.52229 20.82488 0.32002 0.05980 0.30788 0.31231 1708.037
1.745 0.17383 119.98170 1.52455 20.85586 0.31979 0.06000 0.30750 0.31271 1710.270
1.750 0.17299 120.74207 1.52682 20.88692 0.31956 0.06021 0.30711 0.31311 1712.519
1.755 0.17215 121.51136 1.52910 20.91806 0.31933 0.06042 0.30673 0.31351 1714.785
1.760 0.17131 122.28970 1.53138 20.94929 0.31911 0.06063 0.30635 0.31392 1717.068
1.765 0.17047 123.07726 1.53367 20.98061 0.31888 0.06083 0.30597 0.31432 1719.368
1.770 0.16962 123.87419 1.53597 21.01201 0.31865 0.06104 0.30559 0.31472 1721.685
1.775 0.16878 124.68064 1.53827 21.04350 0.31842 0.06125 0.30521 0.31512 1724.019
1.780 0.16793 125.49678 1.54058 21.07508 0.31819 0.06146 0.30483 0.31553 1726.372
1.785 0.16709 126.32277 1.54289 21.10674 0.31796 0.06167 0.30444 0.31593 1728.742
1.790 0.16624 127.15878 1.54521 21.13849 0.31772 0.06188 0.30406 0.31633 1731.130
1.795 0.16539 128.00498 1.54754 21.17033 0.31749 0.06210 0.30368 0.31673 1733.536
1.800 0.16454 128.86155 1.54987 21.20226 0.31726 0.06231 0.30330 0.31713 1735.961
1.805 0.16368 129.72866 1.55221 21.23427 0.31703 0.06252 0.30291 0.31754 1738.405
1.810 0.16283 130.60651 1.55456 21.26637 0.31679 0.06274 0.30253 0.31794 1740.868
1.815 0.16197 131.49527 1.55691 21.29857 0.31656 0.06295 0.30215 0.31834 1743.351
1.820 0.16112 132.39515 1.55927 21.33085 0.31633 0.06317 0.30177 0.31874 1745.852
1.825 0.16026 133.30633 1.56164 21.36322 0.31609 0.06338 0.30138 0.31914 1748.374
1.830 0.15940 134.22903 1.56401 21.39568 0.31586 0.06360 0.30100 0.31954 1750.916
1.835 0.15854 135.16343 1.56639 21.42823 0.31562 0.06381 0.30062 0.31994 1753.478
1.840 0.15767 136.10976 1.56878 21.46087 0.31539 0.06403 0.30024 0.32035 1756.060
1.845 0.15681 137.06823 1.57117 21.49360 0.31515 0.06425 0.29985 0.32075 1758.664
1.850 0.15594 138.03905 1.57357 21.52642 0.31491 0.06447 0.29947 0.32115 1761.288
1.855 0.15508 139.02246 1.57597 21.55934 0.31468 0.06469 0.29909 0.32155 1763.934
1.860 0.15421 140.01869 1.57839 21.59234 0.31444 0.06491 0.29870 0.32195 1766.602
1.865 0.15334 141.02796 1.58081 21.62544 0.31420 0.06513 0.29832 0.32235 1769.291
1.870 0.15247 142.05053 1.58323 21.65863 0.31396 0.06535 0.29794 0.32275 1772.003
1.875 0.15160 143.08663 1.58567 21.69191 0.31372 0.06557 0.29755 0.32315 1774.738
1.880 0.15073 144.13652 1.58811 21.72529 0.31349 0.06579 0.29717 0.32355 1777.495
1.885 0.14985 145.20047 1.59055 21.75875 0.31325 0.06602 0.29679 0.32395 1780.276
1.890 0.14898 146.27873 1.59301 21.79232 0.31301 0.06624 0.29640 0.32435 1783.080
1.895 0.14810 147.37157 1.59547 21.82597 0.31277 0.06647 0.29602 0.32475 1785.908
1.900 0.14722 148.47929 1.59793 21.85972 0.31252 0.06669 0.29563 0.32515 1788.760
1.905 0.14635 149.60215 1.60041 21.89357 0.31228 0.06692 0.29525 0.32555 1791.637
1.910 0.14547 150.74045 1.60289 21.92751 0.31204 0.06714 0.29487 0.32595 1794.538
1.915 0.14458 151.89450 1.60538 21.96154 0.31180 0.06737 0.29448 0.32635 1797.465
1.920 0.14370 153.06460 1.60787 21.99567 0.31156 0.06760 0.29410 0.32675 1800.418
1.925 0.14282 154.25106 1.61037 22.02990 0.31131 0.06783 0.29371 0.32715 1803.396
1.930 0.14193 155.45420 1.61288 22.06422 0.31107 0.06805 0.29333 0.32754 1806.401
1.935 0.14105 156.67436 1.61540 22.09864 0.31083 0.06828 0.29295 0.32794 1809.432
1.940 0.14016 157.91188 1.61792 22.13316 0.31058 0.06851 0.29256 0.32834 1812.491
1.945 0.13927 159.16710 1.62045 22.16777 0.31034 0.06874 0.29218 0.32874 1815.577
1.950 0.13838 160.44038 1.62299 22.20249 0.31009 0.06898 0.29179 0.32914 1818.691
1.955 0.13749 161.73208 1.62553 22.23730 0.30985 0.06921 0.29141 0.32954 1821.833
1.960 0.13660 163.04258 1.62809 22.27220 0.30960 0.06944 0.29102 0.32993 1825.004
1.965 0.13571 164.37227 1.63064 22.30721 0.30936 0.06967 0.29064 0.33033 1828.204
