timeGa Urey Qt heat/H0 heatTW 1HPE 2HPE 3HPE 4HPE TempC
0.000 0.62000 36.00000 1.00000 22.32000 0.37200 0.01640 0.43000 0.18100 1351.850
0.005 0.62023 36.00000 1.00038 22.32845 0.37215 0.01647 0.42994 0.18143 1352.158
0.010 0.62045 36.02266 1.00136 22.35035 0.37207 0.01654 0.42963 0.18176 1352.466
0.015 0.62067 36.04532 1.00234 22.37229 0.37199 0.01661 0.42931 0.18209 1352.774
0.020 0.62089 36.06800 1.00333 22.39427 0.37192 0.01667 0.42900 0.18241 1353.082
0.025 0.62111 36.09068 1.00431 22.41630 0.37184 0.01674 0.42868 0.18274 1353.390
0.030 0.62133 36.11337 1.00530 22.43838 0.37176 0.01680 0.42837 0.18307 1353.698
0.035 0.62155 36.13607 1.00629 22.46050 0.37168 0.01687 0.42805 0.18340 1354.006
0.040 0.62178 36.15877 1.00729 22.48267 0.37161 0.01694 0.42773 0.18372 1354.314
0.045 0.62200 36.18149 1.00828 22.50488 0.37153 0.01700 0.42742 0.18405 1354.622
0.050 0.62222 36.20421 1.00928 22.52715 0.37145 0.01707 0.42710 0.18438 1354.930
0.055 0.62245 36.22694 1.01028 22.54946 0.37137 0.01714 0.42678 0.18471 1355.238
0.060 0.62268 36.24968 1.01128 22.57181 0.37129 0.01720 0.42647 0.18504 1355.546
0.065 0.62290 36.27242 1.01229 22.59422 0.37121 0.01727 0.42615 0.18537 1355.855
0.070 0.62313 36.29518 1.01329 22.61667 0.37113 0.01734 0.42583 0.18570 1356.163
0.075 0.62336 36.31794 1.01430 22.63917 0.37104 0.01741 0.42551 0.18603 1356.471
0.080 0.62359 36.34071 1.01531 22.66171 0.37096 0.01748 0.42520 0.18636 1356.779
0.085 0.62382 36.36348 1.01632 22.68431 0.37088 0.01755 0.42488 0.18670 1357.087
0.090 0.62405 36.38626 1.01734 22.70695 0.37080 0.01761 0.42456 0.18703 1357.395
0.095 0.62429 36.40905 1.01835 22.72964 0.37071 0.01768 0.42424 0.18736 1357.703
0.100 0.62452 36.43185 1.01937 22.75238 0.37063 0.01775 0.42392 0.18769 1358.012
0.105 0.62475 36.45466 1.02039 22.77517 0.37055 0.01782 0.42360 0.18803 1358.320
0.110 0.62499 36.47747 1.02142 22.79800 0.37046 0.01789 0.42328 0.18836 1358.628
0.115 0.62522 36.50029 1.02244 22.82088 0.37038 0.01796 0.42296 0.18869 1358.936
0.120 0.62546 36.52311 1.02347 22.84382 0.37029 0.01803 0.42264 0.18903 1359.244
0.125 0.62570 36.54595 1.02450 22.86680 0.37021 0.01811 0.42232 0.18936 1359.552
0.130 0.62594 36.56879 1.02553 22.88983 0.37012 0.01818 0.42200 0.18970 1359.860
0.135 0.62618 36.59163 1.02656 22.91291 0.37004 0.01825 0.42168 0.19003 1360.168
0.140 0.62642 36.61449 1.02760 22.93604 0.36995 0.01832 0.42136 0.19037 1360.477
0.145 0.62666 36.63735 1.02864 22.95922 0.36986 0.01839 0.42104 0.19071 1360.785
0.150 0.62690 36.66021 1.02968 22.98245 0.36978 0.01846 0.42072 0.19104 1361.093
0.155 0.62715 36.68309 1.03072 23.00572 0.36969 0.01854 0.42040 0.19138 1361.401
0.160 0.62739 36.70597 1.03177 23.02905 0.36960 0.01861 0.42007 0.19172 1361.709
0.165 0.62764 36.72885 1.03281 23.05243 0.36951 0.01868 0.41975 0.19206 1362.017
0.170 0.62788 36.75174 1.03386 23.07586 0.36942 0.01875 0.41943 0.19239 1362.325
0.175 0.62813 36.77464 1.03492 23.09934 0.36933 0.01883 0.41911 0.19273 1362.633
0.180 0.62838 36.79755 1.03597 23.12287 0.36924 0.01890 0.41878 0.19307 1362.941
0.185 0.62863 36.82046 1.03703 23.14645 0.36915 0.01898 0.41846 0.19341 1363.249
0.190 0.62888 36.84337 1.03809 23.17008 0.36906 0.01905 0.41814 0.19375 1363.557
0.195 0.62913 36.86629 1.03915 23.19376 0.36897 0.01912 0.41781 0.19409 1363.865
0.200 0.62938 36.88922 1.04021 23.21749 0.36888 0.01920 0.41749 0.19443 1364.173
0.205 0.62964 36.91215 1.04128 23.24128 0.36879 0.01927 0.41717 0.19477 1364.481
0.210 0.62989 36.93509 1.04234 23.26511 0.36870 0.01935 0.41684 0.19511 1364.789
0.215 0.63015 36.95804 1.04341 23.28900 0.36860 0.01942 0.41652 0.19545 1365.097
0.220 0.63040 36.98099 1.04449 23.31294 0.36851 0.01950 0.41619 0.19580 1365.405
0.225 0.63066 37.00394 1.04556 23.33693 0.36842 0.01958 0.41587 0.19614 1365.713
0.230 0.63092 37.02690 1.04664 23.36097 0.36832 0.01965 0.41554 0.19648 1366.020
0.235 0.63118 37.04987 1.04772 23.38507 0.36823 0.01973 0.41522 0.19682 1366.328
0.240 0.63144 37.07284 1.04880 23.40922 0.36813 0.01981 0.41489 0.19717 1366.636
0.245 0.63170 37.09582 1.04988 23.43342 0.36804 0.01988 0.41457 0.19751 1366.944
0.250 0.63196 37.11880 1.05097 23.45767 0.36794 0.01996 0.41424 0.19785 1367.252
0.255 0.63223 37.14179 1.05206 23.48198 0.36785 0.02004 0.41391 0.19820 1367.559
0.260 0.63249 37.16478 1.05315 23.50634 0.36775 0.02012 0.41359 0.19854 1367.867
0.265 0.63275 37.18777 1.05424 23.53075 0.36765 0.02020 0.41326 0.19889 1368.175
0.270 0.63302 37.21077 1.05534 23.55521 0.36756 0.02027 0.41293 0.19923 1368.482
0.275 0.63329 37.23378 1.05644 23.57973 0.36746 0.02035 0.41261 0.19958 1368.790
0.280 0.63356 37.25679 1.05754 23.60431 0.36736 0.02043 0.41228 0.19993 1369.097
0.285 0.63383 37.27980 1.05864 23.62893 0.36726 0.02051 0.41195 0.20027 1369.405
0.290 0.63410 37.30282 1.05975 23.65361 0.36716 0.02059 0.41162 0.20062 1369.712
0.295 0.63437 37.32584 1.06086 23.67835 0.36707 0.02067 0.41129 0.20097 1370.020
0.300 0.63464 37.34887 1.06197 23.70314 0.36697 0.02075 0.41097 0.20132 1370.327
0.305 0.63492 37.37190 1.06308 23.72798 0.36687 0.02083 0.41064 0.20166 1370.634
0.310 0.63519 37.39493 1.06420 23.75288 0.36677 0.02091 0.41031 0.20201 1370.942
0.315 0.63547 37.41797 1.06532 23.77783 0.36666 0.02100 0.40998 0.20236 1371.249
0.320 0.63574 37.44101 1.06644 23.80284 0.36656 0.02108 0.40965 0.20271 1371.556
0.325 0.63602 37.46406 1.06756 23.82790 0.36646 0.02116 0.40932 0.20306 1371.863
0.330 0.63630 37.48711 1.06868 23.85302 0.36636 0.02124 0.40899 0.20341 1372.170
0.335 0.63658 37.51016 1.06981 23.87820 0.36626 0.02132 0.40866 0.20376 1372.477
0.340 0.63686 37.53322 1.07094 23.90343 0.36615 0.02141 0.40833 0.20411 1372.784
0.345 0.63714 37.55628 1.07207 23.92871 0.36605 0.02149 0.40800 0.20446 1373.091
0.350 0.63743 37.57934 1.07321 23.95405 0.36595 0.02157 0.40767 0.20481 1373.398
0.355 0.63771 37.60241 1.07435 23.97945 0.36584 0.02166 0.40734 0.20516 1373.705
0.360 0.63800 37.62548 1.07549 24.00491 0.36574 0.02174 0.40701 0.20552 1374.012
0.365 0.63828 37.64855 1.07663 24.03042 0.36563 0.02182 0.40668 0.20587 1374.319
0.370 0.63857 37.67162 1.07778 24.05598 0.36553 0.02191 0.40634 0.20622 1374.626
0.375 0.63886 37.69470 1.07893 24.08161 0.36542 0.02199 0.40601 0.20657 1374.932
0.380 0.63915 37.71778 1.08008 24.10729 0.36532 0.02208 0.40568 0.20693 1375.239
0.385 0.63944 37.74086 1.08123 24.13303 0.36521 0.02216 0.40535 0.20728 1375.545
0.390 0.63973 37.76395 1.08238 24.15882 0.36510 0.02225 0.40501 0.20763 1375.852
0.395 0.64003 37.78704 1.08354 24.18468 0.36499 0.02233 0.40468 0.20799 1376.158
0.400 0.64032 37.81013 1.08470 24.21059 0.36489 0.02242 0.40435 0.20834 1376.464
0.405 0.64062 37.83322 1.08587 24.23656 0.36478 0.02251 0.40402 0.20870 1376.771
0.410 0.64091 37.85631 1.08703 24.26259 0.36467 0.02259 0.40368 0.20905 1377.077
0.415 0.64121 37.87941 1.08820 24.28867 0.36456 0.02268 0.40335 0.20941 1377.383
0.420 0.64151 37.90251 1.08937 24.31482 0.36445 0.02277 0.40301 0.20977 1377.689
0.425 0.64181 37.92561 1.09055 24.34102 0.36434 0.02286 0.40268 0.21012 1377.995
0.430 0.64211 37.94871 1.09172 24.36728 0.36423 0.02294 0.40235 0.21048 1378.301
0.435 0.64241 37.97181 1.09290 24.39360 0.36412 0.02303 0.40201 0.21084 1378.607
0.440 0.64272 37.99492 1.09409 24.41998 0.36401 0.02312 0.40168 0.21119 1378.913
0.445 0.64302 38.01802 1.09527 24.44642 0.36390 0.02321 0.40134 0.21155 1379.218
0.450 0.64333 38.04113 1.09646 24.47292 0.36378 0.02330 0.40101 0.21191 1379.524
0.455 0.64363 38.06424 1.09765 24.49947 0.36367 0.02339 0.40067 0.21227 1379.830
0.460 0.64394 38.08735 1.09884 24.52609 0.36356 0.02348 0.40033 0.21263 1380.135
0.465 0.64425 38.11046 1.10003 24.55277 0.36344 0.02357 0.40000 0.21299 1380.441
0.470 0.64456 38.13357 1.10123 24.57951 0.36333 0.02366 0.39966 0.21335 1380.746
0.475 0.64488 38.15668 1.10243 24.60631 0.36322 0.02375 0.39933 0.21371 1381.051
0.480 0.64519 38.17979 1.10364 24.63317 0.36310 0.02384 0.39899 0.21407 1381.356
0.485 0.64550 38.20290 1.10484 24.66009 0.36299 0.02393 0.39865 0.21443 1381.661
0.490 0.64582 38.22602 1.10605 24.68707 0.36287 0.02403 0.39832 0.21479 1381.966
0.495 0.64614 38.24913 1.10726 24.71411 0.36275 0.02412 0.39798 0.21515 1382.271
0.500 0.64645 38.27224 1.10848 24.74122 0.36264 0.02421 0.39764 0.21551 1382.576
0.505 0.64677 38.29536 1.10969 24.76838 0.36252 0.02430 0.39730 0.21587 1382.881
0.510 0.64709 38.31847 1.11091 24.79561 0.36240 0.02440 0.39696 0.21623 1383.185
0.515 0.64741 38.34159 1.11214 24.82290 0.36229 0.02449 0.39663 0.21660 1383.490
0.520 0.64774 38.36470 1.11336 24.85025 0.36217 0.02458 0.39629 0.21696 1383.794
0.525 0.64806 38.38781 1.11459 24.87766 0.36205 0.02468 0.39595 0.21732 1384.099
0.530 0.64839 38.41092 1.11582 24.90514 0.36193 0.02477 0.39561 0.21769 1384.403
0.535 0.64871 38.43404 1.11706 24.93268 0.36181 0.02487 0.39527 0.21805 1384.707
0.540 0.64904 38.45715 1.11829 24.96028 0.36169 0.02496 0.39493 0.21841 1385.011
0.545 0.64937 38.48026 1.11953 24.98795 0.36157 0.02506 0.39459 0.21878 1385.315
0.550 0.64970 38.50337 1.12077 25.01567 0.36145 0.02515 0.39425 0.21914 1385.619
0.555 0.65003 38.52647 1.12202 25.04347 0.36133 0.02525 0.39391 0.21951 1385.922
0.560 0.65037 38.54958 1.12327 25.07132 0.36121 0.02535 0.39357 0.21987 1386.226
0.565 0.65070 38.57269 1.12452 25.09924 0.36109 0.02544 0.39323 0.22024 1386.529
0.570 0.65104 38.59579 1.12577 25.12722 0.36096 0.02554 0.39289 0.22061 1386.833
0.575 0.65137 38.61889 1.12703 25.15527 0.36084 0.02564 0.39255 0.22097 1387.136
0.580 0.65171 38.64199 1.12829 25.18338 0.36072 0.02574 0.39221 0.22134 1387.439
0.585 0.65205 38.66509 1.12955 25.21156 0.36059 0.02583 0.39187 0.22171 1387.742
0.590 0.65239 38.68819 1.13082 25.23980 0.36047 0.02593 0.39153 0.22207 1388.045
0.595 0.65273 38.71128 1.13208 25.26811 0.36034 0.02603 0.39118 0.22244 1388.348
0.600 0.65308 38.73438 1.13335 25.29648 0.36022 0.02613 0.39084 0.22281 1388.651
0.605 0.65342 38.75747 1.13463 25.32492 0.36009 0.02623 0.39050 0.22318 1388.953
0.610 0.65377 38.78056 1.13591 25.35342 0.35997 0.02633 0.39016 0.22355 1389.256
0.615 0.65411 38.80364 1.13719 25.38199 0.35984 0.02643 0.38981 0.22391 1389.558
0.620 0.65446 38.82672 1.13847 25.41063 0.35971 0.02653 0.38947 0.22428 1389.860
0.625 0.65481 38.84980 1.13976 25.43933 0.35959 0.02663 0.38913 0.22465 1390.162
0.630 0.65516 38.87288 1.14104 25.46810 0.35946 0.02673 0.38879 0.22502 1390.464
0.635 0.65552 38.89596 1.14234 25.49694 0.35933 0.02683 0.38844 0.22539 1390.766
0.640 0.65587 38.91903 1.14363 25.52584 0.35920 0.02694 0.38810 0.22576 1391.068
0.645 0.65623 38.94209 1.14493 25.55481 0.35907 0.02704 0.38775 0.22613 1391.369
0.650 0.65658 38.96516 1.14623 25.58384 0.35894 0.02714 0.38741 0.22651 1391.671
0.655 0.65694 38.98822 1.14753 25.61295 0.35881 0.02724 0.38707 0.22688 1391.972
0.660 0.65730 39.01128 1.14884 25.64212 0.35868 0.02735 0.38672 0.22725 1392.273
0.665 0.65766 39.03433 1.15015 25.67136 0.35855 0.02745 0.38638 0.22762 1392.574
0.670 0.65802 39.05738 1.15146 25.70067 0.35842 0.02756 0.38603 0.22799 1392.875
0.675 0.65839 39.08042 1.15278 25.73005 0.35829 0.02766 0.38569 0.22837 1393.176
0.680 0.65875 39.10346 1.15410 25.75949 0.35816 0.02776 0.38534 0.22874 1393.477
0.685 0.65912 39.12650 1.15542 25.78901 0.35803 0.02787 0.38499 0.22911 1393.777
0.690 0.65949 39.14953 1.15675 25.81859 0.35789 0.02798 0.38465 0.22948 1394.077
0.695 0.65986 39.17256 1.15808 25.84824 0.35776 0.02808 0.38430 0.22986 1394.377
0.700 0.66023 39.19558 1.15941 25.87797 0.35763 0.02819 0.38396 0.23023 1394.677
0.705 0.66060 39.21860 1.16074 25.90776 0.35749 0.02829 0.38361 0.23061 1394.977
0.710 0.66097 39.24161 1.16208 25.93762 0.35736 0.02840 0.38326 0.23098 1395.277
0.715 0.66135 39.26462 1.16342 25.96755 0.35722 0.02851 0.38292 0.23136 1395.576
0.720 0.66172 39.28762 1.16477 25.99756 0.35709 0.02862 0.38257 0.23173 1395.876
0.725 0.66210 39.31061 1.16611 26.02763 0.35695 0.02872 0.38222 0.23211 1396.175
0.730 0.66248 39.33360 1.16746 26.05777 0.35681 0.02883 0.38187 0.23248 1396.474
0.735 0.66286 39.35659 1.16882 26.08799 0.35668 0.02894 0.38152 0.23286 1396.773
0.740 0.66324 39.37957 1.17017 26.11827 0.35654 0.02905 0.38118 0.23323 1397.072
0.745 0.66363 39.40254 1.17153 26.14863 0.35640 0.02916 0.38083 0.23361 1397.370
0.750 0.66401 39.42551 1.17290 26.17906 0.35626 0.02927 0.38048 0.23399 1397.669
0.755 0.66440 39.44847 1.17426 26.20956 0.35612 0.02938 0.38013 0.23437 1397.967
0.760 0.66479 39.47142 1.17563 26.24014 0.35598 0.02949 0.37978 0.23474 1398.265
0.765 0.66518 39.49437 1.17701 26.27078 0.35584 0.02960 0.37943 0.23512 1398.563
0.770 0.66557 39.51730 1.17838 26.30150 0.35570 0.02971 0.37908 0.23550 1398.860
0.775 0.66596 39.54024 1.17976 26.33229 0.35556 0.02982 0.37873 0.23588 1399.158
0.780 0.66636 39.56316 1.18115 26.36316 0.35542 0.02994 0.37838 0.23626 1399.455
0.785 0.66675 39.58608 1.18253 26.39410 0.35528 0.03005 0.37803 0.23663 1399.752
0.790 0.66715 39.60899 1.18392 26.42511 0.35514 0.03016 0.37768 0.23701 1400.049
0.795 0.66755 39.63190 1.18531 26.45620 0.35500 0.03028 0.37733 0.23739 1400.346
0.800 0.66795 39.65479 1.18671 26.48736 0.35486 0.03039 0.37698 0.23777 1400.643
0.805 0.66835 39.67768 1.18811 26.51859 0.35471 0.03050 0.37663 0.23815 1400.939
0.810 0.66875 39.70056 1.18951 26.54990 0.35457 0.03062 0.37628 0.23853 1401.235
0.815 0.66916 39.72343 1.19092 26.58128 0.35442 0.03073 0.37593 0.23891 1401.531
0.820 0.66957 39.74629 1.19233 26.61274 0.35428 0.03085 0.37558 0.23929 1401.827
0.825 0.66997 39.76915 1.19374 26.64427 0.35413 0.03096 0.37523 0.23967 1402.123
0.830 0.67038 39.79200 1.19516 26.67588 0.35399 0.03108 0.37488 0.24006 1402.418
0.835 0.67079 39.81483 1.19658 26.70757 0.35384 0.03120 0.37452 0.24044 1402.714
0.840 0.67121 39.83766 1.19800 26.73933 0.35370 0.03131 0.37417 0.24082 1403.009
0.845 0.67162 39.86048 1.19942 26.77116 0.35355 0.03143 0.37382 0.24120 1403.304
0.850 0.67204 39.88329 1.20085 26.80308 0.35340 0.03155 0.37347 0.24158 1403.598
0.855 0.67246 39.90609 1.20229 26.83507 0.35326 0.03167 0.37311 0.24197 1403.893
0.860 0.67287 39.92888 1.20372 26.86713 0.35311 0.03178 0.37276 0.24235 1404.187
0.865 0.67330 39.95166 1.20516 26.89928 0.35296 0.03190 0.37241 0.24273 1404.481
0.870 0.67372 39.97443 1.20661 26.93150 0.35281 0.03202 0.37205 0.24311 1404.775
0.875 0.67414 39.99719 1.20806 26.96380 0.35266 0.03214 0.37170 0.24350 1405.068
0.880 0.67457 40.01994 1.20951 26.99618 0.35251 0.03226 0.37135 0.24388 1405.362
0.885 0.67500 40.04268 1.21096 27.02863 0.35236 0.03238 0.37099 0.24427 1405.655
0.890 0.67542 40.06541 1.21242 27.06116 0.35221 0.03250 0.37064 0.24465 1405.948
0.895 0.67586 40.08813 1.21388 27.09378 0.35206 0.03262 0.37028 0.24504 1406.240
0.900 0.67629 40.11084 1.21534 27.12647 0.35191 0.03275 0.36993 0.24542 1406.533
0.905 0.67672 40.13353 1.21681 27.15924 0.35175 0.03287 0.36957 0.24580 1406.825
0.910 0.67716 40.15622 1.21828 27.19209 0.35160 0.03299 0.36922 0.24619 1407.117
0.915 0.67760 40.17889 1.21976 27.22502 0.35145 0.03311 0.36886 0.24658 1407.409
0.920 0.67803 40.20155 1.22124 27.25803 0.35130 0.03324 0.36851 0.24696 1407.701
0.925 0.67848 40.22420 1.22272 27.29112 0.35114 0.03336 0.36815 0.24735 1407.992
0.930 0.67892 40.24684 1.22421 27.32429 0.35099 0.03348 0.36780 0.24773 1408.283
0.935 0.67936 40.26946 1.22570 27.35754 0.35083 0.03361 0.36744 0.24812 1408.574
0.940 0.67981 40.29208 1.22719 27.39087 0.35068 0.03373 0.36708 0.24851 1408.864
0.945 0.68026 40.31468 1.22869 27.42428 0.35052 0.03386 0.36673 0.24889 1409.155
0.950 0.68070 40.33727 1.23019 27.45778 0.35037 0.03398 0.36637 0.24928 1409.445
0.955 0.68116 40.35984 1.23169 27.49135 0.35021 0.03411 0.36601 0.24967 1409.735
0.960 0.68161 40.38240 1.23320 27.52501 0.35005 0.03424 0.36566 0.25006 1410.024
0.965 0.68206 40.40495 1.23471 27.55875 0.34989 0.03436 0.36530 0.25044 1410.314
0.970 0.68252 40.42748 1.23623 27.59257 0.34974 0.03449 0.36494 0.25083 1410.603
0.975 0.68298 40.45001 1.23775 27.62648 0.34958 0.03462 0.36458 0.25122 1410.892
0.980 0.68344 40.47251 1.23927 27.66047 0.34942 0.03475 0.36423 0.25161 1411.180
0.985 0.68390 40.49501 1.24079 27.69454 0.34926 0.03487 0.36387 0.25200 1411.469
0.990 0.68436 40.51749 1.24232 27.72869 0.34910 0.03500 0.36351 0.25239 1411.757
0.995 0.68483 40.53995 1.24386 27.76293 0.34894 0.03513 0.36315 0.25278 1412.045
1.000 0.68530 40.56240 1.24540 27.79726 0.34878 0.03526 0.36279 0.25317 1412.332
1.005 0.68577 40.58483 1.24694 27.83166 0.34862 0.03539 0.36243 0.25356 1412.619
1.010 0.68624 40.60725 1.24848 27.86616 0.34846 0.03552 0.36207 0.25394 1412.906
1.015 0.68671 40.62966 1.25003 27.90073 0.34829 0.03565 0.36172 0.25433 1413.193
1.020 0.68718 40.65205 1.25159 27.93540 0.34813 0.03579 0.36136 0.25473 1413.480
1.025 0.68766 40.67442 1.25314 27.97015 0.34797 0.03592 0.36100 0.25512 1413.766
1.030 0.68814 40.69678 1.25470 28.00498 0.34781 0.03605 0.36064 0.25551 1414.052
1.035 0.68862 40.71912 1.25627 28.03990 0.34764 0.03618 0.36028 0.25590 1414.337
1.040 0.68910 40.74145 1.25784 28.07491 0.34748 0.03632 0.35992 0.25629 1414.623
1.045 0.68958 40.76376 1.25941 28.11000 0.34731 0.03645 0.35956 0.25668 1414.908
1.050 0.69007 40.78605 1.26098 28.14518 0.34715 0.03659 0.35920 0.25707 1415.192
1.055 0.69056 40.80833 1.26256 28.18045 0.34698 0.03672 0.35883 0.25746 1415.477
1.060 0.69105 40.83059 1.26415 28.21580 0.34682 0.03685 0.35847 0.25786 1415.761
1.065 0.69154 40.85283 1.26574 28.25124 0.34665 0.03699 0.35811 0.25825 1416.045
1.070 0.69203 40.87505 1.26733 28.28677 0.34648 0.03713 0.35775 0.25864 1416.328
1.075 0.69253 40.89726 1.26892 28.32239 0.34632 0.03726 0.35739 0.25903 1416.612
1.080 0.69302 40.91945 1.27052 28.35810 0.34615 0.03740 0.35703 0.25942 1416.895
1.085 0.69352 40.94162 1.27213 28.39390 0.34598 0.03754 0.35667 0.25982 1417.177
1.090 0.69402 40.96378 1.27374 28.42978 0.34581 0.03767 0.35630 0.26021 1417.460
1.095 0.69453 40.98591 1.27535 28.46576 0.34564 0.03781 0.35594 0.26060 1417.742
1.100 0.69503 41.00803 1.27696 28.50182 0.34547 0.03795 0.35558 0.26100 1418.023
1.105 0.69554 41.03012 1.27858 28.53798 0.34530 0.03809 0.35522 0.26139 1418.305
1.110 0.69605 41.05220 1.28021 28.57422 0.34513 0.03823 0.35485 0.26179 1418.586
1.115 0.69656 41.07426 1.28183 28.61056 0.34496 0.03837 0.35449 0.26218 1418.867
1.120 0.69707 41.09630 1.28347 28.64698 0.34479 0.03851 0.35413 0.26257 1419.147
1.125 0.69758 41.11832 1.28510 28.68350 0.34462 0.03865 0.35377 0.26297 1419.427
1.130 0.69810 41.14032 1.28674 28.72011 0.34444 0.03879 0.35340 0.26336 1419.707
1.135 0.69862 41.16230 1.28839 28.75681 0.34427 0.03893 0.35304 0.26376 1419.986
1.140 0.69914 41.18426 1.29004 28.79361 0.34410 0.03908 0.35267 0.26415 1420.265
1.145 0.69966 41.20620 1.29169 28.83049 0.34392 0.03922 0.35231 0.26455 1420.544
1.150 0.70019 41.22811 1.29335 28.86747 0.34375 0.03936 0.35195 0.26494 1420.823
1.155 0.70072 41.25001 1.29501 28.90454 0.34357 0.03951 0.35158 0.26534 1421.101
1.160 0.70125 41.27189 1.29667 28.94171 0.34340 0.03965 0.35122 0.26573 1421.378
1.165 0.70178 41.29374 1.29834 28.97897 0.34322 0.03979 0.35085 0.26613 1421.656
1.170 0.70231 41.31557 1.30001 29.01632 0.34305 0.03994 0.35049 0.26653 1421.933
1.175 0.70284 41.33738 1.30169 29.05376 0.34287 0.04008 0.35012 0.26692 1422.210
1.180 0.70338 41.35917 1.30337 29.09131 0.34269 0.04023 0.34976 0.26732 1422.486
1.185 0.70392 41.38094 1.30506 29.12894 0.34252 0.04038 0.34939 0.26771 1422.762
1.190 0.70446 41.40268 1.30675 29.16667 0.34234 0.04052 0.34903 0.26811 1423.038
1.195 0.70501 41.42440 1.30845 29.20450 0.34216 0.04067 0.34866 0.26851 1423.313
1.200 0.70555 41.44610 1.31014 29.24242 0.34198 0.04082 0.34829 0.26891 1423.588
1.205 0.70610 41.46778 1.31185 29.28044 0.34180 0.04097 0.34793 0.26930 1423.862
1.210 0.70665 41.48943 1.31356 29.31856 0.34162 0.04112 0.34756 0.26970 1424.136
1.215 0.70720 41.51105 1.31527 29.35677 0.34144 0.04127 0.34720 0.27010 1424.410
1.220 0.70776 41.53266 1.31698 29.39508 0.34126 0.04141 0.34683 0.27049 1424.684
1.225 0.70831 41.55424 1.31870 29.43349 0.34108 0.04156 0.34646 0.27089 1424.957
1.230 0.70887 41.57579 1.32043 29.47199 0.34090 0.04172 0.34609 0.27129 1425.229
1.235 0.70943 41.59732 1.32216 29.51059 0.34072 0.04187 0.34573 0.27169 1425.502
1.240 0.71000 41.61882 1.32389 29.54929 0.34053 0.04202 0.34536 0.27209 1425.773
1.245 0.71056 41.64030 1.32563 29.58809 0.34035 0.04217 0.34499 0.27248 1426.045
1.250 0.71113 41.66176 1.32737 29.62699 0.34017 0.04232 0.34463 0.27288 1426.316
1.255 0.71170 41.68318 1.32912 29.66599 0.33998 0.04248 0.34426 0.27328 1426.587
1.260 0.71227 41.70459 1.33087 29.70509 0.33980 0.04263 0.34389 0.27368 1426.857
1.265 0.71285 41.72596 1.33263 29.74428 0.33962 0.04278 0.34352 0.27408 1427.127
1.270 0.71343 41.74731 1.33439 29.78358 0.33943 0.04294 0.34315 0.27448 1427.396
1.275 0.71400 41.76864 1.33616 29.82298 0.33925 0.04309 0.34278 0.27488 1427.665
1.280 0.71459 41.78993 1.33792 29.86248 0.33906 0.04325 0.34242 0.27528 1427.934
1.285 0.71517 41.81120 1.33970 29.90208 0.33887 0.04340 0.34205 0.27568 1428.202
1.290 0.71576 41.83244 1.34148 29.94178 0.33869 0.04356 0.34168 0.27608 1428.470
1.295 0.71634 41.85366 1.34326 29.98159 0.33850 0.04372 0.34131 0.27648 1428.738
1.300 0.71693 41.87484 1.34505 30.02150 0.33831 0.04388 0.34094 0.27688 1429.005
1.305 0.71753 41.89600 1.34684 30.06151 0.33812 0.04403 0.34057 0.27727 1429.271
1.310 0.71812 41.91713 1.34864 30.10162 0.33793 0.04419 0.34020 0.27767 1429.537
1.315 0.71872 41.93823 1.35044 30.14183 0.33774 0.04435 0.33983 0.27808 1429.803
1.320 0.71932 41.95930 1.35225 30.18215 0.33755 0.04451 0.33946 0.27848 1430.068
1.325 0.71992 41.98034 1.35406 30.22258 0.33736 0.04467 0.33909 0.27888 1430.333
1.330 0.72053 42.00135 1.35587 30.26311 0.33717 0.04483 0.33872 0.27928 1430.598
1.335 0.72113 42.02234 1.35769 30.30374 0.33698 0.04499 0.33835 0.27968 1430.862
1.340 0.72174 42.04329 1.35952 30.34448 0.33679 0.04515 0.33798 0.28008 1431.125
1.345 0.72236 42.06421 1.36135 30.38532 0.33660 0.04531 0.33761 0.28048 1431.388
1.350 0.72297 42.08510 1.36318 30.42627 0.33641 0.04548 0.33724 0.28088 1431.651
1.355 0.72359 42.10596 1.36502 30.46732 0.33621 0.04564 0.33687 0.28128 1431.913
1.360 0.72421 42.12679 1.36687 30.50849 0.33602 0.04580 0.33650 0.28168 1432.175
1.365 0.72483 42.14759 1.36872 30.54976 0.33583 0.04597 0.33612 0.28208 1432.436
1.370 0.72545 42.16836 1.37057 30.59113 0.33563 0.04613 0.33575 0.28248 1432.697
1.375 0.72608 42.18909 1.37243 30.63261 0.33544 0.04630 0.33538 0.28288 1432.957
1.380 0.72671 42.20979 1.37429 30.67421 0.33524 0.04646 0.33501 0.28329 1433.217
1.385 0.72734 42.23046 1.37616 30.71591 0.33505 0.04663 0.33464 0.28369 1433.476
1.390 0.72797 42.25110 1.37803 30.75771 0.33485 0.04679 0.33426 0.28409 1433.735
1.395 0.72861 42.27171 1.37991 30.79963 0.33465 0.04696 0.33389 0.28449 1433.994
1.400 0.72925 42.29228 1.38179 30.84166 0.33446 0.04713 0.33352 0.28489 1434.252
1.405 0.72989 42.31281 1.38368 30.88380 0.33426 0.04730 0.33315 0.28529 1434.509
1.410 0.73054 42.33332 1.38558 30.92604 0.33406 0.04747 0.33277 0.28570 1434.766
1.415 0.73118 42.35378 1.38747 30.96840 0.33386 0.04764 0.33240 0.28610 1435.022
1.420 0.73183 42.37422 1.38938 31.01087 0.33367 0.04780 0.33203 0.28650 1435.278
1.425 0.73249 42.39462 1.39128 31.05345 0.33347 0.04797 0.33166 0.28690 1435.534
1.430 0.73314 42.41498 1.39320 31.09614 0.33327 0.04815 0.33128 0.28731 1435.789
1.435 0.73380 42.43531 1.39511 31.13894 0.33307 0.04832 0.33091 0.28771 1436.043
1.440 0.73446 42.45561 1.39704 31.18186 0.33287 0.04849 0.33053 0.28811 1436.297
1.445 0.73512 42.47586 1.39896 31.22488 0.33267 0.04866 0.33016 0.28851 1436.551
1.450 0.73579 42.49608 1.40090 31.26802 0.33246 0.04883 0.32979 0.28892 1436.804
1.455 0.73645 42.51627 1.40284 31.31128 0.33226 0.04901 0.32941 0.28932 1437.056
1.460 0.73712 42.53642 1.40478 31.35465 0.33206 0.04918 0.32904 0.28972 1437.308
1.465 0.73780 42.55653 1.40673 31.39813 0.33186 0.04936 0.32866 0.29012 1437.559
1.470 0.73847 42.57660 1.40868 31.44173 0.33165 0.04953 0.32829 0.29053 1437.810
1.475 0.73915 42.59664 1.41064 31.48544 0.33145 0.04971 0.32792 0.29093 1438.060
1.480 0.73983 42.61663 1.41260 31.52927 0.33125 0.04988 0.32754 0.29133 1438.310
1.485 0.74052 42.63659 1.41457 31.57321 0.33104 0.05006 0.32717 0.29174 1438.559
1.490 0.74121 42.65651 1.41654 31.61727 0.33084 0.05023 0.32679 0.29214 1438.808
1.495 0.74190 42.67639 1.41852 31.66145 0.33063 0.05041 0.32642 0.29254 1439.056
1.500 0.74259 42.69624 1.42051 31.70574 0.33042 0.05059 0.32604 0.29294 1439.304
1.505 0.74328 42.71604 1.42250 31.75015 0.33022 0.05077 0.32566 0.29335 1439.551
1.510 0.74398 42.73580 1.42449 31.79468 0.33001 0.05095 0.32529 0.29375 1439.797
1.515 0.74468 42.75552 1.42649 31.83932 0.32980 0.05113 0.32491 0.29415 1440.043
1.520 0.74539 42.77521 1.42850 31.88409 0.32960 0.05131 0.32454 0.29456 1440.288
1.525 0.74609 42.79485 1.43051 31.92897 0.32939 0.05149 0.32416 0.29496 1440.533
1.530 0.74680 42.81445 1.43253 31.97398 0.32918 0.05167 0.32379 0.29536 1440.777
1.535 0.74752 42.83400 1.43455 32.01910 0.32897 0.05185 0.32341 0.29577 1441.021
1.540 0.74823 42.85352 1.43657 32.06434 0.32876 0.05204 0.32303 0.29617 1441.264
1.545 0.74895 42.87299 1.43861 32.10971 0.32855 0.05222 0.32266 0.29657 1441.506
1.550 0.74967 42.89243 1.44064 32.15519 0.32834 0.05240 0.32228 0.29698 1441.748
1.555 0.75039 42.91182 1.44269 32.20080 0.32813 0.05259 0.32190 0.29738 1441.990
1.560 0.75112 42.93116 1.44474 32.24652 0.32792 0.05277 0.32153 0.29778 1442.230
1.565 0.75185 42.95046 1.44679 32.29237 0.32771 0.05296 0.32115 0.29819 1442.470
1.570 0.75258 42.96972 1.44885 32.33835 0.32750 0.05314 0.32077 0.29859 1442.710
1.575 0.75332 42.98894 1.45092 32.38444 0.32728 0.05333 0.32039 0.29900 1442.949
1.580 0.75406 43.00811 1.45299 32.43066 0.32707 0.05351 0.32002 0.29940 1443.187
1.585 0.75480 43.02723 1.45506 32.47700 0.32686 0.05370 0.31964 0.29980 1443.425
1.590 0.75555 43.04631 1.45714 32.52347 0.32664 0.05389 0.31926 0.30021 1443.662
1.595 0.75629 43.06535 1.45923 32.57006 0.32643 0.05408 0.31888 0.30061 1443.898
1.600 0.75704 43.08434 1.46133 32.61678 0.32621 0.05427 0.31851 0.30101 1444.134
1.605 0.75780 43.10328 1.46342 32.66362 0.32600 0.05446 0.31813 0.30142 1444.369
1.610 0.75856 43.12218 1.46553 32.71059 0.32578 0.05465 0.31775 0.30182 1444.603
1.615 0.75932 43.14102 1.46764 32.75769 0.32557 0.05484 0.31737 0.30222 1444.837
1.620 0.76008 43.15983 1.46975 32.80491 0.32535 0.05503 0.31699 0.30263 1445.071
1.625 0.76085 43.17858 1.47188 32.85226 0.32513 0.05522 0.31661 0.30303 1445.303
1.630 0.76162 43.19729 1.47400 32.89974 0.32491 0.05541 0.31624 0.30343 1445.535
1.635 0.76239 43.21595 1.47614 32.94734 0.32470 0.05561 0.31586 0.30384 1445.766
1.640 0.76316 43.23456 1.47827 32.99507 0.32448 0.05580 0.31548 0.30424 1445.997
1.645 0.76394 43.25312 1.48042 33.04294 0.32426 0.05600 0.31510 0.30465 1446.227
1.650 0.76473 43.27163 1.48257 33.09093 0.32404 0.05619 0.31472 0.30505 1446.456
1.655 0.76551 43.29009 1.48472 33.13905 0.32382 0.05639 0.31434 0.30545 1446.685
1.660 0.76630 43.30850 1.48689 33.18730 0.32360 0.05658 0.31396 0.30586 1446.913
1.665 0.76709 43.32687 1.48905 33.23569 0.32338 0.05678 0.31358 0.30626 1447.140
1.670 0.76789 43.34518 1.49123 33.28420 0.32316 0.05698 0.31320 0.30666 1447.367
1.675 0.76869 43.36344 1.49341 33.33285 0.32294 0.05717 0.31282 0.30707 1447.593
1.680 0.76949 43.38165 1.49559 33.38163 0.32272 0.05737 0.31244 0.30747 1447.818
1.685 0.77029 43.39980 1.49778 33.43054 0.32249 0.05757 0.31206 0.30787 1448.043
1.690 0.77110 43.41791 1.49998 33.47958 0.32227 0.05777 0.31168 0.30828 1448.267
1.695 0.77191 43.43596 1.50218 33.52876 0.32205 0.05797 0.31130 0.30868 1448.490
1.700 0.77273 43.45396 1.50439 33.57807 0.32182 0.05817 0.31092 0.30908 1448.712
1.705 0.77355 43.47190 1.50661 33.62752 0.32160 0.05837 0.31054 0.30949 1448.934
1.710 0.77437 43.48980 1.50883 33.67710 0.32138 0.05857 0.31016 0.30989 1449.155
1.715 0.77519 43.50763 1.51106 33.72681 0.32115 0.05878 0.30978 0.31029 1449.375
1.720 0.77602 43.52542 1.51329 33.77667 0.32092 0.05898 0.30940 0.31069 1449.595
1.725 0.77685 43.54315 1.51553 33.82665 0.32070 0.05918 0.30902 0.31110 1449.814
1.730 0.77769 43.56082 1.51778 33.87678 0.32047 0.05939 0.30864 0.31150 1450.032
1.735 0.77853 43.57844 1.52003 33.92704 0.32025 0.05959 0.30826 0.31190 1450.249
1.740 0.77937 43.59600 1.52229 33.97744 0.32002 0.05980 0.30788 0.31231 1450.466
1.745 0.78022 43.61350 1.52455 34.02798 0.31979 0.06000 0.30750 0.31271 1450.682
1.750 0.78107 43.63095 1.52682 34.07866 0.31956 0.06021 0.30711 0.31311 1450.897
1.755 0.78192 43.64834 1.52910 34.12947 0.31933 0.06042 0.30673 0.31351 1451.112
1.760 0.78278 43.66568 1.53138 34.18043 0.31911 0.06063 0.30635 0.31392 1451.325
1.765 0.78364 43.68295 1.53367 34.23152 0.31888 0.06083 0.30597 0.31432 1451.538
1.770 0.78450 43.70017 1.53597 34.28276 0.31865 0.06104 0.30559 0.31472 1451.750
1.775 0.78537 43.71733 1.53827 34.33414 0.31842 0.06125 0.30521 0.31512 1451.962
1.780 0.78624 43.73443 1.54058 34.38566 0.31819 0.06146 0.30483 0.31553 1452.172
1.785 0.78711 43.75147 1.54289 34.43732 0.31796 0.06167 0.30444 0.31593 1452.382
1.790 0.78799 43.76845 1.54521 34.48912 0.31772 0.06188 0.30406 0.31633 1452.591
1.795 0.78887 43.78537 1.54754 34.54107 0.31749 0.06210 0.30368 0.31673 1452.799
1.800 0.78976 43.80223 1.54987 34.59316 0.31726 0.06231 0.30330 0.31713 1453.007
1.805 0.79065 43.81903 1.55221 34.64539 0.31703 0.06252 0.30291 0.31754 1453.213
1.810 0.79154 43.83577 1.55456 34.69777 0.31679 0.06274 0.30253 0.31794 1453.419
1.815 0.79244 43.85244 1.55691 34.75029 0.31656 0.06295 0.30215 0.31834 1453.624
1.820 0.79334 43.86905 1.55927 34.80296 0.31633 0.06317 0.30177 0.31874 1453.829
1.825 0.79424 43.88560 1.56164 34.85577 0.31609 0.06338 0.30138 0.31914 1454.032
1.830 0.79515 43.90209 1.56401 34.90874 0.31586 0.06360 0.30100 0.31954 1454.234
1.835 0.79606 43.91851 1.56639 34.96184 0.31562 0.06381 0.30062 0.31994 1454.436
1.840 0.79698 43.93487 1.56878 35.01510 0.31539 0.06403 0.30024 0.32035 1454.637
1.845 0.79790 43.95117 1.57117 35.06850 0.31515 0.06425 0.29985 0.32075 1454.837
1.850 0.79882 43.96740 1.57357 35.12206 0.31491 0.06447 0.29947 0.32115 1455.037
1.855 0.79975 43.98356 1.57597 35.17576 0.31468 0.06469 0.29909 0.32155 1455.235
1.860 0.80068 43.99966 1.57839 35.22961 0.31444 0.06491 0.29870 0.32195 1455.432
1.865 0.80161 44.01569 1.58081 35.28361 0.31420 0.06513 0.29832 0.32235 1455.629
1.870 0.80255 44.03166 1.58323 35.33776 0.31396 0.06535 0.29794 0.32275 1455.825
1.875 0.80350 44.04755 1.58567 35.39206 0.31372 0.06557 0.29755 0.32315 1456.020
1.880 0.80444 44.06339 1.58811 35.44652 0.31349 0.06579 0.29717 0.32355 1456.214
1.885 0.80540 44.07915 1.59055 35.50113 0.31325 0.06602 0.29679 0.32395 1456.407
1.890 0.80635 44.09484 1.59301 35.55589 0.31301 0.06624 0.29640 0.32435 1456.600
1.895 0.80731 44.11047 1.59547 35.61080 0.31277 0.06647 0.29602 0.32475 1456.791
1.900 0.80827 44.12603 1.59793 35.66586 0.31252 0.06669 0.29563 0.32515 1456.982
1.905 0.80924 44.14151 1.60041 35.72109 0.31228 0.06692 0.29525 0.32555 1457.171
1.910 0.81021 44.15693 1.60289 35.77646 0.31204 0.06714 0.29487 0.32595 1457.360
1.915 0.81119 44.17227 1.60538 35.83199 0.31180 0.06737 0.29448 0.32635 1457.548
1.920 0.81217 44.18755 1.60787 35.88768 0.31156 0.06760 0.29410 0.32675 1457.735
1.925 0.81315 44.20275 1.61037 35.94352 0.31131 0.06783 0.29371 0.32715 1457.921
1.930 0.81414 44.21789 1.61288 35.99952 0.31107 0.06805 0.29333 0.32754 1458.106
1.935 0.81513 44.23294 1.61540 36.05568 0.31083 0.06828 0.29295 0.32794 1458.290
1.940 0.81613 44.24793 1.61792 36.11200 0.31058 0.06851 0.29256 0.32834 1458.474
1.945 0.81713 44.26284 1.62045 36.16847 0.31034 0.06874 0.29218 0.32874 1458.656
1.950 0.81813 44.27768 1.62299 36.22511 0.31009 0.06898 0.29179 0.32914 1458.837
1.955 0.81914 44.29245 1.62553 36.28190 0.30985 0.06921 0.29141 0.32954 1459.018
1.960 0.82016 44.30714 1.62809 36.33886 0.30960 0.06944 0.29102 0.32993 1459.197
1.965 0.82118 44.32175 1.63064 36.39597 0.30936 0.06967 0.29064 0.33033 1459.376
1.970 0.82220 44.33629 1.63321 36.45325 0.30911 0.06991 0.29025 0.33073 1459.553
1.975 0.82323 44.35076 1.63578 36.51069 0.30886 0.07014 0.28987 0.33113 1459.730
1.980 0.82426 44.36514 1.63836 36.56829 0.30862 0.07038 0.28948 0.33152 1459.906
1.985 0.82529 44.37945 1.64095 36.62606 0.30837 0.07061 0.28910 0.33192 1460.080
1.990 0.82633 44.39368 1.64355 36.68399 0.30812 0.07085 0.28871 0.33232 1460.254
1.995 0.82738 44.40784 1.64615 36.74208 0.30787 0.07109 0.28833 0.33271 1460.427
2.000 0.82843 44.42191 1.64876 36.80034 0.30762 0.07133 0.28794 0.33311 1460.598
2.005 0.82948 44.43591 1.65138 36.85876 0.30737 0.07156 0.28756 0.33351 1460.769
2.010 0.83054 44.44983 1.65400 36.91735 0.30712 0.07180 0.28717 0.33390 1460.939
2.015 0.83160 44.46366 1.65664 36.97611 0.30687 0.07204 0.28679 0.33430 1461.107
2.020 0.83267 44.47742 1.65928 37.03503 0.30662 0.07228 0.28640 0.33469 1461.275
2.025 0.83374 44.49110 1.66192 37.09412 0.30637 0.07252 0.28602 0.33509 1461.442
2.030 0.83482 44.50469 1.66458 37.15338 0.30612 0.07277 0.28563 0.33548 1461.607
2.035 0.83590 44.51820 1.66724 37.21281 0.30587 0.07301 0.28524 0.33588 1461.772
2.040 0.83699 44.53163 1.66991 37.27241 0.30561 0.07325 0.28486 0.33627 1461.935
2.045 0.83808 44.54498 1.67259 37.33218 0.30536 0.07350 0.28447 0.33667 1462.098
2.050 0.83917 44.55824 1.67527 37.39212 0.30511 0.07374 0.28409 0.33706 1462.259
2.055 0.84027 44.57142 1.67797 37.45223 0.30485 0.07399 0.28370 0.33746 1462.419
2.060 0.84138 44.58452 1.68067 37.51251 0.30460 0.07423 0.28332 0.33785 1462.579
2.065 0.84249 44.59753 1.68338 37.57297 0.30435 0.07448 0.28293 0.33824 1462.737
2.070 0.84360 44.61045 1.68609 37.63360 0.30409 0.07473 0.28254 0.33864 1462.894
2.075 0.84472 44.62329 1.68882 37.69440 0.30384 0.07497 0.28216 0.33903 1463.050
2.080 0.84585 44.63604 1.69155 37.75538 0.30358 0.07522 0.28177 0.33942 1463.205
2.085 0.84698 44.64871 1.69429 37.81653 0.30333 0.07547 0.28139 0.33982 1463.359
2.090 0.84811 44.66129 1.69704 37.87786 0.30307 0.07572 0.28100 0.34021 1463.512
2.095 0.84925 44.67377 1.69979 37.93936 0.30281 0.07597 0.28061 0.34060 1463.664
2.100 0.85040 44.68618 1.70256 38.00104 0.30256 0.07622 0.28023 0.34099 1463.814
2.105 0.85155 44.69849 1.70533 38.06290 0.30230 0.07647 0.27984 0.34139 1463.964
2.110 0.85270 44.71071 1.70811 38.12494 0.30204 0.07673 0.27946 0.34178 1464.112
2.115 0.85386 44.72284 1.71089 38.18716 0.30178 0.07698 0.27907 0.34217 1464.259
2.120 0.85503 44.73488 1.71369 38.24955 0.30152 0.07723 0.27868 0.34256 1464.405
2.125 0.85620 44.74683 1.71649 38.31213 0.30126 0.07749 0.27830 0.34295 1464.550
2.130 0.85737 44.75869 1.71930 38.37489 0.30100 0.07774 0.27791 0.34334 1464.694
2.135 0.85855 44.77046 1.72212 38.43782 0.30074 0.07800 0.27752 0.34373 1464.837
2.140 0.85974 44.78213 1.72495 38.50094 0.30048 0.07826 0.27714 0.34412 1464.978
2.145 0.86093 44.79371 1.72779 38.56425 0.30022 0.07851 0.27675 0.34451 1465.119
2.150 0.86213 44.80519 1.73063 38.62773 0.29996 0.07877 0.27637 0.34490 1465.258
2.155 0.86333 44.81659 1.73349 38.69140 0.29970 0.07903 0.27598 0.34529 1465.396
2.160 0.86453 44.82788 1.73635 38.75526 0.29944 0.07929 0.27559 0.34568 1465.532
2.165 0.86575 44.83908 1.73922 38.81930 0.29918 0.07955 0.27521 0.34607 1465.668
2.170 0.86696 44.85019 1.74209 38.88353 0.29891 0.07981 0.27482 0.34646 1465.802
2.175 0.86819 44.86119 1.74498 38.94794 0.29865 0.08007 0.27443 0.34685 1465.936
2.180 0.86942 44.87210 1.74787 39.01254 0.29839 0.08033 0.27405 0.34723 1466.068
2.185 0.87065 44.88292 1.75078 39.07733 0.29812 0.08060 0.27366 0.34762 1466.198
2.190 0.87189 44.89363 1.75369 39.14230 0.29786 0.08086 0.27327 0.34801 1466.328
2.195 0.87314 44.90425 1.75661 39.20747 0.29760 0.08112 0.27289 0.34840 1466.456
2.200 0.87439 44.91476 1.75954 39.27283 0.29733 0.08139 0.27250 0.34878 1466.583
2.205 0.87564 44.92518 1.76247 39.33837 0.29707 0.08165 0.27211 0.34917 1466.709
2.210 0.87690 44.93549 1.76542 39.40411 0.29680 0.08192 0.27173 0.34955 1466.834
2.215 0.87817 44.94571 1.76837 39.47004 0.29653 0.08219 0.27134 0.34994 1466.957
2.220 0.87944 44.95582 1.77133 39.53616 0.29627 0.08245 0.27095 0.35033 1467.079
2.225 0.88072 44.96583 1.77430 39.60248 0.29600 0.08272 0.27057 0.35071 1467.200
2.230 0.88201 44.97574 1.77728 39.66899 0.29573 0.08299 0.27018 0.35110 1467.320
2.235 0.88330 44.98554 1.78027 39.73570 0.29547 0.08326 0.26979 0.35148 1467.438
2.240 0.88460 44.99524 1.78327 39.80260 0.29520 0.08353 0.26941 0.35187 1467.555
2.245 0.88590 45.00483 1.78628 39.86969 0.29493 0.08380 0.26902 0.35225 1467.671
2.250 0.88721 45.01432 1.78929 39.93699 0.29466 0.08408 0.26863 0.35263 1467.785
2.255 0.88852 45.02371 1.79232 40.00448 0.29439 0.08435 0.26824 0.35302 1467.898
2.260 0.88984 45.03298 1.79535 40.07217 0.29412 0.08462 0.26786 0.35340 1468.010
2.265 0.89117 45.04215 1.79839 40.14006 0.29385 0.08489 0.26747 0.35378 1468.120
2.270 0.89250 45.05122 1.80144 40.20815 0.29358 0.08517 0.26708 0.35416 1468.229
2.275 0.89384 45.06017 1.80450 40.27644 0.29331 0.08544 0.26670 0.35455 1468.337
2.280 0.89518 45.06901 1.80757 40.34493 0.29304 0.08572 0.26631 0.35493 1468.443
2.285 0.89653 45.07775 1.81065 40.41362 0.29277 0.08600 0.26592 0.35531 1468.548
2.290 0.89789 45.08638 1.81373 40.48251 0.29250 0.08628 0.26554 0.35569 1468.652
2.295 0.89925 45.09489 1.81683 40.55161 0.29223 0.08655 0.26515 0.35607 1468.754
2.300 0.90062 45.10329 1.81993 40.62092 0.29195 0.08683 0.26476 0.35645 1468.855
2.305 0.90199 45.11159 1.82305 40.69042 0.29168 0.08711 0.26438 0.35683 1468.955
2.310 0.90338 45.11976 1.82617 40.76014 0.29141 0.08739 0.26399 0.35721 1469.053
2.315 0.90476 45.12783 1.82930 40.83005 0.29113 0.08767 0.26360 0.35759 1469.150
2.320 0.90616 45.13578 1.83245 40.90018 0.29086 0.08796 0.26322 0.35797 1469.245
2.325 0.90756 45.14362 1.83560 40.97051 0.29059 0.08824 0.26283 0.35835 1469.339
2.330 0.90897 45.15134 1.83876 41.04106 0.29031 0.08852 0.26244 0.35873 1469.432
2.335 0.91038 45.15895 1.84193 41.11181 0.29004 0.08881 0.26206 0.35910 1469.523
2.340 0.91180 45.16644 1.84511 41.18277 0.28976 0.08909 0.26167 0.35948 1469.613
2.345 0.91323 45.17381 1.84829 41.25394 0.28949 0.08938 0.26128 0.35986 1469.701
2.350 0.91466 45.18107 1.85149 41.32533 0.28921 0.08966 0.26089 0.36023 1469.788
2.355 0.91610 45.18821 1.85470 41.39692 0.28893 0.08995 0.26051 0.36061 1469.874
2.360 0.91755 45.19523 1.85792 41.46873 0.28866 0.09024 0.26012 0.36099 1469.957
2.365 0.91900 45.20213 1.86115 41.54076 0.28838 0.09052 0.25973 0.36136 1470.040
2.370 0.92046 45.20891 1.86438 41.61300 0.28810 0.09081 0.25935 0.36174 1470.121
2.375 0.92193 45.21557 1.86763 41.68545 0.28782 0.09110 0.25896 0.36211 1470.200
2.380 0.92340 45.22211 1.87088 41.75812 0.28755 0.09139 0.25857 0.36249 1470.278
2.385 0.92488 45.22852 1.87415 41.83101 0.28727 0.09168 0.25819 0.36286 1470.355
2.390 0.92637 45.23481 1.87742 41.90411 0.28699 0.09198 0.25780 0.36323 1470.430
2.395 0.92786 45.24098 1.88071 41.97744 0.28671 0.09227 0.25741 0.36361 1470.504
2.400 0.92936 45.24703 1.88400 42.05098 0.28643 0.09256 0.25703 0.36398 1470.576
2.405 0.93087 45.25295 1.88731 42.12474 0.28615 0.09286 0.25664 0.36435 1470.646
2.410 0.93239 45.25875 1.89062 42.19872 0.28587 0.09315 0.25626 0.36472 1470.715
2.415 0.93391 45.26442 1.89395 42.27293 0.28559 0.09345 0.25587 0.36510 1470.782
2.420 0.93544 45.26996 1.89728 42.34736 0.28531 0.09374 0.25548 0.36547 1470.848
2.425 0.93698 45.27538 1.90063 42.42201 0.28503 0.09404 0.25510 0.36584 1470.912
2.430 0.93852 45.28066 1.90398 42.49689 0.28475 0.09434 0.25471 0.36621 1470.975
2.435 0.94007 45.28582 1.90735 42.57199 0.28446 0.09464 0.25432 0.36658 1471.036
2.440 0.94163 45.29085 1.91072 42.64731 0.28418 0.09494 0.25394 0.36695 1471.096
2.445 0.94320 45.29575 1.91411 42.72287 0.28390 0.09524 0.25355 0.36732 1471.154
2.450 0.94477 45.30052 1.91750 42.79865 0.28362 0.09554 0.25316 0.36768 1471.210
2.455 0.94635 45.30516 1.92091 42.87466 0.28333 0.09584 0.25278 0.36805 1471.265
2.460 0.94794 45.30966 1.92432 42.95090 0.28305 0.09614 0.25239 0.36842 1471.318
2.465 0.94954 45.31404 1.92775 43.02736 0.28276 0.09644 0.25201 0.36879 1471.370
2.470 0.95114 45.31828 1.93119 43.10406 0.28248 0.09675 0.25162 0.36915 1471.419
2.475 0.95275 45.32238 1.93463 43.18099 0.28220 0.09705 0.25123 0.36952 1471.468
2.480 0.95437 45.32635 1.93809 43.25816 0.28191 0.09736 0.25085 0.36989 1471.514
2.485 0.95600 45.33019 1.94156 43.33555 0.28163 0.09766 0.25046 0.37025 1471.559
2.490 0.95763 45.33389 1.94504 43.41318 0.28134 0.09797 0.25007 0.37062 1471.602
2.495 0.95927 45.33745 1.94852 43.49105 0.28105 0.09828 0.24969 0.37098 1471.644
2.500 0.96092 45.34087 1.95202 43.56915 0.28077 0.09858 0.24930 0.37134 1471.684
2.505 0.96258 45.34416 1.95553 43.64749 0.28048 0.09889 0.24892 0.37171 1471.722
2.510 0.96425 45.34730 1.95905 43.72607 0.28019 0.09920 0.24853 0.37207 1471.759
2.515 0.96592 45.35031 1.96258 43.80488 0.27991 0.09951 0.24815 0.37243 1471.793
2.520 0.96760 45.35318 1.96613 43.88394 0.27962 0.09982 0.24776 0.37280 1471.827
2.525 0.96929 45.35590 1.96968 43.96323 0.27933 0.10014 0.24737 0.37316 1471.858
2.530 0.97099 45.35848 1.97324 44.04277 0.27904 0.10045 0.24699 0.37352 1471.888
2.535 0.97270 45.36092 1.97682 44.12254 0.27875 0.10076 0.24660 0.37388 1471.915
2.540 0.97441 45.36322 1.98040 44.20256 0.27847 0.10108 0.24622 0.37424 1471.942
2.545 0.97614 45.36537 1.98400 44.28283 0.27818 0.10139 0.24583 0.37460 1471.966
2.550 0.97787 45.36738 1.98760 44.36334 0.27789 0.10171 0.24545 0.37496 1471.989
2.555 0.97961 45.36924 1.99122 44.44409 0.27760 0.10202 0.24506 0.37532 1472.009
2.560 0.98136 45.37096 1.99485 44.52509 0.27731 0.10234 0.24468 0.37568 1472.029
2.565 0.98311 45.37253 1.99849 44.60634 0.27702 0.10266 0.24429 0.37603 1472.046
2.570 0.98488 45.37395 2.00214 44.68784 0.27673 0.10298 0.24391 0.37639 1472.061
2.575 0.98665 45.37522 2.00581 44.76959 0.27643 0.10330 0.24352 0.37675 1472.075
2.580 0.98844 45.37635 2.00948 44.85158 0.27614 0.10362 0.24314 0.37710 1472.087
2.585 0.99023 45.37732 2.01316 44.93383 0.27585 0.10394 0.24275 0.37746 1472.097
2.590 0.99203 45.37814 2.01686 45.01633 0.27556 0.10426 0.24237 0.37782 1472.105
2.595 0.99384 45.37881 2.02057 45.09908 0.27527 0.10458 0.24198 0.37817 1472.111
2.600 0.99565 45.37933 2.02429 45.18209 0.27497 0.10491 0.24160 0.37852 1472.116
2.605 0.99748 45.37970 2.02802 45.26535 0.27468 0.10523 0.24121 0.37888 1472.118
2.610 0.99932 45.37991 2.03176 45.34886 0.27439 0.10555 0.24083 0.37923 1472.119
2.615 1.00116 45.37997 2.03551 45.43264 0.27409 0.10588 0.24044 0.37958 1472.118
2.620 1.00301 45.37987 2.03928 45.51667 0.27380 0.10621 0.24006 0.37994 1472.115
2.625 1.00488 45.37962 2.04305 45.60096 0.27351 0.10653 0.23967 0.38029 1472.110
2.630 1.00675 45.37921 2.04684 45.68551 0.27321 0.10686 0.23929 0.38064 1472.103
2.635 1.00863 45.37864 2.05064 45.77032 0.27292 0.10719 0.23890 0.38099 1472.094
2.640 1.01052 45.37791 2.05445 45.85539 0.27262 0.10752 0.23852 0.38134 1472.083
2.645 1.01242 45.37703 2.05828 45.94072 0.27233 0.10785 0.23814 0.38169 1472.070
2.650 1.01433 45.37598 2.06211 46.02632 0.27203 0.10818 0.23775 0.38204 1472.056
2.655 1.01625 45.37477 2.06596 46.11218 0.27173 0.10851 0.23737 0.38239 1472.039
2.660 1.01818 45.37341 2.06982 46.19831 0.27144 0.10884 0.23698 0.38273 1472.021
2.665 1.02012 45.37188 2.07369 46.28470 0.27114 0.10918 0.23660 0.38308 1472.000
2.670 1.02207 45.37018 2.07757 46.37136 0.27084 0.10951 0.23622 0.38343 1471.977
2.675 1.02402 45.36833 2.08146 46.45829 0.27055 0.10985 0.23583 0.38377 1471.953
2.680 1.02599 45.36630 2.08537 46.54549 0.27025 0.11018 0.23545 0.38412 1471.926
2.685 1.02797 45.36412 2.08929 46.63296 0.26995 0.11052 0.23507 0.38446 1471.898
2.690 1.02996 45.36176 2.09322 46.72070 0.26965 0.11086 0.23468 0.38481 1471.867
2.695 1.03196 45.35924 2.09716 46.80871 0.26936 0.11119 0.23430 0.38515 1471.835
2.700 1.03396 45.35655 2.10112 46.89699 0.26906 0.11153 0.23392 0.38549 1471.800
2.705 1.03598 45.35370 2.10509 46.98555 0.26876 0.11187 0.23353 0.38584 1471.763
2.710 1.03801 45.35067 2.10907 47.07439 0.26846 0.11221 0.23315 0.38618 1471.724
2.715 1.04005 45.34747 2.11306 47.16350 0.26816 0.11255 0.23277 0.38652 1471.683
2.720 1.04210 45.34411 2.11706 47.25289 0.26786 0.11289 0.23238 0.38686 1471.640
2.725 1.04415 45.34057 2.12108 47.34255 0.26756 0.11324 0.23200 0.38720 1471.595
2.730 1.04622 45.33685 2.12511 47.43250 0.26726 0.11358 0.23162 0.38754 1471.548
2.735 1.04830 45.33297 2.12915 47.52273 0.26696 0.11392 0.23124 0.38788 1471.499
2.740 1.05039 45.32891 2.13321 47.61324 0.26666 0.11427 0.23085 0.38822 1471.447
2.745 1.05250 45.32467 2.13728 47.70403 0.26636 0.11461 0.23047 0.38856 1471.394
2.750 1.05461 45.32026 2.14136 47.79510 0.26606 0.11496 0.23009 0.38889 1471.338
2.755 1.05673 45.31567 2.14545 47.88646 0.26575 0.11531 0.22971 0.38923 1471.280
2.760 1.05886 45.31091 2.14956 47.97811 0.26545 0.11566 0.22933 0.38957 1471.220
2.765 1.06101 45.30596 2.15368 48.07004 0.26515 0.11600 0.22894 0.38990 1471.158
2.770 1.06316 45.30084 2.15781 48.16226 0.26485 0.11635 0.22856 0.39024 1471.093
2.775 1.06533 45.29553 2.16195 48.25477 0.26454 0.11670 0.22818 0.39057 1471.027
2.780 1.06751 45.29005 2.16611 48.34757 0.26424 0.11706 0.22780 0.39090 1470.958
2.785 1.06970 45.28438 2.17028 48.44066 0.26394 0.11741 0.22742 0.39124 1470.887
2.790 1.07190 45.27853 2.17446 48.53404 0.26363 0.11776 0.22704 0.39157 1470.813
2.795 1.07411 45.27250 2.17866 48.62772 0.26333 0.11811 0.22665 0.39190 1470.738
2.800 1.07634 45.26628 2.18287 48.72169 0.26303 0.11847 0.22627 0.39223 1470.660
2.805 1.07857 45.25988 2.18709 48.81595 0.26272 0.11882 0.22589 0.39256 1470.580
2.810 1.08082 45.25329 2.19133 48.91052 0.26242 0.11918 0.22551 0.39289 1470.497
2.815 1.08308 45.24652 2.19558 49.00538 0.26211 0.11954 0.22513 0.39322 1470.413
2.820 1.08535 45.23955 2.19984 49.10054 0.26181 0.11989 0.22475 0.39355 1470.326
2.825 1.08763 45.23240 2.20412 49.19600 0.26150 0.12025 0.22437 0.39388 1470.236
2.830 1.08992 45.22506 2.20841 49.29176 0.26120 0.12061 0.22399 0.39421 1470.145
2.835 1.09223 45.21753 2.21272 49.38782 0.26089 0.12097 0.22361 0.39453 1470.051
2.840 1.09455 45.20981 2.21703 49.48418 0.26058 0.12133 0.22323 0.39486 1469.955
2.845 1.09688 45.20189 2.22136 49.58085 0.26028 0.12169 0.22285 0.39518 1469.856
2.850 1.09922 45.19378 2.22571 49.67783 0.25997 0.12205 0.22247 0.39551 1469.755
2.855 1.10157 45.18548 2.23007 49.77511 0.25966 0.12242 0.22209 0.39583 1469.652
2.860 1.10394 45.17698 2.23444 49.87270 0.25936 0.12278 0.22171 0.39616 1469.546
2.865 1.10632 45.16829 2.23883 49.97060 0.25905 0.12314 0.22133 0.39648 1469.438
2.870 1.10871 45.15940 2.24323 50.06881 0.25874 0.12351 0.22095 0.39680 1469.327
2.875 1.11112 45.15032 2.24764 50.16734 0.25843 0.12388 0.22057 0.39712 1469.214
2.880 1.11354 45.14103 2.25207 50.26617 0.25813 0.12424 0.22019 0.39744 1469.099
2.885 1.11597 45.13155 2.25651 50.36532 0.25782 0.12461 0.21981 0.39776 1468.981
2.890 1.11841 45.12187 2.26097 50.46478 0.25751 0.12498 0.21943 0.39808 1468.860
2.895 1.12087 45.11198 2.26544 50.56456 0.25720 0.12535 0.21905 0.39840 1468.737
2.900 1.12334 45.10190 2.26992 50.66466 0.25689 0.12572 0.21868 0.39872 1468.612
2.905 1.12582 45.09161 2.27442 50.76507 0.25658 0.12609 0.21830 0.39903 1468.484
2.910 1.12832 45.08111 2.27893 50.86581 0.25627 0.12646 0.21792 0.39935 1468.354
2.915 1.13083 45.07042 2.28346 50.96686 0.25596 0.12683 0.21754 0.39967 1468.221
2.920 1.13335 45.05951 2.28800 51.06824 0.25565 0.12721 0.21716 0.39998 1468.086
2.925 1.13589 45.04841 2.29256 51.16994 0.25534 0.12758 0.21678 0.40030 1467.948
2.930 1.13844 45.03709 2.29713 51.27197 0.25503 0.12795 0.21641 0.40061 1467.808
2.935 1.14100 45.02557 2.30172 51.37432 0.25472 0.12833 0.21603 0.40092 1467.665
2.940 1.14358 45.01383 2.30632 51.47700 0.25441 0.12871 0.21565 0.40123 1467.519
2.945 1.14617 45.00189 2.31093 51.58001 0.25410 0.12908 0.21527 0.40155 1467.371
2.950 1.14878 44.98974 2.31556 51.68334 0.25379 0.12946 0.21490 0.40186 1467.220
2.955 1.15140 44.97737 2.32021 51.78701 0.25347 0.12984 0.21452 0.40217 1467.067
2.960 1.15404 44.96479 2.32487 51.89101 0.25316 0.13022 0.21414 0.40248 1466.911
2.965 1.15669 44.95200 2.32954 51.99534 0.25285 0.13060 0.21377 0.40278 1466.752
2.970 1.15935 44.93899 2.33423 52.10001 0.25254 0.13098 0.21339 0.40309 1466.591
2.975 1.16203 44.92577 2.33893 52.20501 0.25223 0.13136 0.21301 0.40340 1466.427
2.980 1.16472 44.91233 2.34365 52.31036 0.25191 0.13175 0.21264 0.40371 1466.260
2.985 1.16743 44.89868 2.34839 52.41603 0.25160 0.13213 0.21226 0.40401 1466.091
2.990 1.17015 44.88480 2.35314 52.52205 0.25129 0.13251 0.21188 0.40432 1465.919
2.995 1.17289 44.87071 2.35790 52.62841 0.25097 0.13290 0.21151 0.40462 1465.744
3.000 1.17564 44.85640 2.36268 52.73511 0.25066 0.13328 0.21113 0.40492 1465.566
3.005 1.17841 44.84186 2.36748 52.84216 0.25035 0.13367 0.21076 0.40523 1465.386
3.010 1.18119 44.82711 2.37229 52.94955 0.25003 0.13406 0.21038 0.40553 1465.203
3.015 1.18399 44.81213 2.37712 53.05728 0.24972 0.13445 0.21001 0.40583 1465.018
3.020 1.18681 44.79692 2.38196 53.16537 0.24940 0.13484 0.20963 0.40613 1464.829
3.025 1.18964 44.78150 2.38682 53.27380 0.24909 0.13523 0.20926 0.40643 1464.638
3.030 1.19248 44.76584 2.39169 53.38258 0.24877 0.13562 0.20888 0.40673 1464.444
3.035 1.19535 44.74996 2.39658 53.49172 0.24846 0.13601 0.20851 0.40703 1464.247
3.040 1.19822 44.73385 2.40149 53.60120 0.24814 0.13640 0.20813 0.40732 1464.047
3.045 1.20112 44.71752 2.40641 53.71105 0.24783 0.13679 0.20776 0.40762 1463.844
3.050 1.20403 44.70095 2.41135 53.82124 0.24751 0.13719 0.20738 0.40792 1463.639
3.055 1.20696 44.68416 2.41630 53.93180 0.24720 0.13758 0.20701 0.40821 1463.431
3.060 1.20990 44.66713 2.42127 54.04271 0.24688 0.13798 0.20664 0.40851 1463.219
3.065 1.21286 44.64987 2.42625 54.15398 0.24656 0.13837 0.20626 0.40880 1463.005
3.070 1.21584 44.63237 2.43125 54.26561 0.24625 0.13877 0.20589 0.40909 1462.788
3.075 1.21883 44.61465 2.43627 54.37760 0.24593 0.13917 0.20552 0.40938 1462.568
3.080 1.22184 44.59668 2.44131 54.48996 0.24561 0.13957 0.20514 0.40967 1462.346
3.085 1.22487 44.57848 2.44636 54.60269 0.24530 0.13997 0.20477 0.40997 1462.120
3.090 1.22791 44.56005 2.45142 54.71577 0.24498 0.14037 0.20440 0.41025 1461.891
3.095 1.23097 44.54137 2.45651 54.82923 0.24466 0.14077 0.20403 0.41054 1461.659
3.100 1.23405 44.52246 2.46161 54.94306 0.24434 0.14117 0.20365 0.41083 1461.425
3.105 1.23715 44.50330 2.46672 55.05726 0.24403 0.14157 0.20328 0.41112 1461.187
3.110 1.24026 44.48391 2.47186 55.17183 0.24371 0.14198 0.20291 0.41140 1460.946
3.115 1.24340 44.46427 2.47701 55.28677 0.24339 0.14238 0.20254 0.41169 1460.702
3.120 1.24655 44.44439 2.48217 55.40209 0.24307 0.14279 0.20217 0.41198 1460.455
3.125 1.24972 44.42427 2.48736 55.51778 0.24275 0.14319 0.20180 0.41226 1460.206
3.130 1.25290 44.40390 2.49256 55.63385 0.24244 0.14360 0.20142 0.41254 1459.953
3.135 1.25611 44.38328 2.49777 55.75031 0.24212 0.14401 0.20105 0.41282 1459.697
3.140 1.25933 44.36242 2.50301 55.86714 0.24180 0.14441 0.20068 0.41311 1459.437
3.145 1.26258 44.34131 2.50826 55.98435 0.24148 0.14482 0.20031 0.41339 1459.175
3.150 1.26584 44.31995 2.51353 56.10195 0.24116 0.14523 0.19994 0.41367 1458.910
3.155 1.26912 44.29834 2.51881 56.21994 0.24084 0.14564 0.19957 0.41395 1458.641
3.160 1.27242 44.27648 2.52412 56.33831 0.24052 0.14606 0.19920 0.41422 1458.369
3.165 1.27574 44.25437 2.52944 56.45706 0.24020 0.14647 0.19883 0.41450 1458.095
3.170 1.27908 44.23201 2.53478 56.57621 0.23988 0.14688 0.19846 0.41478 1457.817
3.175 1.28244 44.20939 2.54013 56.69575 0.23956 0.14730 0.19809 0.41505 1457.535
3.180 1.28581 44.18652 2.54551 56.81568 0.23924 0.14771 0.19772 0.41533 1457.251
3.185 1.28921 44.16339 2.55090 56.93601 0.23892 0.14813 0.19735 0.41560 1456.963
3.190 1.29263 44.14000 2.55631 57.05673 0.23860 0.14854 0.19698 0.41587 1456.672
3.195 1.29607 44.11636 2.56173 57.17785 0.23828 0.14896 0.19662 0.41615 1456.378
3.200 1.29953 44.09246 2.56718 57.29937 0.23796 0.14938 0.19625 0.41642 1456.080
3.205 1.30301 44.06829 2.57264 57.42128 0.23764 0.14980 0.19588 0.41669 1455.780
3.210 1.30651 44.04387 2.57812 57.54360 0.23731 0.15022 0.19551 0.41696 1455.476
3.215 1.31003 44.01919 2.58362 57.66632 0.23699 0.15064 0.19514 0.41723 1455.168
3.220 1.31357 43.99424 2.58913 57.78945 0.23667 0.15106 0.19478 0.41750 1454.857
3.225 1.31713 43.96903 2.59467 57.91299 0.23635 0.15148 0.19441 0.41776 1454.543
3.230 1.32072 43.94355 2.60022 58.03693 0.23603 0.15190 0.19404 0.41803 1454.226
3.235 1.32432 43.91781 2.60579 58.16128 0.23571 0.15233 0.19367 0.41829 1453.905
3.240 1.32795 43.89180 2.61138 58.28604 0.23538 0.15275 0.19331 0.41856 1453.581
3.245 1.33160 43.86553 2.61699 58.41122 0.23506 0.15318 0.19294 0.41882 1453.253
3.250 1.33527 43.83898 2.62262 58.53681 0.23474 0.15360 0.19258 0.41909 1452.922
3.255 1.33896 43.81217 2.62826 58.66281 0.23442 0.15403 0.19221 0.41935 1452.587
3.260 1.34268 43.78508 2.63393 58.78924 0.23409 0.15446 0.19184 0.41961 1452.249
3.265 1.34642 43.75772 2.63961 58.91608 0.23377 0.15488 0.19148 0.41987 1451.908
3.270 1.35018 43.73009 2.64531 59.04334 0.23345 0.15531 0.19111 0.42013 1451.563
3.275 1.35396 43.70219 2.65103 59.17103 0.23312 0.15574 0.19075 0.42039 1451.215
3.280 1.35777 43.67401 2.65677 59.29914 0.23280 0.15617 0.19038 0.42064 1450.863
3.285 1.36160 43.64556 2.66253 59.42767 0.23248 0.15661 0.19002 0.42090 1450.507
3.290 1.36545 43.61682 2.66831 59.55664 0.23215 0.15704 0.18965 0.42116 1450.148
3.295 1.36933 43.58781 2.67411 59.68603 0.23183 0.15747 0.18929 0.42141 1449.786
3.300 1.37323 43.55853 2.67992 59.81585 0.23151 0.15791 0.18892 0.42166 1449.419
3.305 1.37715 43.52896 2.68576 59.94610 0.23118 0.15834 0.18856 0.42192 1449.049
3.310 1.38110 43.49911 2.69161 60.07679 0.23086 0.15878 0.18820 0.42217 1448.676
3.315 1.38508 43.46898 2.69749 60.20792 0.23053 0.15921 0.18783 0.42242 1448.299
3.320 1.38908 43.43857 2.70338 60.33948 0.23021 0.15965 0.18747 0.42267 1447.918
3.325 1.39310 43.40787 2.70930 60.47148 0.22989 0.16009 0.18711 0.42292 1447.534
3.330 1.39715 43.37689 2.71523 60.60392 0.22956 0.16053 0.18674 0.42317 1447.146
3.335 1.40122 43.34562 2.72118 60.73681 0.22924 0.16097 0.18638 0.42342 1446.754
3.340 1.40532 43.31406 2.72716 60.87013 0.22891 0.16141 0.18602 0.42366 1446.359
3.345 1.40945 43.28222 2.73315 61.00391 0.22859 0.16185 0.18566 0.42391 1445.959
3.350 1.41360 43.25009 2.73916 61.13813 0.22826 0.16229 0.18530 0.42415 1445.557
3.355 1.41777 43.21766 2.74520 61.27280 0.22794 0.16273 0.18494 0.42440 1445.150
3.360 1.42198 43.18495 2.75125 61.40793 0.22761 0.16318 0.18457 0.42464 1444.739
3.365 1.42620 43.15195 2.75733 61.54350 0.22729 0.16362 0.18421 0.42488 1444.325
3.370 1.43046 43.11865 2.76342 61.67953 0.22696 0.16406 0.18385 0.42512 1443.907
3.375 1.43474 43.08506 2.76953 61.81602 0.22663 0.16451 0.18349 0.42536 1443.485
3.380 1.43905 43.05117 2.77567 61.95296 0.22631 0.16496 0.18313 0.42560 1443.059
3.385 1.44339 43.01699 2.78183 62.09037 0.22598 0.16541 0.18277 0.42584 1442.630
3.390 1.44776 42.98251 2.78800 62.22824 0.22566 0.16585 0.18241 0.42608 1442.196
3.395 1.45215 42.94773 2.79420 62.36657 0.22533 0.16630 0.18205 0.42631 1441.759
3.400 1.45657 42.91265 2.80042 62.50536 0.22501 0.16675 0.18169 0.42655 1441.317
3.405 1.46102 42.87727 2.80666 62.64463 0.22468 0.16720 0.18133 0.42678 1440.872
3.410 1.46550 42.84160 2.81292 62.78436 0.22435 0.16766 0.18097 0.42702 1440.423
3.415 1.47001 42.80562 2.81920 62.92456 0.22403 0.16811 0.18062 0.42725 1439.970
3.420 1.47454 42.76933 2.82550 63.06524 0.22370 0.16856 0.18026 0.42748 1439.512
3.425 1.47911 42.73275 2.83183 63.20639 0.22337 0.16901 0.17990 0.42771 1439.051
3.430 1.48370 42.69585 2.83817 63.34802 0.22305 0.16947 0.17954 0.42794 1438.586
3.435 1.48833 42.65865 2.84454 63.49012 0.22272 0.16992 0.17918 0.42817 1438.117
3.440 1.49298 42.62115 2.85093 63.63271 0.22239 0.17038 0.17883 0.42840 1437.644
3.445 1.49767 42.58334 2.85734 63.77577 0.22207 0.17084 0.17847 0.42862 1437.166
3.450 1.50239 42.54521 2.86377 63.91933 0.22174 0.17130 0.17811 0.42885 1436.685
3.455 1.50713 42.50678 2.87022 64.06336 0.22141 0.17175 0.17776 0.42908 1436.199
3.460 1.51191 42.46804 2.87670 64.20789 0.22109 0.17221 0.17740 0.42930 1435.709
3.465 1.51672 42.42898 2.88319 64.35290 0.22076 0.17267 0.17704 0.42952 1435.216
3.470 1.52156 42.38961 2.88971 64.49841 0.22043 0.17314 0.17669 0.42974 1434.718
3.475 1.52644 42.34993 2.89626 64.64441 0.22010 0.17360 0.17633 0.42996 1434.215
3.480 1.53134 42.30993 2.90282 64.79091 0.21978 0.17406 0.17598 0.43018 1433.709
3.485 1.53628 42.26961 2.90940 64.93790 0.21945 0.17452 0.17562 0.43040 1433.198
3.490 1.54125 42.22898 2.91601 65.08539 0.21912 0.17499 0.17527 0.43062 1432.683
3.495 1.54625 42.18803 2.92264 65.23339 0.21879 0.17545 0.17491 0.43084 1432.164
3.500 1.55129 42.14677 2.92930 65.38188 0.21847 0.17592 0.17456 0.43105 1431.641
3.505 1.55636 42.10518 2.93597 65.53089 0.21814 0.17638 0.17421 0.43127 1431.113
3.510 1.56147 42.06327 2.94267 65.68040 0.21781 0.17685 0.17385 0.43148 1430.581
3.515 1.56661 42.02104 2.94939 65.83042 0.21748 0.17732 0.17350 0.43170 1430.045
3.520 1.57178 41.97848 2.95614 65.98095 0.21715 0.17779 0.17315 0.43191 1429.504
3.525 1.57699 41.93560 2.96290 66.13199 0.21683 0.17826 0.17279 0.43212 1428.959
3.530 1.58223 41.89240 2.96969 66.28355 0.21650 0.17873 0.17244 0.43233 1428.410
3.535 1.58751 41.84887 2.97651 66.43563 0.21617 0.17920 0.17209 0.43254 1427.856
3.540 1.59283 41.80502 2.98334 66.58822 0.21584 0.17967 0.17174 0.43275 1427.298
3.545 1.59818 41.76083 2.99020 66.74134 0.21551 0.18015 0.17139 0.43295 1426.735
3.550 1.60357 41.71632 2.99709 66.89498 0.21519 0.18062 0.17104 0.43316 1426.168
3.555 1.60899 41.67148 3.00399 67.04915 0.21486 0.18109 0.17068 0.43336 1425.596
3.560 1.61446 41.62630 3.01092 67.20384 0.21453 0.18157 0.17033 0.43357 1425.020
3.565 1.61996 41.58080 3.01788 67.35906 0.21420 0.18204 0.16998 0.43377 1424.439
3.570 1.62549 41.53496 3.02486 67.51482 0.21387 0.18252 0.16963 0.43397 1423.854
3.575 1.63107 41.48879 3.03186 67.67111 0.21354 0.18300 0.16928 0.43417 1423.264
3.580 1.63668 41.44228 3.03889 67.82793 0.21322 0.18348 0.16893 0.43437 1422.670
3.585 1.64234 41.39544 3.04594 67.98530 0.21289 0.18396 0.16858 0.43457 1422.071
3.590 1.64803 41.34827 3.05301 68.14320 0.21256 0.18444 0.16824 0.43477 1421.467
3.595 1.65376 41.30075 3.06011 68.30165 0.21223 0.18492 0.16789 0.43497 1420.859
3.600 1.65954 41.25290 3.06723 68.46064 0.21190 0.18540 0.16754 0.43516 1420.246
3.605 1.66535 41.20470 3.07438 68.62017 0.21157 0.18588 0.16719 0.43536 1419.629
3.610 1.67120 41.15617 3.08155 68.78026 0.21124 0.18636 0.16684 0.43555 1419.007
3.615 1.67710 41.10730 3.08875 68.94090 0.21091 0.18685 0.16649 0.43574 1418.380
3.620 1.68303 41.05808 3.09597 69.10209 0.21059 0.18733 0.16615 0.43594 1417.748
3.625 1.68901 41.00852 3.10322 69.26383 0.21026 0.18782 0.16580 0.43613 1417.111
3.630 1.69503 40.95862 3.11049 69.42614 0.20993 0.18830 0.16545 0.43632 1416.470
3.635 1.70109 40.90837 3.11779 69.58900 0.20960 0.18879 0.16511 0.43650 1415.824
3.640 1.70720 40.85778 3.12511 69.75243 0.20927 0.18928 0.16476 0.43669 1415.173
3.645 1.71335 40.80684 3.13246 69.91641 0.20894 0.18977 0.16442 0.43688 1414.518
3.650 1.71954 40.75555 3.13983 70.08097 0.20861 0.19025 0.16407 0.43706 1413.857
3.655 1.72578 40.70391 3.14723 70.24610 0.20828 0.19074 0.16372 0.43725 1413.192
3.660 1.73207 40.65192 3.15465 70.41179 0.20795 0.19124 0.16338 0.43743 1412.521
3.665 1.73839 40.59959 3.16210 70.57806 0.20762 0.19173 0.16304 0.43761 1411.846
3.670 1.74477 40.54690 3.16957 70.74491 0.20730 0.19222 0.16269 0.43779 1411.166
3.675 1.75119 40.49386 3.17708 70.91233 0.20697 0.19271 0.16235 0.43797 1410.480
3.680 1.75765 40.44047 3.18460 71.08033 0.20664 0.19321 0.16200 0.43815 1409.790
3.685 1.76417 40.38672 3.19216 71.24892 0.20631 0.19370 0.16166 0.43833 1409.095
3.690 1.77073 40.33262 3.19974 71.41809 0.20598 0.19420 0.16132 0.43851 1408.395
3.695 1.77734 40.27816 3.20734 71.58784 0.20565 0.19469 0.16097 0.43868 1407.690
3.700 1.78399 40.22335 3.21497 71.75819 0.20532 0.19519 0.16063 0.43886 1406.979
3.705 1.79070 40.16818 3.22263 71.92913 0.20499 0.19569 0.16029 0.43903 1406.264
3.710 1.79745 40.11265 3.23032 72.10066 0.20466 0.19618 0.15995 0.43921 1405.543
3.715 1.80426 40.05676 3.23803 72.27279 0.20433 0.19668 0.15961 0.43938 1404.818
3.720 1.81111 40.00051 3.24577 72.44552 0.20400 0.19718 0.15927 0.43955 1404.087
3.725 1.81802 39.94390 3.25353 72.61885 0.20368 0.19768 0.15892 0.43972 1403.351
3.730 1.82498 39.88693 3.26133 72.79278 0.20335 0.19818 0.15858 0.43989 1402.609
3.735 1.83199 39.82960 3.26915 72.96732 0.20302 0.19869 0.15824 0.44005 1401.863
3.740 1.83905 39.77190 3.27699 73.14247 0.20269 0.19919 0.15790 0.44022 1401.111
3.745 1.84616 39.71384 3.28487 73.31822 0.20236 0.19969 0.15756 0.44038 1400.354
3.750 1.85333 39.65542 3.29277 73.49460 0.20203 0.20020 0.15723 0.44055 1399.592
3.755 1.86055 39.59663 3.30070 73.67158 0.20170 0.20070 0.15689 0.44071 1398.825
3.760 1.86783 39.53747 3.30866 73.84919 0.20137 0.20121 0.15655 0.44087 1398.052
3.765 1.87516 39.47795 3.31664 74.02742 0.20104 0.20171 0.15621 0.44103 1397.273
3.770 1.88255 39.41806 3.32465 74.20627 0.20071 0.20222 0.15587 0.44119 1396.490
3.775 1.88999 39.35779 3.33269 74.38574 0.20038 0.20273 0.15553 0.44135 1395.701
3.780 1.89749 39.29716 3.34076 74.56585 0.20006 0.20324 0.15520 0.44151 1394.906
3.785 1.90504 39.23616 3.34886 74.74658 0.19973 0.20375 0.15486 0.44167 1394.106
3.790 1.91266 39.17479 3.35699 74.92795 0.19940 0.20426 0.15452 0.44182 1393.301
3.795 1.92033 39.11305 3.36514 75.10995 0.19907 0.20477 0.15419 0.44197 1392.490
3.800 1.92806 39.05093 3.37332 75.29259 0.19874 0.20528 0.15385 0.44213 1391.674
3.805 1.93585 38.98844 3.38154 75.47588 0.19841 0.20579 0.15352 0.44228 1390.852
3.810 1.94370 38.92557 3.38978 75.65980 0.19808 0.20631 0.15318 0.44243 1390.024
3.815 1.95162 38.86234 3.39805 75.84438 0.19775 0.20682 0.15285 0.44258 1389.191
3.820 1.95959 38.79872 3.40634 76.02960 0.19742 0.20734 0.15251 0.44273 1388.353
3.825 1.96763 38.73473 3.41467 76.21547 0.19710 0.20785 0.15218 0.44288 1387.508
3.830 1.97572 38.67036 3.42303 76.40200 0.19677 0.20837 0.15184 0.44302 1386.658
3.835 1.98389 38.60562 3.43141 76.58918 0.19644 0.20888 0.15151 0.44317 1385.803
3.840 1.99211 38.54049 3.43983 76.77702 0.19611 0.20940 0.15118 0.44331 1384.942
3.845 2.00040 38.47499 3.44828 76.96553 0.19578 0.20992 0.15084 0.44346 1384.075
3.850 2.00876 38.40910 3.45675 77.15470 0.19545 0.21044 0.15051 0.44360 1383.202
3.855 2.01718 38.34284 3.46526 77.34453 0.19512 0.21096 0.15018 0.44374 1382.323
3.860 2.02567 38.27620 3.47379 77.53504 0.19479 0.21148 0.14985 0.44388 1381.439
3.865 2.03423 38.20917 3.48236 77.72622 0.19447 0.21200 0.14951 0.44402 1380.549
3.870 2.04285 38.14176 3.49095 77.91807 0.19414 0.21252 0.14918 0.44415 1379.653
3.875 2.05155 38.07397 3.49958 78.11060 0.19381 0.21305 0.14885 0.44429 1378.751
3.880 2.06031 38.00579 3.50824 78.30381 0.19348 0.21357 0.14852 0.44443 1377.843
3.885 2.06915 37.93723 3.51692 78.49771 0.19315 0.21410 0.14819 0.44456 1376.930
3.890 2.07805 37.86829 3.52564 78.69229 0.19282 0.21462 0.14786 0.44469 1376.010
3.895 2.08703 37.79896 3.53439 78.88756 0.19250 0.21515 0.14753 0.44483 1375.084
3.900 2.09608 37.72924 3.54317 79.08352 0.19217 0.21567 0.14720 0.44496 1374.153
3.905 2.10520 37.65914 3.55198 79.28018 0.19184 0.21620 0.14687 0.44509 1373.215
3.910 2.11440 37.58865 3.56082 79.47753 0.19151 0.21673 0.14655 0.44521 1372.272
3.915 2.12368 37.51777 3.56969 79.67559 0.19118 0.21726 0.14622 0.44534 1371.322
3.920 2.13303 37.44650 3.57860 79.87435 0.19086 0.21779 0.14589 0.44547 1370.366
3.925 2.14245 37.37485 3.58754 80.07381 0.19053 0.21832 0.14556 0.44559 1369.405
3.930 2.15196 37.30280 3.59650 80.27398 0.19020 0.21885 0.14524 0.44572 1368.437
3.935 2.16154 37.23037 3.60550 80.47486 0.18987 0.21938 0.14491 0.44584 1367.462
3.940 2.17120 37.15755 3.61454 80.67646 0.18955 0.21991 0.14458 0.44596 1366.482
3.945 2.18094 37.08433 3.62360 80.87878 0.18922 0.22044 0.14426 0.44608 1365.496
3.950 2.19077 37.01072 3.63270 81.08181 0.18889 0.22098 0.14393 0.44620 1364.503
3.955 2.20067 36.93672 3.64183 81.28557 0.18856 0.22151 0.14361 0.44632 1363.504
3.960 2.21066 36.86233 3.65099 81.49006 0.18824 0.22205 0.14328 0.44644 1362.499
3.965 2.22073 36.78755 3.66018 81.69527 0.18791 0.22258 0.14296 0.44655 1361.487
3.970 2.23089 36.71237 3.66941 81.90121 0.18758 0.22312 0.14263 0.44667 1360.469
3.975 2.24113 36.63680 3.67867 82.10789 0.18725 0.22366 0.14231 0.44678 1359.445
3.980 2.25146 36.56084 3.68796 82.31531 0.18693 0.22419 0.14198 0.44689 1358.414
3.985 2.26188 36.48448 3.69729 82.52347 0.18660 0.22473 0.14166 0.44701 1357.377
3.990 2.27239 36.40772 3.70665 82.73237 0.18627 0.22527 0.14134 0.44712 1356.334
3.995 2.28298 36.33057 3.71604 82.94202 0.18595 0.22581 0.14102 0.44723 1355.284
4.000 2.29367 36.25303 3.72547 83.15242 0.18562 0.22635 0.14069 0.44733 1354.227
4.005 2.30445 36.17509 3.73493 83.36358 0.18529 0.22689 0.14037 0.44744 1353.164
4.010 2.31532 36.09675 3.74442 83.57548 0.18497 0.22743 0.14005 0.44755 1352.095
4.015 2.32628 36.01802 3.75395 83.78815 0.18464 0.22798 0.13973 0.44765 1351.019
4.020 2.33735 35.93888 3.76351 84.00158 0.18431 0.22852 0.13941 0.44775 1349.936
4.025 2.34850 35.85936 3.77311 84.21578 0.18399 0.22907 0.13909 0.44786 1348.847
