timeGa Urey Qt heat/H0 heatTW 1HPE 2HPE 3HPE 4HPE TempC
0.000 0.52000 36.00000 1.00000 18.72000 0.37200 0.01640 0.43000 0.18100 1351.850
0.005 0.52020 36.00000 1.00038 18.72709 0.37215 0.01647 0.42994 0.18143 1352.239
0.010 0.52018 36.03663 1.00136 18.74545 0.37207 0.01654 0.42963 0.18176 1352.629
0.015 0.52016 36.07333 1.00234 18.76385 0.37199 0.01661 0.42931 0.18209 1353.018
0.020 0.52014 36.11008 1.00333 18.78229 0.37192 0.01667 0.42900 0.18241 1353.409
0.025 0.52012 36.14690 1.00431 18.80077 0.37184 0.01674 0.42868 0.18274 1353.800
0.030 0.52010 36.18377 1.00530 18.81928 0.37176 0.01680 0.42837 0.18307 1354.191
0.035 0.52008 36.22071 1.00629 18.83784 0.37168 0.01687 0.42805 0.18340 1354.582
0.040 0.52007 36.25771 1.00729 18.85643 0.37161 0.01694 0.42773 0.18372 1354.974
0.045 0.52005 36.29477 1.00828 18.87506 0.37153 0.01700 0.42742 0.18405 1355.367
0.050 0.52003 36.33189 1.00928 18.89374 0.37145 0.01707 0.42710 0.18438 1355.759
0.055 0.52001 36.36908 1.01028 18.91245 0.37137 0.01714 0.42678 0.18471 1356.153
0.060 0.52000 36.40632 1.01128 18.93120 0.37129 0.01720 0.42647 0.18504 1356.546
0.065 0.51998 36.44363 1.01229 18.94999 0.37121 0.01727 0.42615 0.18537 1356.940
0.070 0.51996 36.48100 1.01329 18.96882 0.37113 0.01734 0.42583 0.18570 1357.335
0.075 0.51995 36.51844 1.01430 18.98769 0.37104 0.01741 0.42551 0.18603 1357.730
0.080 0.51993 36.55593 1.01531 19.00660 0.37096 0.01748 0.42520 0.18636 1358.125
0.085 0.51992 36.59349 1.01632 19.02555 0.37088 0.01755 0.42488 0.18670 1358.521
0.090 0.51990 36.63111 1.01734 19.04454 0.37080 0.01761 0.42456 0.18703 1358.917
0.095 0.51989 36.66879 1.01835 19.06357 0.37071 0.01768 0.42424 0.18736 1359.313
0.100 0.51987 36.70654 1.01937 19.08264 0.37063 0.01775 0.42392 0.18769 1359.710
0.105 0.51986 36.74435 1.02039 19.10175 0.37055 0.01782 0.42360 0.18803 1360.108
0.110 0.51984 36.78222 1.02142 19.12090 0.37046 0.01789 0.42328 0.18836 1360.506
0.115 0.51983 36.82016 1.02244 19.14010 0.37038 0.01796 0.42296 0.18869 1360.904
0.120 0.51981 36.85816 1.02347 19.15933 0.37029 0.01803 0.42264 0.18903 1361.303
0.125 0.51980 36.89622 1.02450 19.17861 0.37021 0.01811 0.42232 0.18936 1361.702
0.130 0.51979 36.93435 1.02553 19.19792 0.37012 0.01818 0.42200 0.18970 1362.101
0.135 0.51977 36.97254 1.02656 19.21728 0.37004 0.01825 0.42168 0.19003 1362.501
0.140 0.51976 37.01079 1.02760 19.23668 0.36995 0.01832 0.42136 0.19037 1362.902
0.145 0.51975 37.04911 1.02864 19.25612 0.36986 0.01839 0.42104 0.19071 1363.302
0.150 0.51973 37.08749 1.02968 19.27560 0.36978 0.01846 0.42072 0.19104 1363.704
0.155 0.51972 37.12594 1.03072 19.29512 0.36969 0.01854 0.42040 0.19138 1364.105
0.160 0.51971 37.16445 1.03177 19.31469 0.36960 0.01861 0.42007 0.19172 1364.507
0.165 0.51970 37.20302 1.03281 19.33430 0.36951 0.01868 0.41975 0.19206 1364.910
0.170 0.51969 37.24166 1.03386 19.35395 0.36942 0.01875 0.41943 0.19239 1365.313
0.175 0.51967 37.28037 1.03492 19.37364 0.36933 0.01883 0.41911 0.19273 1365.716
0.180 0.51966 37.31914 1.03597 19.39337 0.36924 0.01890 0.41878 0.19307 1366.120
0.185 0.51965 37.35797 1.03703 19.41315 0.36915 0.01898 0.41846 0.19341 1366.524
0.190 0.51964 37.39687 1.03809 19.43297 0.36906 0.01905 0.41814 0.19375 1366.929
0.195 0.51963 37.43584 1.03915 19.45283 0.36897 0.01912 0.41781 0.19409 1367.334
0.200 0.51962 37.47487 1.04021 19.47274 0.36888 0.01920 0.41749 0.19443 1367.739
0.205 0.51961 37.51397 1.04128 19.49268 0.36879 0.01927 0.41717 0.19477 1368.145
0.210 0.51960 37.55313 1.04234 19.51268 0.36870 0.01935 0.41684 0.19511 1368.552
0.215 0.51959 37.59236 1.04341 19.53271 0.36860 0.01942 0.41652 0.19545 1368.959
0.220 0.51958 37.63165 1.04449 19.55279 0.36851 0.01950 0.41619 0.19580 1369.366
0.225 0.51957 37.67101 1.04556 19.57291 0.36842 0.01958 0.41587 0.19614 1369.773
0.230 0.51957 37.71044 1.04664 19.59307 0.36832 0.01965 0.41554 0.19648 1370.182
0.235 0.51956 37.74993 1.04772 19.61328 0.36823 0.01973 0.41522 0.19682 1370.590
0.240 0.51955 37.78949 1.04880 19.63354 0.36813 0.01981 0.41489 0.19717 1370.999
0.245 0.51954 37.82911 1.04988 19.65383 0.36804 0.01988 0.41457 0.19751 1371.408
0.250 0.51954 37.86881 1.05097 19.67418 0.36794 0.01996 0.41424 0.19785 1371.818
0.255 0.51953 37.90856 1.05206 19.69456 0.36785 0.02004 0.41391 0.19820 1372.229
0.260 0.51952 37.94839 1.05315 19.71499 0.36775 0.02012 0.41359 0.19854 1372.639
0.265 0.51951 37.98828 1.05424 19.73547 0.36765 0.02020 0.41326 0.19889 1373.050
0.270 0.51951 38.02824 1.05534 19.75599 0.36756 0.02027 0.41293 0.19923 1373.462
0.275 0.51950 38.06827 1.05644 19.77655 0.36746 0.02035 0.41261 0.19958 1373.874
0.280 0.51950 38.10837 1.05754 19.79716 0.36736 0.02043 0.41228 0.19993 1374.287
0.285 0.51949 38.14853 1.05864 19.81781 0.36726 0.02051 0.41195 0.20027 1374.700
0.290 0.51949 38.18876 1.05975 19.83851 0.36716 0.02059 0.41162 0.20062 1375.113
0.295 0.51948 38.22906 1.06086 19.85926 0.36707 0.02067 0.41129 0.20097 1375.527
0.300 0.51948 38.26942 1.06197 19.88005 0.36697 0.02075 0.41097 0.20132 1375.941
0.305 0.51947 38.30986 1.06308 19.90089 0.36687 0.02083 0.41064 0.20166 1376.356
0.310 0.51947 38.35036 1.06420 19.92177 0.36677 0.02091 0.41031 0.20201 1376.771
0.315 0.51946 38.39093 1.06532 19.94270 0.36666 0.02100 0.40998 0.20236 1377.186
0.320 0.51946 38.43157 1.06644 19.96367 0.36656 0.02108 0.40965 0.20271 1377.602
0.325 0.51946 38.47228 1.06756 19.98469 0.36646 0.02116 0.40932 0.20306 1378.019
0.330 0.51945 38.51306 1.06868 20.00576 0.36636 0.02124 0.40899 0.20341 1378.436
0.335 0.51945 38.55390 1.06981 20.02687 0.36626 0.02132 0.40866 0.20376 1378.853
0.340 0.51945 38.59482 1.07094 20.04804 0.36615 0.02141 0.40833 0.20411 1379.271
0.345 0.51945 38.63580 1.07207 20.06924 0.36605 0.02149 0.40800 0.20446 1379.689
0.350 0.51944 38.67686 1.07321 20.09050 0.36595 0.02157 0.40767 0.20481 1380.108
0.355 0.51944 38.71798 1.07435 20.11180 0.36584 0.02166 0.40734 0.20516 1380.527
0.360 0.51944 38.75917 1.07549 20.13315 0.36574 0.02174 0.40701 0.20552 1380.946
0.365 0.51944 38.80044 1.07663 20.15454 0.36563 0.02182 0.40668 0.20587 1381.366
0.370 0.51944 38.84177 1.07778 20.17599 0.36553 0.02191 0.40634 0.20622 1381.787
0.375 0.51944 38.88317 1.07893 20.19748 0.36542 0.02199 0.40601 0.20657 1382.208
0.380 0.51944 38.92464 1.08008 20.21902 0.36532 0.02208 0.40568 0.20693 1382.629
0.385 0.51944 38.96619 1.08123 20.24060 0.36521 0.02216 0.40535 0.20728 1383.051
0.390 0.51944 39.00780 1.08238 20.26224 0.36510 0.02225 0.40501 0.20763 1383.473
0.395 0.51944 39.04948 1.08354 20.28392 0.36499 0.02233 0.40468 0.20799 1383.896
0.400 0.51944 39.09124 1.08470 20.30566 0.36489 0.02242 0.40435 0.20834 1384.319
0.405 0.51944 39.13306 1.08587 20.32744 0.36478 0.02251 0.40402 0.20870 1384.743
0.410 0.51945 39.17496 1.08703 20.34927 0.36467 0.02259 0.40368 0.20905 1385.167
0.415 0.51945 39.21692 1.08820 20.37114 0.36456 0.02268 0.40335 0.20941 1385.591
0.420 0.51945 39.25896 1.08937 20.39307 0.36445 0.02277 0.40301 0.20977 1386.016
0.425 0.51945 39.30107 1.09055 20.41505 0.36434 0.02286 0.40268 0.21012 1386.442
0.430 0.51946 39.34325 1.09172 20.43707 0.36423 0.02294 0.40235 0.21048 1386.867
0.435 0.51946 39.38551 1.09290 20.45915 0.36412 0.02303 0.40201 0.21084 1387.294
0.440 0.51946 39.42783 1.09409 20.48127 0.36401 0.02312 0.40168 0.21119 1387.720
0.445 0.51947 39.47023 1.09527 20.50345 0.36390 0.02321 0.40134 0.21155 1388.148
0.450 0.51947 39.51270 1.09646 20.52567 0.36378 0.02330 0.40101 0.21191 1388.575
0.455 0.51947 39.55524 1.09765 20.54795 0.36367 0.02339 0.40067 0.21227 1389.004
0.460 0.51948 39.59785 1.09884 20.57027 0.36356 0.02348 0.40033 0.21263 1389.432
0.465 0.51948 39.64054 1.10003 20.59265 0.36344 0.02357 0.40000 0.21299 1389.861
0.470 0.51949 39.68329 1.10123 20.61507 0.36333 0.02366 0.39966 0.21335 1390.291
0.475 0.51950 39.72613 1.10243 20.63755 0.36322 0.02375 0.39933 0.21371 1390.721
0.480 0.51950 39.76903 1.10364 20.66008 0.36310 0.02384 0.39899 0.21407 1391.151
0.485 0.51951 39.81201 1.10484 20.68265 0.36299 0.02393 0.39865 0.21443 1391.582
0.490 0.51951 39.85506 1.10605 20.70528 0.36287 0.02403 0.39832 0.21479 1392.013
0.495 0.51952 39.89818 1.10726 20.72796 0.36275 0.02412 0.39798 0.21515 1392.445
0.500 0.51953 39.94137 1.10848 20.75070 0.36264 0.02421 0.39764 0.21551 1392.878
0.505 0.51954 39.98464 1.10969 20.77348 0.36252 0.02430 0.39730 0.21587 1393.310
0.510 0.51954 40.02799 1.11091 20.79632 0.36240 0.02440 0.39696 0.21623 1393.744
0.515 0.51955 40.07141 1.11214 20.81920 0.36229 0.02449 0.39663 0.21660 1394.177
0.520 0.51956 40.11490 1.11336 20.84214 0.36217 0.02458 0.39629 0.21696 1394.611
0.525 0.51957 40.15846 1.11459 20.86514 0.36205 0.02468 0.39595 0.21732 1395.046
0.530 0.51958 40.20210 1.11582 20.88818 0.36193 0.02477 0.39561 0.21769 1395.481
0.535 0.51959 40.24582 1.11706 20.91128 0.36181 0.02487 0.39527 0.21805 1395.917
0.540 0.51960 40.28961 1.11829 20.93443 0.36169 0.02496 0.39493 0.21841 1396.353
0.545 0.51961 40.33347 1.11953 20.95763 0.36157 0.02506 0.39459 0.21878 1396.789
0.550 0.51962 40.37741 1.12077 20.98089 0.36145 0.02515 0.39425 0.21914 1397.226
0.555 0.51963 40.42142 1.12202 21.00420 0.36133 0.02525 0.39391 0.21951 1397.663
0.560 0.51964 40.46551 1.12327 21.02756 0.36121 0.02535 0.39357 0.21987 1398.101
0.565 0.51965 40.50967 1.12452 21.05098 0.36109 0.02544 0.39323 0.22024 1398.539
0.570 0.51966 40.55391 1.12577 21.07445 0.36096 0.02554 0.39289 0.22061 1398.978
0.575 0.51968 40.59823 1.12703 21.09797 0.36084 0.02564 0.39255 0.22097 1399.417
0.580 0.51969 40.64262 1.12829 21.12155 0.36072 0.02574 0.39221 0.22134 1399.857
0.585 0.51970 40.68708 1.12955 21.14518 0.36059 0.02583 0.39187 0.22171 1400.297
0.590 0.51972 40.73163 1.13082 21.16887 0.36047 0.02593 0.39153 0.22207 1400.738
0.595 0.51973 40.77624 1.13208 21.19261 0.36034 0.02603 0.39118 0.22244 1401.179
0.600 0.51974 40.82094 1.13335 21.21641 0.36022 0.02613 0.39084 0.22281 1401.621
0.605 0.51976 40.86571 1.13463 21.24026 0.36009 0.02623 0.39050 0.22318 1402.063
0.610 0.51977 40.91056 1.13591 21.26416 0.35997 0.02633 0.39016 0.22355 1402.505
0.615 0.51979 40.95548 1.13719 21.28812 0.35984 0.02643 0.38981 0.22391 1402.948
0.620 0.51980 41.00048 1.13847 21.31214 0.35971 0.02653 0.38947 0.22428 1403.392
0.625 0.51982 41.04556 1.13976 21.33621 0.35959 0.02663 0.38913 0.22465 1403.836
0.630 0.51983 41.09071 1.14104 21.36034 0.35946 0.02673 0.38879 0.22502 1404.280
0.635 0.51985 41.13595 1.14234 21.38453 0.35933 0.02683 0.38844 0.22539 1404.725
0.640 0.51987 41.18126 1.14363 21.40877 0.35920 0.02694 0.38810 0.22576 1405.171
0.645 0.51988 41.22664 1.14493 21.43306 0.35907 0.02704 0.38775 0.22613 1405.617
0.650 0.51990 41.27211 1.14623 21.45742 0.35894 0.02714 0.38741 0.22651 1406.063
0.655 0.51992 41.31765 1.14753 21.48183 0.35881 0.02724 0.38707 0.22688 1406.510
0.660 0.51994 41.36327 1.14884 21.50630 0.35868 0.02735 0.38672 0.22725 1406.957
0.665 0.51996 41.40897 1.15015 21.53082 0.35855 0.02745 0.38638 0.22762 1407.405
0.670 0.51997 41.45474 1.15146 21.55540 0.35842 0.02756 0.38603 0.22799 1407.853
0.675 0.51999 41.50060 1.15278 21.58004 0.35829 0.02766 0.38569 0.22837 1408.302
0.680 0.52001 41.54653 1.15410 21.60474 0.35816 0.02776 0.38534 0.22874 1408.751
0.685 0.52003 41.59255 1.15542 21.62949 0.35803 0.02787 0.38499 0.22911 1409.201
0.690 0.52005 41.63864 1.15675 21.65430 0.35789 0.02798 0.38465 0.22948 1409.651
0.695 0.52007 41.68481 1.15808 21.67917 0.35776 0.02808 0.38430 0.22986 1410.101
0.700 0.52009 41.73106 1.15941 21.70410 0.35763 0.02819 0.38396 0.23023 1410.553
0.705 0.52012 41.77739 1.16074 21.72909 0.35749 0.02829 0.38361 0.23061 1411.004
0.710 0.52014 41.82379 1.16208 21.75413 0.35736 0.02840 0.38326 0.23098 1411.456
0.715 0.52016 41.87028 1.16342 21.77924 0.35722 0.02851 0.38292 0.23136 1411.909
0.720 0.52018 41.91685 1.16477 21.80440 0.35709 0.02862 0.38257 0.23173 1412.362
0.725 0.52021 41.96349 1.16611 21.82962 0.35695 0.02872 0.38222 0.23211 1412.815
0.730 0.52023 42.01022 1.16746 21.85491 0.35681 0.02883 0.38187 0.23248 1413.269
0.735 0.52025 42.05703 1.16882 21.88025 0.35668 0.02894 0.38152 0.23286 1413.724
0.740 0.52028 42.10392 1.17017 21.90565 0.35654 0.02905 0.38118 0.23323 1414.179
0.745 0.52030 42.15088 1.17153 21.93111 0.35640 0.02916 0.38083 0.23361 1414.634
0.750 0.52032 42.19793 1.17290 21.95663 0.35626 0.02927 0.38048 0.23399 1415.090
0.755 0.52035 42.24506 1.17426 21.98221 0.35612 0.02938 0.38013 0.23437 1415.547
0.760 0.52038 42.29227 1.17563 22.00786 0.35598 0.02949 0.37978 0.23474 1416.004
0.765 0.52040 42.33956 1.17701 22.03356 0.35584 0.02960 0.37943 0.23512 1416.461
0.770 0.52043 42.38694 1.17838 22.05933 0.35570 0.02971 0.37908 0.23550 1416.919
0.775 0.52045 42.43439 1.17976 22.08515 0.35556 0.02982 0.37873 0.23588 1417.377
0.780 0.52048 42.48192 1.18115 22.11104 0.35542 0.02994 0.37838 0.23626 1417.836
0.785 0.52051 42.52954 1.18253 22.13699 0.35528 0.03005 0.37803 0.23663 1418.296
0.790 0.52054 42.57724 1.18392 22.16300 0.35514 0.03016 0.37768 0.23701 1418.755
0.795 0.52056 42.62502 1.18531 22.18907 0.35500 0.03028 0.37733 0.23739 1419.216
0.800 0.52059 42.67288 1.18671 22.21520 0.35486 0.03039 0.37698 0.23777 1419.677
0.805 0.52062 42.72083 1.18811 22.24140 0.35471 0.03050 0.37663 0.23815 1420.138
0.810 0.52065 42.76885 1.18951 22.26766 0.35457 0.03062 0.37628 0.23853 1420.600
0.815 0.52068 42.81696 1.19092 22.29398 0.35442 0.03073 0.37593 0.23891 1421.062
0.820 0.52071 42.86516 1.19233 22.32036 0.35428 0.03085 0.37558 0.23929 1421.525
0.825 0.52074 42.91343 1.19374 22.34681 0.35413 0.03096 0.37523 0.23967 1421.988
0.830 0.52077 42.96179 1.19516 22.37332 0.35399 0.03108 0.37488 0.24006 1422.452
0.835 0.52080 43.01023 1.19658 22.39989 0.35384 0.03120 0.37452 0.24044 1422.916
0.840 0.52084 43.05875 1.19800 22.42653 0.35370 0.03131 0.37417 0.24082 1423.381
0.845 0.52087 43.10736 1.19942 22.45323 0.35355 0.03143 0.37382 0.24120 1423.846
0.850 0.52090 43.15605 1.20085 22.48000 0.35340 0.03155 0.37347 0.24158 1424.312
0.855 0.52093 43.20483 1.20229 22.50683 0.35326 0.03167 0.37311 0.24197 1424.778
0.860 0.52097 43.25369 1.20372 22.53373 0.35311 0.03178 0.37276 0.24235 1425.245
0.865 0.52100 43.30263 1.20516 22.56069 0.35296 0.03190 0.37241 0.24273 1425.712
0.870 0.52103 43.35166 1.20661 22.58771 0.35281 0.03202 0.37205 0.24311 1426.180
0.875 0.52107 43.40077 1.20806 22.61480 0.35266 0.03214 0.37170 0.24350 1426.648
0.880 0.52110 43.44996 1.20951 22.64195 0.35251 0.03226 0.37135 0.24388 1427.117
0.885 0.52114 43.49924 1.21096 22.66917 0.35236 0.03238 0.37099 0.24427 1427.586
0.890 0.52118 43.54861 1.21242 22.69646 0.35221 0.03250 0.37064 0.24465 1428.056
0.895 0.52121 43.59806 1.21388 22.72381 0.35206 0.03262 0.37028 0.24504 1428.526
0.900 0.52125 43.64759 1.21534 22.75123 0.35191 0.03275 0.36993 0.24542 1428.996
0.905 0.52129 43.69721 1.21681 22.77872 0.35175 0.03287 0.36957 0.24580 1429.468
0.910 0.52132 43.74692 1.21828 22.80627 0.35160 0.03299 0.36922 0.24619 1429.939
0.915 0.52136 43.79671 1.21976 22.83389 0.35145 0.03311 0.36886 0.24658 1430.412
0.920 0.52140 43.84659 1.22124 22.86157 0.35130 0.03324 0.36851 0.24696 1430.884
0.925 0.52144 43.89655 1.22272 22.88932 0.35114 0.03336 0.36815 0.24735 1431.357
0.930 0.52148 43.94660 1.22421 22.91714 0.35099 0.03348 0.36780 0.24773 1431.831
0.935 0.52152 43.99673 1.22570 22.94503 0.35083 0.03361 0.36744 0.24812 1432.305
0.940 0.52156 44.04695 1.22719 22.97299 0.35068 0.03373 0.36708 0.24851 1432.780
0.945 0.52160 44.09726 1.22869 23.00101 0.35052 0.03386 0.36673 0.24889 1433.255
0.950 0.52164 44.14766 1.23019 23.02910 0.35037 0.03398 0.36637 0.24928 1433.731
0.955 0.52168 44.19814 1.23169 23.05726 0.35021 0.03411 0.36601 0.24967 1434.207
0.960 0.52172 44.24870 1.23320 23.08549 0.35005 0.03424 0.36566 0.25006 1434.684
0.965 0.52176 44.29936 1.23471 23.11379 0.34989 0.03436 0.36530 0.25044 1435.161
0.970 0.52181 44.35010 1.23623 23.14216 0.34974 0.03449 0.36494 0.25083 1435.639
0.975 0.52185 44.40093 1.23775 23.17059 0.34958 0.03462 0.36458 0.25122 1436.117
0.980 0.52189 44.45184 1.23927 23.19910 0.34942 0.03475 0.36423 0.25161 1436.596
0.985 0.52194 44.50285 1.24079 23.22768 0.34926 0.03487 0.36387 0.25200 1437.075
0.990 0.52198 44.55394 1.24232 23.25632 0.34910 0.03500 0.36351 0.25239 1437.555
0.995 0.52203 44.60512 1.24386 23.28504 0.34894 0.03513 0.36315 0.25278 1438.035
1.000 0.52207 44.65639 1.24540 23.31383 0.34878 0.03526 0.36279 0.25317 1438.516
1.005 0.52212 44.70774 1.24694 23.34269 0.34862 0.03539 0.36243 0.25356 1438.997
1.010 0.52216 44.75919 1.24848 23.37162 0.34846 0.03552 0.36207 0.25394 1439.479
1.015 0.52221 44.81072 1.25003 23.40062 0.34829 0.03565 0.36172 0.25433 1439.961
1.020 0.52226 44.86234 1.25159 23.42969 0.34813 0.03579 0.36136 0.25473 1440.444
1.025 0.52230 44.91405 1.25314 23.45883 0.34797 0.03592 0.36100 0.25512 1440.927
1.030 0.52235 44.96585 1.25470 23.48805 0.34781 0.03605 0.36064 0.25551 1441.411
1.035 0.52240 45.01774 1.25627 23.51734 0.34764 0.03618 0.36028 0.25590 1441.895
1.040 0.52245 45.06972 1.25784 23.54670 0.34748 0.03632 0.35992 0.25629 1442.380
1.045 0.52250 45.12179 1.25941 23.57613 0.34731 0.03645 0.35956 0.25668 1442.866
1.050 0.52255 45.17394 1.26098 23.60563 0.34715 0.03659 0.35920 0.25707 1443.351
1.055 0.52260 45.22619 1.26256 23.63521 0.34698 0.03672 0.35883 0.25746 1443.838
1.060 0.52265 45.27853 1.26415 23.66487 0.34682 0.03685 0.35847 0.25786 1444.325
1.065 0.52270 45.33095 1.26574 23.69459 0.34665 0.03699 0.35811 0.25825 1444.812
1.070 0.52275 45.38347 1.26733 23.72439 0.34648 0.03713 0.35775 0.25864 1445.300
1.075 0.52281 45.43608 1.26892 23.75427 0.34632 0.03726 0.35739 0.25903 1445.788
1.080 0.52286 45.48878 1.27052 23.78421 0.34615 0.03740 0.35703 0.25942 1446.277
1.085 0.52291 45.54157 1.27213 23.81424 0.34598 0.03754 0.35667 0.25982 1446.767
1.090 0.52297 45.59444 1.27374 23.84433 0.34581 0.03767 0.35630 0.26021 1447.257
1.095 0.52302 45.64742 1.27535 23.87451 0.34564 0.03781 0.35594 0.26060 1447.747
1.100 0.52307 45.70048 1.27696 23.90475 0.34547 0.03795 0.35558 0.26100 1448.238
1.105 0.52313 45.75363 1.27858 23.93508 0.34530 0.03809 0.35522 0.26139 1448.729
1.110 0.52319 45.80687 1.28021 23.96548 0.34513 0.03823 0.35485 0.26179 1449.221
1.115 0.52324 45.86021 1.28183 23.99595 0.34496 0.03837 0.35449 0.26218 1449.714
1.120 0.52330 45.91364 1.28347 24.02650 0.34479 0.03851 0.35413 0.26257 1450.207
1.125 0.52335 45.96716 1.28510 24.05713 0.34462 0.03865 0.35377 0.26297 1450.700
1.130 0.52341 46.02077 1.28674 24.08784 0.34444 0.03879 0.35340 0.26336 1451.195
1.135 0.52347 46.07447 1.28839 24.11862 0.34427 0.03893 0.35304 0.26376 1451.689
1.140 0.52353 46.12827 1.29004 24.14948 0.34410 0.03908 0.35267 0.26415 1452.184
1.145 0.52359 46.18216 1.29169 24.18041 0.34392 0.03922 0.35231 0.26455 1452.680
1.150 0.52365 46.23614 1.29335 24.21143 0.34375 0.03936 0.35195 0.26494 1453.176
1.155 0.52371 46.29021 1.29501 24.24252 0.34357 0.03951 0.35158 0.26534 1453.673
1.160 0.52377 46.34438 1.29667 24.27369 0.34340 0.03965 0.35122 0.26573 1454.170
1.165 0.52383 46.39864 1.29834 24.30494 0.34322 0.03979 0.35085 0.26613 1454.667
1.170 0.52389 46.45299 1.30001 24.33627 0.34305 0.03994 0.35049 0.26653 1455.166
1.175 0.52395 46.50744 1.30169 24.36767 0.34287 0.04008 0.35012 0.26692 1455.664
1.180 0.52401 46.56198 1.30337 24.39916 0.34269 0.04023 0.34976 0.26732 1456.164
1.185 0.52408 46.61661 1.30506 24.43073 0.34252 0.04038 0.34939 0.26771 1456.663
1.190 0.52414 46.67134 1.30675 24.46237 0.34234 0.04052 0.34903 0.26811 1457.164
1.195 0.52421 46.72616 1.30845 24.49410 0.34216 0.04067 0.34866 0.26851 1457.664
1.200 0.52427 46.78108 1.31014 24.52590 0.34198 0.04082 0.34829 0.26891 1458.166
1.205 0.52433 46.83609 1.31185 24.55779 0.34180 0.04097 0.34793 0.26930 1458.667
1.210 0.52440 46.89119 1.31356 24.58976 0.34162 0.04112 0.34756 0.26970 1459.170
1.215 0.52447 46.94639 1.31527 24.62181 0.34144 0.04127 0.34720 0.27010 1459.673
1.220 0.52453 47.00169 1.31698 24.65394 0.34126 0.04141 0.34683 0.27049 1460.176
1.225 0.52460 47.05707 1.31870 24.68615 0.34108 0.04156 0.34646 0.27089 1460.680
1.230 0.52467 47.11256 1.32043 24.71844 0.34090 0.04172 0.34609 0.27129 1461.184
1.235 0.52474 47.16814 1.32216 24.75082 0.34072 0.04187 0.34573 0.27169 1461.689
1.240 0.52480 47.22381 1.32389 24.78328 0.34053 0.04202 0.34536 0.27209 1462.195
1.245 0.52487 47.27958 1.32563 24.81582 0.34035 0.04217 0.34499 0.27248 1462.701
1.250 0.52494 47.33545 1.32737 24.84844 0.34017 0.04232 0.34463 0.27288 1463.207
1.255 0.52501 47.39141 1.32912 24.88115 0.33998 0.04248 0.34426 0.27328 1463.715
1.260 0.52508 47.44747 1.33087 24.91394 0.33980 0.04263 0.34389 0.27368 1464.222
1.265 0.52516 47.50362 1.33263 24.94682 0.33962 0.04278 0.34352 0.27408 1464.730
1.270 0.52523 47.55987 1.33439 24.97978 0.33943 0.04294 0.34315 0.27448 1465.239
1.275 0.52530 47.61622 1.33616 25.01282 0.33925 0.04309 0.34278 0.27488 1465.748
1.280 0.52537 47.67266 1.33792 25.04595 0.33906 0.04325 0.34242 0.27528 1466.258
1.285 0.52545 47.72920 1.33970 25.07917 0.33887 0.04340 0.34205 0.27568 1466.768
1.290 0.52552 47.78584 1.34148 25.11246 0.33869 0.04356 0.34168 0.27608 1467.279
1.295 0.52560 47.84257 1.34326 25.14585 0.33850 0.04372 0.34131 0.27648 1467.790
1.300 0.52567 47.89941 1.34505 25.17932 0.33831 0.04388 0.34094 0.27688 1468.302
1.305 0.52575 47.95633 1.34684 25.21288 0.33812 0.04403 0.34057 0.27727 1468.814
1.310 0.52582 48.01336 1.34864 25.24652 0.33793 0.04419 0.34020 0.27767 1469.327
1.315 0.52590 48.07048 1.35044 25.28025 0.33774 0.04435 0.33983 0.27808 1469.840
1.320 0.52598 48.12771 1.35225 25.31406 0.33755 0.04451 0.33946 0.27848 1470.354
1.325 0.52605 48.18503 1.35406 25.34797 0.33736 0.04467 0.33909 0.27888 1470.869
1.330 0.52613 48.24244 1.35587 25.38196 0.33717 0.04483 0.33872 0.27928 1471.383
1.335 0.52621 48.29996 1.35769 25.41604 0.33698 0.04499 0.33835 0.27968 1471.899
1.340 0.52629 48.35757 1.35952 25.45021 0.33679 0.04515 0.33798 0.28008 1472.415
1.345 0.52637 48.41529 1.36135 25.48446 0.33660 0.04531 0.33761 0.28048 1472.931
1.350 0.52645 48.47310 1.36318 25.51881 0.33641 0.04548 0.33724 0.28088 1473.449
1.355 0.52653 48.53101 1.36502 25.55324 0.33621 0.04564 0.33687 0.28128 1473.966
1.360 0.52662 48.58902 1.36687 25.58776 0.33602 0.04580 0.33650 0.28168 1474.484
1.365 0.52670 48.64713 1.36872 25.62238 0.33583 0.04597 0.33612 0.28208 1475.003
1.370 0.52678 48.70533 1.37057 25.65708 0.33563 0.04613 0.33575 0.28248 1475.522
1.375 0.52687 48.76364 1.37243 25.69187 0.33544 0.04630 0.33538 0.28288 1476.042
1.380 0.52695 48.82205 1.37429 25.72675 0.33524 0.04646 0.33501 0.28329 1476.562
1.385 0.52703 48.88055 1.37616 25.76173 0.33505 0.04663 0.33464 0.28369 1477.083
1.390 0.52712 48.93916 1.37803 25.79679 0.33485 0.04679 0.33426 0.28409 1477.604
1.395 0.52721 48.99787 1.37991 25.83195 0.33465 0.04696 0.33389 0.28449 1478.126
1.400 0.52729 49.05667 1.38179 25.86720 0.33446 0.04713 0.33352 0.28489 1478.648
1.405 0.52738 49.11558 1.38368 25.90254 0.33426 0.04730 0.33315 0.28529 1479.171
1.410 0.52747 49.17459 1.38558 25.93797 0.33406 0.04747 0.33277 0.28570 1479.695
1.415 0.52756 49.23370 1.38747 25.97350 0.33386 0.04764 0.33240 0.28610 1480.219
1.420 0.52764 49.29290 1.38938 26.00911 0.33367 0.04780 0.33203 0.28650 1480.743
1.425 0.52773 49.35221 1.39128 26.04483 0.33347 0.04797 0.33166 0.28690 1481.268
1.430 0.52782 49.41162 1.39320 26.08063 0.33327 0.04815 0.33128 0.28731 1481.794
1.435 0.52791 49.47114 1.39511 26.11653 0.33307 0.04832 0.33091 0.28771 1482.320
1.440 0.52801 49.53075 1.39704 26.15252 0.33287 0.04849 0.33053 0.28811 1482.846
1.445 0.52810 49.59046 1.39896 26.18861 0.33267 0.04866 0.33016 0.28851 1483.373
1.450 0.52819 49.65028 1.40090 26.22479 0.33246 0.04883 0.32979 0.28892 1483.901
1.455 0.52828 49.71020 1.40284 26.26107 0.33226 0.04901 0.32941 0.28932 1484.429
1.460 0.52838 49.77022 1.40478 26.29745 0.33206 0.04918 0.32904 0.28972 1484.958
1.465 0.52847 49.83034 1.40673 26.33392 0.33186 0.04936 0.32866 0.29012 1485.487
1.470 0.52857 49.89056 1.40868 26.37048 0.33165 0.04953 0.32829 0.29053 1486.017
1.475 0.52866 49.95089 1.41064 26.40714 0.33145 0.04971 0.32792 0.29093 1486.547
1.480 0.52876 50.01132 1.41260 26.44390 0.33125 0.04988 0.32754 0.29133 1487.078
1.485 0.52886 50.07185 1.41457 26.48076 0.33104 0.05006 0.32717 0.29174 1487.610
1.490 0.52895 50.13249 1.41654 26.51771 0.33084 0.05023 0.32679 0.29214 1488.142
1.495 0.52905 50.19322 1.41852 26.55476 0.33063 0.05041 0.32642 0.29254 1488.674
1.500 0.52915 50.25406 1.42051 26.59191 0.33042 0.05059 0.32604 0.29294 1489.207
1.505 0.52925 50.31501 1.42250 26.62916 0.33022 0.05077 0.32566 0.29335 1489.741
1.510 0.52935 50.37605 1.42449 26.66650 0.33001 0.05095 0.32529 0.29375 1490.275
1.515 0.52945 50.43720 1.42649 26.70395 0.32980 0.05113 0.32491 0.29415 1490.809
1.520 0.52955 50.49846 1.42850 26.74149 0.32960 0.05131 0.32454 0.29456 1491.345
1.525 0.52965 50.55982 1.43051 26.77914 0.32939 0.05149 0.32416 0.29496 1491.880
1.530 0.52976 50.62128 1.43253 26.81688 0.32918 0.05167 0.32379 0.29536 1492.416
1.535 0.52986 50.68284 1.43455 26.85473 0.32897 0.05185 0.32341 0.29577 1492.953
1.540 0.52996 50.74451 1.43657 26.89267 0.32876 0.05204 0.32303 0.29617 1493.490
1.545 0.53007 50.80629 1.43861 26.93072 0.32855 0.05222 0.32266 0.29657 1494.028
1.550 0.53017 50.86817 1.44064 26.96887 0.32834 0.05240 0.32228 0.29698 1494.567
1.555 0.53028 50.93015 1.44269 27.00712 0.32813 0.05259 0.32190 0.29738 1495.106
1.560 0.53038 50.99224 1.44474 27.04547 0.32792 0.05277 0.32153 0.29778 1495.645
1.565 0.53049 51.05443 1.44679 27.08393 0.32771 0.05296 0.32115 0.29819 1496.185
1.570 0.53060 51.11673 1.44885 27.12248 0.32750 0.05314 0.32077 0.29859 1496.725
1.575 0.53071 51.17913 1.45092 27.16114 0.32728 0.05333 0.32039 0.29900 1497.266
1.580 0.53082 51.24164 1.45299 27.19991 0.32707 0.05351 0.32002 0.29940 1497.808
1.585 0.53093 51.30425 1.45506 27.23878 0.32686 0.05370 0.31964 0.29980 1498.350
1.590 0.53104 51.36697 1.45714 27.27775 0.32664 0.05389 0.31926 0.30021 1498.893
1.595 0.53115 51.42980 1.45923 27.31683 0.32643 0.05408 0.31888 0.30061 1499.436
1.600 0.53126 51.49273 1.46133 27.35601 0.32621 0.05427 0.31851 0.30101 1499.980
1.605 0.53137 51.55576 1.46342 27.39530 0.32600 0.05446 0.31813 0.30142 1500.524
1.610 0.53149 51.61890 1.46553 27.43469 0.32578 0.05465 0.31775 0.30182 1501.069
1.615 0.53160 51.68215 1.46764 27.47419 0.32557 0.05484 0.31737 0.30222 1501.614
1.620 0.53171 51.74551 1.46975 27.51379 0.32535 0.05503 0.31699 0.30263 1502.160
1.625 0.53183 51.80897 1.47188 27.55351 0.32513 0.05522 0.31661 0.30303 1502.706
1.630 0.53194 51.87254 1.47400 27.59333 0.32491 0.05541 0.31624 0.30343 1503.253
1.635 0.53206 51.93621 1.47614 27.63325 0.32470 0.05561 0.31586 0.30384 1503.800
1.640 0.53218 51.99999 1.47827 27.67329 0.32448 0.05580 0.31548 0.30424 1504.348
1.645 0.53230 52.06388 1.48042 27.71343 0.32426 0.05600 0.31510 0.30465 1504.897
1.650 0.53242 52.12788 1.48257 27.75368 0.32404 0.05619 0.31472 0.30505 1505.446
1.655 0.53253 52.19198 1.48472 27.79404 0.32382 0.05639 0.31434 0.30545 1505.995
1.660 0.53265 52.25619 1.48689 27.83451 0.32360 0.05658 0.31396 0.30586 1506.546
1.665 0.53278 52.32051 1.48905 27.87509 0.32338 0.05678 0.31358 0.30626 1507.096
1.670 0.53290 52.38494 1.49123 27.91578 0.32316 0.05698 0.31320 0.30666 1507.647
1.675 0.53302 52.44947 1.49341 27.95658 0.32294 0.05717 0.31282 0.30707 1508.199
1.680 0.53314 52.51411 1.49559 27.99749 0.32272 0.05737 0.31244 0.30747 1508.751
1.685 0.53327 52.57886 1.49778 28.03852 0.32249 0.05757 0.31206 0.30787 1509.304
1.690 0.53339 52.64372 1.49998 28.07965 0.32227 0.05777 0.31168 0.30828 1509.858
1.695 0.53352 52.70868 1.50218 28.12089 0.32205 0.05797 0.31130 0.30868 1510.411
1.700 0.53364 52.77376 1.50439 28.16225 0.32182 0.05817 0.31092 0.30908 1510.966
1.705 0.53377 52.83894 1.50661 28.20372 0.32160 0.05837 0.31054 0.30949 1511.521
1.710 0.53390 52.90423 1.50883 28.24531 0.32138 0.05857 0.31016 0.30989 1512.076
1.715 0.53402 52.96963 1.51106 28.28700 0.32115 0.05878 0.30978 0.31029 1512.632
1.720 0.53415 53.03514 1.51329 28.32882 0.32092 0.05898 0.30940 0.31069 1513.189
1.725 0.53428 53.10076 1.51553 28.37074 0.32070 0.05918 0.30902 0.31110 1513.746
1.730 0.53441 53.16648 1.51778 28.41278 0.32047 0.05939 0.30864 0.31150 1514.303
1.735 0.53454 53.23232 1.52003 28.45494 0.32025 0.05959 0.30826 0.31190 1514.861
1.740 0.53467 53.29827 1.52229 28.49721 0.32002 0.05980 0.30788 0.31231 1515.420
1.745 0.53481 53.36432 1.52455 28.53960 0.31979 0.06000 0.30750 0.31271 1515.979
1.750 0.53494 53.43049 1.52682 28.58210 0.31956 0.06021 0.30711 0.31311 1516.539
1.755 0.53507 53.49676 1.52910 28.62472 0.31933 0.06042 0.30673 0.31351 1517.099
1.760 0.53521 53.56314 1.53138 28.66746 0.31911 0.06063 0.30635 0.31392 1517.660
1.765 0.53534 53.62964 1.53367 28.71031 0.31888 0.06083 0.30597 0.31432 1518.221
1.770 0.53548 53.69624 1.53597 28.75328 0.31865 0.06104 0.30559 0.31472 1518.783
1.775 0.53562 53.76296 1.53827 28.79637 0.31842 0.06125 0.30521 0.31512 1519.346
1.780 0.53576 53.82978 1.54058 28.83958 0.31819 0.06146 0.30483 0.31553 1519.909
1.785 0.53589 53.89671 1.54289 28.88291 0.31796 0.06167 0.30444 0.31593 1520.472
1.790 0.53603 53.96376 1.54521 28.92636 0.31772 0.06188 0.30406 0.31633 1521.036
1.795 0.53617 54.03092 1.54754 28.96993 0.31749 0.06210 0.30368 0.31673 1521.601
1.800 0.53631 54.09818 1.54987 29.01361 0.31726 0.06231 0.30330 0.31713 1522.166
1.805 0.53646 54.16556 1.55221 29.05742 0.31703 0.06252 0.30291 0.31754 1522.731
1.810 0.53660 54.23305 1.55456 29.10135 0.31679 0.06274 0.30253 0.31794 1523.297
1.815 0.53674 54.30065 1.55691 29.14540 0.31656 0.06295 0.30215 0.31834 1523.864
1.820 0.53689 54.36836 1.55927 29.18958 0.31633 0.06317 0.30177 0.31874 1524.431
1.825 0.53703 54.43618 1.56164 29.23387 0.31609 0.06338 0.30138 0.31914 1524.999
1.830 0.53718 54.50411 1.56401 29.27829 0.31586 0.06360 0.30100 0.31954 1525.567
1.835 0.53732 54.57216 1.56639 29.32284 0.31562 0.06381 0.30062 0.31994 1526.136
1.840 0.53747 54.64031 1.56878 29.36750 0.31539 0.06403 0.30024 0.32035 1526.705
1.845 0.53762 54.70858 1.57117 29.41229 0.31515 0.06425 0.29985 0.32075 1527.275
1.850 0.53777 54.77696 1.57357 29.45721 0.31491 0.06447 0.29947 0.32115 1527.845
1.855 0.53792 54.84545 1.57597 29.50225 0.31468 0.06469 0.29909 0.32155 1528.416
1.860 0.53807 54.91406 1.57839 29.54741 0.31444 0.06491 0.29870 0.32195 1528.988
1.865 0.53822 54.98277 1.58081 29.59270 0.31420 0.06513 0.29832 0.32235 1529.559
1.870 0.53837 55.05160 1.58323 29.63812 0.31396 0.06535 0.29794 0.32275 1530.132
1.875 0.53852 55.12054 1.58567 29.68367 0.31372 0.06557 0.29755 0.32315 1530.705
1.880 0.53868 55.18959 1.58811 29.72934 0.31349 0.06579 0.29717 0.32355 1531.278
1.885 0.53883 55.25876 1.59055 29.77514 0.31325 0.06602 0.29679 0.32395 1531.852
1.890 0.53899 55.32803 1.59301 29.82106 0.31301 0.06624 0.29640 0.32435 1532.427
1.895 0.53914 55.39742 1.59547 29.86712 0.31277 0.06647 0.29602 0.32475 1533.002
1.900 0.53930 55.46693 1.59793 29.91331 0.31252 0.06669 0.29563 0.32515 1533.578
1.905 0.53946 55.53654 1.60041 29.95962 0.31228 0.06692 0.29525 0.32555 1534.154
1.910 0.53962 55.60627 1.60289 30.00606 0.31204 0.06714 0.29487 0.32595 1534.731
1.915 0.53978 55.67611 1.60538 30.05264 0.31180 0.06737 0.29448 0.32635 1535.308
1.920 0.53994 55.74607 1.60787 30.09934 0.31156 0.06760 0.29410 0.32675 1535.885
1.925 0.54010 55.81613 1.61037 30.14618 0.31131 0.06783 0.29371 0.32715 1536.464
1.930 0.54026 55.88632 1.61288 30.19315 0.31107 0.06805 0.29333 0.32754 1537.042
1.935 0.54042 55.95661 1.61540 30.24025 0.31083 0.06828 0.29295 0.32794 1537.622
1.940 0.54059 56.02702 1.61792 30.28748 0.31058 0.06851 0.29256 0.32834 1538.201
1.945 0.54075 56.09754 1.62045 30.33485 0.31034 0.06874 0.29218 0.32874 1538.782
1.950 0.54092 56.16817 1.62299 30.38235 0.31009 0.06898 0.29179 0.32914 1539.363
1.955 0.54108 56.23892 1.62553 30.42998 0.30985 0.06921 0.29141 0.32954 1539.944
1.960 0.54125 56.30979 1.62809 30.47775 0.30960 0.06944 0.29102 0.32993 1540.526
1.965 0.54142 56.38076 1.63064 30.52566 0.30936 0.06967 0.29064 0.33033 1541.108
1.970 0.54159 56.45185 1.63321 30.57369 0.30911 0.06991 0.29025 0.33073 1541.691
1.975 0.54176 56.52306 1.63578 30.62187 0.30886 0.07014 0.28987 0.33113 1542.275
1.980 0.54193 56.59437 1.63836 30.67018 0.30862 0.07038 0.28948 0.33152 1542.859
1.985 0.54210 56.66581 1.64095 30.71863 0.30837 0.07061 0.28910 0.33192 1543.443
1.990 0.54227 56.73735 1.64355 30.76721 0.30812 0.07085 0.28871 0.33232 1544.028
1.995 0.54245 56.80901 1.64615 30.81594 0.30787 0.07109 0.28833 0.33271 1544.614
2.000 0.54262 56.88079 1.64876 30.86480 0.30762 0.07133 0.28794 0.33311 1545.200
2.005 0.54280 56.95268 1.65138 30.91380 0.30737 0.07156 0.28756 0.33351 1545.786
2.010 0.54297 57.02468 1.65400 30.96294 0.30712 0.07180 0.28717 0.33390 1546.373
2.015 0.54315 57.09680 1.65664 31.01222 0.30687 0.07204 0.28679 0.33430 1546.961
2.020 0.54333 57.16904 1.65928 31.06164 0.30662 0.07228 0.28640 0.33469 1547.549
2.025 0.54351 57.24139 1.66192 31.11120 0.30637 0.07252 0.28602 0.33509 1548.138
2.030 0.54369 57.31385 1.66458 31.16090 0.30612 0.07277 0.28563 0.33548 1548.727
2.035 0.54387 57.38643 1.66724 31.21074 0.30587 0.07301 0.28524 0.33588 1549.316
2.040 0.54405 57.45912 1.66991 31.26073 0.30561 0.07325 0.28486 0.33627 1549.906
2.045 0.54423 57.53193 1.67259 31.31086 0.30536 0.07350 0.28447 0.33667 1550.497
2.050 0.54442 57.60485 1.67527 31.36113 0.30511 0.07374 0.28409 0.33706 1551.088
2.055 0.54460 57.67789 1.67797 31.41155 0.30485 0.07399 0.28370 0.33746 1551.680
2.060 0.54479 57.75104 1.68067 31.46211 0.30460 0.07423 0.28332 0.33785 1552.272
2.065 0.54498 57.82431 1.68338 31.51281 0.30435 0.07448 0.28293 0.33824 1552.865
2.070 0.54516 57.89769 1.68609 31.56366 0.30409 0.07473 0.28254 0.33864 1553.458
2.075 0.54535 57.97119 1.68882 31.61466 0.30384 0.07497 0.28216 0.33903 1554.052
2.080 0.54554 58.04481 1.69155 31.66580 0.30358 0.07522 0.28177 0.33942 1554.646
2.085 0.54573 58.11854 1.69429 31.71709 0.30333 0.07547 0.28139 0.33982 1555.241
2.090 0.54592 58.19238 1.69704 31.76853 0.30307 0.07572 0.28100 0.34021 1555.836
2.095 0.54611 58.26634 1.69979 31.82011 0.30281 0.07597 0.28061 0.34060 1556.431
2.100 0.54631 58.34042 1.70256 31.87184 0.30256 0.07622 0.28023 0.34099 1557.028
2.105 0.54650 58.41461 1.70533 31.92373 0.30230 0.07647 0.27984 0.34139 1557.624
2.110 0.54670 58.48892 1.70811 31.97576 0.30204 0.07673 0.27946 0.34178 1558.222
2.115 0.54689 58.56334 1.71089 32.02794 0.30178 0.07698 0.27907 0.34217 1558.819
2.120 0.54709 58.63788 1.71369 32.08027 0.30152 0.07723 0.27868 0.34256 1559.418
2.125 0.54729 58.71253 1.71649 32.13275 0.30126 0.07749 0.27830 0.34295 1560.016
2.130 0.54749 58.78730 1.71930 32.18539 0.30100 0.07774 0.27791 0.34334 1560.616
2.135 0.54769 58.86219 1.72212 32.23818 0.30074 0.07800 0.27752 0.34373 1561.215
2.140 0.54789 58.93719 1.72495 32.29112 0.30048 0.07826 0.27714 0.34412 1561.816
2.145 0.54809 59.01231 1.72779 32.34421 0.30022 0.07851 0.27675 0.34451 1562.416
2.150 0.54830 59.08754 1.73063 32.39745 0.29996 0.07877 0.27637 0.34490 1563.017
2.155 0.54850 59.16289 1.73349 32.45086 0.29970 0.07903 0.27598 0.34529 1563.619
2.160 0.54871 59.23835 1.73635 32.50441 0.29944 0.07929 0.27559 0.34568 1564.221
2.165 0.54891 59.31394 1.73922 32.55812 0.29918 0.07955 0.27521 0.34607 1564.824
2.170 0.54912 59.38963 1.74209 32.61199 0.29891 0.07981 0.27482 0.34646 1565.427
2.175 0.54933 59.46545 1.74498 32.66601 0.29865 0.08007 0.27443 0.34685 1566.031
2.180 0.54954 59.54137 1.74787 32.72019 0.29839 0.08033 0.27405 0.34723 1566.635
2.185 0.54975 59.61742 1.75078 32.77453 0.29812 0.08060 0.27366 0.34762 1567.240
2.190 0.54996 59.69358 1.75369 32.82903 0.29786 0.08086 0.27327 0.34801 1567.845
2.195 0.55017 59.76986 1.75661 32.88368 0.29760 0.08112 0.27289 0.34840 1568.450
2.200 0.55039 59.84625 1.75954 32.93850 0.29733 0.08139 0.27250 0.34878 1569.057
2.205 0.55060 59.92276 1.76247 32.99347 0.29707 0.08165 0.27211 0.34917 1569.663
2.210 0.55082 59.99939 1.76542 33.04861 0.29680 0.08192 0.27173 0.34955 1570.270
2.215 0.55103 60.07613 1.76837 33.10391 0.29653 0.08219 0.27134 0.34994 1570.878
2.220 0.55125 60.15299 1.77133 33.15936 0.29627 0.08245 0.27095 0.35033 1571.486
2.225 0.55147 60.22996 1.77430 33.21498 0.29600 0.08272 0.27057 0.35071 1572.094
2.230 0.55169 60.30705 1.77728 33.27077 0.29573 0.08299 0.27018 0.35110 1572.703
2.235 0.55191 60.38426 1.78027 33.32671 0.29547 0.08326 0.26979 0.35148 1573.313
2.240 0.55213 60.46158 1.78327 33.38282 0.29520 0.08353 0.26941 0.35187 1573.923
2.245 0.55236 60.53902 1.78628 33.43910 0.29493 0.08380 0.26902 0.35225 1574.533
2.250 0.55258 60.61657 1.78929 33.49554 0.29466 0.08408 0.26863 0.35263 1575.144
2.255 0.55281 60.69424 1.79232 33.55214 0.29439 0.08435 0.26824 0.35302 1575.756
2.260 0.55303 60.77203 1.79535 33.60892 0.29412 0.08462 0.26786 0.35340 1576.368
2.265 0.55326 60.84993 1.79839 33.66586 0.29385 0.08489 0.26747 0.35378 1576.980
2.270 0.55349 60.92795 1.80144 33.72296 0.29358 0.08517 0.26708 0.35416 1577.593
2.275 0.55372 61.00608 1.80450 33.78024 0.29331 0.08544 0.26670 0.35455 1578.206
2.280 0.55395 61.08433 1.80757 33.83768 0.29304 0.08572 0.26631 0.35493 1578.820
2.285 0.55418 61.16270 1.81065 33.89529 0.29277 0.08600 0.26592 0.35531 1579.434
2.290 0.55442 61.24118 1.81373 33.95308 0.29250 0.08628 0.26554 0.35569 1580.049
2.295 0.55465 61.31978 1.81683 34.01103 0.29223 0.08655 0.26515 0.35607 1580.664
2.300 0.55489 61.39849 1.81993 34.06915 0.29195 0.08683 0.26476 0.35645 1581.279
2.305 0.55512 61.47732 1.82305 34.12745 0.29168 0.08711 0.26438 0.35683 1581.895
2.310 0.55536 61.55627 1.82617 34.18592 0.29141 0.08739 0.26399 0.35721 1582.512
2.315 0.55560 61.63533 1.82930 34.24456 0.29113 0.08767 0.26360 0.35759 1583.129
2.320 0.55584 61.71451 1.83245 34.30338 0.29086 0.08796 0.26322 0.35797 1583.746
2.325 0.55608 61.79380 1.83560 34.36237 0.29059 0.08824 0.26283 0.35835 1584.364
2.330 0.55632 61.87321 1.83876 34.42153 0.29031 0.08852 0.26244 0.35873 1584.983
2.335 0.55657 61.95273 1.84193 34.48087 0.29004 0.08881 0.26206 0.35910 1585.602
2.340 0.55681 62.03237 1.84511 34.54039 0.28976 0.08909 0.26167 0.35948 1586.221
2.345 0.55706 62.11213 1.84829 34.60008 0.28949 0.08938 0.26128 0.35986 1586.841
2.350 0.55731 62.19200 1.85149 34.65995 0.28921 0.08966 0.26089 0.36023 1587.461
2.355 0.55755 62.27198 1.85470 34.72000 0.28893 0.08995 0.26051 0.36061 1588.081
2.360 0.55780 62.35208 1.85792 34.78023 0.28866 0.09024 0.26012 0.36099 1588.702
2.365 0.55805 62.43230 1.86115 34.84064 0.28838 0.09052 0.25973 0.36136 1589.324
2.370 0.55831 62.51263 1.86438 34.90122 0.28810 0.09081 0.25935 0.36174 1589.946
2.375 0.55856 62.59308 1.86763 34.96199 0.28782 0.09110 0.25896 0.36211 1590.568
2.380 0.55881 62.67364 1.87088 35.02294 0.28755 0.09139 0.25857 0.36249 1591.191
2.385 0.55907 62.75432 1.87415 35.08407 0.28727 0.09168 0.25819 0.36286 1591.814
2.390 0.55933 62.83511 1.87742 35.14538 0.28699 0.09198 0.25780 0.36323 1592.438
2.395 0.55959 62.91602 1.88071 35.20688 0.28671 0.09227 0.25741 0.36361 1593.062
2.400 0.55984 62.99704 1.88400 35.26856 0.28643 0.09256 0.25703 0.36398 1593.687
2.405 0.56011 63.07818 1.88731 35.33043 0.28615 0.09286 0.25664 0.36435 1594.312
2.410 0.56037 63.15943 1.89062 35.39248 0.28587 0.09315 0.25626 0.36472 1594.938
2.415 0.56063 63.24079 1.89395 35.45472 0.28559 0.09345 0.25587 0.36510 1595.563
2.420 0.56089 63.32227 1.89728 35.51714 0.28531 0.09374 0.25548 0.36547 1596.190
2.425 0.56116 63.40387 1.90063 35.57975 0.28503 0.09404 0.25510 0.36584 1596.816
2.430 0.56143 63.48558 1.90398 35.64255 0.28475 0.09434 0.25471 0.36621 1597.444
2.435 0.56170 63.56740 1.90735 35.70554 0.28446 0.09464 0.25432 0.36658 1598.071
2.440 0.56197 63.64934 1.91072 35.76871 0.28418 0.09494 0.25394 0.36695 1598.699
2.445 0.56224 63.73139 1.91411 35.83208 0.28390 0.09524 0.25355 0.36732 1599.328
2.450 0.56251 63.81355 1.91750 35.89564 0.28362 0.09554 0.25316 0.36768 1599.957
2.455 0.56278 63.89583 1.92091 35.95939 0.28333 0.09584 0.25278 0.36805 1600.586
2.460 0.56306 63.97822 1.92432 36.02333 0.28305 0.09614 0.25239 0.36842 1601.216
2.465 0.56333 64.06073 1.92775 36.08747 0.28276 0.09644 0.25201 0.36879 1601.846
2.470 0.56361 64.14335 1.93119 36.15179 0.28248 0.09675 0.25162 0.36915 1602.476
2.475 0.56389 64.22608 1.93463 36.21632 0.28220 0.09705 0.25123 0.36952 1603.107
2.480 0.56417 64.30893 1.93809 36.28103 0.28191 0.09736 0.25085 0.36989 1603.739
2.485 0.56445 64.39188 1.94156 36.34595 0.28163 0.09766 0.25046 0.37025 1604.370
2.490 0.56473 64.47496 1.94504 36.41106 0.28134 0.09797 0.25007 0.37062 1605.002
2.495 0.56502 64.55814 1.94852 36.47636 0.28105 0.09828 0.24969 0.37098 1605.635
2.500 0.56530 64.64144 1.95202 36.54187 0.28077 0.09858 0.24930 0.37134 1606.268
2.505 0.56559 64.72485 1.95553 36.60757 0.28048 0.09889 0.24892 0.37171 1606.901
2.510 0.56588 64.80837 1.95905 36.67348 0.28019 0.09920 0.24853 0.37207 1607.535
2.515 0.56616 64.89200 1.96258 36.73958 0.27991 0.09951 0.24815 0.37243 1608.169
2.520 0.56646 64.97575 1.96613 36.80588 0.27962 0.09982 0.24776 0.37280 1608.804
2.525 0.56675 65.05961 1.96968 36.87239 0.27933 0.10014 0.24737 0.37316 1609.439
2.530 0.56704 65.14358 1.97324 36.93909 0.27904 0.10045 0.24699 0.37352 1610.074
2.535 0.56734 65.22766 1.97682 37.00600 0.27875 0.10076 0.24660 0.37388 1610.710
2.540 0.56763 65.31185 1.98040 37.07312 0.27847 0.10108 0.24622 0.37424 1611.346
2.545 0.56793 65.39615 1.98400 37.14044 0.27818 0.10139 0.24583 0.37460 1611.982
2.550 0.56823 65.48057 1.98760 37.20796 0.27789 0.10171 0.24545 0.37496 1612.619
2.555 0.56853 65.56509 1.99122 37.27569 0.27760 0.10202 0.24506 0.37532 1613.256
2.560 0.56883 65.64973 1.99485 37.34363 0.27731 0.10234 0.24468 0.37568 1613.894
2.565 0.56913 65.73448 1.99849 37.41177 0.27702 0.10266 0.24429 0.37603 1614.532
2.570 0.56944 65.81933 2.00214 37.48012 0.27673 0.10298 0.24391 0.37639 1615.170
2.575 0.56975 65.90430 2.00581 37.54868 0.27643 0.10330 0.24352 0.37675 1615.809
2.580 0.57005 65.98938 2.00948 37.61746 0.27614 0.10362 0.24314 0.37710 1616.448
2.585 0.57036 66.07457 2.01316 37.68644 0.27585 0.10394 0.24275 0.37746 1617.088
2.590 0.57067 66.15986 2.01686 37.75563 0.27556 0.10426 0.24237 0.37782 1617.728
2.595 0.57098 66.24527 2.02057 37.82504 0.27527 0.10458 0.24198 0.37817 1618.368
2.600 0.57130 66.33079 2.02429 37.89465 0.27497 0.10491 0.24160 0.37852 1619.008
2.605 0.57161 66.41641 2.02802 37.96449 0.27468 0.10523 0.24121 0.37888 1619.649
2.610 0.57193 66.50214 2.03176 38.03453 0.27439 0.10555 0.24083 0.37923 1620.290
2.615 0.57225 66.58798 2.03551 38.10479 0.27409 0.10588 0.24044 0.37958 1620.932
2.620 0.57257 66.67394 2.03928 38.17527 0.27380 0.10621 0.24006 0.37994 1621.574
2.625 0.57289 66.75999 2.04305 38.24597 0.27351 0.10653 0.23967 0.38029 1622.216
2.630 0.57321 66.84616 2.04684 38.31688 0.27321 0.10686 0.23929 0.38064 1622.859
2.635 0.57353 66.93243 2.05064 38.38801 0.27292 0.10719 0.23890 0.38099 1623.502
2.640 0.57386 67.01881 2.05445 38.45936 0.27262 0.10752 0.23852 0.38134 1624.145
2.645 0.57419 67.10530 2.05828 38.53093 0.27233 0.10785 0.23814 0.38169 1624.789
2.650 0.57451 67.19190 2.06211 38.60272 0.27203 0.10818 0.23775 0.38204 1625.433
2.655 0.57484 67.27860 2.06596 38.67473 0.27173 0.10851 0.23737 0.38239 1626.077
2.660 0.57518 67.36541 2.06982 38.74697 0.27144 0.10884 0.23698 0.38273 1626.722
2.665 0.57551 67.45232 2.07369 38.81943 0.27114 0.10918 0.23660 0.38308 1627.367
2.670 0.57584 67.53934 2.07757 38.89211 0.27084 0.10951 0.23622 0.38343 1628.012
2.675 0.57618 67.62647 2.08146 38.96502 0.27055 0.10985 0.23583 0.38377 1628.658
2.680 0.57652 67.71370 2.08537 39.03815 0.27025 0.11018 0.23545 0.38412 1629.304
2.685 0.57686 67.80103 2.08929 39.11151 0.26995 0.11052 0.23507 0.38446 1629.950
2.690 0.57720 67.88848 2.09322 39.18510 0.26965 0.11086 0.23468 0.38481 1630.597
2.695 0.57754 67.97602 2.09716 39.25892 0.26936 0.11119 0.23430 0.38515 1631.243
2.700 0.57788 68.06367 2.10112 39.33296 0.26906 0.11153 0.23392 0.38549 1631.891
2.705 0.57823 68.15142 2.10509 39.40724 0.26876 0.11187 0.23353 0.38584 1632.538
2.710 0.57858 68.23928 2.10907 39.48174 0.26846 0.11221 0.23315 0.38618 1633.186
2.715 0.57893 68.32724 2.11306 39.55648 0.26816 0.11255 0.23277 0.38652 1633.834
2.720 0.57928 68.41530 2.11706 39.63145 0.26786 0.11289 0.23238 0.38686 1634.482
2.725 0.57963 68.50347 2.12108 39.70666 0.26756 0.11324 0.23200 0.38720 1635.131
2.730 0.57998 68.59174 2.12511 39.78210 0.26726 0.11358 0.23162 0.38754 1635.780
2.735 0.58034 68.68011 2.12915 39.85777 0.26696 0.11392 0.23124 0.38788 1636.429
2.740 0.58070 68.76858 2.13321 39.93368 0.26666 0.11427 0.23085 0.38822 1637.079
2.745 0.58106 68.85716 2.13728 40.00983 0.26636 0.11461 0.23047 0.38856 1637.729
2.750 0.58142 68.94583 2.14136 40.08621 0.26606 0.11496 0.23009 0.38889 1638.379
2.755 0.58178 69.03461 2.14545 40.16284 0.26575 0.11531 0.22971 0.38923 1639.029
2.760 0.58214 69.12348 2.14956 40.23970 0.26545 0.11566 0.22933 0.38957 1639.680
2.765 0.58251 69.21246 2.15368 40.31681 0.26515 0.11600 0.22894 0.38990 1640.330
2.770 0.58288 69.30153 2.15781 40.39415 0.26485 0.11635 0.22856 0.39024 1640.982
2.775 0.58324 69.39071 2.16195 40.47174 0.26454 0.11670 0.22818 0.39057 1641.633
2.780 0.58362 69.47998 2.16611 40.54957 0.26424 0.11706 0.22780 0.39090 1642.285
2.785 0.58399 69.56935 2.17028 40.62765 0.26394 0.11741 0.22742 0.39124 1642.937
2.790 0.58436 69.65882 2.17446 40.70597 0.26363 0.11776 0.22704 0.39157 1643.589
2.795 0.58474 69.74839 2.17866 40.78454 0.26333 0.11811 0.22665 0.39190 1644.241
2.800 0.58512 69.83806 2.18287 40.86335 0.26303 0.11847 0.22627 0.39223 1644.894
2.805 0.58550 69.92782 2.18709 40.94241 0.26272 0.11882 0.22589 0.39256 1645.547
2.810 0.58588 70.01768 2.19133 41.02172 0.26242 0.11918 0.22551 0.39289 1646.200
2.815 0.58626 70.10763 2.19558 41.10128 0.26211 0.11954 0.22513 0.39322 1646.853
2.820 0.58664 70.19768 2.19984 41.18109 0.26181 0.11989 0.22475 0.39355 1647.507
2.825 0.58703 70.28783 2.20412 41.26116 0.26150 0.12025 0.22437 0.39388 1648.161
2.830 0.58742 70.37807 2.20841 41.34147 0.26120 0.12061 0.22399 0.39421 1648.815
2.835 0.58781 70.46841 2.21272 41.42204 0.26089 0.12097 0.22361 0.39453 1649.469
2.840 0.58820 70.55884 2.21703 41.50286 0.26058 0.12133 0.22323 0.39486 1650.124
2.845 0.58860 70.64936 2.22136 41.58394 0.26028 0.12169 0.22285 0.39518 1650.778
2.850 0.58899 70.73998 2.22571 41.66528 0.25997 0.12205 0.22247 0.39551 1651.433
2.855 0.58939 70.83069 2.23007 41.74687 0.25966 0.12242 0.22209 0.39583 1652.089
2.860 0.58979 70.92149 2.23444 41.82872 0.25936 0.12278 0.22171 0.39616 1652.744
2.865 0.59019 71.01238 2.23883 41.91083 0.25905 0.12314 0.22133 0.39648 1653.399
2.870 0.59059 71.10337 2.24323 41.99320 0.25874 0.12351 0.22095 0.39680 1654.055
2.875 0.59100 71.19445 2.24764 42.07583 0.25843 0.12388 0.22057 0.39712 1654.711
2.880 0.59141 71.28561 2.25207 42.15872 0.25813 0.12424 0.22019 0.39744 1655.367
2.885 0.59181 71.37687 2.25651 42.24188 0.25782 0.12461 0.21981 0.39776 1656.023
2.890 0.59223 71.46822 2.26097 42.32530 0.25751 0.12498 0.21943 0.39808 1656.680
2.895 0.59264 71.55965 2.26544 42.40899 0.25720 0.12535 0.21905 0.39840 1657.337
2.900 0.59305 71.65117 2.26992 42.49294 0.25689 0.12572 0.21868 0.39872 1657.993
2.905 0.59347 71.74279 2.27442 42.57716 0.25658 0.12609 0.21830 0.39903 1658.650
2.910 0.59389 71.83448 2.27893 42.66165 0.25627 0.12646 0.21792 0.39935 1659.307
2.915 0.59431 71.92627 2.28346 42.74640 0.25596 0.12683 0.21754 0.39967 1659.965
2.920 0.59473 72.01814 2.28800 42.83143 0.25565 0.12721 0.21716 0.39998 1660.622
2.925 0.59516 72.11010 2.29256 42.91673 0.25534 0.12758 0.21678 0.40030 1661.280
2.930 0.59558 72.20214 2.29713 43.00230 0.25503 0.12795 0.21641 0.40061 1661.938
2.935 0.59601 72.29427 2.30172 43.08814 0.25472 0.12833 0.21603 0.40092 1662.595
2.940 0.59644 72.38648 2.30632 43.17426 0.25441 0.12871 0.21565 0.40123 1663.253
2.945 0.59687 72.47878 2.31093 43.26065 0.25410 0.12908 0.21527 0.40155 1663.912
2.950 0.59731 72.57116 2.31556 43.34732 0.25379 0.12946 0.21490 0.40186 1664.570
2.955 0.59774 72.66362 2.32021 43.43427 0.25347 0.12984 0.21452 0.40217 1665.228
2.960 0.59818 72.75616 2.32487 43.52149 0.25316 0.13022 0.21414 0.40248 1665.887
2.965 0.59862 72.84879 2.32954 43.60900 0.25285 0.13060 0.21377 0.40278 1666.546
2.970 0.59907 72.94149 2.33423 43.69678 0.25254 0.13098 0.21339 0.40309 1667.204
2.975 0.59951 73.03428 2.33893 43.78485 0.25223 0.13136 0.21301 0.40340 1667.863
2.980 0.59996 73.12715 2.34365 43.87320 0.25191 0.13175 0.21264 0.40371 1668.522
2.985 0.60041 73.22009 2.34839 43.96183 0.25160 0.13213 0.21226 0.40401 1669.181
2.990 0.60086 73.31311 2.35314 44.05075 0.25129 0.13251 0.21188 0.40432 1669.840
2.995 0.60131 73.40621 2.35790 44.13996 0.25097 0.13290 0.21151 0.40462 1670.500
3.000 0.60177 73.49939 2.36268 44.22945 0.25066 0.13328 0.21113 0.40492 1671.159
3.005 0.60222 73.59264 2.36748 44.31923 0.25035 0.13367 0.21076 0.40523 1671.818
3.010 0.60268 73.68597 2.37229 44.40930 0.25003 0.13406 0.21038 0.40553 1672.478
3.015 0.60314 73.77937 2.37712 44.49966 0.24972 0.13445 0.21001 0.40583 1673.137
3.020 0.60361 73.87285 2.38196 44.59031 0.24940 0.13484 0.20963 0.40613 1673.797
3.025 0.60407 73.96641 2.38682 44.68125 0.24909 0.13523 0.20926 0.40643 1674.457
3.030 0.60454 74.06003 2.39169 44.77249 0.24877 0.13562 0.20888 0.40673 1675.116
3.035 0.60501 74.15373 2.39658 44.86402 0.24846 0.13601 0.20851 0.40703 1675.776
3.040 0.60549 74.24750 2.40149 44.95585 0.24814 0.13640 0.20813 0.40732 1676.436
3.045 0.60596 74.34134 2.40641 45.04797 0.24783 0.13679 0.20776 0.40762 1677.096
3.050 0.60644 74.43525 2.41135 45.14040 0.24751 0.13719 0.20738 0.40792 1677.756
3.055 0.60692 74.52923 2.41630 45.23312 0.24720 0.13758 0.20701 0.40821 1678.416
3.060 0.60740 74.62328 2.42127 45.32614 0.24688 0.13798 0.20664 0.40851 1679.076
3.065 0.60788 74.71739 2.42625 45.41947 0.24656 0.13837 0.20626 0.40880 1679.735
3.070 0.60837 74.81158 2.43125 45.51309 0.24625 0.13877 0.20589 0.40909 1680.395
3.075 0.60886 74.90583 2.43627 45.60702 0.24593 0.13917 0.20552 0.40938 1681.055
3.080 0.60935 75.00014 2.44131 45.70126 0.24561 0.13957 0.20514 0.40967 1681.715
3.085 0.60984 75.09452 2.44636 45.79580 0.24530 0.13997 0.20477 0.40997 1682.375
3.090 0.61034 75.18897 2.45142 45.89065 0.24498 0.14037 0.20440 0.41025 1683.035
3.095 0.61084 75.28348 2.45651 45.98581 0.24466 0.14077 0.20403 0.41054 1683.695
3.100 0.61134 75.37805 2.46161 46.08128 0.24434 0.14117 0.20365 0.41083 1684.355
3.105 0.61184 75.47268 2.46672 46.17705 0.24403 0.14157 0.20328 0.41112 1685.015
3.110 0.61234 75.56738 2.47186 46.27314 0.24371 0.14198 0.20291 0.41140 1685.675
3.115 0.61285 75.66213 2.47701 46.36955 0.24339 0.14238 0.20254 0.41169 1686.335
3.120 0.61336 75.75694 2.48217 46.46627 0.24307 0.14279 0.20217 0.41198 1686.995
3.125 0.61387 75.85181 2.48736 46.56330 0.24275 0.14319 0.20180 0.41226 1687.654
3.130 0.61439 75.94674 2.49256 46.66065 0.24244 0.14360 0.20142 0.41254 1688.314
3.135 0.61490 76.04173 2.49777 46.75832 0.24212 0.14401 0.20105 0.41282 1688.974
3.140 0.61542 76.13677 2.50301 46.85631 0.24180 0.14441 0.20068 0.41311 1689.633
3.145 0.61594 76.23187 2.50826 46.95462 0.24148 0.14482 0.20031 0.41339 1690.293
3.150 0.61647 76.32702 2.51353 47.05325 0.24116 0.14523 0.19994 0.41367 1690.952
3.155 0.61700 76.42223 2.51881 47.15220 0.24084 0.14564 0.19957 0.41395 1691.611
3.160 0.61753 76.51748 2.52412 47.25148 0.24052 0.14606 0.19920 0.41422 1692.271
3.165 0.61806 76.61279 2.52944 47.35109 0.24020 0.14647 0.19883 0.41450 1692.930
3.170 0.61859 76.70815 2.53478 47.45102 0.23988 0.14688 0.19846 0.41478 1693.589
3.175 0.61913 76.80356 2.54013 47.55127 0.23956 0.14730 0.19809 0.41505 1694.248
3.180 0.61967 76.89902 2.54551 47.65186 0.23924 0.14771 0.19772 0.41533 1694.907
3.185 0.62021 76.99452 2.55090 47.75278 0.23892 0.14813 0.19735 0.41560 1695.565
3.190 0.62075 77.09007 2.55631 47.85403 0.23860 0.14854 0.19698 0.41587 1696.224
3.195 0.62130 77.18567 2.56173 47.95561 0.23828 0.14896 0.19662 0.41615 1696.882
3.200 0.62185 77.28131 2.56718 48.05753 0.23796 0.14938 0.19625 0.41642 1697.541
3.205 0.62240 77.37700 2.57264 48.15979 0.23764 0.14980 0.19588 0.41669 1698.199
3.210 0.62296 77.47273 2.57812 48.26238 0.23731 0.15022 0.19551 0.41696 1698.857
3.215 0.62352 77.56850 2.58362 48.36530 0.23699 0.15064 0.19514 0.41723 1699.515
3.220 0.62408 77.66431 2.58913 48.46857 0.23667 0.15106 0.19478 0.41750 1700.172
3.225 0.62464 77.76016 2.59467 48.57218 0.23635 0.15148 0.19441 0.41776 1700.830
3.230 0.62521 77.85605 2.60022 48.67613 0.23603 0.15190 0.19404 0.41803 1701.487
3.235 0.62578 77.95198 2.60579 48.78043 0.23571 0.15233 0.19367 0.41829 1702.144
3.240 0.62635 78.04794 2.61138 48.88507 0.23538 0.15275 0.19331 0.41856 1702.801
3.245 0.62692 78.14394 2.61699 48.99005 0.23506 0.15318 0.19294 0.41882 1703.458
3.250 0.62750 78.23997 2.62262 49.09539 0.23474 0.15360 0.19258 0.41909 1704.114
3.255 0.62808 78.33604 2.62826 49.20107 0.23442 0.15403 0.19221 0.41935 1704.771
3.260 0.62866 78.43214 2.63393 49.30710 0.23409 0.15446 0.19184 0.41961 1705.427
3.265 0.62924 78.52827 2.63961 49.41349 0.23377 0.15488 0.19148 0.41987 1706.082
3.270 0.62983 78.62443 2.64531 49.52022 0.23345 0.15531 0.19111 0.42013 1706.738
3.275 0.63042 78.72062 2.65103 49.62731 0.23312 0.15574 0.19075 0.42039 1707.393
3.280 0.63102 78.81684 2.65677 49.73476 0.23280 0.15617 0.19038 0.42064 1708.048
3.285 0.63161 78.91308 2.66253 49.84256 0.23248 0.15661 0.19002 0.42090 1708.703
3.290 0.63221 79.00935 2.66831 49.95073 0.23215 0.15704 0.18965 0.42116 1709.358
3.295 0.63282 79.10564 2.67411 50.05925 0.23183 0.15747 0.18929 0.42141 1710.012
3.300 0.63342 79.20196 2.67992 50.16813 0.23151 0.15791 0.18892 0.42166 1710.666
3.305 0.63403 79.29829 2.68576 50.27738 0.23118 0.15834 0.18856 0.42192 1711.320
3.310 0.63464 79.39465 2.69161 50.38699 0.23086 0.15878 0.18820 0.42217 1711.973
3.315 0.63525 79.49103 2.69749 50.49696 0.23053 0.15921 0.18783 0.42242 1712.626
3.320 0.63587 79.58742 2.70338 50.60731 0.23021 0.15965 0.18747 0.42267 1713.279
3.325 0.63649 79.68384 2.70930 50.71802 0.22989 0.16009 0.18711 0.42292 1713.932
3.330 0.63711 79.78026 2.71523 50.82910 0.22956 0.16053 0.18674 0.42317 1714.584
3.335 0.63774 79.87670 2.72118 50.94055 0.22924 0.16097 0.18638 0.42342 1715.236
3.340 0.63837 79.97316 2.72716 51.05237 0.22891 0.16141 0.18602 0.42366 1715.887
3.345 0.63900 80.06963 2.73315 51.16457 0.22859 0.16185 0.18566 0.42391 1716.538
3.350 0.63964 80.16610 2.73916 51.27714 0.22826 0.16229 0.18530 0.42415 1717.189
3.355 0.64027 80.26259 2.74520 51.39009 0.22794 0.16273 0.18494 0.42440 1717.839
3.360 0.64092 80.35908 2.75125 51.50342 0.22761 0.16318 0.18457 0.42464 1718.489
3.365 0.64156 80.45558 2.75733 51.61713 0.22729 0.16362 0.18421 0.42488 1719.139
3.370 0.64221 80.55209 2.76342 51.73122 0.22696 0.16406 0.18385 0.42512 1719.788
3.375 0.64286 80.64859 2.76953 51.84569 0.22663 0.16451 0.18349 0.42536 1720.437
3.380 0.64351 80.74511 2.77567 51.96055 0.22631 0.16496 0.18313 0.42560 1721.085
3.385 0.64417 80.84162 2.78183 52.07579 0.22598 0.16541 0.18277 0.42584 1721.733
3.390 0.64483 80.93813 2.78800 52.19142 0.22566 0.16585 0.18241 0.42608 1722.381
3.395 0.64549 81.03464 2.79420 52.30744 0.22533 0.16630 0.18205 0.42631 1723.028
3.400 0.64616 81.13114 2.80042 52.42385 0.22501 0.16675 0.18169 0.42655 1723.675
3.405 0.64683 81.22764 2.80666 52.54065 0.22468 0.16720 0.18133 0.42678 1724.321
3.410 0.64751 81.32414 2.81292 52.65785 0.22435 0.16766 0.18097 0.42702 1724.966
3.415 0.64818 81.42062 2.81920 52.77544 0.22403 0.16811 0.18062 0.42725 1725.612
3.420 0.64886 81.51710 2.82550 52.89342 0.22370 0.16856 0.18026 0.42748 1726.257
3.425 0.64955 81.61356 2.83183 53.01181 0.22337 0.16901 0.17990 0.42771 1726.901
3.430 0.65023 81.71002 2.83817 53.13059 0.22305 0.16947 0.17954 0.42794 1727.545
3.435 0.65092 81.80646 2.84454 53.24978 0.22272 0.16992 0.17918 0.42817 1728.188
3.440 0.65162 81.90288 2.85093 53.36937 0.22239 0.17038 0.17883 0.42840 1728.831
3.445 0.65231 81.99929 2.85734 53.48936 0.22207 0.17084 0.17847 0.42862 1729.473
3.450 0.65302 82.09568 2.86377 53.60976 0.22174 0.17130 0.17811 0.42885 1730.114
3.455 0.65372 82.19204 2.87022 53.73056 0.22141 0.17175 0.17776 0.42908 1730.756
3.460 0.65443 82.28839 2.87670 53.85178 0.22109 0.17221 0.17740 0.42930 1731.396
3.465 0.65514 82.38471 2.88319 53.97340 0.22076 0.17267 0.17704 0.42952 1732.036
3.470 0.65585 82.48101 2.88971 54.09544 0.22043 0.17314 0.17669 0.42974 1732.675
3.475 0.65657 82.57728 2.89626 54.21789 0.22010 0.17360 0.17633 0.42996 1733.314
3.480 0.65729 82.67352 2.90282 54.34076 0.21978 0.17406 0.17598 0.43018 1733.953
3.485 0.65802 82.76974 2.90940 54.46405 0.21945 0.17452 0.17562 0.43040 1734.590
3.490 0.65875 82.86592 2.91601 54.58775 0.21912 0.17499 0.17527 0.43062 1735.227
3.495 0.65948 82.96206 2.92264 54.71187 0.21879 0.17545 0.17491 0.43084 1735.863
3.500 0.66022 83.05818 2.92930 54.83642 0.21847 0.17592 0.17456 0.43105 1736.499
3.505 0.66096 83.15425 2.93597 54.96139 0.21814 0.17638 0.17421 0.43127 1737.134
3.510 0.66170 83.25029 2.94267 55.08678 0.21781 0.17685 0.17385 0.43148 1737.769
3.515 0.66245 83.34628 2.94939 55.21261 0.21748 0.17732 0.17350 0.43170 1738.402
3.520 0.66320 83.44224 2.95614 55.33886 0.21715 0.17779 0.17315 0.43191 1739.035
3.525 0.66395 83.53815 2.96290 55.46554 0.21683 0.17826 0.17279 0.43212 1739.668
3.530 0.66471 83.63401 2.96969 55.59265 0.21650 0.17873 0.17244 0.43233 1740.299
3.535 0.66548 83.72983 2.97651 55.72020 0.21617 0.17920 0.17209 0.43254 1740.930
3.540 0.66624 83.82559 2.98334 55.84819 0.21584 0.17967 0.17174 0.43275 1741.561
3.545 0.66701 83.92131 2.99020 55.97661 0.21551 0.18015 0.17139 0.43295 1742.190
3.550 0.66779 84.01697 2.99709 56.10547 0.21519 0.18062 0.17104 0.43316 1742.819
3.555 0.66857 84.11258 3.00399 56.23477 0.21486 0.18109 0.17068 0.43336 1743.447
3.560 0.66935 84.20813 3.01092 56.36451 0.21453 0.18157 0.17033 0.43357 1744.074
3.565 0.67013 84.30362 3.01788 56.49470 0.21420 0.18204 0.16998 0.43377 1744.700
3.570 0.67092 84.39905 3.02486 56.62533 0.21387 0.18252 0.16963 0.43397 1745.326
3.575 0.67172 84.49441 3.03186 56.75641 0.21354 0.18300 0.16928 0.43417 1745.951
3.580 0.67252 84.58971 3.03889 56.88794 0.21322 0.18348 0.16893 0.43437 1746.575
3.585 0.67332 84.68495 3.04594 57.01993 0.21289 0.18396 0.16858 0.43457 1747.198
3.590 0.67412 84.78011 3.05301 57.15236 0.21256 0.18444 0.16824 0.43477 1747.820
3.595 0.67494 84.87521 3.06011 57.28525 0.21223 0.18492 0.16789 0.43497 1748.442
3.600 0.67575 84.97023 3.06723 57.41860 0.21190 0.18540 0.16754 0.43516 1749.062
3.605 0.67657 85.06518 3.07438 57.55240 0.21157 0.18588 0.16719 0.43536 1749.682
3.610 0.67739 85.16005 3.08155 57.68667 0.21124 0.18636 0.16684 0.43555 1750.301
3.615 0.67822 85.25484 3.08875 57.82140 0.21091 0.18685 0.16649 0.43574 1750.919
3.620 0.67905 85.34955 3.09597 57.95659 0.21059 0.18733 0.16615 0.43594 1751.536
3.625 0.67989 85.44417 3.10322 58.09225 0.21026 0.18782 0.16580 0.43613 1752.152
3.630 0.68073 85.53871 3.11049 58.22837 0.20993 0.18830 0.16545 0.43632 1752.767
3.635 0.68157 85.63316 3.11779 58.36497 0.20960 0.18879 0.16511 0.43650 1753.382
3.640 0.68242 85.72752 3.12511 58.50203 0.20927 0.18928 0.16476 0.43669 1753.995
3.645 0.68327 85.82179 3.13246 58.63957 0.20894 0.18977 0.16442 0.43688 1754.607
3.650 0.68413 85.91597 3.13983 58.77759 0.20861 0.19025 0.16407 0.43706 1755.218
3.655 0.68499 86.01005 3.14723 58.91608 0.20828 0.19074 0.16372 0.43725 1755.829
3.660 0.68586 86.10403 3.15465 59.05505 0.20795 0.19124 0.16338 0.43743 1756.438
3.665 0.68673 86.19790 3.16210 59.19450 0.20762 0.19173 0.16304 0.43761 1757.046
3.670 0.68760 86.29168 3.16957 59.33444 0.20730 0.19222 0.16269 0.43779 1757.654
3.675 0.68848 86.38535 3.17708 59.47486 0.20697 0.19271 0.16235 0.43797 1758.260
3.680 0.68937 86.47891 3.18460 59.61576 0.20664 0.19321 0.16200 0.43815 1758.865
3.685 0.69026 86.57236 3.19216 59.75716 0.20631 0.19370 0.16166 0.43833 1759.469
3.690 0.69115 86.66570 3.19974 59.89904 0.20598 0.19420 0.16132 0.43851 1760.072
3.695 0.69205 86.75892 3.20734 60.04142 0.20565 0.19469 0.16097 0.43868 1760.674
3.700 0.69295 86.85202 3.21497 60.18429 0.20532 0.19519 0.16063 0.43886 1761.274
3.705 0.69386 86.94501 3.22263 60.32766 0.20499 0.19569 0.16029 0.43903 1761.874
3.710 0.69477 87.03787 3.23032 60.47152 0.20466 0.19618 0.15995 0.43921 1762.472
3.715 0.69569 87.13060 3.23803 60.61589 0.20433 0.19668 0.15961 0.43938 1763.070
3.720 0.69661 87.22321 3.24577 60.76076 0.20400 0.19718 0.15927 0.43955 1763.666
3.725 0.69754 87.31569 3.25353 60.90613 0.20368 0.19768 0.15892 0.43972 1764.261
3.730 0.69847 87.40804 3.26133 61.05201 0.20335 0.19818 0.15858 0.43989 1764.854
3.735 0.69941 87.50025 3.26915 61.19840 0.20302 0.19869 0.15824 0.44005 1765.447
3.740 0.70035 87.59232 3.27699 61.34529 0.20269 0.19919 0.15790 0.44022 1766.038
3.745 0.70130 87.68425 3.28487 61.49270 0.20236 0.19969 0.15756 0.44038 1766.628
3.750 0.70225 87.77604 3.29277 61.64063 0.20203 0.20020 0.15723 0.44055 1767.217
3.755 0.70321 87.86769 3.30070 61.78907 0.20170 0.20070 0.15689 0.44071 1767.804
3.760 0.70417 87.95918 3.30866 61.93803 0.20137 0.20121 0.15655 0.44087 1768.390
3.765 0.70513 88.05053 3.31664 62.08751 0.20104 0.20171 0.15621 0.44103 1768.975
3.770 0.70611 88.14172 3.32465 62.23751 0.20071 0.20222 0.15587 0.44119 1769.559
3.775 0.70708 88.23276 3.33269 62.38804 0.20038 0.20273 0.15553 0.44135 1770.141
3.780 0.70807 88.32363 3.34076 62.53910 0.20006 0.20324 0.15520 0.44151 1770.722
3.785 0.70906 88.41435 3.34886 62.69068 0.19973 0.20375 0.15486 0.44167 1771.301
3.790 0.71005 88.50490 3.35699 62.84280 0.19940 0.20426 0.15452 0.44182 1771.879
3.795 0.71105 88.59528 3.36514 62.99544 0.19907 0.20477 0.15419 0.44197 1772.456
3.800 0.71205 88.68549 3.37332 63.14863 0.19874 0.20528 0.15385 0.44213 1773.031
3.805 0.71306 88.77553 3.38154 63.30235 0.19841 0.20579 0.15352 0.44228 1773.605
3.810 0.71408 88.86539 3.38978 63.45661 0.19808 0.20631 0.15318 0.44243 1774.177
3.815 0.71510 88.95507 3.39805 63.61141 0.19775 0.20682 0.15285 0.44258 1774.748
3.820 0.71612 89.04458 3.40634 63.76676 0.19742 0.20734 0.15251 0.44273 1775.317
3.825 0.71715 89.13389 3.41467 63.92265 0.19710 0.20785 0.15218 0.44288 1775.885
3.830 0.71819 89.22302 3.42303 64.07909 0.19677 0.20837 0.15184 0.44302 1776.452
3.835 0.71923 89.31196 3.43141 64.23609 0.19644 0.20888 0.15151 0.44317 1777.017
3.840 0.72028 89.40071 3.43983 64.39363 0.19611 0.20940 0.15118 0.44331 1777.580
3.845 0.72134 89.48926 3.44828 64.55173 0.19578 0.20992 0.15084 0.44346 1778.142
3.850 0.72239 89.57760 3.45675 64.71039 0.19545 0.21044 0.15051 0.44360 1778.702
3.855 0.72346 89.66575 3.46526 64.86961 0.19512 0.21096 0.15018 0.44374 1779.260
3.860 0.72453 89.75369 3.47379 65.02939 0.19479 0.21148 0.14985 0.44388 1779.817
3.865 0.72561 89.84142 3.48236 65.18973 0.19447 0.21200 0.14951 0.44402 1780.373
3.870 0.72669 89.92894 3.49095 65.35064 0.19414 0.21252 0.14918 0.44415 1780.926
3.875 0.72778 90.01624 3.49958 65.51212 0.19381 0.21305 0.14885 0.44429 1781.478
3.880 0.72888 90.10333 3.50824 65.67417 0.19348 0.21357 0.14852 0.44443 1782.028
3.885 0.72998 90.19019 3.51692 65.83679 0.19315 0.21410 0.14819 0.44456 1782.577
3.890 0.73108 90.27683 3.52564 65.99999 0.19282 0.21462 0.14786 0.44469 1783.124
3.895 0.73220 90.36324 3.53439 66.16376 0.19250 0.21515 0.14753 0.44483 1783.669
3.900 0.73332 90.44942 3.54317 66.32812 0.19217 0.21567 0.14720 0.44496 1784.212
3.905 0.73444 90.53536 3.55198 66.49305 0.19184 0.21620 0.14687 0.44509 1784.754
3.910 0.73557 90.62106 3.56082 66.65858 0.19151 0.21673 0.14655 0.44521 1785.294
3.915 0.73671 90.70653 3.56969 66.82469 0.19118 0.21726 0.14622 0.44534 1785.832
3.920 0.73786 90.79175 3.57860 66.99139 0.19086 0.21779 0.14589 0.44547 1786.368
3.925 0.73901 90.87672 3.58754 67.15868 0.19053 0.21832 0.14556 0.44559 1786.902
3.930 0.74017 90.96143 3.59650 67.32657 0.19020 0.21885 0.14524 0.44572 1787.434
3.935 0.74133 91.04590 3.60550 67.49505 0.18987 0.21938 0.14491 0.44584 1787.965
3.940 0.74250 91.13010 3.61454 67.66413 0.18955 0.21991 0.14458 0.44596 1788.494
3.945 0.74368 91.21404 3.62360 67.83381 0.18922 0.22044 0.14426 0.44608 1789.020
3.950 0.74486 91.29772 3.63270 68.00410 0.18889 0.22098 0.14393 0.44620 1789.545
3.955 0.74605 91.38112 3.64183 68.17500 0.18856 0.22151 0.14361 0.44632 1790.068
3.960 0.74725 91.46426 3.65099 68.34650 0.18824 0.22205 0.14328 0.44644 1790.588
3.965 0.74845 91.54711 3.66018 68.51861 0.18791 0.22258 0.14296 0.44655 1791.107
3.970 0.74966 91.62969 3.66941 68.69134 0.18758 0.22312 0.14263 0.44667 1791.624
3.975 0.75088 91.71198 3.67867 68.86469 0.18725 0.22366 0.14231 0.44678 1792.138
3.980 0.75210 91.79398 3.68796 69.03865 0.18693 0.22419 0.14198 0.44689 1792.651
3.985 0.75334 91.87570 3.69729 69.21323 0.18660 0.22473 0.14166 0.44701 1793.162
3.990 0.75457 91.95712 3.70665 69.38844 0.18627 0.22527 0.14134 0.44712 1793.670
3.995 0.75582 92.03823 3.71604 69.56428 0.18595 0.22581 0.14102 0.44723 1794.176
4.000 0.75707 92.11905 3.72547 69.74074 0.18562 0.22635 0.14069 0.44733 1794.680
4.005 0.75833 92.19956 3.73493 69.91784 0.18529 0.22689 0.14037 0.44744 1795.182
4.010 0.75960 92.27976 3.74442 70.09557 0.18497 0.22743 0.14005 0.44755 1795.682
4.015 0.76087 92.35965 3.75395 70.27393 0.18464 0.22798 0.13973 0.44765 1796.179
4.020 0.76215 92.43921 3.76351 70.45294 0.18431 0.22852 0.13941 0.44775 1796.675
4.025 0.76344 92.51846 3.77311 70.63259 0.18399 0.22907 0.13909 0.44786 1797.168
4.030 0.76474 92.59738 3.78274 70.81288 0.18366 0.22961 0.13877 0.44796 1797.658
4.035 0.76604 92.67596 3.79240 70.99382 0.18334 0.23016 0.13845 0.44806 1798.147
4.040 0.76735 92.75422 3.80211 71.17541 0.18301 0.23070 0.13813 0.44816 1798.633
4.045 0.76867 92.83214 3.81184 71.35765 0.18268 0.23125 0.13781 0.44825 1799.117
4.050 0.77000 92.90971 3.82161 71.54054 0.18236 0.23180 0.13750 0.44835 1799.598
4.055 0.77134 92.98694 3.83142 71.72410 0.18203 0.23234 0.13718 0.44845 1800.077
4.060 0.77268 93.06381 3.84126 71.90831 0.18171 0.23289 0.13686 0.44854 1800.553
4.065 0.77403 93.14034 3.85113 72.09319 0.18138 0.23344 0.13654 0.44863 1801.027
4.070 0.77539 93.21650 3.86104 72.27873 0.18106 0.23399 0.13623 0.44872 1801.499
4.075 0.77675 93.29230 3.87099 72.46494 0.18073 0.23454 0.13591 0.44882 1801.968
4.080 0.77813 93.36773 3.88097 72.65183 0.18041 0.23510 0.13559 0.44890 1802.435
4.085 0.77951 93.44279 3.89099 72.83938 0.18008 0.23565 0.13528 0.44899 1802.899
4.090 0.78090 93.51748 3.90105 73.02762 0.17976 0.23620 0.13496 0.44908 1803.361
4.095 0.78230 93.59179 3.91114 73.21653 0.17943 0.23676 0.13465 0.44917 1803.820
4.100 0.78370 93.66571 3.92127 73.40612 0.17911 0.23731 0.13433 0.44925 1804.276
4.105 0.78512 93.73924 3.93143 73.59640 0.17878 0.23786 0.13402 0.44933 1804.730
4.110 0.78654 93.81238 3.94163 73.78737 0.17846 0.23842 0.13370 0.44942 1805.181
4.115 0.78797 93.88512 3.95187 73.97903 0.17813 0.23898 0.13339 0.44950 1805.629
4.120 0.78941 93.95745 3.96215 74.17138 0.17781 0.23953 0.13308 0.44958 1806.075
4.125 0.79086 94.02939 3.97246 74.36443 0.17748 0.24009 0.13277 0.44966 1806.518
4.130 0.79232 94.10091 3.98281 74.55817 0.17716 0.24065 0.13245 0.44974 1806.958
4.135 0.79379 94.17201 3.99320 74.75262 0.17684 0.24121 0.13214 0.44981 1807.395
4.140 0.79526 94.24269 4.00362 74.94778 0.17651 0.24177 0.13183 0.44989 1807.830
4.145 0.79675 94.31295 4.01408 75.14364 0.17619 0.24233 0.13152 0.44996 1808.262
4.150 0.79824 94.38278 4.02458 75.34021 0.17587 0.24289 0.13121 0.45004 1808.691
4.155 0.79974 94.45217 4.03512 75.53749 0.17554 0.24345 0.13090 0.45011 1809.117
4.160 0.80125 94.52112 4.04570 75.73550 0.17522 0.24401 0.13059 0.45018 1809.540
4.165 0.80278 94.58963 4.05632 75.93422 0.17490 0.24458 0.13028 0.45025 1809.960
4.170 0.80431 94.65769 4.06697 76.13366 0.17457 0.24514 0.12997 0.45032 1810.378
4.175 0.80584 94.72530 4.07766 76.33383 0.17425 0.24571 0.12966 0.45038 1810.792
4.180 0.80739 94.79245 4.08839 76.53473 0.17393 0.24627 0.12935 0.45045 1811.203
4.185 0.80895 94.85914 4.09916 76.73636 0.17361 0.24684 0.12904 0.45051 1811.611
4.190 0.81052 94.92535 4.10997 76.93872 0.17328 0.24740 0.12874 0.45058 1812.016
4.195 0.81210 94.99110 4.12082 77.14182 0.17296 0.24797 0.12843 0.45064 1812.419
4.200 0.81368 95.05636 4.13171 77.34566 0.17264 0.24854 0.12812 0.45070 1812.817
4.205 0.81528 95.12114 4.14264 77.55024 0.17232 0.24910 0.12782 0.45076 1813.213
4.210 0.81689 95.18544 4.15361 77.75557 0.17200 0.24967 0.12751 0.45082 1813.606
4.215 0.81850 95.24924 4.16462 77.96165 0.17167 0.25024 0.12721 0.45088 1813.995
4.220 0.82013 95.31254 4.17567 78.16848 0.17135 0.25081 0.12690 0.45093 1814.381
4.225 0.82176 95.37534 4.18676 78.37607 0.17103 0.25138 0.12660 0.45099 1814.764
4.230 0.82341 95.43762 4.19789 78.58442 0.17071 0.25195 0.12629 0.45104 1815.144
4.235 0.82507 95.49940 4.20906 78.79353 0.17039 0.25253 0.12599 0.45110 1815.520
4.240 0.82674 95.56066 4.22027 79.00340 0.17007 0.25310 0.12568 0.45115 1815.893
4.245 0.82841 95.62139 4.23152 79.21404 0.16975 0.25367 0.12538 0.45120 1816.263
4.250 0.83010 95.68159 4.24281 79.42545 0.16943 0.25425 0.12508 0.45125 1816.629
4.255 0.83180 95.74126 4.25415 79.63764 0.16911 0.25482 0.12478 0.45130 1816.992
4.260 0.83351 95.80038 4.26552 79.85060 0.16879 0.25540 0.12447 0.45135 1817.351
4.265 0.83523 95.85896 4.27694 80.06435 0.16847 0.25597 0.12417 0.45139 1817.707
4.270 0.83696 95.91699 4.28840 80.27888 0.16815 0.25655 0.12387 0.45144 1818.059
4.275 0.83870 95.97446 4.29990 80.49420 0.16783 0.25713 0.12357 0.45148 1818.408
4.280 0.84046 96.03137 4.31145 80.71031 0.16751 0.25770 0.12327 0.45152 1818.753
4.285 0.84222 96.08772 4.32303 80.92721 0.16719 0.25828 0.12297 0.45156 1819.094
4.290 0.84400 96.14349 4.33466 81.14491 0.16687 0.25886 0.12267 0.45160 1819.432
4.295 0.84579 96.19868 4.34634 81.36341 0.16655 0.25944 0.12237 0.45164 1819.766
4.300 0.84758 96.25328 4.35805 81.58271 0.16623 0.26002 0.12207 0.45168 1820.097
4.305 0.84939 96.30730 4.36981 81.80282 0.16591 0.26060 0.12177 0.45172 1820.424
4.310 0.85122 96.36072 4.38161 82.02374 0.16559 0.26118 0.12148 0.45175 1820.747
4.315 0.85305 96.41353 4.39345 82.24547 0.16527 0.26176 0.12118 0.45178 1821.066
4.320 0.85489 96.46575 4.40534 82.46802 0.16496 0.26235 0.12088 0.45182 1821.381
4.325 0.85675 96.51734 4.41728 82.69140 0.16464 0.26293 0.12058 0.45185 1821.693
4.330 0.85862 96.56832 4.42925 82.91559 0.16432 0.26351 0.12029 0.45188 1822.000
4.335 0.86050 96.61868 4.44127 83.14062 0.16400 0.26410 0.11999 0.45191 1822.304
4.340 0.86240 96.66840 4.45334 83.36647 0.16368 0.26468 0.11970 0.45194 1822.603
4.345 0.86430 96.71749 4.46545 83.59316 0.16337 0.26527 0.11940 0.45196 1822.899
4.350 0.86622 96.76593 4.47760 83.82068 0.16305 0.26585 0.11911 0.45199 1823.191
4.355 0.86815 96.81373 4.48980 84.04905 0.16273 0.26644 0.11881 0.45201 1823.478
4.360 0.87010 96.86087 4.50204 84.27826 0.16242 0.26703 0.11852 0.45204 1823.762
4.365 0.87205 96.90735 4.51433 84.50832 0.16210 0.26761 0.11823 0.45206 1824.041
4.370 0.87402 96.95316 4.52667 84.73923 0.16178 0.26820 0.11793 0.45208 1824.316
4.375 0.87600 96.99831 4.53905 84.97100 0.16147 0.26879 0.11764 0.45210 1824.587
4.380 0.87800 97.04277 4.55148 85.20362 0.16115 0.26938 0.11735 0.45212 1824.854
4.385 0.88001 97.08655 4.56395 85.43711 0.16084 0.26997 0.11706 0.45214 1825.116
4.390 0.88203 97.12963 4.57647 85.67146 0.16052 0.27056 0.11676 0.45215 1825.374
4.395 0.88407 97.17202 4.58903 85.90668 0.16020 0.27115 0.11647 0.45217 1825.628
4.400 0.88612 97.21370 4.60164 86.14278 0.15989 0.27175 0.11618 0.45218 1825.877
4.405 0.88818 97.25468 4.61430 86.37975 0.15957 0.27234 0.11589 0.45219 1826.122
4.410 0.89026 97.29494 4.62701 86.61760 0.15926 0.27293 0.11560 0.45221 1826.363
4.415 0.89235 97.33447 4.63976 86.85634 0.15894 0.27353 0.11531 0.45222 1826.599
4.420 0.89445 97.37328 4.65256 87.09596 0.15863 0.27412 0.11503 0.45222 1826.830
4.425 0.89657 97.41135 4.66541 87.33647 0.15832 0.27471 0.11474 0.45223 1827.057
