timeGa Urey Qt heat/H0 heatTW 1HPE 2HPE 3HPE 4HPE TempC
0.005 0.20008 36.00000 1.00038 7.20273 0.37215 0.01647 0.42994 0.18143 1350.649
0.010 0.19978 36.08799 1.00136 7.20979 0.37207 0.01654 0.42963 0.18176 1351.299
0.015 0.19949 36.17637 1.00234 7.21687 0.37199 0.01661 0.42931 0.18209 1351.952
0.020 0.19920 36.26516 1.00333 7.22396 0.37192 0.01667 0.42900 0.18241 1352.606
0.025 0.19891 36.35436 1.00431 7.23106 0.37184 0.01674 0.42868 0.18274 1353.262
0.030 0.19861 36.44396 1.00530 7.23819 0.37176 0.01680 0.42837 0.18307 1353.920
0.035 0.19832 36.53397 1.00629 7.24532 0.37168 0.01687 0.42805 0.18340 1354.579
0.040 0.19802 36.62439 1.00729 7.25247 0.37161 0.01694 0.42773 0.18372 1355.241
0.045 0.19773 36.71523 1.00828 7.25964 0.37153 0.01700 0.42742 0.18405 1355.904
0.050 0.19743 36.80649 1.00928 7.26682 0.37145 0.01707 0.42710 0.18438 1356.570
0.055 0.19714 36.89817 1.01028 7.27402 0.37137 0.01714 0.42678 0.18471 1357.237
0.060 0.19684 36.99027 1.01128 7.28123 0.37129 0.01720 0.42647 0.18504 1357.906
0.065 0.19655 37.08280 1.01229 7.28846 0.37121 0.01727 0.42615 0.18537 1358.578
0.070 0.19625 37.17575 1.01329 7.29570 0.37113 0.01734 0.42583 0.18570 1359.251
0.075 0.19595 37.26914 1.01430 7.30296 0.37104 0.01741 0.42551 0.18603 1359.926
0.080 0.19565 37.36297 1.01531 7.31023 0.37096 0.01748 0.42520 0.18636 1360.603
0.085 0.19536 37.45723 1.01632 7.31752 0.37088 0.01755 0.42488 0.18670 1361.281
0.090 0.19506 37.55193 1.01734 7.32482 0.37080 0.01761 0.42456 0.18703 1361.962
0.095 0.19476 37.64708 1.01835 7.33214 0.37071 0.01768 0.42424 0.18736 1362.645
0.100 0.19446 37.74268 1.01937 7.33948 0.37063 0.01775 0.42392 0.18769 1363.330
0.105 0.19416 37.83872 1.02039 7.34683 0.37055 0.01782 0.42360 0.18803 1364.017
0.110 0.19386 37.93522 1.02142 7.35419 0.37046 0.01789 0.42328 0.18836 1364.706
0.115 0.19356 38.03217 1.02244 7.36158 0.37038 0.01796 0.42296 0.18869 1365.397
0.120 0.19326 38.12958 1.02347 7.36897 0.37029 0.01803 0.42264 0.18903 1366.090
0.125 0.19296 38.22745 1.02450 7.37639 0.37021 0.01811 0.42232 0.18936 1366.785
0.130 0.19266 38.32579 1.02553 7.38382 0.37012 0.01818 0.42200 0.18970 1367.482
0.135 0.19236 38.42460 1.02656 7.39126 0.37004 0.01825 0.42168 0.19003 1368.181
0.140 0.19206 38.52387 1.02760 7.39872 0.36995 0.01832 0.42136 0.19037 1368.882
0.145 0.19175 38.62363 1.02864 7.40620 0.36986 0.01839 0.42104 0.19071 1369.585
0.150 0.19145 38.72386 1.02968 7.41369 0.36978 0.01846 0.42072 0.19104 1370.290
0.155 0.19115 38.82457 1.03072 7.42120 0.36969 0.01854 0.42040 0.19138 1370.998
0.160 0.19084 38.92577 1.03177 7.42873 0.36960 0.01861 0.42007 0.19172 1371.707
0.165 0.19054 39.02745 1.03281 7.43627 0.36951 0.01868 0.41975 0.19206 1372.419
0.170 0.19024 39.12963 1.03386 7.44383 0.36942 0.01875 0.41943 0.19239 1373.132
0.175 0.18993 39.23230 1.03492 7.45140 0.36933 0.01883 0.41911 0.19273 1373.848
0.180 0.18963 39.33547 1.03597 7.45899 0.36924 0.01890 0.41878 0.19307 1374.566
0.185 0.18932 39.43914 1.03703 7.46660 0.36915 0.01898 0.41846 0.19341 1375.287
0.190 0.18901 39.54331 1.03809 7.47422 0.36906 0.01905 0.41814 0.19375 1376.009
0.195 0.18871 39.64799 1.03915 7.48186 0.36897 0.01912 0.41781 0.19409 1376.733
0.200 0.18840 39.75319 1.04021 7.48951 0.36888 0.01920 0.41749 0.19443 1377.460
0.205 0.18809 39.85890 1.04128 7.49719 0.36879 0.01927 0.41717 0.19477 1378.189
0.210 0.18779 39.96513 1.04234 7.50488 0.36870 0.01935 0.41684 0.19511 1378.920
0.215 0.18748 40.07188 1.04341 7.51258 0.36860 0.01942 0.41652 0.19545 1379.654
0.220 0.18717 40.17916 1.04449 7.52030 0.36851 0.01950 0.41619 0.19580 1380.389
0.225 0.18686 40.28697 1.04556 7.52804 0.36842 0.01958 0.41587 0.19614 1381.127
0.230 0.18655 40.39532 1.04664 7.53580 0.36832 0.01965 0.41554 0.19648 1381.868
0.235 0.18624 40.50420 1.04772 7.54357 0.36823 0.01973 0.41522 0.19682 1382.610
0.240 0.18593 40.61362 1.04880 7.55136 0.36813 0.01981 0.41489 0.19717 1383.355
0.245 0.18562 40.72359 1.04988 7.55917 0.36804 0.01988 0.41457 0.19751 1384.102
0.250 0.18531 40.83411 1.05097 7.56699 0.36794 0.01996 0.41424 0.19785 1384.851
0.255 0.18500 40.94518 1.05206 7.57483 0.36785 0.02004 0.41391 0.19820 1385.603
0.260 0.18469 41.05681 1.05315 7.58269 0.36775 0.02012 0.41359 0.19854 1386.357
0.265 0.18438 41.16900 1.05424 7.59056 0.36765 0.02020 0.41326 0.19889 1387.113
0.270 0.18406 41.28176 1.05534 7.59846 0.36756 0.02027 0.41293 0.19923 1387.872
0.275 0.18375 41.39508 1.05644 7.60637 0.36746 0.02035 0.41261 0.19958 1388.633
0.280 0.18344 41.50898 1.05754 7.61429 0.36736 0.02043 0.41228 0.19993 1389.397
0.285 0.18312 41.62346 1.05864 7.62224 0.36726 0.02051 0.41195 0.20027 1390.163
0.290 0.18281 41.73851 1.05975 7.63020 0.36716 0.02059 0.41162 0.20062 1390.931
0.295 0.18250 41.85416 1.06086 7.63818 0.36707 0.02067 0.41129 0.20097 1391.702
0.300 0.18218 41.97039 1.06197 7.64617 0.36697 0.02075 0.41097 0.20132 1392.475
0.305 0.18186 42.08722 1.06308 7.65419 0.36687 0.02083 0.41064 0.20166 1393.250
0.310 0.18155 42.20465 1.06420 7.66222 0.36677 0.02091 0.41031 0.20201 1394.029
0.315 0.18123 42.32268 1.06532 7.67027 0.36666 0.02100 0.40998 0.20236 1394.809
0.320 0.18092 42.44131 1.06644 7.67834 0.36656 0.02108 0.40965 0.20271 1395.592
0.325 0.18060 42.56057 1.06756 7.68642 0.36646 0.02116 0.40932 0.20306 1396.378
0.330 0.18028 42.68043 1.06868 7.69452 0.36636 0.02124 0.40899 0.20341 1397.166
0.335 0.17996 42.80092 1.06981 7.70264 0.36626 0.02132 0.40866 0.20376 1397.956
0.340 0.17965 42.92203 1.07094 7.71078 0.36615 0.02141 0.40833 0.20411 1398.750
0.345 0.17933 43.04378 1.07207 7.71894 0.36605 0.02149 0.40800 0.20446 1399.545
0.350 0.17901 43.16616 1.07321 7.72711 0.36595 0.02157 0.40767 0.20481 1400.344
0.355 0.17869 43.28918 1.07435 7.73531 0.36584 0.02166 0.40734 0.20516 1401.144
0.360 0.17837 43.41284 1.07549 7.74352 0.36574 0.02174 0.40701 0.20552 1401.948
0.365 0.17805 43.53715 1.07663 7.75175 0.36563 0.02182 0.40668 0.20587 1402.754
0.370 0.17773 43.66212 1.07778 7.76000 0.36553 0.02191 0.40634 0.20622 1403.563
0.375 0.17741 43.78775 1.07893 7.76826 0.36542 0.02199 0.40601 0.20657 1404.374
0.380 0.17709 43.91404 1.08008 7.77655 0.36532 0.02208 0.40568 0.20693 1405.188
0.385 0.17676 44.04100 1.08123 7.78485 0.36521 0.02216 0.40535 0.20728 1406.005
0.390 0.17644 44.16863 1.08238 7.79317 0.36510 0.02225 0.40501 0.20763 1406.824
0.395 0.17612 44.29695 1.08354 7.80151 0.36499 0.02233 0.40468 0.20799 1407.646
0.400 0.17580 44.42595 1.08470 7.80987 0.36489 0.02242 0.40435 0.20834 1408.471
0.405 0.17547 44.55563 1.08587 7.81824 0.36478 0.02251 0.40402 0.20870 1409.299
0.410 0.17515 44.68602 1.08703 7.82664 0.36467 0.02259 0.40368 0.20905 1410.129
0.415 0.17482 44.81710 1.08820 7.83506 0.36456 0.02268 0.40335 0.20941 1410.962
0.420 0.17450 44.94889 1.08937 7.84349 0.36445 0.02277 0.40301 0.20977 1411.798
0.425 0.17417 45.08139 1.09055 7.85194 0.36434 0.02286 0.40268 0.21012 1412.636
0.430 0.17385 45.21461 1.09172 7.86041 0.36423 0.02294 0.40235 0.21048 1413.478
0.435 0.17352 45.34854 1.09290 7.86890 0.36412 0.02303 0.40201 0.21084 1414.322
0.440 0.17319 45.48321 1.09409 7.87741 0.36401 0.02312 0.40168 0.21119 1415.169
0.445 0.17287 45.61861 1.09527 7.88594 0.36390 0.02321 0.40134 0.21155 1416.019
0.450 0.17254 45.75475 1.09646 7.89449 0.36378 0.02330 0.40101 0.21191 1416.872
0.455 0.17221 45.89163 1.09765 7.90306 0.36367 0.02339 0.40067 0.21227 1417.728
0.460 0.17188 46.02926 1.09884 7.91164 0.36356 0.02348 0.40033 0.21263 1418.586
0.465 0.17155 46.16765 1.10003 7.92025 0.36344 0.02357 0.40000 0.21299 1419.448
0.470 0.17122 46.30680 1.10123 7.92887 0.36333 0.02366 0.39966 0.21335 1420.312
0.475 0.17090 46.44672 1.10243 7.93752 0.36322 0.02375 0.39933 0.21371 1421.180
0.480 0.17056 46.58742 1.10364 7.94618 0.36310 0.02384 0.39899 0.21407 1422.050
0.485 0.17023 46.72889 1.10484 7.95487 0.36299 0.02393 0.39865 0.21443 1422.924
0.490 0.16990 46.87116 1.10605 7.96357 0.36287 0.02403 0.39832 0.21479 1423.800
0.495 0.16957 47.01421 1.10726 7.97229 0.36275 0.02412 0.39798 0.21515 1424.680
0.500 0.16924 47.15806 1.10848 7.98104 0.36264 0.02421 0.39764 0.21551 1425.562
0.505 0.16891 47.30272 1.10969 7.98980 0.36252 0.02430 0.39730 0.21587 1426.448
0.510 0.16858 47.44819 1.11091 7.99858 0.36240 0.02440 0.39696 0.21623 1427.336
0.515 0.16824 47.59448 1.11214 8.00739 0.36229 0.02449 0.39663 0.21660 1428.228
0.520 0.16791 47.74159 1.11336 8.01621 0.36217 0.02458 0.39629 0.21696 1429.123
0.525 0.16757 47.88954 1.11459 8.02505 0.36205 0.02468 0.39595 0.21732 1430.021
0.530 0.16724 48.03832 1.11582 8.03392 0.36193 0.02477 0.39561 0.21769 1430.922
0.535 0.16690 48.18795 1.11706 8.04280 0.36181 0.02487 0.39527 0.21805 1431.826
0.540 0.16657 48.33843 1.11829 8.05170 0.36169 0.02496 0.39493 0.21841 1432.734
0.545 0.16623 48.48977 1.11953 8.06063 0.36157 0.02506 0.39459 0.21878 1433.644
0.550 0.16590 48.64197 1.12077 8.06957 0.36145 0.02515 0.39425 0.21914 1434.558
0.555 0.16556 48.79505 1.12202 8.07854 0.36133 0.02525 0.39391 0.21951 1435.475
0.560 0.16522 48.94901 1.12327 8.08752 0.36121 0.02535 0.39357 0.21987 1436.396
0.565 0.16489 49.10385 1.12452 8.09653 0.36109 0.02544 0.39323 0.22024 1437.320
0.570 0.16455 49.25959 1.12577 8.10556 0.36096 0.02554 0.39289 0.22061 1438.247
0.575 0.16421 49.41623 1.12703 8.11460 0.36084 0.02564 0.39255 0.22097 1439.177
0.580 0.16387 49.57378 1.12829 8.12367 0.36072 0.02574 0.39221 0.22134 1440.111
0.585 0.16353 49.73224 1.12955 8.13276 0.36059 0.02583 0.39187 0.22171 1441.048
0.590 0.16319 49.89163 1.13082 8.14187 0.36047 0.02593 0.39153 0.22207 1441.988
0.595 0.16285 50.05195 1.13208 8.15100 0.36034 0.02603 0.39118 0.22244 1442.932
0.600 0.16251 50.21321 1.13335 8.16016 0.36022 0.02613 0.39084 0.22281 1443.879
0.605 0.16217 50.37542 1.13463 8.16933 0.36009 0.02623 0.39050 0.22318 1444.830
0.610 0.16183 50.53858 1.13591 8.17852 0.35997 0.02633 0.39016 0.22355 1445.784
0.615 0.16149 50.70271 1.13719 8.18774 0.35984 0.02643 0.38981 0.22391 1446.742
0.620 0.16114 50.86781 1.13847 8.19698 0.35971 0.02653 0.38947 0.22428 1447.703
0.625 0.16080 51.03389 1.13976 8.20624 0.35959 0.02663 0.38913 0.22465 1448.668
0.630 0.16046 51.20095 1.14104 8.21552 0.35946 0.02673 0.38879 0.22502 1449.636
0.635 0.16011 51.36901 1.14234 8.22482 0.35933 0.02683 0.38844 0.22539 1450.608
0.640 0.15977 51.53808 1.14363 8.23414 0.35920 0.02694 0.38810 0.22576 1451.583
0.645 0.15942 51.70816 1.14493 8.24349 0.35907 0.02704 0.38775 0.22613 1452.562
0.650 0.15908 51.87926 1.14623 8.25285 0.35894 0.02714 0.38741 0.22651 1453.545
0.655 0.15873 52.05139 1.14753 8.26224 0.35881 0.02724 0.38707 0.22688 1454.532
0.660 0.15839 52.22456 1.14884 8.27165 0.35868 0.02735 0.38672 0.22725 1455.522
0.665 0.15804 52.39878 1.15015 8.28108 0.35855 0.02745 0.38638 0.22762 1456.515
0.670 0.15769 52.57406 1.15146 8.29054 0.35842 0.02756 0.38603 0.22799 1457.513
0.675 0.15735 52.75040 1.15278 8.30002 0.35829 0.02766 0.38569 0.22837 1458.514
0.680 0.15700 52.92782 1.15410 8.30951 0.35816 0.02776 0.38534 0.22874 1459.519
0.685 0.15665 53.10632 1.15542 8.31903 0.35803 0.02787 0.38499 0.22911 1460.528
0.690 0.15630 53.28592 1.15675 8.32858 0.35789 0.02798 0.38465 0.22948 1461.541
0.695 0.15595 53.46662 1.15808 8.33814 0.35776 0.02808 0.38430 0.22986 1462.557
0.700 0.15560 53.64843 1.15941 8.34773 0.35763 0.02819 0.38396 0.23023 1463.578
0.705 0.15525 53.83137 1.16074 8.35734 0.35749 0.02829 0.38361 0.23061 1464.602
0.710 0.15490 54.01544 1.16208 8.36697 0.35736 0.02840 0.38326 0.23098 1465.630
0.715 0.15455 54.20065 1.16342 8.37663 0.35722 0.02851 0.38292 0.23136 1466.663
0.720 0.15420 54.38702 1.16477 8.38631 0.35709 0.02862 0.38257 0.23173 1467.699
0.725 0.15384 54.57455 1.16611 8.39601 0.35695 0.02872 0.38222 0.23211 1468.739
0.730 0.15349 54.76325 1.16746 8.40573 0.35681 0.02883 0.38187 0.23248 1469.783
0.735 0.15314 54.95314 1.16882 8.41548 0.35668 0.02894 0.38152 0.23286 1470.832
0.740 0.15279 55.14422 1.17017 8.42525 0.35654 0.02905 0.38118 0.23323 1471.884
0.745 0.15243 55.33651 1.17153 8.43504 0.35640 0.02916 0.38083 0.23361 1472.940
0.750 0.15208 55.53001 1.17290 8.44486 0.35626 0.02927 0.38048 0.23399 1474.001
0.755 0.15172 55.72474 1.17426 8.45470 0.35612 0.02938 0.38013 0.23437 1475.066
0.760 0.15137 55.92071 1.17563 8.46456 0.35598 0.02949 0.37978 0.23474 1476.135
0.765 0.15101 56.11792 1.17701 8.47445 0.35584 0.02960 0.37943 0.23512 1477.208
0.770 0.15066 56.31640 1.17838 8.48436 0.35570 0.02971 0.37908 0.23550 1478.285
0.775 0.15030 56.51615 1.17976 8.49429 0.35556 0.02982 0.37873 0.23588 1479.367
0.780 0.14994 56.71718 1.18115 8.50425 0.35542 0.02994 0.37838 0.23626 1480.453
0.785 0.14958 56.91951 1.18253 8.51423 0.35528 0.03005 0.37803 0.23663 1481.544
0.790 0.14923 57.12314 1.18392 8.52423 0.35514 0.03016 0.37768 0.23701 1482.638
0.795 0.14887 57.32809 1.18531 8.53426 0.35500 0.03028 0.37733 0.23739 1483.737
0.800 0.14851 57.53438 1.18671 8.54431 0.35486 0.03039 0.37698 0.23777 1484.841
0.805 0.14815 57.74200 1.18811 8.55438 0.35471 0.03050 0.37663 0.23815 1485.949
0.810 0.14779 57.95099 1.18951 8.56448 0.35457 0.03062 0.37628 0.23853 1487.061
0.815 0.14743 58.16134 1.19092 8.57461 0.35442 0.03073 0.37593 0.23891 1488.178
0.820 0.14707 58.37307 1.19233 8.58475 0.35428 0.03085 0.37558 0.23929 1489.300
0.825 0.14671 58.58619 1.19374 8.59493 0.35413 0.03096 0.37523 0.23967 1490.426
0.830 0.14634 58.80072 1.19516 8.60512 0.35399 0.03108 0.37488 0.24006 1491.557
0.835 0.14598 59.01668 1.19658 8.61534 0.35384 0.03120 0.37452 0.24044 1492.692
0.840 0.14562 59.23406 1.19800 8.62559 0.35370 0.03131 0.37417 0.24082 1493.832
0.845 0.14526 59.45289 1.19942 8.63586 0.35355 0.03143 0.37382 0.24120 1494.977
0.850 0.14489 59.67318 1.20085 8.64615 0.35340 0.03155 0.37347 0.24158 1496.126
0.855 0.14453 59.89495 1.20229 8.65647 0.35326 0.03167 0.37311 0.24197 1497.280
0.860 0.14416 60.11820 1.20372 8.66682 0.35311 0.03178 0.37276 0.24235 1498.439
0.865 0.14380 60.34296 1.20516 8.67719 0.35296 0.03190 0.37241 0.24273 1499.603
0.870 0.14343 60.56923 1.20661 8.68758 0.35281 0.03202 0.37205 0.24311 1500.772
0.875 0.14307 60.79703 1.20806 8.69800 0.35266 0.03214 0.37170 0.24350 1501.945
0.880 0.14270 61.02638 1.20951 8.70844 0.35251 0.03226 0.37135 0.24388 1503.124
0.885 0.14233 61.25729 1.21096 8.71891 0.35236 0.03238 0.37099 0.24427 1504.307
0.890 0.14197 61.48977 1.21242 8.72941 0.35221 0.03250 0.37064 0.24465 1505.496
0.895 0.14160 61.72385 1.21388 8.73993 0.35206 0.03262 0.37028 0.24504 1506.689
0.900 0.14123 61.95953 1.21534 8.75047 0.35191 0.03275 0.36993 0.24542 1507.888
0.905 0.14086 62.19683 1.21681 8.76104 0.35175 0.03287 0.36957 0.24580 1509.092
0.910 0.14049 62.43577 1.21828 8.77164 0.35160 0.03299 0.36922 0.24619 1510.300
0.915 0.14012 62.67637 1.21976 8.78226 0.35145 0.03311 0.36886 0.24658 1511.514
0.920 0.13975 62.91863 1.22124 8.79291 0.35130 0.03324 0.36851 0.24696 1512.734
0.925 0.13938 63.16258 1.22272 8.80359 0.35114 0.03336 0.36815 0.24735 1513.958
0.930 0.13901 63.40823 1.22421 8.81429 0.35099 0.03348 0.36780 0.24773 1515.188
0.935 0.13864 63.65560 1.22570 8.82501 0.35083 0.03361 0.36744 0.24812 1516.423
0.940 0.13826 63.90471 1.22719 8.83576 0.35068 0.03373 0.36708 0.24851 1517.663
0.945 0.13789 64.15557 1.22869 8.84654 0.35052 0.03386 0.36673 0.24889 1518.909
0.950 0.13752 64.40821 1.23019 8.85735 0.35037 0.03398 0.36637 0.24928 1520.161
0.955 0.13715 64.66263 1.23169 8.86818 0.35021 0.03411 0.36601 0.24967 1521.417
0.960 0.13677 64.91886 1.23320 8.87904 0.35005 0.03424 0.36566 0.25006 1522.680
0.965 0.13640 65.17691 1.23471 8.88992 0.34989 0.03436 0.36530 0.25044 1523.948
0.970 0.13602 65.43681 1.23623 8.90083 0.34974 0.03449 0.36494 0.25083 1525.221
0.975 0.13565 65.69857 1.23775 8.91177 0.34958 0.03462 0.36458 0.25122 1526.500
0.980 0.13527 65.96221 1.23927 8.92273 0.34942 0.03475 0.36423 0.25161 1527.785
0.985 0.13489 66.22775 1.24079 8.93372 0.34926 0.03487 0.36387 0.25200 1529.076
0.990 0.13452 66.49521 1.24232 8.94474 0.34910 0.03500 0.36351 0.25239 1530.372
0.995 0.13414 66.76460 1.24386 8.95578 0.34894 0.03513 0.36315 0.25278 1531.674
1.000 0.13376 67.03596 1.24540 8.96686 0.34878 0.03526 0.36279 0.25317 1532.982
1.005 0.13338 67.30929 1.24694 8.97796 0.34862 0.03539 0.36243 0.25356 1534.296
1.010 0.13300 67.58463 1.24848 8.98908 0.34846 0.03552 0.36207 0.25394 1535.616
1.015 0.13263 67.86198 1.25003 9.00024 0.34829 0.03565 0.36172 0.25433 1536.942
1.020 0.13225 68.14138 1.25159 9.01142 0.34813 0.03579 0.36136 0.25473 1538.274
1.025 0.13187 68.42284 1.25314 9.02263 0.34797 0.03592 0.36100 0.25512 1539.612
1.030 0.13149 68.70638 1.25470 9.03386 0.34781 0.03605 0.36064 0.25551 1540.956
1.035 0.13110 68.99202 1.25627 9.04513 0.34764 0.03618 0.36028 0.25590 1542.307
1.040 0.13072 69.27979 1.25784 9.05642 0.34748 0.03632 0.35992 0.25629 1543.663
1.045 0.13034 69.56972 1.25941 9.06774 0.34731 0.03645 0.35956 0.25668 1545.026
1.050 0.12996 69.86181 1.26098 9.07909 0.34715 0.03659 0.35920 0.25707 1546.395
1.055 0.12957 70.15610 1.26256 9.09047 0.34698 0.03672 0.35883 0.25746 1547.771
1.060 0.12919 70.45261 1.26415 9.10187 0.34682 0.03685 0.35847 0.25786 1549.153
1.065 0.12881 70.75136 1.26574 9.11330 0.34665 0.03699 0.35811 0.25825 1550.541
1.070 0.12842 71.05238 1.26733 9.12477 0.34648 0.03713 0.35775 0.25864 1551.936
1.075 0.12804 71.35569 1.26892 9.13626 0.34632 0.03726 0.35739 0.25903 1553.338
1.080 0.12765 71.66131 1.27052 9.14777 0.34615 0.03740 0.35703 0.25942 1554.746
1.085 0.12727 71.96927 1.27213 9.15932 0.34598 0.03754 0.35667 0.25982 1556.161
1.090 0.12688 72.27960 1.27374 9.17090 0.34581 0.03767 0.35630 0.26021 1557.582
1.095 0.12649 72.59232 1.27535 9.18250 0.34564 0.03781 0.35594 0.26060 1559.011
1.100 0.12611 72.90746 1.27696 9.19414 0.34547 0.03795 0.35558 0.26100 1560.446
1.105 0.12572 73.22504 1.27858 9.20580 0.34530 0.03809 0.35522 0.26139 1561.888
1.110 0.12533 73.54509 1.28021 9.21749 0.34513 0.03823 0.35485 0.26179 1563.337
1.115 0.12494 73.86763 1.28183 9.22921 0.34496 0.03837 0.35449 0.26218 1564.793
1.120 0.12455 74.19270 1.28347 9.24096 0.34479 0.03851 0.35413 0.26257 1566.256
1.125 0.12416 74.52032 1.28510 9.25274 0.34462 0.03865 0.35377 0.26297 1567.726
1.130 0.12377 74.85053 1.28674 9.26455 0.34444 0.03879 0.35340 0.26336 1569.204
1.135 0.12338 75.18334 1.28839 9.27639 0.34427 0.03893 0.35304 0.26376 1570.688
1.140 0.12299 75.51879 1.29004 9.28826 0.34410 0.03908 0.35267 0.26415 1572.180
1.145 0.12260 75.85691 1.29169 9.30016 0.34392 0.03922 0.35231 0.26455 1573.679
1.150 0.12221 76.19772 1.29335 9.31209 0.34375 0.03936 0.35195 0.26494 1575.186
1.155 0.12182 76.54127 1.29501 9.32405 0.34357 0.03951 0.35158 0.26534 1576.700
1.160 0.12142 76.88757 1.29667 9.33603 0.34340 0.03965 0.35122 0.26573 1578.222
1.165 0.12103 77.23666 1.29834 9.34805 0.34322 0.03979 0.35085 0.26613 1579.751
1.170 0.12064 77.58858 1.30001 9.36010 0.34305 0.03994 0.35049 0.26653 1581.288
1.175 0.12024 77.94334 1.30169 9.37218 0.34287 0.04008 0.35012 0.26692 1582.832
1.180 0.11985 78.30100 1.30337 9.38429 0.34269 0.04023 0.34976 0.26732 1584.385
1.185 0.11945 78.66157 1.30506 9.39643 0.34252 0.04038 0.34939 0.26771 1585.945
1.190 0.11906 79.02510 1.30675 9.40860 0.34234 0.04052 0.34903 0.26811 1587.513
1.195 0.11866 79.39161 1.30845 9.42081 0.34216 0.04067 0.34866 0.26851 1589.089
1.200 0.11827 79.76114 1.31014 9.43304 0.34198 0.04082 0.34829 0.26891 1590.674
1.205 0.11787 80.13373 1.31185 9.44530 0.34180 0.04097 0.34793 0.26930 1592.266
1.210 0.11747 80.50942 1.31356 9.45760 0.34162 0.04112 0.34756 0.26970 1593.866
1.215 0.11707 80.88823 1.31527 9.46993 0.34144 0.04127 0.34720 0.27010 1595.475
1.220 0.11668 81.27021 1.31698 9.48228 0.34126 0.04141 0.34683 0.27049 1597.092
1.225 0.11628 81.65538 1.31870 9.49467 0.34108 0.04156 0.34646 0.27089 1598.718
1.230 0.11588 82.04380 1.32043 9.50709 0.34090 0.04172 0.34609 0.27129 1600.352
1.235 0.11548 82.43550 1.32216 9.51955 0.34072 0.04187 0.34573 0.27169 1601.994
1.240 0.11508 82.83051 1.32389 9.53203 0.34053 0.04202 0.34536 0.27209 1603.645
1.245 0.11468 83.22888 1.32563 9.54455 0.34035 0.04217 0.34499 0.27248 1605.305
1.250 0.11428 83.63065 1.32737 9.55709 0.34017 0.04232 0.34463 0.27288 1606.974
1.255 0.11388 84.03585 1.32912 9.56967 0.33998 0.04248 0.34426 0.27328 1608.651
1.260 0.11347 84.44454 1.33087 9.58229 0.33980 0.04263 0.34389 0.27368 1610.337
1.265 0.11307 84.85674 1.33263 9.59493 0.33962 0.04278 0.34352 0.27408 1612.033
1.270 0.11267 85.27251 1.33439 9.60761 0.33943 0.04294 0.34315 0.27448 1613.737
1.275 0.11227 85.69188 1.33616 9.62032 0.33925 0.04309 0.34278 0.27488 1615.451
1.280 0.11186 86.11491 1.33792 9.63306 0.33906 0.04325 0.34242 0.27528 1617.173
1.285 0.11146 86.54163 1.33970 9.64583 0.33887 0.04340 0.34205 0.27568 1618.906
1.290 0.11105 86.97209 1.34148 9.65864 0.33869 0.04356 0.34168 0.27608 1620.647
1.295 0.11065 87.40634 1.34326 9.67148 0.33850 0.04372 0.34131 0.27648 1622.398
1.300 0.11024 87.84442 1.34505 9.68435 0.33831 0.04388 0.34094 0.27688 1624.159
1.305 0.10984 88.28638 1.34684 9.69726 0.33812 0.04403 0.34057 0.27727 1625.929
1.310 0.10943 88.73228 1.34864 9.71020 0.33793 0.04419 0.34020 0.27767 1627.709
1.315 0.10903 89.18215 1.35044 9.72317 0.33774 0.04435 0.33983 0.27808 1629.499
1.320 0.10862 89.63605 1.35225 9.73618 0.33755 0.04451 0.33946 0.27848 1631.299
1.325 0.10821 90.09402 1.35406 9.74922 0.33736 0.04467 0.33909 0.27888 1633.109
1.330 0.10780 90.55613 1.35587 9.76229 0.33717 0.04483 0.33872 0.27928 1634.928
1.335 0.10740 91.02243 1.35769 9.77540 0.33698 0.04499 0.33835 0.27968 1636.759
1.340 0.10699 91.49295 1.35952 9.78854 0.33679 0.04515 0.33798 0.28008 1638.599
1.345 0.10658 91.96777 1.36135 9.80172 0.33660 0.04531 0.33761 0.28048 1640.450
1.350 0.10617 92.44694 1.36318 9.81493 0.33641 0.04548 0.33724 0.28088 1642.311
1.355 0.10576 92.93050 1.36502 9.82817 0.33621 0.04564 0.33687 0.28128 1644.183
1.360 0.10535 93.41852 1.36687 9.84145 0.33602 0.04580 0.33650 0.28168 1646.066
1.365 0.10494 93.91106 1.36872 9.85476 0.33583 0.04597 0.33612 0.28208 1647.959
1.370 0.10453 94.40817 1.37057 9.86811 0.33563 0.04613 0.33575 0.28248 1649.864
1.375 0.10411 94.90991 1.37243 9.88149 0.33544 0.04630 0.33538 0.28288 1651.779
1.380 0.10370 95.41635 1.37429 9.89491 0.33524 0.04646 0.33501 0.28329 1653.705
1.385 0.10329 95.92754 1.37616 9.90836 0.33505 0.04663 0.33464 0.28369 1655.643
1.390 0.10288 96.44355 1.37803 9.92184 0.33485 0.04679 0.33426 0.28409 1657.592
1.395 0.10246 96.96444 1.37991 9.93537 0.33465 0.04696 0.33389 0.28449 1659.552
1.400 0.10205 97.49028 1.38179 9.94892 0.33446 0.04713 0.33352 0.28489 1661.524
1.405 0.10164 98.02113 1.38368 9.96251 0.33426 0.04730 0.33315 0.28529 1663.508
1.410 0.10122 98.55706 1.38558 9.97614 0.33406 0.04747 0.33277 0.28570 1665.503
1.415 0.10081 99.09814 1.38747 9.98981 0.33386 0.04764 0.33240 0.28610 1667.510
1.420 0.10039 99.64443 1.38938 10.00351 0.33367 0.04780 0.33203 0.28650 1669.530
1.425 0.09998 100.19601 1.39128 10.01724 0.33347 0.04797 0.33166 0.28690 1671.561
1.430 0.09956 100.75295 1.39320 10.03101 0.33327 0.04815 0.33128 0.28731 1673.605
1.435 0.09914 101.31532 1.39511 10.04482 0.33307 0.04832 0.33091 0.28771 1675.660
1.440 0.09873 101.88320 1.39704 10.05866 0.33287 0.04849 0.33053 0.28811 1677.729
1.445 0.09831 102.45666 1.39896 10.07254 0.33267 0.04866 0.33016 0.28851 1679.810
1.450 0.09789 103.03578 1.40090 10.08646 0.33246 0.04883 0.32979 0.28892 1681.904
1.455 0.09747 103.62063 1.40284 10.10041 0.33226 0.04901 0.32941 0.28932 1684.010
1.460 0.09706 104.21130 1.40478 10.11440 0.33206 0.04918 0.32904 0.28972 1686.130
1.465 0.09664 104.80787 1.40673 10.12843 0.33186 0.04936 0.32866 0.29012 1688.263
1.470 0.09622 105.41041 1.40868 10.14249 0.33165 0.04953 0.32829 0.29053 1690.409
1.475 0.09580 106.01902 1.41064 10.15659 0.33145 0.04971 0.32792 0.29093 1692.568
1.480 0.09538 106.63378 1.41260 10.17073 0.33125 0.04988 0.32754 0.29133 1694.741
1.485 0.09496 107.25477 1.41457 10.18491 0.33104 0.05006 0.32717 0.29174 1696.927
1.490 0.09454 107.88209 1.41654 10.19912 0.33084 0.05023 0.32679 0.29214 1699.128
1.495 0.09412 108.51582 1.41852 10.21337 0.33063 0.05041 0.32642 0.29254 1701.342
1.500 0.09370 109.15606 1.42051 10.22766 0.33042 0.05059 0.32604 0.29294 1703.571
1.505 0.09328 109.80289 1.42250 10.24198 0.33022 0.05077 0.32566 0.29335 1705.813
1.510 0.09285 110.45642 1.42449 10.25635 0.33001 0.05095 0.32529 0.29375 1708.070
1.515 0.09243 111.11675 1.42649 10.27075 0.32980 0.05113 0.32491 0.29415 1710.342
1.520 0.09201 111.78396 1.42850 10.28519 0.32960 0.05131 0.32454 0.29456 1712.628
1.525 0.09159 112.45816 1.43051 10.29967 0.32939 0.05149 0.32416 0.29496 1714.929
1.530 0.09116 113.13945 1.43253 10.31419 0.32918 0.05167 0.32379 0.29536 1717.246
1.535 0.09074 113.82795 1.43455 10.32874 0.32897 0.05185 0.32341 0.29577 1719.577
1.540 0.09032 114.52374 1.43657 10.34334 0.32876 0.05204 0.32303 0.29617 1721.924
1.545 0.08989 115.22695 1.43861 10.35797 0.32855 0.05222 0.32266 0.29657 1724.286
1.550 0.08947 115.93768 1.44064 10.37264 0.32834 0.05240 0.32228 0.29698 1726.664
1.555 0.08904 116.65604 1.44269 10.38735 0.32813 0.05259 0.32190 0.29738 1729.058
1.560 0.08862 117.38215 1.44474 10.40210 0.32792 0.05277 0.32153 0.29778 1731.468
1.565 0.08819 118.11613 1.44679 10.41689 0.32771 0.05296 0.32115 0.29819 1733.894
1.570 0.08777 118.85809 1.44885 10.43172 0.32750 0.05314 0.32077 0.29859 1736.336
1.575 0.08734 119.60815 1.45092 10.44659 0.32728 0.05333 0.32039 0.29900 1738.795
1.580 0.08691 120.36645 1.45299 10.46150 0.32707 0.05351 0.32002 0.29940 1741.271
1.585 0.08649 121.13310 1.45506 10.47645 0.32686 0.05370 0.31964 0.29980 1743.763
1.590 0.08606 121.90824 1.45714 10.49144 0.32664 0.05389 0.31926 0.30021 1746.273
1.595 0.08563 122.69199 1.45923 10.50647 0.32643 0.05408 0.31888 0.30061 1748.800
1.600 0.08521 123.48449 1.46133 10.52154 0.32621 0.05427 0.31851 0.30101 1751.345
1.605 0.08478 124.28587 1.46342 10.53665 0.32600 0.05446 0.31813 0.30142 1753.907
1.610 0.08435 125.09628 1.46553 10.55180 0.32578 0.05465 0.31775 0.30182 1756.487
1.615 0.08392 125.91585 1.46764 10.56700 0.32557 0.05484 0.31737 0.30222 1759.085
1.620 0.08349 126.74473 1.46975 10.58223 0.32535 0.05503 0.31699 0.30263 1761.702
1.625 0.08306 127.58307 1.47188 10.59750 0.32513 0.05522 0.31661 0.30303 1764.337
1.630 0.08263 128.43102 1.47400 10.61282 0.32491 0.05541 0.31624 0.30343 1766.991
1.635 0.08220 129.28873 1.47614 10.62817 0.32470 0.05561 0.31586 0.30384 1769.664
1.640 0.08178 130.15636 1.47827 10.64357 0.32448 0.05580 0.31548 0.30424 1772.356
1.645 0.08135 131.03406 1.48042 10.65901 0.32426 0.05600 0.31510 0.30465 1775.068
1.650 0.08092 131.92201 1.48257 10.67449 0.32404 0.05619 0.31472 0.30505 1777.799
1.655 0.08048 132.82036 1.48472 10.69002 0.32382 0.05639 0.31434 0.30545 1780.550
1.660 0.08005 133.72930 1.48689 10.70558 0.32360 0.05658 0.31396 0.30586 1783.321
1.665 0.07962 134.64898 1.48905 10.72119 0.32338 0.05678 0.31358 0.30626 1786.113
1.670 0.07919 135.57959 1.49123 10.73684 0.32316 0.05698 0.31320 0.30666 1788.925
1.675 0.07876 136.52131 1.49341 10.75253 0.32294 0.05717 0.31282 0.30707 1791.758
1.680 0.07833 137.47432 1.49559 10.76827 0.32272 0.05737 0.31244 0.30747 1794.612
1.685 0.07790 138.43882 1.49778 10.78404 0.32249 0.05757 0.31206 0.30787 1797.488
1.690 0.07747 139.41499 1.49998 10.79986 0.32227 0.05777 0.31168 0.30828 1800.385
1.695 0.07703 140.40303 1.50218 10.81573 0.32205 0.05797 0.31130 0.30868 1803.304
1.700 0.07660 141.40314 1.50439 10.83164 0.32182 0.05817 0.31092 0.30908 1806.245
1.705 0.07617 142.41553 1.50661 10.84759 0.32160 0.05837 0.31054 0.30949 1809.209
1.710 0.07574 143.44041 1.50883 10.86358 0.32138 0.05857 0.31016 0.30989 1812.195
1.715 0.07530 144.47799 1.51106 10.87962 0.32115 0.05878 0.30978 0.31029 1815.204
1.720 0.07487 145.52849 1.51329 10.89570 0.32092 0.05898 0.30940 0.31069 1818.237
1.725 0.07444 146.59213 1.51553 10.91182 0.32070 0.05918 0.30902 0.31110 1821.293
1.730 0.07400 147.66915 1.51778 10.92799 0.32047 0.05939 0.30864 0.31150 1824.374
1.735 0.07357 148.75977 1.52003 10.94421 0.32025 0.05959 0.30826 0.31190 1827.478
