timeGa Urey Qt heat/H0 heatTW 1HPE 2HPE 3HPE 4HPE TempC
0.000 0.94000 104.92925 1.00000 98.63349 0.14715 0.29649 0.10464 0.45172 1800.000
0.005 0.93732 104.92925 0.99715 98.35256 0.14746 0.29588 0.10491 0.45175 1799.852
0.010 0.93489 104.90243 0.99431 98.07268 0.14776 0.29526 0.10519 0.45179 1799.698
0.015 0.93248 104.87459 0.99149 97.79385 0.14807 0.29465 0.10546 0.45182 1799.539
0.020 0.93009 104.84573 0.98867 97.51607 0.14838 0.29404 0.10573 0.45185 1799.373
0.025 0.92772 104.81585 0.98587 97.23933 0.14868 0.29343 0.10601 0.45188 1799.203
0.030 0.92536 104.78498 0.98307 96.96364 0.14899 0.29281 0.10628 0.45191 1799.027
0.035 0.92302 104.75311 0.98029 96.68898 0.14930 0.29220 0.10656 0.45194 1798.845
0.040 0.92069 104.72026 0.97751 96.41535 0.14960 0.29159 0.10684 0.45197 1798.658
0.045 0.91839 104.68644 0.97475 96.14275 0.14991 0.29098 0.10711 0.45199 1798.465
0.050 0.91610 104.65164 0.97199 95.87117 0.15022 0.29037 0.10739 0.45202 1798.268
0.055 0.91382 104.61589 0.96925 95.60061 0.15053 0.28976 0.10767 0.45204 1798.065
0.060 0.91157 104.57919 0.96652 95.33106 0.15084 0.28916 0.10794 0.45206 1797.856
0.065 0.90933 104.54155 0.96380 95.06252 0.15115 0.28855 0.10822 0.45208 1797.643
0.070 0.90710 104.50298 0.96108 94.79499 0.15146 0.28794 0.10850 0.45210 1797.424
0.075 0.90489 104.46348 0.95838 94.52846 0.15177 0.28733 0.10878 0.45212 1797.200
0.080 0.90270 104.42307 0.95569 94.26293 0.15208 0.28673 0.10906 0.45214 1796.971
0.085 0.90053 104.38175 0.95301 93.99839 0.15239 0.28612 0.10934 0.45215 1796.737
0.090 0.89836 104.33953 0.95033 93.73484 0.15270 0.28552 0.10962 0.45217 1796.499
0.095 0.89622 104.29642 0.94767 93.47227 0.15301 0.28491 0.10990 0.45218 1796.255
0.100 0.89409 104.25243 0.94502 93.21068 0.15332 0.28431 0.11018 0.45219 1796.006
0.105 0.89197 104.20757 0.94238 92.95007 0.15363 0.28371 0.11046 0.45221 1795.752
0.110 0.88987 104.16183 0.93975 92.69044 0.15394 0.28310 0.11074 0.45222 1795.494
0.115 0.88778 104.11525 0.93712 92.43177 0.15425 0.28250 0.11103 0.45222 1795.231
0.120 0.88571 104.06781 0.93451 92.17406 0.15456 0.28190 0.11131 0.45223 1794.963
0.125 0.88365 104.01952 0.93191 91.91732 0.15487 0.28130 0.11159 0.45224 1794.690
0.130 0.88161 103.97041 0.92931 91.66153 0.15518 0.28070 0.11188 0.45224 1794.413
0.135 0.87958 103.92047 0.92673 91.40670 0.15550 0.28010 0.11216 0.45225 1794.131
0.140 0.87757 103.86971 0.92416 91.15281 0.15581 0.27950 0.11245 0.45225 1793.845
0.145 0.87557 103.81814 0.92159 90.89987 0.15612 0.27890 0.11273 0.45225 1793.554
0.150 0.87358 103.76576 0.91904 90.64787 0.15643 0.27830 0.11302 0.45225 1793.258
0.155 0.87161 103.71260 0.91649 90.39681 0.15675 0.27770 0.11330 0.45225 1792.958
0.160 0.86965 103.65864 0.91396 90.14667 0.15706 0.27710 0.11359 0.45225 1792.654
0.165 0.86770 103.60391 0.91143 89.89747 0.15737 0.27651 0.11387 0.45225 1792.345
0.170 0.86577 103.54840 0.90891 89.64919 0.15769 0.27591 0.11416 0.45224 1792.032
0.175 0.86385 103.49213 0.90640 89.40184 0.15800 0.27531 0.11445 0.45224 1791.715
0.180 0.86195 103.43510 0.90391 89.15540 0.15831 0.27472 0.11474 0.45223 1791.393
0.185 0.86005 103.37732 0.90142 88.90987 0.15863 0.27412 0.11503 0.45222 1791.067
0.190 0.85817 103.31880 0.89894 88.66526 0.15894 0.27353 0.11531 0.45221 1790.737
0.195 0.85630 103.25954 0.89647 88.42155 0.15926 0.27294 0.11560 0.45220 1790.403
0.200 0.85445 103.19956 0.89400 88.17874 0.15957 0.27234 0.11589 0.45219 1790.064
0.205 0.85261 103.13886 0.89155 87.93684 0.15989 0.27175 0.11618 0.45218 1789.722
0.210 0.85078 103.07744 0.88911 87.69582 0.16020 0.27116 0.11647 0.45217 1789.376
0.215 0.84896 103.01532 0.88667 87.45570 0.16052 0.27057 0.11676 0.45215 1789.025
0.220 0.84715 102.95250 0.88425 87.21647 0.16083 0.26998 0.11706 0.45213 1788.671
0.225 0.84536 102.88899 0.88183 86.97812 0.16115 0.26939 0.11735 0.45212 1788.312
0.230 0.84358 102.82479 0.87942 86.74065 0.16147 0.26880 0.11764 0.45210 1787.950
0.235 0.84181 102.75992 0.87703 86.50405 0.16178 0.26821 0.11793 0.45208 1787.584
0.240 0.84005 102.69437 0.87464 86.26833 0.16210 0.26762 0.11823 0.45206 1787.214
0.245 0.83830 102.62817 0.87225 86.03348 0.16241 0.26703 0.11852 0.45204 1786.840
0.250 0.83657 102.56130 0.86988 85.79949 0.16273 0.26644 0.11881 0.45201 1786.462
0.255 0.83484 102.49379 0.86752 85.56637 0.16305 0.26586 0.11911 0.45199 1786.081
0.260 0.83313 102.42563 0.86516 85.33411 0.16337 0.26527 0.11940 0.45196 1785.696
0.265 0.83143 102.35684 0.86282 85.10270 0.16368 0.26469 0.11970 0.45194 1785.307
0.270 0.82974 102.28741 0.86048 84.87214 0.16400 0.26410 0.11999 0.45191 1784.915
0.275 0.82806 102.21737 0.85815 84.64243 0.16432 0.26352 0.12029 0.45188 1784.519
0.280 0.82640 102.14670 0.85583 84.41356 0.16464 0.26293 0.12058 0.45185 1784.120
0.285 0.82474 102.07543 0.85352 84.18554 0.16495 0.26235 0.12088 0.45182 1783.717
0.290 0.82309 102.00356 0.85122 83.95835 0.16527 0.26177 0.12118 0.45178 1783.310
0.295 0.82146 101.93108 0.84892 83.73200 0.16559 0.26118 0.12148 0.45175 1782.900
0.300 0.81983 101.85802 0.84663 83.50647 0.16591 0.26060 0.12177 0.45171 1782.487
0.305 0.81822 101.78437 0.84436 83.28178 0.16623 0.26002 0.12207 0.45168 1782.070
0.310 0.81661 101.71015 0.84209 83.05791 0.16655 0.25944 0.12237 0.45164 1781.650
0.315 0.81502 101.63535 0.83982 82.83486 0.16687 0.25886 0.12267 0.45160 1781.227
0.320 0.81344 101.55999 0.83757 82.61262 0.16718 0.25828 0.12297 0.45156 1780.800
0.325 0.81186 101.48408 0.83533 82.39120 0.16750 0.25771 0.12327 0.45152 1780.370
0.330 0.81030 101.40761 0.83309 82.17059 0.16782 0.25713 0.12357 0.45148 1779.936
0.335 0.80875 101.33059 0.83086 81.95079 0.16814 0.25655 0.12387 0.45143 1779.500
0.340 0.80720 101.25303 0.82864 81.73179 0.16846 0.25598 0.12417 0.45139 1779.060
0.345 0.80567 101.17494 0.82643 81.51359 0.16878 0.25540 0.12447 0.45134 1778.617
0.350 0.80415 101.09632 0.82423 81.29619 0.16910 0.25482 0.12478 0.45130 1778.171
0.355 0.80263 101.01718 0.82203 81.07959 0.16942 0.25425 0.12508 0.45125 1777.722
0.360 0.80113 100.93752 0.81984 80.86377 0.16975 0.25368 0.12538 0.45120 1777.270
0.365 0.79963 100.85735 0.81766 80.64874 0.17007 0.25310 0.12568 0.45115 1776.815
0.370 0.79815 100.77668 0.81549 80.43450 0.17039 0.25253 0.12599 0.45110 1776.356
0.375 0.79667 100.69551 0.81332 80.22103 0.17071 0.25196 0.12629 0.45104 1775.895
0.380 0.79520 100.61385 0.81117 80.00835 0.17103 0.25139 0.12660 0.45099 1775.431
0.385 0.79374 100.53170 0.80902 79.79643 0.17135 0.25082 0.12690 0.45093 1774.964
0.390 0.79230 100.44906 0.80688 79.58529 0.17167 0.25025 0.12721 0.45088 1774.494
0.395 0.79086 100.36596 0.80475 79.37492 0.17199 0.24968 0.12751 0.45082 1774.021
0.400 0.78942 100.28238 0.80262 79.16531 0.17232 0.24911 0.12782 0.45076 1773.545
0.405 0.78800 100.19834 0.80050 78.95647 0.17264 0.24854 0.12812 0.45070 1773.067
0.410 0.78659 100.11384 0.79839 78.74838 0.17296 0.24797 0.12843 0.45064 1772.586
0.415 0.78518 100.02888 0.79629 78.54105 0.17328 0.24741 0.12874 0.45058 1772.102
0.420 0.78379 99.94348 0.79420 78.33447 0.17360 0.24684 0.12904 0.45051 1771.615
0.425 0.78240 99.85764 0.79211 78.12865 0.17393 0.24627 0.12935 0.45045 1771.125
0.430 0.78102 99.77136 0.79003 77.92356 0.17425 0.24571 0.12966 0.45038 1770.633
0.435 0.77965 99.68465 0.78796 77.71923 0.17457 0.24514 0.12997 0.45031 1770.139
0.440 0.77829 99.59751 0.78590 77.51563 0.17489 0.24458 0.13028 0.45025 1769.641
0.445 0.77694 99.50995 0.78384 77.31277 0.17522 0.24402 0.13059 0.45018 1769.141
0.450 0.77559 99.42197 0.78179 77.11064 0.17554 0.24346 0.13090 0.45011 1768.639
0.455 0.77425 99.33359 0.77975 76.90925 0.17586 0.24289 0.13121 0.45003 1768.133
0.460 0.77292 99.24480 0.77771 76.70858 0.17619 0.24233 0.13152 0.44996 1767.626
0.465 0.77160 99.15561 0.77569 76.50864 0.17651 0.24177 0.13183 0.44989 1767.116
0.470 0.77029 99.06602 0.77367 76.30942 0.17683 0.24121 0.13214 0.44981 1766.603
0.475 0.76898 98.97604 0.77165 76.11092 0.17716 0.24065 0.13245 0.44973 1766.088
0.480 0.76769 98.88568 0.76965 75.91314 0.17748 0.24009 0.13277 0.44966 1765.571
0.485 0.76640 98.79494 0.76765 75.71607 0.17781 0.23954 0.13308 0.44958 1765.051
0.490 0.76511 98.70382 0.76566 75.51971 0.17813 0.23898 0.13339 0.44950 1764.528
0.495 0.76384 98.61233 0.76368 75.32406 0.17846 0.23842 0.13370 0.44942 1764.004
0.500 0.76257 98.52048 0.76170 75.12911 0.17878 0.23787 0.13402 0.44933 1763.477
0.505 0.76131 98.42827 0.75973 74.93487 0.17910 0.23731 0.13433 0.44925 1762.948
0.510 0.76006 98.33570 0.75777 74.74133 0.17943 0.23676 0.13465 0.44916 1762.416
0.515 0.75882 98.24278 0.75581 74.54848 0.17975 0.23620 0.13496 0.44908 1761.883
0.520 0.75758 98.14951 0.75386 74.35633 0.18008 0.23565 0.13528 0.44899 1761.347
0.525 0.75635 98.05590 0.75192 74.16486 0.18040 0.23510 0.13559 0.44890 1760.808
0.530 0.75513 97.96196 0.74999 73.97409 0.18073 0.23455 0.13591 0.44881 1760.268
0.535 0.75392 97.86768 0.74806 73.78400 0.18105 0.23400 0.13623 0.44872 1759.726
0.540 0.75271 97.77308 0.74614 73.59459 0.18138 0.23345 0.13654 0.44863 1759.181
0.545 0.75151 97.67815 0.74423 73.40586 0.18171 0.23290 0.13686 0.44854 1758.634
0.550 0.75031 97.58290 0.74232 73.21781 0.18203 0.23235 0.13718 0.44844 1758.085
0.555 0.74913 97.48734 0.74042 73.03043 0.18236 0.23180 0.13750 0.44835 1757.534
0.560 0.74795 97.39147 0.73853 72.84373 0.18268 0.23125 0.13781 0.44825 1756.981
0.565 0.74677 97.29529 0.73664 72.65769 0.18301 0.23071 0.13813 0.44816 1756.426
0.570 0.74561 97.19882 0.73476 72.47232 0.18333 0.23016 0.13845 0.44806 1755.869
0.575 0.74445 97.10204 0.73289 72.28761 0.18366 0.22961 0.13877 0.44796 1755.311
0.580 0.74330 97.00498 0.73103 72.10356 0.18399 0.22907 0.13909 0.44786 1754.750
0.585 0.74215 96.90762 0.72917 71.92017 0.18431 0.22852 0.13941 0.44775 1754.187
0.590 0.74101 96.80999 0.72731 71.73744 0.18464 0.22798 0.13973 0.44765 1753.622
0.595 0.73988 96.71207 0.72547 71.55536 0.18497 0.22744 0.14005 0.44754 1753.055
0.600 0.73875 96.61388 0.72363 71.37393 0.18529 0.22690 0.14037 0.44744 1752.487
0.605 0.73763 96.51541 0.72179 71.19314 0.18562 0.22635 0.14069 0.44733 1751.916
0.610 0.73652 96.41668 0.71997 71.01300 0.18594 0.22581 0.14102 0.44722 1751.344
0.615 0.73542 96.31769 0.71815 70.83350 0.18627 0.22527 0.14134 0.44712 1750.770
0.620 0.73432 96.21844 0.71634 70.65465 0.18660 0.22473 0.14166 0.44700 1750.194
0.625 0.73322 96.11893 0.71453 70.47642 0.18693 0.22420 0.14198 0.44689 1749.617
0.630 0.73213 96.01917 0.71273 70.29884 0.18725 0.22366 0.14231 0.44678 1749.037
0.635 0.73105 95.91917 0.71093 70.12188 0.18758 0.22312 0.14263 0.44667 1748.456
0.640 0.72998 95.81892 0.70915 69.94556 0.18791 0.22258 0.14296 0.44655 1747.873
0.645 0.72891 95.71843 0.70736 69.76986 0.18823 0.22205 0.14328 0.44644 1747.289
0.650 0.72784 95.61771 0.70559 69.59478 0.18856 0.22151 0.14361 0.44632 1746.703
0.655 0.72679 95.51675 0.70382 69.42033 0.18889 0.22098 0.14393 0.44620 1746.115
0.660 0.72574 95.41557 0.70206 69.24649 0.18922 0.22045 0.14426 0.44608 1745.525
0.665 0.72469 95.31417 0.70030 69.07327 0.18954 0.21991 0.14458 0.44596 1744.934
0.670 0.72365 95.21254 0.69855 68.90067 0.18987 0.21938 0.14491 0.44584 1744.341
0.675 0.72262 95.11070 0.69681 68.72868 0.19020 0.21885 0.14524 0.44572 1743.747
0.680 0.72159 95.00864 0.69507 68.55729 0.19053 0.21832 0.14556 0.44559 1743.151
0.685 0.72057 94.90638 0.69334 68.38652 0.19085 0.21779 0.14589 0.44547 1742.554
0.690 0.71955 94.80391 0.69161 68.21635 0.19118 0.21726 0.14622 0.44534 1741.955
0.695 0.71854 94.70124 0.68990 68.04678 0.19151 0.21673 0.14655 0.44521 1741.355
0.700 0.71754 94.59837 0.68818 67.87781 0.19184 0.21620 0.14687 0.44508 1740.753
0.705 0.71654 94.49530 0.68648 67.70943 0.19217 0.21568 0.14720 0.44495 1740.149
0.710 0.71554 94.39205 0.68477 67.54165 0.19249 0.21515 0.14753 0.44482 1739.545
0.715 0.71456 94.28860 0.68308 67.37447 0.19282 0.21462 0.14786 0.44469 1738.938
0.720 0.71357 94.18497 0.68139 67.20787 0.19315 0.21410 0.14819 0.44456 1738.331
0.725 0.71260 94.08117 0.67971 67.04186 0.19348 0.21357 0.14852 0.44442 1737.722
0.730 0.71162 93.97718 0.67803 66.87644 0.19381 0.21305 0.14885 0.44429 1737.111
0.735 0.71066 93.87302 0.67636 66.71159 0.19414 0.21253 0.14918 0.44415 1736.499
0.740 0.70970 93.76869 0.67469 66.54733 0.19446 0.21201 0.14951 0.44402 1735.886
0.745 0.70874 93.66419 0.67303 66.38365 0.19479 0.21148 0.14985 0.44388 1735.272
0.750 0.70779 93.55952 0.67138 66.22054 0.19512 0.21096 0.15018 0.44374 1734.656
0.755 0.70685 93.45470 0.66973 66.05801 0.19545 0.21044 0.15051 0.44360 1734.039
0.760 0.70591 93.34971 0.66809 65.89605 0.19578 0.20992 0.15084 0.44345 1733.420
0.765 0.70497 93.24458 0.66645 65.73465 0.19611 0.20941 0.15118 0.44331 1732.801
0.770 0.70404 93.13929 0.66482 65.57383 0.19644 0.20889 0.15151 0.44317 1732.180
0.775 0.70312 93.03385 0.66320 65.41356 0.19676 0.20837 0.15184 0.44302 1731.557
0.780 0.70220 92.92827 0.66158 65.25386 0.19709 0.20785 0.15218 0.44288 1730.934
0.785 0.70128 92.82254 0.65997 65.09472 0.19742 0.20734 0.15251 0.44273 1730.309
0.790 0.70037 92.71668 0.65836 64.93614 0.19775 0.20682 0.15285 0.44258 1729.684
0.795 0.69947 92.61068 0.65676 64.77811 0.19808 0.20631 0.15318 0.44243 1729.057
0.800 0.69857 92.50455 0.65516 64.62064 0.19841 0.20580 0.15352 0.44228 1728.429
0.805 0.69767 92.39829 0.65357 64.46372 0.19874 0.20528 0.15385 0.44213 1727.799
0.810 0.69678 92.29190 0.65198 64.30734 0.19907 0.20477 0.15419 0.44197 1727.169
0.815 0.69590 92.18538 0.65040 64.15151 0.19940 0.20426 0.15452 0.44182 1726.538
0.820 0.69502 92.07875 0.64883 63.99623 0.19972 0.20375 0.15486 0.44166 1725.905
0.825 0.69414 91.97200 0.64726 63.84149 0.20005 0.20324 0.15520 0.44151 1725.271
0.830 0.69327 91.86513 0.64570 63.68729 0.20038 0.20273 0.15553 0.44135 1724.637
0.835 0.69240 91.75815 0.64414 63.53362 0.20071 0.20222 0.15587 0.44119 1724.001
0.840 0.69154 91.65105 0.64259 63.38050 0.20104 0.20172 0.15621 0.44103 1723.364
0.845 0.69068 91.54386 0.64104 63.22790 0.20137 0.20121 0.15655 0.44087 1722.726
0.850 0.68983 91.43655 0.63950 63.07584 0.20170 0.20071 0.15689 0.44071 1722.087
0.855 0.68898 91.32915 0.63796 62.92431 0.20203 0.20020 0.15723 0.44055 1721.447
0.860 0.68814 91.22165 0.63643 62.77330 0.20236 0.19970 0.15756 0.44038 1720.807
0.865 0.68730 91.11405 0.63490 62.62282 0.20269 0.19919 0.15790 0.44022 1720.165
0.870 0.68647 91.00636 0.63338 62.47286 0.20302 0.19869 0.15824 0.44005 1719.522
0.875 0.68564 90.89857 0.63187 62.32342 0.20334 0.19819 0.15858 0.43988 1718.878
0.880 0.68481 90.79070 0.63036 62.17451 0.20367 0.19769 0.15892 0.43972 1718.234
0.885 0.68399 90.68275 0.62885 62.02611 0.20400 0.19719 0.15927 0.43955 1717.588
0.890 0.68317 90.57471 0.62736 61.87822 0.20433 0.19669 0.15961 0.43938 1716.942
0.895 0.68236 90.46658 0.62586 61.73085 0.20466 0.19619 0.15995 0.43920 1716.295
0.900 0.68155 90.35839 0.62437 61.58398 0.20499 0.19569 0.16029 0.43903 1715.646
0.905 0.68075 90.25011 0.62289 61.43763 0.20532 0.19519 0.16063 0.43886 1714.997
0.910 0.67995 90.14177 0.62141 61.29178 0.20565 0.19469 0.16097 0.43868 1714.348
0.915 0.67915 90.03335 0.61994 61.14644 0.20598 0.19420 0.16132 0.43851 1713.697
0.920 0.67836 89.92486 0.61847 61.00160 0.20631 0.19370 0.16166 0.43833 1713.045
0.925 0.67757 89.81631 0.61700 60.85726 0.20664 0.19321 0.16200 0.43815 1712.393
0.930 0.67679 89.70770 0.61555 60.71342 0.20696 0.19271 0.16235 0.43797 1711.740
0.935 0.67601 89.59902 0.61409 60.57008 0.20729 0.19222 0.16269 0.43779 1711.086
0.940 0.67524 89.49029 0.61264 60.42723 0.20762 0.19173 0.16304 0.43761 1710.431
0.945 0.67447 89.38150 0.61120 60.28487 0.20795 0.19124 0.16338 0.43743 1709.776
0.950 0.67370 89.27266 0.60976 60.14301 0.20828 0.19075 0.16372 0.43725 1709.120
0.955 0.67294 89.16376 0.60833 60.00163 0.20861 0.19026 0.16407 0.43706 1708.463
0.960 0.67218 89.05482 0.60690 59.86074 0.20894 0.18977 0.16442 0.43688 1707.805
0.965 0.67142 88.94582 0.60548 59.72034 0.20927 0.18928 0.16476 0.43669 1707.147
0.970 0.67067 88.83679 0.60406 59.58042 0.20960 0.18879 0.16511 0.43650 1706.488
0.975 0.66993 88.72771 0.60264 59.44098 0.20993 0.18831 0.16545 0.43632 1705.828
0.980 0.66918 88.61859 0.60124 59.30201 0.21025 0.18782 0.16580 0.43613 1705.168
0.985 0.66844 88.50943 0.59983 59.16353 0.21058 0.18733 0.16615 0.43593 1704.507
0.990 0.66771 88.40024 0.59843 59.02552 0.21091 0.18685 0.16649 0.43574 1703.845
0.995 0.66698 88.29101 0.59704 58.88799 0.21124 0.18637 0.16684 0.43555 1703.183
1.000 0.66625 88.18175 0.59565 58.75093 0.21157 0.18588 0.16719 0.43536 1702.520
1.005 0.66552 88.07246 0.59426 58.61433 0.21190 0.18540 0.16754 0.43516 1701.856
1.010 0.66480 87.96314 0.59288 58.47821 0.21223 0.18492 0.16789 0.43497 1701.192
1.015 0.66409 87.85380 0.59151 58.34255 0.21256 0.18444 0.16824 0.43477 1700.527
1.020 0.66337 87.74443 0.59014 58.20736 0.21288 0.18396 0.16858 0.43457 1699.862
1.025 0.66266 87.63504 0.58877 58.07263 0.21321 0.18348 0.16893 0.43437 1699.196
1.030 0.66196 87.52563 0.58741 57.93836 0.21354 0.18300 0.16928 0.43417 1698.530
1.035 0.66126 87.41621 0.58605 57.80454 0.21387 0.18252 0.16963 0.43397 1697.863
1.040 0.66056 87.30676 0.58470 57.67119 0.21420 0.18205 0.16998 0.43377 1697.195
1.045 0.65986 87.19731 0.58335 57.53829 0.21453 0.18157 0.17033 0.43357 1696.527
1.050 0.65917 87.08784 0.58201 57.40585 0.21486 0.18110 0.17068 0.43336 1695.858
1.055 0.65848 86.97836 0.58067 57.27385 0.21518 0.18062 0.17104 0.43316 1695.189
1.060 0.65780 86.86888 0.57934 57.14231 0.21551 0.18015 0.17139 0.43295 1694.520
1.065 0.65712 86.75938 0.57801 57.01121 0.21584 0.17968 0.17174 0.43275 1693.849
1.070 0.65644 86.64989 0.57669 56.88056 0.21617 0.17920 0.17209 0.43254 1693.179
1.075 0.65577 86.54039 0.57537 56.75036 0.21650 0.17873 0.17244 0.43233 1692.508
1.080 0.65510 86.43089 0.57405 56.62060 0.21682 0.17826 0.17279 0.43212 1691.836
1.085 0.65443 86.32139 0.57274 56.49128 0.21715 0.17779 0.17315 0.43191 1691.164
1.090 0.65377 86.21189 0.57143 56.36239 0.21748 0.17732 0.17350 0.43170 1690.492
1.095 0.65311 86.10240 0.57013 56.23395 0.21781 0.17685 0.17385 0.43148 1689.819
1.100 0.65245 85.99292 0.56883 56.10594 0.21814 0.17639 0.17421 0.43127 1689.146
1.105 0.65179 85.88344 0.56754 55.97837 0.21846 0.17592 0.17456 0.43105 1688.472
1.110 0.65114 85.77397 0.56625 55.85123 0.21879 0.17546 0.17492 0.43084 1687.798
1.115 0.65050 85.66451 0.56497 55.72452 0.21912 0.17499 0.17527 0.43062 1687.124
1.120 0.64985 85.55507 0.56369 55.59824 0.21945 0.17453 0.17562 0.43040 1686.449
1.125 0.64921 85.44564 0.56241 55.47239 0.21977 0.17406 0.17598 0.43018 1685.774
1.130 0.64858 85.33623 0.56114 55.34696 0.22010 0.17360 0.17633 0.42996 1685.098
1.135 0.64794 85.22683 0.55987 55.22196 0.22043 0.17314 0.17669 0.42974 1684.423
1.140 0.64731 85.11746 0.55861 55.09738 0.22076 0.17268 0.17705 0.42952 1683.746
1.145 0.64668 85.00810 0.55735 54.97322 0.22108 0.17222 0.17740 0.42930 1683.070
1.150 0.64606 84.89877 0.55609 54.84948 0.22141 0.17176 0.17776 0.42907 1682.393
1.155 0.64544 84.78947 0.55484 54.72616 0.22174 0.17130 0.17811 0.42885 1681.716
1.160 0.64482 84.68019 0.55360 54.60325 0.22206 0.17084 0.17847 0.42862 1681.038
1.165 0.64420 84.57093 0.55236 54.48076 0.22239 0.17038 0.17883 0.42840 1680.360
1.170 0.64359 84.46171 0.55112 54.35868 0.22272 0.16993 0.17918 0.42817 1679.682
1.175 0.64298 84.35251 0.54988 54.23702 0.22305 0.16947 0.17954 0.42794 1679.004
1.180 0.64237 84.24335 0.54865 54.11576 0.22337 0.16902 0.17990 0.42771 1678.325
1.185 0.64177 84.13422 0.54743 53.99491 0.22370 0.16856 0.18026 0.42748 1677.646
1.190 0.64117 84.02513 0.54621 53.87446 0.22402 0.16811 0.18062 0.42725 1676.967
1.195 0.64057 83.91607 0.54499 53.75442 0.22435 0.16766 0.18097 0.42702 1676.288
1.200 0.63998 83.80705 0.54378 53.63479 0.22468 0.16721 0.18133 0.42678 1675.608
1.205 0.63939 83.69806 0.54257 53.51555 0.22500 0.16676 0.18169 0.42655 1674.928
1.210 0.63880 83.58912 0.54136 53.39672 0.22533 0.16631 0.18205 0.42631 1674.248
1.215 0.63821 83.48022 0.54016 53.27828 0.22566 0.16586 0.18241 0.42608 1673.568
1.220 0.63763 83.37137 0.53897 53.16024 0.22598 0.16541 0.18277 0.42584 1672.887
1.225 0.63705 83.26256 0.53777 53.04260 0.22631 0.16496 0.18313 0.42560 1672.207
1.230 0.63648 83.15379 0.53659 52.92535 0.22663 0.16451 0.18349 0.42536 1671.526
1.235 0.63590 83.04507 0.53540 52.80849 0.22696 0.16407 0.18385 0.42512 1670.845
1.240 0.63533 82.93640 0.53422 52.69203 0.22728 0.16362 0.18421 0.42488 1670.163
1.245 0.63476 82.82778 0.53304 52.57595 0.22761 0.16318 0.18457 0.42464 1669.482
1.250 0.63420 82.71921 0.53187 52.46026 0.22793 0.16273 0.18494 0.42440 1668.800
1.255 0.63363 82.61069 0.53070 52.34496 0.22826 0.16229 0.18530 0.42415 1668.118
1.260 0.63307 82.50223 0.52954 52.23004 0.22858 0.16185 0.18566 0.42391 1667.437
1.265 0.63252 82.39382 0.52838 52.11551 0.22891 0.16141 0.18602 0.42366 1666.755
1.270 0.63196 82.28547 0.52722 52.00135 0.22923 0.16097 0.18638 0.42342 1666.072
1.275 0.63141 82.17717 0.52606 51.88758 0.22956 0.16053 0.18675 0.42317 1665.390
1.280 0.63086 82.06894 0.52491 51.77419 0.22988 0.16009 0.18711 0.42292 1664.708
1.285 0.63032 81.96076 0.52377 51.66117 0.23021 0.15965 0.18747 0.42267 1664.025
1.290 0.62977 81.85264 0.52263 51.54853 0.23053 0.15921 0.18783 0.42242 1663.343
1.295 0.62923 81.74459 0.52149 51.43626 0.23086 0.15878 0.18820 0.42217 1662.660
1.300 0.62869 81.63660 0.52035 51.32437 0.23118 0.15834 0.18856 0.42192 1661.977
1.305 0.62816 81.52867 0.51922 51.21285 0.23150 0.15791 0.18892 0.42166 1661.294
1.310 0.62762 81.42081 0.51810 51.10170 0.23183 0.15747 0.18929 0.42141 1660.611
1.315 0.62709 81.31301 0.51697 50.99092 0.23215 0.15704 0.18965 0.42115 1659.928
1.320 0.62657 81.20529 0.51585 50.88050 0.23248 0.15661 0.19002 0.42090 1659.245
1.325 0.62604 81.09763 0.51474 50.77045 0.23280 0.15618 0.19038 0.42064 1658.562
1.330 0.62552 80.99004 0.51363 50.66077 0.23312 0.15575 0.19075 0.42039 1657.879
1.335 0.62500 80.88252 0.51252 50.55145 0.23345 0.15532 0.19111 0.42013 1657.195
1.340 0.62448 80.77507 0.51141 50.44249 0.23377 0.15489 0.19148 0.41987 1656.512
1.345 0.62397 80.66770 0.51031 50.33389 0.23409 0.15446 0.19184 0.41961 1655.829
1.350 0.62345 80.56040 0.50921 50.22565 0.23441 0.15403 0.19221 0.41935 1655.146
1.355 0.62294 80.45318 0.50812 50.11776 0.23474 0.15360 0.19258 0.41908 1654.462
1.360 0.62244 80.34603 0.50703 50.01023 0.23506 0.15318 0.19294 0.41882 1653.779
1.365 0.62193 80.23896 0.50594 49.90306 0.23538 0.15275 0.19331 0.41856 1653.096
1.370 0.62143 80.13197 0.50486 49.79624 0.23570 0.15233 0.19368 0.41829 1652.412
1.375 0.62093 80.02505 0.50378 49.68978 0.23603 0.15190 0.19404 0.41803 1651.729
1.380 0.62043 79.91822 0.50271 49.58366 0.23635 0.15148 0.19441 0.41776 1651.046
1.385 0.61993 79.81146 0.50163 49.47789 0.23667 0.15106 0.19478 0.41749 1650.362
1.390 0.61944 79.70479 0.50056 49.37247 0.23699 0.15064 0.19514 0.41723 1649.679
1.395 0.61895 79.59820 0.49950 49.26740 0.23731 0.15022 0.19551 0.41696 1648.996
1.400 0.61846 79.49170 0.49844 49.16267 0.23763 0.14980 0.19588 0.41669 1648.313
1.405 0.61798 79.38528 0.49738 49.05829 0.23795 0.14938 0.19625 0.41642 1647.630
1.410 0.61749 79.27894 0.49632 48.95425 0.23828 0.14896 0.19662 0.41615 1646.946
1.415 0.61701 79.17270 0.49527 48.85055 0.23860 0.14854 0.19699 0.41587 1646.263
1.420 0.61653 79.06654 0.49423 48.74719 0.23892 0.14813 0.19735 0.41560 1645.580
1.425 0.61606 78.96046 0.49318 48.64417 0.23924 0.14771 0.19772 0.41533 1644.898
1.430 0.61558 78.85448 0.49214 48.54149 0.23956 0.14730 0.19809 0.41505 1644.215
1.435 0.61511 78.74858 0.49110 48.43914 0.23988 0.14688 0.19846 0.41478 1643.532
1.440 0.61464 78.64278 0.49007 48.33713 0.24020 0.14647 0.19883 0.41450 1642.849
1.445 0.61417 78.53707 0.48904 48.23545 0.24052 0.14606 0.19920 0.41422 1642.167
1.450 0.61371 78.43145 0.48801 48.13411 0.24084 0.14565 0.19957 0.41394 1641.484
1.455 0.61325 78.32592 0.48699 48.03309 0.24116 0.14524 0.19994 0.41367 1640.802
1.460 0.61279 78.22049 0.48596 47.93241 0.24148 0.14483 0.20031 0.41339 1640.120
1.465 0.61233 78.11515 0.48495 47.83205 0.24180 0.14442 0.20068 0.41311 1639.438
1.470 0.61187 78.00991 0.48393 47.73202 0.24211 0.14401 0.20105 0.41282 1638.756
1.475 0.61142 77.90476 0.48292 47.63232 0.24243 0.14360 0.20142 0.41254 1638.074
1.480 0.61097 77.79971 0.48191 47.53294 0.24275 0.14319 0.20180 0.41226 1637.392
1.485 0.61052 77.69476 0.48091 47.43388 0.24307 0.14279 0.20217 0.41197 1636.710
1.490 0.61007 77.58991 0.47991 47.33515 0.24339 0.14238 0.20254 0.41169 1636.029
1.495 0.60962 77.48515 0.47891 47.23674 0.24371 0.14198 0.20291 0.41140 1635.347
1.500 0.60918 77.38050 0.47792 47.13865 0.24402 0.14158 0.20328 0.41112 1634.666
1.505 0.60874 77.27595 0.47693 47.04087 0.24434 0.14117 0.20365 0.41083 1633.985
1.510 0.60830 77.17149 0.47594 46.94342 0.24466 0.14077 0.20403 0.41054 1633.304
1.515 0.60786 77.06714 0.47495 46.84628 0.24498 0.14037 0.20440 0.41025 1632.623
1.520 0.60743 76.96290 0.47397 46.74945 0.24529 0.13997 0.20477 0.40996 1631.943
1.525 0.60700 76.85875 0.47299 46.65294 0.24561 0.13957 0.20514 0.40967 1631.262
1.530 0.60657 76.75471 0.47202 46.55674 0.24593 0.13917 0.20552 0.40938 1630.582
1.535 0.60614 76.65078 0.47105 46.46085 0.24625 0.13877 0.20589 0.40909 1629.902
1.540 0.60571 76.54695 0.47008 46.36528 0.24656 0.13838 0.20626 0.40880 1629.222
1.545 0.60529 76.44323 0.46911 46.27001 0.24688 0.13798 0.20664 0.40851 1628.543
1.550 0.60486 76.33961 0.46815 46.17505 0.24719 0.13758 0.20701 0.40821 1627.863
1.555 0.60444 76.23610 0.46719 46.08040 0.24751 0.13719 0.20738 0.40792 1627.184
1.560 0.60402 76.13270 0.46623 45.98605 0.24783 0.13680 0.20776 0.40762 1626.505
1.565 0.60361 76.02941 0.46528 45.89201 0.24814 0.13640 0.20813 0.40732 1625.826
1.570 0.60319 75.92622 0.46433 45.79827 0.24846 0.13601 0.20851 0.40703 1625.147
1.575 0.60278 75.82315 0.46338 45.70483 0.24877 0.13562 0.20888 0.40673 1624.469
1.580 0.60237 75.72018 0.46244 45.61169 0.24909 0.13523 0.20926 0.40643 1623.791
1.585 0.60196 75.61733 0.46149 45.51885 0.24940 0.13484 0.20963 0.40613 1623.113
1.590 0.60156 75.51459 0.46056 45.42631 0.24972 0.13445 0.21001 0.40583 1622.435
1.595 0.60115 75.41196 0.45962 45.33407 0.25003 0.13406 0.21038 0.40553 1621.757
1.600 0.60075 75.30944 0.45869 45.24213 0.25034 0.13367 0.21076 0.40523 1621.080
1.605 0.60035 75.20704 0.45776 45.15048 0.25066 0.13329 0.21113 0.40492 1620.403
1.610 0.59995 75.10475 0.45683 45.05912 0.25097 0.13290 0.21151 0.40462 1619.726
1.615 0.59955 75.00257 0.45591 44.96806 0.25128 0.13252 0.21188 0.40432 1619.050
1.620 0.59916 74.90051 0.45499 44.87729 0.25160 0.13213 0.21226 0.40401 1618.373
1.625 0.59877 74.79857 0.45407 44.78681 0.25191 0.13175 0.21264 0.40371 1617.697
1.630 0.59837 74.69674 0.45316 44.69662 0.25222 0.13136 0.21301 0.40340 1617.021
1.635 0.59799 74.59502 0.45225 44.60672 0.25254 0.13098 0.21339 0.40309 1616.346
1.640 0.59760 74.49343 0.45134 44.51710 0.25285 0.13060 0.21377 0.40278 1615.671
1.645 0.59721 74.39195 0.45043 44.42778 0.25316 0.13022 0.21414 0.40248 1614.996
1.650 0.59683 74.29058 0.44953 44.33873 0.25347 0.12984 0.21452 0.40217 1614.321
1.655 0.59645 74.18934 0.44863 44.24998 0.25378 0.12946 0.21490 0.40186 1613.647
1.660 0.59607 74.08821 0.44773 44.16150 0.25410 0.12908 0.21527 0.40155 1612.973
1.665 0.59569 73.98721 0.44684 44.07331 0.25441 0.12871 0.21565 0.40123 1612.299
1.670 0.59531 73.88632 0.44595 43.98540 0.25472 0.12833 0.21603 0.40092 1611.625
1.675 0.59494 73.78556 0.44506 43.89777 0.25503 0.12796 0.21641 0.40061 1610.952
1.680 0.59456 73.68491 0.44417 43.81041 0.25534 0.12758 0.21678 0.40030 1610.279
1.685 0.59419 73.58438 0.44329 43.72334 0.25565 0.12721 0.21716 0.39998 1609.606
1.690 0.59382 73.48398 0.44241 43.63654 0.25596 0.12683 0.21754 0.39967 1608.934
1.695 0.59346 73.38370 0.44153 43.55002 0.25627 0.12646 0.21792 0.39935 1608.262
1.700 0.59309 73.28354 0.44066 43.46377 0.25658 0.12609 0.21830 0.39903 1607.590
1.705 0.59273 73.18350 0.43979 43.37780 0.25689 0.12572 0.21868 0.39872 1606.919
1.710 0.59236 73.08359 0.43892 43.29210 0.25720 0.12535 0.21905 0.39840 1606.248
1.715 0.59200 72.98380 0.43805 43.20667 0.25751 0.12498 0.21943 0.39808 1605.577
1.720 0.59164 72.88413 0.43719 43.12151 0.25781 0.12461 0.21981 0.39776 1604.907
1.725 0.59129 72.78459 0.43633 43.03662 0.25812 0.12424 0.22019 0.39744 1604.237
1.730 0.59093 72.68517 0.43547 42.95200 0.25843 0.12388 0.22057 0.39712 1603.567
1.735 0.59058 72.58587 0.43462 42.86765 0.25874 0.12351 0.22095 0.39680 1602.897
1.740 0.59023 72.48671 0.43376 42.78357 0.25905 0.12315 0.22133 0.39648 1602.228
1.745 0.58988 72.38766 0.43291 42.69975 0.25935 0.12278 0.22171 0.39615 1601.560
1.750 0.58953 72.28875 0.43207 42.61619 0.25966 0.12242 0.22209 0.39583 1600.891
1.755 0.58918 72.18996 0.43122 42.53290 0.25997 0.12205 0.22247 0.39551 1600.223
1.760 0.58883 72.09129 0.43038 42.44987 0.26028 0.12169 0.22285 0.39518 1599.555
1.765 0.58849 71.99276 0.42954 42.36710 0.26058 0.12133 0.22323 0.39486 1598.888
1.770 0.58815 71.89435 0.42870 42.28460 0.26089 0.12097 0.22361 0.39453 1598.221
1.775 0.58781 71.79607 0.42787 42.20235 0.26119 0.12061 0.22399 0.39421 1597.554
1.780 0.58747 71.69791 0.42704 42.12036 0.26150 0.12025 0.22437 0.39388 1596.888
1.785 0.58713 71.59989 0.42621 42.03863 0.26180 0.11989 0.22475 0.39355 1596.222
1.790 0.58680 71.50199 0.42538 41.95716 0.26211 0.11954 0.22513 0.39322 1595.557
1.795 0.58646 71.40422 0.42456 41.87594 0.26241 0.11918 0.22551 0.39289 1594.892
1.800 0.58613 71.30658 0.42374 41.79498 0.26272 0.11882 0.22589 0.39256 1594.227
1.805 0.58580 71.20907 0.42292 41.71427 0.26302 0.11847 0.22627 0.39223 1593.562
1.810 0.58547 71.11169 0.42211 41.63382 0.26333 0.11812 0.22666 0.39190 1592.898
1.815 0.58514 71.01444 0.42129 41.55361 0.26363 0.11776 0.22704 0.39157 1592.235
1.820 0.58482 70.91732 0.42048 41.47366 0.26394 0.11741 0.22742 0.39124 1591.572
1.825 0.58449 70.82034 0.41967 41.39396 0.26424 0.11706 0.22780 0.39090 1590.909
1.830 0.58417 70.72348 0.41887 41.31451 0.26454 0.11671 0.22818 0.39057 1590.246
1.835 0.58385 70.62675 0.41807 41.23530 0.26484 0.11636 0.22856 0.39024 1589.584
1.840 0.58353 70.53016 0.41727 41.15634 0.26515 0.11601 0.22894 0.38990 1588.923
1.845 0.58321 70.43369 0.41647 41.07763 0.26545 0.11566 0.22933 0.38957 1588.261
1.850 0.58289 70.33736 0.41567 40.99917 0.26575 0.11531 0.22971 0.38923 1587.600
1.855 0.58258 70.24116 0.41488 40.92095 0.26605 0.11496 0.23009 0.38889 1586.940
1.860 0.58226 70.14509 0.41409 40.84297 0.26635 0.11462 0.23047 0.38856 1586.280
1.865 0.58195 70.04916 0.41330 40.76524 0.26666 0.11427 0.23085 0.38822 1585.620
1.870 0.58164 69.95336 0.41251 40.68775 0.26696 0.11393 0.23124 0.38788 1584.961
1.875 0.58133 69.85769 0.41173 40.61050 0.26726 0.11358 0.23162 0.38754 1584.302
1.880 0.58102 69.76215 0.41095 40.53349 0.26756 0.11324 0.23200 0.38720 1583.644
1.885 0.58072 69.66675 0.41017 40.45672 0.26786 0.11290 0.23239 0.38686 1582.986
1.890 0.58041 69.57148 0.40940 40.38018 0.26816 0.11255 0.23277 0.38652 1582.328
1.895 0.58011 69.47635 0.40862 40.30389 0.26846 0.11221 0.23315 0.38618 1581.671
1.900 0.57981 69.38134 0.40785 40.22783 0.26876 0.11187 0.23353 0.38584 1581.014
1.905 0.57951 69.28648 0.40708 40.15201 0.26906 0.11153 0.23392 0.38549 1580.358
1.910 0.57921 69.19175 0.40632 40.07642 0.26935 0.11120 0.23430 0.38515 1579.702
1.915 0.57891 69.09715 0.40555 40.00107 0.26965 0.11086 0.23468 0.38481 1579.047
1.920 0.57861 69.00268 0.40479 39.92595 0.26995 0.11052 0.23507 0.38446 1578.392
1.925 0.57832 68.90836 0.40403 39.85106 0.27025 0.11018 0.23545 0.38412 1577.737
1.930 0.57803 68.81416 0.40327 39.77640 0.27055 0.10985 0.23583 0.38377 1577.083
1.935 0.57773 68.72011 0.40252 39.70197 0.27084 0.10951 0.23622 0.38343 1576.430
1.940 0.57744 68.62618 0.40177 39.62778 0.27114 0.10918 0.23660 0.38308 1575.776
1.945 0.57715 68.53240 0.40102 39.55381 0.27144 0.10885 0.23699 0.38273 1575.124
1.950 0.57687 68.43875 0.40027 39.48007 0.27173 0.10851 0.23737 0.38238 1574.471
1.955 0.57658 68.34523 0.39953 39.40656 0.27203 0.10818 0.23775 0.38204 1573.820
1.960 0.57630 68.25185 0.39878 39.33327 0.27232 0.10785 0.23814 0.38169 1573.168
1.965 0.57601 68.15861 0.39804 39.26021 0.27262 0.10752 0.23852 0.38134 1572.517
1.970 0.57573 68.06551 0.39730 39.18737 0.27291 0.10719 0.23891 0.38099 1571.867
1.975 0.57545 67.97254 0.39657 39.11476 0.27321 0.10686 0.23929 0.38064 1571.217
1.980 0.57517 67.87970 0.39583 39.04237 0.27350 0.10654 0.23967 0.38029 1570.567
1.985 0.57489 67.78701 0.39510 38.97021 0.27380 0.10621 0.24006 0.37994 1569.918
1.990 0.57462 67.69445 0.39437 38.89826 0.27409 0.10588 0.24044 0.37958 1569.269
1.995 0.57434 67.60203 0.39364 38.82654 0.27439 0.10556 0.24083 0.37923 1568.621
2.000 0.57407 67.50974 0.39292 38.75503 0.27468 0.10523 0.24121 0.37888 1567.973
2.005 0.57379 67.41759 0.39220 38.68374 0.27497 0.10491 0.24160 0.37852 1567.326
2.010 0.57352 67.32558 0.39148 38.61268 0.27526 0.10458 0.24198 0.37817 1566.679
2.015 0.57325 67.23371 0.39076 38.54183 0.27556 0.10426 0.24237 0.37781 1566.033
2.020 0.57298 67.14197 0.39004 38.47119 0.27585 0.10394 0.24275 0.37746 1565.387
2.025 0.57272 67.05038 0.38933 38.40077 0.27614 0.10362 0.24314 0.37710 1564.742
2.030 0.57245 66.95892 0.38862 38.33057 0.27643 0.10330 0.24352 0.37675 1564.097
2.035 0.57218 66.86759 0.38791 38.26058 0.27672 0.10298 0.24391 0.37639 1563.453
2.040 0.57192 66.77641 0.38720 38.19080 0.27701 0.10266 0.24429 0.37603 1562.809
2.045 0.57166 66.68536 0.38649 38.12124 0.27730 0.10234 0.24468 0.37568 1562.165
2.050 0.57140 66.59445 0.38579 38.05189 0.27759 0.10203 0.24506 0.37532 1561.522
2.055 0.57114 66.50368 0.38509 37.98275 0.27788 0.10171 0.24545 0.37496 1560.880
2.060 0.57088 66.41305 0.38439 37.91382 0.27817 0.10139 0.24583 0.37460 1560.238
2.065 0.57062 66.32256 0.38369 37.84510 0.27846 0.10108 0.24622 0.37424 1559.596
2.070 0.57037 66.23220 0.38300 37.77659 0.27875 0.10076 0.24660 0.37388 1558.955
2.075 0.57011 66.14199 0.38231 37.70828 0.27904 0.10045 0.24699 0.37352 1558.315
2.080 0.56986 66.05191 0.38162 37.64019 0.27933 0.10014 0.24737 0.37316 1557.675
2.085 0.56961 65.96197 0.38093 37.57230 0.27962 0.09983 0.24776 0.37280 1557.035
2.090 0.56935 65.87217 0.38024 37.50461 0.27990 0.09952 0.24815 0.37243 1556.396
2.095 0.56910 65.78250 0.37956 37.43713 0.28019 0.09920 0.24853 0.37207 1555.758
2.100 0.56886 65.69298 0.37888 37.36986 0.28048 0.09890 0.24892 0.37171 1555.120
2.105 0.56861 65.60359 0.37820 37.30279 0.28077 0.09859 0.24930 0.37134 1554.482
2.110 0.56836 65.51435 0.37752 37.23592 0.28105 0.09828 0.24969 0.37098 1553.845
2.115 0.56812 65.42524 0.37684 37.16925 0.28134 0.09797 0.25008 0.37062 1553.209
2.120 0.56787 65.33627 0.37617 37.10278 0.28162 0.09766 0.25046 0.37025 1552.573
2.125 0.56763 65.24744 0.37550 37.03652 0.28191 0.09736 0.25085 0.36989 1551.938
2.130 0.56739 65.15875 0.37483 36.97045 0.28219 0.09705 0.25123 0.36952 1551.303
2.135 0.56715 65.07020 0.37416 36.90459 0.28248 0.09675 0.25162 0.36915 1550.668
2.140 0.56691 64.98178 0.37349 36.83892 0.28276 0.09644 0.25201 0.36879 1550.034
2.145 0.56667 64.89351 0.37283 36.77345 0.28305 0.09614 0.25239 0.36842 1549.401
2.150 0.56644 64.80538 0.37217 36.70818 0.28333 0.09584 0.25278 0.36805 1548.768
2.155 0.56620 64.71738 0.37151 36.64310 0.28361 0.09554 0.25316 0.36768 1548.135
2.160 0.56597 64.62952 0.37085 36.57822 0.28390 0.09524 0.25355 0.36732 1547.504
2.165 0.56573 64.54180 0.37019 36.51353 0.28418 0.09494 0.25394 0.36695 1546.872
2.170 0.56550 64.45423 0.36954 36.44904 0.28446 0.09464 0.25432 0.36658 1546.241
2.175 0.56527 64.36679 0.36889 36.38474 0.28474 0.09434 0.25471 0.36621 1545.611
2.180 0.56504 64.27948 0.36824 36.32063 0.28503 0.09404 0.25510 0.36584 1544.981
2.185 0.56481 64.19232 0.36759 36.25672 0.28531 0.09374 0.25548 0.36547 1544.352
2.190 0.56459 64.10530 0.36694 36.19299 0.28559 0.09345 0.25587 0.36510 1543.723
2.195 0.56436 64.01842 0.36630 36.12946 0.28587 0.09315 0.25626 0.36472 1543.095
2.200 0.56414 63.93167 0.36566 36.06611 0.28615 0.09286 0.25664 0.36435 1542.467
2.205 0.56391 63.84507 0.36502 36.00296 0.28643 0.09256 0.25703 0.36398 1541.840
2.210 0.56369 63.75860 0.36438 35.94000 0.28671 0.09227 0.25742 0.36361 1541.214
2.215 0.56347 63.67227 0.36374 35.87722 0.28699 0.09198 0.25780 0.36323 1540.587
2.220 0.56325 63.58608 0.36311 35.81463 0.28727 0.09169 0.25819 0.36286 1539.962
2.225 0.56303 63.50003 0.36248 35.75222 0.28754 0.09139 0.25858 0.36249 1539.337
2.230 0.56281 63.41412 0.36184 35.69000 0.28782 0.09110 0.25896 0.36211 1538.712
2.235 0.56259 63.32835 0.36122 35.62797 0.28810 0.09081 0.25935 0.36174 1538.088
2.240 0.56237 63.24272 0.36059 35.56612 0.28838 0.09053 0.25974 0.36136 1537.465
2.245 0.56216 63.15723 0.35996 35.50446 0.28865 0.09024 0.26012 0.36099 1536.842
2.250 0.56195 63.07187 0.35934 35.44298 0.28893 0.08995 0.26051 0.36061 1536.220
2.255 0.56173 62.98665 0.35872 35.38168 0.28921 0.08966 0.26090 0.36023 1535.598
2.260 0.56152 62.90158 0.35810 35.32056 0.28948 0.08938 0.26128 0.35986 1534.977
2.265 0.56131 62.81664 0.35748 35.25962 0.28976 0.08909 0.26167 0.35948 1534.356
2.270 0.56110 62.73184 0.35687 35.19887 0.29003 0.08881 0.26206 0.35910 1533.736
2.275 0.56089 62.64718 0.35625 35.13829 0.29031 0.08852 0.26244 0.35873 1533.116
2.280 0.56068 62.56266 0.35564 35.07789 0.29058 0.08824 0.26283 0.35835 1532.497
2.285 0.56048 62.47827 0.35503 35.01767 0.29086 0.08796 0.26322 0.35797 1531.878
2.290 0.56027 62.39403 0.35442 34.95763 0.29113 0.08768 0.26360 0.35759 1531.260
2.295 0.56007 62.30992 0.35381 34.89777 0.29141 0.08739 0.26399 0.35721 1530.643
2.300 0.55986 62.22595 0.35321 34.83808 0.29168 0.08711 0.26438 0.35683 1530.026
2.305 0.55966 62.14212 0.35260 34.77857 0.29195 0.08683 0.26476 0.35645 1529.409
2.310 0.55946 62.05843 0.35200 34.71924 0.29222 0.08656 0.26515 0.35607 1528.794
2.315 0.55926 61.97487 0.35140 34.66008 0.29250 0.08628 0.26554 0.35569 1528.178
2.320 0.55906 61.89146 0.35080 34.60109 0.29277 0.08600 0.26592 0.35531 1527.564
2.325 0.55886 61.80818 0.35021 34.54228 0.29304 0.08572 0.26631 0.35493 1526.949
2.330 0.55867 61.72504 0.34961 34.48364 0.29331 0.08545 0.26670 0.35455 1526.336
2.335 0.55847 61.64204 0.34902 34.42517 0.29358 0.08517 0.26708 0.35416 1525.723
2.340 0.55827 61.55918 0.34843 34.36688 0.29385 0.08490 0.26747 0.35378 1525.110
2.345 0.55808 61.47645 0.34784 34.30875 0.29412 0.08462 0.26786 0.35340 1524.498
2.350 0.55789 61.39386 0.34725 34.25080 0.29439 0.08435 0.26825 0.35302 1523.887
2.355 0.55769 61.31141 0.34667 34.19301 0.29466 0.08408 0.26863 0.35263 1523.276
2.360 0.55750 61.22910 0.34608 34.13540 0.29493 0.08380 0.26902 0.35225 1522.666
2.365 0.55731 61.14693 0.34550 34.07795 0.29520 0.08353 0.26941 0.35187 1522.056
2.370 0.55712 61.06489 0.34492 34.02067 0.29546 0.08326 0.26979 0.35148 1521.447
2.375 0.55693 60.98299 0.34434 33.96356 0.29573 0.08299 0.27018 0.35110 1520.838
2.380 0.55675 60.90123 0.34376 33.90661 0.29600 0.08272 0.27057 0.35071 1520.230
2.385 0.55656 60.81960 0.34319 33.84984 0.29626 0.08246 0.27095 0.35033 1519.622
2.390 0.55638 60.73811 0.34261 33.79322 0.29653 0.08219 0.27134 0.34994 1519.016
2.395 0.55619 60.65676 0.34204 33.73677 0.29680 0.08192 0.27173 0.34955 1518.409
2.400 0.55601 60.57555 0.34147 33.68049 0.29706 0.08166 0.27211 0.34917 1517.803
2.405 0.55583 60.49447 0.34090 33.62437 0.29733 0.08139 0.27250 0.34878 1517.198
2.410 0.55564 60.41353 0.34033 33.56842 0.29759 0.08112 0.27289 0.34840 1516.593
2.415 0.55546 60.33273 0.33977 33.51262 0.29786 0.08086 0.27327 0.34801 1515.989
2.420 0.55528 60.25206 0.33921 33.45699 0.29812 0.08060 0.27366 0.34762 1515.386
2.425 0.55511 60.17153 0.33864 33.40152 0.29839 0.08033 0.27405 0.34723 1514.783
2.430 0.55493 60.09113 0.33808 33.34621 0.29865 0.08007 0.27443 0.34685 1514.180
2.435 0.55475 60.01087 0.33752 33.29106 0.29891 0.07981 0.27482 0.34646 1513.578
2.440 0.55457 59.93075 0.33697 33.23607 0.29917 0.07955 0.27521 0.34607 1512.977
2.445 0.55440 59.85077 0.33641 33.18124 0.29944 0.07929 0.27559 0.34568 1512.376
2.450 0.55423 59.77092 0.33586 33.12657 0.29970 0.07903 0.27598 0.34529 1511.776
2.455 0.55405 59.69120 0.33530 33.07206 0.29996 0.07877 0.27637 0.34490 1511.176
2.460 0.55388 59.61163 0.33475 33.01770 0.30022 0.07851 0.27675 0.34451 1510.577
2.465 0.55371 59.53218 0.33420 32.96350 0.30048 0.07826 0.27714 0.34412 1509.979
2.470 0.55354 59.45288 0.33365 32.90946 0.30074 0.07800 0.27753 0.34373 1509.381
2.475 0.55337 59.37371 0.33311 32.85558 0.30100 0.07774 0.27791 0.34334 1508.784
2.480 0.55320 59.29467 0.33256 32.80185 0.30126 0.07749 0.27830 0.34295 1508.187
2.485 0.55303 59.21577 0.33202 32.74827 0.30152 0.07723 0.27868 0.34256 1507.591
2.490 0.55287 59.13700 0.33148 32.69485 0.30178 0.07698 0.27907 0.34217 1506.995
2.495 0.55270 59.05837 0.33094 32.64158 0.30204 0.07673 0.27946 0.34178 1506.400
2.500 0.55254 58.97988 0.33040 32.58846 0.30230 0.07648 0.27984 0.34139 1505.805
2.505 0.55237 58.90152 0.32986 32.53550 0.30255 0.07622 0.28023 0.34099 1505.212
2.510 0.55221 58.82329 0.32933 32.48269 0.30281 0.07597 0.28062 0.34060 1504.618
2.515 0.55205 58.74520 0.32879 32.43003 0.30307 0.07572 0.28100 0.34021 1504.025
2.520 0.55188 58.66724 0.32826 32.37753 0.30332 0.07547 0.28139 0.33982 1503.433
2.525 0.55172 58.58942 0.32773 32.32517 0.30358 0.07522 0.28177 0.33942 1502.842
2.530 0.55156 58.51173 0.32720 32.27296 0.30383 0.07497 0.28216 0.33903 1502.251
2.535 0.55141 58.43417 0.32667 32.22090 0.30409 0.07473 0.28255 0.33864 1501.660
2.540 0.55125 58.35675 0.32615 32.16899 0.30434 0.07448 0.28293 0.33824 1501.070
2.545 0.55109 58.27946 0.32562 32.11723 0.30460 0.07423 0.28332 0.33785 1500.481
2.550 0.55093 58.20231 0.32510 32.06562 0.30485 0.07399 0.28370 0.33746 1499.892
2.555 0.55078 58.12529 0.32458 32.01415 0.30511 0.07374 0.28409 0.33706 1499.304
2.560 0.55062 58.04840 0.32406 31.96283 0.30536 0.07350 0.28447 0.33667 1498.716
2.565 0.55047 57.97165 0.32354 31.91166 0.30561 0.07325 0.28486 0.33627 1498.129
2.570 0.55032 57.89503 0.32302 31.86063 0.30586 0.07301 0.28525 0.33588 1497.543
2.575 0.55017 57.81854 0.32250 31.80975 0.30612 0.07277 0.28563 0.33548 1496.957
2.580 0.55001 57.74219 0.32199 31.75902 0.30637 0.07253 0.28602 0.33509 1496.372
2.585 0.54986 57.66597 0.32148 31.70842 0.30662 0.07229 0.28640 0.33469 1495.787
2.590 0.54971 57.58988 0.32097 31.65797 0.30687 0.07204 0.28679 0.33430 1495.203
2.595 0.54957 57.51392 0.32046 31.60767 0.30712 0.07180 0.28717 0.33390 1494.619
2.600 0.54942 57.43809 0.31995 31.55751 0.30737 0.07157 0.28756 0.33351 1494.036
2.605 0.54927 57.36240 0.31944 31.50748 0.30762 0.07133 0.28794 0.33311 1493.454
2.610 0.54912 57.28684 0.31893 31.45761 0.30787 0.07109 0.28833 0.33271 1492.872
2.615 0.54898 57.21141 0.31843 31.40787 0.30812 0.07085 0.28871 0.33232 1492.291
2.620 0.54883 57.13612 0.31793 31.35827 0.30837 0.07062 0.28910 0.33192 1491.710
2.625 0.54869 57.06095 0.31743 31.30881 0.30861 0.07038 0.28948 0.33152 1491.130
2.630 0.54855 56.98592 0.31693 31.25950 0.30886 0.07014 0.28987 0.33113 1490.551
2.635 0.54841 56.91101 0.31643 31.21032 0.30911 0.06991 0.29025 0.33073 1489.972
2.640 0.54826 56.83624 0.31593 31.16128 0.30935 0.06968 0.29064 0.33033 1489.393
2.645 0.54812 56.76160 0.31543 31.11238 0.30960 0.06944 0.29102 0.32993 1488.816
2.650 0.54798 56.68709 0.31494 31.06361 0.30985 0.06921 0.29141 0.32954 1488.238
2.655 0.54784 56.61271 0.31445 31.01499 0.31009 0.06898 0.29179 0.32914 1487.662
2.660 0.54771 56.53846 0.31396 30.96650 0.31034 0.06875 0.29218 0.32874 1487.086
2.665 0.54757 56.46435 0.31346 30.91815 0.31058 0.06852 0.29256 0.32834 1486.510
2.670 0.54743 56.39036 0.31298 30.86993 0.31083 0.06829 0.29295 0.32794 1485.935
2.675 0.54730 56.31650 0.31249 30.82185 0.31107 0.06806 0.29333 0.32754 1485.361
2.680 0.54716 56.24277 0.31200 30.77390 0.31131 0.06783 0.29371 0.32715 1484.788
2.685 0.54703 56.16917 0.31152 30.72609 0.31156 0.06760 0.29410 0.32675 1484.214
2.690 0.54689 56.09570 0.31103 30.67841 0.31180 0.06737 0.29448 0.32635 1483.642
2.695 0.54676 56.02237 0.31055 30.63087 0.31204 0.06714 0.29487 0.32595 1483.070
2.700 0.54663 55.94916 0.31007 30.58345 0.31228 0.06692 0.29525 0.32555 1482.498
2.705 0.54650 55.87607 0.30959 30.53618 0.31252 0.06669 0.29564 0.32515 1481.928
2.710 0.54637 55.80312 0.30911 30.48903 0.31276 0.06647 0.29602 0.32475 1481.357
2.715 0.54624 55.73030 0.30864 30.44201 0.31300 0.06624 0.29640 0.32435 1480.788
2.720 0.54611 55.65761 0.30816 30.39513 0.31324 0.06602 0.29679 0.32395 1480.219
2.725 0.54598 55.58504 0.30769 30.34838 0.31348 0.06580 0.29717 0.32355 1479.650
2.730 0.54585 55.51260 0.30722 30.30175 0.31372 0.06557 0.29755 0.32315 1479.082
2.735 0.54573 55.44029 0.30674 30.25526 0.31396 0.06535 0.29794 0.32275 1478.515
2.740 0.54560 55.36811 0.30627 30.20890 0.31420 0.06513 0.29832 0.32235 1477.948
2.745 0.54548 55.29606 0.30581 30.16266 0.31444 0.06491 0.29870 0.32195 1477.382
2.750 0.54535 55.22413 0.30534 30.11656 0.31467 0.06469 0.29909 0.32155 1476.817
2.755 0.54523 55.15233 0.30487 30.07058 0.31491 0.06447 0.29947 0.32115 1476.252
2.760 0.54510 55.08066 0.30441 30.02473 0.31515 0.06425 0.29985 0.32075 1475.687
2.765 0.54498 55.00912 0.30394 29.97901 0.31538 0.06403 0.30024 0.32035 1475.123
2.770 0.54486 54.93770 0.30348 29.93341 0.31562 0.06382 0.30062 0.31994 1474.560
2.775 0.54474 54.86641 0.30302 29.88794 0.31586 0.06360 0.30100 0.31954 1473.998
2.780 0.54462 54.79525 0.30256 29.84260 0.31609 0.06338 0.30139 0.31914 1473.435
2.785 0.54450 54.72421 0.30210 29.79738 0.31632 0.06317 0.30177 0.31874 1472.874
2.790 0.54438 54.65330 0.30164 29.75228 0.31656 0.06295 0.30215 0.31834 1472.313
2.795 0.54426 54.58251 0.30119 29.70731 0.31679 0.06274 0.30253 0.31794 1471.753
2.800 0.54415 54.51185 0.30073 29.66247 0.31703 0.06252 0.30292 0.31754 1471.193
2.805 0.54403 54.44132 0.30028 29.61775 0.31726 0.06231 0.30330 0.31713 1470.634
2.810 0.54391 54.37091 0.29983 29.57315 0.31749 0.06210 0.30368 0.31673 1470.075
2.815 0.54380 54.30063 0.29938 29.52867 0.31772 0.06189 0.30406 0.31633 1469.517
2.820 0.54369 54.23048 0.29893 29.48432 0.31795 0.06167 0.30444 0.31593 1468.960
2.825 0.54357 54.16045 0.29848 29.44009 0.31818 0.06146 0.30483 0.31553 1468.403
2.830 0.54346 54.09054 0.29803 29.39598 0.31841 0.06125 0.30521 0.31512 1467.847
2.835 0.54335 54.02076 0.29759 29.35199 0.31865 0.06104 0.30559 0.31472 1467.291
2.840 0.54324 53.95110 0.29714 29.30813 0.31887 0.06083 0.30597 0.31432 1466.736
2.845 0.54312 53.88157 0.29670 29.26438 0.31910 0.06063 0.30635 0.31392 1466.181
2.850 0.54301 53.81216 0.29626 29.22075 0.31933 0.06042 0.30673 0.31351 1465.627
2.855 0.54290 53.74288 0.29581 29.17725 0.31956 0.06021 0.30712 0.31311 1465.074
2.860 0.54280 53.67371 0.29537 29.13386 0.31979 0.06000 0.30750 0.31271 1464.521
2.865 0.54269 53.60468 0.29494 29.09059 0.32002 0.05980 0.30788 0.31231 1463.969
2.870 0.54258 53.53576 0.29450 29.04744 0.32024 0.05959 0.30826 0.31190 1463.418
2.875 0.54247 53.46697 0.29406 29.00440 0.32047 0.05939 0.30864 0.31150 1462.866
2.880 0.54237 53.39831 0.29363 28.96149 0.32070 0.05918 0.30902 0.31110 1462.316
2.885 0.54226 53.32976 0.29319 28.91869 0.32092 0.05898 0.30940 0.31069 1461.766
2.890 0.54216 53.26134 0.29276 28.87601 0.32115 0.05878 0.30978 0.31029 1461.217
2.895 0.54205 53.19305 0.29233 28.83344 0.32137 0.05858 0.31016 0.30989 1460.668
2.900 0.54195 53.12487 0.29190 28.79099 0.32160 0.05837 0.31054 0.30949 1460.120
2.905 0.54185 53.05682 0.29147 28.74866 0.32182 0.05817 0.31092 0.30908 1459.572
2.910 0.54174 52.98889 0.29104 28.70644 0.32205 0.05797 0.31130 0.30868 1459.025
2.915 0.54164 52.92108 0.29061 28.66433 0.32227 0.05777 0.31168 0.30828 1458.479
2.920 0.54154 52.85339 0.29019 28.62234 0.32249 0.05757 0.31206 0.30787 1457.933
2.925 0.54144 52.78582 0.28976 28.58047 0.32271 0.05737 0.31244 0.30747 1457.388
2.930 0.54134 52.71838 0.28934 28.53870 0.32294 0.05717 0.31282 0.30707 1456.843
2.935 0.54124 52.65105 0.28892 28.49705 0.32316 0.05698 0.31320 0.30666 1456.299
2.940 0.54115 52.58385 0.28850 28.45552 0.32338 0.05678 0.31358 0.30626 1455.756
2.945 0.54105 52.51677 0.28808 28.41409 0.32360 0.05658 0.31396 0.30586 1455.213
2.950 0.54095 52.44981 0.28766 28.37278 0.32382 0.05639 0.31434 0.30545 1454.670
2.955 0.54085 52.38297 0.28724 28.33158 0.32404 0.05619 0.31472 0.30505 1454.129
2.960 0.54076 52.31625 0.28682 28.29049 0.32426 0.05600 0.31510 0.30465 1453.587
2.965 0.54066 52.24965 0.28641 28.24951 0.32448 0.05580 0.31548 0.30424 1453.047
2.970 0.54057 52.18317 0.28599 28.20864 0.32469 0.05561 0.31586 0.30384 1452.507
2.975 0.54048 52.11680 0.28558 28.16788 0.32491 0.05542 0.31624 0.30343 1451.967
2.980 0.54038 52.05056 0.28517 28.12723 0.32513 0.05522 0.31662 0.30303 1451.428
2.985 0.54029 51.98444 0.28476 28.08669 0.32535 0.05503 0.31699 0.30263 1450.890
2.990 0.54020 51.91844 0.28435 28.04626 0.32556 0.05484 0.31737 0.30222 1450.352
2.995 0.54011 51.85255 0.28394 28.00594 0.32578 0.05465 0.31775 0.30182 1449.815
3.000 0.54002 51.78679 0.28353 27.96573 0.32600 0.05446 0.31813 0.30142 1449.279
3.005 0.53993 51.72114 0.28313 27.92562 0.32621 0.05427 0.31851 0.30101 1448.743
3.010 0.53984 51.65562 0.28272 27.88563 0.32643 0.05408 0.31888 0.30061 1448.207
3.015 0.53975 51.59021 0.28232 27.84573 0.32664 0.05389 0.31926 0.30021 1447.672
3.020 0.53966 51.52491 0.28191 27.80595 0.32685 0.05370 0.31964 0.29980 1447.138
3.025 0.53957 51.45974 0.28151 27.76627 0.32707 0.05352 0.32002 0.29940 1446.604
3.030 0.53949 51.39468 0.28111 27.72670 0.32728 0.05333 0.32040 0.29900 1446.071
3.035 0.53940 51.32974 0.28071 27.68723 0.32749 0.05314 0.32077 0.29859 1445.539
3.040 0.53931 51.26492 0.28031 27.64787 0.32771 0.05296 0.32115 0.29819 1445.007
3.045 0.53923 51.20022 0.27991 27.60862 0.32792 0.05277 0.32153 0.29778 1444.475
3.050 0.53914 51.13563 0.27951 27.56947 0.32813 0.05259 0.32190 0.29738 1443.944
3.055 0.53906 51.07116 0.27912 27.53042 0.32834 0.05240 0.32228 0.29698 1443.414
3.060 0.53898 51.00681 0.27872 27.49148 0.32855 0.05222 0.32266 0.29657 1442.884
3.065 0.53889 50.94257 0.27833 27.45264 0.32876 0.05204 0.32303 0.29617 1442.355
3.070 0.53881 50.87845 0.27794 27.41390 0.32897 0.05185 0.32341 0.29577 1441.827
3.075 0.53873 50.81444 0.27755 27.37527 0.32918 0.05167 0.32379 0.29536 1441.299
3.080 0.53865 50.75055 0.27715 27.33674 0.32939 0.05149 0.32416 0.29496 1440.771
3.085 0.53857 50.68678 0.27677 27.29831 0.32959 0.05131 0.32454 0.29456 1440.244
3.090 0.53849 50.62312 0.27638 27.25998 0.32980 0.05113 0.32491 0.29415 1439.718
3.095 0.53841 50.55957 0.27599 27.22176 0.33001 0.05095 0.32529 0.29375 1439.193
3.100 0.53833 50.49614 0.27560 27.18363 0.33022 0.05077 0.32567 0.29335 1438.667
3.105 0.53825 50.43283 0.27522 27.14561 0.33042 0.05059 0.32604 0.29294 1438.143
3.110 0.53818 50.36963 0.27483 27.10769 0.33063 0.05041 0.32642 0.29254 1437.619
3.115 0.53810 50.30654 0.27445 27.06987 0.33083 0.05024 0.32679 0.29214 1437.095
3.120 0.53802 50.24357 0.27407 27.03214 0.33104 0.05006 0.32717 0.29174 1436.573
3.125 0.53795 50.18072 0.27369 26.99452 0.33124 0.04988 0.32754 0.29133 1436.050
3.130 0.53787 50.11797 0.27330 26.95700 0.33145 0.04971 0.32792 0.29093 1435.529
3.135 0.53780 50.05534 0.27293 26.91957 0.33165 0.04953 0.32829 0.29053 1435.007
3.140 0.53772 49.99283 0.27255 26.88224 0.33185 0.04936 0.32867 0.29012 1434.487
3.145 0.53765 49.93043 0.27217 26.84502 0.33206 0.04918 0.32904 0.28972 1433.967
3.150 0.53758 49.86814 0.27179 26.80788 0.33226 0.04901 0.32941 0.28932 1433.447
3.155 0.53750 49.80596 0.27142 26.77085 0.33246 0.04883 0.32979 0.28892 1432.928
3.160 0.53743 49.74390 0.27104 26.73392 0.33266 0.04866 0.33016 0.28851 1432.410
3.165 0.53736 49.68194 0.27067 26.69708 0.33286 0.04849 0.33054 0.28811 1431.892
3.170 0.53729 49.62011 0.27030 26.66033 0.33306 0.04832 0.33091 0.28771 1431.375
3.175 0.53722 49.55838 0.26993 26.62369 0.33326 0.04815 0.33128 0.28731 1430.859
3.180 0.53715 49.49676 0.26955 26.58714 0.33346 0.04798 0.33166 0.28690 1430.343
3.185 0.53708 49.43526 0.26919 26.55068 0.33366 0.04781 0.33203 0.28650 1429.827
3.190 0.53701 49.37387 0.26882 26.51432 0.33386 0.04764 0.33240 0.28610 1429.312
3.195 0.53694 49.31259 0.26845 26.47805 0.33406 0.04747 0.33278 0.28570 1428.798
3.200 0.53688 49.25142 0.26808 26.44188 0.33426 0.04730 0.33315 0.28530 1428.284
3.205 0.53681 49.19036 0.26772 26.40581 0.33446 0.04713 0.33352 0.28489 1427.771
3.210 0.53674 49.12941 0.26735 26.36983 0.33465 0.04696 0.33389 0.28449 1427.258
3.215 0.53668 49.06858 0.26699 26.33394 0.33485 0.04680 0.33427 0.28409 1426.746
3.220 0.53661 49.00785 0.26662 26.29814 0.33505 0.04663 0.33464 0.28369 1426.234
3.225 0.53655 48.94723 0.26626 26.26244 0.33524 0.04646 0.33501 0.28329 1425.723
3.230 0.53648 48.88673 0.26590 26.22683 0.33544 0.04630 0.33538 0.28289 1425.213
3.235 0.53642 48.82633 0.26554 26.19131 0.33563 0.04613 0.33575 0.28248 1424.703
3.240 0.53635 48.76605 0.26518 26.15589 0.33582 0.04597 0.33612 0.28208 1424.194
3.245 0.53629 48.70587 0.26482 26.12055 0.33602 0.04580 0.33650 0.28168 1423.685
3.250 0.53623 48.64580 0.26447 26.08531 0.33621 0.04564 0.33687 0.28128 1423.177
3.255 0.53617 48.58584 0.26411 26.05016 0.33640 0.04548 0.33724 0.28088 1422.669
3.260 0.53611 48.52599 0.26376 26.01510 0.33660 0.04532 0.33761 0.28048 1422.162
3.265 0.53605 48.46625 0.26340 25.98013 0.33679 0.04515 0.33798 0.28008 1421.656
3.270 0.53599 48.40662 0.26305 25.94525 0.33698 0.04499 0.33835 0.27968 1421.150
3.275 0.53593 48.34709 0.26269 25.91046 0.33717 0.04483 0.33872 0.27928 1420.644
3.280 0.53587 48.28768 0.26234 25.87577 0.33736 0.04467 0.33909 0.27888 1420.139
3.285 0.53581 48.22837 0.26199 25.84116 0.33755 0.04451 0.33946 0.27848 1419.635
3.290 0.53575 48.16917 0.26164 25.80664 0.33774 0.04435 0.33983 0.27808 1419.131
3.295 0.53569 48.11007 0.26129 25.77220 0.33793 0.04419 0.34020 0.27768 1418.628
3.300 0.53564 48.05109 0.26094 25.73786 0.33812 0.04403 0.34057 0.27728 1418.126
3.305 0.53558 47.99221 0.26060 25.70360 0.33831 0.04388 0.34094 0.27688 1417.624
3.310 0.53552 47.93343 0.26025 25.66944 0.33850 0.04372 0.34131 0.27648 1417.122
3.315 0.53547 47.87477 0.25991 25.63536 0.33868 0.04356 0.34168 0.27608 1416.621
3.320 0.53541 47.81621 0.25956 25.60136 0.33887 0.04341 0.34205 0.27568 1416.121
3.325 0.53536 47.75776 0.25922 25.56746 0.33906 0.04325 0.34242 0.27528 1415.621
3.330 0.53530 47.69941 0.25887 25.53364 0.33924 0.04309 0.34279 0.27488 1415.122
3.335 0.53525 47.64117 0.25853 25.49991 0.33943 0.04294 0.34315 0.27448 1414.623
3.340 0.53520 47.58304 0.25819 25.46626 0.33961 0.04278 0.34352 0.27408 1414.125
3.345 0.53514 47.52501 0.25785 25.43270 0.33980 0.04263 0.34389 0.27368 1413.627
3.350 0.53509 47.46709 0.25751 25.39923 0.33998 0.04248 0.34426 0.27328 1413.130
3.355 0.53504 47.40927 0.25717 25.36584 0.34017 0.04232 0.34463 0.27288 1412.633
3.360 0.53499 47.35155 0.25684 25.33254 0.34035 0.04217 0.34499 0.27249 1412.137
3.365 0.53494 47.29395 0.25650 25.29932 0.34053 0.04202 0.34536 0.27209 1411.642
3.370 0.53489 47.23644 0.25616 25.26618 0.34072 0.04187 0.34573 0.27169 1411.147
3.375 0.53484 47.17904 0.25583 25.23313 0.34090 0.04172 0.34610 0.27129 1410.653
3.380 0.53479 47.12175 0.25549 25.20017 0.34108 0.04157 0.34646 0.27089 1410.159
3.385 0.53474 47.06456 0.25516 25.16728 0.34126 0.04142 0.34683 0.27049 1409.666
3.390 0.53469 47.00747 0.25483 25.13448 0.34144 0.04127 0.34720 0.27010 1409.173
3.395 0.53464 46.95049 0.25450 25.10177 0.34162 0.04112 0.34756 0.26970 1408.681
3.400 0.53460 46.89361 0.25416 25.06913 0.34180 0.04097 0.34793 0.26930 1408.189
3.405 0.53455 46.83683 0.25383 25.03658 0.34198 0.04082 0.34830 0.26891 1407.698
3.410 0.53450 46.78016 0.25351 25.00411 0.34216 0.04067 0.34866 0.26851 1407.207
3.415 0.53446 46.72358 0.25318 24.97173 0.34234 0.04052 0.34903 0.26811 1406.718
3.420 0.53441 46.66712 0.25285 24.93942 0.34251 0.04038 0.34939 0.26772 1406.228
3.425 0.53437 46.61075 0.25252 24.90720 0.34269 0.04023 0.34976 0.26732 1405.739
3.430 0.53432 46.55449 0.25220 24.87506 0.34287 0.04009 0.35012 0.26692 1405.251
3.435 0.53428 46.49833 0.25187 24.84300 0.34305 0.03994 0.35049 0.26653 1404.763
3.440 0.53423 46.44227 0.25155 24.81102 0.34322 0.03979 0.35085 0.26613 1404.276
3.445 0.53419 46.38631 0.25122 24.77912 0.34340 0.03965 0.35122 0.26573 1403.789
3.450 0.53415 46.33046 0.25090 24.74730 0.34357 0.03951 0.35158 0.26534 1403.303
3.455 0.53411 46.27470 0.25058 24.71556 0.34375 0.03936 0.35195 0.26494 1402.817
3.460 0.53406 46.21905 0.25026 24.68390 0.34392 0.03922 0.35231 0.26455 1402.332
3.465 0.53402 46.16350 0.24994 24.65232 0.34409 0.03908 0.35268 0.26415 1401.848
3.470 0.53398 46.10805 0.24962 24.62081 0.34427 0.03893 0.35304 0.26376 1401.364
3.475 0.53394 46.05270 0.24930 24.58939 0.34444 0.03879 0.35340 0.26336 1400.880
3.480 0.53390 45.99745 0.24898 24.55805 0.34461 0.03865 0.35377 0.26297 1400.397
3.485 0.53386 45.94230 0.24867 24.52678 0.34479 0.03851 0.35413 0.26257 1399.915
3.490 0.53382 45.88725 0.24835 24.49559 0.34496 0.03837 0.35449 0.26218 1399.433
3.495 0.53378 45.83230 0.24803 24.46448 0.34513 0.03823 0.35486 0.26179 1398.952
3.500 0.53374 45.77745 0.24772 24.43345 0.34530 0.03809 0.35522 0.26139 1398.471
3.505 0.53371 45.72270 0.24741 24.40250 0.34547 0.03795 0.35558 0.26100 1397.991
3.510 0.53367 45.66804 0.24709 24.37162 0.34564 0.03781 0.35594 0.26060 1397.511
3.515 0.53363 45.61349 0.24678 24.34082 0.34581 0.03767 0.35631 0.26021 1397.032
3.520 0.53360 45.55904 0.24647 24.31009 0.34598 0.03754 0.35667 0.25982 1396.553
3.525 0.53356 45.50468 0.24616 24.27945 0.34615 0.03740 0.35703 0.25943 1396.075
3.530 0.53352 45.45043 0.24585 24.24888 0.34631 0.03726 0.35739 0.25903 1395.597
3.535 0.53349 45.39627 0.24554 24.21838 0.34648 0.03713 0.35775 0.25864 1395.120
3.540 0.53345 45.34221 0.24523 24.18796 0.34665 0.03699 0.35811 0.25825 1394.644
3.545 0.53342 45.28825 0.24492 24.15761 0.34681 0.03686 0.35848 0.25786 1394.168
3.550 0.53339 45.23439 0.24462 24.12734 0.34698 0.03672 0.35884 0.25746 1393.692
3.555 0.53335 45.18062 0.24431 24.09715 0.34715 0.03659 0.35920 0.25707 1393.217
3.560 0.53332 45.12695 0.24400 24.06703 0.34731 0.03645 0.35956 0.25668 1392.743
3.565 0.53329 45.07338 0.24370 24.03698 0.34748 0.03632 0.35992 0.25629 1392.269
3.570 0.53325 45.01991 0.24340 24.00701 0.34764 0.03618 0.36028 0.25590 1391.796
3.575 0.53322 44.96653 0.24309 23.97711 0.34780 0.03605 0.36064 0.25551 1391.323
3.580 0.53319 44.91325 0.24279 23.94729 0.34797 0.03592 0.36100 0.25512 1390.851
3.585 0.53316 44.86007 0.24249 23.91754 0.34813 0.03579 0.36136 0.25473 1390.379
3.590 0.53313 44.80698 0.24219 23.88786 0.34829 0.03566 0.36172 0.25434 1389.908
3.595 0.53310 44.75399 0.24189 23.85826 0.34845 0.03552 0.36208 0.25395 1389.437
3.600 0.53307 44.70109 0.24159 23.82873 0.34862 0.03539 0.36243 0.25356 1388.967
3.605 0.53304 44.64829 0.24129 23.79927 0.34878 0.03526 0.36279 0.25317 1388.497
3.610 0.53301 44.59559 0.24099 23.76988 0.34894 0.03513 0.36315 0.25278 1388.028
3.615 0.53298 44.54298 0.24069 23.74056 0.34910 0.03500 0.36351 0.25239 1387.560
3.620 0.53295 44.49047 0.24040 23.71132 0.34926 0.03488 0.36387 0.25200 1387.092
3.625 0.53293 44.43805 0.24010 23.68215 0.34942 0.03475 0.36423 0.25161 1386.624
3.630 0.53290 44.38572 0.23981 23.65305 0.34958 0.03462 0.36459 0.25122 1386.157
3.635 0.53287 44.33349 0.23951 23.62402 0.34973 0.03449 0.36494 0.25083 1385.690
3.640 0.53284 44.28136 0.23922 23.59506 0.34989 0.03436 0.36530 0.25044 1385.224
3.645 0.53282 44.22932 0.23893 23.56617 0.35005 0.03424 0.36566 0.25006 1384.759
3.650 0.53279 44.17737 0.23863 23.53736 0.35021 0.03411 0.36601 0.24967 1384.294
3.655 0.53277 44.12552 0.23834 23.50861 0.35036 0.03398 0.36637 0.24928 1383.830
3.660 0.53274 44.07376 0.23805 23.47993 0.35052 0.03386 0.36673 0.24889 1383.366
3.665 0.53272 44.02210 0.23776 23.45133 0.35068 0.03373 0.36708 0.24851 1382.902
3.670 0.53269 43.97053 0.23747 23.42279 0.35083 0.03361 0.36744 0.24812 1382.440
3.675 0.53267 43.91905 0.23718 23.39432 0.35099 0.03348 0.36780 0.24773 1381.977
3.680 0.53265 43.86766 0.23690 23.36592 0.35114 0.03336 0.36815 0.24735 1381.515
3.685 0.53262 43.81637 0.23661 23.33759 0.35129 0.03324 0.36851 0.24696 1381.054
3.690 0.53260 43.76517 0.23632 23.30933 0.35145 0.03311 0.36886 0.24658 1380.593
3.695 0.53258 43.71406 0.23604 23.28114 0.35160 0.03299 0.36922 0.24619 1380.133
3.700 0.53256 43.66305 0.23575 23.25301 0.35175 0.03287 0.36957 0.24581 1379.673
3.705 0.53253 43.61213 0.23547 23.22495 0.35190 0.03275 0.36993 0.24542 1379.214
3.710 0.53251 43.56130 0.23518 23.19696 0.35206 0.03262 0.37028 0.24504 1378.755
3.715 0.53249 43.51056 0.23490 23.16904 0.35221 0.03250 0.37064 0.24465 1378.297
3.720 0.53247 43.45991 0.23462 23.14119 0.35236 0.03238 0.37099 0.24427 1377.839
3.725 0.53245 43.40935 0.23434 23.11340 0.35251 0.03226 0.37135 0.24388 1377.382
3.730 0.53243 43.35889 0.23406 23.08568 0.35266 0.03214 0.37170 0.24350 1376.926
3.735 0.53241 43.30851 0.23377 23.05803 0.35281 0.03202 0.37205 0.24311 1376.469
3.740 0.53239 43.25823 0.23350 23.03044 0.35296 0.03190 0.37241 0.24273 1376.014
3.745 0.53238 43.20804 0.23322 23.00292 0.35311 0.03178 0.37276 0.24235 1375.559
3.750 0.53236 43.15794 0.23294 22.97546 0.35325 0.03167 0.37311 0.24197 1375.104
3.755 0.53234 43.10793 0.23266 22.94808 0.35340 0.03155 0.37347 0.24158 1374.650
3.760 0.53232 43.05800 0.23238 22.92075 0.35355 0.03143 0.37382 0.24120 1374.196
3.765 0.53231 43.00817 0.23211 22.89349 0.35370 0.03131 0.37417 0.24082 1373.743
3.770 0.53229 42.95843 0.23183 22.86630 0.35384 0.03120 0.37452 0.24044 1373.291
3.775 0.53227 42.90878 0.23156 22.83917 0.35399 0.03108 0.37488 0.24006 1372.839
3.780 0.53226 42.85922 0.23128 22.81211 0.35413 0.03096 0.37523 0.23967 1372.387
3.785 0.53224 42.80974 0.23101 22.78511 0.35428 0.03085 0.37558 0.23929 1371.936
3.790 0.53223 42.76036 0.23073 22.75818 0.35442 0.03073 0.37593 0.23891 1371.485
3.795 0.53221 42.71106 0.23046 22.73131 0.35457 0.03062 0.37628 0.23853 1371.035
3.800 0.53220 42.66186 0.23019 22.70450 0.35471 0.03050 0.37663 0.23815 1370.586
3.805 0.53218 42.61274 0.22992 22.67776 0.35485 0.03039 0.37698 0.23777 1370.137
3.810 0.53217 42.56371 0.22965 22.65108 0.35500 0.03028 0.37734 0.23739 1369.688
3.815 0.53216 42.51477 0.22938 22.62447 0.35514 0.03016 0.37769 0.23701 1369.240
3.820 0.53214 42.46591 0.22911 22.59792 0.35528 0.03005 0.37804 0.23663 1368.793
3.825 0.53213 42.41715 0.22884 22.57143 0.35542 0.02994 0.37839 0.23626 1368.346
3.830 0.53212 42.36847 0.22857 22.54500 0.35556 0.02983 0.37874 0.23588 1367.899
3.835 0.53211 42.31988 0.22831 22.51864 0.35570 0.02971 0.37909 0.23550 1367.453
3.840 0.53209 42.27138 0.22804 22.49234 0.35584 0.02960 0.37943 0.23512 1367.007
3.845 0.53208 42.22296 0.22777 22.46610 0.35598 0.02949 0.37978 0.23474 1366.562
3.850 0.53207 42.17463 0.22751 22.43992 0.35612 0.02938 0.38013 0.23437 1366.118
3.855 0.53206 42.12639 0.22724 22.41381 0.35626 0.02927 0.38048 0.23399 1365.674
3.860 0.53205 42.07823 0.22698 22.38776 0.35640 0.02916 0.38083 0.23361 1365.230
3.865 0.53204 42.03017 0.22672 22.36176 0.35654 0.02905 0.38118 0.23323 1364.787
3.870 0.53203 41.98218 0.22645 22.33583 0.35667 0.02894 0.38153 0.23286 1364.345
3.875 0.53202 41.93429 0.22619 22.30996 0.35681 0.02883 0.38187 0.23248 1363.903
3.880 0.53201 41.88647 0.22593 22.28416 0.35695 0.02872 0.38222 0.23211 1363.461
3.885 0.53200 41.83875 0.22567 22.25841 0.35708 0.02862 0.38257 0.23173 1363.020
3.890 0.53200 41.79111 0.22541 22.23272 0.35722 0.02851 0.38292 0.23136 1362.579
3.895 0.53199 41.74356 0.22515 22.20709 0.35735 0.02840 0.38326 0.23098 1362.139
3.900 0.53198 41.69609 0.22489 22.18153 0.35749 0.02829 0.38361 0.23061 1361.700
3.905 0.53197 41.64870 0.22463 22.15602 0.35762 0.02819 0.38396 0.23023 1361.261
3.910 0.53197 41.60140 0.22437 22.13057 0.35776 0.02808 0.38430 0.22986 1360.822
3.915 0.53196 41.55419 0.22411 22.10518 0.35789 0.02798 0.38465 0.22948 1360.384
3.920 0.53195 41.50706 0.22386 22.07985 0.35802 0.02787 0.38500 0.22911 1359.946
3.925 0.53195 41.46001 0.22360 22.05458 0.35816 0.02777 0.38534 0.22874 1359.509
3.930 0.53194 41.41305 0.22335 22.02937 0.35829 0.02766 0.38569 0.22837 1359.073
3.935 0.53194 41.36618 0.22309 22.00422 0.35842 0.02756 0.38603 0.22799 1358.636
3.940 0.53193 41.31938 0.22284 21.97913 0.35855 0.02745 0.38638 0.22762 1358.201
3.945 0.53193 41.27267 0.22258 21.95409 0.35868 0.02735 0.38672 0.22725 1357.766
3.950 0.53192 41.22605 0.22233 21.92912 0.35881 0.02724 0.38707 0.22688 1357.331
3.955 0.53192 41.17951 0.22208 21.90420 0.35894 0.02714 0.38741 0.22651 1356.897
3.960 0.53192 41.13305 0.22182 21.87934 0.35907 0.02704 0.38776 0.22613 1356.463
3.965 0.53191 41.08667 0.22157 21.85454 0.35920 0.02694 0.38810 0.22576 1356.030
3.970 0.53191 41.04038 0.22132 21.82979 0.35933 0.02683 0.38844 0.22539 1355.597
3.975 0.53191 40.99417 0.22107 21.80510 0.35946 0.02673 0.38879 0.22502 1355.165
3.980 0.53191 40.94804 0.22082 21.78047 0.35958 0.02663 0.38913 0.22465 1354.733
3.985 0.53190 40.90199 0.22057 21.75590 0.35971 0.02653 0.38947 0.22428 1354.302
3.990 0.53190 40.85603 0.22032 21.73138 0.35984 0.02643 0.38982 0.22391 1353.871
3.995 0.53190 40.81015 0.22008 21.70692 0.35997 0.02633 0.39016 0.22355 1353.441
4.000 0.53190 40.76435 0.21983 21.68252 0.36009 0.02623 0.39050 0.22318 1353.011
4.005 0.53190 40.71863 0.21958 21.65817 0.36022 0.02613 0.39084 0.22281 1352.582
4.010 0.53190 40.67299 0.21934 21.63388 0.36034 0.02603 0.39119 0.22244 1352.153
4.015 0.53190 40.62744 0.21909 21.60964 0.36047 0.02593 0.39153 0.22207 1351.724
4.020 0.53190 40.58196 0.21885 21.58546 0.36059 0.02583 0.39187 0.22171 1351.296
4.025 0.53190 40.53657 0.21860 21.56134 0.36071 0.02574 0.39221 0.22134 1350.869
4.030 0.53190 40.49126 0.21836 21.53727 0.36084 0.02564 0.39255 0.22097 1350.442
4.035 0.53190 40.44603 0.21811 21.51325 0.36096 0.02554 0.39289 0.22061 1350.016
4.040 0.53190 40.40088 0.21787 21.48929 0.36108 0.02544 0.39323 0.22024 1349.590
