timeGa Urey Qt heat/H0 heatTW 1HPE 2HPE 3HPE 4HPE TempC
0.005 0.28011 36.00000 1.00038 10.08382 0.37215 0.01647 0.42994 0.18143 1350.584
0.010 0.27991 36.06110 1.00136 10.09371 0.37207 0.01654 0.42963 0.18176 1351.169
0.015 0.27970 36.12239 1.00234 10.10361 0.37199 0.01661 0.42931 0.18209 1351.755
0.020 0.27950 36.18387 1.00333 10.11354 0.37192 0.01667 0.42900 0.18241 1352.342
0.025 0.27930 36.24553 1.00431 10.12349 0.37184 0.01674 0.42868 0.18274 1352.930
0.030 0.27910 36.30738 1.00530 10.13346 0.37176 0.01680 0.42837 0.18307 1353.520
0.035 0.27890 36.36942 1.00629 10.14345 0.37168 0.01687 0.42805 0.18340 1354.111
0.040 0.27870 36.43166 1.00729 10.15346 0.37161 0.01694 0.42773 0.18372 1354.703
0.045 0.27850 36.49408 1.00828 10.16350 0.37153 0.01700 0.42742 0.18405 1355.296
0.050 0.27830 36.55669 1.00928 10.17355 0.37145 0.01707 0.42710 0.18438 1355.890
0.055 0.27809 36.61950 1.01028 10.18363 0.37137 0.01714 0.42678 0.18471 1356.486
0.060 0.27789 36.68250 1.01128 10.19372 0.37129 0.01720 0.42647 0.18504 1357.082
0.065 0.27769 36.74569 1.01229 10.20384 0.37121 0.01727 0.42615 0.18537 1357.680
0.070 0.27749 36.80908 1.01329 10.21398 0.37113 0.01734 0.42583 0.18570 1358.279
0.075 0.27728 36.87267 1.01430 10.22414 0.37104 0.01741 0.42551 0.18603 1358.880
0.080 0.27708 36.93645 1.01531 10.23432 0.37096 0.01748 0.42520 0.18636 1359.481
0.085 0.27688 37.00043 1.01632 10.24453 0.37088 0.01755 0.42488 0.18670 1360.084
0.090 0.27667 37.06460 1.01734 10.25475 0.37080 0.01761 0.42456 0.18703 1360.688
0.095 0.27647 37.12898 1.01835 10.26500 0.37071 0.01768 0.42424 0.18736 1361.293
0.100 0.27626 37.19356 1.01937 10.27527 0.37063 0.01775 0.42392 0.18769 1361.899
0.105 0.27606 37.25834 1.02039 10.28556 0.37055 0.01782 0.42360 0.18803 1362.507
0.110 0.27586 37.32332 1.02142 10.29587 0.37046 0.01789 0.42328 0.18836 1363.116
0.115 0.27565 37.38850 1.02244 10.30621 0.37038 0.01796 0.42296 0.18869 1363.726
0.120 0.27545 37.45389 1.02347 10.31656 0.37029 0.01803 0.42264 0.18903 1364.337
0.125 0.27524 37.51948 1.02450 10.32694 0.37021 0.01811 0.42232 0.18936 1364.949
0.130 0.27504 37.58528 1.02553 10.33734 0.37012 0.01818 0.42200 0.18970 1365.563
0.135 0.27483 37.65128 1.02656 10.34777 0.37004 0.01825 0.42168 0.19003 1366.178
0.140 0.27463 37.71749 1.02760 10.35821 0.36995 0.01832 0.42136 0.19037 1366.794
0.145 0.27442 37.78391 1.02864 10.36868 0.36986 0.01839 0.42104 0.19071 1367.412
0.150 0.27421 37.85054 1.02968 10.37917 0.36978 0.01846 0.42072 0.19104 1368.031
0.155 0.27401 37.91738 1.03072 10.38968 0.36969 0.01854 0.42040 0.19138 1368.651
0.160 0.27380 37.98443 1.03177 10.40022 0.36960 0.01861 0.42007 0.19172 1369.272
0.165 0.27360 38.05169 1.03281 10.41077 0.36951 0.01868 0.41975 0.19206 1369.895
0.170 0.27339 38.11916 1.03386 10.42136 0.36942 0.01875 0.41943 0.19239 1370.519
0.175 0.27318 38.18685 1.03492 10.43196 0.36933 0.01883 0.41911 0.19273 1371.144
0.180 0.27297 38.25475 1.03597 10.44258 0.36924 0.01890 0.41878 0.19307 1371.771
0.185 0.27277 38.32287 1.03703 10.45323 0.36915 0.01898 0.41846 0.19341 1372.398
0.190 0.27256 38.39121 1.03809 10.46391 0.36906 0.01905 0.41814 0.19375 1373.027
0.195 0.27235 38.45976 1.03915 10.47460 0.36897 0.01912 0.41781 0.19409 1373.658
0.200 0.27214 38.52853 1.04021 10.48532 0.36888 0.01920 0.41749 0.19443 1374.289
0.205 0.27194 38.59752 1.04128 10.49606 0.36879 0.01927 0.41717 0.19477 1374.922
0.210 0.27173 38.66674 1.04234 10.50683 0.36870 0.01935 0.41684 0.19511 1375.557
0.215 0.27152 38.73617 1.04341 10.51761 0.36860 0.01942 0.41652 0.19545 1376.192
0.220 0.27131 38.80583 1.04449 10.52842 0.36851 0.01950 0.41619 0.19580 1376.829
0.225 0.27110 38.87571 1.04556 10.53926 0.36842 0.01958 0.41587 0.19614 1377.468
0.230 0.27089 38.94581 1.04664 10.55012 0.36832 0.01965 0.41554 0.19648 1378.107
0.235 0.27068 39.01614 1.04772 10.56100 0.36823 0.01973 0.41522 0.19682 1378.748
0.240 0.27047 39.08670 1.04880 10.57190 0.36813 0.01981 0.41489 0.19717 1379.391
0.245 0.27026 39.15748 1.04988 10.58283 0.36804 0.01988 0.41457 0.19751 1380.034
0.250 0.27005 39.22850 1.05097 10.59379 0.36794 0.01996 0.41424 0.19785 1380.679
0.255 0.26984 39.29974 1.05206 10.60476 0.36785 0.02004 0.41391 0.19820 1381.326
0.260 0.26963 39.37121 1.05315 10.61576 0.36775 0.02012 0.41359 0.19854 1381.973
0.265 0.26942 39.44292 1.05424 10.62679 0.36765 0.02020 0.41326 0.19889 1382.623
0.270 0.26921 39.51486 1.05534 10.63784 0.36756 0.02027 0.41293 0.19923 1383.273
0.275 0.26900 39.58703 1.05644 10.64891 0.36746 0.02035 0.41261 0.19958 1383.925
0.280 0.26879 39.65944 1.05754 10.66001 0.36736 0.02043 0.41228 0.19993 1384.578
0.285 0.26858 39.73208 1.05864 10.67113 0.36726 0.02051 0.41195 0.20027 1385.233
0.290 0.26837 39.80497 1.05975 10.68228 0.36716 0.02059 0.41162 0.20062 1385.889
0.295 0.26815 39.87809 1.06086 10.69345 0.36707 0.02067 0.41129 0.20097 1386.546
0.300 0.26794 39.95144 1.06197 10.70464 0.36697 0.02075 0.41097 0.20132 1387.205
0.305 0.26773 40.02504 1.06308 10.71586 0.36687 0.02083 0.41064 0.20166 1387.865
0.310 0.26752 40.09889 1.06420 10.72711 0.36677 0.02091 0.41031 0.20201 1388.527
0.315 0.26730 40.17297 1.06532 10.73838 0.36666 0.02100 0.40998 0.20236 1389.190
0.320 0.26709 40.24730 1.06644 10.74967 0.36656 0.02108 0.40965 0.20271 1389.854
0.325 0.26688 40.32187 1.06756 10.76099 0.36646 0.02116 0.40932 0.20306 1390.520
0.330 0.26666 40.39669 1.06868 10.77233 0.36636 0.02124 0.40899 0.20341 1391.187
0.335 0.26645 40.47176 1.06981 10.78370 0.36626 0.02132 0.40866 0.20376 1391.856
0.340 0.26624 40.54707 1.07094 10.79510 0.36615 0.02141 0.40833 0.20411 1392.526
0.345 0.26602 40.62263 1.07207 10.80652 0.36605 0.02149 0.40800 0.20446 1393.198
0.350 0.26581 40.69845 1.07321 10.81796 0.36595 0.02157 0.40767 0.20481 1393.871
0.355 0.26559 40.77452 1.07435 10.82943 0.36584 0.02166 0.40734 0.20516 1394.546
0.360 0.26538 40.85084 1.07549 10.84093 0.36574 0.02174 0.40701 0.20552 1395.222
0.365 0.26516 40.92741 1.07663 10.85245 0.36563 0.02182 0.40668 0.20587 1395.899
0.370 0.26495 41.00424 1.07778 10.86399 0.36553 0.02191 0.40634 0.20622 1396.578
0.375 0.26473 41.08132 1.07893 10.87557 0.36542 0.02199 0.40601 0.20657 1397.258
0.380 0.26452 41.15867 1.08008 10.88716 0.36532 0.02208 0.40568 0.20693 1397.940
0.385 0.26430 41.23627 1.08123 10.89879 0.36521 0.02216 0.40535 0.20728 1398.624
0.390 0.26408 41.31413 1.08238 10.91044 0.36510 0.02225 0.40501 0.20763 1399.309
0.395 0.26387 41.39226 1.08354 10.92211 0.36499 0.02233 0.40468 0.20799 1399.995
0.400 0.26365 41.47065 1.08470 10.93381 0.36489 0.02242 0.40435 0.20834 1400.683
0.405 0.26344 41.54930 1.08587 10.94554 0.36478 0.02251 0.40402 0.20870 1401.372
0.410 0.26322 41.62821 1.08703 10.95730 0.36467 0.02259 0.40368 0.20905 1402.063
0.415 0.26300 41.70740 1.08820 10.96908 0.36456 0.02268 0.40335 0.20941 1402.755
0.420 0.26278 41.78685 1.08937 10.98088 0.36445 0.02277 0.40301 0.20977 1403.449
0.425 0.26257 41.86657 1.09055 10.99272 0.36434 0.02286 0.40268 0.21012 1404.145
0.430 0.26235 41.94656 1.09172 11.00458 0.36423 0.02294 0.40235 0.21048 1404.842
0.435 0.26213 42.02682 1.09290 11.01646 0.36412 0.02303 0.40201 0.21084 1405.540
0.440 0.26191 42.10735 1.09409 11.02838 0.36401 0.02312 0.40168 0.21119 1406.240
0.445 0.26169 42.18816 1.09527 11.04032 0.36390 0.02321 0.40134 0.21155 1406.942
0.450 0.26147 42.26924 1.09646 11.05228 0.36378 0.02330 0.40101 0.21191 1407.645
0.455 0.26125 42.35060 1.09765 11.06428 0.36367 0.02339 0.40067 0.21227 1408.350
0.460 0.26103 42.43224 1.09884 11.07630 0.36356 0.02348 0.40033 0.21263 1409.056
0.465 0.26082 42.51416 1.10003 11.08835 0.36344 0.02357 0.40000 0.21299 1409.764
0.470 0.26060 42.59636 1.10123 11.10042 0.36333 0.02366 0.39966 0.21335 1410.474
0.475 0.26038 42.67884 1.10243 11.11253 0.36322 0.02375 0.39933 0.21371 1411.185
0.480 0.26016 42.76161 1.10364 11.12466 0.36310 0.02384 0.39899 0.21407 1411.897
0.485 0.25993 42.84465 1.10484 11.13681 0.36299 0.02393 0.39865 0.21443 1412.612
0.490 0.25971 42.92799 1.10605 11.14900 0.36287 0.02403 0.39832 0.21479 1413.327
0.495 0.25949 43.01161 1.10726 11.16121 0.36275 0.02412 0.39798 0.21515 1414.045
0.500 0.25927 43.09552 1.10848 11.17345 0.36264 0.02421 0.39764 0.21551 1414.764
0.505 0.25905 43.17973 1.10969 11.18572 0.36252 0.02430 0.39730 0.21587 1415.485
0.510 0.25883 43.26422 1.11091 11.19802 0.36240 0.02440 0.39696 0.21623 1416.207
0.515 0.25861 43.34901 1.11214 11.21034 0.36229 0.02449 0.39663 0.21660 1416.931
0.520 0.25838 43.43409 1.11336 11.22269 0.36217 0.02458 0.39629 0.21696 1417.656
0.525 0.25816 43.51947 1.11459 11.23507 0.36205 0.02468 0.39595 0.21732 1418.384
0.530 0.25794 43.60514 1.11582 11.24748 0.36193 0.02477 0.39561 0.21769 1419.113
0.535 0.25772 43.69112 1.11706 11.25992 0.36181 0.02487 0.39527 0.21805 1419.843
0.540 0.25749 43.77739 1.11829 11.27238 0.36169 0.02496 0.39493 0.21841 1420.575
0.545 0.25727 43.86397 1.11953 11.28488 0.36157 0.02506 0.39459 0.21878 1421.309
0.550 0.25705 43.95085 1.12077 11.29740 0.36145 0.02515 0.39425 0.21914 1422.045
0.555 0.25682 44.03804 1.12202 11.30995 0.36133 0.02525 0.39391 0.21951 1422.782
0.560 0.25660 44.12553 1.12327 11.32253 0.36121 0.02535 0.39357 0.21987 1423.521
0.565 0.25637 44.21333 1.12452 11.33514 0.36109 0.02544 0.39323 0.22024 1424.261
0.570 0.25615 44.30143 1.12577 11.34778 0.36096 0.02554 0.39289 0.22061 1425.004
0.575 0.25592 44.38985 1.12703 11.36045 0.36084 0.02564 0.39255 0.22097 1425.748
0.580 0.25570 44.47859 1.12829 11.37314 0.36072 0.02574 0.39221 0.22134 1426.493
0.585 0.25547 44.56763 1.12955 11.38587 0.36059 0.02583 0.39187 0.22171 1427.241
0.590 0.25525 44.65699 1.13082 11.39862 0.36047 0.02593 0.39153 0.22207 1427.990
0.595 0.25502 44.74667 1.13208 11.41140 0.36034 0.02603 0.39118 0.22244 1428.741
0.600 0.25480 44.83667 1.13335 11.42422 0.36022 0.02613 0.39084 0.22281 1429.494
0.605 0.25457 44.92699 1.13463 11.43706 0.36009 0.02623 0.39050 0.22318 1430.248
0.610 0.25434 45.01763 1.13591 11.44993 0.35997 0.02633 0.39016 0.22355 1431.004
0.615 0.25412 45.10859 1.13719 11.46284 0.35984 0.02643 0.38981 0.22391 1431.762
0.620 0.25389 45.19988 1.13847 11.47577 0.35971 0.02653 0.38947 0.22428 1432.522
0.625 0.25366 45.29149 1.13976 11.48873 0.35959 0.02663 0.38913 0.22465 1433.283
0.630 0.25343 45.38344 1.14104 11.50172 0.35946 0.02673 0.38879 0.22502 1434.046
0.635 0.25321 45.47571 1.14234 11.51475 0.35933 0.02683 0.38844 0.22539 1434.811
0.640 0.25298 45.56832 1.14363 11.52780 0.35920 0.02694 0.38810 0.22576 1435.578
0.645 0.25275 45.66126 1.14493 11.54088 0.35907 0.02704 0.38775 0.22613 1436.347
0.650 0.25252 45.75453 1.14623 11.55399 0.35894 0.02714 0.38741 0.22651 1437.117
0.655 0.25229 45.84814 1.14753 11.56714 0.35881 0.02724 0.38707 0.22688 1437.889
0.660 0.25206 45.94209 1.14884 11.58031 0.35868 0.02735 0.38672 0.22725 1438.663
0.665 0.25183 46.03638 1.15015 11.59352 0.35855 0.02745 0.38638 0.22762 1439.439
0.670 0.25160 46.13101 1.15146 11.60675 0.35842 0.02756 0.38603 0.22799 1440.217
0.675 0.25137 46.22598 1.15278 11.62002 0.35829 0.02766 0.38569 0.22837 1440.996
0.680 0.25114 46.32130 1.15410 11.63332 0.35816 0.02776 0.38534 0.22874 1441.778
0.685 0.25091 46.41697 1.15542 11.64665 0.35803 0.02787 0.38499 0.22911 1442.561
0.690 0.25068 46.51298 1.15675 11.66001 0.35789 0.02798 0.38465 0.22948 1443.346
0.695 0.25045 46.60935 1.15808 11.67340 0.35776 0.02808 0.38430 0.22986 1444.133
0.700 0.25022 46.70607 1.15941 11.68682 0.35763 0.02819 0.38396 0.23023 1444.922
0.705 0.24999 46.80314 1.16074 11.70028 0.35749 0.02829 0.38361 0.23061 1445.713
0.710 0.24976 46.90057 1.16208 11.71376 0.35736 0.02840 0.38326 0.23098 1446.505
0.715 0.24953 46.99836 1.16342 11.72728 0.35722 0.02851 0.38292 0.23136 1447.300
0.720 0.24929 47.09650 1.16477 11.74083 0.35709 0.02862 0.38257 0.23173 1448.096
0.725 0.24906 47.19501 1.16611 11.75441 0.35695 0.02872 0.38222 0.23211 1448.894
0.730 0.24883 47.29389 1.16746 11.76803 0.35681 0.02883 0.38187 0.23248 1449.695
0.735 0.24859 47.39312 1.16882 11.78167 0.35668 0.02894 0.38152 0.23286 1450.497
0.740 0.24836 47.49273 1.17017 11.79535 0.35654 0.02905 0.38118 0.23323 1451.301
0.745 0.24813 47.59270 1.17153 11.80906 0.35640 0.02916 0.38083 0.23361 1452.107
0.750 0.24789 47.69304 1.17290 11.82280 0.35626 0.02927 0.38048 0.23399 1452.915
0.755 0.24766 47.79376 1.17426 11.83658 0.35612 0.02938 0.38013 0.23437 1453.725
0.760 0.24743 47.89485 1.17563 11.85038 0.35598 0.02949 0.37978 0.23474 1454.537
0.765 0.24719 47.99632 1.17701 11.86422 0.35584 0.02960 0.37943 0.23512 1455.351
0.770 0.24696 48.09817 1.17838 11.87810 0.35570 0.02971 0.37908 0.23550 1456.167
0.775 0.24672 48.20040 1.17976 11.89200 0.35556 0.02982 0.37873 0.23588 1456.985
0.780 0.24648 48.30301 1.18115 11.90594 0.35542 0.02994 0.37838 0.23626 1457.804
0.785 0.24625 48.40601 1.18253 11.91992 0.35528 0.03005 0.37803 0.23663 1458.626
0.790 0.24601 48.50939 1.18392 11.93392 0.35514 0.03016 0.37768 0.23701 1459.450
0.795 0.24578 48.61317 1.18531 11.94796 0.35500 0.03028 0.37733 0.23739 1460.276
0.800 0.24554 48.71733 1.18671 11.96203 0.35486 0.03039 0.37698 0.23777 1461.104
0.805 0.24530 48.82188 1.18811 11.97614 0.35471 0.03050 0.37663 0.23815 1461.934
0.810 0.24507 48.92684 1.18951 11.99028 0.35457 0.03062 0.37628 0.23853 1462.766
0.815 0.24483 49.03218 1.19092 12.00445 0.35442 0.03073 0.37593 0.23891 1463.600
0.820 0.24459 49.13793 1.19233 12.01866 0.35428 0.03085 0.37558 0.23929 1464.436
0.825 0.24435 49.24408 1.19374 12.03290 0.35413 0.03096 0.37523 0.23967 1465.274
0.830 0.24411 49.35063 1.19516 12.04717 0.35399 0.03108 0.37488 0.24006 1466.115
0.835 0.24388 49.45759 1.19658 12.06148 0.35384 0.03120 0.37452 0.24044 1466.957
0.840 0.24364 49.56496 1.19800 12.07583 0.35370 0.03131 0.37417 0.24082 1467.802
0.845 0.24340 49.67273 1.19942 12.09020 0.35355 0.03143 0.37382 0.24120 1468.648
0.850 0.24316 49.78092 1.20085 12.10462 0.35340 0.03155 0.37347 0.24158 1469.497
0.855 0.24292 49.88952 1.20229 12.11906 0.35326 0.03167 0.37311 0.24197 1470.348
0.860 0.24268 49.99854 1.20372 12.13354 0.35311 0.03178 0.37276 0.24235 1471.201
0.865 0.24244 50.10798 1.20516 12.14806 0.35296 0.03190 0.37241 0.24273 1472.056
0.870 0.24220 50.21783 1.20661 12.16261 0.35281 0.03202 0.37205 0.24311 1472.913
0.875 0.24196 50.32812 1.20806 12.17720 0.35266 0.03214 0.37170 0.24350 1473.772
0.880 0.24172 50.43882 1.20951 12.19182 0.35251 0.03226 0.37135 0.24388 1474.634
0.885 0.24147 50.54996 1.21096 12.20648 0.35236 0.03238 0.37099 0.24427 1475.498
0.890 0.24123 50.66152 1.21242 12.22117 0.35221 0.03250 0.37064 0.24465 1476.363
0.895 0.24099 50.77352 1.21388 12.23590 0.35206 0.03262 0.37028 0.24504 1477.232
0.900 0.24075 50.88595 1.21534 12.25066 0.35191 0.03275 0.36993 0.24542 1478.102
0.905 0.24050 50.99882 1.21681 12.26546 0.35175 0.03287 0.36957 0.24580 1478.974
0.910 0.24026 51.11213 1.21828 12.28030 0.35160 0.03299 0.36922 0.24619 1479.849
0.915 0.24002 51.22588 1.21976 12.29517 0.35145 0.03311 0.36886 0.24658 1480.726
0.920 0.23978 51.34008 1.22124 12.31008 0.35130 0.03324 0.36851 0.24696 1481.605
0.925 0.23953 51.45472 1.22272 12.32502 0.35114 0.03336 0.36815 0.24735 1482.487
0.930 0.23929 51.56981 1.22421 12.34000 0.35099 0.03348 0.36780 0.24773 1483.370
0.935 0.23904 51.68536 1.22570 12.35502 0.35083 0.03361 0.36744 0.24812 1484.256
0.940 0.23880 51.80135 1.22719 12.37007 0.35068 0.03373 0.36708 0.24851 1485.144
0.945 0.23855 51.91781 1.22869 12.38516 0.35052 0.03386 0.36673 0.24889 1486.035
0.950 0.23831 52.03472 1.23019 12.40029 0.35037 0.03398 0.36637 0.24928 1486.928
0.955 0.23806 52.15210 1.23169 12.41545 0.35021 0.03411 0.36601 0.24967 1487.823
0.960 0.23782 52.26994 1.23320 12.43065 0.35005 0.03424 0.36566 0.25006 1488.720
0.965 0.23757 52.38824 1.23471 12.44589 0.34989 0.03436 0.36530 0.25044 1489.620
0.970 0.23732 52.50702 1.23623 12.46116 0.34974 0.03449 0.36494 0.25083 1490.522
0.975 0.23708 52.62627 1.23775 12.47647 0.34958 0.03462 0.36458 0.25122 1491.426
0.980 0.23683 52.74599 1.23927 12.49182 0.34942 0.03475 0.36423 0.25161 1492.333
0.985 0.23658 52.86619 1.24079 12.50721 0.34926 0.03487 0.36387 0.25200 1493.242
0.990 0.23633 52.98687 1.24232 12.52264 0.34910 0.03500 0.36351 0.25239 1494.154
0.995 0.23609 53.10803 1.24386 12.53810 0.34894 0.03513 0.36315 0.25278 1495.068
1.000 0.23584 53.22968 1.24540 12.55360 0.34878 0.03526 0.36279 0.25317 1495.984
1.005 0.23559 53.35181 1.24694 12.56914 0.34862 0.03539 0.36243 0.25356 1496.903
1.010 0.23534 53.47444 1.24848 12.58472 0.34846 0.03552 0.36207 0.25394 1497.824
1.015 0.23509 53.59756 1.25003 12.60033 0.34829 0.03565 0.36172 0.25433 1498.747
1.020 0.23484 53.72117 1.25159 12.61599 0.34813 0.03579 0.36136 0.25473 1499.673
1.025 0.23459 53.84529 1.25314 12.63168 0.34797 0.03592 0.36100 0.25512 1500.601
1.030 0.23434 53.96990 1.25470 12.64741 0.34781 0.03605 0.36064 0.25551 1501.532
1.035 0.23409 54.09503 1.25627 12.66318 0.34764 0.03618 0.36028 0.25590 1502.465
1.040 0.23384 54.22065 1.25784 12.67899 0.34748 0.03632 0.35992 0.25629 1503.401
1.045 0.23359 54.34679 1.25941 12.69484 0.34731 0.03645 0.35956 0.25668 1504.339
1.050 0.23334 54.47345 1.26098 12.71073 0.34715 0.03659 0.35920 0.25707 1505.280
1.055 0.23309 54.60062 1.26256 12.72665 0.34698 0.03672 0.35883 0.25746 1506.223
1.060 0.23283 54.72830 1.26415 12.74262 0.34682 0.03685 0.35847 0.25786 1507.169
1.065 0.23258 54.85651 1.26574 12.75863 0.34665 0.03699 0.35811 0.25825 1508.118
1.070 0.23233 54.98525 1.26733 12.77467 0.34648 0.03713 0.35775 0.25864 1509.068
1.075 0.23208 55.11451 1.26892 12.79076 0.34632 0.03726 0.35739 0.25903 1510.022
1.080 0.23182 55.24431 1.27052 12.80688 0.34615 0.03740 0.35703 0.25942 1510.978
1.085 0.23157 55.37463 1.27213 12.82305 0.34598 0.03754 0.35667 0.25982 1511.936
1.090 0.23132 55.50550 1.27374 12.83926 0.34581 0.03767 0.35630 0.26021 1512.897
1.095 0.23106 55.63691 1.27535 12.85550 0.34564 0.03781 0.35594 0.26060 1513.861
1.100 0.23081 55.76886 1.27696 12.87179 0.34547 0.03795 0.35558 0.26100 1514.827
1.105 0.23055 55.90135 1.27858 12.88812 0.34530 0.03809 0.35522 0.26139 1515.796
1.110 0.23030 56.03440 1.28021 12.90449 0.34513 0.03823 0.35485 0.26179 1516.768
1.115 0.23004 56.16799 1.28183 12.92090 0.34496 0.03837 0.35449 0.26218 1517.742
1.120 0.22978 56.30215 1.28347 12.93735 0.34479 0.03851 0.35413 0.26257 1518.719
1.125 0.22953 56.43686 1.28510 12.95384 0.34462 0.03865 0.35377 0.26297 1519.698
1.130 0.22927 56.57214 1.28674 12.97037 0.34444 0.03879 0.35340 0.26336 1520.680
1.135 0.22901 56.70798 1.28839 12.98695 0.34427 0.03893 0.35304 0.26376 1521.665
1.140 0.22876 56.84439 1.29004 13.00356 0.34410 0.03908 0.35267 0.26415 1522.653
1.145 0.22850 56.98138 1.29169 13.02022 0.34392 0.03922 0.35231 0.26455 1523.643
1.150 0.22824 57.11894 1.29335 13.03692 0.34375 0.03936 0.35195 0.26494 1524.636
1.155 0.22798 57.25708 1.29501 13.05366 0.34357 0.03951 0.35158 0.26534 1525.632
1.160 0.22772 57.39580 1.29667 13.07045 0.34340 0.03965 0.35122 0.26573 1526.630
1.165 0.22747 57.53510 1.29834 13.08727 0.34322 0.03979 0.35085 0.26613 1527.631
1.170 0.22721 57.67500 1.30001 13.10414 0.34305 0.03994 0.35049 0.26653 1528.635
1.175 0.22695 57.81549 1.30169 13.12106 0.34287 0.04008 0.35012 0.26692 1529.642
1.180 0.22669 57.95658 1.30337 13.13801 0.34269 0.04023 0.34976 0.26732 1530.652
1.185 0.22643 58.09826 1.30506 13.15501 0.34252 0.04038 0.34939 0.26771 1531.664
1.190 0.22617 58.24055 1.30675 13.17205 0.34234 0.04052 0.34903 0.26811 1532.679
1.195 0.22591 58.38345 1.30845 13.18913 0.34216 0.04067 0.34866 0.26851 1533.697
1.200 0.22564 58.52695 1.31014 13.20626 0.34198 0.04082 0.34829 0.26891 1534.718
1.205 0.22538 58.67108 1.31185 13.22343 0.34180 0.04097 0.34793 0.26930 1535.742
1.210 0.22512 58.81582 1.31356 13.24064 0.34162 0.04112 0.34756 0.26970 1536.768
1.215 0.22486 58.96118 1.31527 13.25790 0.34144 0.04127 0.34720 0.27010 1537.798
1.220 0.22460 59.10716 1.31698 13.27520 0.34126 0.04141 0.34683 0.27049 1538.830
1.225 0.22433 59.25378 1.31870 13.29254 0.34108 0.04156 0.34646 0.27089 1539.866
1.230 0.22407 59.40103 1.32043 13.30993 0.34090 0.04172 0.34609 0.27129 1540.904
1.235 0.22381 59.54891 1.32216 13.32736 0.34072 0.04187 0.34573 0.27169 1541.945
1.240 0.22354 59.69744 1.32389 13.34484 0.34053 0.04202 0.34536 0.27209 1542.989
1.245 0.22328 59.84661 1.32563 13.36236 0.34035 0.04217 0.34499 0.27248 1544.036
1.250 0.22301 59.99643 1.32737 13.37993 0.34017 0.04232 0.34463 0.27288 1545.086
1.255 0.22275 60.14690 1.32912 13.39754 0.33998 0.04248 0.34426 0.27328 1546.139
1.260 0.22248 60.29802 1.33087 13.41520 0.33980 0.04263 0.34389 0.27368 1547.196
1.265 0.22222 60.44981 1.33263 13.43290 0.33962 0.04278 0.34352 0.27408 1548.255
1.270 0.22195 60.60226 1.33439 13.45065 0.33943 0.04294 0.34315 0.27448 1549.317
1.275 0.22168 60.75538 1.33616 13.46844 0.33925 0.04309 0.34278 0.27488 1550.382
1.280 0.22142 60.90917 1.33792 13.48628 0.33906 0.04325 0.34242 0.27528 1551.450
1.285 0.22115 61.06364 1.33970 13.50417 0.33887 0.04340 0.34205 0.27568 1552.521
1.290 0.22088 61.21879 1.34148 13.52210 0.33869 0.04356 0.34168 0.27608 1553.596
1.295 0.22061 61.37462 1.34326 13.54007 0.33850 0.04372 0.34131 0.27648 1554.673
1.300 0.22035 61.53114 1.34505 13.55809 0.33831 0.04388 0.34094 0.27688 1555.754
1.305 0.22008 61.68836 1.34684 13.57616 0.33812 0.04403 0.34057 0.27727 1556.838
1.310 0.21981 61.84627 1.34864 13.59428 0.33793 0.04419 0.34020 0.27767 1557.925
1.315 0.21954 62.00489 1.35044 13.61244 0.33774 0.04435 0.33983 0.27808 1559.015
1.320 0.21927 62.16421 1.35225 13.63065 0.33755 0.04451 0.33946 0.27848 1560.108
1.325 0.21900 62.32424 1.35406 13.64891 0.33736 0.04467 0.33909 0.27888 1561.204
1.330 0.21873 62.48498 1.35587 13.66721 0.33717 0.04483 0.33872 0.27928 1562.304
1.335 0.21846 62.64645 1.35769 13.68556 0.33698 0.04499 0.33835 0.27968 1563.407
1.340 0.21819 62.80864 1.35952 13.70396 0.33679 0.04515 0.33798 0.28008 1564.513
1.345 0.21791 62.97155 1.36135 13.72240 0.33660 0.04531 0.33761 0.28048 1565.622
1.350 0.21764 63.13520 1.36318 13.74090 0.33641 0.04548 0.33724 0.28088 1566.735
1.355 0.21737 63.29959 1.36502 13.75944 0.33621 0.04564 0.33687 0.28128 1567.851
1.360 0.21710 63.46472 1.36687 13.77803 0.33602 0.04580 0.33650 0.28168 1568.970
1.365 0.21682 63.63059 1.36872 13.79666 0.33583 0.04597 0.33612 0.28208 1570.093
1.370 0.21655 63.79722 1.37057 13.81535 0.33563 0.04613 0.33575 0.28248 1571.219
1.375 0.21628 63.96460 1.37243 13.83408 0.33544 0.04630 0.33538 0.28288 1572.348
1.380 0.21600 64.13275 1.37429 13.85287 0.33524 0.04646 0.33501 0.28329 1573.480
1.385 0.21573 64.30165 1.37616 13.87170 0.33505 0.04663 0.33464 0.28369 1574.616
1.390 0.21545 64.47133 1.37803 13.89058 0.33485 0.04679 0.33426 0.28409 1575.756
1.395 0.21518 64.64179 1.37991 13.90951 0.33465 0.04696 0.33389 0.28449 1576.899
1.400 0.21490 64.81302 1.38179 13.92849 0.33446 0.04713 0.33352 0.28489 1578.045
1.405 0.21463 64.98504 1.38368 13.94752 0.33426 0.04730 0.33315 0.28529 1579.194
1.410 0.21435 65.15785 1.38558 13.96660 0.33406 0.04747 0.33277 0.28570 1580.348
1.415 0.21407 65.33146 1.38747 13.98573 0.33386 0.04764 0.33240 0.28610 1581.504
1.420 0.21380 65.50587 1.38938 14.00491 0.33367 0.04780 0.33203 0.28650 1582.664
1.425 0.21352 65.68108 1.39128 14.02414 0.33347 0.04797 0.33166 0.28690 1583.828
1.430 0.21324 65.85710 1.39320 14.04342 0.33327 0.04815 0.33128 0.28731 1584.995
1.435 0.21296 66.03394 1.39511 14.06275 0.33307 0.04832 0.33091 0.28771 1586.166
1.440 0.21268 66.21160 1.39704 14.08213 0.33287 0.04849 0.33053 0.28811 1587.340
1.445 0.21240 66.39008 1.39896 14.10156 0.33267 0.04866 0.33016 0.28851 1588.518
1.450 0.21213 66.56940 1.40090 14.12104 0.33246 0.04883 0.32979 0.28892 1589.699
1.455 0.21185 66.74955 1.40284 14.14058 0.33226 0.04901 0.32941 0.28932 1590.884
1.460 0.21157 66.93055 1.40478 14.16016 0.33206 0.04918 0.32904 0.28972 1592.073
1.465 0.21128 67.11239 1.40673 14.17980 0.33186 0.04936 0.32866 0.29012 1593.265
1.470 0.21100 67.29509 1.40868 14.19949 0.33165 0.04953 0.32829 0.29053 1594.461
1.475 0.21072 67.47865 1.41064 14.21923 0.33145 0.04971 0.32792 0.29093 1595.661
1.480 0.21044 67.66307 1.41260 14.23902 0.33125 0.04988 0.32754 0.29133 1596.864
1.485 0.21016 67.84836 1.41457 14.25887 0.33104 0.05006 0.32717 0.29174 1598.072
1.490 0.20988 68.03453 1.41654 14.27877 0.33084 0.05023 0.32679 0.29214 1599.283
1.495 0.20959 68.22158 1.41852 14.29872 0.33063 0.05041 0.32642 0.29254 1600.497
1.500 0.20931 68.40952 1.42051 14.31872 0.33042 0.05059 0.32604 0.29294 1601.716
1.505 0.20903 68.59835 1.42250 14.33878 0.33022 0.05077 0.32566 0.29335 1602.938
1.510 0.20874 68.78808 1.42449 14.35889 0.33001 0.05095 0.32529 0.29375 1604.164
1.515 0.20846 68.97871 1.42649 14.37905 0.32980 0.05113 0.32491 0.29415 1605.394
1.520 0.20817 69.17026 1.42850 14.39927 0.32960 0.05131 0.32454 0.29456 1606.628
1.525 0.20789 69.36272 1.43051 14.41954 0.32939 0.05149 0.32416 0.29496 1607.865
1.530 0.20760 69.55611 1.43253 14.43986 0.32918 0.05167 0.32379 0.29536 1609.107
1.535 0.20731 69.75043 1.43455 14.46024 0.32897 0.05185 0.32341 0.29577 1610.352
1.540 0.20703 69.94568 1.43657 14.48067 0.32876 0.05204 0.32303 0.29617 1611.602
1.545 0.20674 70.14187 1.43861 14.50116 0.32855 0.05222 0.32266 0.29657 1612.855
1.550 0.20645 70.33901 1.44064 14.52170 0.32834 0.05240 0.32228 0.29698 1614.112
1.555 0.20617 70.53711 1.44269 14.54229 0.32813 0.05259 0.32190 0.29738 1615.374
1.560 0.20588 70.73617 1.44474 14.56295 0.32792 0.05277 0.32153 0.29778 1616.639
1.565 0.20559 70.93619 1.44679 14.58365 0.32771 0.05296 0.32115 0.29819 1617.908
1.570 0.20530 71.13719 1.44885 14.60441 0.32750 0.05314 0.32077 0.29859 1619.182
1.575 0.20501 71.33917 1.45092 14.62523 0.32728 0.05333 0.32039 0.29900 1620.459
1.580 0.20472 71.54214 1.45299 14.64610 0.32707 0.05351 0.32002 0.29940 1621.741
1.585 0.20443 71.74610 1.45506 14.66703 0.32686 0.05370 0.31964 0.29980 1623.027
1.590 0.20414 71.95106 1.45714 14.68802 0.32664 0.05389 0.31926 0.30021 1624.316
1.595 0.20385 72.15703 1.45923 14.70906 0.32643 0.05408 0.31888 0.30061 1625.611
1.600 0.20356 72.36401 1.46133 14.73016 0.32621 0.05427 0.31851 0.30101 1626.909
1.605 0.20326 72.57201 1.46342 14.75131 0.32600 0.05446 0.31813 0.30142 1628.211
1.610 0.20297 72.78104 1.46553 14.77253 0.32578 0.05465 0.31775 0.30182 1629.518
1.615 0.20268 72.99111 1.46764 14.79379 0.32557 0.05484 0.31737 0.30222 1630.829
1.620 0.20239 73.20222 1.46975 14.81512 0.32535 0.05503 0.31699 0.30263 1632.144
1.625 0.20209 73.41437 1.47188 14.83650 0.32513 0.05522 0.31661 0.30303 1633.464
1.630 0.20180 73.62759 1.47400 14.85794 0.32491 0.05541 0.31624 0.30343 1634.787
1.635 0.20150 73.84187 1.47614 14.87944 0.32470 0.05561 0.31586 0.30384 1636.116
1.640 0.20121 74.05722 1.47827 14.90100 0.32448 0.05580 0.31548 0.30424 1637.448
1.645 0.20091 74.27364 1.48042 14.92262 0.32426 0.05600 0.31510 0.30465 1638.785
1.650 0.20062 74.49116 1.48257 14.94429 0.32404 0.05619 0.31472 0.30505 1640.126
1.655 0.20032 74.70977 1.48472 14.96602 0.32382 0.05639 0.31434 0.30545 1641.472
1.660 0.20003 74.92948 1.48689 14.98781 0.32360 0.05658 0.31396 0.30586 1642.822
1.665 0.19973 75.15029 1.48905 15.00967 0.32338 0.05678 0.31358 0.30626 1644.177
1.670 0.19943 75.37223 1.49123 15.03157 0.32316 0.05698 0.31320 0.30666 1645.536
1.675 0.19913 75.59529 1.49341 15.05354 0.32294 0.05717 0.31282 0.30707 1646.900
1.680 0.19884 75.81948 1.49559 15.07557 0.32272 0.05737 0.31244 0.30747 1648.268
1.685 0.19854 76.04481 1.49778 15.09766 0.32249 0.05757 0.31206 0.30787 1649.641
1.690 0.19824 76.27129 1.49998 15.11981 0.32227 0.05777 0.31168 0.30828 1651.019
1.695 0.19794 76.49892 1.50218 15.14202 0.32205 0.05797 0.31130 0.30868 1652.401
1.700 0.19764 76.72773 1.50439 15.16429 0.32182 0.05817 0.31092 0.30908 1653.788
1.705 0.19734 76.95770 1.50661 15.18662 0.32160 0.05837 0.31054 0.30949 1655.179
1.710 0.19704 77.18885 1.50883 15.20901 0.32138 0.05857 0.31016 0.30989 1656.575
1.715 0.19674 77.42120 1.51106 15.23146 0.32115 0.05878 0.30978 0.31029 1657.976
1.720 0.19643 77.65474 1.51329 15.25398 0.32092 0.05898 0.30940 0.31069 1659.382
1.725 0.19613 77.88949 1.51553 15.27655 0.32070 0.05918 0.30902 0.31110 1660.792
1.730 0.19583 78.12545 1.51778 15.29919 0.32047 0.05939 0.30864 0.31150 1662.207
1.735 0.19553 78.36264 1.52003 15.32189 0.32025 0.05959 0.30826 0.31190 1663.627
1.740 0.19522 78.60106 1.52229 15.34465 0.32002 0.05980 0.30788 0.31231 1665.052
1.745 0.19492 78.84072 1.52455 15.36747 0.31979 0.06000 0.30750 0.31271 1666.482
1.750 0.19461 79.08163 1.52682 15.39036 0.31956 0.06021 0.30711 0.31311 1667.917
1.755 0.19431 79.32380 1.52910 15.41331 0.31933 0.06042 0.30673 0.31351 1669.356
1.760 0.19400 79.56724 1.53138 15.43632 0.31911 0.06063 0.30635 0.31392 1670.801
1.765 0.19370 79.81196 1.53367 15.45940 0.31888 0.06083 0.30597 0.31432 1672.250
1.770 0.19339 80.05796 1.53597 15.48254 0.31865 0.06104 0.30559 0.31472 1673.705
1.775 0.19308 80.30526 1.53827 15.50574 0.31842 0.06125 0.30521 0.31512 1675.165
1.780 0.19278 80.55386 1.54058 15.52901 0.31819 0.06146 0.30483 0.31553 1676.629
1.785 0.19247 80.80378 1.54289 15.55234 0.31796 0.06167 0.30444 0.31593 1678.099
1.790 0.19216 81.05503 1.54521 15.57573 0.31772 0.06188 0.30406 0.31633 1679.574
1.795 0.19185 81.30761 1.54754 15.59919 0.31749 0.06210 0.30368 0.31673 1681.054
1.800 0.19155 81.56153 1.54987 15.62272 0.31726 0.06231 0.30330 0.31713 1682.540
1.805 0.19124 81.81681 1.55221 15.64630 0.31703 0.06252 0.30291 0.31754 1684.030
1.810 0.19093 82.07345 1.55456 15.66996 0.31679 0.06274 0.30253 0.31794 1685.526
1.815 0.19062 82.33146 1.55691 15.69368 0.31656 0.06295 0.30215 0.31834 1687.027
1.820 0.19031 82.59086 1.55927 15.71747 0.31633 0.06317 0.30177 0.31874 1688.533
1.825 0.18999 82.85166 1.56164 15.74132 0.31609 0.06338 0.30138 0.31914 1690.045
1.830 0.18968 83.11386 1.56401 15.76524 0.31586 0.06360 0.30100 0.31954 1691.562
1.835 0.18937 83.37747 1.56639 15.78922 0.31562 0.06381 0.30062 0.31994 1693.085
1.840 0.18906 83.64251 1.56878 15.81327 0.31539 0.06403 0.30024 0.32035 1694.613
1.845 0.18874 83.90899 1.57117 15.83739 0.31515 0.06425 0.29985 0.32075 1696.146
1.850 0.18843 84.17691 1.57357 15.86157 0.31491 0.06447 0.29947 0.32115 1697.685
1.855 0.18812 84.44629 1.57597 15.88583 0.31468 0.06469 0.29909 0.32155 1699.229
1.860 0.18780 84.71714 1.57839 15.91015 0.31444 0.06491 0.29870 0.32195 1700.779
1.865 0.18749 84.98947 1.58081 15.93453 0.31420 0.06513 0.29832 0.32235 1702.335
1.870 0.18717 85.26329 1.58323 15.95899 0.31396 0.06535 0.29794 0.32275 1703.896
1.875 0.18686 85.53862 1.58567 15.98351 0.31372 0.06557 0.29755 0.32315 1705.463
1.880 0.18654 85.81545 1.58811 16.00811 0.31349 0.06579 0.29717 0.32355 1707.035
1.885 0.18622 86.09381 1.59055 16.03277 0.31325 0.06602 0.29679 0.32395 1708.613
1.890 0.18591 86.37371 1.59301 16.05750 0.31301 0.06624 0.29640 0.32435 1710.197
1.895 0.18559 86.65516 1.59547 16.08230 0.31277 0.06647 0.29602 0.32475 1711.787
1.900 0.18527 86.93817 1.59793 16.10716 0.31252 0.06669 0.29563 0.32515 1713.382
1.905 0.18495 87.22275 1.60041 16.13210 0.31228 0.06692 0.29525 0.32555 1714.984
1.910 0.18463 87.50891 1.60289 16.15711 0.31204 0.06714 0.29487 0.32595 1716.591
1.915 0.18431 87.79667 1.60538 16.18219 0.31180 0.06737 0.29448 0.32635 1718.204
1.920 0.18399 88.08604 1.60787 16.20734 0.31156 0.06760 0.29410 0.32675 1719.823
1.925 0.18367 88.37703 1.61037 16.23256 0.31131 0.06783 0.29371 0.32715 1721.448
1.930 0.18335 88.66965 1.61288 16.25785 0.31107 0.06805 0.29333 0.32754 1723.079
1.935 0.18303 88.96392 1.61540 16.28321 0.31083 0.06828 0.29295 0.32794 1724.717
1.940 0.18271 89.25984 1.61792 16.30864 0.31058 0.06851 0.29256 0.32834 1726.360
1.945 0.18239 89.55744 1.62045 16.33415 0.31034 0.06874 0.29218 0.32874 1728.009
1.950 0.18206 89.85672 1.62299 16.35973 0.31009 0.06898 0.29179 0.32914 1729.665
1.955 0.18174 90.15770 1.62553 16.38538 0.30985 0.06921 0.29141 0.32954 1731.327
1.960 0.18142 90.46040 1.62809 16.41110 0.30960 0.06944 0.29102 0.32993 1732.995
1.965 0.18109 90.76481 1.63064 16.43689 0.30936 0.06967 0.29064 0.33033 1734.669
1.970 0.18077 91.07096 1.63321 16.46276 0.30911 0.06991 0.29025 0.33073 1736.350
1.975 0.18044 91.37887 1.63578 16.48870 0.30886 0.07014 0.28987 0.33113 1738.037
1.980 0.18012 91.68854 1.63836 16.51471 0.30862 0.07038 0.28948 0.33152 1739.730
1.985 0.17979 91.99999 1.64095 16.54080 0.30837 0.07061 0.28910 0.33192 1741.430
1.990 0.17946 92.31323 1.64355 16.56696 0.30812 0.07085 0.28871 0.33232 1743.136
1.995 0.17914 92.62828 1.64615 16.59320 0.30787 0.07109 0.28833 0.33271 1744.849
2.000 0.17881 92.94515 1.64876 16.61951 0.30762 0.07133 0.28794 0.33311 1746.568
2.005 0.17848 93.26386 1.65138 16.64589 0.30737 0.07156 0.28756 0.33351 1748.294
2.010 0.17815 93.58442 1.65400 16.67235 0.30712 0.07180 0.28717 0.33390 1750.026
2.015 0.17782 93.90684 1.65664 16.69889 0.30687 0.07204 0.28679 0.33430 1751.765
2.020 0.17749 94.23114 1.65928 16.72550 0.30662 0.07228 0.28640 0.33469 1753.511
2.025 0.17716 94.55734 1.66192 16.75218 0.30637 0.07252 0.28602 0.33509 1755.264
2.030 0.17683 94.88545 1.66458 16.77895 0.30612 0.07277 0.28563 0.33548 1757.023
2.035 0.17650 95.21549 1.66724 16.80579 0.30587 0.07301 0.28524 0.33588 1758.790
2.040 0.17617 95.54747 1.66991 16.83270 0.30561 0.07325 0.28486 0.33627 1760.563
2.045 0.17584 95.88140 1.67259 16.85969 0.30536 0.07350 0.28447 0.33667 1762.343
2.050 0.17551 96.21731 1.67527 16.88676 0.30511 0.07374 0.28409 0.33706 1764.130
2.055 0.17517 96.55521 1.67797 16.91391 0.30485 0.07399 0.28370 0.33746 1765.924
2.060 0.17484 96.89511 1.68067 16.94113 0.30460 0.07423 0.28332 0.33785 1767.725
2.065 0.17451 97.23704 1.68338 16.96844 0.30435 0.07448 0.28293 0.33824 1769.533
2.070 0.17417 97.58100 1.68609 16.99582 0.30409 0.07473 0.28254 0.33864 1771.348
2.075 0.17384 97.92701 1.68882 17.02328 0.30384 0.07497 0.28216 0.33903 1773.170
2.080 0.17350 98.27510 1.69155 17.05082 0.30358 0.07522 0.28177 0.33942 1775.000
2.085 0.17316 98.62528 1.69429 17.07843 0.30333 0.07547 0.28139 0.33982 1776.837
2.090 0.17283 98.97756 1.69704 17.10613 0.30307 0.07572 0.28100 0.34021 1778.681
2.095 0.17249 99.33197 1.69979 17.13391 0.30281 0.07597 0.28061 0.34060 1780.533
2.100 0.17215 99.68852 1.70256 17.16176 0.30256 0.07622 0.28023 0.34099 1782.392
2.105 0.17182 100.04722 1.70533 17.18970 0.30230 0.07647 0.27984 0.34139 1784.258
2.110 0.17148 100.40810 1.70811 17.21772 0.30204 0.07673 0.27946 0.34178 1786.132
2.115 0.17114 100.77118 1.71089 17.24581 0.30178 0.07698 0.27907 0.34217 1788.014
2.120 0.17080 101.13647 1.71369 17.27399 0.30152 0.07723 0.27868 0.34256 1789.903
2.125 0.17046 101.50398 1.71649 17.30225 0.30126 0.07749 0.27830 0.34295 1791.799
2.130 0.17012 101.87375 1.71930 17.33059 0.30100 0.07774 0.27791 0.34334 1793.704
2.135 0.16978 102.24579 1.72212 17.35902 0.30074 0.07800 0.27752 0.34373 1795.616
2.140 0.16944 102.62012 1.72495 17.38752 0.30048 0.07826 0.27714 0.34412 1797.536
2.145 0.16909 102.99675 1.72779 17.41611 0.30022 0.07851 0.27675 0.34451 1799.464
2.150 0.16875 103.37571 1.73063 17.44478 0.29996 0.07877 0.27637 0.34490 1801.399
2.155 0.16841 103.75701 1.73349 17.47354 0.29970 0.07903 0.27598 0.34529 1803.343
2.160 0.16806 104.14068 1.73635 17.50238 0.29944 0.07929 0.27559 0.34568 1805.294
2.165 0.16772 104.52674 1.73922 17.53130 0.29918 0.07955 0.27521 0.34607 1807.254
2.170 0.16738 104.91521 1.74209 17.56030 0.29891 0.07981 0.27482 0.34646 1809.222
2.175 0.16703 105.30610 1.74498 17.58939 0.29865 0.08007 0.27443 0.34685 1811.198
2.180 0.16669 105.69943 1.74787 17.61857 0.29839 0.08033 0.27405 0.34723 1813.182
2.185 0.16634 106.09524 1.75078 17.64783 0.29812 0.08060 0.27366 0.34762 1815.174
2.190 0.16599 106.49354 1.75369 17.67717 0.29786 0.08086 0.27327 0.34801 1817.175
2.195 0.16565 106.89435 1.75661 17.70660 0.29760 0.08112 0.27289 0.34840 1819.184
2.200 0.16530 107.29769 1.75954 17.73612 0.29733 0.08139 0.27250 0.34878 1821.201
2.205 0.16495 107.70358 1.76247 17.76572 0.29707 0.08165 0.27211 0.34917 1823.227
2.210 0.16460 108.11205 1.76542 17.79541 0.29680 0.08192 0.27173 0.34955 1825.262
2.215 0.16425 108.52313 1.76837 17.82518 0.29653 0.08219 0.27134 0.34994 1827.305
