timeGa Urey Qt heat/H0 heatTW 1HPE 2HPE 3HPE 4HPE TempC
0.000 1.02000 104.92925 1.00000 107.02783 0.14715 0.29649 0.10464 0.45172 1800.000
0.005 1.01709 104.92925 0.99715 106.72299 0.14746 0.29588 0.10491 0.45175 1800.040
0.010 1.01412 104.93732 0.99431 106.41929 0.14776 0.29526 0.10519 0.45179 1800.074
0.015 1.01117 104.94398 0.99149 106.11673 0.14807 0.29465 0.10546 0.45182 1800.100
0.020 1.00825 104.94926 0.98867 105.81531 0.14838 0.29404 0.10573 0.45185 1800.120
0.025 1.00535 104.95315 0.98587 105.51502 0.14868 0.29343 0.10601 0.45188 1800.132
0.030 1.00248 104.95568 0.98307 105.21586 0.14899 0.29281 0.10628 0.45191 1800.138
0.035 0.99963 104.95685 0.98029 104.91783 0.14930 0.29220 0.10656 0.45194 1800.137
0.040 0.99680 104.95667 0.97751 104.62091 0.14960 0.29159 0.10684 0.45197 1800.130
0.045 0.99400 104.95516 0.97475 104.32511 0.14991 0.29098 0.10711 0.45199 1800.116
0.050 0.99122 104.95233 0.97199 104.03042 0.15022 0.29037 0.10739 0.45202 1800.095
0.055 0.98846 104.94818 0.96925 103.73683 0.15053 0.28976 0.10767 0.45204 1800.068
0.060 0.98572 104.94274 0.96652 103.44434 0.15084 0.28916 0.10794 0.45206 1800.034
0.065 0.98301 104.93600 0.96380 103.15295 0.15115 0.28855 0.10822 0.45208 1799.994
0.070 0.98032 104.92798 0.96108 102.86265 0.15146 0.28794 0.10850 0.45210 1799.947
0.075 0.97765 104.91869 0.95838 102.57344 0.15177 0.28733 0.10878 0.45212 1799.894
0.080 0.97500 104.90814 0.95569 102.28530 0.15208 0.28673 0.10906 0.45214 1799.835
0.085 0.97237 104.89635 0.95301 101.99825 0.15239 0.28612 0.10934 0.45215 1799.770
0.090 0.96977 104.88332 0.95033 101.71227 0.15270 0.28552 0.10962 0.45217 1799.698
0.095 0.96718 104.86906 0.94767 101.42736 0.15301 0.28491 0.10990 0.45218 1799.621
0.100 0.96462 104.85359 0.94502 101.14351 0.15332 0.28431 0.11018 0.45219 1799.537
0.105 0.96207 104.83691 0.94238 100.86072 0.15363 0.28371 0.11046 0.45221 1799.448
0.110 0.95955 104.81904 0.93975 100.57898 0.15394 0.28310 0.11074 0.45222 1799.352
0.115 0.95705 104.79998 0.93712 100.29830 0.15425 0.28250 0.11103 0.45222 1799.251
0.120 0.95456 104.77975 0.93451 100.01867 0.15456 0.28190 0.11131 0.45223 1799.144
0.125 0.95210 104.75836 0.93191 99.74007 0.15487 0.28130 0.11159 0.45224 1799.031
0.130 0.94965 104.73581 0.92931 99.46251 0.15518 0.28070 0.11188 0.45224 1798.912
0.135 0.94723 104.71212 0.92673 99.18599 0.15550 0.28010 0.11216 0.45225 1798.787
0.140 0.94482 104.68730 0.92416 98.91050 0.15581 0.27950 0.11245 0.45225 1798.657
0.145 0.94243 104.66135 0.92159 98.63603 0.15612 0.27890 0.11273 0.45225 1798.521
0.150 0.94006 104.63430 0.91904 98.36258 0.15643 0.27830 0.11302 0.45225 1798.380
0.155 0.93771 104.60614 0.91649 98.09015 0.15675 0.27770 0.11330 0.45225 1798.233
0.160 0.93538 104.57689 0.91396 97.81873 0.15706 0.27710 0.11359 0.45225 1798.081
0.165 0.93306 104.54655 0.91143 97.54832 0.15737 0.27651 0.11387 0.45225 1797.924
0.170 0.93076 104.51515 0.90891 97.27891 0.15769 0.27591 0.11416 0.45224 1797.761
0.175 0.92848 104.48268 0.90640 97.01050 0.15800 0.27531 0.11445 0.45224 1797.592
0.180 0.92622 104.44916 0.90391 96.74309 0.15831 0.27472 0.11474 0.45223 1797.419
0.185 0.92398 104.41460 0.90142 96.47667 0.15863 0.27412 0.11503 0.45222 1797.240
0.190 0.92175 104.37900 0.89894 96.21124 0.15894 0.27353 0.11531 0.45221 1797.056
0.195 0.91954 104.34238 0.89647 95.94679 0.15926 0.27294 0.11560 0.45220 1796.867
0.200 0.91734 104.30475 0.89400 95.68332 0.15957 0.27234 0.11589 0.45219 1796.673
0.205 0.91517 104.26611 0.89155 95.42082 0.15989 0.27175 0.11618 0.45218 1796.473
0.210 0.91301 104.22648 0.88911 95.15930 0.16020 0.27116 0.11647 0.45217 1796.269
0.215 0.91086 104.18586 0.88667 94.89874 0.16052 0.27057 0.11676 0.45215 1796.060
0.220 0.90873 104.14426 0.88425 94.63914 0.16083 0.26998 0.11706 0.45213 1795.846
0.225 0.90662 104.10170 0.88183 94.38051 0.16115 0.26939 0.11735 0.45212 1795.627
0.230 0.90452 104.05818 0.87942 94.12283 0.16147 0.26880 0.11764 0.45210 1795.403
0.235 0.90244 104.01372 0.87703 93.86610 0.16178 0.26821 0.11793 0.45208 1795.174
0.240 0.90037 103.96831 0.87464 93.61032 0.16210 0.26762 0.11823 0.45206 1794.941
0.245 0.89832 103.92198 0.87225 93.35548 0.16241 0.26703 0.11852 0.45204 1794.703
0.250 0.89629 103.87472 0.86988 93.10158 0.16273 0.26644 0.11881 0.45201 1794.460
0.255 0.89427 103.82655 0.86752 92.84862 0.16305 0.26586 0.11911 0.45199 1794.213
0.260 0.89226 103.77749 0.86516 92.59658 0.16337 0.26527 0.11940 0.45196 1793.961
0.265 0.89027 103.72752 0.86282 92.34548 0.16368 0.26469 0.11970 0.45194 1793.705
0.270 0.88829 103.67667 0.86048 92.09530 0.16400 0.26410 0.11999 0.45191 1793.444
0.275 0.88633 103.62495 0.85815 91.84604 0.16432 0.26352 0.12029 0.45188 1793.179
0.280 0.88438 103.57236 0.85583 91.59769 0.16464 0.26293 0.12058 0.45185 1792.909
0.285 0.88245 103.51891 0.85352 91.35026 0.16495 0.26235 0.12088 0.45182 1792.635
0.290 0.88053 103.46461 0.85122 91.10374 0.16527 0.26177 0.12118 0.45178 1792.356
0.295 0.87862 103.40947 0.84892 90.85812 0.16559 0.26118 0.12148 0.45175 1792.074
0.300 0.87673 103.35350 0.84663 90.61341 0.16591 0.26060 0.12177 0.45171 1791.787
0.305 0.87485 103.29670 0.84436 90.36959 0.16623 0.26002 0.12207 0.45168 1791.495
0.310 0.87299 103.23909 0.84209 90.12667 0.16655 0.25944 0.12237 0.45164 1791.200
0.315 0.87114 103.18067 0.83982 89.88463 0.16687 0.25886 0.12267 0.45160 1790.901
0.320 0.86930 103.12145 0.83757 89.64348 0.16718 0.25828 0.12297 0.45156 1790.597
0.325 0.86748 103.06144 0.83533 89.40322 0.16750 0.25771 0.12327 0.45152 1790.289
0.330 0.86566 103.00065 0.83309 89.16384 0.16782 0.25713 0.12357 0.45148 1789.978
0.335 0.86386 102.93908 0.83086 88.92533 0.16814 0.25655 0.12387 0.45143 1789.662
0.340 0.86208 102.87675 0.82864 88.68769 0.16846 0.25598 0.12417 0.45139 1789.342
0.345 0.86030 102.81366 0.82643 88.45092 0.16878 0.25540 0.12447 0.45134 1789.019
0.350 0.85854 102.74982 0.82423 88.21502 0.16910 0.25482 0.12478 0.45130 1788.691
0.355 0.85679 102.68524 0.82203 87.97998 0.16942 0.25425 0.12508 0.45125 1788.360
0.360 0.85506 102.61992 0.81984 87.74579 0.16975 0.25368 0.12538 0.45120 1788.025
0.365 0.85333 102.55388 0.81766 87.51246 0.17007 0.25310 0.12568 0.45115 1787.686
0.370 0.85162 102.48712 0.81549 87.27998 0.17039 0.25253 0.12599 0.45110 1787.344
0.375 0.84992 102.41965 0.81332 87.04835 0.17071 0.25196 0.12629 0.45104 1786.998
0.380 0.84823 102.35148 0.81117 86.81757 0.17103 0.25139 0.12660 0.45099 1786.648
0.385 0.84655 102.28261 0.80902 86.58762 0.17135 0.25082 0.12690 0.45093 1786.294
0.390 0.84489 102.21306 0.80688 86.35851 0.17167 0.25025 0.12721 0.45088 1785.937
0.395 0.84323 102.14282 0.80475 86.13023 0.17199 0.24968 0.12751 0.45082 1785.576
0.400 0.84159 102.07191 0.80262 85.90279 0.17232 0.24911 0.12782 0.45076 1785.212
0.405 0.83996 102.00034 0.80050 85.67617 0.17264 0.24854 0.12812 0.45070 1784.844
0.410 0.83834 101.92811 0.79839 85.45037 0.17296 0.24797 0.12843 0.45064 1784.473
0.415 0.83673 101.85524 0.79629 85.22540 0.17328 0.24741 0.12874 0.45058 1784.099
0.420 0.83513 101.78171 0.79420 85.00124 0.17360 0.24684 0.12904 0.45051 1783.721
0.425 0.83355 101.70756 0.79211 84.77789 0.17393 0.24627 0.12935 0.45045 1783.339
0.430 0.83197 101.63277 0.79003 84.55536 0.17425 0.24571 0.12966 0.45038 1782.954
0.435 0.83040 101.55737 0.78796 84.33363 0.17457 0.24514 0.12997 0.45031 1782.567
0.440 0.82885 101.48135 0.78590 84.11270 0.17489 0.24458 0.13028 0.45025 1782.175
0.445 0.82730 101.40472 0.78384 83.89258 0.17522 0.24402 0.13059 0.45018 1781.781
0.450 0.82577 101.32750 0.78179 83.67325 0.17554 0.24346 0.13090 0.45011 1781.383
0.455 0.82425 101.24968 0.77975 83.45471 0.17586 0.24289 0.13121 0.45003 1780.982
0.460 0.82273 101.17127 0.77771 83.23697 0.17619 0.24233 0.13152 0.44996 1780.578
0.465 0.82123 101.09229 0.77569 83.02001 0.17651 0.24177 0.13183 0.44989 1780.171
0.470 0.81974 101.01273 0.77367 82.80384 0.17683 0.24121 0.13214 0.44981 1779.761
0.475 0.81825 100.93261 0.77165 82.58844 0.17716 0.24065 0.13245 0.44973 1779.348
0.480 0.81678 100.85193 0.76965 82.37383 0.17748 0.24009 0.13277 0.44966 1778.932
0.485 0.81532 100.77070 0.76765 82.15999 0.17781 0.23954 0.13308 0.44958 1778.512
0.490 0.81386 100.68893 0.76566 81.94692 0.17813 0.23898 0.13339 0.44950 1778.090
0.495 0.81242 100.60661 0.76368 81.73462 0.17846 0.23842 0.13370 0.44942 1777.665
0.500 0.81098 100.52376 0.76170 81.52308 0.17878 0.23787 0.13402 0.44933 1777.237
0.505 0.80956 100.44039 0.75973 81.31231 0.17910 0.23731 0.13433 0.44925 1776.806
0.510 0.80814 100.35650 0.75777 81.10229 0.17943 0.23676 0.13465 0.44916 1776.372
0.515 0.80674 100.27209 0.75581 80.89303 0.17975 0.23620 0.13496 0.44908 1775.936
0.520 0.80534 100.18718 0.75386 80.68452 0.18008 0.23565 0.13528 0.44899 1775.497
0.525 0.80395 100.10177 0.75192 80.47677 0.18040 0.23510 0.13559 0.44890 1775.055
0.530 0.80257 100.01587 0.74999 80.26975 0.18073 0.23455 0.13591 0.44881 1774.610
0.535 0.80120 99.92947 0.74806 80.06349 0.18105 0.23400 0.13623 0.44872 1774.162
0.540 0.79984 99.84260 0.74614 79.85796 0.18138 0.23345 0.13654 0.44863 1773.712
0.545 0.79849 99.75525 0.74423 79.65317 0.18171 0.23290 0.13686 0.44854 1773.259
0.550 0.79714 99.66743 0.74232 79.44911 0.18203 0.23235 0.13718 0.44844 1772.804
0.555 0.79581 99.57915 0.74042 79.24579 0.18236 0.23180 0.13750 0.44835 1772.346
0.560 0.79448 99.49041 0.73853 79.04319 0.18268 0.23125 0.13781 0.44825 1771.885
0.565 0.79316 99.40122 0.73664 78.84132 0.18301 0.23071 0.13813 0.44816 1771.422
0.570 0.79185 99.31158 0.73476 78.64018 0.18333 0.23016 0.13845 0.44806 1770.957
0.575 0.79055 99.22151 0.73289 78.43975 0.18366 0.22961 0.13877 0.44796 1770.488
0.580 0.78926 99.13100 0.73103 78.24004 0.18399 0.22907 0.13909 0.44786 1770.018
0.585 0.78797 99.04006 0.72917 78.04104 0.18431 0.22852 0.13941 0.44775 1769.545
0.590 0.78670 98.94870 0.72731 77.84275 0.18464 0.22798 0.13973 0.44765 1769.069
0.595 0.78543 98.85692 0.72547 77.64518 0.18497 0.22744 0.14005 0.44754 1768.592
0.600 0.78417 98.76473 0.72363 77.44830 0.18529 0.22690 0.14037 0.44744 1768.111
0.605 0.78292 98.67214 0.72179 77.25213 0.18562 0.22635 0.14069 0.44733 1767.629
0.610 0.78167 98.57915 0.71997 77.05666 0.18594 0.22581 0.14102 0.44722 1767.144
0.615 0.78044 98.48576 0.71815 76.86189 0.18627 0.22527 0.14134 0.44712 1766.657
0.620 0.77921 98.39198 0.71634 76.66781 0.18660 0.22473 0.14166 0.44700 1766.168
0.625 0.77799 98.29782 0.71453 76.47442 0.18693 0.22420 0.14198 0.44689 1765.676
0.630 0.77677 98.20328 0.71273 76.28172 0.18725 0.22366 0.14231 0.44678 1765.182
0.635 0.77557 98.10837 0.71093 76.08970 0.18758 0.22312 0.14263 0.44667 1764.686
0.640 0.77437 98.01309 0.70915 75.89837 0.18791 0.22258 0.14296 0.44655 1764.188
0.645 0.77318 97.91745 0.70736 75.70772 0.18823 0.22205 0.14328 0.44644 1763.688
0.650 0.77200 97.82145 0.70559 75.51774 0.18856 0.22151 0.14361 0.44632 1763.185
0.655 0.77082 97.72510 0.70382 75.32844 0.18889 0.22098 0.14393 0.44620 1762.681
0.660 0.76965 97.62841 0.70206 75.13981 0.18922 0.22045 0.14426 0.44608 1762.174
0.665 0.76849 97.53137 0.70030 74.95185 0.18954 0.21991 0.14458 0.44596 1761.666
0.670 0.76734 97.43399 0.69855 74.76456 0.18987 0.21938 0.14491 0.44584 1761.155
0.675 0.76619 97.33628 0.69681 74.57793 0.19020 0.21885 0.14524 0.44572 1760.642
0.680 0.76505 97.23825 0.69507 74.39196 0.19053 0.21832 0.14556 0.44559 1760.128
0.685 0.76392 97.13989 0.69334 74.20665 0.19085 0.21779 0.14589 0.44547 1759.611
0.690 0.76279 97.04122 0.69161 74.02199 0.19118 0.21726 0.14622 0.44534 1759.093
0.695 0.76167 96.94223 0.68990 73.83799 0.19151 0.21673 0.14655 0.44521 1758.572
0.700 0.76056 96.84294 0.68818 73.65464 0.19184 0.21620 0.14687 0.44508 1758.050
0.705 0.75945 96.74334 0.68648 73.47194 0.19217 0.21568 0.14720 0.44495 1757.526
0.710 0.75835 96.64345 0.68477 73.28988 0.19249 0.21515 0.14753 0.44482 1757.000
0.715 0.75726 96.54326 0.68308 73.10846 0.19282 0.21462 0.14786 0.44469 1756.472
0.720 0.75618 96.44279 0.68139 72.92769 0.19315 0.21410 0.14819 0.44456 1755.942
0.725 0.75510 96.34203 0.67971 72.74755 0.19348 0.21357 0.14852 0.44442 1755.411
0.730 0.75402 96.24099 0.67803 72.56805 0.19381 0.21305 0.14885 0.44429 1754.877
0.735 0.75296 96.13967 0.67636 72.38918 0.19414 0.21253 0.14918 0.44415 1754.342
0.740 0.75190 96.03809 0.67469 72.21094 0.19446 0.21201 0.14951 0.44402 1753.806
0.745 0.75085 95.93624 0.67303 72.03332 0.19479 0.21148 0.14985 0.44388 1753.267
0.750 0.74980 95.83413 0.67138 71.85633 0.19512 0.21096 0.15018 0.44374 1752.727
0.755 0.74876 95.73176 0.66973 71.67997 0.19545 0.21044 0.15051 0.44360 1752.185
0.760 0.74772 95.62913 0.66809 71.50422 0.19578 0.20992 0.15084 0.44345 1751.642
0.765 0.74670 95.52626 0.66645 71.32909 0.19611 0.20941 0.15118 0.44331 1751.097
0.770 0.74567 95.42315 0.66482 71.15458 0.19644 0.20889 0.15151 0.44317 1750.550
0.775 0.74466 95.31979 0.66320 70.98068 0.19676 0.20837 0.15184 0.44302 1750.002
0.780 0.74365 95.21620 0.66158 70.80738 0.19709 0.20785 0.15218 0.44288 1749.452
0.785 0.74264 95.11238 0.65997 70.63470 0.19742 0.20734 0.15251 0.44273 1748.901
0.790 0.74165 95.00833 0.65836 70.46262 0.19775 0.20682 0.15285 0.44258 1748.348
0.795 0.74065 94.90405 0.65676 70.29114 0.19808 0.20631 0.15318 0.44243 1747.793
0.800 0.73967 94.79956 0.65516 70.12027 0.19841 0.20580 0.15352 0.44228 1747.237
0.805 0.73869 94.69485 0.65357 69.94999 0.19874 0.20528 0.15385 0.44213 1746.680
0.810 0.73771 94.58993 0.65198 69.78031 0.19907 0.20477 0.15419 0.44197 1746.121
0.815 0.73675 94.48480 0.65040 69.61122 0.19940 0.20426 0.15452 0.44182 1745.561
0.820 0.73578 94.37947 0.64883 69.44272 0.19972 0.20375 0.15486 0.44166 1744.999
0.825 0.73482 94.27394 0.64726 69.27481 0.20005 0.20324 0.15520 0.44151 1744.436
0.830 0.73387 94.16821 0.64570 69.10748 0.20038 0.20273 0.15553 0.44135 1743.872
0.835 0.73293 94.06229 0.64414 68.94074 0.20071 0.20222 0.15587 0.44119 1743.306
0.840 0.73199 93.95618 0.64259 68.77458 0.20104 0.20172 0.15621 0.44103 1742.738
0.845 0.73105 93.84989 0.64104 68.60900 0.20137 0.20121 0.15655 0.44087 1742.170
0.850 0.73012 93.74341 0.63950 68.44400 0.20170 0.20071 0.15689 0.44071 1741.600
0.855 0.72920 93.63676 0.63796 68.27957 0.20203 0.20020 0.15723 0.44055 1741.029
0.860 0.72828 93.52994 0.63643 68.11571 0.20236 0.19970 0.15756 0.44038 1740.456
0.865 0.72736 93.42294 0.63490 67.95242 0.20269 0.19919 0.15790 0.44022 1739.883
0.870 0.72645 93.31578 0.63338 67.78970 0.20302 0.19869 0.15824 0.44005 1739.308
0.875 0.72555 93.20846 0.63187 67.62755 0.20334 0.19819 0.15858 0.43988 1738.731
0.880 0.72465 93.10098 0.63036 67.46595 0.20367 0.19769 0.15892 0.43972 1738.154
0.885 0.72376 92.99334 0.62885 67.30492 0.20400 0.19719 0.15927 0.43955 1737.575
0.890 0.72287 92.88555 0.62736 67.14445 0.20433 0.19669 0.15961 0.43938 1736.995
0.895 0.72199 92.77761 0.62586 66.98454 0.20466 0.19619 0.15995 0.43920 1736.414
0.900 0.72111 92.66952 0.62437 66.82517 0.20499 0.19569 0.16029 0.43903 1735.832
0.905 0.72024 92.56129 0.62289 66.66636 0.20532 0.19519 0.16063 0.43886 1735.249
0.910 0.71937 92.45293 0.62141 66.50811 0.20565 0.19469 0.16097 0.43868 1734.664
0.915 0.71851 92.34443 0.61994 66.35039 0.20598 0.19420 0.16132 0.43851 1734.079
0.920 0.71765 92.23579 0.61847 66.19323 0.20631 0.19370 0.16166 0.43833 1733.492
0.925 0.71680 92.12703 0.61700 66.03660 0.20664 0.19321 0.16200 0.43815 1732.905
0.930 0.71595 92.01814 0.61555 65.88052 0.20696 0.19271 0.16235 0.43797 1732.316
0.935 0.71511 91.90913 0.61409 65.72498 0.20729 0.19222 0.16269 0.43779 1731.726
0.940 0.71427 91.80000 0.61264 65.56997 0.20762 0.19173 0.16304 0.43761 1731.135
0.945 0.71344 91.69075 0.61120 65.41550 0.20795 0.19124 0.16338 0.43743 1730.543
0.950 0.71261 91.58139 0.60976 65.26156 0.20828 0.19075 0.16372 0.43725 1729.950
0.955 0.71178 91.47192 0.60833 65.10815 0.20861 0.19026 0.16407 0.43706 1729.357
0.960 0.71096 91.36234 0.60690 64.95527 0.20894 0.18977 0.16442 0.43688 1728.762
0.965 0.71015 91.25266 0.60548 64.80292 0.20927 0.18928 0.16476 0.43669 1728.166
0.970 0.70934 91.14287 0.60406 64.65109 0.20960 0.18879 0.16511 0.43650 1727.569
0.975 0.70853 91.03299 0.60264 64.49978 0.20993 0.18831 0.16545 0.43632 1726.972
0.980 0.70773 90.92302 0.60124 64.34899 0.21025 0.18782 0.16580 0.43613 1726.373
0.985 0.70693 90.81295 0.59983 64.19873 0.21058 0.18733 0.16615 0.43593 1725.773
0.990 0.70614 90.70279 0.59843 64.04897 0.21091 0.18685 0.16649 0.43574 1725.173
0.995 0.70535 90.59254 0.59704 63.89973 0.21124 0.18637 0.16684 0.43555 1724.572
1.000 0.70457 90.48222 0.59565 63.75101 0.21157 0.18588 0.16719 0.43536 1723.970
1.005 0.70379 90.37181 0.59426 63.60279 0.21190 0.18540 0.16754 0.43516 1723.367
1.010 0.70302 90.26132 0.59288 63.45508 0.21223 0.18492 0.16789 0.43497 1722.763
1.015 0.70224 90.15075 0.59151 63.30788 0.21256 0.18444 0.16824 0.43477 1722.158
1.020 0.70148 90.04012 0.59014 63.16118 0.21288 0.18396 0.16858 0.43457 1721.553
1.025 0.70072 89.92941 0.58877 63.01498 0.21321 0.18348 0.16893 0.43437 1720.946
1.030 0.69996 89.81864 0.58741 62.86928 0.21354 0.18300 0.16928 0.43417 1720.339
1.035 0.69920 89.70780 0.58605 62.72408 0.21387 0.18252 0.16963 0.43397 1719.732
1.040 0.69845 89.59690 0.58470 62.57938 0.21420 0.18205 0.16998 0.43377 1719.123
1.045 0.69771 89.48594 0.58335 62.43517 0.21453 0.18157 0.17033 0.43357 1718.514
1.050 0.69697 89.37492 0.58201 62.29145 0.21486 0.18110 0.17068 0.43336 1717.904
1.055 0.69623 89.26385 0.58067 62.14822 0.21518 0.18062 0.17104 0.43316 1717.293
1.060 0.69550 89.15273 0.57934 62.00548 0.21551 0.18015 0.17139 0.43295 1716.681
1.065 0.69477 89.04155 0.57801 61.86323 0.21584 0.17968 0.17174 0.43275 1716.069
1.070 0.69404 88.93033 0.57669 61.72146 0.21617 0.17920 0.17209 0.43254 1715.456
1.075 0.69332 88.81907 0.57537 61.58018 0.21650 0.17873 0.17244 0.43233 1714.843
1.080 0.69260 88.70776 0.57405 61.43937 0.21682 0.17826 0.17279 0.43212 1714.228
1.085 0.69189 88.59641 0.57274 61.29904 0.21715 0.17779 0.17315 0.43191 1713.613
1.090 0.69118 88.48503 0.57143 61.15919 0.21748 0.17732 0.17350 0.43170 1712.998
1.095 0.69048 88.37361 0.57013 61.01982 0.21781 0.17685 0.17385 0.43148 1712.382
1.100 0.68977 88.26216 0.56883 60.88092 0.21814 0.17639 0.17421 0.43127 1711.765
1.105 0.68908 88.15068 0.56754 60.74249 0.21846 0.17592 0.17456 0.43105 1711.148
1.110 0.68838 88.03917 0.56625 60.60453 0.21879 0.17546 0.17492 0.43084 1710.530
1.115 0.68769 87.92763 0.56497 60.46703 0.21912 0.17499 0.17527 0.43062 1709.911
1.120 0.68700 87.81607 0.56369 60.33001 0.21945 0.17453 0.17562 0.43040 1709.292
1.125 0.68632 87.70449 0.56241 60.19344 0.21977 0.17406 0.17598 0.43018 1708.672
1.130 0.68564 87.59289 0.56114 60.05734 0.22010 0.17360 0.17633 0.42996 1708.052
1.135 0.68497 87.48127 0.55987 59.92170 0.22043 0.17314 0.17669 0.42974 1707.431
1.140 0.68429 87.36964 0.55861 59.78652 0.22076 0.17268 0.17705 0.42952 1706.810
1.145 0.68363 87.25800 0.55735 59.65179 0.22108 0.17222 0.17740 0.42930 1706.188
1.150 0.68296 87.14634 0.55609 59.51752 0.22141 0.17176 0.17776 0.42907 1705.566
1.155 0.68230 87.03468 0.55484 59.38370 0.22174 0.17130 0.17811 0.42885 1704.943
1.160 0.68164 86.92301 0.55360 59.25034 0.22206 0.17084 0.17847 0.42862 1704.319
1.165 0.68099 86.81133 0.55236 59.11742 0.22239 0.17038 0.17883 0.42840 1703.695
1.170 0.68034 86.69966 0.55112 58.98495 0.22272 0.16993 0.17918 0.42817 1703.071
1.175 0.67969 86.58798 0.54988 58.85293 0.22305 0.16947 0.17954 0.42794 1702.446
1.180 0.67905 86.47630 0.54865 58.72135 0.22337 0.16902 0.17990 0.42771 1701.821
1.185 0.67841 86.36463 0.54743 58.59022 0.22370 0.16856 0.18026 0.42748 1701.196
1.190 0.67777 86.25296 0.54621 58.45952 0.22402 0.16811 0.18062 0.42725 1700.570
1.195 0.67713 86.14130 0.54499 58.32927 0.22435 0.16766 0.18097 0.42702 1699.943
1.200 0.67650 86.02965 0.54378 58.19945 0.22468 0.16721 0.18133 0.42678 1699.316
1.205 0.67588 85.91801 0.54257 58.07007 0.22500 0.16676 0.18169 0.42655 1698.689
1.210 0.67525 85.80638 0.54136 57.94112 0.22533 0.16631 0.18205 0.42631 1698.061
1.215 0.67463 85.69477 0.54016 57.81261 0.22566 0.16586 0.18241 0.42608 1697.433
1.220 0.67402 85.58318 0.53897 57.68452 0.22598 0.16541 0.18277 0.42584 1696.805
1.225 0.67340 85.47160 0.53777 57.55687 0.22631 0.16496 0.18313 0.42560 1696.176
1.230 0.67279 85.36004 0.53659 57.42964 0.22663 0.16451 0.18349 0.42536 1695.547
1.235 0.67219 85.24851 0.53540 57.30283 0.22696 0.16407 0.18385 0.42512 1694.917
1.240 0.67158 85.13700 0.53422 57.17646 0.22728 0.16362 0.18421 0.42488 1694.287
1.245 0.67098 85.02551 0.53304 57.05050 0.22761 0.16318 0.18457 0.42464 1693.657
1.250 0.67038 84.91406 0.53187 56.92497 0.22793 0.16273 0.18494 0.42440 1693.027
1.255 0.66979 84.80263 0.53070 56.79985 0.22826 0.16229 0.18530 0.42415 1692.396
1.260 0.66920 84.69123 0.52954 56.67515 0.22858 0.16185 0.18566 0.42391 1691.765
1.265 0.66861 84.57986 0.52838 56.55087 0.22891 0.16141 0.18602 0.42366 1691.134
1.270 0.66802 84.46853 0.52722 56.42700 0.22923 0.16097 0.18638 0.42342 1690.502
1.275 0.66744 84.35723 0.52606 56.30354 0.22956 0.16053 0.18675 0.42317 1689.870
1.280 0.66686 84.24597 0.52491 56.18050 0.22988 0.16009 0.18711 0.42292 1689.238
1.285 0.66629 84.13475 0.52377 56.05787 0.23021 0.15965 0.18747 0.42267 1688.605
1.290 0.66571 84.02357 0.52263 55.93564 0.23053 0.15921 0.18783 0.42242 1687.973
1.295 0.66514 83.91243 0.52149 55.81382 0.23086 0.15878 0.18820 0.42217 1687.340
1.300 0.66458 83.80134 0.52035 55.69240 0.23118 0.15834 0.18856 0.42192 1686.706
1.305 0.66401 83.69028 0.51922 55.57139 0.23150 0.15791 0.18892 0.42166 1686.073
1.310 0.66345 83.57928 0.51810 55.45078 0.23183 0.15747 0.18929 0.42141 1685.439
1.315 0.66289 83.46832 0.51697 55.33057 0.23215 0.15704 0.18965 0.42115 1684.806
1.320 0.66234 83.35741 0.51585 55.21076 0.23248 0.15661 0.19002 0.42090 1684.172
1.325 0.66179 83.24656 0.51474 55.09134 0.23280 0.15618 0.19038 0.42064 1683.537
1.330 0.66124 83.13575 0.51363 54.97232 0.23312 0.15575 0.19075 0.42039 1682.903
1.335 0.66069 83.02500 0.51252 54.85370 0.23345 0.15532 0.19111 0.42013 1682.268
1.340 0.66014 82.91431 0.51141 54.73546 0.23377 0.15489 0.19148 0.41987 1681.634
1.345 0.65960 82.80367 0.51031 54.61762 0.23409 0.15446 0.19184 0.41961 1680.999
1.350 0.65907 82.69308 0.50921 54.50017 0.23441 0.15403 0.19221 0.41935 1680.364
1.355 0.65853 82.58256 0.50812 54.38310 0.23474 0.15360 0.19258 0.41908 1679.728
1.360 0.65800 82.47210 0.50703 54.26642 0.23506 0.15318 0.19294 0.41882 1679.093
1.365 0.65747 82.36170 0.50594 54.15013 0.23538 0.15275 0.19331 0.41856 1678.458
1.370 0.65694 82.25136 0.50486 54.03422 0.23570 0.15233 0.19368 0.41829 1677.822
1.375 0.65642 82.14109 0.50378 53.91869 0.23603 0.15190 0.19404 0.41803 1677.186
1.380 0.65589 82.03088 0.50271 53.80355 0.23635 0.15148 0.19441 0.41776 1676.550
1.385 0.65537 81.92074 0.50163 53.68878 0.23667 0.15106 0.19478 0.41749 1675.915
1.390 0.65486 81.81067 0.50056 53.57439 0.23699 0.15064 0.19514 0.41723 1675.278
1.395 0.65434 81.70067 0.49950 53.46037 0.23731 0.15022 0.19551 0.41696 1674.642
1.400 0.65383 81.59073 0.49844 53.34673 0.23763 0.14980 0.19588 0.41669 1674.006
1.405 0.65332 81.48087 0.49738 53.23346 0.23795 0.14938 0.19625 0.41642 1673.370
1.410 0.65282 81.37109 0.49632 53.12057 0.23828 0.14896 0.19662 0.41615 1672.733
1.415 0.65232 81.26137 0.49527 53.00804 0.23860 0.14854 0.19699 0.41587 1672.097
1.420 0.65181 81.15174 0.49423 52.89589 0.23892 0.14813 0.19735 0.41560 1671.461
1.425 0.65132 81.04218 0.49318 52.78410 0.23924 0.14771 0.19772 0.41533 1670.824
1.430 0.65082 80.93269 0.49214 52.67268 0.23956 0.14730 0.19809 0.41505 1670.187
1.435 0.65033 80.82329 0.49110 52.56162 0.23988 0.14688 0.19846 0.41478 1669.551
1.440 0.64984 80.71397 0.49007 52.45093 0.24020 0.14647 0.19883 0.41450 1668.914
1.445 0.64935 80.60472 0.48904 52.34060 0.24052 0.14606 0.19920 0.41422 1668.278
1.450 0.64886 80.49556 0.48801 52.23063 0.24084 0.14565 0.19957 0.41394 1667.641
1.455 0.64838 80.38649 0.48699 52.12101 0.24116 0.14524 0.19994 0.41367 1667.004
1.460 0.64790 80.27749 0.48596 52.01176 0.24148 0.14483 0.20031 0.41339 1666.367
1.465 0.64742 80.16858 0.48495 51.90286 0.24180 0.14442 0.20068 0.41311 1665.731
1.470 0.64695 80.05976 0.48393 51.79432 0.24211 0.14401 0.20105 0.41282 1665.094
1.475 0.64647 79.95103 0.48292 51.68613 0.24243 0.14360 0.20142 0.41254 1664.457
1.480 0.64600 79.84238 0.48191 51.57829 0.24275 0.14319 0.20180 0.41226 1663.821
1.485 0.64553 79.73383 0.48091 51.47081 0.24307 0.14279 0.20217 0.41197 1663.184
1.490 0.64507 79.62536 0.47991 51.36367 0.24339 0.14238 0.20254 0.41169 1662.547
1.495 0.64460 79.51699 0.47891 51.25689 0.24371 0.14198 0.20291 0.41140 1661.911
1.500 0.64414 79.40871 0.47792 51.15045 0.24402 0.14158 0.20328 0.41112 1661.274
1.505 0.64368 79.30052 0.47693 51.04435 0.24434 0.14117 0.20365 0.41083 1660.638
1.510 0.64323 79.19242 0.47594 50.93860 0.24466 0.14077 0.20403 0.41054 1660.001
1.515 0.64277 79.08443 0.47495 50.83319 0.24498 0.14037 0.20440 0.41025 1659.365
1.520 0.64232 78.97652 0.47397 50.72813 0.24529 0.13997 0.20477 0.40996 1658.729
1.525 0.64187 78.86872 0.47299 50.62340 0.24561 0.13957 0.20514 0.40967 1658.092
1.530 0.64142 78.76101 0.47202 50.51902 0.24593 0.13917 0.20552 0.40938 1657.456
1.535 0.64098 78.65340 0.47105 50.41497 0.24625 0.13877 0.20589 0.40909 1656.820
1.540 0.64053 78.54589 0.47008 50.31126 0.24656 0.13838 0.20626 0.40880 1656.184
1.545 0.64009 78.43848 0.46911 50.20788 0.24688 0.13798 0.20664 0.40851 1655.548
1.550 0.63965 78.33117 0.46815 50.10484 0.24719 0.13758 0.20701 0.40821 1654.912
1.555 0.63922 78.22397 0.46719 50.00213 0.24751 0.13719 0.20738 0.40792 1654.277
1.560 0.63878 78.11687 0.46623 49.89976 0.24783 0.13680 0.20776 0.40762 1653.641
1.565 0.63835 78.00987 0.46528 49.79771 0.24814 0.13640 0.20813 0.40732 1653.006
1.570 0.63792 77.90298 0.46433 49.69599 0.24846 0.13601 0.20851 0.40703 1652.370
1.575 0.63749 77.79619 0.46338 49.59460 0.24877 0.13562 0.20888 0.40673 1651.735
1.580 0.63707 77.68951 0.46244 49.49354 0.24909 0.13523 0.20926 0.40643 1651.100
1.585 0.63665 77.58293 0.46149 49.39280 0.24940 0.13484 0.20963 0.40613 1650.465
1.590 0.63622 77.47646 0.46056 49.29238 0.24972 0.13445 0.21001 0.40583 1649.830
1.595 0.63580 77.37011 0.45962 49.19229 0.25003 0.13406 0.21038 0.40553 1649.195
1.600 0.63539 77.26386 0.45869 49.09252 0.25034 0.13367 0.21076 0.40523 1648.561
1.605 0.63497 77.15772 0.45776 48.99307 0.25066 0.13329 0.21113 0.40492 1647.926
1.610 0.63456 77.05169 0.45683 48.89394 0.25097 0.13290 0.21151 0.40462 1647.292
1.615 0.63415 76.94577 0.45591 48.79513 0.25128 0.13252 0.21188 0.40432 1646.658
1.620 0.63374 76.83997 0.45499 48.69663 0.25160 0.13213 0.21226 0.40401 1646.024
1.625 0.63333 76.73427 0.45407 48.59845 0.25191 0.13175 0.21264 0.40371 1645.390
1.630 0.63293 76.62870 0.45316 48.50059 0.25222 0.13136 0.21301 0.40340 1644.756
1.635 0.63253 76.52323 0.45225 48.40303 0.25254 0.13098 0.21339 0.40309 1644.123
1.640 0.63213 76.41788 0.45134 48.30579 0.25285 0.13060 0.21377 0.40278 1643.490
1.645 0.63173 76.31265 0.45043 48.20886 0.25316 0.13022 0.21414 0.40248 1642.857
1.650 0.63133 76.20753 0.44953 48.11224 0.25347 0.12984 0.21452 0.40217 1642.224
1.655 0.63094 76.10253 0.44863 48.01593 0.25378 0.12946 0.21490 0.40186 1641.591
1.660 0.63054 75.99765 0.44773 47.91993 0.25410 0.12908 0.21527 0.40155 1640.959
1.665 0.63015 75.89288 0.44684 47.82423 0.25441 0.12871 0.21565 0.40123 1640.326
1.670 0.62977 75.78824 0.44595 47.72883 0.25472 0.12833 0.21603 0.40092 1639.694
1.675 0.62938 75.68371 0.44506 47.63375 0.25503 0.12796 0.21641 0.40061 1639.063
1.680 0.62899 75.57930 0.44417 47.53896 0.25534 0.12758 0.21678 0.40030 1638.431
1.685 0.62861 75.47502 0.44329 47.44447 0.25565 0.12721 0.21716 0.39998 1637.800
1.690 0.62823 75.37085 0.44241 47.35029 0.25596 0.12683 0.21754 0.39967 1637.168
1.695 0.62785 75.26681 0.44153 47.25640 0.25627 0.12646 0.21792 0.39935 1636.537
1.700 0.62747 75.16288 0.44066 47.16282 0.25658 0.12609 0.21830 0.39903 1635.907
1.705 0.62710 75.05909 0.43979 47.06953 0.25689 0.12572 0.21868 0.39872 1635.276
1.710 0.62673 74.95541 0.43892 46.97653 0.25720 0.12535 0.21905 0.39840 1634.646
1.715 0.62635 74.85186 0.43805 46.88383 0.25751 0.12498 0.21943 0.39808 1634.016
1.720 0.62599 74.74843 0.43719 46.79143 0.25781 0.12461 0.21981 0.39776 1633.386
1.725 0.62562 74.64513 0.43633 46.69931 0.25812 0.12424 0.22019 0.39744 1632.757
1.730 0.62525 74.54195 0.43547 46.60749 0.25843 0.12388 0.22057 0.39712 1632.127
1.735 0.62489 74.43890 0.43462 46.51596 0.25874 0.12351 0.22095 0.39680 1631.498
1.740 0.62453 74.33597 0.43376 46.42472 0.25905 0.12315 0.22133 0.39648 1630.870
1.745 0.62417 74.23317 0.43291 46.33377 0.25935 0.12278 0.22171 0.39615 1630.241
1.750 0.62381 74.13050 0.43207 46.24310 0.25966 0.12242 0.22209 0.39583 1629.613
1.755 0.62345 74.02796 0.43122 46.15272 0.25997 0.12205 0.22247 0.39551 1628.985
1.760 0.62309 73.92555 0.43038 46.06263 0.26028 0.12169 0.22285 0.39518 1628.358
1.765 0.62274 73.82326 0.42954 45.97281 0.26058 0.12133 0.22323 0.39486 1627.730
1.770 0.62239 73.72110 0.42870 45.88329 0.26089 0.12097 0.22361 0.39453 1627.103
1.775 0.62204 73.61907 0.42787 45.79404 0.26119 0.12061 0.22399 0.39421 1626.476
1.780 0.62169 73.51718 0.42704 45.70507 0.26150 0.12025 0.22437 0.39388 1625.850
1.785 0.62135 73.41541 0.42621 45.61639 0.26180 0.11989 0.22475 0.39355 1625.224
1.790 0.62100 73.31377 0.42538 45.52798 0.26211 0.11954 0.22513 0.39322 1624.598
1.795 0.62066 73.21227 0.42456 45.43985 0.26241 0.11918 0.22551 0.39289 1623.972
1.800 0.62032 73.11090 0.42374 45.35200 0.26272 0.11882 0.22589 0.39256 1623.347
1.805 0.61998 73.00966 0.42292 45.26442 0.26302 0.11847 0.22627 0.39223 1622.722
1.810 0.61964 72.90855 0.42211 45.17712 0.26333 0.11812 0.22666 0.39190 1622.097
1.815 0.61930 72.80757 0.42129 45.09009 0.26363 0.11776 0.22704 0.39157 1621.473
1.820 0.61897 72.70673 0.42048 45.00333 0.26394 0.11741 0.22742 0.39124 1620.849
1.825 0.61864 72.60602 0.41967 44.91685 0.26424 0.11706 0.22780 0.39090 1620.225
1.830 0.61831 72.50545 0.41887 44.83063 0.26454 0.11671 0.22818 0.39057 1619.602
1.835 0.61798 72.40501 0.41807 44.74469 0.26484 0.11636 0.22856 0.39024 1618.979
1.840 0.61765 72.30470 0.41727 44.65901 0.26515 0.11601 0.22894 0.38990 1618.356
1.845 0.61732 72.20453 0.41647 44.57360 0.26545 0.11566 0.22933 0.38957 1617.734
1.850 0.61700 72.10450 0.41567 44.48846 0.26575 0.11531 0.22971 0.38923 1617.111
1.855 0.61668 72.00460 0.41488 44.40358 0.26605 0.11496 0.23009 0.38889 1616.490
1.860 0.61636 71.90484 0.41409 44.31897 0.26635 0.11462 0.23047 0.38856 1615.868
1.865 0.61604 71.80521 0.41330 44.23462 0.26666 0.11427 0.23085 0.38822 1615.247
1.870 0.61572 71.70572 0.41251 44.15054 0.26696 0.11393 0.23124 0.38788 1614.627
1.875 0.61540 71.60637 0.41173 44.06671 0.26726 0.11358 0.23162 0.38754 1614.006
1.880 0.61509 71.50715 0.41095 43.98315 0.26756 0.11324 0.23200 0.38720 1613.386
1.885 0.61477 71.40807 0.41017 43.89984 0.26786 0.11290 0.23239 0.38686 1612.767
1.890 0.61446 71.30913 0.40940 43.81680 0.26816 0.11255 0.23277 0.38652 1612.147
1.895 0.61415 71.21033 0.40862 43.73401 0.26846 0.11221 0.23315 0.38618 1611.528
1.900 0.61384 71.11167 0.40785 43.65148 0.26876 0.11187 0.23353 0.38584 1610.910
1.905 0.61354 71.01315 0.40708 43.56920 0.26906 0.11153 0.23392 0.38549 1610.292
1.910 0.61323 70.91476 0.40632 43.48718 0.26935 0.11120 0.23430 0.38515 1609.674
1.915 0.61293 70.81651 0.40555 43.40541 0.26965 0.11086 0.23468 0.38481 1609.056
1.920 0.61263 70.71841 0.40479 43.32390 0.26995 0.11052 0.23507 0.38446 1608.439
1.925 0.61232 70.62044 0.40403 43.24264 0.27025 0.11018 0.23545 0.38412 1607.823
1.930 0.61203 70.52261 0.40327 43.16163 0.27055 0.10985 0.23583 0.38377 1607.206
1.935 0.61173 70.42493 0.40252 43.08087 0.27084 0.10951 0.23622 0.38343 1606.590
1.940 0.61143 70.32738 0.40177 43.00035 0.27114 0.10918 0.23660 0.38308 1605.975
1.945 0.61114 70.22998 0.40102 42.92009 0.27144 0.10885 0.23699 0.38273 1605.360
1.950 0.61084 70.13271 0.40027 42.84008 0.27173 0.10851 0.23737 0.38238 1604.745
1.955 0.61055 70.03559 0.39953 42.76031 0.27203 0.10818 0.23775 0.38204 1604.130
1.960 0.61026 69.93861 0.39878 42.68078 0.27232 0.10785 0.23814 0.38169 1603.516
1.965 0.60997 69.84177 0.39804 42.60151 0.27262 0.10752 0.23852 0.38134 1602.903
1.970 0.60968 69.74507 0.39730 42.52247 0.27291 0.10719 0.23891 0.38099 1602.290
1.975 0.60940 69.64851 0.39657 42.44368 0.27321 0.10686 0.23929 0.38064 1601.677
1.980 0.60911 69.55210 0.39583 42.36513 0.27350 0.10654 0.23967 0.38029 1601.064
1.985 0.60883 69.45583 0.39510 42.28682 0.27380 0.10621 0.24006 0.37994 1600.452
1.990 0.60855 69.35970 0.39437 42.20875 0.27409 0.10588 0.24044 0.37958 1599.841
1.995 0.60827 69.26371 0.39364 42.13092 0.27439 0.10556 0.24083 0.37923 1599.230
2.000 0.60799 69.16787 0.39292 42.05333 0.27468 0.10523 0.24121 0.37888 1598.619
2.005 0.60771 69.07217 0.39220 41.97598 0.27497 0.10491 0.24160 0.37852 1598.008
2.010 0.60744 68.97661 0.39148 41.89886 0.27526 0.10458 0.24198 0.37817 1597.399
2.015 0.60716 68.88120 0.39076 41.82198 0.27556 0.10426 0.24237 0.37781 1596.789
2.020 0.60689 68.78593 0.39004 41.74534 0.27585 0.10394 0.24275 0.37746 1596.180
2.025 0.60662 68.69080 0.38933 41.66892 0.27614 0.10362 0.24314 0.37710 1595.571
2.030 0.60635 68.59582 0.38862 41.59275 0.27643 0.10330 0.24352 0.37675 1594.963
2.035 0.60608 68.50098 0.38791 41.51680 0.27672 0.10298 0.24391 0.37639 1594.355
2.040 0.60581 68.40629 0.38720 41.44109 0.27701 0.10266 0.24429 0.37603 1593.748
2.045 0.60554 68.31174 0.38649 41.36560 0.27730 0.10234 0.24468 0.37568 1593.141
2.050 0.60528 68.21733 0.38579 41.29035 0.27759 0.10203 0.24506 0.37532 1592.534
2.055 0.60501 68.12307 0.38509 41.21532 0.27788 0.10171 0.24545 0.37496 1591.928
2.060 0.60475 68.02895 0.38439 41.14053 0.27817 0.10139 0.24583 0.37460 1591.322
2.065 0.60449 67.93498 0.38369 41.06596 0.27846 0.10108 0.24622 0.37424 1590.717
2.070 0.60423 67.84115 0.38300 40.99162 0.27875 0.10076 0.24660 0.37388 1590.112
2.075 0.60397 67.74747 0.38231 40.91750 0.27904 0.10045 0.24699 0.37352 1589.508
2.080 0.60371 67.65394 0.38162 40.84361 0.27933 0.10014 0.24737 0.37316 1588.904
2.085 0.60346 67.56054 0.38093 40.76994 0.27962 0.09983 0.24776 0.37280 1588.301
2.090 0.60320 67.46730 0.38024 40.69649 0.27990 0.09952 0.24815 0.37243 1587.698
2.095 0.60295 67.37420 0.37956 40.62327 0.28019 0.09920 0.24853 0.37207 1587.095
2.100 0.60270 67.28124 0.37888 40.55027 0.28048 0.09890 0.24892 0.37171 1586.493
2.105 0.60245 67.18843 0.37820 40.47749 0.28077 0.09859 0.24930 0.37134 1585.891
2.110 0.60220 67.09577 0.37752 40.40493 0.28105 0.09828 0.24969 0.37098 1585.290
2.115 0.60195 67.00325 0.37684 40.33259 0.28134 0.09797 0.25008 0.37062 1584.689
2.120 0.60170 66.91088 0.37617 40.26047 0.28162 0.09766 0.25046 0.37025 1584.089
2.125 0.60146 66.81865 0.37550 40.18856 0.28191 0.09736 0.25085 0.36989 1583.489
2.130 0.60121 66.72657 0.37483 40.11688 0.28219 0.09705 0.25123 0.36952 1582.890
2.135 0.60097 66.63464 0.37416 40.04540 0.28248 0.09675 0.25162 0.36915 1582.291
2.140 0.60073 66.54285 0.37349 39.97415 0.28276 0.09644 0.25201 0.36879 1581.692
2.145 0.60049 66.45121 0.37283 39.90310 0.28305 0.09614 0.25239 0.36842 1581.094
2.150 0.60025 66.35971 0.37217 39.83228 0.28333 0.09584 0.25278 0.36805 1580.497
2.155 0.60001 66.26836 0.37151 39.76166 0.28361 0.09554 0.25316 0.36768 1579.899
2.160 0.59977 66.17715 0.37085 39.69126 0.28390 0.09524 0.25355 0.36732 1579.303
2.165 0.59954 66.08610 0.37019 39.62106 0.28418 0.09494 0.25394 0.36695 1578.707
2.170 0.59930 65.99519 0.36954 39.55108 0.28446 0.09464 0.25432 0.36658 1578.111
2.175 0.59907 65.90442 0.36889 39.48131 0.28474 0.09434 0.25471 0.36621 1577.516
2.180 0.59884 65.81380 0.36824 39.41175 0.28503 0.09404 0.25510 0.36584 1576.921
2.185 0.59861 65.72333 0.36759 39.34239 0.28531 0.09374 0.25548 0.36547 1576.327
2.190 0.59838 65.63301 0.36694 39.27325 0.28559 0.09345 0.25587 0.36510 1575.733
2.195 0.59815 65.54283 0.36630 39.20431 0.28587 0.09315 0.25626 0.36472 1575.140
2.200 0.59792 65.45279 0.36566 39.13557 0.28615 0.09286 0.25664 0.36435 1574.547
2.205 0.59769 65.36291 0.36502 39.06704 0.28643 0.09256 0.25703 0.36398 1573.955
2.210 0.59747 65.27317 0.36438 38.99872 0.28671 0.09227 0.25742 0.36361 1573.363
2.215 0.59725 65.18357 0.36374 38.93060 0.28699 0.09198 0.25780 0.36323 1572.771
2.220 0.59702 65.09413 0.36311 38.86268 0.28727 0.09169 0.25819 0.36286 1572.181
2.225 0.59680 65.00483 0.36248 38.79496 0.28754 0.09139 0.25858 0.36249 1571.590
2.230 0.59658 64.91567 0.36184 38.72745 0.28782 0.09110 0.25896 0.36211 1571.000
2.235 0.59636 64.82667 0.36122 38.66014 0.28810 0.09081 0.25935 0.36174 1570.411
2.240 0.59614 64.73781 0.36059 38.59303 0.28838 0.09053 0.25974 0.36136 1569.822
2.245 0.59593 64.64909 0.35996 38.52611 0.28865 0.09024 0.26012 0.36099 1569.233
2.250 0.59571 64.56053 0.35934 38.45940 0.28893 0.08995 0.26051 0.36061 1568.645
2.255 0.59550 64.47210 0.35872 38.39288 0.28921 0.08966 0.26090 0.36023 1568.058
2.260 0.59528 64.38383 0.35810 38.32656 0.28948 0.08938 0.26128 0.35986 1567.471
2.265 0.59507 64.29570 0.35748 38.26044 0.28976 0.08909 0.26167 0.35948 1566.885
2.270 0.59486 64.20772 0.35687 38.19451 0.29003 0.08881 0.26206 0.35910 1566.299
2.275 0.59465 64.11988 0.35625 38.12878 0.29031 0.08852 0.26244 0.35873 1565.713
2.280 0.59444 64.03220 0.35564 38.06325 0.29058 0.08824 0.26283 0.35835 1565.128
2.285 0.59423 63.94465 0.35503 37.99790 0.29086 0.08796 0.26322 0.35797 1564.544
2.290 0.59402 63.85726 0.35442 37.93275 0.29113 0.08768 0.26360 0.35759 1563.960
2.295 0.59382 63.77001 0.35381 37.86779 0.29141 0.08739 0.26399 0.35721 1563.376
2.300 0.59361 63.68290 0.35321 37.80303 0.29168 0.08711 0.26438 0.35683 1562.793
2.305 0.59341 63.59595 0.35260 37.73845 0.29195 0.08683 0.26476 0.35645 1562.211
2.310 0.59321 63.50913 0.35200 37.67407 0.29222 0.08656 0.26515 0.35607 1561.629
2.315 0.59301 63.42247 0.35140 37.60987 0.29250 0.08628 0.26554 0.35569 1561.047
2.320 0.59280 63.33595 0.35080 37.54587 0.29277 0.08600 0.26592 0.35531 1560.467
2.325 0.59261 63.24958 0.35021 37.48205 0.29304 0.08572 0.26631 0.35493 1559.886
2.330 0.59241 63.16335 0.34961 37.41842 0.29331 0.08545 0.26670 0.35455 1559.306
2.335 0.59221 63.07727 0.34902 37.35497 0.29358 0.08517 0.26708 0.35416 1558.727
2.340 0.59201 62.99133 0.34843 37.29172 0.29385 0.08490 0.26747 0.35378 1558.148
2.345 0.59182 62.90554 0.34784 37.22864 0.29412 0.08462 0.26786 0.35340 1557.569
2.350 0.59162 62.81990 0.34725 37.16576 0.29439 0.08435 0.26825 0.35302 1556.992
2.355 0.59143 62.73440 0.34667 37.10306 0.29466 0.08408 0.26863 0.35263 1556.414
2.360 0.59124 62.64905 0.34608 37.04054 0.29493 0.08380 0.26902 0.35225 1555.837
2.365 0.59105 62.56384 0.34550 36.97820 0.29520 0.08353 0.26941 0.35187 1555.261
2.370 0.59086 62.47878 0.34492 36.91605 0.29546 0.08326 0.26979 0.35148 1554.685
2.375 0.59067 62.39386 0.34434 36.85407 0.29573 0.08299 0.27018 0.35110 1554.110
2.380 0.59048 62.30909 0.34376 36.79228 0.29600 0.08272 0.27057 0.35071 1553.535
2.385 0.59029 62.22447 0.34319 36.73067 0.29626 0.08246 0.27095 0.35033 1552.961
2.390 0.59011 62.13999 0.34261 36.66924 0.29653 0.08219 0.27134 0.34994 1552.387
2.395 0.58992 62.05565 0.34204 36.60799 0.29680 0.08192 0.27173 0.34955 1551.814
2.400 0.58974 61.97146 0.34147 36.54692 0.29706 0.08166 0.27211 0.34917 1551.241
2.405 0.58955 61.88741 0.34090 36.48602 0.29733 0.08139 0.27250 0.34878 1550.669
2.410 0.58937 61.80351 0.34033 36.42530 0.29759 0.08112 0.27289 0.34840 1550.097
2.415 0.58919 61.71976 0.33977 36.36476 0.29786 0.08086 0.27327 0.34801 1549.526
2.420 0.58901 61.63615 0.33921 36.30439 0.29812 0.08060 0.27366 0.34762 1548.956
2.425 0.58883 61.55268 0.33864 36.24420 0.29839 0.08033 0.27405 0.34723 1548.386
2.430 0.58865 61.46936 0.33808 36.18419 0.29865 0.08007 0.27443 0.34685 1547.816
2.435 0.58848 61.38618 0.33752 36.12434 0.29891 0.07981 0.27482 0.34646 1547.247
2.440 0.58830 61.30314 0.33697 36.06467 0.29917 0.07955 0.27521 0.34607 1546.678
2.445 0.58813 61.22025 0.33641 36.00518 0.29944 0.07929 0.27559 0.34568 1546.110
2.450 0.58795 61.13751 0.33586 35.94585 0.29970 0.07903 0.27598 0.34529 1545.543
2.455 0.58778 61.05491 0.33530 35.88670 0.29996 0.07877 0.27637 0.34490 1544.976
2.460 0.58761 60.97245 0.33475 35.82772 0.30022 0.07851 0.27675 0.34451 1544.410
2.465 0.58743 60.89013 0.33420 35.76891 0.30048 0.07826 0.27714 0.34412 1543.844
2.470 0.58726 60.80796 0.33365 35.71027 0.30074 0.07800 0.27753 0.34373 1543.278
2.475 0.58709 60.72594 0.33311 35.65180 0.30100 0.07774 0.27791 0.34334 1542.714
2.480 0.58692 60.64405 0.33256 35.59349 0.30126 0.07749 0.27830 0.34295 1542.149
2.485 0.58676 60.56231 0.33202 35.53536 0.30152 0.07723 0.27868 0.34256 1541.586
2.490 0.58659 60.48071 0.33148 35.47739 0.30178 0.07698 0.27907 0.34217 1541.022
2.495 0.58642 60.39926 0.33094 35.41959 0.30204 0.07673 0.27946 0.34178 1540.460
2.500 0.58626 60.31795 0.33040 35.36195 0.30230 0.07648 0.27984 0.34139 1539.897
2.505 0.58610 60.23678 0.32986 35.30448 0.30255 0.07622 0.28023 0.34099 1539.336
2.510 0.58593 60.15575 0.32933 35.24718 0.30281 0.07597 0.28062 0.34060 1538.775
2.515 0.58577 60.07487 0.32879 35.19004 0.30307 0.07572 0.28100 0.34021 1538.214
2.520 0.58561 59.99413 0.32826 35.13306 0.30332 0.07547 0.28139 0.33982 1537.654
2.525 0.58545 59.91353 0.32773 35.07625 0.30358 0.07522 0.28177 0.33942 1537.095
2.530 0.58529 59.83307 0.32720 35.01960 0.30383 0.07497 0.28216 0.33903 1536.536
2.535 0.58513 59.75276 0.32667 34.96311 0.30409 0.07473 0.28255 0.33864 1535.977
2.540 0.58497 59.67259 0.32615 34.90678 0.30434 0.07448 0.28293 0.33824 1535.420
2.545 0.58481 59.59256 0.32562 34.85061 0.30460 0.07423 0.28332 0.33785 1534.862
2.550 0.58466 59.51267 0.32510 34.79461 0.30485 0.07399 0.28370 0.33746 1534.305
2.555 0.58450 59.43292 0.32458 34.73876 0.30511 0.07374 0.28409 0.33706 1533.749
2.560 0.58435 59.35331 0.32406 34.68308 0.30536 0.07350 0.28447 0.33667 1533.193
2.565 0.58420 59.27385 0.32354 34.62755 0.30561 0.07325 0.28486 0.33627 1532.638
2.570 0.58404 59.19452 0.32302 34.57218 0.30586 0.07301 0.28525 0.33588 1532.084
2.575 0.58389 59.11534 0.32250 34.51697 0.30612 0.07277 0.28563 0.33548 1531.530
2.580 0.58374 59.03630 0.32199 34.46191 0.30637 0.07253 0.28602 0.33509 1530.976
2.585 0.58359 58.95740 0.32148 34.40701 0.30662 0.07229 0.28640 0.33469 1530.423
2.590 0.58344 58.87864 0.32097 34.35227 0.30687 0.07204 0.28679 0.33430 1529.870
2.595 0.58329 58.80002 0.32046 34.29768 0.30712 0.07180 0.28717 0.33390 1529.319
2.600 0.58315 58.72153 0.31995 34.24325 0.30737 0.07157 0.28756 0.33351 1528.767
2.605 0.58300 58.64319 0.31944 34.18897 0.30762 0.07133 0.28794 0.33311 1528.216
2.610 0.58285 58.56499 0.31893 34.13485 0.30787 0.07109 0.28833 0.33271 1527.666
2.615 0.58271 58.48693 0.31843 34.08088 0.30812 0.07085 0.28871 0.33232 1527.116
2.620 0.58257 58.40901 0.31793 34.02706 0.30837 0.07062 0.28910 0.33192 1526.567
2.625 0.58242 58.33123 0.31743 33.97339 0.30861 0.07038 0.28948 0.33152 1526.018
2.630 0.58228 58.25359 0.31693 33.91988 0.30886 0.07014 0.28987 0.33113 1525.470
2.635 0.58214 58.17609 0.31643 33.86651 0.30911 0.06991 0.29025 0.33073 1524.923
2.640 0.58200 58.09872 0.31593 33.81330 0.30935 0.06968 0.29064 0.33033 1524.376
2.645 0.58186 58.02150 0.31543 33.76024 0.30960 0.06944 0.29102 0.32993 1523.829
2.650 0.58172 57.94441 0.31494 33.70733 0.30985 0.06921 0.29141 0.32954 1523.283
2.655 0.58158 57.86746 0.31445 33.65456 0.31009 0.06898 0.29179 0.32914 1522.738
2.660 0.58144 57.79065 0.31396 33.60195 0.31034 0.06875 0.29218 0.32874 1522.193
2.665 0.58131 57.71398 0.31346 33.54948 0.31058 0.06852 0.29256 0.32834 1521.649
2.670 0.58117 57.63745 0.31298 33.49716 0.31083 0.06829 0.29295 0.32794 1521.105
2.675 0.58103 57.56105 0.31249 33.44498 0.31107 0.06806 0.29333 0.32754 1520.562
2.680 0.58090 57.48479 0.31200 33.39296 0.31131 0.06783 0.29371 0.32715 1520.019
2.685 0.58077 57.40867 0.31152 33.34108 0.31156 0.06760 0.29410 0.32675 1519.477
2.690 0.58063 57.33269 0.31103 33.28934 0.31180 0.06737 0.29448 0.32635 1518.935
2.695 0.58050 57.25685 0.31055 33.23775 0.31204 0.06714 0.29487 0.32595 1518.394
2.700 0.58037 57.18114 0.31007 33.18630 0.31228 0.06692 0.29525 0.32555 1517.854
2.705 0.58024 57.10557 0.30959 33.13500 0.31252 0.06669 0.29564 0.32515 1517.314
2.710 0.58011 57.03013 0.30911 33.08384 0.31276 0.06647 0.29602 0.32475 1516.774
2.715 0.57998 56.95483 0.30864 33.03282 0.31300 0.06624 0.29640 0.32435 1516.235
2.720 0.57985 56.87967 0.30816 32.98195 0.31324 0.06602 0.29679 0.32395 1515.697
2.725 0.57973 56.80464 0.30769 32.93122 0.31348 0.06580 0.29717 0.32355 1515.159
2.730 0.57960 56.72975 0.30722 32.88063 0.31372 0.06557 0.29755 0.32315 1514.622
2.735 0.57948 56.65500 0.30674 32.83018 0.31396 0.06535 0.29794 0.32275 1514.085
2.740 0.57935 56.58038 0.30627 32.77987 0.31420 0.06513 0.29832 0.32235 1513.549
2.745 0.57923 56.50590 0.30581 32.72970 0.31444 0.06491 0.29870 0.32195 1513.014
2.750 0.57910 56.43155 0.30534 32.67967 0.31467 0.06469 0.29909 0.32155 1512.479
2.755 0.57898 56.35734 0.30487 32.62978 0.31491 0.06447 0.29947 0.32115 1511.944
2.760 0.57886 56.28326 0.30441 32.58003 0.31515 0.06425 0.29985 0.32075 1511.410
2.765 0.57874 56.20932 0.30394 32.53041 0.31538 0.06403 0.30024 0.32035 1510.877
2.770 0.57862 56.13551 0.30348 32.48093 0.31562 0.06382 0.30062 0.31994 1510.344
2.775 0.57850 56.06184 0.30302 32.43159 0.31586 0.06360 0.30100 0.31954 1509.812
2.780 0.57838 55.98830 0.30256 32.38239 0.31609 0.06338 0.30139 0.31914 1509.280
2.785 0.57826 55.91489 0.30210 32.33332 0.31632 0.06317 0.30177 0.31874 1508.749
2.790 0.57814 55.84162 0.30164 32.28439 0.31656 0.06295 0.30215 0.31834 1508.218
2.795 0.57803 55.76848 0.30119 32.23560 0.31679 0.06274 0.30253 0.31794 1507.688
2.800 0.57791 55.69548 0.30073 32.18693 0.31703 0.06252 0.30292 0.31754 1507.158
2.805 0.57779 55.62261 0.30028 32.13841 0.31726 0.06231 0.30330 0.31713 1506.629
2.810 0.57768 55.54987 0.29983 32.09001 0.31749 0.06210 0.30368 0.31673 1506.101
2.815 0.57757 55.47727 0.29938 32.04175 0.31772 0.06189 0.30406 0.31633 1505.573
2.820 0.57745 55.40480 0.29893 31.99363 0.31795 0.06167 0.30444 0.31593 1505.046
2.825 0.57734 55.33246 0.29848 31.94563 0.31818 0.06146 0.30483 0.31553 1504.519
2.830 0.57723 55.26025 0.29803 31.89777 0.31841 0.06125 0.30521 0.31512 1503.993
2.835 0.57712 55.18817 0.29759 31.85004 0.31865 0.06104 0.30559 0.31472 1503.467
2.840 0.57701 55.11623 0.29714 31.80244 0.31887 0.06083 0.30597 0.31432 1502.942
2.845 0.57690 55.04442 0.29670 31.75497 0.31910 0.06063 0.30635 0.31392 1502.417
2.850 0.57679 54.97274 0.29626 31.70763 0.31933 0.06042 0.30673 0.31351 1501.893
2.855 0.57668 54.90119 0.29581 31.66042 0.31956 0.06021 0.30712 0.31311 1501.370
2.860 0.57657 54.82978 0.29537 31.61334 0.31979 0.06000 0.30750 0.31271 1500.847
2.865 0.57647 54.75849 0.29494 31.56638 0.32002 0.05980 0.30788 0.31231 1500.324
2.870 0.57636 54.68734 0.29450 31.51956 0.32024 0.05959 0.30826 0.31190 1499.802
2.875 0.57625 54.61631 0.29406 31.47286 0.32047 0.05939 0.30864 0.31150 1499.281
2.880 0.57615 54.54542 0.29363 31.42630 0.32070 0.05918 0.30902 0.31110 1498.760
2.885 0.57605 54.47465 0.29319 31.37985 0.32092 0.05898 0.30940 0.31069 1498.240
2.890 0.57594 54.40402 0.29276 31.33354 0.32115 0.05878 0.30978 0.31029 1497.720
2.895 0.57584 54.33352 0.29233 31.28735 0.32137 0.05858 0.31016 0.30989 1497.201
2.900 0.57574 54.26314 0.29190 31.24129 0.32160 0.05837 0.31054 0.30949 1496.683
2.905 0.57564 54.19290 0.29147 31.19535 0.32182 0.05817 0.31092 0.30908 1496.165
2.910 0.57553 54.12278 0.29104 31.14954 0.32205 0.05797 0.31130 0.30868 1495.647
2.915 0.57543 54.05280 0.29061 31.10385 0.32227 0.05777 0.31168 0.30828 1495.130
2.920 0.57534 53.98294 0.29019 31.05829 0.32249 0.05757 0.31206 0.30787 1494.614
2.925 0.57524 53.91321 0.28976 31.01285 0.32271 0.05737 0.31244 0.30747 1494.098
2.930 0.57514 53.84361 0.28934 30.96753 0.32294 0.05717 0.31282 0.30707 1493.583
2.935 0.57504 53.77414 0.28892 30.92233 0.32316 0.05698 0.31320 0.30666 1493.068
2.940 0.57494 53.70480 0.28850 30.87726 0.32338 0.05678 0.31358 0.30626 1492.554
2.945 0.57485 53.63558 0.28808 30.83231 0.32360 0.05658 0.31396 0.30586 1492.040
2.950 0.57475 53.56650 0.28766 30.78748 0.32382 0.05639 0.31434 0.30545 1491.527
2.955 0.57466 53.49754 0.28724 30.74278 0.32404 0.05619 0.31472 0.30505 1491.014
2.960 0.57456 53.42870 0.28682 30.69819 0.32426 0.05600 0.31510 0.30465 1490.502
2.965 0.57447 53.36000 0.28641 30.65372 0.32448 0.05580 0.31548 0.30424 1489.991
2.970 0.57438 53.29142 0.28599 30.60938 0.32469 0.05561 0.31586 0.30384 1489.480
2.975 0.57428 53.22297 0.28558 30.56515 0.32491 0.05542 0.31624 0.30343 1488.970
2.980 0.57419 53.15464 0.28517 30.52104 0.32513 0.05522 0.31662 0.30303 1488.460
2.985 0.57410 53.08644 0.28476 30.47705 0.32535 0.05503 0.31699 0.30263 1487.950
2.990 0.57401 53.01837 0.28435 30.43318 0.32556 0.05484 0.31737 0.30222 1487.442
2.995 0.57392 52.95042 0.28394 30.38943 0.32578 0.05465 0.31775 0.30182 1486.933
3.000 0.57383 52.88260 0.28353 30.34579 0.32600 0.05446 0.31813 0.30142 1486.426
3.005 0.57374 52.81491 0.28313 30.30227 0.32621 0.05427 0.31851 0.30101 1485.919
3.010 0.57366 52.74733 0.28272 30.25887 0.32643 0.05408 0.31888 0.30061 1485.412
3.015 0.57357 52.67989 0.28232 30.21558 0.32664 0.05389 0.31926 0.30021 1484.906
3.020 0.57348 52.61257 0.28191 30.17241 0.32685 0.05370 0.31964 0.29980 1484.401
3.025 0.57340 52.54537 0.28151 30.12936 0.32707 0.05352 0.32002 0.29940 1483.896
3.030 0.57331 52.47830 0.28111 30.08642 0.32728 0.05333 0.32040 0.29900 1483.391
3.035 0.57323 52.41135 0.28071 30.04360 0.32749 0.05314 0.32077 0.29859 1482.887
3.040 0.57314 52.34453 0.28031 30.00088 0.32771 0.05296 0.32115 0.29819 1482.384
3.045 0.57306 52.27783 0.27991 29.95829 0.32792 0.05277 0.32153 0.29778 1481.881
3.050 0.57298 52.21126 0.27951 29.91581 0.32813 0.05259 0.32190 0.29738 1481.379
3.055 0.57289 52.14480 0.27912 29.87344 0.32834 0.05240 0.32228 0.29698 1480.877
3.060 0.57281 52.07847 0.27872 29.83118 0.32855 0.05222 0.32266 0.29657 1480.376
3.065 0.57273 52.01227 0.27833 29.78903 0.32876 0.05204 0.32303 0.29617 1479.876
3.070 0.57265 51.94618 0.27794 29.74700 0.32897 0.05185 0.32341 0.29577 1479.376
3.075 0.57257 51.88022 0.27755 29.70508 0.32918 0.05167 0.32379 0.29536 1478.876
3.080 0.57249 51.81439 0.27715 29.66327 0.32939 0.05149 0.32416 0.29496 1478.377
3.085 0.57241 51.74867 0.27677 29.62157 0.32959 0.05131 0.32454 0.29456 1477.879
3.090 0.57233 51.68308 0.27638 29.57998 0.32980 0.05113 0.32491 0.29415 1477.381
3.095 0.57226 51.61760 0.27599 29.53850 0.33001 0.05095 0.32529 0.29375 1476.884
3.100 0.57218 51.55225 0.27560 29.49714 0.33022 0.05077 0.32567 0.29335 1476.387
3.105 0.57210 51.48702 0.27522 29.45588 0.33042 0.05059 0.32604 0.29294 1475.890
3.110 0.57203 51.42192 0.27483 29.41473 0.33063 0.05041 0.32642 0.29254 1475.395
3.115 0.57195 51.35693 0.27445 29.37369 0.33083 0.05024 0.32679 0.29214 1474.900
3.120 0.57188 51.29206 0.27407 29.33275 0.33104 0.05006 0.32717 0.29174 1474.405
3.125 0.57180 51.22732 0.27369 29.29193 0.33124 0.04988 0.32754 0.29133 1473.911
3.130 0.57173 51.16269 0.27330 29.25121 0.33145 0.04971 0.32792 0.29093 1473.417
3.135 0.57166 51.09819 0.27293 29.21060 0.33165 0.04953 0.32829 0.29053 1472.924
3.140 0.57158 51.03380 0.27255 29.17010 0.33185 0.04936 0.32867 0.29012 1472.432
3.145 0.57151 50.96954 0.27217 29.12970 0.33206 0.04918 0.32904 0.28972 1471.940
3.150 0.57144 50.90539 0.27179 29.08941 0.33226 0.04901 0.32941 0.28932 1471.448
3.155 0.57137 50.84136 0.27142 29.04922 0.33246 0.04883 0.32979 0.28892 1470.957
3.160 0.57130 50.77746 0.27104 29.00914 0.33266 0.04866 0.33016 0.28851 1470.467
3.165 0.57123 50.71367 0.27067 28.96917 0.33286 0.04849 0.33054 0.28811 1469.977
3.170 0.57116 50.65000 0.27030 28.92930 0.33306 0.04832 0.33091 0.28771 1469.488
3.175 0.57109 50.58644 0.26993 28.88953 0.33326 0.04815 0.33128 0.28731 1468.999
3.180 0.57102 50.52301 0.26955 28.84987 0.33346 0.04798 0.33166 0.28690 1468.511
3.185 0.57096 50.45970 0.26919 28.81031 0.33366 0.04781 0.33203 0.28650 1468.023
3.190 0.57089 50.39650 0.26882 28.77086 0.33386 0.04764 0.33240 0.28610 1467.536
3.195 0.57082 50.33342 0.26845 28.73151 0.33406 0.04747 0.33278 0.28570 1467.050
3.200 0.57076 50.27046 0.26808 28.69226 0.33426 0.04730 0.33315 0.28530 1466.564
3.205 0.57069 50.20761 0.26772 28.65311 0.33446 0.04713 0.33352 0.28489 1466.078
3.210 0.57063 50.14488 0.26735 28.61407 0.33465 0.04696 0.33389 0.28449 1465.593
3.215 0.57056 50.08227 0.26699 28.57512 0.33485 0.04680 0.33427 0.28409 1465.109
3.220 0.57050 50.01978 0.26662 28.53628 0.33505 0.04663 0.33464 0.28369 1464.625
3.225 0.57044 49.95740 0.26626 28.49754 0.33524 0.04646 0.33501 0.28329 1464.141
3.230 0.57037 49.89513 0.26590 28.45890 0.33544 0.04630 0.33538 0.28289 1463.658
3.235 0.57031 49.83299 0.26554 28.42036 0.33563 0.04613 0.33575 0.28248 1463.176
3.240 0.57025 49.77096 0.26518 28.38192 0.33582 0.04597 0.33612 0.28208 1462.694
3.245 0.57019 49.70904 0.26482 28.34358 0.33602 0.04580 0.33650 0.28168 1462.213
3.250 0.57013 49.64724 0.26447 28.30534 0.33621 0.04564 0.33687 0.28128 1461.732
3.255 0.57007 49.58556 0.26411 28.26720 0.33640 0.04548 0.33724 0.28088 1461.252
3.260 0.57001 49.52399 0.26376 28.22915 0.33660 0.04532 0.33761 0.28048 1460.772
3.265 0.56995 49.46253 0.26340 28.19121 0.33679 0.04515 0.33798 0.28008 1460.293
3.270 0.56989 49.40119 0.26305 28.15336 0.33698 0.04499 0.33835 0.27968 1459.815
3.275 0.56983 49.33996 0.26269 28.11561 0.33717 0.04483 0.33872 0.27928 1459.337
3.280 0.56978 49.27885 0.26234 28.07796 0.33736 0.04467 0.33909 0.27888 1458.859
3.285 0.56972 49.21785 0.26199 28.04040 0.33755 0.04451 0.33946 0.27848 1458.382
3.290 0.56966 49.15697 0.26164 28.00294 0.33774 0.04435 0.33983 0.27808 1457.905
3.295 0.56961 49.09620 0.26129 27.96558 0.33793 0.04419 0.34020 0.27768 1457.429
3.300 0.56955 49.03554 0.26094 27.92832 0.33812 0.04403 0.34057 0.27728 1456.954
3.305 0.56950 48.97499 0.26060 27.89115 0.33831 0.04388 0.34094 0.27688 1456.479
3.310 0.56944 48.91456 0.26025 27.85407 0.33850 0.04372 0.34131 0.27648 1456.005
3.315 0.56939 48.85424 0.25991 27.81709 0.33868 0.04356 0.34168 0.27608 1455.531
3.320 0.56934 48.79403 0.25956 27.78020 0.33887 0.04341 0.34205 0.27568 1455.057
3.325 0.56928 48.73394 0.25922 27.74341 0.33906 0.04325 0.34242 0.27528 1454.585
3.330 0.56923 48.67395 0.25887 27.70672 0.33924 0.04309 0.34279 0.27488 1454.112
3.335 0.56918 48.61408 0.25853 27.67011 0.33943 0.04294 0.34315 0.27448 1453.641
3.340 0.56913 48.55432 0.25819 27.63360 0.33961 0.04278 0.34352 0.27408 1453.169
3.345 0.56908 48.49467 0.25785 27.59719 0.33980 0.04263 0.34389 0.27368 1452.699
3.350 0.56903 48.43513 0.25751 27.56087 0.33998 0.04248 0.34426 0.27328 1452.228
3.355 0.56898 48.37571 0.25717 27.52463 0.34017 0.04232 0.34463 0.27288 1451.759
3.360 0.56893 48.31639 0.25684 27.48850 0.34035 0.04217 0.34499 0.27249 1451.289
3.365 0.56888 48.25718 0.25650 27.45245 0.34053 0.04202 0.34536 0.27209 1450.821
3.370 0.56883 48.19809 0.25616 27.41650 0.34072 0.04187 0.34573 0.27169 1450.353
3.375 0.56878 48.13910 0.25583 27.38063 0.34090 0.04172 0.34610 0.27129 1449.885
3.380 0.56873 48.08023 0.25549 27.34486 0.34108 0.04157 0.34646 0.27089 1449.418
3.385 0.56869 48.02146 0.25516 27.30918 0.34126 0.04142 0.34683 0.27049 1448.951
3.390 0.56864 47.96280 0.25483 27.27359 0.34144 0.04127 0.34720 0.27010 1448.485
3.395 0.56859 47.90426 0.25450 27.23809 0.34162 0.04112 0.34756 0.26970 1448.020
3.400 0.56855 47.84582 0.25416 27.20268 0.34180 0.04097 0.34793 0.26930 1447.555
3.405 0.56850 47.78749 0.25383 27.16736 0.34198 0.04082 0.34830 0.26891 1447.090
3.410 0.56846 47.72927 0.25351 27.13212 0.34216 0.04067 0.34866 0.26851 1446.626
3.415 0.56841 47.67116 0.25318 27.09698 0.34234 0.04052 0.34903 0.26811 1446.163
3.420 0.56837 47.61315 0.25285 27.06193 0.34251 0.04038 0.34939 0.26772 1445.700
3.425 0.56833 47.55526 0.25252 27.02696 0.34269 0.04023 0.34976 0.26732 1445.238
3.430 0.56828 47.49747 0.25220 26.99208 0.34287 0.04009 0.35012 0.26692 1444.776
3.435 0.56824 47.43979 0.25187 26.95729 0.34305 0.03994 0.35049 0.26653 1444.314
3.440 0.56820 47.38221 0.25155 26.92259 0.34322 0.03979 0.35085 0.26613 1443.854
3.445 0.56816 47.32475 0.25122 26.88798 0.34340 0.03965 0.35122 0.26573 1443.393
3.450 0.56812 47.26739 0.25090 26.85345 0.34357 0.03951 0.35158 0.26534 1442.933
3.455 0.56808 47.21014 0.25058 26.81901 0.34375 0.03936 0.35195 0.26494 1442.474
3.460 0.56804 47.15299 0.25026 26.78465 0.34392 0.03922 0.35231 0.26455 1442.015
3.465 0.56800 47.09595 0.24994 26.75039 0.34409 0.03908 0.35268 0.26415 1441.557
3.470 0.56796 47.03902 0.24962 26.71620 0.34427 0.03893 0.35304 0.26376 1441.099
3.475 0.56792 46.98219 0.24930 26.68211 0.34444 0.03879 0.35340 0.26336 1440.642
3.480 0.56788 46.92547 0.24898 26.64809 0.34461 0.03865 0.35377 0.26297 1440.185
3.485 0.56784 46.86885 0.24867 26.61417 0.34479 0.03851 0.35413 0.26257 1439.729
3.490 0.56781 46.81234 0.24835 26.58033 0.34496 0.03837 0.35449 0.26218 1439.273
3.495 0.56777 46.75593 0.24803 26.54657 0.34513 0.03823 0.35486 0.26179 1438.818
3.500 0.56773 46.69963 0.24772 26.51289 0.34530 0.03809 0.35522 0.26139 1438.363
3.505 0.56770 46.64344 0.24741 26.47931 0.34547 0.03795 0.35558 0.26100 1437.909
3.510 0.56766 46.58734 0.24709 26.44580 0.34564 0.03781 0.35594 0.26060 1437.455
3.515 0.56763 46.53136 0.24678 26.41238 0.34581 0.03767 0.35631 0.26021 1437.002
3.520 0.56759 46.47547 0.24647 26.37904 0.34598 0.03754 0.35667 0.25982 1436.549
3.525 0.56756 46.41969 0.24616 26.34578 0.34615 0.03740 0.35703 0.25943 1436.097
3.530 0.56752 46.36402 0.24585 26.31261 0.34631 0.03726 0.35739 0.25903 1435.645
3.535 0.56749 46.30845 0.24554 26.27952 0.34648 0.03713 0.35775 0.25864 1435.194
3.540 0.56746 46.25298 0.24523 26.24651 0.34665 0.03699 0.35811 0.25825 1434.744
3.545 0.56742 46.19761 0.24492 26.21358 0.34681 0.03686 0.35848 0.25786 1434.293
3.550 0.56739 46.14235 0.24462 26.18074 0.34698 0.03672 0.35884 0.25746 1433.844
3.555 0.56736 46.08719 0.24431 26.14797 0.34715 0.03659 0.35920 0.25707 1433.395
3.560 0.56733 46.03213 0.24400 26.11529 0.34731 0.03645 0.35956 0.25668 1432.946
3.565 0.56730 45.97717 0.24370 26.08268 0.34748 0.03632 0.35992 0.25629 1432.498
3.570 0.56727 45.92232 0.24340 26.05016 0.34764 0.03618 0.36028 0.25590 1432.050
3.575 0.56724 45.86757 0.24309 26.01772 0.34780 0.03605 0.36064 0.25551 1431.603
3.580 0.56721 45.81292 0.24279 25.98536 0.34797 0.03592 0.36100 0.25512 1431.157
3.585 0.56718 45.75837 0.24249 25.95307 0.34813 0.03579 0.36136 0.25473 1430.710
3.590 0.56715 45.70392 0.24219 25.92087 0.34829 0.03566 0.36172 0.25434 1430.265
3.595 0.56712 45.64957 0.24189 25.88875 0.34845 0.03552 0.36208 0.25395 1429.820
3.600 0.56709 45.59533 0.24159 25.85670 0.34862 0.03539 0.36243 0.25356 1429.375
3.605 0.56706 45.54118 0.24129 25.82474 0.34878 0.03526 0.36279 0.25317 1428.931
3.610 0.56704 45.48714 0.24099 25.79285 0.34894 0.03513 0.36315 0.25278 1428.487
3.615 0.56701 45.43319 0.24069 25.76104 0.34910 0.03500 0.36351 0.25239 1428.044
3.620 0.56698 45.37935 0.24040 25.72931 0.34926 0.03488 0.36387 0.25200 1427.601
3.625 0.56696 45.32560 0.24010 25.69765 0.34942 0.03475 0.36423 0.25161 1427.159
3.630 0.56693 45.27196 0.23981 25.66608 0.34958 0.03462 0.36459 0.25122 1426.718
3.635 0.56691 45.21841 0.23951 25.63458 0.34973 0.03449 0.36494 0.25083 1426.277
3.640 0.56688 45.16497 0.23922 25.60315 0.34989 0.03436 0.36530 0.25044 1425.836
3.645 0.56686 45.11162 0.23893 25.57181 0.35005 0.03424 0.36566 0.25006 1425.396
3.650 0.56683 45.05837 0.23863 25.54054 0.35021 0.03411 0.36601 0.24967 1424.956
3.655 0.56681 45.00522 0.23834 25.50934 0.35036 0.03398 0.36637 0.24928 1424.517
3.660 0.56679 44.95217 0.23805 25.47823 0.35052 0.03386 0.36673 0.24889 1424.078
3.665 0.56676 44.89922 0.23776 25.44718 0.35068 0.03373 0.36708 0.24851 1423.640
3.670 0.56674 44.84636 0.23747 25.41622 0.35083 0.03361 0.36744 0.24812 1423.202
3.675 0.56672 44.79360 0.23718 25.38533 0.35099 0.03348 0.36780 0.24773 1422.765
3.680 0.56670 44.74094 0.23690 25.35451 0.35114 0.03336 0.36815 0.24735 1422.329
3.685 0.56667 44.68838 0.23661 25.32377 0.35129 0.03324 0.36851 0.24696 1421.892
3.690 0.56665 44.63592 0.23632 25.29310 0.35145 0.03311 0.36886 0.24658 1421.457
3.695 0.56663 44.58355 0.23604 25.26251 0.35160 0.03299 0.36922 0.24619 1421.021
3.700 0.56661 44.53128 0.23575 25.23199 0.35175 0.03287 0.36957 0.24581 1420.587
3.705 0.56659 44.47910 0.23547 25.20155 0.35190 0.03275 0.36993 0.24542 1420.152
3.710 0.56657 44.42702 0.23518 25.17117 0.35206 0.03262 0.37028 0.24504 1419.719
3.715 0.56655 44.37504 0.23490 25.14088 0.35221 0.03250 0.37064 0.24465 1419.285
3.720 0.56654 44.32316 0.23462 25.11065 0.35236 0.03238 0.37099 0.24427 1418.853
3.725 0.56652 44.27137 0.23434 25.08050 0.35251 0.03226 0.37135 0.24388 1418.420
3.730 0.56650 44.21967 0.23406 25.05042 0.35266 0.03214 0.37170 0.24350 1417.989
3.735 0.56648 44.16807 0.23377 25.02041 0.35281 0.03202 0.37205 0.24311 1417.557
3.740 0.56646 44.11657 0.23350 24.99048 0.35296 0.03190 0.37241 0.24273 1417.126
3.745 0.56645 44.06516 0.23322 24.96061 0.35311 0.03178 0.37276 0.24235 1416.696
3.750 0.56643 44.01385 0.23294 24.93082 0.35325 0.03167 0.37311 0.24197 1416.266
3.755 0.56642 43.96263 0.23266 24.90110 0.35340 0.03155 0.37347 0.24158 1415.837
3.760 0.56640 43.91151 0.23238 24.87145 0.35355 0.03143 0.37382 0.24120 1415.408
3.765 0.56638 43.86048 0.23211 24.84188 0.35370 0.03131 0.37417 0.24082 1414.980
3.770 0.56637 43.80954 0.23183 24.81237 0.35384 0.03120 0.37452 0.24044 1414.552
3.775 0.56635 43.75870 0.23156 24.78293 0.35399 0.03108 0.37488 0.24006 1414.124
3.780 0.56634 43.70795 0.23128 24.75357 0.35413 0.03096 0.37523 0.23967 1413.697
3.785 0.56633 43.65730 0.23101 24.72427 0.35428 0.03085 0.37558 0.23929 1413.271
3.790 0.56631 43.60674 0.23073 24.69505 0.35442 0.03073 0.37593 0.23891 1412.845
3.795 0.56630 43.55627 0.23046 24.66589 0.35457 0.03062 0.37628 0.23853 1412.419
3.800 0.56629 43.50589 0.23019 24.63680 0.35471 0.03050 0.37663 0.23815 1411.994
3.805 0.56627 43.45561 0.22992 24.60778 0.35485 0.03039 0.37698 0.23777 1411.570
3.810 0.56626 43.40542 0.22965 24.57884 0.35500 0.03028 0.37734 0.23739 1411.146
3.815 0.56625 43.35533 0.22938 24.54996 0.35514 0.03016 0.37769 0.23701 1410.722
3.820 0.56624 43.30532 0.22911 24.52114 0.35528 0.03005 0.37804 0.23663 1410.299
3.825 0.56623 43.25541 0.22884 24.49240 0.35542 0.02994 0.37839 0.23626 1409.876
3.830 0.56622 43.20559 0.22857 24.46373 0.35556 0.02983 0.37874 0.23588 1409.454
3.835 0.56621 43.15586 0.22831 24.43512 0.35570 0.02971 0.37909 0.23550 1409.032
3.840 0.56620 43.10622 0.22804 24.40658 0.35584 0.02960 0.37943 0.23512 1408.611
3.845 0.56619 43.05667 0.22777 24.37811 0.35598 0.02949 0.37978 0.23474 1408.190
3.850 0.56618 43.00722 0.22751 24.34970 0.35612 0.02938 0.38013 0.23437 1407.770
3.855 0.56617 42.95785 0.22724 24.32137 0.35626 0.02927 0.38048 0.23399 1407.350
3.860 0.56616 42.90858 0.22698 24.29310 0.35640 0.02916 0.38083 0.23361 1406.931
3.865 0.56615 42.85939 0.22672 24.26489 0.35654 0.02905 0.38118 0.23323 1406.512
3.870 0.56614 42.81030 0.22645 24.23676 0.35667 0.02894 0.38153 0.23286 1406.094
3.875 0.56614 42.76130 0.22619 24.20868 0.35681 0.02883 0.38187 0.23248 1405.676
3.880 0.56613 42.71239 0.22593 24.18068 0.35695 0.02872 0.38222 0.23211 1405.258
3.885 0.56612 42.66356 0.22567 24.15274 0.35708 0.02862 0.38257 0.23173 1404.841
3.890 0.56611 42.61483 0.22541 24.12487 0.35722 0.02851 0.38292 0.23136 1404.425
3.895 0.56611 42.56618 0.22515 24.09706 0.35735 0.02840 0.38326 0.23098 1404.009
3.900 0.56610 42.51763 0.22489 24.06932 0.35749 0.02829 0.38361 0.23061 1403.593
3.905 0.56610 42.46916 0.22463 24.04164 0.35762 0.02819 0.38396 0.23023 1403.178
3.910 0.56609 42.42079 0.22437 24.01402 0.35776 0.02808 0.38430 0.22986 1402.764
3.915 0.56609 42.37250 0.22411 23.98648 0.35789 0.02798 0.38465 0.22948 1402.349
3.920 0.56608 42.32430 0.22386 23.95899 0.35802 0.02787 0.38500 0.22911 1401.936
3.925 0.56608 42.27619 0.22360 23.93157 0.35816 0.02777 0.38534 0.22874 1401.523
3.930 0.56607 42.22816 0.22335 23.90421 0.35829 0.02766 0.38569 0.22837 1401.110
3.935 0.56607 42.18023 0.22309 23.87692 0.35842 0.02756 0.38603 0.22799 1400.697
3.940 0.56607 42.13238 0.22284 23.84969 0.35855 0.02745 0.38638 0.22762 1400.286
3.945 0.56606 42.08462 0.22258 23.82253 0.35868 0.02735 0.38672 0.22725 1399.874
3.950 0.56606 42.03694 0.22233 23.79543 0.35881 0.02724 0.38707 0.22688 1399.463
3.955 0.56606 41.98936 0.22208 23.76839 0.35894 0.02714 0.38741 0.22651 1399.053
3.960 0.56606 41.94186 0.22182 23.74141 0.35907 0.02704 0.38776 0.22613 1398.643
3.965 0.56605 41.89445 0.22157 23.71450 0.35920 0.02694 0.38810 0.22576 1398.233
3.970 0.56605 41.84712 0.22132 23.68765 0.35933 0.02683 0.38844 0.22539 1397.824
3.975 0.56605 41.79988 0.22107 23.66086 0.35946 0.02673 0.38879 0.22502 1397.416
3.980 0.56605 41.75273 0.22082 23.63413 0.35958 0.02663 0.38913 0.22465 1397.008
3.985 0.56605 41.70566 0.22057 23.60746 0.35971 0.02653 0.38947 0.22428 1396.600
3.990 0.56605 41.65868 0.22032 23.58086 0.35984 0.02643 0.38982 0.22391 1396.193
3.995 0.56605 41.61179 0.22008 23.55432 0.35997 0.02633 0.39016 0.22355 1395.786
4.000 0.56605 41.56498 0.21983 23.52784 0.36009 0.02623 0.39050 0.22318 1395.380
4.005 0.56605 41.51825 0.21958 23.50142 0.36022 0.02613 0.39084 0.22281 1394.974
4.010 0.56605 41.47161 0.21934 23.47506 0.36034 0.02603 0.39119 0.22244 1394.568
4.015 0.56605 41.42506 0.21909 23.44876 0.36047 0.02593 0.39153 0.22207 1394.164
4.020 0.56605 41.37859 0.21885 23.42252 0.36059 0.02583 0.39187 0.22171 1393.759
4.025 0.56606 41.33221 0.21860 23.39634 0.36071 0.02574 0.39221 0.22134 1393.355
4.030 0.56606 41.28591 0.21836 23.37023 0.36084 0.02564 0.39255 0.22097 1392.951
4.035 0.56606 41.23969 0.21811 23.34417 0.36096 0.02554 0.39289 0.22061 1392.548
4.040 0.56606 41.19356 0.21787 23.31817 0.36108 0.02544 0.39323 0.22024 1392.146
4.045 0.56607 41.14751 0.21763 23.29223 0.36121 0.02535 0.39357 0.21987 1391.744
4.050 0.56607 41.10155 0.21739 23.26635 0.36133 0.02525 0.39391 0.21951 1391.342
4.055 0.56607 41.05567 0.21714 23.24053 0.36145 0.02515 0.39425 0.21914 1390.940
4.060 0.56608 41.00987 0.21690 23.21477 0.36157 0.02506 0.39459 0.21878 1390.540
4.065 0.56608 40.96416 0.21666 23.18907 0.36169 0.02496 0.39493 0.21841 1390.139
4.070 0.56609 40.91853 0.21642 23.16343 0.36181 0.02487 0.39527 0.21805 1389.739
4.075 0.56609 40.87298 0.21619 23.13784 0.36193 0.02477 0.39561 0.21769 1389.340
4.080 0.56610 40.82751 0.21595 23.11232 0.36205 0.02468 0.39595 0.21732 1388.941
4.085 0.56610 40.78213 0.21571 23.08685 0.36217 0.02458 0.39629 0.21696 1388.542
4.090 0.56611 40.73683 0.21547 23.06144 0.36228 0.02449 0.39663 0.21660 1388.144
4.095 0.56611 40.69161 0.21523 23.03608 0.36240 0.02440 0.39697 0.21623 1387.746
4.100 0.56612 40.64648 0.21500 23.01079 0.36252 0.02430 0.39730 0.21587 1387.349
4.105 0.56613 40.60142 0.21476 22.98555 0.36264 0.02421 0.39764 0.21551 1386.952
4.110 0.56613 40.55645 0.21453 22.96037 0.36275 0.02412 0.39798 0.21515 1386.556
4.115 0.56614 40.51156 0.21429 22.93525 0.36287 0.02403 0.39832 0.21479 1386.160
4.120 0.56615 40.46675 0.21406 22.91018 0.36298 0.02393 0.39865 0.21443 1385.764
4.125 0.56616 40.42202 0.21382 22.88517 0.36310 0.02384 0.39899 0.21407 1385.369
4.130 0.56616 40.37738 0.21359 22.86022 0.36321 0.02375 0.39933 0.21371 1384.975
4.135 0.56617 40.33281 0.21336 22.83532 0.36333 0.02366 0.39966 0.21335 1384.581
4.140 0.56618 40.28832 0.21313 22.81048 0.36344 0.02357 0.40000 0.21299 1384.187
4.145 0.56619 40.24392 0.21290 22.78569 0.36356 0.02348 0.40034 0.21263 1383.794
4.150 0.56620 40.19959 0.21266 22.76096 0.36367 0.02339 0.40067 0.21227 1383.401
4.155 0.56621 40.15535 0.21243 22.73629 0.36378 0.02330 0.40101 0.21191 1383.009
4.160 0.56622 40.11118 0.21220 22.71167 0.36389 0.02321 0.40134 0.21155 1382.617
4.165 0.56623 40.06710 0.21197 22.68711 0.36401 0.02312 0.40168 0.21119 1382.225
4.170 0.56624 40.02309 0.21174 22.66260 0.36412 0.02303 0.40201 0.21084 1381.834
4.175 0.56625 39.97917 0.21152 22.63815 0.36423 0.02294 0.40235 0.21048 1381.443
4.180 0.56626 39.93532 0.21129 22.61375 0.36434 0.02286 0.40268 0.21012 1381.053
4.185 0.56627 39.89155 0.21106 22.58941 0.36445 0.02277 0.40302 0.20977 1380.664
4.190 0.56628 39.84787 0.21083 22.56512 0.36456 0.02268 0.40335 0.20941 1380.274
4.195 0.56629 39.80426 0.21061 22.54088 0.36467 0.02259 0.40368 0.20905 1379.885
4.200 0.56631 39.76072 0.21038 22.51670 0.36478 0.02251 0.40402 0.20870 1379.497
4.205 0.56632 39.71727 0.21016 22.49258 0.36488 0.02242 0.40435 0.20834 1379.109
4.210 0.56633 39.67390 0.20993 22.46850 0.36499 0.02233 0.40468 0.20799 1378.721
4.215 0.56634 39.63060 0.20971 22.44449 0.36510 0.02225 0.40502 0.20763 1378.334
4.220 0.56636 39.58738 0.20948 22.42052 0.36521 0.02216 0.40535 0.20728 1377.948
4.225 0.56637 39.54424 0.20926 22.39661 0.36531 0.02208 0.40568 0.20693 1377.561
4.230 0.56638 39.50118 0.20904 22.37275 0.36542 0.02199 0.40601 0.20657 1377.175
4.235 0.56640 39.45819 0.20881 22.34894 0.36553 0.02191 0.40635 0.20622 1376.790
4.240 0.56641 39.41528 0.20859 22.32519 0.36563 0.02182 0.40668 0.20587 1376.405
4.245 0.56642 39.37245 0.20837 22.30149 0.36574 0.02174 0.40701 0.20552 1376.021
4.250 0.56644 39.32970 0.20815 22.27784 0.36584 0.02166 0.40734 0.20516 1375.636
4.255 0.56645 39.28702 0.20793 22.25425 0.36595 0.02157 0.40767 0.20481 1375.253
4.260 0.56647 39.24442 0.20771 22.23070 0.36605 0.02149 0.40800 0.20446 1374.869
4.265 0.56648 39.20190 0.20749 22.20721 0.36615 0.02141 0.40833 0.20411 1374.487
4.270 0.56650 39.15945 0.20727 22.18377 0.36626 0.02132 0.40866 0.20376 1374.104
4.275 0.56651 39.11708 0.20705 22.16038 0.36636 0.02124 0.40899 0.20341 1373.722
4.280 0.56653 39.07478 0.20683 22.13705 0.36646 0.02116 0.40932 0.20306 1373.341
4.285 0.56655 39.03256 0.20662 22.11376 0.36656 0.02108 0.40965 0.20271 1372.960
4.290 0.56656 38.99042 0.20640 22.09053 0.36666 0.02100 0.40998 0.20236 1372.579
4.295 0.56658 38.94835 0.20618 22.06735 0.36676 0.02091 0.41031 0.20201 1372.199
4.300 0.56660 38.90635 0.20597 22.04422 0.36686 0.02083 0.41064 0.20166 1371.819
4.305 0.56661 38.86444 0.20575 22.02113 0.36696 0.02075 0.41097 0.20132 1371.439
4.310 0.56663 38.82259 0.20554 21.99810 0.36706 0.02067 0.41130 0.20097 1371.061
4.315 0.56665 38.78082 0.20532 21.97512 0.36716 0.02059 0.41162 0.20062 1370.682
4.320 0.56667 38.73913 0.20511 21.95220 0.36726 0.02051 0.41195 0.20027 1370.304
4.325 0.56669 38.69751 0.20489 21.92932 0.36736 0.02043 0.41228 0.19993 1369.926
4.330 0.56670 38.65597 0.20468 21.90649 0.36746 0.02035 0.41261 0.19958 1369.549
4.335 0.56672 38.61450 0.20447 21.88371 0.36756 0.02027 0.41293 0.19923 1369.172
4.340 0.56674 38.57310 0.20426 21.86098 0.36765 0.02020 0.41326 0.19889 1368.795
4.345 0.56676 38.53178 0.20404 21.83830 0.36775 0.02012 0.41359 0.19854 1368.419
4.350 0.56678 38.49053 0.20383 21.81567 0.36785 0.02004 0.41392 0.19820 1368.044
4.355 0.56680 38.44935 0.20362 21.79309 0.36794 0.01996 0.41424 0.19785 1367.669
4.360 0.56682 38.40825 0.20341 21.77055 0.36804 0.01988 0.41457 0.19751 1367.294
4.365 0.56684 38.36722 0.20320 21.74807 0.36813 0.01981 0.41489 0.19717 1366.920
4.370 0.56686 38.32627 0.20299 21.72564 0.36823 0.01973 0.41522 0.19682 1366.546
4.375 0.56688 38.28538 0.20278 21.70325 0.36832 0.01965 0.41554 0.19648 1366.172
4.380 0.56690 38.24457 0.20257 21.68091 0.36841 0.01958 0.41587 0.19614 1365.799
4.385 0.56692 38.20384 0.20236 21.65862 0.36851 0.01950 0.41619 0.19580 1365.426
4.390 0.56694 38.16317 0.20216 21.63638 0.36860 0.01943 0.41652 0.19545 1365.054
4.395 0.56697 38.12258 0.20195 21.61419 0.36869 0.01935 0.41684 0.19511 1364.682
4.400 0.56699 38.08206 0.20174 21.59205 0.36879 0.01927 0.41717 0.19477 1364.311
4.405 0.56701 38.04161 0.20154 21.56995 0.36888 0.01920 0.41749 0.19443 1363.940
4.410 0.56703 38.00124 0.20133 21.54790 0.36897 0.01912 0.41782 0.19409 1363.569
4.415 0.56705 37.96093 0.20112 21.52590 0.36906 0.01905 0.41814 0.19375 1363.199
4.420 0.56708 37.92070 0.20092 21.50395 0.36915 0.01898 0.41846 0.19341 1362.829
4.425 0.56710 37.88054 0.20071 21.48204 0.36924 0.01890 0.41879 0.19307 1362.460
4.430 0.56712 37.84045 0.20051 21.46018 0.36933 0.01883 0.41911 0.19273 1362.091
4.435 0.56715 37.80043 0.20031 21.43837 0.36942 0.01875 0.41943 0.19239 1361.722
4.440 0.56717 37.76048 0.20010 21.41660 0.36951 0.01868 0.41975 0.19206 1361.354
4.445 0.56719 37.72060 0.19990 21.39488 0.36960 0.01861 0.42008 0.19172 1360.986
4.450 0.56722 37.68079 0.19970 21.37321 0.36969 0.01854 0.42040 0.19138 1360.619
4.455 0.56724 37.64106 0.19950 21.35158 0.36977 0.01846 0.42072 0.19104 1360.252
4.460 0.56727 37.60139 0.19929 21.33000 0.36986 0.01839 0.42104 0.19071 1359.885
4.465 0.56729 37.56180 0.19909 21.30847 0.36995 0.01832 0.42136 0.19037 1359.519
4.470 0.56732 37.52227 0.19889 21.28698 0.37003 0.01825 0.42168 0.19003 1359.154
4.475 0.56734 37.48282 0.19869 21.26554 0.37012 0.01818 0.42200 0.18970 1358.788
4.480 0.56737 37.44343 0.19849 21.24414 0.37021 0.01811 0.42232 0.18936 1358.423
4.485 0.56739 37.40411 0.19829 21.22279 0.37029 0.01803 0.42264 0.18903 1358.059
4.490 0.56742 37.36487 0.19809 21.20149 0.37038 0.01796 0.42296 0.18869 1357.695
4.495 0.56744 37.32569 0.19789 21.18023 0.37046 0.01789 0.42328 0.18836 1357.331
4.500 0.56747 37.28658 0.19770 21.15901 0.37055 0.01782 0.42360 0.18803 1356.968
4.505 0.56750 37.24754 0.19750 21.13784 0.37063 0.01775 0.42392 0.18769 1356.605
4.510 0.56752 37.20857 0.19730 21.11672 0.37071 0.01768 0.42424 0.18736 1356.242
4.515 0.56755 37.16967 0.19710 21.09564 0.37080 0.01762 0.42456 0.18703 1355.880
4.520 0.56758 37.13083 0.19691 21.07460 0.37088 0.01755 0.42488 0.18670 1355.519
4.525 0.56760 37.09207 0.19671 21.05361 0.37096 0.01748 0.42520 0.18636 1355.157
4.530 0.56763 37.05337 0.19652 21.03266 0.37104 0.01741 0.42552 0.18603 1354.796
4.535 0.56766 37.01474 0.19632 21.01176 0.37112 0.01734 0.42583 0.18570 1354.436
4.540 0.56769 36.97618 0.19613 20.99090 0.37120 0.01727 0.42615 0.18537 1354.076
4.545 0.56772 36.93769 0.19593 20.97009 0.37128 0.01720 0.42647 0.18504 1353.716
4.550 0.56774 36.89927 0.19574 20.94932 0.37136 0.01714 0.42679 0.18471 1353.357
4.555 0.56777 36.86091 0.19554 20.92859 0.37144 0.01707 0.42710 0.18438 1352.998
