timeGa Urey Qt heat/H0 heatTW 1HPE 2HPE 3HPE 4HPE TempC
0.000 0.60000 36.00000 1.00000 21.60000 0.37200 0.01640 0.43000 0.18100 1351.850
0.005 0.60023 36.00000 1.00038 21.60818 0.37215 0.01647 0.42994 0.18143 1352.174
0.010 0.60020 36.03719 1.00136 21.62937 0.37207 0.01654 0.42963 0.18176 1352.499
0.015 0.60016 36.07445 1.00234 21.65060 0.37199 0.01661 0.42931 0.18209 1352.824
0.020 0.60013 36.11178 1.00333 21.67187 0.37192 0.01667 0.42900 0.18241 1353.149
0.025 0.60010 36.14917 1.00431 21.69319 0.37184 0.01674 0.42868 0.18274 1353.475
0.030 0.60007 36.18663 1.00530 21.71456 0.37176 0.01680 0.42837 0.18307 1353.801
0.035 0.60004 36.22415 1.00629 21.73597 0.37168 0.01687 0.42805 0.18340 1354.127
0.040 0.60001 36.26175 1.00729 21.75742 0.37161 0.01694 0.42773 0.18372 1354.454
0.045 0.59998 36.29941 1.00828 21.77892 0.37153 0.01700 0.42742 0.18405 1354.781
0.050 0.59995 36.33714 1.00928 21.80046 0.37145 0.01707 0.42710 0.18438 1355.108
0.055 0.59992 36.37493 1.01028 21.82205 0.37137 0.01714 0.42678 0.18471 1355.436
0.060 0.59989 36.41280 1.01128 21.84369 0.37129 0.01720 0.42647 0.18504 1355.764
0.065 0.59986 36.45073 1.01229 21.86537 0.37121 0.01727 0.42615 0.18537 1356.093
0.070 0.59983 36.48873 1.01329 21.88710 0.37113 0.01734 0.42583 0.18570 1356.422
0.075 0.59980 36.52680 1.01430 21.90887 0.37104 0.01741 0.42551 0.18603 1356.751
0.080 0.59977 36.56494 1.01531 21.93069 0.37096 0.01748 0.42520 0.18636 1357.081
0.085 0.59974 36.60315 1.01632 21.95256 0.37088 0.01755 0.42488 0.18670 1357.411
0.090 0.59972 36.64143 1.01734 21.97447 0.37080 0.01761 0.42456 0.18703 1357.741
0.095 0.59969 36.67977 1.01835 21.99643 0.37071 0.01768 0.42424 0.18736 1358.072
0.100 0.59966 36.71819 1.01937 22.01843 0.37063 0.01775 0.42392 0.18769 1358.403
0.105 0.59963 36.75667 1.02039 22.04048 0.37055 0.01782 0.42360 0.18803 1358.734
0.110 0.59960 36.79522 1.02142 22.06258 0.37046 0.01789 0.42328 0.18836 1359.066
0.115 0.59958 36.83385 1.02244 22.08473 0.37038 0.01796 0.42296 0.18869 1359.398
0.120 0.59955 36.87254 1.02347 22.10692 0.37029 0.01803 0.42264 0.18903 1359.731
0.125 0.59952 36.91130 1.02450 22.12916 0.37021 0.01811 0.42232 0.18936 1360.064
0.130 0.59950 36.95014 1.02553 22.15145 0.37012 0.01818 0.42200 0.18970 1360.397
0.135 0.59947 36.98904 1.02656 22.17378 0.37004 0.01825 0.42168 0.19003 1360.731
0.140 0.59944 37.02802 1.02760 22.19617 0.36995 0.01832 0.42136 0.19037 1361.065
0.145 0.59942 37.06706 1.02864 22.21860 0.36986 0.01839 0.42104 0.19071 1361.400
0.150 0.59939 37.10618 1.02968 22.24108 0.36978 0.01846 0.42072 0.19104 1361.734
0.155 0.59936 37.14536 1.03072 22.26360 0.36969 0.01854 0.42040 0.19138 1362.070
0.160 0.59934 37.18462 1.03177 22.28618 0.36960 0.01861 0.42007 0.19172 1362.405
0.165 0.59931 37.22395 1.03281 22.30880 0.36951 0.01868 0.41975 0.19206 1362.741
0.170 0.59929 37.26335 1.03386 22.33148 0.36942 0.01875 0.41943 0.19239 1363.078
0.175 0.59926 37.30282 1.03492 22.35420 0.36933 0.01883 0.41911 0.19273 1363.414
0.180 0.59924 37.34236 1.03597 22.37697 0.36924 0.01890 0.41878 0.19307 1363.751
0.185 0.59921 37.38198 1.03703 22.39979 0.36915 0.01898 0.41846 0.19341 1364.089
0.190 0.59919 37.42167 1.03809 22.42266 0.36906 0.01905 0.41814 0.19375 1364.427
0.195 0.59916 37.46143 1.03915 22.44557 0.36897 0.01912 0.41781 0.19409 1364.765
0.200 0.59914 37.50126 1.04021 22.46854 0.36888 0.01920 0.41749 0.19443 1365.104
0.205 0.59912 37.54116 1.04128 22.49156 0.36879 0.01927 0.41717 0.19477 1365.443
0.210 0.59909 37.58114 1.04234 22.51463 0.36870 0.01935 0.41684 0.19511 1365.782
0.215 0.59907 37.62119 1.04341 22.53774 0.36860 0.01942 0.41652 0.19545 1366.122
0.220 0.59905 37.66132 1.04449 22.56091 0.36851 0.01950 0.41619 0.19580 1366.462
0.225 0.59902 37.70151 1.04556 22.58413 0.36842 0.01958 0.41587 0.19614 1366.802
0.230 0.59900 37.74178 1.04664 22.60739 0.36832 0.01965 0.41554 0.19648 1367.143
0.235 0.59898 37.78213 1.04772 22.63071 0.36823 0.01973 0.41522 0.19682 1367.485
0.240 0.59896 37.82254 1.04880 22.65408 0.36813 0.01981 0.41489 0.19717 1367.826
0.245 0.59894 37.86303 1.04988 22.67750 0.36804 0.01988 0.41457 0.19751 1368.168
0.250 0.59891 37.90360 1.05097 22.70097 0.36794 0.01996 0.41424 0.19785 1368.511
0.255 0.59889 37.94424 1.05206 22.72449 0.36785 0.02004 0.41391 0.19820 1368.854
0.260 0.59887 37.98495 1.05315 22.74807 0.36775 0.02012 0.41359 0.19854 1369.197
0.265 0.59885 38.02574 1.05424 22.77169 0.36765 0.02020 0.41326 0.19889 1369.541
0.270 0.59883 38.06660 1.05534 22.79537 0.36756 0.02027 0.41293 0.19923 1369.885
0.275 0.59881 38.10754 1.05644 22.81910 0.36746 0.02035 0.41261 0.19958 1370.229
0.280 0.59879 38.14855 1.05754 22.84288 0.36736 0.02043 0.41228 0.19993 1370.574
0.285 0.59877 38.18964 1.05864 22.86671 0.36726 0.02051 0.41195 0.20027 1370.919
0.290 0.59875 38.23080 1.05975 22.89059 0.36716 0.02059 0.41162 0.20062 1371.264
0.295 0.59873 38.27204 1.06086 22.91453 0.36707 0.02067 0.41129 0.20097 1371.610
0.300 0.59871 38.31336 1.06197 22.93852 0.36697 0.02075 0.41097 0.20132 1371.957
0.305 0.59869 38.35475 1.06308 22.96256 0.36687 0.02083 0.41064 0.20166 1372.303
0.310 0.59867 38.39621 1.06420 22.98666 0.36677 0.02091 0.41031 0.20201 1372.651
0.315 0.59865 38.43776 1.06532 23.01081 0.36666 0.02100 0.40998 0.20236 1372.998
0.320 0.59863 38.47938 1.06644 23.03501 0.36656 0.02108 0.40965 0.20271 1373.346
0.325 0.59861 38.52107 1.06756 23.05926 0.36646 0.02116 0.40932 0.20306 1373.694
0.330 0.59860 38.56284 1.06868 23.08357 0.36636 0.02124 0.40899 0.20341 1374.043
0.335 0.59858 38.60469 1.06981 23.10793 0.36626 0.02132 0.40866 0.20376 1374.392
0.340 0.59856 38.64662 1.07094 23.13235 0.36615 0.02141 0.40833 0.20411 1374.741
0.345 0.59854 38.68862 1.07207 23.15682 0.36605 0.02149 0.40800 0.20446 1375.091
0.350 0.59853 38.73070 1.07321 23.18134 0.36595 0.02157 0.40767 0.20481 1375.442
0.355 0.59851 38.77286 1.07435 23.20592 0.36584 0.02166 0.40734 0.20516 1375.792
0.360 0.59849 38.81510 1.07549 23.23055 0.36574 0.02174 0.40701 0.20552 1376.143
0.365 0.59848 38.85741 1.07663 23.25524 0.36563 0.02182 0.40668 0.20587 1376.495
0.370 0.59846 38.89980 1.07778 23.27999 0.36553 0.02191 0.40634 0.20622 1376.847
0.375 0.59844 38.94227 1.07893 23.30478 0.36542 0.02199 0.40601 0.20657 1377.199
0.380 0.59843 38.98482 1.08008 23.32964 0.36532 0.02208 0.40568 0.20693 1377.551
0.385 0.59841 39.02745 1.08123 23.35454 0.36521 0.02216 0.40535 0.20728 1377.904
0.390 0.59840 39.07015 1.08238 23.37951 0.36510 0.02225 0.40501 0.20763 1378.258
0.395 0.59838 39.11294 1.08354 23.40453 0.36499 0.02233 0.40468 0.20799 1378.612
0.400 0.59837 39.15580 1.08470 23.42960 0.36489 0.02242 0.40435 0.20834 1378.966
0.405 0.59835 39.19875 1.08587 23.45473 0.36478 0.02251 0.40402 0.20870 1379.321
0.410 0.59834 39.24177 1.08703 23.47992 0.36467 0.02259 0.40368 0.20905 1379.676
0.415 0.59833 39.28487 1.08820 23.50517 0.36456 0.02268 0.40335 0.20941 1380.031
0.420 0.59831 39.32805 1.08937 23.53047 0.36445 0.02277 0.40301 0.20977 1380.387
0.425 0.59830 39.37131 1.09055 23.55582 0.36434 0.02286 0.40268 0.21012 1380.743
0.430 0.59829 39.41466 1.09172 23.58124 0.36423 0.02294 0.40235 0.21048 1381.100
0.435 0.59827 39.45808 1.09290 23.60671 0.36412 0.02303 0.40201 0.21084 1381.457
0.440 0.59826 39.50158 1.09409 23.63224 0.36401 0.02312 0.40168 0.21119 1381.814
0.445 0.59825 39.54517 1.09527 23.65782 0.36390 0.02321 0.40134 0.21155 1382.172
0.450 0.59824 39.58883 1.09646 23.68347 0.36378 0.02330 0.40101 0.21191 1382.531
0.455 0.59822 39.63258 1.09765 23.70917 0.36367 0.02339 0.40067 0.21227 1382.889
0.460 0.59821 39.67641 1.09884 23.73493 0.36356 0.02348 0.40033 0.21263 1383.248
0.465 0.59820 39.72031 1.10003 23.76075 0.36344 0.02357 0.40000 0.21299 1383.608
0.470 0.59819 39.76430 1.10123 23.78662 0.36333 0.02366 0.39966 0.21335 1383.968
0.475 0.59818 39.80838 1.10243 23.81256 0.36322 0.02375 0.39933 0.21371 1384.328
0.480 0.59817 39.85253 1.10364 23.83855 0.36310 0.02384 0.39899 0.21407 1384.689
0.485 0.59816 39.89677 1.10484 23.86460 0.36299 0.02393 0.39865 0.21443 1385.050
0.490 0.59815 39.94109 1.10605 23.89071 0.36287 0.02403 0.39832 0.21479 1385.412
0.495 0.59814 39.98549 1.10726 23.91688 0.36275 0.02412 0.39798 0.21515 1385.773
0.500 0.59813 40.02997 1.10848 23.94311 0.36264 0.02421 0.39764 0.21551 1386.136
0.505 0.59812 40.07454 1.10969 23.96940 0.36252 0.02430 0.39730 0.21587 1386.499
0.510 0.59811 40.11919 1.11091 23.99575 0.36240 0.02440 0.39696 0.21623 1386.862
0.515 0.59810 40.16392 1.11214 24.02216 0.36229 0.02449 0.39663 0.21660 1387.225
0.520 0.59809 40.20874 1.11336 24.04863 0.36217 0.02458 0.39629 0.21696 1387.589
0.525 0.59809 40.25364 1.11459 24.07516 0.36205 0.02468 0.39595 0.21732 1387.954
0.530 0.59808 40.29862 1.11582 24.10175 0.36193 0.02477 0.39561 0.21769 1388.319
0.535 0.59807 40.34369 1.11706 24.12840 0.36181 0.02487 0.39527 0.21805 1388.684
0.540 0.59806 40.38884 1.11829 24.15511 0.36169 0.02496 0.39493 0.21841 1389.050
0.545 0.59806 40.43408 1.11953 24.18188 0.36157 0.02506 0.39459 0.21878 1389.416
0.550 0.59805 40.47940 1.12077 24.20872 0.36145 0.02515 0.39425 0.21914 1389.782
0.555 0.59804 40.52480 1.12202 24.23561 0.36133 0.02525 0.39391 0.21951 1390.149
0.560 0.59804 40.57029 1.12327 24.26257 0.36121 0.02535 0.39357 0.21987 1390.517
0.565 0.59803 40.61587 1.12452 24.28959 0.36109 0.02544 0.39323 0.22024 1390.884
0.570 0.59803 40.66153 1.12577 24.31667 0.36096 0.02554 0.39289 0.22061 1391.252
0.575 0.59802 40.70728 1.12703 24.34381 0.36084 0.02564 0.39255 0.22097 1391.621
0.580 0.59802 40.75311 1.12829 24.37102 0.36072 0.02574 0.39221 0.22134 1391.990
0.585 0.59801 40.79903 1.12955 24.39829 0.36059 0.02583 0.39187 0.22171 1392.360
0.590 0.59801 40.84503 1.13082 24.42562 0.36047 0.02593 0.39153 0.22207 1392.729
0.595 0.59800 40.89112 1.13208 24.45301 0.36034 0.02603 0.39118 0.22244 1393.100
0.600 0.59800 40.93730 1.13335 24.48047 0.36022 0.02613 0.39084 0.22281 1393.470
0.605 0.59800 40.98356 1.13463 24.50799 0.36009 0.02623 0.39050 0.22318 1393.841
0.610 0.59799 41.02991 1.13591 24.53557 0.35997 0.02633 0.39016 0.22355 1394.213
0.615 0.59799 41.07635 1.13719 24.56322 0.35984 0.02643 0.38981 0.22391 1394.585
0.620 0.59799 41.12287 1.13847 24.59093 0.35971 0.02653 0.38947 0.22428 1394.957
0.625 0.59798 41.16949 1.13976 24.61871 0.35959 0.02663 0.38913 0.22465 1395.330
0.630 0.59798 41.21619 1.14104 24.64655 0.35946 0.02673 0.38879 0.22502 1395.703
0.635 0.59798 41.26297 1.14234 24.67445 0.35933 0.02683 0.38844 0.22539 1396.077
0.640 0.59798 41.30985 1.14363 24.70242 0.35920 0.02694 0.38810 0.22576 1396.451
0.645 0.59798 41.35681 1.14493 24.73046 0.35907 0.02704 0.38775 0.22613 1396.826
0.650 0.59798 41.40386 1.14623 24.75856 0.35894 0.02714 0.38741 0.22651 1397.201
0.655 0.59798 41.45100 1.14753 24.78673 0.35881 0.02724 0.38707 0.22688 1397.576
0.660 0.59798 41.49823 1.14884 24.81496 0.35868 0.02735 0.38672 0.22725 1397.952
0.665 0.59798 41.54555 1.15015 24.84325 0.35855 0.02745 0.38638 0.22762 1398.328
0.670 0.59798 41.59296 1.15146 24.87162 0.35842 0.02756 0.38603 0.22799 1398.705
0.675 0.59798 41.64045 1.15278 24.90005 0.35829 0.02766 0.38569 0.22837 1399.082
0.680 0.59798 41.68804 1.15410 24.92854 0.35816 0.02776 0.38534 0.22874 1399.459
0.685 0.59798 41.73571 1.15542 24.95710 0.35803 0.02787 0.38499 0.22911 1399.837
0.690 0.59798 41.78348 1.15675 24.98573 0.35789 0.02798 0.38465 0.22948 1400.216
0.695 0.59798 41.83134 1.15808 25.01443 0.35776 0.02808 0.38430 0.22986 1400.595
0.700 0.59799 41.87928 1.15941 25.04319 0.35763 0.02819 0.38396 0.23023 1400.974
0.705 0.59799 41.92732 1.16074 25.07202 0.35749 0.02829 0.38361 0.23061 1401.353
0.710 0.59799 41.97545 1.16208 25.10092 0.35736 0.02840 0.38326 0.23098 1401.734
0.715 0.59799 42.02366 1.16342 25.12989 0.35722 0.02851 0.38292 0.23136 1402.114
0.720 0.59800 42.07197 1.16477 25.15892 0.35709 0.02862 0.38257 0.23173 1402.495
0.725 0.59800 42.12037 1.16611 25.18803 0.35695 0.02872 0.38222 0.23211 1402.876
0.730 0.59801 42.16886 1.16746 25.21720 0.35681 0.02883 0.38187 0.23248 1403.258
0.735 0.59801 42.21745 1.16882 25.24644 0.35668 0.02894 0.38152 0.23286 1403.641
0.740 0.59801 42.26612 1.17017 25.27575 0.35654 0.02905 0.38118 0.23323 1404.023
0.745 0.59802 42.31489 1.17153 25.30513 0.35640 0.02916 0.38083 0.23361 1404.407
0.750 0.59802 42.36375 1.17290 25.33458 0.35626 0.02927 0.38048 0.23399 1404.790
0.755 0.59803 42.41270 1.17426 25.36409 0.35612 0.02938 0.38013 0.23437 1405.174
0.760 0.59804 42.46175 1.17563 25.39368 0.35598 0.02949 0.37978 0.23474 1405.559
0.765 0.59804 42.51089 1.17701 25.42334 0.35584 0.02960 0.37943 0.23512 1405.944
0.770 0.59805 42.56012 1.17838 25.45307 0.35570 0.02971 0.37908 0.23550 1406.329
0.775 0.59806 42.60944 1.17976 25.48287 0.35556 0.02982 0.37873 0.23588 1406.715
0.780 0.59806 42.65886 1.18115 25.51274 0.35542 0.02994 0.37838 0.23626 1407.101
0.785 0.59807 42.70837 1.18253 25.54268 0.35528 0.03005 0.37803 0.23663 1407.488
0.790 0.59808 42.75798 1.18392 25.57269 0.35514 0.03016 0.37768 0.23701 1407.875
0.795 0.59809 42.80768 1.18531 25.60277 0.35500 0.03028 0.37733 0.23739 1408.262
0.800 0.59810 42.85747 1.18671 25.63292 0.35486 0.03039 0.37698 0.23777 1408.650
0.805 0.59811 42.90736 1.18811 25.66315 0.35471 0.03050 0.37663 0.23815 1409.039
0.810 0.59812 42.95734 1.18951 25.69345 0.35457 0.03062 0.37628 0.23853 1409.428
0.815 0.59813 43.00742 1.19092 25.72382 0.35442 0.03073 0.37593 0.23891 1409.817
0.820 0.59814 43.05759 1.19233 25.75426 0.35428 0.03085 0.37558 0.23929 1410.207
0.825 0.59815 43.10786 1.19374 25.78478 0.35413 0.03096 0.37523 0.23967 1410.597
0.830 0.59816 43.15823 1.19516 25.81537 0.35399 0.03108 0.37488 0.24006 1410.987
0.835 0.59817 43.20869 1.19658 25.84603 0.35384 0.03120 0.37452 0.24044 1411.379
0.840 0.59818 43.25924 1.19800 25.87677 0.35370 0.03131 0.37417 0.24082 1411.770
0.845 0.59819 43.30989 1.19942 25.90758 0.35355 0.03143 0.37382 0.24120 1412.162
0.850 0.59820 43.36064 1.20085 25.93846 0.35340 0.03155 0.37347 0.24158 1412.555
0.855 0.59822 43.41149 1.20229 25.96942 0.35326 0.03167 0.37311 0.24197 1412.947
0.860 0.59823 43.46243 1.20372 26.00045 0.35311 0.03178 0.37276 0.24235 1413.341
0.865 0.59824 43.51347 1.20516 26.03156 0.35296 0.03190 0.37241 0.24273 1413.735
0.870 0.59825 43.56460 1.20661 26.06274 0.35281 0.03202 0.37205 0.24311 1414.129
0.875 0.59827 43.61584 1.20806 26.09400 0.35266 0.03214 0.37170 0.24350 1414.524
0.880 0.59828 43.66717 1.20951 26.12533 0.35251 0.03226 0.37135 0.24388 1414.919
0.885 0.59830 43.71860 1.21096 26.15674 0.35236 0.03238 0.37099 0.24427 1415.314
0.890 0.59831 43.77012 1.21242 26.18822 0.35221 0.03250 0.37064 0.24465 1415.710
0.895 0.59833 43.82175 1.21388 26.21978 0.35206 0.03262 0.37028 0.24504 1416.107
0.900 0.59834 43.87347 1.21534 26.25142 0.35191 0.03275 0.36993 0.24542 1416.504
0.905 0.59836 43.92530 1.21681 26.28313 0.35175 0.03287 0.36957 0.24580 1416.901
0.910 0.59838 43.97722 1.21828 26.31492 0.35160 0.03299 0.36922 0.24619 1417.299
0.915 0.59839 44.02924 1.21976 26.34679 0.35145 0.03311 0.36886 0.24658 1417.697
0.920 0.59841 44.08136 1.22124 26.37874 0.35130 0.03324 0.36851 0.24696 1418.096
0.925 0.59843 44.13358 1.22272 26.41076 0.35114 0.03336 0.36815 0.24735 1418.495
0.930 0.59845 44.18590 1.22421 26.44286 0.35099 0.03348 0.36780 0.24773 1418.895
0.935 0.59846 44.23831 1.22570 26.47504 0.35083 0.03361 0.36744 0.24812 1419.295
0.940 0.59848 44.29083 1.22719 26.50729 0.35068 0.03373 0.36708 0.24851 1419.696
0.945 0.59850 44.34345 1.22869 26.53963 0.35052 0.03386 0.36673 0.24889 1420.097
0.950 0.59852 44.39617 1.23019 26.57204 0.35037 0.03398 0.36637 0.24928 1420.498
0.955 0.59854 44.44899 1.23169 26.60453 0.35021 0.03411 0.36601 0.24967 1420.900
0.960 0.59856 44.50192 1.23320 26.63711 0.35005 0.03424 0.36566 0.25006 1421.303
0.965 0.59858 44.55494 1.23471 26.66976 0.34989 0.03436 0.36530 0.25044 1421.706
0.970 0.59860 44.60806 1.23623 26.70249 0.34974 0.03449 0.36494 0.25083 1422.109
0.975 0.59862 44.66129 1.23775 26.73530 0.34958 0.03462 0.36458 0.25122 1422.513
0.980 0.59865 44.71462 1.23927 26.76819 0.34942 0.03475 0.36423 0.25161 1422.917
0.985 0.59867 44.76805 1.24079 26.80117 0.34926 0.03487 0.36387 0.25200 1423.322
0.990 0.59869 44.82158 1.24232 26.83422 0.34910 0.03500 0.36351 0.25239 1423.727
0.995 0.59871 44.87522 1.24386 26.86735 0.34894 0.03513 0.36315 0.25278 1424.132
1.000 0.59874 44.92895 1.24540 26.90057 0.34878 0.03526 0.36279 0.25317 1424.539
1.005 0.59876 44.98279 1.24694 26.93387 0.34862 0.03539 0.36243 0.25356 1424.945
1.010 0.59878 45.03674 1.24848 26.96725 0.34846 0.03552 0.36207 0.25394 1425.352
1.015 0.59881 45.09079 1.25003 27.00071 0.34829 0.03565 0.36172 0.25433 1425.760
1.020 0.59883 45.14494 1.25159 27.03426 0.34813 0.03579 0.36136 0.25473 1426.168
1.025 0.59886 45.19919 1.25314 27.06788 0.34797 0.03592 0.36100 0.25512 1426.576
1.030 0.59888 45.25355 1.25470 27.10159 0.34781 0.03605 0.36064 0.25551 1426.985
1.035 0.59891 45.30801 1.25627 27.13539 0.34764 0.03618 0.36028 0.25590 1427.394
1.040 0.59894 45.36258 1.25784 27.16926 0.34748 0.03632 0.35992 0.25629 1427.804
1.045 0.59896 45.41725 1.25941 27.20323 0.34731 0.03645 0.35956 0.25668 1428.214
1.050 0.59899 45.47203 1.26098 27.23727 0.34715 0.03659 0.35920 0.25707 1428.625
1.055 0.59902 45.52691 1.26256 27.27140 0.34698 0.03672 0.35883 0.25746 1429.036
1.060 0.59905 45.58190 1.26415 27.30561 0.34682 0.03685 0.35847 0.25786 1429.448
1.065 0.59907 45.63700 1.26574 27.33991 0.34665 0.03699 0.35811 0.25825 1429.860
1.070 0.59910 45.69219 1.26733 27.37430 0.34648 0.03713 0.35775 0.25864 1430.273
1.075 0.59913 45.74750 1.26892 27.40877 0.34632 0.03726 0.35739 0.25903 1430.686
1.080 0.59916 45.80291 1.27052 27.44332 0.34615 0.03740 0.35703 0.25942 1431.099
1.085 0.59919 45.85843 1.27213 27.47796 0.34598 0.03754 0.35667 0.25982 1431.513
1.090 0.59922 45.91405 1.27374 27.51269 0.34581 0.03767 0.35630 0.26021 1431.928
1.095 0.59925 45.96979 1.27535 27.54751 0.34564 0.03781 0.35594 0.26060 1432.343
1.100 0.59928 46.02562 1.27696 27.58241 0.34547 0.03795 0.35558 0.26100 1432.758
1.105 0.59932 46.08157 1.27858 27.61740 0.34530 0.03809 0.35522 0.26139 1433.174
1.110 0.59935 46.13762 1.28021 27.65247 0.34513 0.03823 0.35485 0.26179 1433.591
1.115 0.59938 46.19379 1.28183 27.68764 0.34496 0.03837 0.35449 0.26218 1434.008
1.120 0.59941 46.25006 1.28347 27.72289 0.34479 0.03851 0.35413 0.26257 1434.425
1.125 0.59945 46.30643 1.28510 27.75823 0.34462 0.03865 0.35377 0.26297 1434.843
1.130 0.59948 46.36292 1.28674 27.79366 0.34444 0.03879 0.35340 0.26336 1435.261
1.135 0.59951 46.41951 1.28839 27.82917 0.34427 0.03893 0.35304 0.26376 1435.680
1.140 0.59955 46.47622 1.29004 27.86478 0.34410 0.03908 0.35267 0.26415 1436.099
1.145 0.59958 46.53303 1.29169 27.90048 0.34392 0.03922 0.35231 0.26455 1436.519
1.150 0.59962 46.58995 1.29335 27.93626 0.34375 0.03936 0.35195 0.26494 1436.939
1.155 0.59966 46.64699 1.29501 27.97214 0.34357 0.03951 0.35158 0.26534 1437.360
1.160 0.59969 46.70413 1.29667 28.00810 0.34340 0.03965 0.35122 0.26573 1437.781
1.165 0.59973 46.76138 1.29834 28.04416 0.34322 0.03979 0.35085 0.26613 1438.202
1.170 0.59977 46.81874 1.30001 28.08031 0.34305 0.03994 0.35049 0.26653 1438.624
1.175 0.59980 46.87622 1.30169 28.11655 0.34287 0.04008 0.35012 0.26692 1439.047
1.180 0.59984 46.93380 1.30337 28.15288 0.34269 0.04023 0.34976 0.26732 1439.470
1.185 0.59988 46.99149 1.30506 28.18930 0.34252 0.04038 0.34939 0.26771 1439.894
1.190 0.59992 47.04930 1.30675 28.22581 0.34234 0.04052 0.34903 0.26811 1440.318
1.195 0.59996 47.10722 1.30845 28.26242 0.34216 0.04067 0.34866 0.26851 1440.742
1.200 0.60000 47.16524 1.31014 28.29912 0.34198 0.04082 0.34829 0.26891 1441.167
1.205 0.60004 47.22339 1.31185 28.33591 0.34180 0.04097 0.34793 0.26930 1441.593
1.210 0.60008 47.28164 1.31356 28.37280 0.34162 0.04112 0.34756 0.26970 1442.018
1.215 0.60012 47.34000 1.31527 28.40978 0.34144 0.04127 0.34720 0.27010 1442.445
1.220 0.60016 47.39848 1.31698 28.44685 0.34126 0.04141 0.34683 0.27049 1442.872
1.225 0.60021 47.45707 1.31870 28.48402 0.34108 0.04156 0.34646 0.27089 1443.299
1.230 0.60025 47.51577 1.32043 28.52128 0.34090 0.04172 0.34609 0.27129 1443.727
1.235 0.60029 47.57459 1.32216 28.55864 0.34072 0.04187 0.34573 0.27169 1444.155
1.240 0.60034 47.63352 1.32389 28.59609 0.34053 0.04202 0.34536 0.27209 1444.584
1.245 0.60038 47.69256 1.32563 28.63364 0.34035 0.04217 0.34499 0.27248 1445.014
1.250 0.60042 47.75172 1.32737 28.67128 0.34017 0.04232 0.34463 0.27288 1445.443
1.255 0.60047 47.81099 1.32912 28.70902 0.33998 0.04248 0.34426 0.27328 1445.874
1.260 0.60051 47.87038 1.33087 28.74686 0.33980 0.04263 0.34389 0.27368 1446.304
1.265 0.60056 47.92988 1.33263 28.78479 0.33962 0.04278 0.34352 0.27408 1446.736
1.270 0.60061 47.98950 1.33439 28.82282 0.33943 0.04294 0.34315 0.27448 1447.167
1.275 0.60065 48.04923 1.33616 28.86095 0.33925 0.04309 0.34278 0.27488 1447.600
1.280 0.60070 48.10907 1.33792 28.89917 0.33906 0.04325 0.34242 0.27528 1448.032
1.285 0.60075 48.16903 1.33970 28.93750 0.33887 0.04340 0.34205 0.27568 1448.466
1.290 0.60080 48.22911 1.34148 28.97592 0.33869 0.04356 0.34168 0.27608 1448.899
1.295 0.60085 48.28930 1.34326 29.01444 0.33850 0.04372 0.34131 0.27648 1449.333
1.300 0.60090 48.34961 1.34505 29.05306 0.33831 0.04388 0.34094 0.27688 1449.768
1.305 0.60095 48.41004 1.34684 29.09178 0.33812 0.04403 0.34057 0.27727 1450.203
1.310 0.60100 48.47058 1.34864 29.13060 0.33793 0.04419 0.34020 0.27767 1450.639
1.315 0.60105 48.53124 1.35044 29.16952 0.33774 0.04435 0.33983 0.27808 1451.075
1.320 0.60110 48.59202 1.35225 29.20854 0.33755 0.04451 0.33946 0.27848 1451.512
1.325 0.60115 48.65291 1.35406 29.24766 0.33736 0.04467 0.33909 0.27888 1451.949
1.330 0.60120 48.71392 1.35587 29.28688 0.33717 0.04483 0.33872 0.27928 1452.386
1.335 0.60125 48.77505 1.35769 29.32620 0.33698 0.04499 0.33835 0.27968 1452.824
1.340 0.60131 48.83630 1.35952 29.36562 0.33679 0.04515 0.33798 0.28008 1453.263
1.345 0.60136 48.89767 1.36135 29.40515 0.33660 0.04531 0.33761 0.28048 1453.702
1.350 0.60142 48.95915 1.36318 29.44478 0.33641 0.04548 0.33724 0.28088 1454.142
1.355 0.60147 49.02075 1.36502 29.48451 0.33621 0.04564 0.33687 0.28128 1454.582
1.360 0.60153 49.08248 1.36687 29.52434 0.33602 0.04580 0.33650 0.28168 1455.022
1.365 0.60158 49.14432 1.36872 29.56428 0.33583 0.04597 0.33612 0.28208 1455.463
1.370 0.60164 49.20628 1.37057 29.60432 0.33563 0.04613 0.33575 0.28248 1455.905
1.375 0.60169 49.26836 1.37243 29.64447 0.33544 0.04630 0.33538 0.28288 1456.347
1.380 0.60175 49.33056 1.37429 29.68472 0.33524 0.04646 0.33501 0.28329 1456.790
1.385 0.60181 49.39288 1.37616 29.72507 0.33505 0.04663 0.33464 0.28369 1457.233
1.390 0.60187 49.45532 1.37803 29.76553 0.33485 0.04679 0.33426 0.28409 1457.676
1.395 0.60193 49.51788 1.37991 29.80610 0.33465 0.04696 0.33389 0.28449 1458.120
1.400 0.60199 49.58056 1.38179 29.84677 0.33446 0.04713 0.33352 0.28489 1458.565
1.405 0.60205 49.64337 1.38368 29.88754 0.33426 0.04730 0.33315 0.28529 1459.010
1.410 0.60211 49.70629 1.38558 29.92843 0.33406 0.04747 0.33277 0.28570 1459.455
1.415 0.60217 49.76934 1.38747 29.96942 0.33386 0.04764 0.33240 0.28610 1459.901
1.420 0.60223 49.83251 1.38938 30.01052 0.33367 0.04780 0.33203 0.28650 1460.348
1.425 0.60229 49.89579 1.39128 30.05172 0.33347 0.04797 0.33166 0.28690 1460.795
1.430 0.60235 49.95921 1.39320 30.09304 0.33327 0.04815 0.33128 0.28731 1461.242
1.435 0.60242 50.02274 1.39511 30.13446 0.33307 0.04832 0.33091 0.28771 1461.690
1.440 0.60248 50.08640 1.39704 30.17599 0.33287 0.04849 0.33053 0.28811 1462.139
1.445 0.60254 50.15018 1.39896 30.21763 0.33267 0.04866 0.33016 0.28851 1462.588
1.450 0.60261 50.21408 1.40090 30.25938 0.33246 0.04883 0.32979 0.28892 1463.037
1.455 0.60267 50.27811 1.40284 30.30124 0.33226 0.04901 0.32941 0.28932 1463.487
1.460 0.60274 50.34226 1.40478 30.34321 0.33206 0.04918 0.32904 0.28972 1463.938
1.465 0.60280 50.40653 1.40673 30.38529 0.33186 0.04936 0.32866 0.29012 1464.389
1.470 0.60287 50.47093 1.40868 30.42748 0.33165 0.04953 0.32829 0.29053 1464.840
1.475 0.60294 50.53546 1.41064 30.46978 0.33145 0.04971 0.32792 0.29093 1465.292
1.480 0.60301 50.60010 1.41260 30.51219 0.33125 0.04988 0.32754 0.29133 1465.745
1.485 0.60308 50.66487 1.41457 30.55472 0.33104 0.05006 0.32717 0.29174 1466.198
1.490 0.60314 50.72977 1.41654 30.59736 0.33084 0.05023 0.32679 0.29214 1466.651
1.495 0.60321 50.79479 1.41852 30.64011 0.33063 0.05041 0.32642 0.29254 1467.105
1.500 0.60328 50.85994 1.42051 30.68297 0.33042 0.05059 0.32604 0.29294 1467.560
1.505 0.60335 50.92522 1.42250 30.72595 0.33022 0.05077 0.32566 0.29335 1468.015
1.510 0.60343 50.99061 1.42449 30.76904 0.33001 0.05095 0.32529 0.29375 1468.470
1.515 0.60350 51.05614 1.42649 30.81225 0.32980 0.05113 0.32491 0.29415 1468.926
1.520 0.60357 51.12179 1.42850 30.85557 0.32960 0.05131 0.32454 0.29456 1469.383
1.525 0.60364 51.18757 1.43051 30.89901 0.32939 0.05149 0.32416 0.29496 1469.840
1.530 0.60372 51.25348 1.43253 30.94256 0.32918 0.05167 0.32379 0.29536 1470.297
1.535 0.60379 51.31951 1.43455 30.98622 0.32897 0.05185 0.32341 0.29577 1470.755
1.540 0.60387 51.38567 1.43657 31.03001 0.32876 0.05204 0.32303 0.29617 1471.214
1.545 0.60394 51.45196 1.43861 31.07391 0.32855 0.05222 0.32266 0.29657 1471.673
1.550 0.60402 51.51837 1.44064 31.11793 0.32834 0.05240 0.32228 0.29698 1472.132
1.555 0.60409 51.58492 1.44269 31.16206 0.32813 0.05259 0.32190 0.29738 1472.592
1.560 0.60417 51.65159 1.44474 31.20631 0.32792 0.05277 0.32153 0.29778 1473.053
1.565 0.60425 51.71839 1.44679 31.25068 0.32771 0.05296 0.32115 0.29819 1473.514
1.570 0.60433 51.78532 1.44885 31.29517 0.32750 0.05314 0.32077 0.29859 1473.975
1.575 0.60440 51.85237 1.45092 31.33978 0.32728 0.05333 0.32039 0.29900 1474.438
1.580 0.60448 51.91956 1.45299 31.38451 0.32707 0.05351 0.32002 0.29940 1474.900
1.585 0.60456 51.98688 1.45506 31.42936 0.32686 0.05370 0.31964 0.29980 1475.363
1.590 0.60464 52.05432 1.45714 31.47433 0.32664 0.05389 0.31926 0.30021 1475.827
1.595 0.60473 52.12190 1.45923 31.51942 0.32643 0.05408 0.31888 0.30061 1476.291
1.600 0.60481 52.18960 1.46133 31.56463 0.32621 0.05427 0.31851 0.30101 1476.755
1.605 0.60489 52.25744 1.46342 31.60996 0.32600 0.05446 0.31813 0.30142 1477.221
1.610 0.60497 52.32541 1.46553 31.65541 0.32578 0.05465 0.31775 0.30182 1477.686
1.615 0.60506 52.39351 1.46764 31.70099 0.32557 0.05484 0.31737 0.30222 1478.152
1.620 0.60514 52.46173 1.46975 31.74669 0.32535 0.05503 0.31699 0.30263 1478.619
1.625 0.60522 52.53009 1.47188 31.79251 0.32513 0.05522 0.31661 0.30303 1479.086
1.630 0.60531 52.59859 1.47400 31.83845 0.32491 0.05541 0.31624 0.30343 1479.554
1.635 0.60540 52.66721 1.47614 31.88452 0.32470 0.05561 0.31586 0.30384 1480.022
1.640 0.60548 52.73596 1.47827 31.93072 0.32448 0.05580 0.31548 0.30424 1480.490
1.645 0.60557 52.80485 1.48042 31.97704 0.32426 0.05600 0.31510 0.30465 1480.960
1.650 0.60566 52.87387 1.48257 32.02348 0.32404 0.05619 0.31472 0.30505 1481.429
1.655 0.60575 52.94302 1.48472 32.07005 0.32382 0.05639 0.31434 0.30545 1481.899
1.660 0.60584 53.01231 1.48689 32.11675 0.32360 0.05658 0.31396 0.30586 1482.370
1.665 0.60593 53.08173 1.48905 32.16357 0.32338 0.05678 0.31358 0.30626 1482.841
1.670 0.60602 53.15128 1.49123 32.21052 0.32316 0.05698 0.31320 0.30666 1483.313
1.675 0.60611 53.22096 1.49341 32.25759 0.32294 0.05717 0.31282 0.30707 1483.785
1.680 0.60620 53.29078 1.49559 32.30480 0.32272 0.05737 0.31244 0.30747 1484.258
1.685 0.60629 53.36073 1.49778 32.35213 0.32249 0.05757 0.31206 0.30787 1484.731
1.690 0.60638 53.43082 1.49998 32.39959 0.32227 0.05777 0.31168 0.30828 1485.205
1.695 0.60648 53.50104 1.50218 32.44719 0.32205 0.05797 0.31130 0.30868 1485.679
1.700 0.60657 53.57140 1.50439 32.49491 0.32182 0.05817 0.31092 0.30908 1486.154
1.705 0.60667 53.64189 1.50661 32.54276 0.32160 0.05837 0.31054 0.30949 1486.629
1.710 0.60676 53.71251 1.50883 32.59074 0.32138 0.05857 0.31016 0.30989 1487.105
1.715 0.60686 53.78327 1.51106 32.63885 0.32115 0.05878 0.30978 0.31029 1487.581
1.720 0.60696 53.85417 1.51329 32.68710 0.32092 0.05898 0.30940 0.31069 1488.058
1.725 0.60705 53.92520 1.51553 32.73547 0.32070 0.05918 0.30902 0.31110 1488.535
1.730 0.60715 53.99637 1.51778 32.78398 0.32047 0.05939 0.30864 0.31150 1489.013
1.735 0.60725 54.06767 1.52003 32.83262 0.32025 0.05959 0.30826 0.31190 1489.492
1.740 0.60735 54.13911 1.52229 32.88139 0.32002 0.05980 0.30788 0.31231 1489.970
1.745 0.60745 54.21069 1.52455 32.93030 0.31979 0.06000 0.30750 0.31271 1490.450
1.750 0.60755 54.28241 1.52682 32.97934 0.31956 0.06021 0.30711 0.31311 1490.930
1.755 0.60765 54.35426 1.52910 33.02852 0.31933 0.06042 0.30673 0.31351 1491.410
1.760 0.60776 54.42625 1.53138 33.07783 0.31911 0.06063 0.30635 0.31392 1491.891
1.765 0.60786 54.49837 1.53367 33.12728 0.31888 0.06083 0.30597 0.31432 1492.372
1.770 0.60796 54.57064 1.53597 33.17686 0.31865 0.06104 0.30559 0.31472 1492.854
1.775 0.60807 54.64304 1.53827 33.22658 0.31842 0.06125 0.30521 0.31512 1493.337
1.780 0.60817 54.71558 1.54058 33.27644 0.31819 0.06146 0.30483 0.31553 1493.820
1.785 0.60828 54.78825 1.54289 33.32643 0.31796 0.06167 0.30444 0.31593 1494.303
1.790 0.60838 54.86107 1.54521 33.37657 0.31772 0.06188 0.30406 0.31633 1494.787
1.795 0.60849 54.93403 1.54754 33.42684 0.31749 0.06210 0.30368 0.31673 1495.271
1.800 0.60860 55.00712 1.54987 33.47725 0.31726 0.06231 0.30330 0.31713 1495.756
1.805 0.60871 55.08035 1.55221 33.52780 0.31703 0.06252 0.30291 0.31754 1496.242
1.810 0.60882 55.15373 1.55456 33.57848 0.31679 0.06274 0.30253 0.31794 1496.728
1.815 0.60893 55.22724 1.55691 33.62931 0.31656 0.06295 0.30215 0.31834 1497.214
1.820 0.60904 55.30089 1.55927 33.68028 0.31633 0.06317 0.30177 0.31874 1497.701
1.825 0.60915 55.37469 1.56164 33.73139 0.31609 0.06338 0.30138 0.31914 1498.189
1.830 0.60926 55.44862 1.56401 33.78265 0.31586 0.06360 0.30100 0.31954 1498.677
1.835 0.60937 55.52269 1.56639 33.83404 0.31562 0.06381 0.30062 0.31994 1499.166
1.840 0.60949 55.59691 1.56878 33.88558 0.31539 0.06403 0.30024 0.32035 1499.655
1.845 0.60960 55.67126 1.57117 33.93726 0.31515 0.06425 0.29985 0.32075 1500.144
1.850 0.60972 55.74576 1.57357 33.98909 0.31491 0.06447 0.29947 0.32115 1500.634
1.855 0.60983 55.82039 1.57597 34.04106 0.31468 0.06469 0.29909 0.32155 1501.125
1.860 0.60995 55.89517 1.57839 34.09317 0.31444 0.06491 0.29870 0.32195 1501.616
1.865 0.61007 55.97009 1.58081 34.14543 0.31420 0.06513 0.29832 0.32235 1502.108
1.870 0.61018 56.04516 1.58323 34.19783 0.31396 0.06535 0.29794 0.32275 1502.600
1.875 0.61030 56.12036 1.58567 34.25038 0.31372 0.06557 0.29755 0.32315 1503.092
1.880 0.61042 56.19571 1.58811 34.30308 0.31349 0.06579 0.29717 0.32355 1503.585
1.885 0.61054 56.27120 1.59055 34.35593 0.31325 0.06602 0.29679 0.32395 1504.079
1.890 0.61066 56.34683 1.59301 34.40892 0.31301 0.06624 0.29640 0.32435 1504.573
1.895 0.61078 56.42260 1.59547 34.46206 0.31277 0.06647 0.29602 0.32475 1505.068
1.900 0.61091 56.49852 1.59793 34.51535 0.31252 0.06669 0.29563 0.32515 1505.563
1.905 0.61103 56.57458 1.60041 34.56879 0.31228 0.06692 0.29525 0.32555 1506.059
1.910 0.61115 56.65079 1.60289 34.62238 0.31204 0.06714 0.29487 0.32595 1506.555
1.915 0.61128 56.72714 1.60538 34.67612 0.31180 0.06737 0.29448 0.32635 1507.052
1.920 0.61140 56.80363 1.60787 34.73001 0.31156 0.06760 0.29410 0.32675 1507.549
1.925 0.61153 56.88027 1.61037 34.78406 0.31131 0.06783 0.29371 0.32715 1508.047
1.930 0.61166 56.95705 1.61288 34.83825 0.31107 0.06805 0.29333 0.32754 1508.545
1.935 0.61179 57.03398 1.61540 34.89260 0.31083 0.06828 0.29295 0.32794 1509.044
1.940 0.61191 57.11105 1.61792 34.94710 0.31058 0.06851 0.29256 0.32834 1509.543
1.945 0.61204 57.18826 1.62045 35.00175 0.31034 0.06874 0.29218 0.32874 1510.043
1.950 0.61217 57.26562 1.62299 35.05656 0.31009 0.06898 0.29179 0.32914 1510.543
1.955 0.61231 57.34313 1.62553 35.11152 0.30985 0.06921 0.29141 0.32954 1511.044
1.960 0.61244 57.42078 1.62809 35.16664 0.30960 0.06944 0.29102 0.32993 1511.545
1.965 0.61257 57.49857 1.63064 35.22191 0.30936 0.06967 0.29064 0.33033 1512.047
1.970 0.61270 57.57652 1.63321 35.27734 0.30911 0.06991 0.29025 0.33073 1512.549
1.975 0.61284 57.65461 1.63578 35.33293 0.30886 0.07014 0.28987 0.33113 1513.052
1.980 0.61297 57.73284 1.63836 35.38867 0.30862 0.07038 0.28948 0.33152 1513.555
1.985 0.61311 57.81122 1.64095 35.44457 0.30837 0.07061 0.28910 0.33192 1514.059
1.990 0.61325 57.88975 1.64355 35.50063 0.30812 0.07085 0.28871 0.33232 1514.564
1.995 0.61338 57.96842 1.64615 35.55685 0.30787 0.07109 0.28833 0.33271 1515.068
2.000 0.61352 58.04724 1.64876 35.61323 0.30762 0.07133 0.28794 0.33311 1515.574
2.005 0.61366 58.12621 1.65138 35.66977 0.30737 0.07156 0.28756 0.33351 1516.080
2.010 0.61380 58.20533 1.65400 35.72647 0.30712 0.07180 0.28717 0.33390 1516.586
2.015 0.61394 58.28459 1.65664 35.78333 0.30687 0.07204 0.28679 0.33430 1517.093
2.020 0.61408 58.36400 1.65928 35.84035 0.30662 0.07228 0.28640 0.33469 1517.600
2.025 0.61423 58.44356 1.66192 35.89754 0.30637 0.07252 0.28602 0.33509 1518.108
2.030 0.61437 58.52327 1.66458 35.95489 0.30612 0.07277 0.28563 0.33548 1518.616
2.035 0.61451 58.60312 1.66724 36.01240 0.30587 0.07301 0.28524 0.33588 1519.125
2.040 0.61466 58.68313 1.66991 36.07007 0.30561 0.07325 0.28486 0.33627 1519.635
2.045 0.61480 58.76328 1.67259 36.12791 0.30536 0.07350 0.28447 0.33667 1520.144
2.050 0.61495 58.84358 1.67527 36.18592 0.30511 0.07374 0.28409 0.33706 1520.655
2.055 0.61510 58.92403 1.67797 36.24409 0.30485 0.07399 0.28370 0.33746 1521.166
2.060 0.61525 59.00462 1.68067 36.30243 0.30460 0.07423 0.28332 0.33785 1521.677
2.065 0.61540 59.08537 1.68338 36.36094 0.30435 0.07448 0.28293 0.33824 1522.189
2.070 0.61555 59.16627 1.68609 36.41961 0.30409 0.07473 0.28254 0.33864 1522.701
2.075 0.61570 59.24731 1.68882 36.47845 0.30384 0.07497 0.28216 0.33903 1523.214
2.080 0.61585 59.32851 1.69155 36.53746 0.30358 0.07522 0.28177 0.33942 1523.728
2.085 0.61600 59.40985 1.69429 36.59664 0.30333 0.07547 0.28139 0.33982 1524.242
2.090 0.61616 59.49135 1.69704 36.65599 0.30307 0.07572 0.28100 0.34021 1524.756
2.095 0.61631 59.57299 1.69979 36.71551 0.30281 0.07597 0.28061 0.34060 1525.271
2.100 0.61647 59.65479 1.70256 36.77520 0.30256 0.07622 0.28023 0.34099 1525.786
2.105 0.61662 59.73673 1.70533 36.83507 0.30230 0.07647 0.27984 0.34139 1526.302
2.110 0.61678 59.81883 1.70811 36.89510 0.30204 0.07673 0.27946 0.34178 1526.818
2.115 0.61694 59.90107 1.71089 36.95531 0.30178 0.07698 0.27907 0.34217 1527.335
2.120 0.61710 59.98347 1.71369 37.01570 0.30152 0.07723 0.27868 0.34256 1527.853
2.125 0.61726 60.06602 1.71649 37.07625 0.30126 0.07749 0.27830 0.34295 1528.371
2.130 0.61742 60.14872 1.71930 37.13699 0.30100 0.07774 0.27791 0.34334 1528.889
2.135 0.61758 60.23157 1.72212 37.19789 0.30074 0.07800 0.27752 0.34373 1529.408
2.140 0.61774 60.31457 1.72495 37.25898 0.30048 0.07826 0.27714 0.34412 1529.927
2.145 0.61791 60.39773 1.72779 37.32024 0.30022 0.07851 0.27675 0.34451 1530.447
2.150 0.61807 60.48103 1.73063 37.38168 0.29996 0.07877 0.27637 0.34490 1530.967
2.155 0.61824 60.56449 1.73349 37.44329 0.29970 0.07903 0.27598 0.34529 1531.488
2.160 0.61841 60.64810 1.73635 37.50509 0.29944 0.07929 0.27559 0.34568 1532.009
2.165 0.61857 60.73186 1.73922 37.56706 0.29918 0.07955 0.27521 0.34607 1532.531
2.170 0.61874 60.81577 1.74209 37.62922 0.29891 0.07981 0.27482 0.34646 1533.053
2.175 0.61891 60.89984 1.74498 37.69155 0.29865 0.08007 0.27443 0.34685 1533.576
2.180 0.61908 60.98405 1.74787 37.75407 0.29839 0.08033 0.27405 0.34723 1534.100
2.185 0.61925 61.06843 1.75078 37.81677 0.29812 0.08060 0.27366 0.34762 1534.623
2.190 0.61942 61.15295 1.75369 37.87965 0.29786 0.08086 0.27327 0.34801 1535.148
2.195 0.61960 61.23762 1.75661 37.94271 0.29760 0.08112 0.27289 0.34840 1535.672
2.200 0.61977 61.32245 1.75954 38.00596 0.29733 0.08139 0.27250 0.34878 1536.197
2.205 0.61995 61.40743 1.76247 38.06939 0.29707 0.08165 0.27211 0.34917 1536.723
2.210 0.62012 61.49257 1.76542 38.13301 0.29680 0.08192 0.27173 0.34955 1537.249
2.215 0.62030 61.57786 1.76837 38.19681 0.29653 0.08219 0.27134 0.34994 1537.776
2.220 0.62048 61.66330 1.77133 38.26080 0.29627 0.08245 0.27095 0.35033 1538.303
2.225 0.62066 61.74889 1.77430 38.32498 0.29600 0.08272 0.27057 0.35071 1538.831
2.230 0.62084 61.83464 1.77728 38.38935 0.29573 0.08299 0.27018 0.35110 1539.359
2.235 0.62102 61.92054 1.78027 38.45390 0.29547 0.08326 0.26979 0.35148 1539.888
2.240 0.62120 62.00660 1.78327 38.51864 0.29520 0.08353 0.26941 0.35187 1540.417
2.245 0.62139 62.09281 1.78628 38.58358 0.29493 0.08380 0.26902 0.35225 1540.946
2.250 0.62157 62.17917 1.78929 38.64870 0.29466 0.08408 0.26863 0.35263 1541.476
2.255 0.62176 62.26569 1.79232 38.71401 0.29439 0.08435 0.26824 0.35302 1542.007
2.260 0.62194 62.35236 1.79535 38.77952 0.29412 0.08462 0.26786 0.35340 1542.538
2.265 0.62213 62.43918 1.79839 38.84522 0.29385 0.08489 0.26747 0.35378 1543.069
2.270 0.62232 62.52616 1.80144 38.91111 0.29358 0.08517 0.26708 0.35416 1543.601
2.275 0.62251 62.61330 1.80450 38.97720 0.29331 0.08544 0.26670 0.35455 1544.134
2.280 0.62270 62.70059 1.80757 39.04348 0.29304 0.08572 0.26631 0.35493 1544.667
2.285 0.62289 62.78803 1.81065 39.10995 0.29277 0.08600 0.26592 0.35531 1545.200
2.290 0.62308 62.87563 1.81373 39.17663 0.29250 0.08628 0.26554 0.35569 1545.734
2.295 0.62327 62.96338 1.81683 39.24350 0.29223 0.08655 0.26515 0.35607 1546.268
2.300 0.62347 63.05129 1.81993 39.31056 0.29195 0.08683 0.26476 0.35645 1546.803
2.305 0.62367 63.13935 1.82305 39.37783 0.29168 0.08711 0.26438 0.35683 1547.338
2.310 0.62386 63.22756 1.82617 39.44529 0.29141 0.08739 0.26399 0.35721 1547.874
2.315 0.62406 63.31593 1.82930 39.51296 0.29113 0.08767 0.26360 0.35759 1548.410
2.320 0.62426 63.40446 1.83245 39.58082 0.29086 0.08796 0.26322 0.35797 1548.947
2.325 0.62446 63.49314 1.83560 39.64889 0.29059 0.08824 0.26283 0.35835 1549.484
2.330 0.62466 63.58198 1.83876 39.71715 0.29031 0.08852 0.26244 0.35873 1550.021
2.335 0.62486 63.67097 1.84193 39.78562 0.29004 0.08881 0.26206 0.35910 1550.559
2.340 0.62507 63.76012 1.84511 39.85429 0.28976 0.08909 0.26167 0.35948 1551.098
2.345 0.62527 63.84942 1.84829 39.92317 0.28949 0.08938 0.26128 0.35986 1551.637
2.350 0.62548 63.93887 1.85149 39.99225 0.28921 0.08966 0.26089 0.36023 1552.176
2.355 0.62568 64.02849 1.85470 40.06154 0.28893 0.08995 0.26051 0.36061 1552.716
2.360 0.62589 64.11825 1.85792 40.13103 0.28866 0.09024 0.26012 0.36099 1553.256
2.365 0.62610 64.20818 1.86115 40.20073 0.28838 0.09052 0.25973 0.36136 1553.797
2.370 0.62631 64.29826 1.86438 40.27064 0.28810 0.09081 0.25935 0.36174 1554.338
2.375 0.62652 64.38849 1.86763 40.34076 0.28782 0.09110 0.25896 0.36211 1554.880
2.380 0.62673 64.47888 1.87088 40.41108 0.28755 0.09139 0.25857 0.36249 1555.422
2.385 0.62695 64.56942 1.87415 40.48162 0.28727 0.09168 0.25819 0.36286 1555.965
2.390 0.62716 64.66012 1.87742 40.55237 0.28699 0.09198 0.25780 0.36323 1556.508
2.395 0.62738 64.75098 1.88071 40.62332 0.28671 0.09227 0.25741 0.36361 1557.051
2.400 0.62759 64.84199 1.88400 40.69449 0.28643 0.09256 0.25703 0.36398 1557.595
2.405 0.62781 64.93316 1.88731 40.76588 0.28615 0.09286 0.25664 0.36435 1558.140
2.410 0.62803 65.02448 1.89062 40.83748 0.28587 0.09315 0.25626 0.36472 1558.685
2.415 0.62825 65.11595 1.89395 40.90929 0.28559 0.09345 0.25587 0.36510 1559.230
2.420 0.62847 65.20759 1.89728 40.98132 0.28531 0.09374 0.25548 0.36547 1559.775
2.425 0.62870 65.29937 1.90063 41.05356 0.28503 0.09404 0.25510 0.36584 1560.322
2.430 0.62892 65.39132 1.90398 41.12602 0.28475 0.09434 0.25471 0.36621 1560.868
2.435 0.62915 65.48342 1.90735 41.19870 0.28446 0.09464 0.25432 0.36658 1561.415
2.440 0.62937 65.57567 1.91072 41.27159 0.28418 0.09494 0.25394 0.36695 1561.963
2.445 0.62960 65.66808 1.91411 41.34471 0.28390 0.09524 0.25355 0.36732 1562.511
2.450 0.62983 65.76065 1.91750 41.41805 0.28362 0.09554 0.25316 0.36768 1563.059
2.455 0.63006 65.85337 1.92091 41.49160 0.28333 0.09584 0.25278 0.36805 1563.608
2.460 0.63029 65.94624 1.92432 41.56538 0.28305 0.09614 0.25239 0.36842 1564.157
2.465 0.63052 66.03927 1.92775 41.63938 0.28276 0.09644 0.25201 0.36879 1564.707
2.470 0.63076 66.13246 1.93119 41.71361 0.28248 0.09675 0.25162 0.36915 1565.257
2.475 0.63099 66.22580 1.93463 41.78806 0.28220 0.09705 0.25123 0.36952 1565.807
2.480 0.63123 66.31930 1.93809 41.86273 0.28191 0.09736 0.25085 0.36989 1566.358
2.485 0.63147 66.41295 1.94156 41.93763 0.28163 0.09766 0.25046 0.37025 1566.909
2.490 0.63171 66.50675 1.94504 42.01276 0.28134 0.09797 0.25007 0.37062 1567.461
2.495 0.63195 66.60072 1.94852 42.08811 0.28105 0.09828 0.24969 0.37098 1568.013
2.500 0.63219 66.69483 1.95202 42.16370 0.28077 0.09858 0.24930 0.37134 1568.566
2.505 0.63243 66.78910 1.95553 42.23951 0.28048 0.09889 0.24892 0.37171 1569.119
2.510 0.63268 66.88353 1.95905 42.31555 0.28019 0.09920 0.24853 0.37207 1569.672
2.515 0.63292 66.97811 1.96258 42.39182 0.27991 0.09951 0.24815 0.37243 1570.226
2.520 0.63317 67.07284 1.96613 42.46833 0.27962 0.09982 0.24776 0.37280 1570.780
2.525 0.63342 67.16773 1.96968 42.54506 0.27933 0.10014 0.24737 0.37316 1571.335
2.530 0.63366 67.26278 1.97324 42.62203 0.27904 0.10045 0.24699 0.37352 1571.890
2.535 0.63392 67.35798 1.97682 42.69924 0.27875 0.10076 0.24660 0.37388 1572.445
2.540 0.63417 67.45333 1.98040 42.77667 0.27847 0.10108 0.24622 0.37424 1573.001
2.545 0.63442 67.54883 1.98400 42.85435 0.27818 0.10139 0.24583 0.37460 1573.558
2.550 0.63467 67.64449 1.98760 42.93226 0.27789 0.10171 0.24545 0.37496 1574.114
2.555 0.63493 67.74031 1.99122 43.01041 0.27760 0.10202 0.24506 0.37532 1574.671
2.560 0.63519 67.83628 1.99485 43.08880 0.27731 0.10234 0.24468 0.37568 1575.229
2.565 0.63545 67.93240 1.99849 43.16743 0.27702 0.10266 0.24429 0.37603 1575.787
2.570 0.63571 68.02867 2.00214 43.24630 0.27673 0.10298 0.24391 0.37639 1576.345
2.575 0.63597 68.12510 2.00581 43.32541 0.27643 0.10330 0.24352 0.37675 1576.903
2.580 0.63623 68.22168 2.00948 43.40476 0.27614 0.10362 0.24314 0.37710 1577.462
2.585 0.63650 68.31841 2.01316 43.48435 0.27585 0.10394 0.24275 0.37746 1578.022
2.590 0.63676 68.41530 2.01686 43.56419 0.27556 0.10426 0.24237 0.37782 1578.582
2.595 0.63703 68.51234 2.02057 43.64427 0.27527 0.10458 0.24198 0.37817 1579.142
2.600 0.63730 68.60953 2.02429 43.72460 0.27497 0.10491 0.24160 0.37852 1579.702
2.605 0.63757 68.70688 2.02802 43.80518 0.27468 0.10523 0.24121 0.37888 1580.263
2.610 0.63784 68.80438 2.03176 43.88600 0.27439 0.10555 0.24083 0.37923 1580.825
2.615 0.63811 68.90202 2.03551 43.96707 0.27409 0.10588 0.24044 0.37958 1581.386
2.620 0.63838 68.99983 2.03928 44.04839 0.27380 0.10621 0.24006 0.37994 1581.948
2.625 0.63866 69.09778 2.04305 44.12996 0.27351 0.10653 0.23967 0.38029 1582.511
2.630 0.63894 69.19588 2.04684 44.21178 0.27321 0.10686 0.23929 0.38064 1583.074
2.635 0.63922 69.29414 2.05064 44.29386 0.27292 0.10719 0.23890 0.38099 1583.637
2.640 0.63949 69.39254 2.05445 44.37618 0.27262 0.10752 0.23852 0.38134 1584.200
2.645 0.63978 69.49110 2.05828 44.45876 0.27233 0.10785 0.23814 0.38169 1584.764
2.650 0.64006 69.58981 2.06211 44.54160 0.27203 0.10818 0.23775 0.38204 1585.328
2.655 0.64034 69.68867 2.06596 44.62469 0.27173 0.10851 0.23737 0.38239 1585.893
2.660 0.64063 69.78768 2.06982 44.70804 0.27144 0.10884 0.23698 0.38273 1586.458
2.665 0.64092 69.88683 2.07369 44.79165 0.27114 0.10918 0.23660 0.38308 1587.023
2.670 0.64121 69.98614 2.07757 44.87551 0.27084 0.10951 0.23622 0.38343 1587.589
2.675 0.64150 70.08560 2.08146 44.95964 0.27055 0.10985 0.23583 0.38377 1588.155
2.680 0.64179 70.18521 2.08537 45.04402 0.27025 0.11018 0.23545 0.38412 1588.721
2.685 0.64208 70.28496 2.08929 45.12867 0.26995 0.11052 0.23507 0.38446 1589.288
2.690 0.64238 70.38487 2.09322 45.21358 0.26965 0.11086 0.23468 0.38481 1589.855
2.695 0.64267 70.48492 2.09716 45.29875 0.26936 0.11119 0.23430 0.38515 1590.422
2.700 0.64297 70.58512 2.10112 45.38419 0.26906 0.11153 0.23392 0.38549 1590.990
2.705 0.64327 70.68547 2.10509 45.46989 0.26876 0.11187 0.23353 0.38584 1591.558
2.710 0.64357 70.78597 2.10907 45.55586 0.26846 0.11221 0.23315 0.38618 1592.126
2.715 0.64387 70.88661 2.11306 45.64210 0.26816 0.11255 0.23277 0.38652 1592.695
2.720 0.64418 70.98740 2.11706 45.72860 0.26786 0.11289 0.23238 0.38686 1593.264
2.725 0.64449 71.08834 2.12108 45.81537 0.26756 0.11324 0.23200 0.38720 1593.833
2.730 0.64479 71.18942 2.12511 45.90242 0.26726 0.11358 0.23162 0.38754 1594.403
2.735 0.64510 71.29065 2.12915 45.98974 0.26696 0.11392 0.23124 0.38788 1594.972
2.740 0.64541 71.39203 2.13321 46.07733 0.26666 0.11427 0.23085 0.38822 1595.543
2.745 0.64573 71.49355 2.13728 46.16519 0.26636 0.11461 0.23047 0.38856 1596.113
2.750 0.64604 71.59522 2.14136 46.25332 0.26606 0.11496 0.23009 0.38889 1596.684
2.755 0.64636 71.69703 2.14545 46.34174 0.26575 0.11531 0.22971 0.38923 1597.255
2.760 0.64667 71.79898 2.14956 46.43043 0.26545 0.11566 0.22933 0.38957 1597.827
2.765 0.64699 71.90108 2.15368 46.51939 0.26515 0.11600 0.22894 0.38990 1598.398
2.770 0.64731 72.00332 2.15781 46.60864 0.26485 0.11635 0.22856 0.39024 1598.970
2.775 0.64763 72.10571 2.16195 46.69816 0.26454 0.11670 0.22818 0.39057 1599.543
2.780 0.64796 72.20824 2.16611 46.78797 0.26424 0.11706 0.22780 0.39090 1600.115
2.785 0.64828 72.31091 2.17028 46.87806 0.26394 0.11741 0.22742 0.39124 1600.688
2.790 0.64861 72.41372 2.17446 46.96843 0.26363 0.11776 0.22704 0.39157 1601.261
2.795 0.64894 72.51667 2.17866 47.05908 0.26333 0.11811 0.22665 0.39190 1601.835
2.800 0.64927 72.61977 2.18287 47.15002 0.26303 0.11847 0.22627 0.39223 1602.409
2.805 0.64961 72.72301 2.18709 47.24125 0.26272 0.11882 0.22589 0.39256 1602.983
2.810 0.64994 72.82638 2.19133 47.33276 0.26242 0.11918 0.22551 0.39289 1603.557
2.815 0.65028 72.92990 2.19558 47.42456 0.26211 0.11954 0.22513 0.39322 1604.131
2.820 0.65061 73.03355 2.19984 47.51665 0.26181 0.11989 0.22475 0.39355 1604.706
2.825 0.65095 73.13735 2.20412 47.60903 0.26150 0.12025 0.22437 0.39388 1605.281
2.830 0.65130 73.24128 2.20841 47.70170 0.26120 0.12061 0.22399 0.39421 1605.857
2.835 0.65164 73.34535 2.21272 47.79466 0.26089 0.12097 0.22361 0.39453 1606.432
2.840 0.65198 73.44956 2.21703 47.88792 0.26058 0.12133 0.22323 0.39486 1607.008
2.845 0.65233 73.55391 2.22136 47.98147 0.26028 0.12169 0.22285 0.39518 1607.584
2.850 0.65268 73.65839 2.22571 48.07532 0.25997 0.12205 0.22247 0.39551 1608.160
2.855 0.65303 73.76301 2.23007 48.16946 0.25966 0.12242 0.22209 0.39583 1608.737
2.860 0.65338 73.86776 2.23444 48.26391 0.25936 0.12278 0.22171 0.39616 1609.313
2.865 0.65374 73.97265 2.23883 48.35865 0.25905 0.12314 0.22133 0.39648 1609.890
2.870 0.65409 74.07767 2.24323 48.45369 0.25874 0.12351 0.22095 0.39680 1610.468
2.875 0.65445 74.18283 2.24764 48.54904 0.25843 0.12388 0.22057 0.39712 1611.045
2.880 0.65481 74.28812 2.25207 48.64468 0.25813 0.12424 0.22019 0.39744 1611.623
2.885 0.65517 74.39354 2.25651 48.74063 0.25782 0.12461 0.21981 0.39776 1612.201
2.890 0.65554 74.49909 2.26097 48.83689 0.25751 0.12498 0.21943 0.39808 1612.779
2.895 0.65590 74.60478 2.26544 48.93345 0.25720 0.12535 0.21905 0.39840 1613.357
2.900 0.65627 74.71060 2.26992 49.03031 0.25689 0.12572 0.21868 0.39872 1613.935
2.905 0.65664 74.81654 2.27442 49.12749 0.25658 0.12609 0.21830 0.39903 1614.514
2.910 0.65701 74.92262 2.27893 49.22498 0.25627 0.12646 0.21792 0.39935 1615.093
2.915 0.65738 75.02883 2.28346 49.32277 0.25596 0.12683 0.21754 0.39967 1615.672
2.920 0.65776 75.13516 2.28800 49.42088 0.25565 0.12721 0.21716 0.39998 1616.251
2.925 0.65814 75.24162 2.29256 49.51930 0.25534 0.12758 0.21678 0.40030 1616.831
2.930 0.65852 75.34821 2.29713 49.61803 0.25503 0.12795 0.21641 0.40061 1617.410
2.935 0.65890 75.45493 2.30172 49.71708 0.25472 0.12833 0.21603 0.40092 1617.990
2.940 0.65928 75.56177 2.30632 49.81645 0.25441 0.12871 0.21565 0.40123 1618.570
2.945 0.65967 75.66874 2.31093 49.91614 0.25410 0.12908 0.21527 0.40155 1619.150
2.950 0.66005 75.77583 2.31556 50.01614 0.25379 0.12946 0.21490 0.40186 1619.730
2.955 0.66044 75.88304 2.32021 50.11646 0.25347 0.12984 0.21452 0.40217 1620.311
2.960 0.66084 75.99038 2.32487 50.21711 0.25316 0.13022 0.21414 0.40248 1620.891
2.965 0.66123 76.09784 2.32954 50.31807 0.25285 0.13060 0.21377 0.40278 1621.472
2.970 0.66162 76.20542 2.33423 50.41937 0.25254 0.13098 0.21339 0.40309 1622.053
2.975 0.66202 76.31312 2.33893 50.52098 0.25223 0.13136 0.21301 0.40340 1622.634
2.980 0.66242 76.42095 2.34365 50.62292 0.25191 0.13175 0.21264 0.40371 1623.215
2.985 0.66282 76.52889 2.34839 50.72519 0.25160 0.13213 0.21226 0.40401 1623.796
2.990 0.66323 76.63695 2.35314 50.82779 0.25129 0.13251 0.21188 0.40432 1624.377
2.995 0.66363 76.74513 2.35790 50.93072 0.25097 0.13290 0.21151 0.40462 1624.959
3.000 0.66404 76.85342 2.36268 51.03398 0.25066 0.13328 0.21113 0.40492 1625.541
3.005 0.66445 76.96183 2.36748 51.13757 0.25035 0.13367 0.21076 0.40523 1626.122
3.010 0.66487 77.07036 2.37229 51.24150 0.25003 0.13406 0.21038 0.40553 1626.704
3.015 0.66528 77.17900 2.37712 51.34576 0.24972 0.13445 0.21001 0.40583 1627.286
3.020 0.66570 77.28775 2.38196 51.45036 0.24940 0.13484 0.20963 0.40613 1627.868
3.025 0.66612 77.39662 2.38682 51.55529 0.24909 0.13523 0.20926 0.40643 1628.450
3.030 0.66654 77.50560 2.39169 51.66056 0.24877 0.13562 0.20888 0.40673 1629.032
3.035 0.66696 77.61468 2.39658 51.76618 0.24846 0.13601 0.20851 0.40703 1629.614
3.040 0.66739 77.72388 2.40149 51.87213 0.24814 0.13640 0.20813 0.40732 1630.197
3.045 0.66782 77.83319 2.40641 51.97843 0.24783 0.13679 0.20776 0.40762 1630.779
3.050 0.66825 77.94261 2.41135 52.08507 0.24751 0.13719 0.20738 0.40792 1631.362
3.055 0.66868 78.05213 2.41630 52.19206 0.24720 0.13758 0.20701 0.40821 1631.944
3.060 0.66912 78.16176 2.42127 52.29939 0.24688 0.13798 0.20664 0.40851 1632.527
3.065 0.66956 78.27149 2.42625 52.40708 0.24656 0.13837 0.20626 0.40880 1633.109
3.070 0.67000 78.38133 2.43125 52.51511 0.24625 0.13877 0.20589 0.40909 1633.692
3.075 0.67044 78.49127 2.43627 52.62349 0.24593 0.13917 0.20552 0.40938 1634.275
3.080 0.67088 78.60132 2.44131 52.73222 0.24561 0.13957 0.20514 0.40967 1634.857
3.085 0.67133 78.71146 2.44636 52.84131 0.24530 0.13997 0.20477 0.40997 1635.440
3.090 0.67178 78.82171 2.45142 52.95075 0.24498 0.14037 0.20440 0.41025 1636.023
3.095 0.67223 78.93205 2.45651 53.06055 0.24466 0.14077 0.20403 0.41054 1636.606
3.100 0.67269 79.04249 2.46161 53.17070 0.24434 0.14117 0.20365 0.41083 1637.188
3.105 0.67314 79.15303 2.46672 53.28122 0.24403 0.14157 0.20328 0.41112 1637.771
3.110 0.67360 79.26367 2.47186 53.39209 0.24371 0.14198 0.20291 0.41140 1638.354
3.115 0.67406 79.37440 2.47701 53.50333 0.24339 0.14238 0.20254 0.41169 1638.937
3.120 0.67453 79.48522 2.48217 53.61492 0.24307 0.14279 0.20217 0.41198 1639.520
3.125 0.67499 79.59614 2.48736 53.72689 0.24275 0.14319 0.20180 0.41226 1640.102
3.130 0.67546 79.70714 2.49256 53.83921 0.24244 0.14360 0.20142 0.41254 1640.685
3.135 0.67593 79.81824 2.49777 53.95191 0.24212 0.14401 0.20105 0.41282 1641.268
3.140 0.67641 79.92943 2.50301 54.06497 0.24180 0.14441 0.20068 0.41311 1641.850
3.145 0.67689 80.04070 2.50826 54.17841 0.24148 0.14482 0.20031 0.41339 1642.433
3.150 0.67737 80.15206 2.51353 54.29221 0.24116 0.14523 0.19994 0.41367 1643.015
3.155 0.67785 80.26351 2.51881 54.40639 0.24084 0.14564 0.19957 0.41395 1643.598
3.160 0.67833 80.37504 2.52412 54.52094 0.24052 0.14606 0.19920 0.41422 1644.180
3.165 0.67882 80.48665 2.52944 54.63587 0.24020 0.14647 0.19883 0.41450 1644.762
3.170 0.67931 80.59834 2.53478 54.75117 0.23988 0.14688 0.19846 0.41478 1645.345
3.175 0.67980 80.71012 2.54013 54.86686 0.23956 0.14730 0.19809 0.41505 1645.927
3.180 0.68030 80.82197 2.54551 54.98292 0.23924 0.14771 0.19772 0.41533 1646.509
3.185 0.68079 80.93390 2.55090 55.09936 0.23892 0.14813 0.19735 0.41560 1647.091
3.190 0.68130 81.04591 2.55631 55.21619 0.23860 0.14854 0.19698 0.41587 1647.673
3.195 0.68180 81.15799 2.56173 55.33340 0.23828 0.14896 0.19662 0.41615 1648.254
3.200 0.68230 81.27015 2.56718 55.45100 0.23796 0.14938 0.19625 0.41642 1648.836
3.205 0.68281 81.38237 2.57264 55.56898 0.23764 0.14980 0.19588 0.41669 1649.417
3.210 0.68333 81.49467 2.57812 55.68736 0.23731 0.15022 0.19551 0.41696 1649.999
3.215 0.68384 81.60704 2.58362 55.80612 0.23699 0.15064 0.19514 0.41723 1650.580
3.220 0.68436 81.71948 2.58913 55.92528 0.23667 0.15106 0.19478 0.41750 1651.161
3.225 0.68488 81.83198 2.59467 56.04483 0.23635 0.15148 0.19441 0.41776 1651.742
3.230 0.68540 81.94454 2.60022 56.16477 0.23603 0.15190 0.19404 0.41803 1652.323
3.235 0.68593 82.05717 2.60579 56.28511 0.23571 0.15233 0.19367 0.41829 1652.903
3.240 0.68645 82.16986 2.61138 56.40585 0.23538 0.15275 0.19331 0.41856 1653.483
3.245 0.68699 82.28262 2.61699 56.52698 0.23506 0.15318 0.19294 0.41882 1654.064
3.250 0.68752 82.39543 2.62262 56.64852 0.23474 0.15360 0.19258 0.41909 1654.644
3.255 0.68806 82.50830 2.62826 56.77046 0.23442 0.15403 0.19221 0.41935 1655.223
3.260 0.68860 82.62122 2.63393 56.89281 0.23409 0.15446 0.19184 0.41961 1655.803
3.265 0.68914 82.73420 2.63961 57.01556 0.23377 0.15488 0.19148 0.41987 1656.382
3.270 0.68969 82.84723 2.64531 57.13872 0.23345 0.15531 0.19111 0.42013 1656.961
3.275 0.69024 82.96031 2.65103 57.26228 0.23312 0.15574 0.19075 0.42039 1657.540
3.280 0.69079 83.07344 2.65677 57.38626 0.23280 0.15617 0.19038 0.42064 1658.119
3.285 0.69135 83.18661 2.66253 57.51065 0.23248 0.15661 0.19002 0.42090 1658.697
3.290 0.69190 83.29983 2.66831 57.63545 0.23215 0.15704 0.18965 0.42116 1659.275
3.295 0.69247 83.41310 2.67411 57.76067 0.23183 0.15747 0.18929 0.42141 1659.853
3.300 0.69303 83.52641 2.67992 57.88631 0.23151 0.15791 0.18892 0.42166 1660.431
3.305 0.69360 83.63976 2.68576 58.01236 0.23118 0.15834 0.18856 0.42192 1661.008
3.310 0.69417 83.75315 2.69161 58.13883 0.23086 0.15878 0.18820 0.42217 1661.585
3.315 0.69474 83.86657 2.69749 58.26573 0.23053 0.15921 0.18783 0.42242 1662.162
3.320 0.69532 83.98003 2.70338 58.39304 0.23021 0.15965 0.18747 0.42267 1662.738
3.325 0.69590 84.09352 2.70930 58.52079 0.22989 0.16009 0.18711 0.42292 1663.314
3.330 0.69649 84.20704 2.71523 58.64896 0.22956 0.16053 0.18674 0.42317 1663.890
3.335 0.69707 84.32060 2.72118 58.77755 0.22924 0.16097 0.18638 0.42342 1664.465
3.340 0.69766 84.43418 2.72716 58.90658 0.22891 0.16141 0.18602 0.42366 1665.040
3.345 0.69826 84.54778 2.73315 59.03604 0.22859 0.16185 0.18566 0.42391 1665.615
3.350 0.69885 84.66141 2.73916 59.16593 0.22826 0.16229 0.18530 0.42415 1666.189
3.355 0.69945 84.77506 2.74520 59.29626 0.22794 0.16273 0.18494 0.42440 1666.763
3.360 0.70006 84.88873 2.75125 59.42702 0.22761 0.16318 0.18457 0.42464 1667.337
3.365 0.70067 85.00242 2.75733 59.55823 0.22729 0.16362 0.18421 0.42488 1667.910
3.370 0.70128 85.11612 2.76342 59.68987 0.22696 0.16406 0.18385 0.42512 1668.482
3.375 0.70189 85.22984 2.76953 59.82195 0.22663 0.16451 0.18349 0.42536 1669.055
3.380 0.70251 85.34356 2.77567 59.95448 0.22631 0.16496 0.18313 0.42560 1669.627
3.385 0.70313 85.45730 2.78183 60.08745 0.22598 0.16541 0.18277 0.42584 1670.198
3.390 0.70375 85.57104 2.78800 60.22087 0.22566 0.16585 0.18241 0.42608 1670.769
3.395 0.70438 85.68479 2.79420 60.35474 0.22533 0.16630 0.18205 0.42631 1671.340
3.400 0.70501 85.79854 2.80042 60.48906 0.22501 0.16675 0.18169 0.42655 1671.910
3.405 0.70565 85.91229 2.80666 60.62383 0.22468 0.16720 0.18133 0.42678 1672.480
3.410 0.70629 86.02604 2.81292 60.75906 0.22435 0.16766 0.18097 0.42702 1673.049
3.415 0.70693 86.13979 2.81920 60.89474 0.22403 0.16811 0.18062 0.42725 1673.617
3.420 0.70758 86.25353 2.82550 61.03087 0.22370 0.16856 0.18026 0.42748 1674.186
3.425 0.70823 86.36726 2.83183 61.16747 0.22337 0.16901 0.17990 0.42771 1674.753
3.430 0.70888 86.48097 2.83817 61.30453 0.22305 0.16947 0.17954 0.42794 1675.320
3.435 0.70954 86.59468 2.84454 61.44205 0.22272 0.16992 0.17918 0.42817 1675.887
3.440 0.71020 86.70837 2.85093 61.58004 0.22239 0.17038 0.17883 0.42840 1676.453
3.445 0.71086 86.82204 2.85734 61.71849 0.22207 0.17084 0.17847 0.42862 1677.018
3.450 0.71153 86.93569 2.86377 61.85741 0.22174 0.17130 0.17811 0.42885 1677.583
3.455 0.71220 87.04932 2.87022 61.99680 0.22141 0.17175 0.17776 0.42908 1678.148
3.460 0.71288 87.16292 2.87670 62.13667 0.22109 0.17221 0.17740 0.42930 1678.711
3.465 0.71356 87.27650 2.88319 62.27700 0.22076 0.17267 0.17704 0.42952 1679.274
3.470 0.71424 87.39004 2.88971 62.41782 0.22043 0.17314 0.17669 0.42974 1679.837
3.475 0.71493 87.50355 2.89626 62.55911 0.22010 0.17360 0.17633 0.42996 1680.399
3.480 0.71562 87.61702 2.90282 62.70088 0.21978 0.17406 0.17598 0.43018 1680.960
3.485 0.71632 87.73046 2.90940 62.84313 0.21945 0.17452 0.17562 0.43040 1681.521
3.490 0.71702 87.84385 2.91601 62.98586 0.21912 0.17499 0.17527 0.43062 1682.081
3.495 0.71773 87.95720 2.92264 63.12908 0.21879 0.17545 0.17491 0.43084 1682.640
3.500 0.71843 88.07050 2.92930 63.27279 0.21847 0.17592 0.17456 0.43105 1683.199
3.505 0.71915 88.18376 2.93597 63.41699 0.21814 0.17638 0.17421 0.43127 1683.756
3.510 0.71986 88.29696 2.94267 63.56167 0.21781 0.17685 0.17385 0.43148 1684.314
3.515 0.72058 88.41011 2.94939 63.70685 0.21748 0.17732 0.17350 0.43170 1684.870
3.520 0.72131 88.52320 2.95614 63.85253 0.21715 0.17779 0.17315 0.43191 1685.426
3.525 0.72204 88.63623 2.96290 63.99870 0.21683 0.17826 0.17279 0.43212 1685.981
3.530 0.72277 88.74919 2.96969 64.14537 0.21650 0.17873 0.17244 0.43233 1686.535
3.535 0.72351 88.86209 2.97651 64.29254 0.21617 0.17920 0.17209 0.43254 1687.088
3.540 0.72425 88.97492 2.98334 64.44021 0.21584 0.17967 0.17174 0.43275 1687.641
3.545 0.72500 89.08768 2.99020 64.58839 0.21551 0.18015 0.17139 0.43295 1688.193
3.550 0.72575 89.20036 2.99709 64.73708 0.21519 0.18062 0.17104 0.43316 1688.744
3.555 0.72650 89.31296 3.00399 64.88627 0.21486 0.18109 0.17068 0.43336 1689.294
3.560 0.72726 89.42548 3.01092 65.03597 0.21453 0.18157 0.17033 0.43357 1689.844
3.565 0.72803 89.53792 3.01788 65.18619 0.21420 0.18204 0.16998 0.43377 1690.392
3.570 0.72880 89.65027 3.02486 65.33692 0.21387 0.18252 0.16963 0.43397 1690.940
3.575 0.72957 89.76253 3.03186 65.48817 0.21354 0.18300 0.16928 0.43417 1691.487
3.580 0.73035 89.87469 3.03889 65.63994 0.21322 0.18348 0.16893 0.43437 1692.033
3.585 0.73113 89.98676 3.04594 65.79222 0.21289 0.18396 0.16858 0.43457 1692.578
3.590 0.73192 90.09872 3.05301 65.94503 0.21256 0.18444 0.16824 0.43477 1693.122
3.595 0.73271 90.21059 3.06011 66.09837 0.21223 0.18492 0.16789 0.43497 1693.665
3.600 0.73351 90.32234 3.06723 66.25223 0.21190 0.18540 0.16754 0.43516 1694.207
3.605 0.73431 90.43399 3.07438 66.40662 0.21157 0.18588 0.16719 0.43536 1694.748
3.610 0.73512 90.54552 3.08155 66.56154 0.21124 0.18636 0.16684 0.43555 1695.288
3.615 0.73593 90.65693 3.08875 66.71700 0.21091 0.18685 0.16649 0.43574 1695.828
3.620 0.73674 90.76822 3.09597 66.87299 0.21059 0.18733 0.16615 0.43594 1696.366
3.625 0.73757 90.87939 3.10322 67.02952 0.21026 0.18782 0.16580 0.43613 1696.903
3.630 0.73839 90.99043 3.11049 67.18658 0.20993 0.18830 0.16545 0.43632 1697.439
3.635 0.73922 91.10134 3.11779 67.34419 0.20960 0.18879 0.16511 0.43650 1697.975
3.640 0.74006 91.21211 3.12511 67.50235 0.20927 0.18928 0.16476 0.43669 1698.509
3.645 0.74090 91.32274 3.13246 67.66105 0.20894 0.18977 0.16442 0.43688 1699.042
3.650 0.74175 91.43324 3.13983 67.82029 0.20861 0.19025 0.16407 0.43706 1699.574
3.655 0.74260 91.54358 3.14723 67.98009 0.20828 0.19074 0.16372 0.43725 1700.104
3.660 0.74345 91.65378 3.15465 68.14044 0.20795 0.19124 0.16338 0.43743 1700.634
3.665 0.74432 91.76382 3.16210 68.30135 0.20762 0.19173 0.16304 0.43761 1701.163
3.670 0.74518 91.87370 3.16957 68.46281 0.20730 0.19222 0.16269 0.43779 1701.690
3.675 0.74606 91.98343 3.17708 68.62483 0.20697 0.19271 0.16235 0.43797 1702.216
3.680 0.74693 92.09299 3.18460 68.78742 0.20664 0.19321 0.16200 0.43815 1702.741
3.685 0.74782 92.20237 3.19216 68.95056 0.20631 0.19370 0.16166 0.43833 1703.265
3.690 0.74871 92.31159 3.19974 69.11428 0.20598 0.19420 0.16132 0.43851 1703.787
3.695 0.74960 92.42063 3.20734 69.27856 0.20565 0.19469 0.16097 0.43868 1704.309
3.700 0.75050 92.52948 3.21497 69.44341 0.20532 0.19519 0.16063 0.43886 1704.829
3.705 0.75141 92.63816 3.22263 69.60883 0.20499 0.19569 0.16029 0.43903 1705.347
3.710 0.75232 92.74664 3.23032 69.77483 0.20466 0.19618 0.15995 0.43921 1705.865
3.715 0.75323 92.85493 3.23803 69.94141 0.20433 0.19668 0.15961 0.43938 1706.381
3.720 0.75416 92.96302 3.24577 70.10856 0.20400 0.19718 0.15927 0.43955 1706.896
3.725 0.75508 93.07091 3.25353 70.27630 0.20368 0.19768 0.15892 0.43972 1707.409
3.730 0.75602 93.17859 3.26133 70.44462 0.20335 0.19818 0.15858 0.43989 1707.921
3.735 0.75696 93.28606 3.26915 70.61353 0.20302 0.19869 0.15824 0.44005 1708.432
3.740 0.75790 93.39332 3.27699 70.78303 0.20269 0.19919 0.15790 0.44022 1708.941
3.745 0.75885 93.50035 3.28487 70.95312 0.20236 0.19969 0.15756 0.44038 1709.449
3.750 0.75981 93.60717 3.29277 71.12380 0.20203 0.20020 0.15723 0.44055 1709.956
3.755 0.76078 93.71375 3.30070 71.29508 0.20170 0.20070 0.15689 0.44071 1710.461
3.760 0.76174 93.82010 3.30866 71.46696 0.20137 0.20121 0.15655 0.44087 1710.964
3.765 0.76272 93.92622 3.31664 71.63943 0.20104 0.20171 0.15621 0.44103 1711.466
3.770 0.76370 94.03209 3.32465 71.81252 0.20071 0.20222 0.15587 0.44119 1711.967
3.775 0.76469 94.13771 3.33269 71.98620 0.20038 0.20273 0.15553 0.44135 1712.466
3.780 0.76568 94.24309 3.34076 72.16050 0.20006 0.20324 0.15520 0.44151 1712.963
3.785 0.76669 94.34820 3.34886 72.33540 0.19973 0.20375 0.15486 0.44167 1713.459
3.790 0.76769 94.45306 3.35699 72.51092 0.19940 0.20426 0.15452 0.44182 1713.953
3.795 0.76871 94.55765 3.36514 72.68705 0.19907 0.20477 0.15419 0.44197 1714.446
3.800 0.76973 94.66197 3.37332 72.86380 0.19874 0.20528 0.15385 0.44213 1714.937
3.805 0.77075 94.76602 3.38154 73.04117 0.19841 0.20579 0.15352 0.44228 1715.426
3.810 0.77179 94.86978 3.38978 73.21917 0.19808 0.20631 0.15318 0.44243 1715.914
3.815 0.77283 94.97326 3.39805 73.39778 0.19775 0.20682 0.15285 0.44258 1716.400
3.820 0.77387 95.07644 3.40634 73.57703 0.19742 0.20734 0.15251 0.44273 1716.884
3.825 0.77493 95.17934 3.41467 73.75691 0.19710 0.20785 0.15218 0.44288 1717.367
3.830 0.77599 95.28193 3.42303 73.93742 0.19677 0.20837 0.15184 0.44302 1717.848
3.835 0.77705 95.38421 3.43141 74.11856 0.19644 0.20888 0.15151 0.44317 1718.327
3.840 0.77813 95.48618 3.43983 74.30035 0.19611 0.20940 0.15118 0.44331 1718.804
3.845 0.77921 95.58784 3.44828 74.48277 0.19578 0.20992 0.15084 0.44346 1719.279
3.850 0.78030 95.68917 3.45675 74.66584 0.19545 0.21044 0.15051 0.44360 1719.753
3.855 0.78139 95.79018 3.46526 74.84955 0.19512 0.21096 0.15018 0.44374 1720.225
3.860 0.78249 95.89086 3.47379 75.03391 0.19479 0.21148 0.14985 0.44388 1720.694
3.865 0.78360 95.99119 3.48236 75.21892 0.19447 0.21200 0.14951 0.44402 1721.162
3.870 0.78472 96.09118 3.49095 75.40458 0.19414 0.21252 0.14918 0.44415 1721.628
3.875 0.78584 96.19083 3.49958 75.59090 0.19381 0.21305 0.14885 0.44429 1722.092
3.880 0.78697 96.29011 3.50824 75.77788 0.19348 0.21357 0.14852 0.44443 1722.554
3.885 0.78811 96.38904 3.51692 75.96552 0.19315 0.21410 0.14819 0.44456 1723.014
3.890 0.78926 96.48760 3.52564 76.15383 0.19282 0.21462 0.14786 0.44469 1723.472
3.895 0.79041 96.58579 3.53439 76.34280 0.19250 0.21515 0.14753 0.44483 1723.928
3.900 0.79158 96.68360 3.54317 76.53244 0.19217 0.21567 0.14720 0.44496 1724.382
3.905 0.79275 96.78103 3.55198 76.72276 0.19184 0.21620 0.14687 0.44509 1724.834
3.910 0.79392 96.87806 3.56082 76.91374 0.19151 0.21673 0.14655 0.44521 1725.284
3.915 0.79511 96.97470 3.56969 77.10541 0.19118 0.21726 0.14622 0.44534 1725.731
3.920 0.79630 97.07094 3.57860 77.29775 0.19086 0.21779 0.14589 0.44547 1726.177
3.925 0.79750 97.16678 3.58754 77.49078 0.19053 0.21832 0.14556 0.44559 1726.620
3.930 0.79871 97.26219 3.59650 77.68450 0.19020 0.21885 0.14524 0.44572 1727.061
3.935 0.79993 97.35719 3.60550 77.87890 0.18987 0.21938 0.14491 0.44584 1727.500
3.940 0.80116 97.45176 3.61454 78.07400 0.18955 0.21991 0.14458 0.44596 1727.936
3.945 0.80239 97.54590 3.62360 78.26978 0.18922 0.22044 0.14426 0.44608 1728.371
3.950 0.80363 97.63960 3.63270 78.46627 0.18889 0.22098 0.14393 0.44620 1728.802
3.955 0.80488 97.73286 3.64183 78.66346 0.18856 0.22151 0.14361 0.44632 1729.232
3.960 0.80614 97.82566 3.65099 78.86134 0.18824 0.22205 0.14328 0.44644 1729.659
3.965 0.80741 97.91800 3.66018 79.05994 0.18791 0.22258 0.14296 0.44655 1730.084
3.970 0.80869 98.00988 3.66941 79.25924 0.18758 0.22312 0.14263 0.44667 1730.506
3.975 0.80997 98.10129 3.67867 79.45925 0.18725 0.22366 0.14231 0.44678 1730.926
3.980 0.81127 98.19222 3.68796 79.65998 0.18693 0.22419 0.14198 0.44689 1731.344
3.985 0.81257 98.28266 3.69729 79.86142 0.18660 0.22473 0.14166 0.44701 1731.759
3.990 0.81388 98.37262 3.70665 80.06359 0.18627 0.22527 0.14134 0.44712 1732.171
3.995 0.81520 98.46207 3.71604 80.26647 0.18595 0.22581 0.14102 0.44723 1732.581
4.000 0.81653 98.55102 3.72547 80.47009 0.18562 0.22635 0.14069 0.44733 1732.988
4.005 0.81787 98.63946 3.73493 80.67443 0.18529 0.22689 0.14037 0.44744 1733.393
4.010 0.81922 98.72738 3.74442 80.87950 0.18497 0.22743 0.14005 0.44755 1733.795
4.015 0.82058 98.81477 3.75395 81.08531 0.18464 0.22798 0.13973 0.44765 1734.194
4.020 0.82195 98.90163 3.76351 81.29185 0.18431 0.22852 0.13941 0.44775 1734.591
4.025 0.82332 98.98795 3.77311 81.49914 0.18399 0.22907 0.13909 0.44786 1734.985
4.030 0.82471 99.07372 3.78274 81.70717 0.18366 0.22961 0.13877 0.44796 1735.376
4.035 0.82611 99.15894 3.79240 81.91594 0.18334 0.23016 0.13845 0.44806 1735.765
4.040 0.82751 99.24359 3.80211 82.12547 0.18301 0.23070 0.13813 0.44816 1736.150
4.045 0.82893 99.32768 3.81184 82.33575 0.18268 0.23125 0.13781 0.44825 1736.533
4.050 0.83036 99.41118 3.82161 82.54678 0.18236 0.23180 0.13750 0.44835 1736.913
4.055 0.83179 99.49410 3.83142 82.75857 0.18203 0.23234 0.13718 0.44845 1737.290
4.060 0.83324 99.57643 3.84126 82.97113 0.18171 0.23289 0.13686 0.44854 1737.664
4.065 0.83470 99.65817 3.85113 83.18445 0.18138 0.23344 0.13654 0.44863 1738.035
4.070 0.83617 99.73929 3.86104 83.39854 0.18106 0.23399 0.13623 0.44872 1738.403
4.075 0.83764 99.81980 3.87099 83.61340 0.18073 0.23454 0.13591 0.44882 1738.768
4.080 0.83913 99.89968 3.88097 83.82903 0.18041 0.23510 0.13559 0.44890 1739.130
4.085 0.84063 99.97894 3.89099 84.04544 0.18008 0.23565 0.13528 0.44899 1739.489
4.090 0.84214 100.05755 3.90105 84.26263 0.17976 0.23620 0.13496 0.44908 1739.845
4.095 0.84366 100.13552 3.91114 84.48061 0.17943 0.23676 0.13465 0.44917 1740.197
4.100 0.84519 100.21283 3.92127 84.69937 0.17911 0.23731 0.13433 0.44925 1740.547
4.105 0.84674 100.28949 3.93143 84.91893 0.17878 0.23786 0.13402 0.44933 1740.893
4.110 0.84829 100.36547 3.94163 85.13927 0.17846 0.23842 0.13370 0.44942 1741.236
4.115 0.84986 100.44077 3.95187 85.36042 0.17813 0.23898 0.13339 0.44950 1741.576
4.120 0.85144 100.51538 3.96215 85.58236 0.17781 0.23953 0.13308 0.44958 1741.912
4.125 0.85302 100.58930 3.97246 85.80511 0.17748 0.24009 0.13277 0.44966 1742.245
4.130 0.85462 100.66251 3.98281 86.02866 0.17716 0.24065 0.13245 0.44974 1742.575
4.135 0.85624 100.73501 3.99320 86.25303 0.17684 0.24121 0.13214 0.44981 1742.901
4.140 0.85786 100.80679 4.00362 86.47820 0.17651 0.24177 0.13183 0.44989 1743.224
4.145 0.85950 100.87784 4.01408 86.70420 0.17619 0.24233 0.13152 0.44996 1743.543
4.150 0.86115 100.94815 4.02458 86.93101 0.17587 0.24289 0.13121 0.45004 1743.859
4.155 0.86281 101.01772 4.03512 87.15865 0.17554 0.24345 0.13090 0.45011 1744.171
4.160 0.86448 101.08652 4.04570 87.38711 0.17522 0.24401 0.13059 0.45018 1744.480
4.165 0.86616 101.15457 4.05632 87.61640 0.17490 0.24458 0.13028 0.45025 1744.785
4.170 0.86786 101.22184 4.06697 87.84653 0.17457 0.24514 0.12997 0.45032 1745.086
4.175 0.86957 101.28832 4.07766 88.07750 0.17425 0.24571 0.12966 0.45038 1745.383
4.180 0.87130 101.35402 4.08839 88.30930 0.17393 0.24627 0.12935 0.45045 1745.677
4.185 0.87303 101.41892 4.09916 88.54195 0.17361 0.24684 0.12904 0.45051 1745.967
4.190 0.87478 101.48300 4.10997 88.77544 0.17328 0.24740 0.12874 0.45058 1746.254
4.195 0.87654 101.54627 4.12082 89.00979 0.17296 0.24797 0.12843 0.45064 1746.536
4.200 0.87832 101.60870 4.13171 89.24499 0.17264 0.24854 0.12812 0.45070 1746.814
4.205 0.88011 101.67030 4.14264 89.48105 0.17232 0.24910 0.12782 0.45076 1747.089
4.210 0.88191 101.73106 4.15361 89.71797 0.17200 0.24967 0.12751 0.45082 1747.360
4.215 0.88373 101.79095 4.16462 89.95575 0.17167 0.25024 0.12721 0.45088 1747.626
4.220 0.88556 101.84998 4.17567 90.19440 0.17135 0.25081 0.12690 0.45093 1747.889
4.225 0.88741 101.90814 4.18676 90.43393 0.17103 0.25138 0.12660 0.45099 1748.147
4.230 0.88927 101.96541 4.19789 90.67433 0.17071 0.25195 0.12629 0.45104 1748.402
4.235 0.89114 102.02178 4.20906 90.91561 0.17039 0.25253 0.12599 0.45110 1748.652
4.240 0.89303 102.07725 4.22027 91.15777 0.17007 0.25310 0.12568 0.45115 1748.898
4.245 0.89493 102.13181 4.23152 91.40082 0.16975 0.25367 0.12538 0.45120 1749.139
4.250 0.89685 102.18544 4.24281 91.64475 0.16943 0.25425 0.12508 0.45125 1749.377
4.255 0.89878 102.23813 4.25415 91.88958 0.16911 0.25482 0.12478 0.45130 1749.610
4.260 0.90073 102.28989 4.26552 92.13531 0.16879 0.25540 0.12447 0.45135 1749.839
4.265 0.90269 102.34068 4.27694 92.38194 0.16847 0.25597 0.12417 0.45139 1750.063
4.270 0.90467 102.39051 4.28840 92.62948 0.16815 0.25655 0.12387 0.45144 1750.283
4.275 0.90666 102.43937 4.29990 92.87792 0.16783 0.25713 0.12357 0.45148 1750.498
4.280 0.90867 102.48724 4.31145 93.12728 0.16751 0.25770 0.12327 0.45152 1750.709
4.285 0.91070 102.53412 4.32303 93.37755 0.16719 0.25828 0.12297 0.45156 1750.915
4.290 0.91274 102.57999 4.33466 93.62874 0.16687 0.25886 0.12267 0.45160 1751.117
4.295 0.91480 102.62484 4.34634 93.88085 0.16655 0.25944 0.12237 0.45164 1751.314
4.300 0.91687 102.66867 4.35805 94.13389 0.16623 0.26002 0.12207 0.45168 1751.506
4.305 0.91896 102.71146 4.36981 94.38787 0.16591 0.26060 0.12177 0.45172 1751.694
4.310 0.92107 102.75320 4.38161 94.64278 0.16559 0.26118 0.12148 0.45175 1751.876
4.315 0.92319 102.79388 4.39345 94.89862 0.16527 0.26176 0.12118 0.45178 1752.054
4.320 0.92533 102.83349 4.40534 95.15541 0.16496 0.26235 0.12088 0.45182 1752.227
4.325 0.92749 102.87202 4.41728 95.41315 0.16464 0.26293 0.12058 0.45185 1752.395
4.330 0.92967 102.90946 4.42925 95.67184 0.16432 0.26351 0.12029 0.45188 1752.558
4.335 0.93186 102.94580 4.44127 95.93148 0.16400 0.26410 0.11999 0.45191 1752.716
4.340 0.93408 102.98102 4.45334 96.19208 0.16368 0.26468 0.11970 0.45194 1752.869
4.345 0.93631 103.01512 4.46545 96.45364 0.16337 0.26527 0.11940 0.45196 1753.017
4.350 0.93855 103.04808 4.47760 96.71617 0.16305 0.26585 0.11911 0.45199 1753.160
4.355 0.94082 103.07990 4.48980 96.97967 0.16273 0.26644 0.11881 0.45201 1753.297
4.360 0.94311 103.11055 4.50204 97.24415 0.16242 0.26703 0.11852 0.45204 1753.429
4.365 0.94541 103.14004 4.51433 97.50960 0.16210 0.26761 0.11823 0.45206 1753.556
4.370 0.94773 103.16834 4.52667 97.77603 0.16178 0.26820 0.11793 0.45208 1753.678
4.375 0.95008 103.19546 4.53905 98.04346 0.16147 0.26879 0.11764 0.45210 1753.794
4.380 0.95244 103.22136 4.55148 98.31187 0.16115 0.26938 0.11735 0.45212 1753.904
4.385 0.95482 103.24606 4.56395 98.58128 0.16084 0.26997 0.11706 0.45214 1754.009
4.390 0.95722 103.26952 4.57647 98.85168 0.16052 0.27056 0.11676 0.45215 1754.109
4.395 0.95964 103.29175 4.58903 99.12309 0.16020 0.27115 0.11647 0.45217 1754.203
4.400 0.96208 103.31272 4.60164 99.39551 0.15989 0.27175 0.11618 0.45218 1754.291
4.405 0.96455 103.33243 4.61430 99.66894 0.15957 0.27234 0.11589 0.45219 1754.373
4.410 0.96703 103.35087 4.62701 99.94338 0.15926 0.27293 0.11560 0.45221 1754.450
4.415 0.96953 103.36802 4.63976 100.21885 0.15894 0.27353 0.11531 0.45222 1754.521
4.420 0.97206 103.38387 4.65256 100.49534 0.15863 0.27412 0.11503 0.45222 1754.586
4.425 0.97461 103.39841 4.66541 100.77285 0.15832 0.27471 0.11474 0.45223 1754.645
4.430 0.97718 103.41163 4.67831 101.05140 0.15800 0.27531 0.11445 0.45224 1754.698
4.435 0.97977 103.42352 4.69125 101.33099 0.15769 0.27591 0.11416 0.45224 1754.746
4.440 0.98238 103.43405 4.70424 101.61162 0.15737 0.27650 0.11387 0.45225 1754.787
4.445 0.98502 103.44323 4.71728 101.89329 0.15706 0.27710 0.11359 0.45225 1754.822
4.450 0.98768 103.45103 4.73037 102.17602 0.15675 0.27770 0.11330 0.45225 1754.850
4.455 0.99036 103.45746 4.74351 102.45980 0.15644 0.27829 0.11302 0.45225 1754.873
4.460 0.99306 103.46248 4.75670 102.74463 0.15612 0.27889 0.11273 0.45225 1754.889
4.465 0.99579 103.46610 4.76993 103.03053 0.15581 0.27949 0.11245 0.45225 1754.899
4.470 0.99854 103.46829 4.78322 103.31750 0.15550 0.28009 0.11216 0.45225 1754.902
4.475 1.00132 103.46905 4.79655 103.60554 0.15519 0.28069 0.11188 0.45225 1754.899
4.480 1.00412 103.46836 4.80994 103.89466 0.15487 0.28129 0.11159 0.45224 1754.889
4.485 1.00695 103.46621 4.82337 104.18485 0.15456 0.28189 0.11131 0.45223 1754.873
4.490 1.00980 103.46259 4.83686 104.47614 0.15425 0.28250 0.11103 0.45223 1754.850
4.495 1.01267 103.45749 4.85039 104.76851 0.15394 0.28310 0.11074 0.45222 1754.821
4.500 1.01557 103.45089 4.86398 105.06198 0.15363 0.28370 0.11046 0.45221 1754.785
4.505 1.01850 103.44277 4.87762 105.35655 0.15332 0.28431 0.11018 0.45220 1754.742
4.510 1.02145 103.43314 4.89131 105.65222 0.15301 0.28491 0.10990 0.45218 1754.692
4.515 1.02443 103.42196 4.90505 105.94900 0.15270 0.28551 0.10962 0.45217 1754.635
4.520 1.02744 103.40924 4.91884 106.24689 0.15239 0.28612 0.10934 0.45215 1754.571
4.525 1.03047 103.39496 4.93268 106.54590 0.15208 0.28673 0.10906 0.45214 1754.500
4.530 1.03354 103.37909 4.94658 106.84603 0.15177 0.28733 0.10878 0.45212 1754.422
4.535 1.03663 103.36164 4.96052 107.14729 0.15146 0.28794 0.10850 0.45210 1754.336
4.540 1.03974 103.34259 4.97452 107.44968 0.15115 0.28855 0.10822 0.45208 1754.244
4.545 1.04289 103.32192 4.98857 107.75321 0.15084 0.28915 0.10794 0.45206 1754.144
4.550 1.04606 103.29962 5.00268 108.05788 0.15053 0.28976 0.10767 0.45204 1754.037
4.555 1.04927 103.27568 5.01684 108.36370 0.15022 0.29037 0.10739 0.45202 1753.922
