0.000 1350.000 0.37200 0.01640 0.43000 0.181000.37200 0.01640 0.43000 0.18100 1.00000 7.200e+12 0.20000
0.005 1349.351 0.37171 0.01632 0.42989 0.18050 0.37230 0.01635 0.43057 0.18078 0.99842 7.189e+12 0.19995
0.010 1348.703 0.37142 0.01624 0.42979 0.18000 0.37237 0.01628 0.43089 0.18046 0.99745 7.182e+12 0.20002
0.015 1348.056 0.37114 0.01616 0.42968 0.17950 0.37245 0.01622 0.43120 0.18013 0.99648 7.175e+12 0.20009
0.020 1347.410 0.37085 0.01608 0.42957 0.17900 0.37252 0.01615 0.43151 0.17981 0.99551 7.168e+12 0.20016
0.025 1346.765 0.37056 0.01600 0.42947 0.17851 0.37260 0.01609 0.43183 0.17949 0.99454 7.161e+12 0.20023
0.030 1346.121 0.37027 0.01592 0.42936 0.17801 0.37267 0.01603 0.43214 0.17916 0.99357 7.154e+12 0.20030
0.035 1345.477 0.36999 0.01584 0.42926 0.17752 0.37274 0.01596 0.43245 0.17884 0.99261 7.147e+12 0.20037
0.040 1344.835 0.36970 0.01577 0.42915 0.17703 0.37282 0.01590 0.43277 0.17852 0.99164 7.140e+12 0.20044
0.045 1344.193 0.36941 0.01569 0.42904 0.17654 0.37289 0.01584 0.43308 0.17820 0.99068 7.133e+12 0.20051
0.050 1343.553 0.36913 0.01561 0.42894 0.17605 0.37296 0.01577 0.43339 0.17787 0.98972 7.126e+12 0.20058
0.055 1342.913 0.36884 0.01554 0.42883 0.17556 0.37303 0.01571 0.43370 0.17755 0.98877 7.119e+12 0.20065
0.060 1342.274 0.36856 0.01546 0.42872 0.17507 0.37310 0.01565 0.43401 0.17723 0.98781 7.112e+12 0.20072
0.065 1341.636 0.36827 0.01538 0.42862 0.17459 0.37317 0.01559 0.43433 0.17691 0.98686 7.105e+12 0.20080
0.070 1340.999 0.36799 0.01531 0.42851 0.17410 0.37325 0.01553 0.43464 0.17659 0.98591 7.099e+12 0.20087
0.075 1340.363 0.36770 0.01523 0.42841 0.17362 0.37332 0.01546 0.43495 0.17627 0.98496 7.092e+12 0.20094
0.080 1339.728 0.36742 0.01516 0.42830 0.17314 0.37339 0.01540 0.43526 0.17595 0.98401 7.085e+12 0.20101
0.085 1339.093 0.36713 0.01508 0.42819 0.17266 0.37345 0.01534 0.43557 0.17563 0.98307 7.078e+12 0.20108
0.090 1338.460 0.36685 0.01501 0.42809 0.17218 0.37352 0.01528 0.43588 0.17531 0.98213 7.071e+12 0.20115
0.095 1337.827 0.36656 0.01493 0.42798 0.17170 0.37359 0.01522 0.43619 0.17500 0.98118 7.065e+12 0.20122
0.100 1337.196 0.36628 0.01486 0.42788 0.17123 0.37366 0.01516 0.43650 0.17468 0.98025 7.058e+12 0.20129
0.105 1336.565 0.36599 0.01479 0.42777 0.17075 0.37373 0.01510 0.43681 0.17436 0.97931 7.051e+12 0.20136
0.110 1335.935 0.36571 0.01472 0.42767 0.17028 0.37380 0.01504 0.43712 0.17404 0.97837 7.044e+12 0.20143
0.115 1335.306 0.36543 0.01464 0.42756 0.16981 0.37386 0.01498 0.43743 0.17373 0.97744 7.038e+12 0.20150
0.120 1334.678 0.36514 0.01457 0.42745 0.16934 0.37393 0.01492 0.43774 0.17341 0.97651 7.031e+12 0.20158
0.125 1334.050 0.36486 0.01450 0.42735 0.16887 0.37400 0.01486 0.43805 0.17310 0.97558 7.024e+12 0.20165
0.130 1333.424 0.36458 0.01443 0.42724 0.16840 0.37406 0.01480 0.43835 0.17278 0.97465 7.017e+12 0.20172
0.135 1332.798 0.36430 0.01436 0.42714 0.16793 0.37413 0.01475 0.43866 0.17247 0.97373 7.011e+12 0.20179
0.140 1332.174 0.36401 0.01429 0.42703 0.16747 0.37419 0.01469 0.43897 0.17215 0.97280 7.004e+12 0.20186
0.145 1331.550 0.36373 0.01422 0.42692 0.16700 0.37426 0.01463 0.43928 0.17184 0.97188 6.998e+12 0.20193
0.150 1330.927 0.36345 0.01415 0.42682 0.16654 0.37432 0.01457 0.43958 0.17152 0.97096 6.991e+12 0.20200
0.155 1330.305 0.36317 0.01408 0.42671 0.16608 0.37439 0.01451 0.43989 0.17121 0.97004 6.984e+12 0.20207
0.160 1329.684 0.36289 0.01401 0.42661 0.16562 0.37445 0.01446 0.44020 0.17090 0.96912 6.978e+12 0.20215
0.165 1329.063 0.36261 0.01394 0.42650 0.16516 0.37451 0.01440 0.44051 0.17058 0.96821 6.971e+12 0.20222
0.170 1328.444 0.36233 0.01387 0.42640 0.16470 0.37458 0.01434 0.44081 0.17027 0.96730 6.965e+12 0.20229
0.175 1327.825 0.36205 0.01380 0.42629 0.16425 0.37464 0.01428 0.44112 0.16996 0.96639 6.958e+12 0.20236
0.180 1327.207 0.36176 0.01374 0.42619 0.16379 0.37470 0.01423 0.44142 0.16965 0.96548 6.951e+12 0.20243
0.185 1326.590 0.36148 0.01367 0.42608 0.16334 0.37476 0.01417 0.44173 0.16934 0.96457 6.945e+12 0.20250
0.190 1325.974 0.36120 0.01360 0.42597 0.16289 0.37482 0.01411 0.44204 0.16903 0.96367 6.938e+12 0.20257
0.195 1325.359 0.36092 0.01353 0.42587 0.16243 0.37488 0.01406 0.44234 0.16872 0.96276 6.932e+12 0.20265
0.200 1324.745 0.36064 0.01347 0.42576 0.16198 0.37495 0.01400 0.44265 0.16841 0.96186 6.925e+12 0.20272
0.205 1324.131 0.36037 0.01340 0.42566 0.16154 0.37501 0.01395 0.44295 0.16810 0.96096 6.919e+12 0.20279
0.210 1323.518 0.36009 0.01334 0.42555 0.16109 0.37507 0.01389 0.44326 0.16779 0.96006 6.912e+12 0.20286
0.215 1322.906 0.35981 0.01327 0.42545 0.16064 0.37513 0.01383 0.44356 0.16748 0.95917 6.906e+12 0.20293
0.220 1322.295 0.35953 0.01320 0.42534 0.16020 0.37518 0.01378 0.44386 0.16717 0.95827 6.900e+12 0.20301
0.225 1321.685 0.35925 0.01314 0.42524 0.15975 0.37524 0.01372 0.44417 0.16686 0.95738 6.893e+12 0.20308
0.230 1321.076 0.35897 0.01308 0.42513 0.15931 0.37530 0.01367 0.44447 0.16656 0.95649 6.887e+12 0.20315
0.235 1320.467 0.35869 0.01301 0.42503 0.15887 0.37536 0.01362 0.44478 0.16625 0.95560 6.880e+12 0.20322
0.240 1319.860 0.35842 0.01295 0.42492 0.15843 0.37542 0.01356 0.44508 0.16594 0.95471 6.874e+12 0.20329
0.245 1319.253 0.35814 0.01288 0.42482 0.15799 0.37548 0.01351 0.44538 0.16564 0.95383 6.868e+12 0.20337
0.250 1318.647 0.35786 0.01282 0.42471 0.15755 0.37553 0.01345 0.44568 0.16533 0.95294 6.861e+12 0.20344
0.255 1318.042 0.35758 0.01276 0.42461 0.15711 0.37559 0.01340 0.44599 0.16503 0.95206 6.855e+12 0.20351
0.260 1317.438 0.35731 0.01269 0.42450 0.15668 0.37565 0.01335 0.44629 0.16472 0.95118 6.849e+12 0.20358
0.265 1316.834 0.35703 0.01263 0.42440 0.15624 0.37570 0.01329 0.44659 0.16442 0.95030 6.842e+12 0.20365
0.270 1316.231 0.35675 0.01257 0.42429 0.15581 0.37576 0.01324 0.44689 0.16411 0.94943 6.836e+12 0.20373
0.275 1315.630 0.35648 0.01251 0.42419 0.15538 0.37581 0.01319 0.44719 0.16381 0.94855 6.830e+12 0.20380
0.280 1315.028 0.35620 0.01245 0.42408 0.15495 0.37587 0.01313 0.44750 0.16350 0.94768 6.823e+12 0.20387
0.285 1314.428 0.35592 0.01239 0.42398 0.15452 0.37592 0.01308 0.44780 0.16320 0.94681 6.817e+12 0.20394
0.290 1313.829 0.35565 0.01233 0.42387 0.15409 0.37598 0.01303 0.44810 0.16290 0.94594 6.811e+12 0.20402
0.295 1313.230 0.35537 0.01226 0.42377 0.15366 0.37603 0.01298 0.44840 0.16260 0.94507 6.804e+12 0.20409
0.300 1312.633 0.35510 0.01220 0.42366 0.15324 0.37608 0.01293 0.44870 0.16229 0.94420 6.798e+12 0.20416
0.305 1312.036 0.35482 0.01214 0.42356 0.15281 0.37614 0.01287 0.44900 0.16199 0.94334 6.792e+12 0.20423
0.310 1311.439 0.35455 0.01208 0.42345 0.15239 0.37619 0.01282 0.44930 0.16169 0.94248 6.786e+12 0.20430
0.315 1310.844 0.35427 0.01203 0.42335 0.15197 0.37624 0.01277 0.44960 0.16139 0.94161 6.780e+12 0.20438
0.320 1310.250 0.35400 0.01197 0.42324 0.15155 0.37629 0.01272 0.44990 0.16109 0.94075 6.773e+12 0.20445
0.325 1309.656 0.35372 0.01191 0.42314 0.15113 0.37634 0.01267 0.45020 0.16079 0.93990 6.767e+12 0.20452
0.330 1309.063 0.35345 0.01185 0.42303 0.15071 0.37640 0.01262 0.45049 0.16049 0.93904 6.761e+12 0.20460
0.335 1308.471 0.35318 0.01179 0.42293 0.15029 0.37645 0.01257 0.45079 0.16019 0.93819 6.755e+12 0.20467
0.340 1307.880 0.35290 0.01173 0.42282 0.14987 0.37650 0.01252 0.45109 0.15989 0.93733 6.749e+12 0.20474
0.345 1307.289 0.35263 0.01168 0.42272 0.14946 0.37655 0.01247 0.45139 0.15960 0.93648 6.743e+12 0.20481
0.350 1306.700 0.35236 0.01162 0.42261 0.14904 0.37660 0.01242 0.45169 0.15930 0.93563 6.737e+12 0.20489
0.355 1306.111 0.35208 0.01156 0.42251 0.14863 0.37665 0.01237 0.45199 0.15900 0.93479 6.730e+12 0.20496
0.360 1305.523 0.35181 0.01150 0.42241 0.14822 0.37670 0.01232 0.45228 0.15870 0.93394 6.724e+12 0.20503
0.365 1304.935 0.35154 0.01145 0.42230 0.14781 0.37674 0.01227 0.45258 0.15841 0.93310 6.718e+12 0.20510
0.370 1304.349 0.35127 0.01139 0.42220 0.14740 0.37679 0.01222 0.45288 0.15811 0.93225 6.712e+12 0.20518
0.375 1303.763 0.35099 0.01134 0.42209 0.14699 0.37684 0.01217 0.45317 0.15782 0.93141 6.706e+12 0.20525
0.380 1303.178 0.35072 0.01128 0.42199 0.14658 0.37689 0.01212 0.45347 0.15752 0.93057 6.700e+12 0.20532
0.385 1302.594 0.35045 0.01122 0.42188 0.14618 0.37694 0.01207 0.45377 0.15723 0.92973 6.694e+12 0.20540
0.390 1302.011 0.35018 0.01117 0.42178 0.14577 0.37698 0.01202 0.45406 0.15693 0.92890 6.688e+12 0.20547
0.395 1301.428 0.34991 0.01111 0.42167 0.14537 0.37703 0.01198 0.45436 0.15664 0.92806 6.682e+12 0.20554
0.400 1300.846 0.34964 0.01106 0.42157 0.14497 0.37708 0.01193 0.45465 0.15634 0.92723 6.676e+12 0.20562
0.405 1300.265 0.34937 0.01101 0.42147 0.14456 0.37712 0.01188 0.45495 0.15605 0.92640 6.670e+12 0.20569
0.410 1299.685 0.34909 0.01095 0.42136 0.14416 0.37717 0.01183 0.45524 0.15576 0.92557 6.664e+12 0.20576
0.415 1299.106 0.34882 0.01090 0.42126 0.14376 0.37721 0.01178 0.45554 0.15546 0.92474 6.658e+12 0.20584
0.420 1298.527 0.34855 0.01084 0.42115 0.14337 0.37726 0.01174 0.45583 0.15517 0.92392 6.652e+12 0.20591
0.425 1297.949 0.34828 0.01079 0.42105 0.14297 0.37730 0.01169 0.45613 0.15488 0.92309 6.646e+12 0.20598
0.430 1297.372 0.34801 0.01074 0.42094 0.14257 0.37735 0.01164 0.45642 0.15459 0.92227 6.640e+12 0.20606
0.435 1296.796 0.34774 0.01068 0.42084 0.14218 0.37739 0.01160 0.45672 0.15430 0.92145 6.634e+12 0.20613
0.440 1296.220 0.34748 0.01063 0.42074 0.14178 0.37743 0.01155 0.45701 0.15401 0.92063 6.629e+12 0.20620
0.445 1295.645 0.34721 0.01058 0.42063 0.14139 0.37748 0.01150 0.45730 0.15372 0.91981 6.623e+12 0.20628
0.450 1295.071 0.34694 0.01053 0.42053 0.14100 0.37752 0.01146 0.45760 0.15343 0.91899 6.617e+12 0.20635
0.455 1294.498 0.34667 0.01048 0.42042 0.14061 0.37756 0.01141 0.45789 0.15314 0.91818 6.611e+12 0.20642
0.460 1293.926 0.34640 0.01042 0.42032 0.14022 0.37760 0.01136 0.45818 0.15285 0.91736 6.605e+12 0.20650
0.465 1293.354 0.34613 0.01037 0.42022 0.13983 0.37765 0.01132 0.45848 0.15256 0.91655 6.599e+12 0.20657
0.470 1292.783 0.34586 0.01032 0.42011 0.13944 0.37769 0.01127 0.45877 0.15227 0.91574 6.593e+12 0.20664
0.475 1292.213 0.34560 0.01027 0.42001 0.13906 0.37773 0.01123 0.45906 0.15198 0.91493 6.587e+12 0.20672
0.480 1291.643 0.34533 0.01022 0.41990 0.13867 0.37777 0.01118 0.45935 0.15170 0.91412 6.582e+12 0.20679
0.485 1291.074 0.34506 0.01017 0.41980 0.13829 0.37781 0.01114 0.45964 0.15141 0.91332 6.576e+12 0.20686
0.490 1290.507 0.34479 0.01012 0.41970 0.13790 0.37785 0.01109 0.45993 0.15112 0.91251 6.570e+12 0.20694
0.495 1289.939 0.34453 0.01007 0.41959 0.13752 0.37789 0.01105 0.46023 0.15084 0.91171 6.564e+12 0.20701
0.500 1289.373 0.34426 0.01002 0.41949 0.13714 0.37793 0.01100 0.46052 0.15055 0.91091 6.559e+12 0.20708
0.505 1288.807 0.34399 0.00997 0.41938 0.13676 0.37797 0.01096 0.46081 0.15027 0.91011 6.553e+12 0.20716
0.510 1288.242 0.34373 0.00992 0.41928 0.13638 0.37801 0.01091 0.46110 0.14998 0.90931 6.547e+12 0.20723
0.515 1287.678 0.34346 0.00988 0.41918 0.13600 0.37805 0.01087 0.46139 0.14970 0.90851 6.541e+12 0.20731
0.520 1287.115 0.34319 0.00983 0.41907 0.13563 0.37808 0.01083 0.46168 0.14941 0.90772 6.536e+12 0.20738
0.525 1286.552 0.34293 0.00978 0.41897 0.13525 0.37812 0.01078 0.46197 0.14913 0.90692 6.530e+12 0.20745
0.530 1285.990 0.34266 0.00973 0.41887 0.13487 0.37816 0.01074 0.46226 0.14885 0.90613 6.524e+12 0.20753
0.535 1285.429 0.34240 0.00968 0.41876 0.13450 0.37820 0.01069 0.46255 0.14856 0.90534 6.518e+12 0.20760
0.540 1284.869 0.34213 0.00963 0.41866 0.13413 0.37823 0.01065 0.46283 0.14828 0.90455 6.513e+12 0.20768
0.545 1284.309 0.34187 0.00959 0.41855 0.13376 0.37827 0.01061 0.46312 0.14800 0.90376 6.507e+12 0.20775
0.550 1283.750 0.34160 0.00954 0.41845 0.13339 0.37830 0.01057 0.46341 0.14772 0.90298 6.501e+12 0.20782
0.555 1283.192 0.34134 0.00949 0.41835 0.13302 0.37834 0.01052 0.46370 0.14744 0.90219 6.496e+12 0.20790
0.560 1282.634 0.34107 0.00945 0.41824 0.13265 0.37838 0.01048 0.46399 0.14716 0.90141 6.490e+12 0.20797
0.565 1282.077 0.34081 0.00940 0.41814 0.13228 0.37841 0.01044 0.46428 0.14688 0.90063 6.485e+12 0.20805
0.570 1281.521 0.34054 0.00935 0.41804 0.13191 0.37845 0.01040 0.46456 0.14660 0.89985 6.479e+12 0.20812
0.575 1280.966 0.34028 0.00931 0.41793 0.13155 0.37848 0.01035 0.46485 0.14632 0.89907 6.473e+12 0.20819
0.580 1280.411 0.34002 0.00926 0.41783 0.13118 0.37851 0.01031 0.46514 0.14604 0.89829 6.468e+12 0.20827
0.585 1279.858 0.33975 0.00922 0.41773 0.13082 0.37855 0.01027 0.46543 0.14576 0.89752 6.462e+12 0.20834
0.590 1279.305 0.33949 0.00917 0.41762 0.13046 0.37858 0.01023 0.46571 0.14548 0.89674 6.457e+12 0.20842
0.595 1278.752 0.33923 0.00913 0.41752 0.13010 0.37861 0.01019 0.46600 0.14520 0.89597 6.451e+12 0.20849
0.600 1278.200 0.33896 0.00908 0.41742 0.12974 0.37865 0.01015 0.46628 0.14492 0.89520 6.445e+12 0.20857
0.605 1277.650 0.33870 0.00904 0.41731 0.12938 0.37868 0.01010 0.46657 0.14465 0.89443 6.440e+12 0.20864
0.610 1277.099 0.33844 0.00899 0.41721 0.12902 0.37871 0.01006 0.46686 0.14437 0.89366 6.434e+12 0.20871
0.615 1276.550 0.33818 0.00895 0.41711 0.12866 0.37874 0.01002 0.46714 0.14409 0.89289 6.429e+12 0.20879
0.620 1276.001 0.33791 0.00890 0.41700 0.12830 0.37877 0.00998 0.46743 0.14382 0.89213 6.423e+12 0.20886
0.625 1275.453 0.33765 0.00886 0.41690 0.12795 0.37881 0.00994 0.46771 0.14354 0.89136 6.418e+12 0.20894
0.630 1274.906 0.33739 0.00882 0.41680 0.12759 0.37884 0.00990 0.46800 0.14327 0.89060 6.412e+12 0.20901
0.635 1274.359 0.33713 0.00877 0.41669 0.12724 0.37887 0.00986 0.46828 0.14299 0.88984 6.407e+12 0.20909
0.640 1273.813 0.33687 0.00873 0.41659 0.12689 0.37890 0.00982 0.46857 0.14272 0.88908 6.401e+12 0.20916
0.645 1273.268 0.33661 0.00869 0.41649 0.12654 0.37893 0.00978 0.46885 0.14244 0.88832 6.396e+12 0.20924
0.650 1272.723 0.33635 0.00865 0.41638 0.12618 0.37896 0.00974 0.46913 0.14217 0.88756 6.390e+12 0.20931
0.655 1272.180 0.33609 0.00860 0.41628 0.12584 0.37899 0.00970 0.46942 0.14190 0.88681 6.385e+12 0.20939
0.660 1271.637 0.33583 0.00856 0.41618 0.12549 0.37901 0.00966 0.46970 0.14162 0.88605 6.380e+12 0.20946
0.665 1271.094 0.33557 0.00852 0.41608 0.12514 0.37904 0.00962 0.46998 0.14135 0.88530 6.374e+12 0.20953
0.670 1270.553 0.33531 0.00848 0.41597 0.12479 0.37907 0.00958 0.47027 0.14108 0.88455 6.369e+12 0.20961
0.675 1270.012 0.33505 0.00844 0.41587 0.12445 0.37910 0.00954 0.47055 0.14081 0.88380 6.363e+12 0.20968
0.680 1269.471 0.33479 0.00839 0.41577 0.12410 0.37913 0.00951 0.47083 0.14054 0.88305 6.358e+12 0.20976
0.685 1268.932 0.33453 0.00835 0.41566 0.12376 0.37915 0.00947 0.47111 0.14027 0.88230 6.353e+12 0.20983
0.690 1268.393 0.33427 0.00831 0.41556 0.12341 0.37918 0.00943 0.47140 0.14000 0.88156 6.347e+12 0.20991
0.695 1267.855 0.33401 0.00827 0.41546 0.12307 0.37921 0.00939 0.47168 0.13973 0.88081 6.342e+12 0.20998
0.700 1267.317 0.33375 0.00823 0.41536 0.12273 0.37923 0.00935 0.47196 0.13946 0.88007 6.336e+12 0.21006
0.705 1266.781 0.33349 0.00819 0.41525 0.12239 0.37926 0.00931 0.47224 0.13919 0.87933 6.331e+12 0.21013
0.710 1266.244 0.33323 0.00815 0.41515 0.12205 0.37928 0.00928 0.47252 0.13892 0.87859 6.326e+12 0.21021
0.715 1265.709 0.33298 0.00811 0.41505 0.12171 0.37931 0.00924 0.47280 0.13865 0.87785 6.320e+12 0.21028
0.720 1265.174 0.33272 0.00807 0.41494 0.12138 0.37933 0.00920 0.47308 0.13838 0.87711 6.315e+12 0.21036
0.725 1264.640 0.33246 0.00803 0.41484 0.12104 0.37936 0.00916 0.47336 0.13812 0.87637 6.310e+12 0.21043
0.730 1264.107 0.33220 0.00799 0.41474 0.12070 0.37938 0.00913 0.47364 0.13785 0.87564 6.305e+12 0.21051
0.735 1263.575 0.33194 0.00795 0.41464 0.12037 0.37941 0.00909 0.47392 0.13758 0.87490 6.299e+12 0.21058
0.740 1263.043 0.33169 0.00791 0.41453 0.12004 0.37943 0.00905 0.47420 0.13731 0.87417 6.294e+12 0.21066
0.745 1262.511 0.33143 0.00787 0.41443 0.11970 0.37945 0.00901 0.47448 0.13705 0.87344 6.289e+12 0.21073
0.750 1261.981 0.33117 0.00783 0.41433 0.11937 0.37948 0.00898 0.47476 0.13678 0.87271 6.284e+12 0.21081
0.755 1261.451 0.33092 0.00780 0.41423 0.11904 0.37950 0.00894 0.47504 0.13652 0.87198 6.278e+12 0.21088
0.760 1260.922 0.33066 0.00776 0.41412 0.11871 0.37952 0.00890 0.47532 0.13625 0.87125 6.273e+12 0.21096
0.765 1260.393 0.33040 0.00772 0.41402 0.11838 0.37955 0.00887 0.47560 0.13599 0.87053 6.268e+12 0.21103
0.770 1259.865 0.33015 0.00768 0.41392 0.11805 0.37957 0.00883 0.47588 0.13573 0.86980 6.263e+12 0.21111
0.775 1259.338 0.32989 0.00764 0.41382 0.11773 0.37959 0.00880 0.47615 0.13546 0.86908 6.257e+12 0.21118
0.780 1258.812 0.32964 0.00761 0.41371 0.11740 0.37961 0.00876 0.47643 0.13520 0.86836 6.252e+12 0.21126
0.785 1258.286 0.32938 0.00757 0.41361 0.11708 0.37963 0.00872 0.47671 0.13494 0.86764 6.247e+12 0.21133
0.790 1257.761 0.32913 0.00753 0.41351 0.11675 0.37965 0.00869 0.47699 0.13467 0.86692 6.242e+12 0.21141
0.795 1257.236 0.32887 0.00749 0.41341 0.11643 0.37967 0.00865 0.47726 0.13441 0.86620 6.237e+12 0.21149
0.800 1256.713 0.32862 0.00746 0.41330 0.11611 0.37969 0.00862 0.47754 0.13415 0.86549 6.231e+12 0.21156
0.805 1256.189 0.32836 0.00742 0.41320 0.11578 0.37971 0.00858 0.47782 0.13389 0.86477 6.226e+12 0.21164
0.810 1255.667 0.32811 0.00738 0.41310 0.11546 0.37973 0.00855 0.47809 0.13363 0.86406 6.221e+12 0.21171
0.815 1255.145 0.32785 0.00735 0.41300 0.11514 0.37975 0.00851 0.47837 0.13337 0.86334 6.216e+12 0.21179
0.820 1254.624 0.32760 0.00731 0.41290 0.11482 0.37977 0.00848 0.47865 0.13311 0.86263 6.211e+12 0.21186
0.825 1254.104 0.32735 0.00728 0.41279 0.11451 0.37979 0.00844 0.47892 0.13285 0.86192 6.206e+12 0.21194
0.830 1253.584 0.32709 0.00724 0.41269 0.11419 0.37980 0.00841 0.47920 0.13259 0.86121 6.201e+12 0.21201
0.835 1253.065 0.32684 0.00721 0.41259 0.11387 0.37982 0.00837 0.47947 0.13233 0.86051 6.196e+12 0.21209
0.840 1252.546 0.32659 0.00717 0.41249 0.11356 0.37984 0.00834 0.47975 0.13207 0.85980 6.191e+12 0.21216
0.845 1252.028 0.32633 0.00713 0.41239 0.11324 0.37986 0.00830 0.48002 0.13181 0.85909 6.185e+12 0.21224
0.850 1251.511 0.32608 0.00710 0.41228 0.11293 0.37987 0.00827 0.48030 0.13156 0.85839 6.180e+12 0.21232
0.855 1250.995 0.32583 0.00706 0.41218 0.11261 0.37989 0.00824 0.48057 0.13130 0.85769 6.175e+12 0.21239
0.860 1250.479 0.32558 0.00703 0.41208 0.11230 0.37991 0.00820 0.48085 0.13104 0.85699 6.170e+12 0.21247
0.865 1249.964 0.32532 0.00700 0.41198 0.11199 0.37992 0.00817 0.48112 0.13079 0.85629 6.165e+12 0.21254
0.870 1249.449 0.32507 0.00696 0.41188 0.11168 0.37994 0.00814 0.48139 0.13053 0.85559 6.160e+12 0.21262
0.875 1248.935 0.32482 0.00693 0.41177 0.11137 0.37995 0.00810 0.48167 0.13028 0.85489 6.155e+12 0.21269
0.880 1248.422 0.32457 0.00689 0.41167 0.11106 0.37997 0.00807 0.48194 0.13002 0.85419 6.150e+12 0.21277
0.885 1247.909 0.32432 0.00686 0.41157 0.11076 0.37998 0.00804 0.48221 0.12977 0.85350 6.145e+12 0.21284
0.890 1247.398 0.32406 0.00683 0.41147 0.11045 0.38000 0.00800 0.48249 0.12951 0.85281 6.140e+12 0.21292
0.895 1246.886 0.32381 0.00679 0.41137 0.11014 0.38001 0.00797 0.48276 0.12926 0.85211 6.135e+12 0.21300
0.900 1246.376 0.32356 0.00676 0.41126 0.10984 0.38003 0.00794 0.48303 0.12900 0.85142 6.130e+12 0.21307
0.905 1245.866 0.32331 0.00673 0.41116 0.10953 0.38004 0.00791 0.48330 0.12875 0.85073 6.125e+12 0.21315
0.910 1245.356 0.32306 0.00669 0.41106 0.10923 0.38005 0.00787 0.48358 0.12850 0.85004 6.120e+12 0.21322
0.915 1244.848 0.32281 0.00666 0.41096 0.10893 0.38007 0.00784 0.48385 0.12825 0.84936 6.115e+12 0.21330
0.920 1244.339 0.32256 0.00663 0.41086 0.10862 0.38008 0.00781 0.48412 0.12799 0.84867 6.110e+12 0.21338
0.925 1243.832 0.32231 0.00659 0.41076 0.10832 0.38009 0.00778 0.48439 0.12774 0.84798 6.105e+12 0.21345
0.930 1243.325 0.32206 0.00656 0.41065 0.10802 0.38010 0.00774 0.48466 0.12749 0.84730 6.101e+12 0.21353
0.935 1242.819 0.32181 0.00653 0.41055 0.10772 0.38012 0.00771 0.48493 0.12724 0.84662 6.096e+12 0.21360
0.940 1242.314 0.32156 0.00650 0.41045 0.10743 0.38013 0.00768 0.48520 0.12699 0.84594 6.091e+12 0.21368
0.945 1241.809 0.32131 0.00647 0.41035 0.10713 0.38014 0.00765 0.48547 0.12674 0.84526 6.086e+12 0.21376
0.950 1241.304 0.32107 0.00643 0.41025 0.10683 0.38015 0.00762 0.48574 0.12649 0.84458 6.081e+12 0.21383
0.955 1240.801 0.32082 0.00640 0.41015 0.10653 0.38016 0.00759 0.48601 0.12624 0.84390 6.076e+12 0.21391
0.960 1240.298 0.32057 0.00637 0.41004 0.10624 0.38017 0.00755 0.48628 0.12599 0.84322 6.071e+12 0.21398
0.965 1239.796 0.32032 0.00634 0.40994 0.10595 0.38018 0.00752 0.48655 0.12574 0.84255 6.066e+12 0.21406
0.970 1239.294 0.32007 0.00631 0.40984 0.10565 0.38019 0.00749 0.48682 0.12550 0.84187 6.061e+12 0.21414
0.975 1238.793 0.31982 0.00628 0.40974 0.10536 0.38020 0.00746 0.48709 0.12525 0.84120 6.057e+12 0.21421
0.980 1238.292 0.31958 0.00625 0.40964 0.10507 0.38021 0.00743 0.48736 0.12500 0.84053 6.052e+12 0.21429
0.985 1237.792 0.31933 0.00622 0.40954 0.10478 0.38022 0.00740 0.48763 0.12475 0.83986 6.047e+12 0.21436
0.990 1237.293 0.31908 0.00619 0.40944 0.10449 0.38023 0.00737 0.48790 0.12451 0.83919 6.042e+12 0.21444
0.995 1236.795 0.31883 0.00615 0.40933 0.10420 0.38023 0.00734 0.48816 0.12426 0.83852 6.037e+12 0.21452
1.000 1236.297 0.31859 0.00612 0.40923 0.10391 0.38024 0.00731 0.48843 0.12402 0.83785 6.033e+12 0.21459
1.005 1235.799 0.31834 0.00609 0.40913 0.10362 0.38025 0.00728 0.48870 0.12377 0.83719 6.028e+12 0.21467
1.010 1235.303 0.31809 0.00606 0.40903 0.10333 0.38026 0.00725 0.48897 0.12353 0.83652 6.023e+12 0.21474
1.015 1234.806 0.31785 0.00603 0.40893 0.10305 0.38026 0.00722 0.48923 0.12328 0.83586 6.018e+12 0.21482
1.020 1234.311 0.31760 0.00600 0.40883 0.10276 0.38027 0.00719 0.48950 0.12304 0.83519 6.013e+12 0.21490
1.025 1233.816 0.31735 0.00598 0.40873 0.10248 0.38028 0.00716 0.48977 0.12279 0.83453 6.009e+12 0.21497
1.030 1233.322 0.31711 0.00595 0.40863 0.10219 0.38028 0.00713 0.49003 0.12255 0.83387 6.004e+12 0.21505
1.035 1232.828 0.31686 0.00592 0.40852 0.10191 0.38029 0.00710 0.49030 0.12231 0.83321 5.999e+12 0.21513
1.040 1232.335 0.31662 0.00589 0.40842 0.10163 0.38030 0.00707 0.49057 0.12206 0.83255 5.994e+12 0.21520
1.045 1231.843 0.31637 0.00586 0.40832 0.10134 0.38030 0.00704 0.49083 0.12182 0.83190 5.990e+12 0.21528
1.050 1231.351 0.31613 0.00583 0.40822 0.10106 0.38031 0.00701 0.49110 0.12158 0.83124 5.985e+12 0.21535
1.055 1230.860 0.31588 0.00580 0.40812 0.10078 0.38031 0.00698 0.49136 0.12134 0.83059 5.980e+12 0.21543
1.060 1230.369 0.31564 0.00577 0.40802 0.10050 0.38032 0.00696 0.49163 0.12110 0.82993 5.976e+12 0.21551
1.065 1229.879 0.31539 0.00574 0.40792 0.10023 0.38032 0.00693 0.49189 0.12086 0.82928 5.971e+12 0.21558
1.070 1229.390 0.31515 0.00572 0.40782 0.09995 0.38032 0.00690 0.49216 0.12062 0.82863 5.966e+12 0.21566
1.075 1228.901 0.31490 0.00569 0.40772 0.09967 0.38033 0.00687 0.49242 0.12038 0.82798 5.961e+12 0.21574
1.080 1228.413 0.31466 0.00566 0.40762 0.09939 0.38033 0.00684 0.49269 0.12014 0.82733 5.957e+12 0.21581
1.085 1227.925 0.31442 0.00563 0.40751 0.09912 0.38034 0.00681 0.49295 0.11990 0.82668 5.952e+12 0.21589
1.090 1227.438 0.31417 0.00560 0.40741 0.09884 0.38034 0.00679 0.49322 0.11966 0.82604 5.947e+12 0.21597
1.095 1226.952 0.31393 0.00558 0.40731 0.09857 0.38034 0.00676 0.49348 0.11942 0.82539 5.943e+12 0.21604
1.100 1226.466 0.31369 0.00555 0.40721 0.09830 0.38034 0.00673 0.49374 0.11918 0.82475 5.938e+12 0.21612
1.105 1225.981 0.31344 0.00552 0.40711 0.09802 0.38035 0.00670 0.49401 0.11895 0.82410 5.934e+12 0.21620
1.110 1225.497 0.31320 0.00550 0.40701 0.09775 0.38035 0.00667 0.49427 0.11871 0.82346 5.929e+12 0.21627
1.115 1225.013 0.31296 0.00547 0.40691 0.09748 0.38035 0.00665 0.49453 0.11847 0.82282 5.924e+12 0.21635
1.120 1224.529 0.31272 0.00544 0.40681 0.09721 0.38035 0.00662 0.49479 0.11824 0.82218 5.920e+12 0.21643
1.125 1224.046 0.31247 0.00541 0.40671 0.09694 0.38035 0.00659 0.49506 0.11800 0.82154 5.915e+12 0.21650
1.130 1223.564 0.31223 0.00539 0.40661 0.09667 0.38035 0.00656 0.49532 0.11777 0.82090 5.910e+12 0.21658
1.135 1223.083 0.31199 0.00536 0.40651 0.09641 0.38035 0.00654 0.49558 0.11753 0.82027 5.906e+12 0.21666
1.140 1222.602 0.31175 0.00534 0.40641 0.09614 0.38035 0.00651 0.49584 0.11730 0.81963 5.901e+12 0.21673
1.145 1222.121 0.31151 0.00531 0.40631 0.09587 0.38035 0.00648 0.49610 0.11706 0.81899 5.897e+12 0.21681
1.150 1221.641 0.31126 0.00528 0.40621 0.09561 0.38035 0.00646 0.49637 0.11683 0.81836 5.892e+12 0.21689
1.155 1221.162 0.31102 0.00526 0.40611 0.09534 0.38035 0.00643 0.49663 0.11659 0.81773 5.888e+12 0.21696
1.160 1220.683 0.31078 0.00523 0.40600 0.09508 0.38035 0.00640 0.49689 0.11636 0.81710 5.883e+12 0.21704
1.165 1220.205 0.31054 0.00521 0.40590 0.09481 0.38035 0.00638 0.49715 0.11613 0.81647 5.879e+12 0.21712
1.170 1219.728 0.31030 0.00518 0.40580 0.09455 0.38035 0.00635 0.49741 0.11590 0.81584 5.874e+12 0.21719
1.175 1219.251 0.31006 0.00515 0.40570 0.09429 0.38035 0.00632 0.49767 0.11566 0.81521 5.870e+12 0.21727
1.180 1218.775 0.30982 0.00513 0.40560 0.09403 0.38034 0.00630 0.49793 0.11543 0.81458 5.865e+12 0.21735
1.185 1218.299 0.30958 0.00510 0.40550 0.09377 0.38034 0.00627 0.49819 0.11520 0.81396 5.860e+12 0.21742
1.190 1217.824 0.30934 0.00508 0.40540 0.09351 0.38034 0.00624 0.49845 0.11497 0.81333 5.856e+12 0.21750
1.195 1217.349 0.30910 0.00505 0.40530 0.09325 0.38034 0.00622 0.49871 0.11474 0.81271 5.851e+12 0.21758
1.200 1216.875 0.30886 0.00503 0.40520 0.09299 0.38033 0.00619 0.49897 0.11451 0.81208 5.847e+12 0.21765
1.205 1216.402 0.30862 0.00500 0.40510 0.09273 0.38033 0.00617 0.49922 0.11428 0.81146 5.843e+12 0.21773
1.210 1215.929 0.30838 0.00498 0.40500 0.09248 0.38033 0.00614 0.49948 0.11405 0.81084 5.838e+12 0.21781
1.215 1215.457 0.30814 0.00496 0.40490 0.09222 0.38032 0.00612 0.49974 0.11382 0.81022 5.834e+12 0.21788
1.220 1214.985 0.30791 0.00493 0.40480 0.09196 0.38032 0.00609 0.50000 0.11359 0.80960 5.829e+12 0.21796
1.225 1214.514 0.30767 0.00491 0.40470 0.09171 0.38031 0.00607 0.50026 0.11336 0.80898 5.825e+12 0.21804
1.230 1214.043 0.30743 0.00488 0.40460 0.09145 0.38031 0.00604 0.50052 0.11314 0.80837 5.820e+12 0.21811
1.235 1213.573 0.30719 0.00486 0.40450 0.09120 0.38030 0.00602 0.50077 0.11291 0.80775 5.816e+12 0.21819
1.240 1213.104 0.30695 0.00484 0.40440 0.09095 0.38030 0.00599 0.50103 0.11268 0.80714 5.811e+12 0.21827
1.245 1212.635 0.30671 0.00481 0.40430 0.09070 0.38029 0.00597 0.50129 0.11245 0.80652 5.807e+12 0.21835
1.250 1212.167 0.30648 0.00479 0.40420 0.09045 0.38029 0.00594 0.50154 0.11223 0.80591 5.803e+12 0.21842
1.255 1211.699 0.30624 0.00476 0.40410 0.09019 0.38028 0.00592 0.50180 0.11200 0.80530 5.798e+12 0.21850
1.260 1211.232 0.30600 0.00474 0.40400 0.08994 0.38027 0.00589 0.50206 0.11178 0.80469 5.794e+12 0.21858
1.265 1210.765 0.30577 0.00472 0.40390 0.08970 0.38027 0.00587 0.50231 0.11155 0.80408 5.789e+12 0.21865
1.270 1210.299 0.30553 0.00469 0.40380 0.08945 0.38026 0.00584 0.50257 0.11133 0.80347 5.785e+12 0.21873
1.275 1209.834 0.30529 0.00467 0.40370 0.08920 0.38025 0.00582 0.50283 0.11110 0.80286 5.781e+12 0.21881
1.280 1209.369 0.30506 0.00465 0.40360 0.08895 0.38025 0.00579 0.50308 0.11088 0.80226 5.776e+12 0.21888
1.285 1208.905 0.30482 0.00463 0.40350 0.08871 0.38024 0.00577 0.50334 0.11065 0.80165 5.772e+12 0.21896
1.290 1208.441 0.30458 0.00460 0.40340 0.08846 0.38023 0.00575 0.50359 0.11043 0.80105 5.768e+12 0.21904
1.295 1207.978 0.30435 0.00458 0.40330 0.08821 0.38022 0.00572 0.50385 0.11021 0.80044 5.763e+12 0.21912
1.300 1207.515 0.30411 0.00456 0.40320 0.08797 0.38022 0.00570 0.50410 0.10998 0.79984 5.759e+12 0.21919
1.305 1207.053 0.30388 0.00454 0.40310 0.08773 0.38021 0.00567 0.50436 0.10976 0.79924 5.755e+12 0.21927
1.310 1206.592 0.30364 0.00451 0.40300 0.08748 0.38020 0.00565 0.50461 0.10954 0.79864 5.750e+12 0.21935
1.315 1206.131 0.30341 0.00449 0.40290 0.08724 0.38019 0.00563 0.50487 0.10932 0.79804 5.746e+12 0.21942
1.320 1205.670 0.30317 0.00447 0.40280 0.08700 0.38018 0.00560 0.50512 0.10910 0.79744 5.742e+12 0.21950
1.325 1205.210 0.30294 0.00445 0.40270 0.08676 0.38017 0.00558 0.50537 0.10888 0.79684 5.737e+12 0.21958
1.330 1204.751 0.30270 0.00442 0.40260 0.08652 0.38016 0.00556 0.50563 0.10866 0.79625 5.733e+12 0.21966
1.335 1204.292 0.30247 0.00440 0.40250 0.08628 0.38015 0.00553 0.50588 0.10844 0.79565 5.729e+12 0.21973
1.340 1203.834 0.30223 0.00438 0.40240 0.08604 0.38014 0.00551 0.50613 0.10822 0.79506 5.724e+12 0.21981
1.345 1203.376 0.30200 0.00436 0.40230 0.08580 0.38013 0.00549 0.50639 0.10800 0.79446 5.720e+12 0.21989
1.350 1202.919 0.30176 0.00434 0.40220 0.08556 0.38012 0.00547 0.50664 0.10778 0.79387 5.716e+12 0.21996
1.355 1202.462 0.30153 0.00432 0.40210 0.08533 0.38011 0.00544 0.50689 0.10756 0.79328 5.712e+12 0.22004
1.360 1202.006 0.30130 0.00430 0.40201 0.08509 0.38010 0.00542 0.50714 0.10734 0.79269 5.707e+12 0.22012
1.365 1201.551 0.30106 0.00427 0.40191 0.08485 0.38008 0.00540 0.50739 0.10712 0.79210 5.703e+12 0.22020
1.370 1201.096 0.30083 0.00425 0.40181 0.08462 0.38007 0.00537 0.50765 0.10691 0.79151 5.699e+12 0.22027
1.375 1200.642 0.30060 0.00423 0.40171 0.08438 0.38006 0.00535 0.50790 0.10669 0.79092 5.695e+12 0.22035
1.380 1200.188 0.30036 0.00421 0.40161 0.08415 0.38005 0.00533 0.50815 0.10647 0.79033 5.690e+12 0.22043
1.385 1199.734 0.30013 0.00419 0.40151 0.08392 0.38003 0.00531 0.50840 0.10626 0.78975 5.686e+12 0.22051
1.390 1199.282 0.29990 0.00417 0.40141 0.08368 0.38002 0.00529 0.50865 0.10604 0.78916 5.682e+12 0.22058
1.395 1198.829 0.29967 0.00415 0.40131 0.08345 0.38001 0.00526 0.50890 0.10583 0.78858 5.678e+12 0.22066
1.400 1198.378 0.29943 0.00413 0.40121 0.08322 0.37999 0.00524 0.50915 0.10561 0.78799 5.674e+12 0.22074
1.405 1197.926 0.29920 0.00411 0.40111 0.08299 0.37998 0.00522 0.50940 0.10540 0.78741 5.669e+12 0.22081
1.410 1197.476 0.29897 0.00409 0.40101 0.08276 0.37997 0.00520 0.50965 0.10518 0.78683 5.665e+12 0.22089
1.415 1197.026 0.29874 0.00407 0.40091 0.08253 0.37995 0.00518 0.50990 0.10497 0.78625 5.661e+12 0.22097
1.420 1196.576 0.29851 0.00405 0.40081 0.08230 0.37994 0.00515 0.51015 0.10475 0.78567 5.657e+12 0.22105
1.425 1196.127 0.29828 0.00403 0.40071 0.08207 0.37992 0.00513 0.51040 0.10454 0.78509 5.653e+12 0.22112
1.430 1195.679 0.29804 0.00401 0.40061 0.08185 0.37991 0.00511 0.51065 0.10433 0.78452 5.649e+12 0.22120
1.435 1195.231 0.29781 0.00399 0.40052 0.08162 0.37989 0.00509 0.51090 0.10411 0.78394 5.644e+12 0.22128
1.440 1194.783 0.29758 0.00397 0.40042 0.08139 0.37988 0.00507 0.51115 0.10390 0.78336 5.640e+12 0.22136
1.445 1194.336 0.29735 0.00395 0.40032 0.08117 0.37986 0.00505 0.51140 0.10369 0.78279 5.636e+12 0.22143
1.450 1193.890 0.29712 0.00393 0.40022 0.08094 0.37985 0.00503 0.51165 0.10348 0.78222 5.632e+12 0.22151
1.455 1193.444 0.29689 0.00391 0.40012 0.08072 0.37983 0.00501 0.51190 0.10327 0.78164 5.628e+12 0.22159
1.460 1192.999 0.29666 0.00389 0.40002 0.08050 0.37981 0.00498 0.51214 0.10306 0.78107 5.624e+12 0.22167
1.465 1192.554 0.29643 0.00387 0.39992 0.08027 0.37980 0.00496 0.51239 0.10285 0.78050 5.620e+12 0.22174
1.470 1192.110 0.29620 0.00385 0.39982 0.08005 0.37978 0.00494 0.51264 0.10264 0.77993 5.615e+12 0.22182
1.475 1191.666 0.29597 0.00384 0.39972 0.07983 0.37976 0.00492 0.51289 0.10243 0.77936 5.611e+12 0.22190
1.480 1191.223 0.29574 0.00382 0.39962 0.07961 0.37975 0.00490 0.51313 0.10222 0.77879 5.607e+12 0.22198
1.485 1190.780 0.29551 0.00380 0.39953 0.07939 0.37973 0.00488 0.51338 0.10201 0.77822 5.603e+12 0.22205
1.490 1190.338 0.29529 0.00378 0.39943 0.07917 0.37971 0.00486 0.51363 0.10180 0.77766 5.599e+12 0.22213
1.495 1189.896 0.29506 0.00376 0.39933 0.07895 0.37969 0.00484 0.51387 0.10159 0.77709 5.595e+12 0.22221
1.500 1189.455 0.29483 0.00374 0.39923 0.07873 0.37968 0.00482 0.51412 0.10138 0.77653 5.591e+12 0.22229
1.505 1189.014 0.29460 0.00372 0.39913 0.07851 0.37966 0.00480 0.51437 0.10118 0.77596 5.587e+12 0.22236
1.510 1188.574 0.29437 0.00371 0.39903 0.07829 0.37964 0.00478 0.51461 0.10097 0.77540 5.583e+12 0.22244
1.515 1188.135 0.29414 0.00369 0.39893 0.07808 0.37962 0.00476 0.51486 0.10076 0.77484 5.579e+12 0.22252
1.520 1187.696 0.29392 0.00367 0.39883 0.07786 0.37960 0.00474 0.51510 0.10056 0.77428 5.575e+12 0.22260
1.525 1187.257 0.29369 0.00365 0.39874 0.07764 0.37958 0.00472 0.51535 0.10035 0.77372 5.571e+12 0.22267
1.530 1186.819 0.29346 0.00363 0.39864 0.07743 0.37956 0.00470 0.51559 0.10014 0.77316 5.567e+12 0.22275
1.535 1186.381 0.29323 0.00362 0.39854 0.07721 0.37954 0.00468 0.51584 0.09994 0.77260 5.563e+12 0.22283
1.540 1185.944 0.29301 0.00360 0.39844 0.07700 0.37952 0.00466 0.51608 0.09973 0.77204 5.559e+12 0.22291
1.545 1185.508 0.29278 0.00358 0.39834 0.07679 0.37950 0.00464 0.51633 0.09953 0.77149 5.555e+12 0.22298
1.550 1185.072 0.29255 0.00356 0.39824 0.07657 0.37948 0.00462 0.51657 0.09933 0.77093 5.551e+12 0.22306
1.555 1184.636 0.29233 0.00355 0.39814 0.07636 0.37946 0.00460 0.51682 0.09912 0.77038 5.547e+12 0.22314
1.560 1184.201 0.29210 0.00353 0.39805 0.07615 0.37944 0.00458 0.51706 0.09892 0.76982 5.543e+12 0.22322
1.565 1183.767 0.29187 0.00351 0.39795 0.07594 0.37942 0.00456 0.51731 0.09872 0.76927 5.539e+12 0.22329
1.570 1183.333 0.29165 0.00349 0.39785 0.07573 0.37939 0.00454 0.51755 0.09851 0.76872 5.535e+12 0.22337
1.575 1182.899 0.29142 0.00348 0.39775 0.07552 0.37937 0.00453 0.51779 0.09831 0.76816 5.531e+12 0.22345
1.580 1182.466 0.29120 0.00346 0.39765 0.07531 0.37935 0.00451 0.51804 0.09811 0.76761 5.527e+12 0.22353
1.585 1182.034 0.29097 0.00344 0.39755 0.07510 0.37933 0.00449 0.51828 0.09791 0.76706 5.523e+12 0.22360
1.590 1181.602 0.29074 0.00343 0.39745 0.07489 0.37931 0.00447 0.51852 0.09770 0.76652 5.519e+12 0.22368
1.595 1181.171 0.29052 0.00341 0.39736 0.07468 0.37928 0.00445 0.51876 0.09750 0.76597 5.515e+12 0.22376
1.600 1180.740 0.29029 0.00339 0.39726 0.07448 0.37926 0.00443 0.51901 0.09730 0.76542 5.511e+12 0.22384
1.605 1180.309 0.29007 0.00337 0.39716 0.07427 0.37924 0.00441 0.51925 0.09710 0.76487 5.507e+12 0.22391
1.610 1179.879 0.28984 0.00336 0.39706 0.07407 0.37921 0.00439 0.51949 0.09690 0.76433 5.503e+12 0.22399
1.615 1179.450 0.28962 0.00334 0.39696 0.07386 0.37919 0.00438 0.51973 0.09670 0.76378 5.499e+12 0.22407
1.620 1179.021 0.28940 0.00333 0.39686 0.07366 0.37917 0.00436 0.51997 0.09650 0.76324 5.495e+12 0.22415
1.625 1178.592 0.28917 0.00331 0.39677 0.07345 0.37914 0.00434 0.52021 0.09630 0.76270 5.491e+12 0.22423
1.630 1178.164 0.28895 0.00329 0.39667 0.07325 0.37912 0.00432 0.52046 0.09611 0.76216 5.488e+12 0.22430
1.635 1177.737 0.28872 0.00328 0.39657 0.07304 0.37909 0.00430 0.52070 0.09591 0.76161 5.484e+12 0.22438
1.640 1177.310 0.28850 0.00326 0.39647 0.07284 0.37907 0.00428 0.52094 0.09571 0.76107 5.480e+12 0.22446
1.645 1176.883 0.28828 0.00324 0.39637 0.07264 0.37904 0.00427 0.52118 0.09551 0.76053 5.476e+12 0.22454
1.650 1176.457 0.28805 0.00323 0.39628 0.07244 0.37902 0.00425 0.52142 0.09532 0.76000 5.472e+12 0.22461
1.655 1176.032 0.28783 0.00321 0.39618 0.07224 0.37899 0.00423 0.52166 0.09512 0.75946 5.468e+12 0.22469
1.660 1175.607 0.28761 0.00320 0.39608 0.07204 0.37897 0.00421 0.52190 0.09492 0.75892 5.464e+12 0.22477
1.665 1175.182 0.28738 0.00318 0.39598 0.07184 0.37894 0.00419 0.52214 0.09473 0.75839 5.460e+12 0.22485
1.670 1174.758 0.28716 0.00317 0.39588 0.07164 0.37892 0.00418 0.52238 0.09453 0.75785 5.457e+12 0.22492
1.675 1174.335 0.28694 0.00315 0.39579 0.07144 0.37889 0.00416 0.52262 0.09433 0.75732 5.453e+12 0.22500
1.680 1173.912 0.28672 0.00313 0.39569 0.07124 0.37886 0.00414 0.52286 0.09414 0.75678 5.449e+12 0.22508
1.685 1173.489 0.28649 0.00312 0.39559 0.07105 0.37884 0.00412 0.52309 0.09394 0.75625 5.445e+12 0.22516
1.690 1173.067 0.28627 0.00310 0.39549 0.07085 0.37881 0.00411 0.52333 0.09375 0.75572 5.441e+12 0.22524
1.695 1172.645 0.28605 0.00309 0.39539 0.07065 0.37878 0.00409 0.52357 0.09356 0.75519 5.437e+12 0.22531
1.700 1172.224 0.28583 0.00307 0.39530 0.07046 0.37875 0.00407 0.52381 0.09336 0.75466 5.434e+12 0.22539
1.705 1171.804 0.28561 0.00306 0.39520 0.07026 0.37873 0.00406 0.52405 0.09317 0.75413 5.430e+12 0.22547
1.710 1171.383 0.28539 0.00304 0.39510 0.07007 0.37870 0.00404 0.52429 0.09298 0.75360 5.426e+12 0.22555
1.715 1170.964 0.28517 0.00303 0.39500 0.06987 0.37867 0.00402 0.52452 0.09278 0.75307 5.422e+12 0.22562
1.720 1170.545 0.28494 0.00301 0.39490 0.06968 0.37864 0.00400 0.52476 0.09259 0.75254 5.418e+12 0.22570
1.725 1170.126 0.28472 0.00300 0.39481 0.06949 0.37861 0.00399 0.52500 0.09240 0.75202 5.415e+12 0.22578
1.730 1169.708 0.28450 0.00298 0.39471 0.06929 0.37859 0.00397 0.52524 0.09221 0.75149 5.411e+12 0.22586
1.735 1169.290 0.28428 0.00297 0.39461 0.06910 0.37856 0.00395 0.52547 0.09202 0.75096 5.407e+12 0.22594
1.740 1168.873 0.28406 0.00295 0.39451 0.06891 0.37853 0.00394 0.52571 0.09183 0.75044 5.403e+12 0.22601
1.745 1168.456 0.28384 0.00294 0.39442 0.06872 0.37850 0.00392 0.52595 0.09164 0.74992 5.399e+12 0.22609
1.750 1168.040 0.28362 0.00293 0.39432 0.06853 0.37847 0.00390 0.52618 0.09144 0.74940 5.396e+12 0.22617
1.755 1167.624 0.28340 0.00291 0.39422 0.06834 0.37844 0.00389 0.52642 0.09125 0.74887 5.392e+12 0.22625
1.760 1167.208 0.28318 0.00290 0.39412 0.06815 0.37841 0.00387 0.52665 0.09107 0.74835 5.388e+12 0.22632
1.765 1166.793 0.28296 0.00288 0.39403 0.06796 0.37838 0.00385 0.52689 0.09088 0.74783 5.384e+12 0.22640
1.770 1166.379 0.28274 0.00287 0.39393 0.06777 0.37835 0.00384 0.52713 0.09069 0.74731 5.381e+12 0.22648
1.775 1165.965 0.28253 0.00285 0.39383 0.06758 0.37832 0.00382 0.52736 0.09050 0.74680 5.377e+12 0.22656
1.780 1165.551 0.28231 0.00284 0.39373 0.06740 0.37829 0.00381 0.52760 0.09031 0.74628 5.373e+12 0.22664
1.785 1165.138 0.28209 0.00283 0.39364 0.06721 0.37826 0.00379 0.52783 0.09012 0.74576 5.369e+12 0.22671
1.790 1164.726 0.28187 0.00281 0.39354 0.06702 0.37822 0.00377 0.52807 0.08994 0.74524 5.366e+12 0.22679
1.795 1164.314 0.28165 0.00280 0.39344 0.06684 0.37819 0.00376 0.52830 0.08975 0.74473 5.362e+12 0.22687
1.800 1163.902 0.28143 0.00279 0.39334 0.06665 0.37816 0.00374 0.52854 0.08956 0.74421 5.358e+12 0.22695
1.805 1163.491 0.28121 0.00277 0.39325 0.06647 0.37813 0.00373 0.52877 0.08937 0.74370 5.355e+12 0.22702
1.810 1163.080 0.28100 0.00276 0.39315 0.06628 0.37810 0.00371 0.52900 0.08919 0.74319 5.351e+12 0.22710
1.815 1162.670 0.28078 0.00274 0.39305 0.06610 0.37806 0.00370 0.52924 0.08900 0.74268 5.347e+12 0.22718
1.820 1162.260 0.28056 0.00273 0.39296 0.06592 0.37803 0.00368 0.52947 0.08882 0.74216 5.344e+12 0.22726
1.825 1161.851 0.28034 0.00272 0.39286 0.06573 0.37800 0.00366 0.52971 0.08863 0.74165 5.340e+12 0.22734
1.830 1161.442 0.28013 0.00270 0.39276 0.06555 0.37797 0.00365 0.52994 0.08845 0.74114 5.336e+12 0.22741
1.835 1161.034 0.27991 0.00269 0.39266 0.06537 0.37793 0.00363 0.53017 0.08826 0.74063 5.333e+12 0.22749
1.840 1160.626 0.27969 0.00268 0.39257 0.06519 0.37790 0.00362 0.53040 0.08808 0.74013 5.329e+12 0.22757
1.845 1160.219 0.27948 0.00266 0.39247 0.06501 0.37787 0.00360 0.53064 0.08789 0.73962 5.325e+12 0.22765
1.850 1159.812 0.27926 0.00265 0.39237 0.06483 0.37783 0.00359 0.53087 0.08771 0.73911 5.322e+12 0.22772
1.855 1159.405 0.27904 0.00264 0.39227 0.06465 0.37780 0.00357 0.53110 0.08753 0.73861 5.318e+12 0.22780
1.860 1158.999 0.27883 0.00263 0.39218 0.06447 0.37776 0.00356 0.53133 0.08735 0.73810 5.314e+12 0.22788
1.865 1158.593 0.27861 0.00261 0.39208 0.06429 0.37773 0.00354 0.53157 0.08716 0.73760 5.311e+12 0.22796
1.870 1158.188 0.27840 0.00260 0.39198 0.06411 0.37769 0.00353 0.53180 0.08698 0.73709 5.307e+12 0.22804
1.875 1157.784 0.27818 0.00259 0.39189 0.06394 0.37766 0.00351 0.53203 0.08680 0.73659 5.303e+12 0.22811
1.880 1157.379 0.27796 0.00257 0.39179 0.06376 0.37762 0.00350 0.53226 0.08662 0.73609 5.300e+12 0.22819
1.885 1156.976 0.27775 0.00256 0.39169 0.06358 0.37759 0.00348 0.53249 0.08644 0.73558 5.296e+12 0.22827
1.890 1156.572 0.27753 0.00255 0.39160 0.06341 0.37755 0.00347 0.53272 0.08626 0.73508 5.293e+12 0.22835
1.895 1156.169 0.27732 0.00254 0.39150 0.06323 0.37752 0.00345 0.53295 0.08608 0.73458 5.289e+12 0.22842
1.900 1155.767 0.27710 0.00252 0.39140 0.06305 0.37748 0.00344 0.53318 0.08590 0.73408 5.285e+12 0.22850
1.905 1155.365 0.27689 0.00251 0.39131 0.06288 0.37745 0.00342 0.53341 0.08572 0.73359 5.282e+12 0.22858
1.910 1154.963 0.27668 0.00250 0.39121 0.06271 0.37741 0.00341 0.53364 0.08554 0.73309 5.278e+12 0.22866
1.915 1154.562 0.27646 0.00249 0.39111 0.06253 0.37737 0.00339 0.53387 0.08536 0.73259 5.275e+12 0.22874
1.920 1154.162 0.27625 0.00247 0.39101 0.06236 0.37734 0.00338 0.53410 0.08518 0.73209 5.271e+12 0.22881
1.925 1153.762 0.27603 0.00246 0.39092 0.06219 0.37730 0.00337 0.53433 0.08500 0.73160 5.268e+12 0.22889
1.930 1153.362 0.27582 0.00245 0.39082 0.06201 0.37726 0.00335 0.53456 0.08482 0.73110 5.264e+12 0.22897
1.935 1152.963 0.27561 0.00244 0.39072 0.06184 0.37723 0.00334 0.53479 0.08464 0.73061 5.260e+12 0.22905
1.940 1152.564 0.27539 0.00243 0.39063 0.06167 0.37719 0.00332 0.53502 0.08447 0.73012 5.257e+12 0.22913
1.945 1152.165 0.27518 0.00241 0.39053 0.06150 0.37715 0.00331 0.53525 0.08429 0.72962 5.253e+12 0.22920
1.950 1151.767 0.27497 0.00240 0.39043 0.06133 0.37711 0.00330 0.53548 0.08411 0.72913 5.250e+12 0.22928
1.955 1151.370 0.27475 0.00239 0.39034 0.06116 0.37708 0.00328 0.53571 0.08394 0.72864 5.246e+12 0.22936
1.960 1150.973 0.27454 0.00238 0.39024 0.06099 0.37704 0.00327 0.53594 0.08376 0.72815 5.243e+12 0.22944
1.965 1150.576 0.27433 0.00237 0.39014 0.06082 0.37700 0.00325 0.53616 0.08358 0.72766 5.239e+12 0.22951
1.970 1150.180 0.27411 0.00236 0.39005 0.06065 0.37696 0.00324 0.53639 0.08341 0.72717 5.236e+12 0.22959
1.975 1149.784 0.27390 0.00234 0.38995 0.06048 0.37692 0.00323 0.53662 0.08323 0.72668 5.232e+12 0.22967
1.980 1149.389 0.27369 0.00233 0.38986 0.06032 0.37688 0.00321 0.53685 0.08306 0.72619 5.229e+12 0.22975
1.985 1148.994 0.27348 0.00232 0.38976 0.06015 0.37684 0.00320 0.53708 0.08288 0.72571 5.225e+12 0.22983
1.990 1148.600 0.27327 0.00231 0.38966 0.05998 0.37680 0.00318 0.53730 0.08271 0.72522 5.222e+12 0.22990
1.995 1148.206 0.27305 0.00230 0.38957 0.05982 0.37676 0.00317 0.53753 0.08254 0.72473 5.218e+12 0.22998
2.000 1147.812 0.27284 0.00229 0.38947 0.05965 0.37672 0.00316 0.53776 0.08236 0.72425 5.215e+12 0.23006
2.005 1147.419 0.27263 0.00228 0.38937 0.05948 0.37668 0.00314 0.53798 0.08219 0.72376 5.211e+12 0.23014
2.010 1147.026 0.27242 0.00226 0.38928 0.05932 0.37664 0.00313 0.53821 0.08202 0.72328 5.208e+12 0.23021
2.015 1146.634 0.27221 0.00225 0.38918 0.05916 0.37660 0.00312 0.53844 0.08184 0.72280 5.204e+12 0.23029
2.020 1146.242 0.27200 0.00224 0.38908 0.05899 0.37656 0.00310 0.53866 0.08167 0.72232 5.201e+12 0.23037
2.025 1145.851 0.27179 0.00223 0.38899 0.05883 0.37652 0.00309 0.53889 0.08150 0.72183 5.197e+12 0.23045
2.030 1145.460 0.27158 0.00222 0.38889 0.05867 0.37648 0.00308 0.53911 0.08133 0.72135 5.194e+12 0.23053
2.035 1145.069 0.27137 0.00221 0.38880 0.05850 0.37644 0.00307 0.53934 0.08116 0.72087 5.190e+12 0.23060
2.040 1144.679 0.27116 0.00220 0.38870 0.05834 0.37640 0.00305 0.53956 0.08098 0.72039 5.187e+12 0.23068
2.045 1144.290 0.27095 0.00219 0.38860 0.05818 0.37636 0.00304 0.53979 0.08081 0.71992 5.183e+12 0.23076
2.050 1143.900 0.27074 0.00218 0.38851 0.05802 0.37632 0.00303 0.54001 0.08064 0.71944 5.180e+12 0.23084
2.055 1143.512 0.27053 0.00217 0.38841 0.05786 0.37627 0.00301 0.54024 0.08047 0.71896 5.177e+12 0.23091
2.060 1143.123 0.27032 0.00216 0.38831 0.05770 0.37623 0.00300 0.54046 0.08030 0.71848 5.173e+12 0.23099
2.065 1142.735 0.27011 0.00215 0.38822 0.05754 0.37619 0.00299 0.54069 0.08013 0.71801 5.170e+12 0.23107
2.070 1142.348 0.26990 0.00213 0.38812 0.05738 0.37615 0.00298 0.54091 0.07996 0.71753 5.166e+12 0.23115
2.075 1141.961 0.26969 0.00212 0.38803 0.05722 0.37610 0.00296 0.54114 0.07980 0.71706 5.163e+12 0.23123
2.080 1141.574 0.26948 0.00211 0.38793 0.05706 0.37606 0.00295 0.54136 0.07963 0.71658 5.159e+12 0.23130
2.085 1141.188 0.26927 0.00210 0.38783 0.05690 0.37602 0.00294 0.54158 0.07946 0.71611 5.156e+12 0.23138
2.090 1140.802 0.26906 0.00209 0.38774 0.05674 0.37598 0.00292 0.54181 0.07929 0.71564 5.153e+12 0.23146
2.095 1140.417 0.26885 0.00208 0.38764 0.05659 0.37593 0.00291 0.54203 0.07912 0.71517 5.149e+12 0.23154
2.100 1140.032 0.26865 0.00207 0.38755 0.05643 0.37589 0.00290 0.54225 0.07896 0.71469 5.146e+12 0.23161
2.105 1139.647 0.26844 0.00206 0.38745 0.05627 0.37585 0.00289 0.54248 0.07879 0.71422 5.142e+12 0.23169
2.110 1139.263 0.26823 0.00205 0.38735 0.05612 0.37580 0.00288 0.54270 0.07862 0.71375 5.139e+12 0.23177
2.115 1138.879 0.26802 0.00204 0.38726 0.05596 0.37576 0.00286 0.54292 0.07846 0.71328 5.136e+12 0.23185
2.120 1138.496 0.26781 0.00203 0.38716 0.05581 0.37571 0.00285 0.54315 0.07829 0.71282 5.132e+12 0.23193
2.125 1138.113 0.26761 0.00202 0.38707 0.05565 0.37567 0.00284 0.54337 0.07813 0.71235 5.129e+12 0.23200
2.130 1137.731 0.26740 0.00201 0.38697 0.05550 0.37562 0.00283 0.54359 0.07796 0.71188 5.126e+12 0.23208
2.135 1137.349 0.26719 0.00200 0.38688 0.05534 0.37558 0.00281 0.54381 0.07779 0.71141 5.122e+12 0.23216
2.140 1136.967 0.26699 0.00199 0.38678 0.05519 0.37553 0.00280 0.54403 0.07763 0.71095 5.119e+12 0.23224
2.145 1136.586 0.26678 0.00198 0.38668 0.05504 0.37549 0.00279 0.54425 0.07747 0.71048 5.115e+12 0.23231
2.150 1136.205 0.26657 0.00197 0.38659 0.05489 0.37544 0.00278 0.54448 0.07730 0.71002 5.112e+12 0.23239
2.155 1135.825 0.26637 0.00196 0.38649 0.05473 0.37540 0.00277 0.54470 0.07714 0.70955 5.109e+12 0.23247
2.160 1135.445 0.26616 0.00195 0.38640 0.05458 0.37535 0.00276 0.54492 0.07697 0.70909 5.105e+12 0.23255
2.165 1135.065 0.26595 0.00194 0.38630 0.05443 0.37531 0.00274 0.54514 0.07681 0.70863 5.102e+12 0.23263
2.170 1134.686 0.26575 0.00193 0.38621 0.05428 0.37526 0.00273 0.54536 0.07665 0.70817 5.099e+12 0.23270
2.175 1134.307 0.26554 0.00192 0.38611 0.05413 0.37521 0.00272 0.54558 0.07649 0.70771 5.095e+12 0.23278
2.180 1133.929 0.26534 0.00192 0.38601 0.05398 0.37517 0.00271 0.54580 0.07632 0.70724 5.092e+12 0.23286
2.185 1133.551 0.26513 0.00191 0.38592 0.05383 0.37512 0.00270 0.54602 0.07616 0.70678 5.089e+12 0.23294
2.190 1133.174 0.26492 0.00190 0.38582 0.05368 0.37507 0.00269 0.54624 0.07600 0.70632 5.086e+12 0.23301
2.195 1132.797 0.26472 0.00189 0.38573 0.05353 0.37503 0.00267 0.54646 0.07584 0.70587 5.082e+12 0.23309
2.200 1132.420 0.26451 0.00188 0.38563 0.05338 0.37498 0.00266 0.54668 0.07568 0.70541 5.079e+12 0.23317
2.205 1132.044 0.26431 0.00187 0.38554 0.05324 0.37493 0.00265 0.54690 0.07552 0.70495 5.076e+12 0.23325
2.210 1131.668 0.26410 0.00186 0.38544 0.05309 0.37489 0.00264 0.54712 0.07536 0.70449 5.072e+12 0.23332
2.215 1131.293 0.26390 0.00185 0.38535 0.05294 0.37484 0.00263 0.54734 0.07520 0.70404 5.069e+12 0.23340
2.220 1130.918 0.26370 0.00184 0.38525 0.05279 0.37479 0.00262 0.54756 0.07504 0.70358 5.066e+12 0.23348
2.225 1130.543 0.26349 0.00183 0.38516 0.05265 0.37474 0.00261 0.54778 0.07488 0.70313 5.063e+12 0.23356
2.230 1130.169 0.26329 0.00182 0.38506 0.05250 0.37469 0.00260 0.54799 0.07472 0.70267 5.059e+12 0.23363
2.235 1129.795 0.26308 0.00181 0.38497 0.05236 0.37465 0.00258 0.54821 0.07456 0.70222 5.056e+12 0.23371
2.240 1129.421 0.26288 0.00181 0.38487 0.05221 0.37460 0.00257 0.54843 0.07440 0.70177 5.053e+12 0.23379
2.245 1129.048 0.26268 0.00180 0.38477 0.05207 0.37455 0.00256 0.54865 0.07424 0.70131 5.049e+12 0.23387
2.250 1128.676 0.26247 0.00179 0.38468 0.05192 0.37450 0.00255 0.54887 0.07408 0.70086 5.046e+12 0.23395
2.255 1128.304 0.26227 0.00178 0.38458 0.05178 0.37445 0.00254 0.54908 0.07393 0.70041 5.043e+12 0.23402
2.260 1127.932 0.26207 0.00177 0.38449 0.05163 0.37440 0.00253 0.54930 0.07377 0.69996 5.040e+12 0.23410
2.265 1127.560 0.26186 0.00176 0.38439 0.05149 0.37435 0.00252 0.54952 0.07361 0.69951 5.036e+12 0.23418
2.270 1127.189 0.26166 0.00175 0.38430 0.05135 0.37430 0.00251 0.54974 0.07345 0.69906 5.033e+12 0.23426
2.275 1126.819 0.26146 0.00174 0.38420 0.05121 0.37425 0.00250 0.54995 0.07330 0.69861 5.030e+12 0.23433
2.280 1126.449 0.26125 0.00174 0.38411 0.05106 0.37420 0.00249 0.55017 0.07314 0.69816 5.027e+12 0.23441
2.285 1126.079 0.26105 0.00173 0.38401 0.05092 0.37415 0.00248 0.55039 0.07299 0.69772 5.024e+12 0.23449
2.290 1125.709 0.26085 0.00172 0.38392 0.05078 0.37410 0.00247 0.55060 0.07283 0.69727 5.020e+12 0.23457
2.295 1125.340 0.26065 0.00171 0.38382 0.05064 0.37405 0.00245 0.55082 0.07267 0.69682 5.017e+12 0.23464
2.300 1124.972 0.26045 0.00170 0.38373 0.05050 0.37400 0.00244 0.55104 0.07252 0.69638 5.014e+12 0.23472
2.305 1124.603 0.26024 0.00169 0.38363 0.05036 0.37395 0.00243 0.55125 0.07237 0.69593 5.011e+12 0.23480
2.310 1124.236 0.26004 0.00169 0.38354 0.05022 0.37390 0.00242 0.55147 0.07221 0.69549 5.008e+12 0.23488
2.315 1123.868 0.25984 0.00168 0.38344 0.05008 0.37385 0.00241 0.55168 0.07206 0.69504 5.004e+12 0.23495
2.320 1123.501 0.25964 0.00167 0.38335 0.04994 0.37380 0.00240 0.55190 0.07190 0.69460 5.001e+12 0.23503
2.325 1123.134 0.25944 0.00166 0.38325 0.04981 0.37375 0.00239 0.55211 0.07175 0.69416 4.998e+12 0.23511
2.330 1122.768 0.25924 0.00165 0.38316 0.04967 0.37369 0.00238 0.55233 0.07160 0.69372 4.995e+12 0.23519
2.335 1122.402 0.25904 0.00164 0.38306 0.04953 0.37364 0.00237 0.55254 0.07144 0.69327 4.992e+12 0.23526
2.340 1122.037 0.25884 0.00164 0.38297 0.04939 0.37359 0.00236 0.55276 0.07129 0.69283 4.988e+12 0.23534
2.345 1121.672 0.25864 0.00163 0.38287 0.04926 0.37354 0.00235 0.55297 0.07114 0.69239 4.985e+12 0.23542
2.350 1121.307 0.25843 0.00162 0.38278 0.04912 0.37349 0.00234 0.55319 0.07099 0.69195 4.982e+12 0.23550
2.355 1120.943 0.25823 0.00161 0.38269 0.04898 0.37343 0.00233 0.55340 0.07083 0.69152 4.979e+12 0.23557
2.360 1120.579 0.25803 0.00160 0.38259 0.04885 0.37338 0.00232 0.55362 0.07068 0.69108 4.976e+12 0.23565
2.365 1120.215 0.25783 0.00160 0.38250 0.04871 0.37333 0.00231 0.55383 0.07053 0.69064 4.973e+12 0.23573
2.370 1119.852 0.25763 0.00159 0.38240 0.04858 0.37328 0.00230 0.55404 0.07038 0.69020 4.969e+12 0.23581
2.375 1119.489 0.25744 0.00158 0.38231 0.04844 0.37322 0.00229 0.55426 0.07023 0.68976 4.966e+12 0.23588
2.380 1119.127 0.25724 0.00157 0.38221 0.04831 0.37317 0.00228 0.55447 0.07008 0.68933 4.963e+12 0.23596
2.385 1118.765 0.25704 0.00157 0.38212 0.04817 0.37312 0.00227 0.55468 0.06993 0.68889 4.960e+12 0.23604
2.390 1118.403 0.25684 0.00156 0.38202 0.04804 0.37306 0.00226 0.55490 0.06978 0.68846 4.957e+12 0.23612
2.395 1118.042 0.25664 0.00155 0.38193 0.04791 0.37301 0.00225 0.55511 0.06963 0.68802 4.954e+12 0.23619
2.400 1117.681 0.25644 0.00154 0.38183 0.04777 0.37295 0.00224 0.55532 0.06948 0.68759 4.951e+12 0.23627
2.405 1117.321 0.25624 0.00153 0.38174 0.04764 0.37290 0.00223 0.55553 0.06933 0.68716 4.948e+12 0.23635
2.410 1116.961 0.25604 0.00153 0.38164 0.04751 0.37285 0.00222 0.55575 0.06918 0.68672 4.944e+12 0.23643
2.415 1116.601 0.25584 0.00152 0.38155 0.04738 0.37279 0.00221 0.55596 0.06904 0.68629 4.941e+12 0.23650
2.420 1116.242 0.25565 0.00151 0.38146 0.04725 0.37274 0.00220 0.55617 0.06889 0.68586 4.938e+12 0.23658
2.425 1115.883 0.25545 0.00150 0.38136 0.04712 0.37268 0.00220 0.55638 0.06874 0.68543 4.935e+12 0.23666
2.430 1115.524 0.25525 0.00150 0.38127 0.04699 0.37263 0.00219 0.55659 0.06859 0.68500 4.932e+12 0.23674
2.435 1115.166 0.25505 0.00149 0.38117 0.04686 0.37257 0.00218 0.55681 0.06845 0.68457 4.929e+12 0.23681
2.440 1114.808 0.25485 0.00148 0.38108 0.04673 0.37252 0.00217 0.55702 0.06830 0.68414 4.926e+12 0.23689
2.445 1114.451 0.25466 0.00148 0.38098 0.04660 0.37246 0.00216 0.55723 0.06815 0.68371 4.923e+12 0.23697
2.450 1114.094 0.25446 0.00147 0.38089 0.04647 0.37241 0.00215 0.55744 0.06801 0.68329 4.920e+12 0.23704
2.455 1113.737 0.25426 0.00146 0.38080 0.04634 0.37235 0.00214 0.55765 0.06786 0.68286 4.917e+12 0.23712
2.460 1113.381 0.25407 0.00145 0.38070 0.04621 0.37230 0.00213 0.55786 0.06771 0.68243 4.914e+12 0.23720
2.465 1113.025 0.25387 0.00145 0.38061 0.04608 0.37224 0.00212 0.55807 0.06757 0.68200 4.910e+12 0.23728
2.470 1112.669 0.25367 0.00144 0.38051 0.04595 0.37218 0.00211 0.55828 0.06742 0.68158 4.907e+12 0.23735
2.475 1112.314 0.25348 0.00143 0.38042 0.04583 0.37213 0.00210 0.55849 0.06728 0.68115 4.904e+12 0.23743
2.480 1111.959 0.25328 0.00143 0.38032 0.04570 0.37207 0.00209 0.55870 0.06713 0.68073 4.901e+12 0.23751
2.485 1111.605 0.25308 0.00142 0.38023 0.04557 0.37201 0.00209 0.55891 0.06699 0.68031 4.898e+12 0.23759
2.490 1111.251 0.25289 0.00141 0.38014 0.04545 0.37196 0.00208 0.55912 0.06685 0.67988 4.895e+12 0.23766
2.495 1110.897 0.25269 0.00140 0.38004 0.04532 0.37190 0.00207 0.55933 0.06670 0.67946 4.892e+12 0.23774
2.500 1110.544 0.25250 0.00140 0.37995 0.04520 0.37184 0.00206 0.55954 0.06656 0.67904 4.889e+12 0.23782
2.505 1110.191 0.25230 0.00139 0.37985 0.04507 0.37179 0.00205 0.55975 0.06642 0.67862 4.886e+12 0.23789
2.510 1109.838 0.25210 0.00138 0.37976 0.04495 0.37173 0.00204 0.55996 0.06627 0.67819 4.883e+12 0.23797
2.515 1109.486 0.25191 0.00138 0.37967 0.04482 0.37167 0.00203 0.56017 0.06613 0.67777 4.880e+12 0.23805
2.520 1109.134 0.25171 0.00137 0.37957 0.04470 0.37161 0.00202 0.56038 0.06599 0.67735 4.877e+12 0.23813
2.525 1108.782 0.25152 0.00136 0.37948 0.04457 0.37156 0.00201 0.56058 0.06585 0.67693 4.874e+12 0.23820
2.530 1108.431 0.25132 0.00136 0.37938 0.04445 0.37150 0.00201 0.56079 0.06570 0.67651 4.871e+12 0.23828
2.535 1108.081 0.25113 0.00135 0.37929 0.04433 0.37144 0.00200 0.56100 0.06556 0.67610 4.868e+12 0.23836
2.540 1107.730 0.25093 0.00134 0.37920 0.04420 0.37138 0.00199 0.56121 0.06542 0.67568 4.865e+12 0.23843
2.545 1107.380 0.25074 0.00134 0.37910 0.04408 0.37132 0.00198 0.56142 0.06528 0.67526 4.862e+12 0.23851
2.550 1107.031 0.25055 0.00133 0.37901 0.04396 0.37127 0.00197 0.56162 0.06514 0.67484 4.859e+12 0.23859
2.555 1106.681 0.25035 0.00132 0.37892 0.04384 0.37121 0.00196 0.56183 0.06500 0.67443 4.856e+12 0.23867
2.560 1106.332 0.25016 0.00132 0.37882 0.04372 0.37115 0.00195 0.56204 0.06486 0.67401 4.853e+12 0.23874
2.565 1105.984 0.24996 0.00131 0.37873 0.04359 0.37109 0.00195 0.56225 0.06472 0.67360 4.850e+12 0.23882
2.570 1105.636 0.24977 0.00130 0.37863 0.04347 0.37103 0.00194 0.56245 0.06458 0.67318 4.847e+12 0.23890
2.575 1105.288 0.24958 0.00130 0.37854 0.04335 0.37097 0.00193 0.56266 0.06444 0.67277 4.844e+12 0.23897
2.580 1104.940 0.24938 0.00129 0.37845 0.04323 0.37091 0.00192 0.56287 0.06430 0.67236 4.841e+12 0.23905
2.585 1104.593 0.24919 0.00129 0.37835 0.04311 0.37085 0.00191 0.56307 0.06416 0.67194 4.838e+12 0.23913
2.590 1104.246 0.24900 0.00128 0.37826 0.04299 0.37079 0.00190 0.56328 0.06402 0.67153 4.835e+12 0.23921
2.595 1103.900 0.24880 0.00127 0.37817 0.04287 0.37073 0.00190 0.56349 0.06388 0.67112 4.832e+12 0.23928
2.600 1103.554 0.24861 0.00127 0.37807 0.04276 0.37067 0.00189 0.56369 0.06375 0.67071 4.829e+12 0.23936
2.605 1103.208 0.24842 0.00126 0.37798 0.04264 0.37061 0.00188 0.56390 0.06361 0.67030 4.826e+12 0.23944
2.610 1102.863 0.24823 0.00125 0.37789 0.04252 0.37055 0.00187 0.56410 0.06347 0.66989 4.823e+12 0.23951
2.615 1102.518 0.24803 0.00125 0.37779 0.04240 0.37049 0.00186 0.56431 0.06333 0.66948 4.820e+12 0.23959
2.620 1102.173 0.24784 0.00124 0.37770 0.04228 0.37043 0.00186 0.56452 0.06320 0.66907 4.817e+12 0.23967
2.625 1101.829 0.24765 0.00124 0.37760 0.04217 0.37037 0.00185 0.56472 0.06306 0.66866 4.814e+12 0.23974
2.630 1101.485 0.24746 0.00123 0.37751 0.04205 0.37031 0.00184 0.56493 0.06292 0.66825 4.811e+12 0.23982
2.635 1101.142 0.24727 0.00122 0.37742 0.04193 0.37025 0.00183 0.56513 0.06279 0.66784 4.808e+12 0.23990
2.640 1100.799 0.24708 0.00122 0.37732 0.04182 0.37019 0.00182 0.56534 0.06265 0.66743 4.806e+12 0.23998
2.645 1100.456 0.24688 0.00121 0.37723 0.04170 0.37013 0.00182 0.56554 0.06252 0.66703 4.803e+12 0.24005
2.650 1100.113 0.24669 0.00121 0.37714 0.04159 0.37006 0.00181 0.56574 0.06238 0.66662 4.800e+12 0.24013
2.655 1099.771 0.24650 0.00120 0.37704 0.04147 0.37000 0.00180 0.56595 0.06225 0.66622 4.797e+12 0.24021
2.660 1099.429 0.24631 0.00119 0.37695 0.04136 0.36994 0.00179 0.56615 0.06211 0.66581 4.794e+12 0.24028
2.665 1099.088 0.24612 0.00119 0.37686 0.04124 0.36988 0.00179 0.56636 0.06198 0.66541 4.791e+12 0.24036
2.670 1098.747 0.24593 0.00118 0.37676 0.04113 0.36982 0.00178 0.56656 0.06184 0.66500 4.788e+12 0.24044
2.675 1098.406 0.24574 0.00118 0.37667 0.04101 0.36976 0.00177 0.56677 0.06171 0.66460 4.785e+12 0.24051
2.680 1098.066 0.24555 0.00117 0.37658 0.04090 0.36969 0.00176 0.56697 0.06158 0.66420 4.782e+12 0.24059
2.685 1097.726 0.24536 0.00116 0.37648 0.04079 0.36963 0.00175 0.56717 0.06144 0.66379 4.779e+12 0.24067
2.690 1097.386 0.24517 0.00116 0.37639 0.04067 0.36957 0.00175 0.56738 0.06131 0.66339 4.776e+12 0.24074
2.695 1097.047 0.24498 0.00115 0.37630 0.04056 0.36951 0.00174 0.56758 0.06118 0.66299 4.774e+12 0.24082
2.700 1096.708 0.24479 0.00115 0.37621 0.04045 0.36944 0.00173 0.56778 0.06104 0.66259 4.771e+12 0.24090
2.705 1096.369 0.24460 0.00114 0.37611 0.04034 0.36938 0.00172 0.56798 0.06091 0.66219 4.768e+12 0.24097
2.710 1096.031 0.24441 0.00114 0.37602 0.04022 0.36932 0.00172 0.56819 0.06078 0.66179 4.765e+12 0.24105
2.715 1095.693 0.24422 0.00113 0.37593 0.04011 0.36925 0.00171 0.56839 0.06065 0.66139 4.762e+12 0.24113
2.720 1095.355 0.24403 0.00113 0.37583 0.04000 0.36919 0.00170 0.56859 0.06052 0.66099 4.759e+12 0.24121
2.725 1095.018 0.24384 0.00112 0.37574 0.03989 0.36913 0.00170 0.56879 0.06039 0.66059 4.756e+12 0.24128
2.730 1094.681 0.24365 0.00111 0.37565 0.03978 0.36906 0.00169 0.56900 0.06025 0.66019 4.753e+12 0.24136
2.735 1094.345 0.24346 0.00111 0.37555 0.03967 0.36900 0.00168 0.56920 0.06012 0.65980 4.751e+12 0.24144
2.740 1094.008 0.24328 0.00110 0.37546 0.03956 0.36893 0.00167 0.56940 0.05999 0.65940 4.748e+12 0.24151
2.745 1093.673 0.24309 0.00110 0.37537 0.03945 0.36887 0.00167 0.56960 0.05986 0.65900 4.745e+12 0.24159
2.750 1093.337 0.24290 0.00109 0.37528 0.03934 0.36881 0.00166 0.56980 0.05973 0.65861 4.742e+12 0.24167
2.755 1093.002 0.24271 0.00109 0.37518 0.03923 0.36874 0.00165 0.57000 0.05960 0.65821 4.739e+12 0.24174
2.760 1092.667 0.24252 0.00108 0.37509 0.03912 0.36868 0.00164 0.57020 0.05947 0.65782 4.736e+12 0.24182
2.765 1092.332 0.24233 0.00108 0.37500 0.03901 0.36861 0.00164 0.57041 0.05934 0.65742 4.733e+12 0.24190
2.770 1091.998 0.24215 0.00107 0.37490 0.03891 0.36855 0.00163 0.57061 0.05922 0.65703 4.731e+12 0.24197
2.775 1091.665 0.24196 0.00107 0.37481 0.03880 0.36848 0.00162 0.57081 0.05909 0.65663 4.728e+12 0.24205
2.780 1091.331 0.24177 0.00106 0.37472 0.03869 0.36842 0.00162 0.57101 0.05896 0.65624 4.725e+12 0.24212
2.785 1090.998 0.24158 0.00106 0.37463 0.03858 0.36835 0.00161 0.57121 0.05883 0.65585 4.722e+12 0.24220
2.790 1090.665 0.24140 0.00105 0.37453 0.03848 0.36829 0.00160 0.57141 0.05870 0.65546 4.719e+12 0.24228
2.795 1090.333 0.24121 0.00105 0.37444 0.03837 0.36822 0.00160 0.57161 0.05857 0.65507 4.716e+12 0.24235
2.800 1090.000 0.24102 0.00104 0.37435 0.03826 0.36816 0.00159 0.57181 0.05845 0.65467 4.714e+12 0.24243
2.805 1089.669 0.24084 0.00103 0.37426 0.03816 0.36809 0.00158 0.57201 0.05832 0.65428 4.711e+12 0.24251
2.810 1089.337 0.24065 0.00103 0.37416 0.03805 0.36803 0.00157 0.57221 0.05819 0.65389 4.708e+12 0.24258
2.815 1089.006 0.24046 0.00102 0.37407 0.03795 0.36796 0.00157 0.57241 0.05807 0.65350 4.705e+12 0.24266
2.820 1088.675 0.24028 0.00102 0.37398 0.03784 0.36789 0.00156 0.57261 0.05794 0.65312 4.702e+12 0.24274
2.825 1088.345 0.24009 0.00101 0.37388 0.03774 0.36783 0.00155 0.57280 0.05781 0.65273 4.700e+12 0.24281
2.830 1088.015 0.23991 0.00101 0.37379 0.03763 0.36776 0.00155 0.57300 0.05769 0.65234 4.697e+12 0.24289
2.835 1087.685 0.23972 0.00100 0.37370 0.03753 0.36770 0.00154 0.57320 0.05756 0.65195 4.694e+12 0.24297
2.840 1087.355 0.23953 0.00100 0.37361 0.03742 0.36763 0.00153 0.57340 0.05744 0.65156 4.691e+12 0.24304
2.845 1087.026 0.23935 0.00099 0.37351 0.03732 0.36756 0.00153 0.57360 0.05731 0.65118 4.688e+12 0.24312
2.850 1086.698 0.23916 0.00099 0.37342 0.03722 0.36750 0.00152 0.57380 0.05719 0.65079 4.686e+12 0.24320
2.855 1086.369 0.23898 0.00099 0.37333 0.03711 0.36743 0.00151 0.57400 0.05706 0.65041 4.683e+12 0.24327
2.860 1086.041 0.23879 0.00098 0.37324 0.03701 0.36736 0.00151 0.57419 0.05694 0.65002 4.680e+12 0.24335
2.865 1085.713 0.23861 0.00098 0.37315 0.03691 0.36729 0.00150 0.57439 0.05681 0.64964 4.677e+12 0.24342
2.870 1085.386 0.23842 0.00097 0.37305 0.03681 0.36723 0.00150 0.57459 0.05669 0.64925 4.675e+12 0.24350
2.875 1085.059 0.23824 0.00097 0.37296 0.03670 0.36716 0.00149 0.57479 0.05657 0.64887 4.672e+12 0.24358
2.880 1084.732 0.23805 0.00096 0.37287 0.03660 0.36709 0.00148 0.57498 0.05644 0.64848 4.669e+12 0.24365
2.885 1084.405 0.23787 0.00096 0.37278 0.03650 0.36702 0.00148 0.57518 0.05632 0.64810 4.666e+12 0.24373
2.890 1084.079 0.23768 0.00095 0.37268 0.03640 0.36696 0.00147 0.57538 0.05620 0.64772 4.664e+12 0.24381
2.895 1083.753 0.23750 0.00095 0.37259 0.03630 0.36689 0.00146 0.57558 0.05607 0.64734 4.661e+12 0.24388
2.900 1083.428 0.23732 0.00094 0.37250 0.03620 0.36682 0.00146 0.57577 0.05595 0.64696 4.658e+12 0.24396
2.905 1083.103 0.23713 0.00094 0.37241 0.03610 0.36675 0.00145 0.57597 0.05583 0.64657 4.655e+12 0.24403
2.910 1082.778 0.23695 0.00093 0.37231 0.03600 0.36668 0.00144 0.57617 0.05571 0.64619 4.653e+12 0.24411
2.915 1082.453 0.23677 0.00093 0.37222 0.03590 0.36661 0.00144 0.57636 0.05559 0.64581 4.650e+12 0.24419
2.920 1082.129 0.23658 0.00092 0.37213 0.03580 0.36655 0.00143 0.57656 0.05546 0.64543 4.647e+12 0.24426
2.925 1081.805 0.23640 0.00092 0.37204 0.03570 0.36648 0.00143 0.57675 0.05534 0.64506 4.644e+12 0.24434
2.930 1081.482 0.23622 0.00092 0.37195 0.03560 0.36641 0.00142 0.57695 0.05522 0.64468 4.642e+12 0.24442
2.935 1081.158 0.23603 0.00091 0.37185 0.03550 0.36634 0.00141 0.57715 0.05510 0.64430 4.639e+12 0.24449
2.940 1080.836 0.23585 0.00091 0.37176 0.03540 0.36627 0.00141 0.57734 0.05498 0.64392 4.636e+12 0.24457
2.945 1080.513 0.23567 0.00090 0.37167 0.03530 0.36620 0.00140 0.57754 0.05486 0.64354 4.634e+12 0.24464
2.950 1080.191 0.23548 0.00090 0.37158 0.03521 0.36613 0.00139 0.57773 0.05474 0.64317 4.631e+12 0.24472
2.955 1079.869 0.23530 0.00089 0.37149 0.03511 0.36606 0.00139 0.57793 0.05462 0.64279 4.628e+12 0.24480
2.960 1079.547 0.23512 0.00089 0.37139 0.03501 0.36599 0.00138 0.57812 0.05450 0.64241 4.625e+12 0.24487
2.965 1079.226 0.23494 0.00088 0.37130 0.03492 0.36592 0.00138 0.57832 0.05438 0.64204 4.623e+12 0.24495
2.970 1078.905 0.23476 0.00088 0.37121 0.03482 0.36585 0.00137 0.57851 0.05426 0.64166 4.620e+12 0.24502
2.975 1078.584 0.23457 0.00088 0.37112 0.03472 0.36578 0.00137 0.57871 0.05414 0.64129 4.617e+12 0.24510
2.980 1078.264 0.23439 0.00087 0.37103 0.03463 0.36571 0.00136 0.57890 0.05403 0.64092 4.615e+12 0.24518
2.985 1077.944 0.23421 0.00087 0.37094 0.03453 0.36564 0.00135 0.57910 0.05391 0.64054 4.612e+12 0.24525
2.990 1077.624 0.23403 0.00086 0.37084 0.03443 0.36557 0.00135 0.57929 0.05379 0.64017 4.609e+12 0.24533
2.995 1077.305 0.23385 0.00086 0.37075 0.03434 0.36550 0.00134 0.57948 0.05367 0.63980 4.607e+12 0.24540
3.000 1076.986 0.23367 0.00085 0.37066 0.03424 0.36543 0.00134 0.57968 0.05355 0.63942 4.604e+12 0.24548
3.005 1076.667 0.23349 0.00085 0.37057 0.03415 0.36536 0.00133 0.57987 0.05344 0.63905 4.601e+12 0.24556
3.010 1076.348 0.23330 0.00085 0.37048 0.03405 0.36529 0.00132 0.58007 0.05332 0.63868 4.599e+12 0.24563
3.015 1076.030 0.23312 0.00084 0.37038 0.03396 0.36522 0.00132 0.58026 0.05320 0.63831 4.596e+12 0.24571
3.020 1075.713 0.23294 0.00084 0.37029 0.03387 0.36515 0.00131 0.58045 0.05309 0.63794 4.593e+12 0.24578
3.025 1075.395 0.23276 0.00083 0.37020 0.03377 0.36508 0.00131 0.58065 0.05297 0.63757 4.590e+12 0.24586
3.030 1075.078 0.23258 0.00083 0.37011 0.03368 0.36501 0.00130 0.58084 0.05285 0.63720 4.588e+12 0.24593
3.035 1074.761 0.23240 0.00083 0.37002 0.03358 0.36494 0.00130 0.58103 0.05274 0.63683 4.585e+12 0.24601
3.040 1074.444 0.23222 0.00082 0.36993 0.03349 0.36486 0.00129 0.58122 0.05262 0.63646 4.583e+12 0.24609
3.045 1074.128 0.23204 0.00082 0.36984 0.03340 0.36479 0.00128 0.58142 0.05251 0.63609 4.580e+12 0.24616
3.050 1073.812 0.23186 0.00081 0.36974 0.03331 0.36472 0.00128 0.58161 0.05239 0.63573 4.577e+12 0.24624
3.055 1073.497 0.23168 0.00081 0.36965 0.03321 0.36465 0.00127 0.58180 0.05228 0.63536 4.575e+12 0.24631
3.060 1073.181 0.23150 0.00081 0.36956 0.03312 0.36458 0.00127 0.58199 0.05216 0.63499 4.572e+12 0.24639
3.065 1072.866 0.23132 0.00080 0.36947 0.03303 0.36451 0.00126 0.58219 0.05205 0.63462 4.569e+12 0.24647
3.070 1072.552 0.23114 0.00080 0.36938 0.03294 0.36443 0.00126 0.58238 0.05193 0.63426 4.567e+12 0.24654
3.075 1072.237 0.23097 0.00079 0.36929 0.03285 0.36436 0.00125 0.58257 0.05182 0.63389 4.564e+12 0.24662
3.080 1071.923 0.23079 0.00079 0.36920 0.03276 0.36429 0.00125 0.58276 0.05170 0.63353 4.561e+12 0.24669
3.085 1071.609 0.23061 0.00079 0.36910 0.03267 0.36422 0.00124 0.58295 0.05159 0.63316 4.559e+12 0.24677
3.090 1071.296 0.23043 0.00078 0.36901 0.03258 0.36414 0.00124 0.58314 0.05148 0.63280 4.556e+12 0.24684
3.095 1070.983 0.23025 0.00078 0.36892 0.03248 0.36407 0.00123 0.58333 0.05136 0.63243 4.554e+12 0.24692
3.100 1070.670 0.23007 0.00077 0.36883 0.03239 0.36400 0.00122 0.58353 0.05125 0.63207 4.551e+12 0.24699
3.105 1070.358 0.22989 0.00077 0.36874 0.03231 0.36392 0.00122 0.58372 0.05114 0.63171 4.548e+12 0.24707
3.110 1070.045 0.22972 0.00077 0.36865 0.03222 0.36385 0.00121 0.58391 0.05103 0.63135 4.546e+12 0.24715
3.115 1069.733 0.22954 0.00076 0.36856 0.03213 0.36378 0.00121 0.58410 0.05091 0.63098 4.543e+12 0.24722
3.120 1069.422 0.22936 0.00076 0.36846 0.03204 0.36371 0.00120 0.58429 0.05080 0.63062 4.540e+12 0.24730
3.125 1069.110 0.22918 0.00076 0.36837 0.03195 0.36363 0.00120 0.58448 0.05069 0.63026 4.538e+12 0.24737
3.130 1068.799 0.22901 0.00075 0.36828 0.03186 0.36356 0.00119 0.58467 0.05058 0.62990 4.535e+12 0.24745
3.135 1068.489 0.22883 0.00075 0.36819 0.03177 0.36348 0.00119 0.58486 0.05047 0.62954 4.533e+12 0.24752
3.140 1068.178 0.22865 0.00074 0.36810 0.03168 0.36341 0.00118 0.58505 0.05036 0.62918 4.530e+12 0.24760
3.145 1067.868 0.22847 0.00074 0.36801 0.03160 0.36334 0.00118 0.58524 0.05025 0.62882 4.527e+12 0.24767
3.150 1067.559 0.22830 0.00074 0.36792 0.03151 0.36326 0.00117 0.58543 0.05014 0.62846 4.525e+12 0.24775
3.155 1067.249 0.22812 0.00073 0.36783 0.03142 0.36319 0.00117 0.58562 0.05003 0.62810 4.522e+12 0.24782
3.160 1066.940 0.22794 0.00073 0.36774 0.03133 0.36312 0.00116 0.58581 0.04992 0.62774 4.520e+12 0.24790
3.165 1066.631 0.22777 0.00073 0.36764 0.03125 0.36304 0.00116 0.58600 0.04981 0.62738 4.517e+12 0.24798
3.170 1066.322 0.22759 0.00072 0.36755 0.03116 0.36297 0.00115 0.58619 0.04970 0.62703 4.515e+12 0.24805
3.175 1066.014 0.22741 0.00072 0.36746 0.03107 0.36289 0.00115 0.58637 0.04959 0.62667 4.512e+12 0.24813
3.180 1065.706 0.22724 0.00072 0.36737 0.03099 0.36282 0.00114 0.58656 0.04948 0.62631 4.509e+12 0.24820
3.185 1065.398 0.22706 0.00071 0.36728 0.03090 0.36274 0.00114 0.58675 0.04937 0.62596 4.507e+12 0.24828
3.190 1065.091 0.22689 0.00071 0.36719 0.03082 0.36267 0.00113 0.58694 0.04926 0.62560 4.504e+12 0.24835
3.195 1064.784 0.22671 0.00070 0.36710 0.03073 0.36259 0.00113 0.58713 0.04915 0.62524 4.502e+12 0.24843
3.200 1064.477 0.22653 0.00070 0.36701 0.03065 0.36252 0.00112 0.58732 0.04904 0.62489 4.499e+12 0.24850
3.205 1064.171 0.22636 0.00070 0.36692 0.03056 0.36244 0.00112 0.58751 0.04893 0.62453 4.497e+12 0.24858
3.210 1063.865 0.22618 0.00069 0.36683 0.03048 0.36237 0.00111 0.58769 0.04883 0.62418 4.494e+12 0.24865
3.215 1063.559 0.22601 0.00069 0.36674 0.03039 0.36229 0.00111 0.58788 0.04872 0.62383 4.492e+12 0.24873
3.220 1063.253 0.22583 0.00069 0.36665 0.03031 0.36222 0.00110 0.58807 0.04861 0.62347 4.489e+12 0.24880
3.225 1062.948 0.22566 0.00068 0.36655 0.03022 0.36214 0.00110 0.58826 0.04850 0.62312 4.486e+12 0.24888
3.230 1062.643 0.22548 0.00068 0.36646 0.03014 0.36207 0.00109 0.58844 0.04840 0.62277 4.484e+12 0.24895
3.235 1062.338 0.22531 0.00068 0.36637 0.03006 0.36199 0.00109 0.58863 0.04829 0.62242 4.481e+12 0.24903
3.240 1062.034 0.22513 0.00067 0.36628 0.02997 0.36191 0.00108 0.58882 0.04818 0.62206 4.479e+12 0.24910
3.245 1061.729 0.22496 0.00067 0.36619 0.02989 0.36184 0.00108 0.58901 0.04808 0.62171 4.476e+12 0.24918
3.250 1061.426 0.22478 0.00067 0.36610 0.02981 0.36176 0.00107 0.58919 0.04797 0.62136 4.474e+12 0.24925
3.255 1061.122 0.22461 0.00066 0.36601 0.02972 0.36169 0.00107 0.58938 0.04786 0.62101 4.471e+12 0.24933
3.260 1060.819 0.22444 0.00066 0.36592 0.02964 0.36161 0.00107 0.58957 0.04776 0.62066 4.469e+12 0.24940
3.265 1060.516 0.22426 0.00066 0.36583 0.02956 0.36153 0.00106 0.58975 0.04765 0.62031 4.466e+12 0.24948
3.270 1060.213 0.22409 0.00065 0.36574 0.02948 0.36146 0.00106 0.58994 0.04755 0.61996 4.464e+12 0.24955
3.275 1059.911 0.22392 0.00065 0.36565 0.02940 0.36138 0.00105 0.59013 0.04744 0.61961 4.461e+12 0.24963
3.280 1059.609 0.22374 0.00065 0.36556 0.02931 0.36130 0.00105 0.59031 0.04734 0.61926 4.459e+12 0.24970
3.285 1059.307 0.22357 0.00065 0.36547 0.02923 0.36123 0.00104 0.59050 0.04723 0.61892 4.456e+12 0.24978
3.290 1059.006 0.22340 0.00064 0.36538 0.02915 0.36115 0.00104 0.59068 0.04713 0.61857 4.454e+12 0.24985
3.295 1058.704 0.22322 0.00064 0.36529 0.02907 0.36107 0.00103 0.59087 0.04703 0.61822 4.451e+12 0.24993
3.300 1058.403 0.22305 0.00064 0.36520 0.02899 0.36100 0.00103 0.59105 0.04692 0.61787 4.449e+12 0.25000
3.305 1058.103 0.22288 0.00063 0.36511 0.02891 0.36092 0.00102 0.59124 0.04682 0.61753 4.446e+12 0.25008
3.310 1057.802 0.22270 0.00063 0.36502 0.02883 0.36084 0.00102 0.59142 0.04671 0.61718 4.444e+12 0.25015
3.315 1057.502 0.22253 0.00063 0.36493 0.02875 0.36076 0.00102 0.59161 0.04661 0.61683 4.441e+12 0.25023
3.320 1057.203 0.22236 0.00062 0.36484 0.02867 0.36069 0.00101 0.59180 0.04651 0.61649 4.439e+12 0.25030
3.325 1056.903 0.22219 0.00062 0.36474 0.02859 0.36061 0.00101 0.59198 0.04640 0.61614 4.436e+12 0.25038
3.330 1056.604 0.22201 0.00062 0.36465 0.02851 0.36053 0.00100 0.59216 0.04630 0.61580 4.434e+12 0.25045
3.335 1056.305 0.22184 0.00061 0.36456 0.02843 0.36045 0.00100 0.59235 0.04620 0.61545 4.431e+12 0.25053
3.340 1056.006 0.22167 0.00061 0.36447 0.02835 0.36038 0.00099 0.59253 0.04610 0.61511 4.429e+12 0.25060
3.345 1055.708 0.22150 0.00061 0.36438 0.02828 0.36030 0.00099 0.59272 0.04600 0.61477 4.426e+12 0.25067
3.350 1055.410 0.22133 0.00061 0.36429 0.02820 0.36022 0.00098 0.59290 0.04589 0.61442 4.424e+12 0.25075
3.355 1055.112 0.22116 0.00060 0.36420 0.02812 0.36014 0.00098 0.59309 0.04579 0.61408 4.421e+12 0.25082
3.360 1054.815 0.22098 0.00060 0.36411 0.02804 0.36006 0.00098 0.59327 0.04569 0.61374 4.419e+12 0.25090
3.365 1054.518 0.22081 0.00060 0.36402 0.02796 0.35998 0.00097 0.59345 0.04559 0.61340 4.416e+12 0.25097
3.370 1054.221 0.22064 0.00059 0.36393 0.02789 0.35991 0.00097 0.59364 0.04549 0.61306 4.414e+12 0.25105
3.375 1053.924 0.22047 0.00059 0.36384 0.02781 0.35983 0.00096 0.59382 0.04539 0.61271 4.412e+12 0.25112
3.380 1053.628 0.22030 0.00059 0.36375 0.02773 0.35975 0.00096 0.59401 0.04529 0.61237 4.409e+12 0.25120
3.385 1053.332 0.22013 0.00058 0.36366 0.02766 0.35967 0.00096 0.59419 0.04519 0.61203 4.407e+12 0.25127
3.390 1053.036 0.21996 0.00058 0.36357 0.02758 0.35959 0.00095 0.59437 0.04509 0.61169 4.404e+12 0.25135
3.395 1052.740 0.21979 0.00058 0.36348 0.02750 0.35951 0.00095 0.59455 0.04499 0.61135 4.402e+12 0.25142
3.400 1052.445 0.21962 0.00058 0.36339 0.02743 0.35943 0.00094 0.59474 0.04489 0.61101 4.399e+12 0.25149
3.405 1052.150 0.21945 0.00057 0.36330 0.02735 0.35935 0.00094 0.59492 0.04479 0.61068 4.397e+12 0.25157
3.410 1051.856 0.21928 0.00057 0.36321 0.02727 0.35928 0.00093 0.59510 0.04469 0.61034 4.394e+12 0.25164
3.415 1051.561 0.21911 0.00057 0.36312 0.02720 0.35920 0.00093 0.59529 0.04459 0.61000 4.392e+12 0.25172
3.420 1051.267 0.21894 0.00056 0.36303 0.02712 0.35912 0.00093 0.59547 0.04449 0.60966 4.390e+12 0.25179
3.425 1050.973 0.21877 0.00056 0.36294 0.02705 0.35904 0.00092 0.59565 0.04439 0.60932 4.387e+12 0.25187
3.430 1050.680 0.21860 0.00056 0.36285 0.02697 0.35896 0.00092 0.59583 0.04429 0.60899 4.385e+12 0.25194
3.435 1050.387 0.21843 0.00056 0.36276 0.02690 0.35888 0.00091 0.59601 0.04419 0.60865 4.382e+12 0.25201
3.440 1050.094 0.21826 0.00055 0.36267 0.02682 0.35880 0.00091 0.59620 0.04410 0.60831 4.380e+12 0.25209
3.445 1049.801 0.21809 0.00055 0.36258 0.02675 0.35872 0.00091 0.59638 0.04400 0.60798 4.377e+12 0.25216
3.450 1049.508 0.21792 0.00055 0.36249 0.02668 0.35864 0.00090 0.59656 0.04390 0.60764 4.375e+12 0.25224
3.455 1049.216 0.21775 0.00055 0.36241 0.02660 0.35856 0.00090 0.59674 0.04380 0.60731 4.373e+12 0.25231
3.460 1048.924 0.21759 0.00054 0.36232 0.02653 0.35848 0.00089 0.59692 0.04371 0.60697 4.370e+12 0.25239
3.465 1048.633 0.21742 0.00054 0.36223 0.02645 0.35840 0.00089 0.59710 0.04361 0.60664 4.368e+12 0.25246
3.470 1048.341 0.21725 0.00054 0.36214 0.02638 0.35832 0.00089 0.59729 0.04351 0.60630 4.365e+12 0.25253
3.475 1048.050 0.21708 0.00053 0.36205 0.02631 0.35824 0.00088 0.59747 0.04341 0.60597 4.363e+12 0.25261
3.480 1047.760 0.21691 0.00053 0.36196 0.02624 0.35816 0.00088 0.59765 0.04332 0.60564 4.361e+12 0.25268
3.485 1047.469 0.21674 0.00053 0.36187 0.02616 0.35808 0.00088 0.59783 0.04322 0.60530 4.358e+12 0.25276
3.490 1047.179 0.21658 0.00053 0.36178 0.02609 0.35799 0.00087 0.59801 0.04313 0.60497 4.356e+12 0.25283
3.495 1046.889 0.21641 0.00052 0.36169 0.02602 0.35791 0.00087 0.59819 0.04303 0.60464 4.353e+12 0.25290
3.500 1046.599 0.21624 0.00052 0.36160 0.02595 0.35783 0.00086 0.59837 0.04293 0.60431 4.351e+12 0.25298
3.505 1046.310 0.21607 0.00052 0.36151 0.02587 0.35775 0.00086 0.59855 0.04284 0.60398 4.349e+12 0.25305
3.510 1046.021 0.21591 0.00052 0.36142 0.02580 0.35767 0.00086 0.59873 0.04274 0.60364 4.346e+12 0.25313
3.515 1045.732 0.21574 0.00051 0.36133 0.02573 0.35759 0.00085 0.59891 0.04265 0.60331 4.344e+12 0.25320
3.520 1045.443 0.21557 0.00051 0.36124 0.02566 0.35751 0.00085 0.59909 0.04255 0.60298 4.341e+12 0.25327
3.525 1045.155 0.21540 0.00051 0.36115 0.02559 0.35743 0.00084 0.59927 0.04246 0.60265 4.339e+12 0.25335
3.530 1044.867 0.21524 0.00051 0.36106 0.02552 0.35735 0.00084 0.59945 0.04236 0.60232 4.337e+12 0.25342
3.535 1044.579 0.21507 0.00050 0.36097 0.02545 0.35726 0.00084 0.59963 0.04227 0.60199 4.334e+12 0.25349
3.540 1044.291 0.21490 0.00050 0.36088 0.02538 0.35718 0.00083 0.59981 0.04218 0.60167 4.332e+12 0.25357
3.545 1044.004 0.21474 0.00050 0.36079 0.02531 0.35710 0.00083 0.59999 0.04208 0.60134 4.330e+12 0.25364
3.550 1043.717 0.21457 0.00050 0.36070 0.02524 0.35702 0.00083 0.60017 0.04199 0.60101 4.327e+12 0.25372
3.555 1043.431 0.21441 0.00049 0.36062 0.02517 0.35694 0.00082 0.60034 0.04189 0.60068 4.325e+12 0.25379
3.560 1043.144 0.21424 0.00049 0.36053 0.02510 0.35686 0.00082 0.60052 0.04180 0.60035 4.323e+12 0.25386
3.565 1042.858 0.21407 0.00049 0.36044 0.02503 0.35677 0.00082 0.60070 0.04171 0.60003 4.320e+12 0.25394
3.570 1042.572 0.21391 0.00049 0.36035 0.02496 0.35669 0.00081 0.60088 0.04162 0.59970 4.318e+12 0.25401
3.575 1042.286 0.21374 0.00048 0.36026 0.02489 0.35661 0.00081 0.60106 0.04152 0.59937 4.315e+12 0.25408
3.580 1042.001 0.21358 0.00048 0.36017 0.02482 0.35653 0.00081 0.60124 0.04143 0.59905 4.313e+12 0.25416
3.585 1041.716 0.21341 0.00048 0.36008 0.02475 0.35644 0.00080 0.60142 0.04134 0.59872 4.311e+12 0.25423
3.590 1041.431 0.21325 0.00048 0.35999 0.02468 0.35636 0.00080 0.60159 0.04125 0.59840 4.308e+12 0.25431
3.595 1041.146 0.21308 0.00048 0.35990 0.02461 0.35628 0.00079 0.60177 0.04115 0.59807 4.306e+12 0.25438
3.600 1040.862 0.21292 0.00047 0.35981 0.02454 0.35620 0.00079 0.60195 0.04106 0.59775 4.304e+12 0.25445
3.605 1040.578 0.21275 0.00047 0.35972 0.02448 0.35611 0.00079 0.60213 0.04097 0.59742 4.301e+12 0.25453
3.610 1040.294 0.21259 0.00047 0.35964 0.02441 0.35603 0.00078 0.60231 0.04088 0.59710 4.299e+12 0.25460
3.615 1040.011 0.21242 0.00047 0.35955 0.02434 0.35595 0.00078 0.60248 0.04079 0.59677 4.297e+12 0.25467
3.620 1039.728 0.21226 0.00046 0.35946 0.02427 0.35587 0.00078 0.60266 0.04070 0.59645 4.294e+12 0.25475
3.625 1039.445 0.21209 0.00046 0.35937 0.02421 0.35578 0.00077 0.60284 0.04061 0.59613 4.292e+12 0.25482
3.630 1039.162 0.21193 0.00046 0.35928 0.02414 0.35570 0.00077 0.60301 0.04052 0.59581 4.290e+12 0.25489
3.635 1038.879 0.21176 0.00046 0.35919 0.02407 0.35562 0.00077 0.60319 0.04043 0.59548 4.287e+12 0.25497
3.640 1038.597 0.21160 0.00045 0.35910 0.02401 0.35553 0.00076 0.60337 0.04034 0.59516 4.285e+12 0.25504
3.645 1038.315 0.21144 0.00045 0.35901 0.02394 0.35545 0.00076 0.60355 0.04024 0.59484 4.283e+12 0.25511
3.650 1038.033 0.21127 0.00045 0.35892 0.02387 0.35537 0.00076 0.60372 0.04016 0.59452 4.281e+12 0.25519
3.655 1037.752 0.21111 0.00045 0.35884 0.02381 0.35528 0.00075 0.60390 0.04007 0.59420 4.278e+12 0.25526
3.660 1037.471 0.21094 0.00045 0.35875 0.02374 0.35520 0.00075 0.60407 0.03998 0.59388 4.276e+12 0.25533
3.665 1037.190 0.21078 0.00044 0.35866 0.02368 0.35511 0.00075 0.60425 0.03989 0.59356 4.274e+12 0.25541
3.670 1036.909 0.21062 0.00044 0.35857 0.02361 0.35503 0.00074 0.60443 0.03980 0.59324 4.271e+12 0.25548
3.675 1036.629 0.21045 0.00044 0.35848 0.02354 0.35495 0.00074 0.60460 0.03971 0.59292 4.269e+12 0.25555
3.680 1036.349 0.21029 0.00044 0.35839 0.02348 0.35486 0.00074 0.60478 0.03962 0.59260 4.267e+12 0.25563
3.685 1036.069 0.21013 0.00043 0.35830 0.02341 0.35478 0.00073 0.60495 0.03953 0.59228 4.264e+12 0.25570
3.690 1035.789 0.20997 0.00043 0.35821 0.02335 0.35469 0.00073 0.60513 0.03944 0.59196 4.262e+12 0.25577
3.695 1035.510 0.20980 0.00043 0.35813 0.02328 0.35461 0.00073 0.60531 0.03936 0.59164 4.260e+12 0.25584
3.700 1035.231 0.20964 0.00043 0.35804 0.02322 0.35453 0.00072 0.60548 0.03927 0.59133 4.258e+12 0.25592
3.705 1034.952 0.20948 0.00043 0.35795 0.02316 0.35444 0.00072 0.60566 0.03918 0.59101 4.255e+12 0.25599
3.710 1034.673 0.20932 0.00042 0.35786 0.02309 0.35436 0.00072 0.60583 0.03909 0.59069 4.253e+12 0.25606
3.715 1034.395 0.20915 0.00042 0.35777 0.02303 0.35427 0.00072 0.60601 0.03900 0.59037 4.251e+12 0.25614
3.720 1034.117 0.20899 0.00042 0.35768 0.02296 0.35419 0.00071 0.60618 0.03892 0.59006 4.248e+12 0.25621
3.725 1033.839 0.20883 0.00042 0.35759 0.02290 0.35410 0.00071 0.60636 0.03883 0.58974 4.246e+12 0.25628
3.730 1033.562 0.20867 0.00042 0.35751 0.02284 0.35402 0.00071 0.60653 0.03874 0.58943 4.244e+12 0.25636
3.735 1033.284 0.20851 0.00041 0.35742 0.02277 0.35393 0.00070 0.60671 0.03866 0.58911 4.242e+12 0.25643
3.740 1033.007 0.20834 0.00041 0.35733 0.02271 0.35385 0.00070 0.60688 0.03857 0.58879 4.239e+12 0.25650
3.745 1032.730 0.20818 0.00041 0.35724 0.02265 0.35376 0.00070 0.60706 0.03848 0.58848 4.237e+12 0.25657
3.750 1032.454 0.20802 0.00041 0.35715 0.02258 0.35368 0.00069 0.60723 0.03840 0.58817 4.235e+12 0.25665
3.755 1032.178 0.20786 0.00041 0.35706 0.02252 0.35359 0.00069 0.60740 0.03831 0.58785 4.233e+12 0.25672
3.760 1031.902 0.20770 0.00040 0.35697 0.02246 0.35351 0.00069 0.60758 0.03823 0.58754 4.230e+12 0.25679
3.765 1031.626 0.20754 0.00040 0.35689 0.02240 0.35342 0.00068 0.60775 0.03814 0.58722 4.228e+12 0.25687
3.770 1031.350 0.20738 0.00040 0.35680 0.02233 0.35334 0.00068 0.60793 0.03805 0.58691 4.226e+12 0.25694
3.775 1031.075 0.20722 0.00040 0.35671 0.02227 0.35325 0.00068 0.60810 0.03797 0.58660 4.224e+12 0.25701
3.780 1030.800 0.20706 0.00040 0.35662 0.02221 0.35317 0.00068 0.60827 0.03788 0.58629 4.221e+12 0.25708
3.785 1030.525 0.20690 0.00039 0.35653 0.02215 0.35308 0.00067 0.60845 0.03780 0.58597 4.219e+12 0.25716
3.790 1030.251 0.20674 0.00039 0.35645 0.02209 0.35300 0.00067 0.60862 0.03772 0.58566 4.217e+12 0.25723
3.795 1029.976 0.20658 0.00039 0.35636 0.02203 0.35291 0.00067 0.60879 0.03763 0.58535 4.215e+12 0.25730
3.800 1029.702 0.20642 0.00039 0.35627 0.02197 0.35282 0.00066 0.60897 0.03755 0.58504 4.212e+12 0.25737
3.805 1029.429 0.20626 0.00039 0.35618 0.02191 0.35274 0.00066 0.60914 0.03746 0.58473 4.210e+12 0.25745
3.810 1029.155 0.20610 0.00038 0.35609 0.02184 0.35265 0.00066 0.60931 0.03738 0.58442 4.208e+12 0.25752
3.815 1028.882 0.20594 0.00038 0.35600 0.02178 0.35257 0.00066 0.60948 0.03729 0.58411 4.206e+12 0.25759
3.820 1028.609 0.20578 0.00038 0.35592 0.02172 0.35248 0.00065 0.60966 0.03721 0.58380 4.203e+12 0.25766
3.825 1028.336 0.20562 0.00038 0.35583 0.02166 0.35239 0.00065 0.60983 0.03713 0.58349 4.201e+12 0.25774
3.830 1028.063 0.20546 0.00038 0.35574 0.02160 0.35231 0.00065 0.61000 0.03704 0.58318 4.199e+12 0.25781
3.835 1027.791 0.20530 0.00038 0.35565 0.02154 0.35222 0.00064 0.61017 0.03696 0.58287 4.197e+12 0.25788
3.840 1027.519 0.20514 0.00037 0.35556 0.02148 0.35213 0.00064 0.61035 0.03688 0.58256 4.194e+12 0.25795
3.845 1027.247 0.20498 0.00037 0.35548 0.02142 0.35205 0.00064 0.61052 0.03680 0.58225 4.192e+12 0.25803
3.850 1026.976 0.20482 0.00037 0.35539 0.02136 0.35196 0.00064 0.61069 0.03671 0.58195 4.190e+12 0.25810
3.855 1026.704 0.20466 0.00037 0.35530 0.02131 0.35188 0.00063 0.61086 0.03663 0.58164 4.188e+12 0.25817
3.860 1026.433 0.20451 0.00037 0.35521 0.02125 0.35179 0.00063 0.61103 0.03655 0.58133 4.186e+12 0.25824
3.865 1026.163 0.20435 0.00036 0.35512 0.02119 0.35170 0.00063 0.61120 0.03647 0.58102 4.183e+12 0.25831
3.870 1025.892 0.20419 0.00036 0.35504 0.02113 0.35161 0.00062 0.61138 0.03638 0.58072 4.181e+12 0.25839
3.875 1025.622 0.20403 0.00036 0.35495 0.02107 0.35153 0.00062 0.61155 0.03630 0.58041 4.179e+12 0.25846
3.880 1025.352 0.20387 0.00036 0.35486 0.02101 0.35144 0.00062 0.61172 0.03622 0.58010 4.177e+12 0.25853
3.885 1025.082 0.20371 0.00036 0.35477 0.02095 0.35135 0.00062 0.61189 0.03614 0.57980 4.175e+12 0.25860
3.890 1024.812 0.20356 0.00036 0.35469 0.02090 0.35127 0.00061 0.61206 0.03606 0.57949 4.172e+12 0.25868
3.895 1024.543 0.20340 0.00035 0.35460 0.02084 0.35118 0.00061 0.61223 0.03598 0.57919 4.170e+12 0.25875
3.900 1024.274 0.20324 0.00035 0.35451 0.02078 0.35109 0.00061 0.61240 0.03590 0.57888 4.168e+12 0.25882
3.905 1024.005 0.20308 0.00035 0.35442 0.02072 0.35100 0.00061 0.61257 0.03582 0.57858 4.166e+12 0.25889
3.910 1023.736 0.20293 0.00035 0.35433 0.02067 0.35092 0.00060 0.61274 0.03574 0.57827 4.164e+12 0.25896
3.915 1023.468 0.20277 0.00035 0.35425 0.02061 0.35083 0.00060 0.61291 0.03566 0.57797 4.161e+12 0.25904
3.920 1023.200 0.20261 0.00035 0.35416 0.02055 0.35074 0.00060 0.61308 0.03558 0.57767 4.159e+12 0.25911
3.925 1022.932 0.20246 0.00034 0.35407 0.02049 0.35065 0.00059 0.61326 0.03550 0.57736 4.157e+12 0.25918
3.930 1022.664 0.20230 0.00034 0.35398 0.02044 0.35057 0.00059 0.61343 0.03542 0.57706 4.155e+12 0.25925
3.935 1022.397 0.20214 0.00034 0.35390 0.02038 0.35048 0.00059 0.61360 0.03534 0.57676 4.153e+12 0.25932
3.940 1022.130 0.20199 0.00034 0.35381 0.02032 0.35039 0.00059 0.61376 0.03526 0.57646 4.150e+12 0.25939
3.945 1021.863 0.20183 0.00034 0.35372 0.02027 0.35030 0.00058 0.61393 0.03518 0.57615 4.148e+12 0.25947
3.950 1021.596 0.20167 0.00034 0.35363 0.02021 0.35022 0.00058 0.61410 0.03510 0.57585 4.146e+12 0.25954
3.955 1021.329 0.20152 0.00033 0.35355 0.02016 0.35013 0.00058 0.61427 0.03502 0.57555 4.144e+12 0.25961
3.960 1021.063 0.20136 0.00033 0.35346 0.02010 0.35004 0.00058 0.61444 0.03494 0.57525 4.142e+12 0.25968
3.965 1020.797 0.20120 0.00033 0.35337 0.02004 0.34995 0.00057 0.61461 0.03486 0.57495 4.140e+12 0.25975
3.970 1020.532 0.20105 0.00033 0.35328 0.01999 0.34986 0.00057 0.61478 0.03478 0.57465 4.137e+12 0.25983
3.975 1020.266 0.20089 0.00033 0.35320 0.01993 0.34977 0.00057 0.61495 0.03471 0.57435 4.135e+12 0.25990
3.980 1020.001 0.20074 0.00033 0.35311 0.01988 0.34969 0.00057 0.61512 0.03463 0.57405 4.133e+12 0.25997
3.985 1019.736 0.20058 0.00032 0.35302 0.01982 0.34960 0.00056 0.61529 0.03455 0.57375 4.131e+12 0.26004
3.990 1019.471 0.20043 0.00032 0.35293 0.01977 0.34951 0.00056 0.61546 0.03447 0.57345 4.129e+12 0.26011
3.995 1019.206 0.20027 0.00032 0.35285 0.01971 0.34942 0.00056 0.61563 0.03439 0.57315 4.127e+12 0.26018
4.000 1018.942 0.20012 0.00032 0.35276 0.01966 0.34933 0.00056 0.61579 0.03432 0.57285 4.125e+12 0.26026
4.005 1018.678 0.19996 0.00032 0.35267 0.01960 0.34924 0.00055 0.61596 0.03424 0.57255 4.122e+12 0.26033
4.010 1018.414 0.19981 0.00032 0.35258 0.01955 0.34915 0.00055 0.61613 0.03416 0.57226 4.120e+12 0.26040
4.015 1018.151 0.19965 0.00031 0.35250 0.01950 0.34907 0.00055 0.61630 0.03409 0.57196 4.118e+12 0.26047
4.020 1017.887 0.19950 0.00031 0.35241 0.01944 0.34898 0.00055 0.61647 0.03401 0.57166 4.116e+12 0.26054
4.025 1017.624 0.19934 0.00031 0.35232 0.01939 0.34889 0.00054 0.61664 0.03393 0.57136 4.114e+12 0.26061
4.030 1017.361 0.19919 0.00031 0.35224 0.01933 0.34880 0.00054 0.61680 0.03386 0.57107 4.112e+12 0.26068
4.035 1017.098 0.19903 0.00031 0.35215 0.01928 0.34871 0.00054 0.61697 0.03378 0.57077 4.110e+12 0.26076
4.040 1016.836 0.19888 0.00031 0.35206 0.01923 0.34862 0.00054 0.61714 0.03370 0.57047 4.107e+12 0.26083
4.045 1016.574 0.19872 0.00031 0.35197 0.01917 0.34853 0.00054 0.61731 0.03363 0.57018 4.105e+12 0.26090
4.050 1016.312 0.19857 0.00030 0.35189 0.01912 0.34844 0.00053 0.61747 0.03355 0.56988 4.103e+12 0.26097
4.055 1016.050 0.19842 0.00030 0.35180 0.01907 0.34835 0.00053 0.61764 0.03348 0.56959 4.101e+12 0.26104
4.060 1015.789 0.19826 0.00030 0.35171 0.01901 0.34826 0.00053 0.61781 0.03340 0.56929 4.099e+12 0.26111
4.065 1015.527 0.19811 0.00030 0.35163 0.01896 0.34817 0.00053 0.61798 0.03332 0.56900 4.097e+12 0.26118
4.070 1015.266 0.19796 0.00030 0.35154 0.01891 0.34808 0.00052 0.61814 0.03325 0.56870 4.095e+12 0.26125
4.075 1015.005 0.19780 0.00030 0.35145 0.01886 0.34799 0.00052 0.61831 0.03317 0.56841 4.093e+12 0.26132
4.080 1014.745 0.19765 0.00029 0.35136 0.01880 0.34790 0.00052 0.61848 0.03310 0.56811 4.090e+12 0.26140
4.085 1014.485 0.19750 0.00029 0.35128 0.01875 0.34781 0.00052 0.61864 0.03303 0.56782 4.088e+12 0.26147
4.090 1014.224 0.19734 0.00029 0.35119 0.01870 0.34772 0.00051 0.61881 0.03295 0.56753 4.086e+12 0.26154
4.095 1013.965 0.19719 0.00029 0.35110 0.01865 0.34764 0.00051 0.61898 0.03288 0.56723 4.084e+12 0.26161
4.100 1013.705 0.19704 0.00029 0.35102 0.01860 0.34755 0.00051 0.61914 0.03280 0.56694 4.082e+12 0.26168
4.105 1013.445 0.19688 0.00029 0.35093 0.01855 0.34746 0.00051 0.61931 0.03273 0.56665 4.080e+12 0.26175
4.110 1013.186 0.19673 0.00029 0.35084 0.01849 0.34737 0.00051 0.61948 0.03265 0.56636 4.078e+12 0.26182
4.115 1012.927 0.19658 0.00028 0.35076 0.01844 0.34727 0.00050 0.61964 0.03258 0.56606 4.076e+12 0.26189
4.120 1012.669 0.19643 0.00028 0.35067 0.01839 0.34718 0.00050 0.61981 0.03251 0.56577 4.074e+12 0.26196
4.125 1012.410 0.19628 0.00028 0.35058 0.01834 0.34709 0.00050 0.61997 0.03243 0.56548 4.071e+12 0.26203
4.130 1012.152 0.19612 0.00028 0.35050 0.01829 0.34700 0.00050 0.62014 0.03236 0.56519 4.069e+12 0.26211
4.135 1011.894 0.19597 0.00028 0.35041 0.01824 0.34691 0.00049 0.62030 0.03229 0.56490 4.067e+12 0.26218
4.140 1011.636 0.19582 0.00028 0.35032 0.01819 0.34682 0.00049 0.62047 0.03221 0.56461 4.065e+12 0.26225
4.145 1011.378 0.19567 0.00028 0.35024 0.01814 0.34673 0.00049 0.62064 0.03214 0.56432 4.063e+12 0.26232
4.150 1011.121 0.19552 0.00028 0.35015 0.01809 0.34664 0.00049 0.62080 0.03207 0.56403 4.061e+12 0.26239
4.155 1010.864 0.19536 0.00027 0.35006 0.01804 0.34655 0.00049 0.62097 0.03200 0.56374 4.059e+12 0.26246
4.160 1010.607 0.19521 0.00027 0.34998 0.01799 0.34646 0.00048 0.62113 0.03192 0.56345 4.057e+12 0.26253
4.165 1010.350 0.19506 0.00027 0.34989 0.01794 0.34637 0.00048 0.62130 0.03185 0.56316 4.055e+12 0.26260
4.170 1010.094 0.19491 0.00027 0.34980 0.01789 0.34628 0.00048 0.62146 0.03178 0.56287 4.053e+12 0.26267
4.175 1009.837 0.19476 0.00027 0.34972 0.01784 0.34619 0.00048 0.62163 0.03171 0.56258 4.051e+12 0.26274
4.180 1009.581 0.19461 0.00027 0.34963 0.01779 0.34610 0.00048 0.62179 0.03164 0.56230 4.049e+12 0.26281
4.185 1009.325 0.19446 0.00027 0.34954 0.01774 0.34601 0.00047 0.62195 0.03157 0.56201 4.046e+12 0.26288
4.190 1009.070 0.19431 0.00026 0.34946 0.01769 0.34592 0.00047 0.62212 0.03149 0.56172 4.044e+12 0.26295
4.195 1008.815 0.19416 0.00026 0.34937 0.01764 0.34582 0.00047 0.62228 0.03142 0.56143 4.042e+12 0.26302
4.200 1008.559 0.19401 0.00026 0.34928 0.01759 0.34573 0.00047 0.62245 0.03135 0.56115 4.040e+12 0.26309
4.205 1008.304 0.19386 0.00026 0.34920 0.01754 0.34564 0.00046 0.62261 0.03128 0.56086 4.038e+12 0.26316
4.210 1008.050 0.19371 0.00026 0.34911 0.01750 0.34555 0.00046 0.62278 0.03121 0.56057 4.036e+12 0.26323
4.215 1007.795 0.19356 0.00026 0.34902 0.01745 0.34546 0.00046 0.62294 0.03114 0.56029 4.034e+12 0.26331
4.220 1007.541 0.19341 0.00026 0.34894 0.01740 0.34537 0.00046 0.62310 0.03107 0.56000 4.032e+12 0.26338
4.225 1007.287 0.19326 0.00026 0.34885 0.01735 0.34528 0.00046 0.62327 0.03100 0.55971 4.030e+12 0.26345
4.230 1007.033 0.19311 0.00025 0.34877 0.01730 0.34519 0.00045 0.62343 0.03093 0.55943 4.028e+12 0.26352
4.235 1006.780 0.19296 0.00025 0.34868 0.01725 0.34509 0.00045 0.62359 0.03086 0.55914 4.026e+12 0.26359
4.240 1006.526 0.19281 0.00025 0.34859 0.01721 0.34500 0.00045 0.62376 0.03079 0.55886 4.024e+12 0.26366
4.245 1006.273 0.19266 0.00025 0.34851 0.01716 0.34491 0.00045 0.62392 0.03072 0.55857 4.022e+12 0.26373
4.250 1006.020 0.19251 0.00025 0.34842 0.01711 0.34482 0.00045 0.62408 0.03065 0.55829 4.020e+12 0.26380
4.255 1005.768 0.19236 0.00025 0.34833 0.01706 0.34473 0.00044 0.62425 0.03058 0.55801 4.018e+12 0.26387
4.260 1005.515 0.19221 0.00025 0.34825 0.01702 0.34464 0.00044 0.62441 0.03051 0.55772 4.016e+12 0.26394
4.265 1005.263 0.19206 0.00025 0.34816 0.01697 0.34454 0.00044 0.62457 0.03044 0.55744 4.014e+12 0.26401
4.270 1005.011 0.19191 0.00024 0.34808 0.01692 0.34445 0.00044 0.62474 0.03037 0.55716 4.012e+12 0.26408
4.275 1004.759 0.19176 0.00024 0.34799 0.01688 0.34436 0.00044 0.62490 0.03030 0.55687 4.009e+12 0.26415
4.280 1004.507 0.19162 0.00024 0.34790 0.01683 0.34427 0.00043 0.62506 0.03024 0.55659 4.007e+12 0.26422
4.285 1004.256 0.19147 0.00024 0.34782 0.01678 0.34418 0.00043 0.62522 0.03017 0.55631 4.005e+12 0.26429
4.290 1004.005 0.19132 0.00024 0.34773 0.01674 0.34408 0.00043 0.62539 0.03010 0.55603 4.003e+12 0.26436
4.295 1003.754 0.19117 0.00024 0.34765 0.01669 0.34399 0.00043 0.62555 0.03003 0.55574 4.001e+12 0.26443
4.300 1003.503 0.19102 0.00024 0.34756 0.01664 0.34390 0.00043 0.62571 0.02996 0.55546 3.999e+12 0.26450
4.305 1003.253 0.19088 0.00024 0.34747 0.01660 0.34381 0.00043 0.62587 0.02989 0.55518 3.997e+12 0.26457
4.310 1003.002 0.19073 0.00024 0.34739 0.01655 0.34371 0.00042 0.62604 0.02983 0.55490 3.995e+12 0.26464
4.315 1002.752 0.19058 0.00023 0.34730 0.01651 0.34362 0.00042 0.62620 0.02976 0.55462 3.993e+12 0.26471
4.320 1002.502 0.19043 0.00023 0.34722 0.01646 0.34353 0.00042 0.62636 0.02969 0.55434 3.991e+12 0.26478
4.325 1002.253 0.19028 0.00023 0.34713 0.01641 0.34344 0.00042 0.62652 0.02962 0.55406 3.989e+12 0.26485
4.330 1002.003 0.19014 0.00023 0.34704 0.01637 0.34334 0.00042 0.62668 0.02956 0.55378 3.987e+12 0.26492
4.335 1001.754 0.18999 0.00023 0.34696 0.01632 0.34325 0.00041 0.62684 0.02949 0.55350 3.985e+12 0.26499
4.340 1001.505 0.18984 0.00023 0.34687 0.01628 0.34316 0.00041 0.62701 0.02942 0.55322 3.983e+12 0.26506
4.345 1001.256 0.18970 0.00023 0.34679 0.01623 0.34307 0.00041 0.62717 0.02936 0.55294 3.981e+12 0.26512
4.350 1001.008 0.18955 0.00023 0.34670 0.01619 0.34297 0.00041 0.62733 0.02929 0.55266 3.979e+12 0.26519
4.355 1000.759 0.18940 0.00022 0.34661 0.01614 0.34288 0.00041 0.62749 0.02922 0.55238 3.977e+12 0.26526
4.360 1000.511 0.18925 0.00022 0.34653 0.01610 0.34279 0.00041 0.62765 0.02916 0.55211 3.975e+12 0.26533
4.365 1000.263 0.18911 0.00022 0.34644 0.01605 0.34269 0.00040 0.62781 0.02909 0.55183 3.973e+12 0.26540
4.370 1000.016 0.18896 0.00022 0.34636 0.01601 0.34260 0.00040 0.62797 0.02903 0.55155 3.971e+12 0.26547
4.375 999.768 0.18882 0.00022 0.34627 0.01596 0.34251 0.00040 0.62813 0.02896 0.55127 3.969e+12 0.26554
4.380 999.521 0.18867 0.00022 0.34619 0.01592 0.34242 0.00040 0.62829 0.02889 0.55099 3.967e+12 0.26561
4.385 999.274 0.18852 0.00022 0.34610 0.01588 0.34232 0.00040 0.62845 0.02883 0.55072 3.965e+12 0.26568
4.390 999.027 0.18838 0.00022 0.34601 0.01583 0.34223 0.00039 0.62861 0.02876 0.55044 3.963e+12 0.26575
4.395 998.780 0.18823 0.00022 0.34593 0.01579 0.34214 0.00039 0.62877 0.02870 0.55016 3.961e+12 0.26582
4.400 998.534 0.18808 0.00022 0.34584 0.01574 0.34204 0.00039 0.62893 0.02863 0.54989 3.959e+12 0.26589
4.405 998.288 0.18794 0.00021 0.34576 0.01570 0.34195 0.00039 0.62909 0.02857 0.54961 3.957e+12 0.26596
4.410 998.042 0.18779 0.00021 0.34567 0.01566 0.34186 0.00039 0.62925 0.02850 0.54934 3.955e+12 0.26603
4.415 997.796 0.18765 0.00021 0.34559 0.01561 0.34176 0.00039 0.62941 0.02844 0.54906 3.953e+12 0.26610
4.420 997.550 0.18750 0.00021 0.34550 0.01557 0.34167 0.00038 0.62957 0.02837 0.54879 3.951e+12 0.26617
4.425 997.305 0.18736 0.00021 0.34542 0.01553 0.34158 0.00038 0.62973 0.02831 0.54851 3.949e+12 0.26623
4.430 997.060 0.18721 0.00021 0.34533 0.01548 0.34148 0.00038 0.62989 0.02824 0.54824 3.947e+12 0.26630
4.435 996.815 0.18707 0.00021 0.34524 0.01544 0.34139 0.00038 0.63005 0.02818 0.54796 3.945e+12 0.26637
4.440 996.570 0.18692 0.00021 0.34516 0.01540 0.34129 0.00038 0.63021 0.02812 0.54769 3.943e+12 0.26644
4.445 996.325 0.18678 0.00021 0.34507 0.01536 0.34120 0.00038 0.63037 0.02805 0.54741 3.941e+12 0.26651
4.450 996.081 0.18663 0.00020 0.34499 0.01531 0.34111 0.00037 0.63053 0.02799 0.54714 3.939e+12 0.26658
4.455 995.837 0.18649 0.00020 0.34490 0.01527 0.34101 0.00037 0.63069 0.02793 0.54687 3.937e+12 0.26665
4.460 995.593 0.18634 0.00020 0.34482 0.01523 0.34092 0.00037 0.63085 0.02786 0.54659 3.935e+12 0.26672
4.465 995.349 0.18620 0.00020 0.34473 0.01519 0.34082 0.00037 0.63101 0.02780 0.54632 3.934e+12 0.26679
4.470 995.106 0.18606 0.00020 0.34465 0.01514 0.34073 0.00037 0.63117 0.02774 0.54605 3.932e+12 0.26686
4.475 994.862 0.18591 0.00020 0.34456 0.01510 0.34064 0.00037 0.63133 0.02767 0.54578 3.930e+12 0.26692
4.480 994.619 0.18577 0.00020 0.34448 0.01506 0.34054 0.00036 0.63148 0.02761 0.54550 3.928e+12 0.26699
4.485 994.376 0.18562 0.00020 0.34439 0.01502 0.34045 0.00036 0.63164 0.02755 0.54523 3.926e+12 0.26706
4.490 994.134 0.18548 0.00020 0.34431 0.01498 0.34035 0.00036 0.63180 0.02748 0.54496 3.924e+12 0.26713
4.495 993.891 0.18534 0.00020 0.34422 0.01494 0.34026 0.00036 0.63196 0.02742 0.54469 3.922e+12 0.26720
4.500 993.649 0.18519 0.00019 0.34414 0.01489 0.34017 0.00036 0.63212 0.02736 0.54442 3.920e+12 0.26727
4.505 993.407 0.18505 0.00019 0.34405 0.01485 0.34007 0.00036 0.63228 0.02730 0.54415 3.918e+12 0.26734
4.510 993.165 0.18491 0.00019 0.34397 0.01481 0.33998 0.00035 0.63243 0.02723 0.54388 3.916e+12 0.26741
4.515 992.923 0.18476 0.00019 0.34388 0.01477 0.33988 0.00035 0.63259 0.02717 0.54361 3.914e+12 0.26747
4.520 992.682 0.18462 0.00019 0.34379 0.01473 0.33979 0.00035 0.63275 0.02711 0.54334 3.912e+12 0.26754
4.525 992.441 0.18448 0.00019 0.34371 0.01469 0.33969 0.00035 0.63291 0.02705 0.54307 3.910e+12 0.26761
4.530 992.199 0.18433 0.00019 0.34362 0.01465 0.33960 0.00035 0.63306 0.02699 0.54280 3.908e+12 0.26768
4.535 991.959 0.18419 0.00019 0.34354 0.01461 0.33950 0.00035 0.63322 0.02693 0.54253 3.906e+12 0.26775
4.540 991.718 0.18405 0.00019 0.34345 0.01457 0.33941 0.00035 0.63338 0.02686 0.54226 3.904e+12 0.26782
4.545 991.478 0.18390 0.00019 0.34337 0.01453 0.33932 0.00034 0.63354 0.02680 0.54199 3.902e+12 0.26789
4.550 991.237 0.18376 0.00019 0.34328 0.01449 0.33922 0.00034 0.63369 0.02674 0.54172 3.900e+12 0.26795
4.555 990.997 0.18362 0.00018 0.34320 0.01445 0.33913 0.00034 0.63385 0.02668 0.54145 3.898e+12 0.26802
4.560 990.757 0.18348 0.00018 0.34311 0.01441 0.33903 0.00034 0.63401 0.02662 0.54118 3.897e+12 0.26809
4.565 990.518 0.18334 0.00018 0.34303 0.01437 0.33894 0.00034 0.63417 0.02656 0.54092 3.895e+12 0.26816
4.570 990.278 0.18319 0.00018 0.34295 0.01433 0.33884 0.00034 0.63432 0.02650 0.54065 3.893e+12 0.26823
4.575 990.039 0.18305 0.00018 0.34286 0.01429 0.33875 0.00034 0.63448 0.02644 0.54038 3.891e+12 0.26830
4.580 989.800 0.18291 0.00018 0.34278 0.01425 0.33865 0.00033 0.63464 0.02638 0.54011 3.889e+12 0.26836
4.585 989.561 0.18277 0.00018 0.34269 0.01421 0.33856 0.00033 0.63479 0.02632 0.53985 3.887e+12 0.26843
4.590 989.323 0.18263 0.00018 0.34261 0.01417 0.33846 0.00033 0.63495 0.02626 0.53958 3.885e+12 0.26850
4.595 989.084 0.18249 0.00018 0.34252 0.01413 0.33837 0.00033 0.63511 0.02620 0.53931 3.883e+12 0.26857
4.600 988.846 0.18234 0.00018 0.34244 0.01409 0.33827 0.00033 0.63526 0.02614 0.53905 3.881e+12 0.26864
4.605 988.608 0.18220 0.00018 0.34235 0.01405 0.33818 0.00033 0.63542 0.02608 0.53878 3.879e+12 0.26870
