0.000 1350.000 0.37200 0.01640 0.43000 0.181000.37200 0.01640 0.43000 0.18100 1.00000 1.800e+13 0.50000
0.005 1350.405 0.37229 0.01648 0.43011 0.18150 0.37215 0.01647 0.42994 0.18143 1.00038 1.801e+130.49934
0.010 1350.812 0.37258 0.01656 0.43021 0.18201 0.37207 0.01654 0.42963 0.18176 1.00136 1.802e+130.49898
0.015 1351.220 0.37287 0.01664 0.43032 0.18251 0.37199 0.01661 0.42931 0.18209 1.00234 1.804e+130.49862
0.020 1351.628 0.37315 0.01673 0.43043 0.18302 0.37192 0.01667 0.42900 0.18241 1.00333 1.806e+130.49825
0.025 1352.038 0.37344 0.01681 0.43053 0.18353 0.37184 0.01674 0.42868 0.18274 1.00431 1.808e+130.49789
0.030 1352.449 0.37373 0.01689 0.43064 0.18404 0.37176 0.01680 0.42837 0.18307 1.00530 1.810e+130.49752
0.035 1352.861 0.37402 0.01698 0.43075 0.18455 0.37168 0.01687 0.42805 0.18340 1.00629 1.811e+130.49716
0.040 1353.273 0.37431 0.01706 0.43085 0.18506 0.37161 0.01694 0.42773 0.18372 1.00729 1.813e+130.49679
0.045 1353.687 0.37460 0.01714 0.43096 0.18558 0.37153 0.01700 0.42742 0.18405 1.00828 1.815e+130.49642
0.050 1354.102 0.37489 0.01723 0.43107 0.18609 0.37145 0.01707 0.42710 0.18438 1.00928 1.817e+130.49605
0.055 1354.517 0.37518 0.01731 0.43117 0.18661 0.37137 0.01714 0.42678 0.18471 1.01028 1.819e+130.49568
0.060 1354.934 0.37548 0.01740 0.43128 0.18713 0.37129 0.01720 0.42647 0.18504 1.01128 1.820e+130.49531
0.065 1355.352 0.37577 0.01748 0.43139 0.18765 0.37121 0.01727 0.42615 0.18537 1.01229 1.822e+130.49494
0.070 1355.771 0.37606 0.01757 0.43149 0.18817 0.37113 0.01734 0.42583 0.18570 1.01329 1.824e+130.49457
0.075 1356.191 0.37635 0.01766 0.43160 0.18869 0.37104 0.01741 0.42551 0.18603 1.01430 1.826e+130.49420
0.080 1356.612 0.37664 0.01774 0.43171 0.18922 0.37096 0.01748 0.42520 0.18636 1.01531 1.828e+130.49382
0.085 1357.033 0.37693 0.01783 0.43181 0.18974 0.37088 0.01755 0.42488 0.18670 1.01632 1.829e+130.49345
0.090 1357.457 0.37723 0.01792 0.43192 0.19027 0.37080 0.01761 0.42456 0.18703 1.01734 1.831e+130.49307
0.095 1357.881 0.37752 0.01801 0.43203 0.19080 0.37071 0.01768 0.42424 0.18736 1.01835 1.833e+130.49269
0.100 1358.306 0.37781 0.01810 0.43213 0.19133 0.37063 0.01775 0.42392 0.18769 1.01937 1.835e+130.49232
0.105 1358.732 0.37810 0.01819 0.43224 0.19186 0.37055 0.01782 0.42360 0.18803 1.02039 1.837e+130.49194
0.110 1359.159 0.37840 0.01828 0.43235 0.19239 0.37046 0.01789 0.42328 0.18836 1.02142 1.839e+130.49156
0.115 1359.588 0.37869 0.01837 0.43245 0.19293 0.37038 0.01796 0.42296 0.18869 1.02244 1.840e+130.49118
0.120 1360.017 0.37898 0.01846 0.43256 0.19347 0.37029 0.01803 0.42264 0.18903 1.02347 1.842e+130.49080
0.125 1360.448 0.37928 0.01855 0.43267 0.19400 0.37021 0.01811 0.42232 0.18936 1.02450 1.844e+130.49041
0.130 1360.879 0.37957 0.01864 0.43278 0.19454 0.37012 0.01818 0.42200 0.18970 1.02553 1.846e+130.49003
0.135 1361.312 0.37987 0.01873 0.43288 0.19508 0.37004 0.01825 0.42168 0.19003 1.02656 1.848e+130.48965
0.140 1361.746 0.38016 0.01882 0.43299 0.19562 0.36995 0.01832 0.42136 0.19037 1.02760 1.850e+130.48926
0.145 1362.181 0.38046 0.01892 0.43310 0.19617 0.36986 0.01839 0.42104 0.19071 1.02864 1.852e+130.48887
0.150 1362.617 0.38075 0.01901 0.43320 0.19671 0.36978 0.01846 0.42072 0.19104 1.02968 1.853e+130.48849
0.155 1363.054 0.38105 0.01911 0.43331 0.19726 0.36969 0.01854 0.42040 0.19138 1.03072 1.855e+130.48810
0.160 1363.492 0.38134 0.01920 0.43342 0.19781 0.36960 0.01861 0.42007 0.19172 1.03177 1.857e+130.48771
0.165 1363.932 0.38164 0.01929 0.43353 0.19836 0.36951 0.01868 0.41975 0.19206 1.03281 1.859e+130.48732
0.170 1364.372 0.38193 0.01939 0.43363 0.19891 0.36942 0.01875 0.41943 0.19239 1.03386 1.861e+130.48693
0.175 1364.814 0.38223 0.01949 0.43374 0.19946 0.36933 0.01883 0.41911 0.19273 1.03492 1.863e+130.48654
0.180 1365.257 0.38252 0.01958 0.43385 0.20002 0.36924 0.01890 0.41878 0.19307 1.03597 1.865e+130.48614
0.185 1365.701 0.38282 0.01968 0.43396 0.20057 0.36915 0.01898 0.41846 0.19341 1.03703 1.867e+130.48575
0.190 1366.146 0.38312 0.01978 0.43406 0.20113 0.36906 0.01905 0.41814 0.19375 1.03809 1.869e+130.48535
0.195 1366.592 0.38342 0.01987 0.43417 0.20169 0.36897 0.01912 0.41781 0.19409 1.03915 1.870e+130.48496
0.200 1367.040 0.38371 0.01997 0.43428 0.20225 0.36888 0.01920 0.41749 0.19443 1.04021 1.872e+130.48456
0.205 1367.488 0.38401 0.02007 0.43439 0.20281 0.36879 0.01927 0.41717 0.19477 1.04128 1.874e+130.48416
0.210 1367.938 0.38431 0.02017 0.43449 0.20337 0.36870 0.01935 0.41684 0.19511 1.04234 1.876e+130.48376
0.215 1368.389 0.38461 0.02027 0.43460 0.20394 0.36860 0.01942 0.41652 0.19545 1.04341 1.878e+130.48336
0.220 1368.841 0.38490 0.02037 0.43471 0.20451 0.36851 0.01950 0.41619 0.19580 1.04449 1.880e+130.48296
0.225 1369.295 0.38520 0.02047 0.43482 0.20507 0.36842 0.01958 0.41587 0.19614 1.04556 1.882e+130.48256
0.230 1369.749 0.38550 0.02057 0.43492 0.20564 0.36832 0.01965 0.41554 0.19648 1.04664 1.884e+130.48216
0.235 1370.205 0.38580 0.02067 0.43503 0.20622 0.36823 0.01973 0.41522 0.19682 1.04772 1.886e+130.48175
0.240 1370.662 0.38610 0.02077 0.43514 0.20679 0.36813 0.01981 0.41489 0.19717 1.04880 1.888e+130.48135
0.245 1371.120 0.38640 0.02088 0.43525 0.20736 0.36804 0.01988 0.41457 0.19751 1.04988 1.890e+130.48094
0.250 1371.580 0.38670 0.02098 0.43535 0.20794 0.36794 0.01996 0.41424 0.19785 1.05097 1.892e+130.48053
0.255 1372.040 0.38700 0.02108 0.43546 0.20852 0.36785 0.02004 0.41391 0.19820 1.05206 1.894e+130.48013
0.260 1372.502 0.38730 0.02119 0.43557 0.20910 0.36775 0.02012 0.41359 0.19854 1.05315 1.896e+130.47972
0.265 1372.965 0.38760 0.02129 0.43568 0.20968 0.36765 0.02020 0.41326 0.19889 1.05424 1.898e+130.47931
0.270 1373.430 0.38790 0.02140 0.43579 0.21026 0.36756 0.02027 0.41293 0.19923 1.05534 1.900e+130.47889
0.275 1373.895 0.38820 0.02150 0.43589 0.21084 0.36746 0.02035 0.41261 0.19958 1.05644 1.902e+130.47848
0.280 1374.362 0.38850 0.02161 0.43600 0.21143 0.36736 0.02043 0.41228 0.19993 1.05754 1.904e+130.47807
0.285 1374.830 0.38880 0.02172 0.43611 0.21202 0.36726 0.02051 0.41195 0.20027 1.05864 1.906e+130.47765
0.290 1375.300 0.38910 0.02182 0.43622 0.21261 0.36716 0.02059 0.41162 0.20062 1.05975 1.908e+130.47724
0.295 1375.771 0.38940 0.02193 0.43633 0.21320 0.36707 0.02067 0.41129 0.20097 1.06086 1.910e+130.47682
0.300 1376.242 0.38971 0.02204 0.43643 0.21379 0.36697 0.02075 0.41097 0.20132 1.06197 1.912e+130.47640
0.305 1376.716 0.39001 0.02215 0.43654 0.21438 0.36687 0.02083 0.41064 0.20166 1.06308 1.914e+130.47598
0.310 1377.190 0.39031 0.02226 0.43665 0.21498 0.36677 0.02091 0.41031 0.20201 1.06420 1.916e+130.47556
0.315 1377.666 0.39061 0.02237 0.43676 0.21558 0.36666 0.02100 0.40998 0.20236 1.06532 1.918e+130.47514
0.320 1378.143 0.39092 0.02248 0.43687 0.21618 0.36656 0.02108 0.40965 0.20271 1.06644 1.920e+130.47472
0.325 1378.622 0.39122 0.02259 0.43697 0.21678 0.36646 0.02116 0.40932 0.20306 1.06756 1.922e+130.47430
0.330 1379.101 0.39152 0.02270 0.43708 0.21738 0.36636 0.02124 0.40899 0.20341 1.06868 1.924e+130.47387
0.335 1379.583 0.39183 0.02281 0.43719 0.21798 0.36626 0.02132 0.40866 0.20376 1.06981 1.926e+130.47345
0.340 1380.065 0.39213 0.02292 0.43730 0.21859 0.36615 0.02141 0.40833 0.20411 1.07094 1.928e+130.47302
0.345 1380.549 0.39243 0.02304 0.43741 0.21920 0.36605 0.02149 0.40800 0.20446 1.07207 1.930e+130.47259
0.350 1381.034 0.39274 0.02315 0.43751 0.21981 0.36595 0.02157 0.40767 0.20481 1.07321 1.932e+130.47217
0.355 1381.520 0.39304 0.02327 0.43762 0.22042 0.36584 0.02166 0.40734 0.20516 1.07435 1.934e+130.47174
0.360 1382.008 0.39335 0.02338 0.43773 0.22103 0.36574 0.02174 0.40701 0.20552 1.07549 1.936e+130.47130
0.365 1382.497 0.39365 0.02350 0.43784 0.22164 0.36563 0.02182 0.40668 0.20587 1.07663 1.938e+130.47087
0.370 1382.988 0.39396 0.02361 0.43795 0.22226 0.36553 0.02191 0.40634 0.20622 1.07778 1.940e+130.47044
0.375 1383.480 0.39426 0.02373 0.43806 0.22288 0.36542 0.02199 0.40601 0.20657 1.07893 1.942e+130.47000
0.380 1383.973 0.39457 0.02385 0.43816 0.22350 0.36532 0.02208 0.40568 0.20693 1.08008 1.944e+130.46957
0.385 1384.468 0.39487 0.02396 0.43827 0.22412 0.36521 0.02216 0.40535 0.20728 1.08123 1.946e+130.46913
0.390 1384.964 0.39518 0.02408 0.43838 0.22474 0.36510 0.02225 0.40501 0.20763 1.08238 1.948e+130.46869
0.395 1385.461 0.39549 0.02420 0.43849 0.22537 0.36499 0.02233 0.40468 0.20799 1.08354 1.950e+130.46825
0.400 1385.960 0.39579 0.02432 0.43860 0.22599 0.36489 0.02242 0.40435 0.20834 1.08470 1.952e+130.46781
0.405 1386.461 0.39610 0.02444 0.43871 0.22662 0.36478 0.02251 0.40402 0.20870 1.08587 1.955e+130.46737
0.410 1386.962 0.39641 0.02456 0.43882 0.22725 0.36467 0.02259 0.40368 0.20905 1.08703 1.957e+130.46693
0.415 1387.465 0.39672 0.02468 0.43892 0.22788 0.36456 0.02268 0.40335 0.20941 1.08820 1.959e+130.46649
0.420 1387.970 0.39702 0.02480 0.43903 0.22851 0.36445 0.02277 0.40301 0.20977 1.08937 1.961e+130.46604
0.425 1388.476 0.39733 0.02493 0.43914 0.22915 0.36434 0.02286 0.40268 0.21012 1.09055 1.963e+130.46560
0.430 1388.984 0.39764 0.02505 0.43925 0.22979 0.36423 0.02294 0.40235 0.21048 1.09172 1.965e+130.46515
0.435 1389.493 0.39795 0.02517 0.43936 0.23042 0.36412 0.02303 0.40201 0.21084 1.09290 1.967e+130.46470
0.440 1390.003 0.39826 0.02530 0.43947 0.23106 0.36401 0.02312 0.40168 0.21119 1.09409 1.969e+130.46425
0.445 1390.515 0.39856 0.02542 0.43958 0.23171 0.36390 0.02321 0.40134 0.21155 1.09527 1.971e+130.46380
0.450 1391.028 0.39887 0.02555 0.43969 0.23235 0.36378 0.02330 0.40101 0.21191 1.09646 1.974e+130.46335
0.455 1391.543 0.39918 0.02567 0.43979 0.23300 0.36367 0.02339 0.40067 0.21227 1.09765 1.976e+130.46289
0.460 1392.060 0.39949 0.02580 0.43990 0.23364 0.36356 0.02348 0.40033 0.21263 1.09884 1.978e+130.46244
0.465 1392.578 0.39980 0.02593 0.44001 0.23429 0.36344 0.02357 0.40000 0.21299 1.10003 1.980e+130.46198
0.470 1393.097 0.40011 0.02606 0.44012 0.23494 0.36333 0.02366 0.39966 0.21335 1.10123 1.982e+130.46153
0.475 1393.618 0.40042 0.02618 0.44023 0.23560 0.36322 0.02375 0.39933 0.21371 1.10243 1.984e+130.46107
0.480 1394.141 0.40073 0.02631 0.44034 0.23625 0.36310 0.02384 0.39899 0.21407 1.10364 1.987e+130.46061
0.485 1394.665 0.40104 0.02644 0.44045 0.23691 0.36299 0.02393 0.39865 0.21443 1.10484 1.989e+130.46015
0.490 1395.190 0.40135 0.02657 0.44056 0.23757 0.36287 0.02403 0.39832 0.21479 1.10605 1.991e+130.45969
0.495 1395.717 0.40167 0.02671 0.44067 0.23823 0.36275 0.02412 0.39798 0.21515 1.10726 1.993e+130.45922
0.500 1396.246 0.40198 0.02684 0.44078 0.23889 0.36264 0.02421 0.39764 0.21551 1.10848 1.995e+130.45876
0.505 1396.776 0.40229 0.02697 0.44088 0.23955 0.36252 0.02430 0.39730 0.21587 1.10969 1.997e+130.45830
0.510 1397.308 0.40260 0.02710 0.44099 0.24022 0.36240 0.02440 0.39696 0.21623 1.11091 2.000e+130.45783
0.515 1397.841 0.40291 0.02724 0.44110 0.24089 0.36229 0.02449 0.39663 0.21660 1.11214 2.002e+130.45736
0.520 1398.376 0.40322 0.02737 0.44121 0.24155 0.36217 0.02458 0.39629 0.21696 1.11336 2.004e+130.45689
0.525 1398.913 0.40354 0.02751 0.44132 0.24223 0.36205 0.02468 0.39595 0.21732 1.11459 2.006e+130.45642
0.530 1399.451 0.40385 0.02764 0.44143 0.24290 0.36193 0.02477 0.39561 0.21769 1.11582 2.008e+130.45595
0.535 1399.991 0.40416 0.02778 0.44154 0.24357 0.36181 0.02487 0.39527 0.21805 1.11706 2.011e+130.45548
0.540 1400.533 0.40448 0.02792 0.44165 0.24425 0.36169 0.02496 0.39493 0.21841 1.11829 2.013e+130.45500
0.545 1401.076 0.40479 0.02805 0.44176 0.24493 0.36157 0.02506 0.39459 0.21878 1.11953 2.015e+130.45452
0.550 1401.620 0.40510 0.02819 0.44187 0.24561 0.36145 0.02515 0.39425 0.21914 1.12077 2.017e+130.45405
0.555 1402.167 0.40542 0.02833 0.44198 0.24629 0.36133 0.02525 0.39391 0.21951 1.12202 2.020e+130.45357
0.560 1402.715 0.40573 0.02847 0.44209 0.24698 0.36121 0.02535 0.39357 0.21987 1.12327 2.022e+130.45309
0.565 1403.265 0.40605 0.02861 0.44220 0.24766 0.36109 0.02544 0.39323 0.22024 1.12452 2.024e+130.45261
0.570 1403.816 0.40636 0.02875 0.44231 0.24835 0.36096 0.02554 0.39289 0.22061 1.12577 2.026e+130.45213
0.575 1404.369 0.40668 0.02889 0.44241 0.24904 0.36084 0.02564 0.39255 0.22097 1.12703 2.029e+130.45164
0.580 1404.924 0.40699 0.02904 0.44252 0.24973 0.36072 0.02574 0.39221 0.22134 1.12829 2.031e+130.45116
0.585 1405.481 0.40731 0.02918 0.44263 0.25043 0.36059 0.02583 0.39187 0.22171 1.12955 2.033e+130.45067
0.590 1406.039 0.40762 0.02932 0.44274 0.25112 0.36047 0.02593 0.39153 0.22207 1.13082 2.035e+130.45018
0.595 1406.599 0.40794 0.02947 0.44285 0.25182 0.36034 0.02603 0.39118 0.22244 1.13208 2.038e+130.44970
0.600 1407.161 0.40826 0.02962 0.44296 0.25252 0.36022 0.02613 0.39084 0.22281 1.13335 2.040e+130.44920
0.605 1407.724 0.40857 0.02976 0.44307 0.25322 0.36009 0.02623 0.39050 0.22318 1.13463 2.042e+130.44871
0.610 1408.289 0.40889 0.02991 0.44318 0.25393 0.35997 0.02633 0.39016 0.22355 1.13591 2.045e+130.44822
0.615 1408.856 0.40921 0.03006 0.44329 0.25463 0.35984 0.02643 0.38981 0.22391 1.13719 2.047e+130.44773
0.620 1409.425 0.40952 0.03020 0.44340 0.25534 0.35971 0.02653 0.38947 0.22428 1.13847 2.049e+130.44723
0.625 1409.996 0.40984 0.03035 0.44351 0.25605 0.35959 0.02663 0.38913 0.22465 1.13976 2.052e+130.44673
0.630 1410.568 0.41016 0.03050 0.44362 0.25676 0.35946 0.02673 0.38879 0.22502 1.14104 2.054e+130.44623
0.635 1411.142 0.41048 0.03065 0.44373 0.25747 0.35933 0.02683 0.38844 0.22539 1.14234 2.056e+130.44573
0.640 1411.718 0.41079 0.03081 0.44384 0.25819 0.35920 0.02694 0.38810 0.22576 1.14363 2.059e+130.44523
0.645 1412.296 0.41111 0.03096 0.44395 0.25891 0.35907 0.02704 0.38775 0.22613 1.14493 2.061e+130.44473
0.650 1412.875 0.41143 0.03111 0.44406 0.25963 0.35894 0.02714 0.38741 0.22651 1.14623 2.063e+130.44423
0.655 1413.457 0.41175 0.03126 0.44417 0.26035 0.35881 0.02724 0.38707 0.22688 1.14753 2.066e+130.44372
0.660 1414.040 0.41207 0.03142 0.44428 0.26107 0.35868 0.02735 0.38672 0.22725 1.14884 2.068e+130.44321
0.665 1414.625 0.41239 0.03157 0.44439 0.26180 0.35855 0.02745 0.38638 0.22762 1.15015 2.070e+130.44271
0.670 1415.212 0.41271 0.03173 0.44450 0.26253 0.35842 0.02756 0.38603 0.22799 1.15146 2.073e+130.44220
0.675 1415.801 0.41303 0.03189 0.44461 0.26325 0.35829 0.02766 0.38569 0.22837 1.15278 2.075e+130.44169
0.680 1416.392 0.41335 0.03204 0.44472 0.26399 0.35816 0.02776 0.38534 0.22874 1.15410 2.077e+130.44117
0.685 1416.985 0.41367 0.03220 0.44483 0.26472 0.35803 0.02787 0.38499 0.22911 1.15542 2.080e+130.44066
0.690 1417.579 0.41399 0.03236 0.44494 0.26546 0.35789 0.02798 0.38465 0.22948 1.15675 2.082e+130.44014
0.695 1418.176 0.41431 0.03252 0.44505 0.26619 0.35776 0.02808 0.38430 0.22986 1.15808 2.085e+130.43963
0.700 1418.775 0.41463 0.03268 0.44516 0.26693 0.35763 0.02819 0.38396 0.23023 1.15941 2.087e+130.43911
0.705 1419.375 0.41495 0.03284 0.44527 0.26767 0.35749 0.02829 0.38361 0.23061 1.16074 2.089e+130.43859
0.710 1419.977 0.41528 0.03300 0.44538 0.26842 0.35736 0.02840 0.38326 0.23098 1.16208 2.092e+130.43807
0.715 1420.582 0.41560 0.03317 0.44549 0.26916 0.35722 0.02851 0.38292 0.23136 1.16342 2.094e+130.43754
0.720 1421.188 0.41592 0.03333 0.44560 0.26991 0.35709 0.02862 0.38257 0.23173 1.16477 2.097e+130.43702
0.725 1421.797 0.41624 0.03350 0.44571 0.27066 0.35695 0.02872 0.38222 0.23211 1.16611 2.099e+130.43649
0.730 1422.407 0.41657 0.03366 0.44582 0.27141 0.35681 0.02883 0.38187 0.23248 1.16746 2.101e+130.43597
0.735 1423.019 0.41689 0.03383 0.44593 0.27217 0.35668 0.02894 0.38152 0.23286 1.16882 2.104e+130.43544
0.740 1423.634 0.41721 0.03399 0.44604 0.27292 0.35654 0.02905 0.38118 0.23323 1.17017 2.106e+130.43491
0.745 1424.250 0.41754 0.03416 0.44615 0.27368 0.35640 0.02916 0.38083 0.23361 1.17153 2.109e+130.43438
0.750 1424.869 0.41786 0.03433 0.44626 0.27444 0.35626 0.02927 0.38048 0.23399 1.17290 2.111e+130.43384
0.755 1425.490 0.41818 0.03450 0.44637 0.27521 0.35612 0.02938 0.38013 0.23437 1.17426 2.114e+130.43331
0.760 1426.112 0.41851 0.03467 0.44648 0.27597 0.35598 0.02949 0.37978 0.23474 1.17563 2.116e+130.43277
0.765 1426.737 0.41883 0.03484 0.44660 0.27674 0.35584 0.02960 0.37943 0.23512 1.17701 2.119e+130.43224
0.770 1427.364 0.41916 0.03501 0.44671 0.27751 0.35570 0.02971 0.37908 0.23550 1.17838 2.121e+130.43170
0.775 1427.993 0.41948 0.03519 0.44682 0.27828 0.35556 0.02982 0.37873 0.23588 1.17976 2.124e+130.43116
0.780 1428.624 0.41981 0.03536 0.44693 0.27905 0.35542 0.02994 0.37838 0.23626 1.18115 2.126e+130.43061
0.785 1429.257 0.42013 0.03553 0.44704 0.27983 0.35528 0.03005 0.37803 0.23663 1.18253 2.129e+130.43007
0.790 1429.893 0.42046 0.03571 0.44715 0.28060 0.35514 0.03016 0.37768 0.23701 1.18392 2.131e+130.42952
0.795 1430.530 0.42078 0.03589 0.44726 0.28138 0.35500 0.03028 0.37733 0.23739 1.18531 2.134e+130.42898
0.800 1431.170 0.42111 0.03606 0.44737 0.28217 0.35486 0.03039 0.37698 0.23777 1.18671 2.136e+130.42843
0.805 1431.812 0.42144 0.03624 0.44748 0.28295 0.35471 0.03050 0.37663 0.23815 1.18811 2.139e+130.42788
0.810 1432.456 0.42176 0.03642 0.44759 0.28374 0.35457 0.03062 0.37628 0.23853 1.18951 2.141e+130.42733
0.815 1433.102 0.42209 0.03660 0.44770 0.28453 0.35442 0.03073 0.37593 0.23891 1.19092 2.144e+130.42677
0.820 1433.751 0.42242 0.03678 0.44781 0.28532 0.35428 0.03085 0.37558 0.23929 1.19233 2.146e+130.42622
0.825 1434.402 0.42274 0.03696 0.44792 0.28611 0.35413 0.03096 0.37523 0.23967 1.19374 2.149e+130.42566
0.830 1435.055 0.42307 0.03715 0.44803 0.28690 0.35399 0.03108 0.37488 0.24006 1.19516 2.151e+130.42510
0.835 1435.710 0.42340 0.03733 0.44815 0.28770 0.35384 0.03120 0.37452 0.24044 1.19658 2.154e+130.42454
0.840 1436.368 0.42373 0.03751 0.44826 0.28850 0.35370 0.03131 0.37417 0.24082 1.19800 2.156e+130.42398
0.845 1437.028 0.42406 0.03770 0.44837 0.28930 0.35355 0.03143 0.37382 0.24120 1.19942 2.159e+130.42342
0.850 1437.690 0.42439 0.03788 0.44848 0.29011 0.35340 0.03155 0.37347 0.24158 1.20085 2.162e+130.42285
0.855 1438.355 0.42472 0.03807 0.44859 0.29091 0.35326 0.03167 0.37311 0.24197 1.20229 2.164e+130.42229
0.860 1439.021 0.42504 0.03826 0.44870 0.29172 0.35311 0.03178 0.37276 0.24235 1.20372 2.167e+130.42172
0.865 1439.691 0.42537 0.03845 0.44881 0.29253 0.35296 0.03190 0.37241 0.24273 1.20516 2.169e+130.42115
0.870 1440.362 0.42570 0.03864 0.44892 0.29334 0.35281 0.03202 0.37205 0.24311 1.20661 2.172e+130.42058
0.875 1441.036 0.42603 0.03883 0.44903 0.29416 0.35266 0.03214 0.37170 0.24350 1.20806 2.174e+130.42001
0.880 1441.713 0.42636 0.03902 0.44914 0.29498 0.35251 0.03226 0.37135 0.24388 1.20951 2.177e+130.41943
0.885 1442.392 0.42669 0.03921 0.44926 0.29580 0.35236 0.03238 0.37099 0.24427 1.21096 2.180e+130.41886
0.890 1443.073 0.42703 0.03941 0.44937 0.29662 0.35221 0.03250 0.37064 0.24465 1.21242 2.182e+130.41828
0.895 1443.756 0.42736 0.03960 0.44948 0.29744 0.35206 0.03262 0.37028 0.24504 1.21388 2.185e+130.41770
0.900 1444.443 0.42769 0.03980 0.44959 0.29827 0.35191 0.03275 0.36993 0.24542 1.21534 2.188e+130.41712
0.905 1445.131 0.42802 0.03999 0.44970 0.29910 0.35175 0.03287 0.36957 0.24580 1.21681 2.190e+130.41653
0.910 1445.822 0.42835 0.04019 0.44981 0.29993 0.35160 0.03299 0.36922 0.24619 1.21828 2.193e+130.41595
0.915 1446.516 0.42868 0.04039 0.44992 0.30076 0.35145 0.03311 0.36886 0.24658 1.21976 2.196e+130.41536
0.920 1447.212 0.42902 0.04059 0.45003 0.30160 0.35130 0.03324 0.36851 0.24696 1.22124 2.198e+130.41478
0.925 1447.911 0.42935 0.04079 0.45015 0.30244 0.35114 0.03336 0.36815 0.24735 1.22272 2.201e+130.41419
0.930 1448.612 0.42968 0.04099 0.45026 0.30328 0.35099 0.03348 0.36780 0.24773 1.22421 2.204e+130.41359
0.935 1449.316 0.43001 0.04119 0.45037 0.30412 0.35083 0.03361 0.36744 0.24812 1.22570 2.206e+130.41300
0.940 1450.022 0.43035 0.04140 0.45048 0.30497 0.35068 0.03373 0.36708 0.24851 1.22719 2.209e+130.41241
0.945 1450.731 0.43068 0.04160 0.45059 0.30581 0.35052 0.03386 0.36673 0.24889 1.22869 2.212e+130.41181
0.950 1451.442 0.43102 0.04181 0.45070 0.30666 0.35037 0.03398 0.36637 0.24928 1.23019 2.214e+130.41121
0.955 1452.157 0.43135 0.04201 0.45082 0.30751 0.35021 0.03411 0.36601 0.24967 1.23169 2.217e+130.41061
0.960 1452.874 0.43168 0.04222 0.45093 0.30837 0.35005 0.03424 0.36566 0.25006 1.23320 2.220e+130.41001
0.965 1453.593 0.43202 0.04243 0.45104 0.30923 0.34989 0.03436 0.36530 0.25044 1.23471 2.222e+130.40941
0.970 1454.315 0.43235 0.04264 0.45115 0.31009 0.34974 0.03449 0.36494 0.25083 1.23623 2.225e+130.40880
0.975 1455.040 0.43269 0.04285 0.45126 0.31095 0.34958 0.03462 0.36458 0.25122 1.23775 2.228e+130.40819
0.980 1455.768 0.43302 0.04306 0.45137 0.31181 0.34942 0.03475 0.36423 0.25161 1.23927 2.231e+130.40758
0.985 1456.498 0.43336 0.04327 0.45149 0.31268 0.34926 0.03487 0.36387 0.25200 1.24079 2.233e+130.40697
0.990 1457.231 0.43370 0.04349 0.45160 0.31355 0.34910 0.03500 0.36351 0.25239 1.24232 2.236e+130.40636
0.995 1457.967 0.43403 0.04370 0.45171 0.31442 0.34894 0.03513 0.36315 0.25278 1.24386 2.239e+130.40575
1.000 1458.706 0.43437 0.04392 0.45182 0.31529 0.34878 0.03526 0.36279 0.25317 1.24540 2.242e+130.40513
1.005 1459.447 0.43471 0.04413 0.45193 0.31617 0.34862 0.03539 0.36243 0.25356 1.24694 2.244e+130.40451
1.010 1460.191 0.43504 0.04435 0.45204 0.31705 0.34846 0.03552 0.36207 0.25394 1.24848 2.247e+130.40389
1.015 1460.939 0.43538 0.04457 0.45216 0.31793 0.34829 0.03565 0.36172 0.25433 1.25003 2.250e+130.40327
1.020 1461.689 0.43572 0.04479 0.45227 0.31881 0.34813 0.03579 0.36136 0.25473 1.25159 2.253e+130.40265
1.025 1462.441 0.43606 0.04501 0.45238 0.31970 0.34797 0.03592 0.36100 0.25512 1.25314 2.256e+130.40202
1.030 1463.197 0.43639 0.04523 0.45249 0.32058 0.34781 0.03605 0.36064 0.25551 1.25470 2.258e+130.40139
1.035 1463.956 0.43673 0.04546 0.45260 0.32148 0.34764 0.03618 0.36028 0.25590 1.25627 2.261e+130.40076
1.040 1464.717 0.43707 0.04568 0.45272 0.32237 0.34748 0.03632 0.35992 0.25629 1.25784 2.264e+130.40013
1.045 1465.482 0.43741 0.04591 0.45283 0.32326 0.34731 0.03645 0.35956 0.25668 1.25941 2.267e+130.39950
1.050 1466.250 0.43775 0.04613 0.45294 0.32416 0.34715 0.03659 0.35920 0.25707 1.26098 2.270e+130.39886
1.055 1467.020 0.43809 0.04636 0.45305 0.32506 0.34698 0.03672 0.35883 0.25746 1.26256 2.273e+130.39823
1.060 1467.794 0.43843 0.04659 0.45316 0.32597 0.34682 0.03685 0.35847 0.25786 1.26415 2.275e+130.39759
1.065 1468.570 0.43877 0.04682 0.45328 0.32687 0.34665 0.03699 0.35811 0.25825 1.26574 2.278e+130.39695
1.070 1469.350 0.43911 0.04705 0.45339 0.32778 0.34648 0.03713 0.35775 0.25864 1.26733 2.281e+130.39631
1.075 1470.133 0.43945 0.04728 0.45350 0.32869 0.34632 0.03726 0.35739 0.25903 1.26892 2.284e+130.39566
1.080 1470.919 0.43979 0.04752 0.45361 0.32961 0.34615 0.03740 0.35703 0.25942 1.27052 2.287e+130.39502
1.085 1471.708 0.44013 0.04775 0.45373 0.33052 0.34598 0.03754 0.35667 0.25982 1.27213 2.290e+130.39437
1.090 1472.500 0.44047 0.04799 0.45384 0.33144 0.34581 0.03767 0.35630 0.26021 1.27374 2.293e+130.39372
1.095 1473.295 0.44081 0.04822 0.45395 0.33236 0.34564 0.03781 0.35594 0.26060 1.27535 2.296e+130.39306
1.100 1474.094 0.44115 0.04846 0.45406 0.33328 0.34547 0.03795 0.35558 0.26100 1.27696 2.299e+130.39241
1.105 1474.895 0.44150 0.04870 0.45418 0.33421 0.34530 0.03809 0.35522 0.26139 1.27858 2.301e+130.39175
1.110 1475.700 0.44184 0.04894 0.45429 0.33514 0.34513 0.03823 0.35485 0.26179 1.28021 2.304e+130.39110
1.115 1476.508 0.44218 0.04918 0.45440 0.33607 0.34496 0.03837 0.35449 0.26218 1.28183 2.307e+130.39044
1.120 1477.320 0.44252 0.04943 0.45451 0.33700 0.34479 0.03851 0.35413 0.26257 1.28347 2.310e+130.38977
1.125 1478.134 0.44287 0.04967 0.45462 0.33794 0.34462 0.03865 0.35377 0.26297 1.28510 2.313e+130.38911
1.130 1478.952 0.44321 0.04992 0.45474 0.33888 0.34444 0.03879 0.35340 0.26336 1.28674 2.316e+130.38844
1.135 1479.774 0.44355 0.05016 0.45485 0.33982 0.34427 0.03893 0.35304 0.26376 1.28839 2.319e+130.38778
1.140 1480.599 0.44390 0.05041 0.45496 0.34077 0.34410 0.03908 0.35267 0.26415 1.29004 2.322e+130.38711
1.145 1481.427 0.44424 0.05066 0.45508 0.34171 0.34392 0.03922 0.35231 0.26455 1.29169 2.325e+130.38643
1.150 1482.258 0.44459 0.05091 0.45519 0.34266 0.34375 0.03936 0.35195 0.26494 1.29335 2.328e+130.38576
1.155 1483.093 0.44493 0.05116 0.45530 0.34362 0.34357 0.03951 0.35158 0.26534 1.29501 2.331e+130.38508
1.160 1483.932 0.44528 0.05141 0.45541 0.34457 0.34340 0.03965 0.35122 0.26573 1.29667 2.334e+130.38441
1.165 1484.774 0.44562 0.05167 0.45553 0.34553 0.34322 0.03979 0.35085 0.26613 1.29834 2.337e+130.38373
1.170 1485.619 0.44597 0.05192 0.45564 0.34649 0.34305 0.03994 0.35049 0.26653 1.30001 2.340e+130.38304
1.175 1486.468 0.44631 0.05218 0.45575 0.34745 0.34287 0.04008 0.35012 0.26692 1.30169 2.343e+130.38236
1.180 1487.321 0.44666 0.05244 0.45586 0.34842 0.34269 0.04023 0.34976 0.26732 1.30337 2.346e+130.38167
1.185 1488.177 0.44700 0.05269 0.45598 0.34938 0.34252 0.04038 0.34939 0.26771 1.30506 2.349e+130.38098
1.190 1489.037 0.44735 0.05295 0.45609 0.35036 0.34234 0.04052 0.34903 0.26811 1.30675 2.352e+130.38029
1.195 1489.900 0.44770 0.05322 0.45620 0.35133 0.34216 0.04067 0.34866 0.26851 1.30845 2.355e+130.37960
1.200 1490.767 0.44805 0.05348 0.45632 0.35230 0.34198 0.04082 0.34829 0.26891 1.31014 2.358e+130.37891
1.205 1491.638 0.44839 0.05374 0.45643 0.35328 0.34180 0.04097 0.34793 0.26930 1.31185 2.361e+130.37821
1.210 1492.512 0.44874 0.05401 0.45654 0.35427 0.34162 0.04112 0.34756 0.26970 1.31356 2.364e+130.37751
1.215 1493.391 0.44909 0.05427 0.45665 0.35525 0.34144 0.04127 0.34720 0.27010 1.31527 2.367e+130.37681
1.220 1494.273 0.44944 0.05454 0.45677 0.35624 0.34126 0.04141 0.34683 0.27049 1.31698 2.371e+130.37611
1.225 1495.158 0.44978 0.05481 0.45688 0.35723 0.34108 0.04156 0.34646 0.27089 1.31870 2.374e+130.37540
1.230 1496.048 0.45013 0.05508 0.45699 0.35822 0.34090 0.04172 0.34609 0.27129 1.32043 2.377e+130.37469
1.235 1496.941 0.45048 0.05535 0.45711 0.35922 0.34072 0.04187 0.34573 0.27169 1.32216 2.380e+130.37398
1.240 1497.839 0.45083 0.05563 0.45722 0.36021 0.34053 0.04202 0.34536 0.27209 1.32389 2.383e+130.37327
1.245 1498.740 0.45118 0.05590 0.45733 0.36121 0.34035 0.04217 0.34499 0.27248 1.32563 2.386e+130.37256
1.250 1499.645 0.45153 0.05618 0.45745 0.36222 0.34017 0.04232 0.34463 0.27288 1.32737 2.389e+130.37184
1.255 1500.554 0.45188 0.05646 0.45756 0.36322 0.33998 0.04248 0.34426 0.27328 1.32912 2.392e+130.37112
1.260 1501.468 0.45223 0.05673 0.45767 0.36423 0.33980 0.04263 0.34389 0.27368 1.33087 2.396e+130.37040
1.265 1502.385 0.45258 0.05701 0.45779 0.36525 0.33962 0.04278 0.34352 0.27408 1.33263 2.399e+130.36968
1.270 1503.306 0.45293 0.05730 0.45790 0.36626 0.33943 0.04294 0.34315 0.27448 1.33439 2.402e+130.36896
1.275 1504.232 0.45328 0.05758 0.45801 0.36728 0.33925 0.04309 0.34278 0.27488 1.33616 2.405e+130.36823
1.280 1505.161 0.45364 0.05786 0.45813 0.36830 0.33906 0.04325 0.34242 0.27528 1.33792 2.408e+130.36750
1.285 1506.095 0.45399 0.05815 0.45824 0.36932 0.33887 0.04340 0.34205 0.27568 1.33970 2.411e+130.36677
1.290 1507.033 0.45434 0.05844 0.45835 0.37035 0.33869 0.04356 0.34168 0.27608 1.34148 2.415e+130.36603
1.295 1507.975 0.45469 0.05872 0.45847 0.37138 0.33850 0.04372 0.34131 0.27648 1.34326 2.418e+130.36530
1.300 1508.921 0.45504 0.05901 0.45858 0.37241 0.33831 0.04388 0.34094 0.27688 1.34505 2.421e+130.36456
1.305 1509.872 0.45540 0.05931 0.45869 0.37345 0.33812 0.04403 0.34057 0.27727 1.34684 2.424e+130.36382
1.310 1510.826 0.45575 0.05960 0.45881 0.37448 0.33793 0.04419 0.34020 0.27767 1.34864 2.428e+130.36308
1.315 1511.786 0.45610 0.05989 0.45892 0.37552 0.33774 0.04435 0.33983 0.27808 1.35044 2.431e+130.36233
1.320 1512.749 0.45646 0.06019 0.45903 0.37657 0.33755 0.04451 0.33946 0.27848 1.35225 2.434e+130.36158
1.325 1513.717 0.45681 0.06049 0.45915 0.37761 0.33736 0.04467 0.33909 0.27888 1.35406 2.437e+130.36083
1.330 1514.690 0.45716 0.06078 0.45926 0.37866 0.33717 0.04483 0.33872 0.27928 1.35587 2.441e+130.36008
1.335 1515.667 0.45752 0.06108 0.45938 0.37972 0.33698 0.04499 0.33835 0.27968 1.35769 2.444e+130.35933
1.340 1516.648 0.45787 0.06139 0.45949 0.38077 0.33679 0.04515 0.33798 0.28008 1.35952 2.447e+130.35857
1.345 1517.635 0.45823 0.06169 0.45960 0.38183 0.33660 0.04531 0.33761 0.28048 1.36135 2.450e+130.35781
1.350 1518.625 0.45858 0.06199 0.45972 0.38289 0.33641 0.04548 0.33724 0.28088 1.36318 2.454e+130.35705
1.355 1519.620 0.45894 0.06230 0.45983 0.38395 0.33621 0.04564 0.33687 0.28128 1.36502 2.457e+130.35629
1.360 1520.620 0.45930 0.06261 0.45994 0.38502 0.33602 0.04580 0.33650 0.28168 1.36687 2.460e+130.35552
1.365 1521.625 0.45965 0.06292 0.46006 0.38609 0.33583 0.04597 0.33612 0.28208 1.36872 2.464e+130.35475
1.370 1522.634 0.46001 0.06323 0.46017 0.38716 0.33563 0.04613 0.33575 0.28248 1.37057 2.467e+130.35398
1.375 1523.649 0.46036 0.06354 0.46029 0.38824 0.33544 0.04630 0.33538 0.28288 1.37243 2.470e+130.35321
1.380 1524.668 0.46072 0.06385 0.46040 0.38932 0.33524 0.04646 0.33501 0.28329 1.37429 2.474e+130.35244
1.385 1525.691 0.46108 0.06417 0.46051 0.39040 0.33505 0.04663 0.33464 0.28369 1.37616 2.477e+130.35166
1.390 1526.720 0.46144 0.06448 0.46063 0.39148 0.33485 0.04679 0.33426 0.28409 1.37803 2.480e+130.35088
1.395 1527.754 0.46179 0.06480 0.46074 0.39257 0.33465 0.04696 0.33389 0.28449 1.37991 2.484e+130.35009
1.400 1528.793 0.46215 0.06512 0.46086 0.39366 0.33446 0.04713 0.33352 0.28489 1.38179 2.487e+130.34931
1.405 1529.836 0.46251 0.06544 0.46097 0.39476 0.33426 0.04730 0.33315 0.28529 1.38368 2.491e+130.34852
1.410 1530.885 0.46287 0.06577 0.46108 0.39585 0.33406 0.04747 0.33277 0.28570 1.38558 2.494e+130.34773
1.415 1531.939 0.46323 0.06609 0.46120 0.39695 0.33386 0.04764 0.33240 0.28610 1.38747 2.497e+130.34694
1.420 1532.998 0.46359 0.06642 0.46131 0.39806 0.33367 0.04780 0.33203 0.28650 1.38938 2.501e+130.34615
1.425 1534.062 0.46395 0.06675 0.46143 0.39916 0.33347 0.04797 0.33166 0.28690 1.39128 2.504e+130.34535
1.430 1535.131 0.46431 0.06708 0.46154 0.40027 0.33327 0.04815 0.33128 0.28731 1.39320 2.508e+130.34455
1.435 1536.206 0.46467 0.06741 0.46165 0.40139 0.33307 0.04832 0.33091 0.28771 1.39511 2.511e+130.34375
1.440 1537.286 0.46503 0.06774 0.46177 0.40250 0.33287 0.04849 0.33053 0.28811 1.39704 2.515e+130.34294
1.445 1538.371 0.46539 0.06807 0.46188 0.40362 0.33267 0.04866 0.33016 0.28851 1.39896 2.518e+130.34214
1.450 1539.462 0.46575 0.06841 0.46200 0.40474 0.33246 0.04883 0.32979 0.28892 1.40090 2.522e+130.34133
1.455 1540.558 0.46611 0.06875 0.46211 0.40587 0.33226 0.04901 0.32941 0.28932 1.40284 2.525e+130.34052
1.460 1541.659 0.46647 0.06909 0.46223 0.40699 0.33206 0.04918 0.32904 0.28972 1.40478 2.529e+130.33970
1.465 1542.766 0.46683 0.06943 0.46234 0.40812 0.33186 0.04936 0.32866 0.29012 1.40673 2.532e+130.33889
1.470 1543.879 0.46719 0.06977 0.46246 0.40926 0.33165 0.04953 0.32829 0.29053 1.40868 2.536e+130.33807
1.475 1544.997 0.46756 0.07012 0.46257 0.41040 0.33145 0.04971 0.32792 0.29093 1.41064 2.539e+130.33725
1.480 1546.121 0.46792 0.07046 0.46268 0.41154 0.33125 0.04988 0.32754 0.29133 1.41260 2.543e+130.33642
1.485 1547.251 0.46828 0.07081 0.46280 0.41268 0.33104 0.05006 0.32717 0.29174 1.41457 2.546e+130.33559
1.490 1548.387 0.46864 0.07116 0.46291 0.41383 0.33084 0.05023 0.32679 0.29214 1.41654 2.550e+130.33477
1.495 1549.528 0.46901 0.07151 0.46303 0.41498 0.33063 0.05041 0.32642 0.29254 1.41852 2.553e+130.33393
1.500 1550.675 0.46937 0.07186 0.46314 0.41613 0.33042 0.05059 0.32604 0.29294 1.42051 2.557e+130.33310
1.505 1551.828 0.46974 0.07222 0.46326 0.41729 0.33022 0.05077 0.32566 0.29335 1.42250 2.560e+130.33226
1.510 1552.988 0.47010 0.07258 0.46337 0.41845 0.33001 0.05095 0.32529 0.29375 1.42449 2.564e+130.33142
1.515 1554.153 0.47046 0.07293 0.46349 0.41961 0.32980 0.05113 0.32491 0.29415 1.42649 2.568e+130.33058
1.520 1555.324 0.47083 0.07329 0.46360 0.42077 0.32960 0.05131 0.32454 0.29456 1.42850 2.571e+130.32974
1.525 1556.501 0.47119 0.07366 0.46372 0.42194 0.32939 0.05149 0.32416 0.29496 1.43051 2.575e+130.32889
1.530 1557.685 0.47156 0.07402 0.46383 0.42312 0.32918 0.05167 0.32379 0.29536 1.43253 2.579e+130.32804
1.535 1558.875 0.47192 0.07439 0.46395 0.42429 0.32897 0.05185 0.32341 0.29577 1.43455 2.582e+130.32719
1.540 1560.071 0.47229 0.07475 0.46406 0.42547 0.32876 0.05204 0.32303 0.29617 1.43657 2.586e+130.32633
1.545 1561.273 0.47266 0.07512 0.46418 0.42665 0.32855 0.05222 0.32266 0.29657 1.43861 2.589e+130.32547
1.550 1562.482 0.47302 0.07549 0.46429 0.42784 0.32834 0.05240 0.32228 0.29698 1.44064 2.593e+130.32461
1.555 1563.697 0.47339 0.07587 0.46441 0.42903 0.32813 0.05259 0.32190 0.29738 1.44269 2.597e+130.32375
1.560 1564.919 0.47376 0.07624 0.46452 0.43022 0.32792 0.05277 0.32153 0.29778 1.44474 2.601e+130.32289
1.565 1566.148 0.47412 0.07662 0.46464 0.43142 0.32771 0.05296 0.32115 0.29819 1.44679 2.604e+130.32202
1.570 1567.383 0.47449 0.07699 0.46475 0.43261 0.32750 0.05314 0.32077 0.29859 1.44885 2.608e+130.32115
1.575 1568.624 0.47486 0.07737 0.46487 0.43382 0.32728 0.05333 0.32039 0.29900 1.45092 2.612e+130.32027
1.580 1569.873 0.47523 0.07776 0.46498 0.43502 0.32707 0.05351 0.32002 0.29940 1.45299 2.615e+130.31940
1.585 1571.128 0.47560 0.07814 0.46510 0.43623 0.32686 0.05370 0.31964 0.29980 1.45506 2.619e+130.31852
1.590 1572.391 0.47596 0.07853 0.46521 0.43744 0.32664 0.05389 0.31926 0.30021 1.45714 2.623e+130.31764
1.595 1573.660 0.47633 0.07891 0.46533 0.43866 0.32643 0.05408 0.31888 0.30061 1.45923 2.627e+130.31675
1.600 1574.936 0.47670 0.07930 0.46544 0.43988 0.32621 0.05427 0.31851 0.30101 1.46133 2.630e+130.31587
1.605 1576.219 0.47707 0.07969 0.46556 0.44110 0.32600 0.05446 0.31813 0.30142 1.46342 2.634e+130.31498
1.610 1577.510 0.47744 0.08009 0.46567 0.44233 0.32578 0.05465 0.31775 0.30182 1.46553 2.638e+130.31409
1.615 1578.808 0.47781 0.08048 0.46579 0.44356 0.32557 0.05484 0.31737 0.30222 1.46764 2.642e+130.31319
1.620 1580.112 0.47818 0.08088 0.46590 0.44479 0.32535 0.05503 0.31699 0.30263 1.46975 2.646e+130.31229
1.625 1581.425 0.47855 0.08128 0.46602 0.44602 0.32513 0.05522 0.31661 0.30303 1.47188 2.649e+130.31139
1.630 1582.745 0.47892 0.08168 0.46613 0.44726 0.32491 0.05541 0.31624 0.30343 1.47400 2.653e+130.31049
1.635 1584.072 0.47930 0.08209 0.46625 0.44851 0.32470 0.05561 0.31586 0.30384 1.47614 2.657e+130.30959
1.640 1585.406 0.47967 0.08249 0.46636 0.44975 0.32448 0.05580 0.31548 0.30424 1.47827 2.661e+130.30868
1.645 1586.749 0.48004 0.08290 0.46648 0.45100 0.32426 0.05600 0.31510 0.30465 1.48042 2.665e+130.30777
1.650 1588.099 0.48041 0.08331 0.46659 0.45226 0.32404 0.05619 0.31472 0.30505 1.48257 2.669e+130.30685
1.655 1589.457 0.48078 0.08372 0.46671 0.45351 0.32382 0.05639 0.31434 0.30545 1.48472 2.673e+130.30594
1.660 1590.823 0.48116 0.08413 0.46683 0.45477 0.32360 0.05658 0.31396 0.30586 1.48689 2.676e+130.30502
1.665 1592.196 0.48153 0.08455 0.46694 0.45604 0.32338 0.05678 0.31358 0.30626 1.48905 2.680e+130.30409
1.670 1593.578 0.48190 0.08496 0.46706 0.45730 0.32316 0.05698 0.31320 0.30666 1.49123 2.684e+130.30317
1.675 1594.968 0.48228 0.08538 0.46717 0.45857 0.32294 0.05717 0.31282 0.30707 1.49341 2.688e+130.30224
1.680 1596.366 0.48265 0.08581 0.46729 0.45985 0.32272 0.05737 0.31244 0.30747 1.49559 2.692e+130.30131
1.685 1597.772 0.48303 0.08623 0.46740 0.46113 0.32249 0.05757 0.31206 0.30787 1.49778 2.696e+130.30038
1.690 1599.186 0.48340 0.08665 0.46752 0.46241 0.32227 0.05777 0.31168 0.30828 1.49998 2.700e+130.29944
1.695 1600.609 0.48377 0.08708 0.46763 0.46369 0.32205 0.05797 0.31130 0.30868 1.50218 2.704e+130.29850
1.700 1602.040 0.48415 0.08751 0.46775 0.46498 0.32182 0.05817 0.31092 0.30908 1.50439 2.708e+130.29756
1.705 1603.480 0.48452 0.08794 0.46787 0.46627 0.32160 0.05837 0.31054 0.30949 1.50661 2.712e+130.29662
1.710 1604.929 0.48490 0.08838 0.46798 0.46757 0.32138 0.05857 0.31016 0.30989 1.50883 2.716e+130.29567
1.715 1606.386 0.48528 0.08882 0.46810 0.46887 0.32115 0.05878 0.30978 0.31029 1.51106 2.720e+130.29472
1.720 1607.853 0.48565 0.08925 0.46821 0.47017 0.32092 0.05898 0.30940 0.31069 1.51329 2.724e+130.29377
1.725 1609.328 0.48603 0.08969 0.46833 0.47148 0.32070 0.05918 0.30902 0.31110 1.51553 2.728e+130.29281
1.730 1610.812 0.48641 0.09014 0.46845 0.47279 0.32047 0.05939 0.30864 0.31150 1.51778 2.732e+130.29185
1.735 1612.305 0.48678 0.09058 0.46856 0.47410 0.32025 0.05959 0.30826 0.31190 1.52003 2.736e+130.29089
1.740 1613.807 0.48716 0.09103 0.46868 0.47542 0.32002 0.05980 0.30788 0.31231 1.52229 2.740e+130.28993
1.745 1615.319 0.48754 0.09148 0.46879 0.47674 0.31979 0.06000 0.30750 0.31271 1.52455 2.744e+130.28896
1.750 1616.840 0.48792 0.09193 0.46891 0.47807 0.31956 0.06021 0.30711 0.31311 1.52682 2.748e+130.28799
1.755 1618.371 0.48829 0.09238 0.46903 0.47939 0.31933 0.06042 0.30673 0.31351 1.52910 2.752e+130.28702
1.760 1619.911 0.48867 0.09284 0.46914 0.48073 0.31911 0.06063 0.30635 0.31392 1.53138 2.756e+130.28604
1.765 1621.461 0.48905 0.09330 0.46926 0.48206 0.31888 0.06083 0.30597 0.31432 1.53367 2.761e+130.28506
1.770 1623.020 0.48943 0.09376 0.46937 0.48340 0.31865 0.06104 0.30559 0.31472 1.53597 2.765e+130.28408
1.775 1624.590 0.48981 0.09422 0.46949 0.48474 0.31842 0.06125 0.30521 0.31512 1.53827 2.769e+130.28310
1.780 1626.169 0.49019 0.09469 0.46961 0.48609 0.31819 0.06146 0.30483 0.31553 1.54058 2.773e+130.28211
1.785 1627.759 0.49057 0.09515 0.46972 0.48744 0.31796 0.06167 0.30444 0.31593 1.54289 2.777e+130.28112
1.790 1629.358 0.49095 0.09562 0.46984 0.48880 0.31772 0.06188 0.30406 0.31633 1.54521 2.781e+130.28013
1.795 1630.968 0.49133 0.09610 0.46996 0.49016 0.31749 0.06210 0.30368 0.31673 1.54754 2.786e+130.27913
1.800 1632.589 0.49171 0.09657 0.47007 0.49152 0.31726 0.06231 0.30330 0.31713 1.54987 2.790e+130.27813
1.805 1634.220 0.49209 0.09705 0.47019 0.49288 0.31703 0.06252 0.30291 0.31754 1.55221 2.794e+130.27713
1.810 1635.862 0.49248 0.09753 0.47030 0.49425 0.31679 0.06274 0.30253 0.31794 1.55456 2.798e+130.27613
1.815 1637.514 0.49286 0.09801 0.47042 0.49563 0.31656 0.06295 0.30215 0.31834 1.55691 2.802e+130.27512
1.820 1639.177 0.49324 0.09849 0.47054 0.49700 0.31633 0.06317 0.30177 0.31874 1.55927 2.807e+130.27411
1.825 1640.851 0.49362 0.09898 0.47065 0.49838 0.31609 0.06338 0.30138 0.31914 1.56164 2.811e+130.27309
1.830 1642.537 0.49400 0.09947 0.47077 0.49977 0.31586 0.06360 0.30100 0.31954 1.56401 2.815e+130.27208
1.835 1644.233 0.49439 0.09996 0.47089 0.50116 0.31562 0.06381 0.30062 0.31994 1.56639 2.820e+130.27106
1.840 1645.941 0.49477 0.10045 0.47100 0.50255 0.31539 0.06403 0.30024 0.32035 1.56878 2.824e+130.27004
1.845 1647.661 0.49515 0.10095 0.47112 0.50395 0.31515 0.06425 0.29985 0.32075 1.57117 2.828e+130.26901
1.850 1649.392 0.49554 0.10145 0.47124 0.50535 0.31491 0.06447 0.29947 0.32115 1.57357 2.832e+130.26798
1.855 1651.135 0.49592 0.10195 0.47135 0.50675 0.31468 0.06469 0.29909 0.32155 1.57597 2.837e+130.26695
1.860 1652.889 0.49631 0.10245 0.47147 0.50816 0.31444 0.06491 0.29870 0.32195 1.57839 2.841e+130.26592
1.865 1654.656 0.49669 0.10296 0.47159 0.50957 0.31420 0.06513 0.29832 0.32235 1.58081 2.845e+130.26488
1.870 1656.435 0.49708 0.10346 0.47170 0.51099 0.31396 0.06535 0.29794 0.32275 1.58323 2.850e+130.26384
1.875 1658.226 0.49746 0.10398 0.47182 0.51241 0.31372 0.06557 0.29755 0.32315 1.58567 2.854e+130.26280
1.880 1660.030 0.49785 0.10449 0.47194 0.51383 0.31349 0.06579 0.29717 0.32355 1.58811 2.859e+130.26175
1.885 1661.846 0.49823 0.10500 0.47205 0.51526 0.31325 0.06602 0.29679 0.32395 1.59055 2.863e+130.26071
1.890 1663.674 0.49862 0.10552 0.47217 0.51669 0.31301 0.06624 0.29640 0.32435 1.59301 2.867e+130.25965
1.895 1665.516 0.49901 0.10604 0.47229 0.51813 0.31277 0.06647 0.29602 0.32475 1.59547 2.872e+130.25860
1.900 1667.371 0.49939 0.10657 0.47240 0.51957 0.31252 0.06669 0.29563 0.32515 1.59793 2.876e+130.25754
1.905 1669.239 0.49978 0.10709 0.47252 0.52101 0.31228 0.06692 0.29525 0.32555 1.60041 2.881e+130.25648
1.910 1671.120 0.50017 0.10762 0.47264 0.52246 0.31204 0.06714 0.29487 0.32595 1.60289 2.885e+130.25542
1.915 1673.014 0.50056 0.10815 0.47276 0.52391 0.31180 0.06737 0.29448 0.32635 1.60538 2.890e+130.25435
1.920 1674.922 0.50094 0.10869 0.47287 0.52537 0.31156 0.06760 0.29410 0.32675 1.60787 2.894e+130.25328
1.925 1676.844 0.50133 0.10922 0.47299 0.52683 0.31131 0.06783 0.29371 0.32715 1.61037 2.899e+130.25221
1.930 1678.780 0.50172 0.10976 0.47311 0.52829 0.31107 0.06805 0.29333 0.32754 1.61288 2.903e+130.25114
1.935 1680.730 0.50211 0.11031 0.47322 0.52976 0.31083 0.06828 0.29295 0.32794 1.61540 2.908e+130.25006
1.940 1682.695 0.50250 0.11085 0.47334 0.53123 0.31058 0.06851 0.29256 0.32834 1.61792 2.912e+130.24898
1.945 1684.674 0.50289 0.11140 0.47346 0.53271 0.31034 0.06874 0.29218 0.32874 1.62045 2.917e+130.24789
1.950 1686.667 0.50328 0.11195 0.47357 0.53419 0.31009 0.06898 0.29179 0.32914 1.62299 2.921e+130.24681
1.955 1688.675 0.50367 0.11250 0.47369 0.53567 0.30985 0.06921 0.29141 0.32954 1.62553 2.926e+130.24572
1.960 1690.698 0.50406 0.11306 0.47381 0.53716 0.30960 0.06944 0.29102 0.32993 1.62809 2.931e+130.24463
1.965 1692.737 0.50445 0.11361 0.47393 0.53865 0.30936 0.06967 0.29064 0.33033 1.63064 2.935e+130.24353
1.970 1694.791 0.50484 0.11417 0.47404 0.54015 0.30911 0.06991 0.29025 0.33073 1.63321 2.940e+130.24243
1.975 1696.860 0.50523 0.11474 0.47416 0.54165 0.30886 0.07014 0.28987 0.33113 1.63578 2.944e+130.24133
1.980 1698.945 0.50562 0.11531 0.47428 0.54316 0.30862 0.07038 0.28948 0.33152 1.63836 2.949e+130.24022
1.985 1701.046 0.50602 0.11587 0.47440 0.54467 0.30837 0.07061 0.28910 0.33192 1.64095 2.954e+130.23912
1.990 1703.163 0.50641 0.11645 0.47451 0.54618 0.30812 0.07085 0.28871 0.33232 1.64355 2.958e+130.23801
1.995 1705.297 0.50680 0.11702 0.47463 0.54770 0.30787 0.07109 0.28833 0.33271 1.64615 2.963e+130.23689
2.000 1707.447 0.50719 0.11760 0.47475 0.54922 0.30762 0.07133 0.28794 0.33311 1.64876 2.968e+130.23578
2.005 1709.614 0.50759 0.11818 0.47487 0.55075 0.30737 0.07156 0.28756 0.33351 1.65138 2.972e+130.23466
2.010 1711.797 0.50798 0.11876 0.47498 0.55228 0.30712 0.07180 0.28717 0.33390 1.65400 2.977e+130.23354
2.015 1713.998 0.50837 0.11935 0.47510 0.55381 0.30687 0.07204 0.28679 0.33430 1.65664 2.982e+130.23241
2.020 1716.217 0.50877 0.11994 0.47522 0.55535 0.30662 0.07228 0.28640 0.33469 1.65928 2.987e+130.23128
2.025 1718.453 0.50916 0.12053 0.47534 0.55689 0.30637 0.07252 0.28602 0.33509 1.66192 2.991e+130.23015
2.030 1720.707 0.50956 0.12113 0.47545 0.55844 0.30612 0.07277 0.28563 0.33548 1.66458 2.996e+130.22902
2.035 1722.979 0.50995 0.12172 0.47557 0.55999 0.30587 0.07301 0.28524 0.33588 1.66724 3.001e+130.22788
2.040 1725.269 0.51035 0.12232 0.47569 0.56155 0.30561 0.07325 0.28486 0.33627 1.66991 3.006e+130.22674
2.045 1727.578 0.51074 0.12293 0.47581 0.56311 0.30536 0.07350 0.28447 0.33667 1.67259 3.011e+130.22560
2.050 1729.906 0.51114 0.12354 0.47592 0.56467 0.30511 0.07374 0.28409 0.33706 1.67527 3.015e+130.22446
2.055 1732.253 0.51154 0.12415 0.47604 0.56624 0.30485 0.07399 0.28370 0.33746 1.67797 3.020e+130.22331
2.060 1734.620 0.51193 0.12476 0.47616 0.56782 0.30460 0.07423 0.28332 0.33785 1.68067 3.025e+130.22216
2.065 1737.006 0.51233 0.12537 0.47628 0.56939 0.30435 0.07448 0.28293 0.33824 1.68338 3.030e+130.22100
2.070 1739.412 0.51273 0.12599 0.47640 0.57098 0.30409 0.07473 0.28254 0.33864 1.68609 3.035e+130.21985
2.075 1741.838 0.51312 0.12662 0.47651 0.57256 0.30384 0.07497 0.28216 0.33903 1.68882 3.040e+130.21869
2.080 1744.284 0.51352 0.12724 0.47663 0.57415 0.30358 0.07522 0.28177 0.33942 1.69155 3.045e+130.21753
2.085 1746.751 0.51392 0.12787 0.47675 0.57575 0.30333 0.07547 0.28139 0.33982 1.69429 3.050e+130.21636
2.090 1749.239 0.51432 0.12850 0.47687 0.57735 0.30307 0.07572 0.28100 0.34021 1.69704 3.055e+130.21519
2.095 1751.749 0.51472 0.12913 0.47699 0.57895 0.30281 0.07597 0.28061 0.34060 1.69979 3.060e+130.21402
2.100 1754.280 0.51512 0.12977 0.47710 0.58056 0.30256 0.07622 0.28023 0.34099 1.70256 3.065e+130.21285
2.105 1756.833 0.51552 0.13041 0.47722 0.58218 0.30230 0.07647 0.27984 0.34139 1.70533 3.070e+130.21167
2.110 1759.408 0.51592 0.13106 0.47734 0.58379 0.30204 0.07673 0.27946 0.34178 1.70811 3.075e+130.21049
2.115 1762.006 0.51632 0.13170 0.47746 0.58542 0.30178 0.07698 0.27907 0.34217 1.71089 3.080e+130.20931
2.120 1764.626 0.51672 0.13235 0.47758 0.58704 0.30152 0.07723 0.27868 0.34256 1.71369 3.085e+130.20813
2.125 1767.270 0.51712 0.13301 0.47770 0.58867 0.30126 0.07749 0.27830 0.34295 1.71649 3.090e+130.20694
2.130 1769.937 0.51752 0.13366 0.47781 0.59031 0.30100 0.07774 0.27791 0.34334 1.71930 3.095e+130.20575
2.135 1772.628 0.51792 0.13432 0.47793 0.59195 0.30074 0.07800 0.27752 0.34373 1.72212 3.100e+130.20456
2.140 1775.343 0.51832 0.13499 0.47805 0.59359 0.30048 0.07826 0.27714 0.34412 1.72495 3.105e+130.20336
2.145 1778.083 0.51872 0.13565 0.47817 0.59524 0.30022 0.07851 0.27675 0.34451 1.72779 3.110e+130.20216
2.150 1780.848 0.51912 0.13632 0.47829 0.59690 0.29996 0.07877 0.27637 0.34490 1.73063 3.115e+130.20096
2.155 1783.638 0.51953 0.13700 0.47841 0.59856 0.29970 0.07903 0.27598 0.34529 1.73349 3.120e+130.19976
2.160 1786.454 0.51993 0.13767 0.47852 0.60022 0.29944 0.07929 0.27559 0.34568 1.73635 3.125e+130.19855
2.165 1789.296 0.52033 0.13835 0.47864 0.60189 0.29918 0.07955 0.27521 0.34607 1.73922 3.131e+130.19734
2.170 1792.164 0.52074 0.13904 0.47876 0.60356 0.29891 0.07981 0.27482 0.34646 1.74209 3.136e+130.19613
2.175 1795.059 0.52114 0.13972 0.47888 0.60524 0.29865 0.08007 0.27443 0.34685 1.74498 3.141e+130.19492
2.180 1797.981 0.52154 0.14041 0.47900 0.60692 0.29839 0.08033 0.27405 0.34723 1.74787 3.146e+130.19370
2.185 1800.931 0.52195 0.14111 0.47912 0.60861 0.29812 0.08060 0.27366 0.34762 1.75078 3.151e+130.19248
2.190 1803.909 0.52235 0.14180 0.47923 0.61030 0.29786 0.08086 0.27327 0.34801 1.75369 3.157e+130.19126
2.195 1806.916 0.52276 0.14250 0.47935 0.61199 0.29760 0.08112 0.27289 0.34840 1.75661 3.162e+130.19003
2.200 1809.952 0.52316 0.14321 0.47947 0.61369 0.29733 0.08139 0.27250 0.34878 1.75954 3.167e+130.18881
2.205 1813.017 0.52357 0.14391 0.47959 0.61540 0.29707 0.08165 0.27211 0.34917 1.76247 3.172e+130.18758
2.210 1816.112 0.52397 0.14462 0.47971 0.61711 0.29680 0.08192 0.27173 0.34955 1.76542 3.178e+130.18635
2.215 1819.238 0.52438 0.14534 0.47983 0.61882 0.29653 0.08219 0.27134 0.34994 1.76837 3.183e+130.18511
2.220 1822.394 0.52479 0.14605 0.47995 0.62054 0.29627 0.08245 0.27095 0.35033 1.77133 3.188e+130.18388
2.225 1825.582 0.52519 0.14678 0.48007 0.62227 0.29600 0.08272 0.27057 0.35071 1.77430 3.194e+130.18264
2.230 1828.801 0.52560 0.14750 0.48018 0.62400 0.29573 0.08299 0.27018 0.35110 1.77728 3.199e+130.18139
2.235 1832.053 0.52601 0.14823 0.48030 0.62573 0.29547 0.08326 0.26979 0.35148 1.78027 3.204e+130.18015
2.240 1835.338 0.52642 0.14896 0.48042 0.62747 0.29520 0.08353 0.26941 0.35187 1.78327 3.210e+130.17890
2.245 1838.657 0.52683 0.14970 0.48054 0.62921 0.29493 0.08380 0.26902 0.35225 1.78628 3.215e+130.17766
2.250 1842.009 0.52723 0.15044 0.48066 0.63096 0.29466 0.08408 0.26863 0.35263 1.78929 3.221e+130.17640
2.255 1845.397 0.52764 0.15118 0.48078 0.63272 0.29439 0.08435 0.26824 0.35302 1.79232 3.226e+130.17515
2.260 1848.819 0.52805 0.15192 0.48090 0.63447 0.29412 0.08462 0.26786 0.35340 1.79535 3.232e+130.17390
2.265 1852.277 0.52846 0.15267 0.48102 0.63624 0.29385 0.08489 0.26747 0.35378 1.79839 3.237e+130.17264
2.270 1855.772 0.52887 0.15343 0.48114 0.63801 0.29358 0.08517 0.26708 0.35416 1.80144 3.243e+130.17138
2.275 1859.303 0.52928 0.15419 0.48126 0.63978 0.29331 0.08544 0.26670 0.35455 1.80450 3.248e+130.17012
2.280 1862.873 0.52969 0.15495 0.48137 0.64156 0.29304 0.08572 0.26631 0.35493 1.80757 3.254e+130.16885
2.285 1866.480 0.53010 0.15571 0.48149 0.64334 0.29277 0.08600 0.26592 0.35531 1.81065 3.259e+130.16758
2.290 1870.127 0.53051 0.15648 0.48161 0.64513 0.29250 0.08628 0.26554 0.35569 1.81373 3.265e+130.16632
2.295 1873.813 0.53092 0.15725 0.48173 0.64692 0.29223 0.08655 0.26515 0.35607 1.81683 3.270e+130.16505
2.300 1877.540 0.53134 0.15803 0.48185 0.64872 0.29195 0.08683 0.26476 0.35645 1.81993 3.276e+130.16377
2.305 1881.308 0.53175 0.15881 0.48197 0.65052 0.29168 0.08711 0.26438 0.35683 1.82305 3.281e+130.16250
2.310 1885.117 0.53216 0.15959 0.48209 0.65233 0.29141 0.08739 0.26399 0.35721 1.82617 3.287e+130.16122
2.315 1888.970 0.53257 0.16038 0.48221 0.65414 0.29113 0.08767 0.26360 0.35759 1.82930 3.293e+130.15994
2.320 1892.865 0.53299 0.16117 0.48233 0.65596 0.29086 0.08796 0.26322 0.35797 1.83245 3.298e+130.15866
2.325 1896.805 0.53340 0.16197 0.48245 0.65778 0.29059 0.08824 0.26283 0.35835 1.83560 3.304e+130.15738
2.330 1900.790 0.53381 0.16277 0.48257 0.65961 0.29031 0.08852 0.26244 0.35873 1.83876 3.310e+130.15610
2.335 1904.820 0.53423 0.16357 0.48269 0.66144 0.29004 0.08881 0.26206 0.35910 1.84193 3.315e+130.15481
2.340 1908.898 0.53464 0.16438 0.48281 0.66328 0.28976 0.08909 0.26167 0.35948 1.84511 3.321e+130.15352
2.345 1913.023 0.53505 0.16519 0.48293 0.66512 0.28949 0.08938 0.26128 0.35986 1.84829 3.327e+130.15223
2.350 1917.196 0.53547 0.16601 0.48305 0.66697 0.28921 0.08966 0.26089 0.36023 1.85149 3.333e+130.15094
2.355 1921.419 0.53588 0.16683 0.48316 0.66882 0.28893 0.08995 0.26051 0.36061 1.85470 3.338e+130.14965
2.360 1925.692 0.53630 0.16765 0.48328 0.67068 0.28866 0.09024 0.26012 0.36099 1.85792 3.344e+130.14836
2.365 1930.016 0.53672 0.16848 0.48340 0.67255 0.28838 0.09052 0.25973 0.36136 1.86115 3.350e+130.14706
2.370 1934.393 0.53713 0.16931 0.48352 0.67442 0.28810 0.09081 0.25935 0.36174 1.86438 3.356e+130.14576
2.375 1938.823 0.53755 0.17015 0.48364 0.67629 0.28782 0.09110 0.25896 0.36211 1.86763 3.362e+130.14446
2.380 1943.308 0.53797 0.17099 0.48376 0.67817 0.28755 0.09139 0.25857 0.36249 1.87088 3.368e+130.14316
2.385 1947.848 0.53838 0.17183 0.48388 0.68005 0.28727 0.09168 0.25819 0.36286 1.87415 3.373e+130.14186
2.390 1952.445 0.53880 0.17268 0.48400 0.68194 0.28699 0.09198 0.25780 0.36323 1.87742 3.379e+130.14056
2.395 1957.099 0.53922 0.17353 0.48412 0.68384 0.28671 0.09227 0.25741 0.36361 1.88071 3.385e+130.13926
2.400 1961.813 0.53964 0.17439 0.48424 0.68574 0.28643 0.09256 0.25703 0.36398 1.88400 3.391e+130.13795
2.405 1966.586 0.54005 0.17525 0.48436 0.68764 0.28615 0.09286 0.25664 0.36435 1.88731 3.397e+130.13664
2.410 1971.421 0.54047 0.17611 0.48448 0.68956 0.28587 0.09315 0.25626 0.36472 1.89062 3.403e+130.13534
2.415 1976.319 0.54089 0.17698 0.48460 0.69147 0.28559 0.09345 0.25587 0.36510 1.89395 3.409e+130.13403
2.420 1981.281 0.54131 0.17786 0.48472 0.69339 0.28531 0.09374 0.25548 0.36547 1.89728 3.415e+130.13272
2.425 1986.308 0.54173 0.17874 0.48484 0.69532 0.28503 0.09404 0.25510 0.36584 1.90063 3.421e+130.13141
2.430 1991.402 0.54215 0.17962 0.48496 0.69725 0.28475 0.09434 0.25471 0.36621 1.90398 3.427e+130.13009
2.435 1996.564 0.54257 0.18050 0.48508 0.69919 0.28446 0.09464 0.25432 0.36658 1.90735 3.433e+130.12878
2.440 2001.796 0.54299 0.18140 0.48520 0.70113 0.28418 0.09494 0.25394 0.36695 1.91072 3.439e+130.12747
2.445 2007.099 0.54341 0.18229 0.48532 0.70308 0.28390 0.09524 0.25355 0.36732 1.91411 3.445e+130.12615
2.450 2012.474 0.54383 0.18319 0.48544 0.70503 0.28362 0.09554 0.25316 0.36768 1.91750 3.452e+130.12484
2.455 2017.925 0.54426 0.18410 0.48556 0.70699 0.28333 0.09584 0.25278 0.36805 1.92091 3.458e+130.12352
2.460 2023.451 0.54468 0.18500 0.48568 0.70896 0.28305 0.09614 0.25239 0.36842 1.92432 3.464e+130.12221
2.465 2029.055 0.54510 0.18592 0.48580 0.71093 0.28276 0.09644 0.25201 0.36879 1.92775 3.470e+130.12089
2.470 2034.739 0.54552 0.18684 0.48592 0.71290 0.28248 0.09675 0.25162 0.36915 1.93119 3.476e+130.11958
2.475 2040.505 0.54595 0.18776 0.48604 0.71489 0.28220 0.09705 0.25123 0.36952 1.93463 3.482e+130.11826
2.480 2046.353 0.54637 0.18869 0.48616 0.71687 0.28191 0.09736 0.25085 0.36989 1.93809 3.489e+130.11694
2.485 2052.287 0.54679 0.18962 0.48628 0.71886 0.28163 0.09766 0.25046 0.37025 1.94156 3.495e+130.11562
2.490 2058.308 0.54722 0.19055 0.48640 0.72086 0.28134 0.09797 0.25007 0.37062 1.94504 3.501e+130.11431
2.495 2064.419 0.54764 0.19149 0.48652 0.72286 0.28105 0.09828 0.24969 0.37098 1.94852 3.507e+130.11299
2.500 2070.621 0.54806 0.19244 0.48665 0.72487 0.28077 0.09858 0.24930 0.37134 1.95202 3.514e+130.11167
2.505 2076.917 0.54849 0.19339 0.48677 0.72689 0.28048 0.09889 0.24892 0.37171 1.95553 3.520e+130.11035
2.510 2083.310 0.54892 0.19434 0.48689 0.72891 0.28019 0.09920 0.24853 0.37207 1.95905 3.526e+130.10904
2.515 2089.800 0.54934 0.19530 0.48701 0.73093 0.27991 0.09951 0.24815 0.37243 1.96258 3.533e+130.10772
2.520 2096.392 0.54977 0.19627 0.48713 0.73296 0.27962 0.09982 0.24776 0.37280 1.96613 3.539e+130.10640
2.525 2103.087 0.55019 0.19724 0.48725 0.73500 0.27933 0.10014 0.24737 0.37316 1.96968 3.545e+130.10509
2.530 2109.888 0.55062 0.19821 0.48737 0.73704 0.27904 0.10045 0.24699 0.37352 1.97324 3.552e+130.10377
2.535 2116.798 0.55105 0.19919 0.48749 0.73909 0.27875 0.10076 0.24660 0.37388 1.97682 3.558e+130.10246
2.540 2123.819 0.55147 0.20017 0.48761 0.74115 0.27847 0.10108 0.24622 0.37424 1.98040 3.565e+130.10114
2.545 2130.955 0.55190 0.20116 0.48773 0.74321 0.27818 0.10139 0.24583 0.37460 1.98400 3.571e+130.09983
2.550 2138.209 0.55233 0.20215 0.48785 0.74527 0.27789 0.10171 0.24545 0.37496 1.98760 3.578e+130.09852
2.555 2145.584 0.55276 0.20315 0.48797 0.74734 0.27760 0.10202 0.24506 0.37532 1.99122 3.584e+130.09720
2.560 2153.082 0.55319 0.20416 0.48809 0.74942 0.27731 0.10234 0.24468 0.37568 1.99485 3.591e+130.09589
2.565 2160.708 0.55361 0.20516 0.48821 0.75150 0.27702 0.10266 0.24429 0.37603 1.99849 3.597e+130.09458
2.570 2168.465 0.55404 0.20618 0.48833 0.75359 0.27673 0.10298 0.24391 0.37639 2.00214 3.604e+130.09328
2.575 2176.356 0.55447 0.20719 0.48846 0.75568 0.27643 0.10330 0.24352 0.37675 2.00581 3.610e+130.09197
2.580 2184.386 0.55490 0.20822 0.48858 0.75778 0.27614 0.10362 0.24314 0.37710 2.00948 3.617e+130.09066
2.585 2192.558 0.55533 0.20925 0.48870 0.75989 0.27585 0.10394 0.24275 0.37746 2.01316 3.624e+130.08936
2.590 2200.876 0.55576 0.21028 0.48882 0.76200 0.27556 0.10426 0.24237 0.37782 2.01686 3.630e+130.08806
2.595 2209.345 0.55619 0.21132 0.48894 0.76412 0.27527 0.10458 0.24198 0.37817 2.02057 3.637e+130.08676
2.600 2217.969 0.55663 0.21236 0.48906 0.76624 0.27497 0.10491 0.24160 0.37852 2.02429 3.644e+130.08546
2.605 2226.752 0.55706 0.21341 0.48918 0.76837 0.27468 0.10523 0.24121 0.37888 2.02802 3.650e+130.08416
2.610 2235.700 0.55749 0.21446 0.48930 0.77051 0.27439 0.10555 0.24083 0.37923 2.03176 3.657e+130.08287
2.615 2244.817 0.55792 0.21552 0.48942 0.77265 0.27409 0.10588 0.24044 0.37958 2.03551 3.664e+130.08158
2.620 2254.108 0.55835 0.21658 0.48954 0.77479 0.27380 0.10621 0.24006 0.37994 2.03928 3.671e+130.08029
2.625 2263.579 0.55879 0.21765 0.48967 0.77695 0.27351 0.10653 0.23967 0.38029 2.04305 3.677e+130.07900
2.630 2273.236 0.55922 0.21873 0.48979 0.77911 0.27321 0.10686 0.23929 0.38064 2.04684 3.684e+130.07772
2.635 2283.085 0.55965 0.21981 0.48991 0.78127 0.27292 0.10719 0.23890 0.38099 2.05064 3.691e+130.07644
2.640 2293.131 0.56009 0.22089 0.49003 0.78344 0.27262 0.10752 0.23852 0.38134 2.05445 3.698e+130.07516
2.645 2303.380 0.56052 0.22198 0.49015 0.78562 0.27233 0.10785 0.23814 0.38169 2.05828 3.705e+130.07389
2.650 2313.841 0.56096 0.22308 0.49027 0.78780 0.27203 0.10818 0.23775 0.38204 2.06211 3.712e+130.07262
2.655 2324.519 0.56139 0.22418 0.49039 0.78999 0.27173 0.10851 0.23737 0.38239 2.06596 3.719e+130.07135
2.660 2335.422 0.56183 0.22529 0.49051 0.79219 0.27144 0.10884 0.23698 0.38273 2.06982 3.726e+130.07008
2.665 2346.558 0.56226 0.22640 0.49064 0.79439 0.27114 0.10918 0.23660 0.38308 2.07369 3.733e+130.06882
2.670 2357.934 0.56270 0.22752 0.49076 0.79660 0.27084 0.10951 0.23622 0.38343 2.07757 3.740e+130.06756
2.675 2369.560 0.56313 0.22864 0.49088 0.79881 0.27055 0.10985 0.23583 0.38377 2.08146 3.747e+130.06631
2.680 2381.443 0.56357 0.22977 0.49100 0.80103 0.27025 0.11018 0.23545 0.38412 2.08537 3.754e+130.06506
2.685 2393.593 0.56401 0.23090 0.49112 0.80325 0.26995 0.11052 0.23507 0.38446 2.08929 3.761e+130.06382
2.690 2406.020 0.56445 0.23205 0.49124 0.80549 0.26965 0.11086 0.23468 0.38481 2.09322 3.768e+130.06258
2.695 2418.734 0.56488 0.23319 0.49137 0.80773 0.26936 0.11119 0.23430 0.38515 2.09716 3.775e+130.06134
2.700 2431.746 0.56532 0.23434 0.49149 0.80997 0.26906 0.11153 0.23392 0.38549 2.10112 3.782e+130.06011
2.705 2445.066 0.56576 0.23550 0.49161 0.81222 0.26876 0.11187 0.23353 0.38584 2.10509 3.789e+130.05889
2.710 2458.707 0.56620 0.23666 0.49173 0.81448 0.26846 0.11221 0.23315 0.38618 2.10907 3.796e+130.05767
2.715 2472.681 0.56664 0.23783 0.49185 0.81674 0.26816 0.11255 0.23277 0.38652 2.11306 3.804e+130.05645
2.720 2487.001 0.56708 0.23900 0.49197 0.81901 0.26786 0.11289 0.23238 0.38686 2.11706 3.811e+130.05524
2.725 2501.682 0.56752 0.24018 0.49210 0.82129 0.26756 0.11324 0.23200 0.38720 2.12108 3.818e+130.05404
2.730 2516.736 0.56796 0.24137 0.49222 0.82357 0.26726 0.11358 0.23162 0.38754 2.12511 3.825e+130.05284
2.735 2532.181 0.56840 0.24256 0.49234 0.82586 0.26696 0.11392 0.23124 0.38788 2.12915 3.832e+130.05165
2.740 2548.032 0.56884 0.24376 0.49246 0.82815 0.26666 0.11427 0.23085 0.38822 2.13321 3.840e+130.05047
2.745 2564.306 0.56928 0.24496 0.49258 0.83045 0.26636 0.11461 0.23047 0.38856 2.13728 3.847e+130.04929
2.750 2581.021 0.56972 0.24617 0.49270 0.83276 0.26606 0.11496 0.23009 0.38889 2.14136 3.854e+130.04812
2.755 2598.198 0.57016 0.24739 0.49283 0.83508 0.26575 0.11531 0.22971 0.38923 2.14545 3.862e+130.04695
2.760 2615.855 0.57060 0.24861 0.49295 0.83740 0.26545 0.11566 0.22933 0.38957 2.14956 3.869e+130.04579
2.765 2634.016 0.57105 0.24984 0.49307 0.83972 0.26515 0.11600 0.22894 0.38990 2.15368 3.877e+130.04465
2.770 2652.702 0.57149 0.25107 0.49319 0.84206 0.26485 0.11635 0.22856 0.39024 2.15781 3.884e+130.04350
2.775 2671.938 0.57193 0.25231 0.49331 0.84440 0.26454 0.11670 0.22818 0.39057 2.16195 3.892e+130.04237
2.780 2691.751 0.57237 0.25356 0.49344 0.84674 0.26424 0.11706 0.22780 0.39090 2.16611 3.899e+130.04124
2.785 2712.167 0.57282 0.25481 0.49356 0.84910 0.26394 0.11741 0.22742 0.39124 2.17028 3.907e+130.04013
2.790 2733.217 0.57326 0.25607 0.49368 0.85146 0.26363 0.11776 0.22704 0.39157 2.17446 3.914e+130.03902
2.795 2754.932 0.57371 0.25733 0.49380 0.85382 0.26333 0.11811 0.22665 0.39190 2.17866 3.922e+130.03792
2.800 2777.344 0.57415 0.25860 0.49393 0.85619 0.26303 0.11847 0.22627 0.39223 2.18287 3.929e+130.03683
2.805 2800.492 0.57460 0.25988 0.49405 0.85857 0.26272 0.11882 0.22589 0.39256 2.18709 3.937e+130.03575
2.810 2824.412 0.57504 0.26116 0.49417 0.86096 0.26242 0.11918 0.22551 0.39289 2.19133 3.944e+130.03468
2.815 2849.146 0.57549 0.26245 0.49429 0.86335 0.26211 0.11954 0.22513 0.39322 2.19558 3.952e+130.03362
2.820 2874.738 0.57593 0.26374 0.49441 0.86575 0.26181 0.11989 0.22475 0.39355 2.19984 3.960e+130.03257
2.825 2901.236 0.57638 0.26505 0.49454 0.86816 0.26150 0.12025 0.22437 0.39388 2.20412 3.967e+130.03153
2.830 2928.690 0.57683 0.26636 0.49466 0.87057 0.26120 0.12061 0.22399 0.39421 2.20841 3.975e+130.03050
2.835 2957.157 0.57728 0.26767 0.49478 0.87299 0.26089 0.12097 0.22361 0.39453 2.21272 3.983e+130.02948
2.840 2986.695 0.57772 0.26899 0.49490 0.87541 0.26058 0.12133 0.22323 0.39486 2.21703 3.991e+130.02847
2.845 3017.368 0.57817 0.27032 0.49503 0.87785 0.26028 0.12169 0.22285 0.39518 2.22136 3.998e+130.02748
2.850 3049.246 0.57862 0.27165 0.49515 0.88029 0.25997 0.12205 0.22247 0.39551 2.22571 4.006e+130.02650
2.855 3082.403 0.57907 0.27300 0.49527 0.88273 0.25966 0.12242 0.22209 0.39583 2.23007 4.014e+130.02553
2.860 3116.922 0.57952 0.27434 0.49539 0.88519 0.25936 0.12278 0.22171 0.39616 2.23444 4.022e+130.02457
2.865 3152.892 0.57997 0.27570 0.49552 0.88765 0.25905 0.12314 0.22133 0.39648 2.23883 4.030e+130.02363
2.870 3190.407 0.58042 0.27706 0.49564 0.89011 0.25874 0.12351 0.22095 0.39680 2.24323 4.038e+130.02270
2.875 3229.574 0.58087 0.27843 0.49576 0.89259 0.25843 0.12388 0.22057 0.39712 2.24764 4.046e+130.02178
2.880 3270.508 0.58132 0.27980 0.49589 0.89507 0.25813 0.12424 0.22019 0.39744 2.25207 4.054e+130.02088
2.885 3313.334 0.58177 0.28118 0.49601 0.89755 0.25782 0.12461 0.21981 0.39776 2.25651 4.062e+130.01999
2.890 3358.190 0.58222 0.28257 0.49613 0.90005 0.25751 0.12498 0.21943 0.39808 2.26097 4.070e+130.01912
2.895 3405.228 0.58267 0.28397 0.49625 0.90255 0.25720 0.12535 0.21905 0.39840 2.26544 4.078e+130.01826
2.900 3454.615 0.58312 0.28537 0.49638 0.90506 0.25689 0.12572 0.21868 0.39872 2.26992 4.086e+130.01742
2.905 3506.534 0.58357 0.28678 0.49650 0.90757 0.25658 0.12609 0.21830 0.39903 2.27442 4.094e+130.01659
2.910 3561.191 0.58403 0.28819 0.49662 0.91009 0.25627 0.12646 0.21792 0.39935 2.27893 4.102e+130.01578
2.915 3618.810 0.58448 0.28962 0.49675 0.91262 0.25596 0.12683 0.21754 0.39967 2.28346 4.110e+130.01499
2.920 3679.643 0.58493 0.29105 0.49687 0.91516 0.25565 0.12721 0.21716 0.39998 2.28800 4.118e+130.01422
2.925 3743.970 0.58538 0.29248 0.49699 0.91770 0.25534 0.12758 0.21678 0.40030 2.29256 4.127e+130.01346
2.930 3812.103 0.58584 0.29393 0.49711 0.92025 0.25503 0.12795 0.21641 0.40061 2.29713 4.135e+130.01272
2.935 3884.393 0.58629 0.29538 0.49724 0.92281 0.25472 0.12833 0.21603 0.40092 2.30172 4.143e+130.01200
2.940 3961.233 0.58675 0.29684 0.49736 0.92537 0.25441 0.12871 0.21565 0.40123 2.30632 4.151e+130.01130
2.945 4043.069 0.58720 0.29830 0.49748 0.92794 0.25410 0.12908 0.21527 0.40155 2.31093 4.160e+130.01062
2.950 4130.400 0.58766 0.29977 0.49761 0.93052 0.25379 0.12946 0.21490 0.40186 2.31556 4.168e+130.00995
2.955 4223.798 0.58811 0.30125 0.49773 0.93311 0.25347 0.12984 0.21452 0.40217 2.32021 4.176e+130.00931
2.960 4323.911 0.58857 0.30274 0.49785 0.93570 0.25316 0.13022 0.21414 0.40248 2.32487 4.185e+130.00869
2.965 4431.481 0.58903 0.30424 0.49798 0.93830 0.25285 0.13060 0.21377 0.40278 2.32954 4.193e+130.00809
2.970 4547.356 0.58948 0.30574 0.49810 0.94091 0.25254 0.13098 0.21339 0.40309 2.33423 4.202e+130.00751
2.975 4672.518 0.58994 0.30725 0.49822 0.94352 0.25223 0.13136 0.21301 0.40340 2.33893 4.210e+130.00695
2.980 4808.099 0.59040 0.30877 0.49835 0.94615 0.25191 0.13175 0.21264 0.40371 2.34365 4.219e+130.00641
2.985 4955.415 0.59085 0.31029 0.49847 0.94878 0.25160 0.13213 0.21226 0.40401 2.34839 4.227e+130.00589
2.990 5116.002 0.59131 0.31182 0.49859 0.95141 0.25129 0.13251 0.21188 0.40432 2.35314 4.236e+130.00540
2.995 5291.664 0.59177 0.31336 0.49872 0.95406 0.25097 0.13290 0.21151 0.40462 2.35790 4.244e+130.00493
3.000 5484.523 0.59223 0.31491 0.49884 0.95671 0.25066 0.13328 0.21113 0.40492 2.36268 4.253e+130.00449
3.005 5697.097 0.59269 0.31646 0.49896 0.95937 0.25035 0.13367 0.21076 0.40523 2.36748 4.261e+130.00406
3.010 5932.387 0.59315 0.31803 0.49909 0.96203 0.25003 0.13406 0.21038 0.40553 2.37229 4.270e+130.00366
3.015 6193.989 0.59361 0.31960 0.49921 0.96470 0.24972 0.13445 0.21001 0.40583 2.37712 4.279e+130.00329
3.020 6486.241 0.59407 0.32117 0.49933 0.96739 0.24940 0.13484 0.20963 0.40613 2.38196 4.288e+130.00293
3.025 6814.408 0.59453 0.32276 0.49946 0.97007 0.24909 0.13523 0.20926 0.40643 2.38682 4.296e+130.00261
3.030 7184.927 0.59499 0.32435 0.49958 0.97277 0.24877 0.13562 0.20888 0.40673 2.39169 4.305e+130.00230
3.035 7605.718 0.59545 0.32595 0.49970 0.97547 0.24846 0.13601 0.20851 0.40703 2.39658 4.314e+130.00202
3.040 8086.599 0.59591 0.32756 0.49983 0.97818 0.24814 0.13640 0.20813 0.40732 2.40149 4.323e+130.00176
