timeGa Urey Qt heat/H0 heatTW 1HPE 2HPE 3HPE 4HPE TempC
0.000 0.04000 36.00000 1.00000 1.44000 0.37200 0.01640 0.43000 0.18100 1351.850
0.005 0.04002 36.00000 1.00038 1.44055 0.37215 0.01647 0.42994 0.18143 1352.628
0.010 0.03996 36.08133 1.00136 1.44196 0.37207 0.01654 0.42963 0.18176 1353.409
0.015 0.03991 36.16297 1.00234 1.44337 0.37199 0.01661 0.42931 0.18209 1354.191
0.020 0.03986 36.24491 1.00333 1.44479 0.37192 0.01667 0.42900 0.18241 1354.975
0.025 0.03981 36.32716 1.00431 1.44621 0.37184 0.01674 0.42868 0.18274 1355.760
0.030 0.03976 36.40972 1.00530 1.44764 0.37176 0.01680 0.42837 0.18307 1356.548
0.035 0.03971 36.49259 1.00629 1.44906 0.37168 0.01687 0.42805 0.18340 1357.337
0.040 0.03966 36.57576 1.00729 1.45049 0.37161 0.01694 0.42773 0.18372 1358.129
0.045 0.03961 36.65926 1.00828 1.45193 0.37153 0.01700 0.42742 0.18405 1358.922
0.050 0.03955 36.74306 1.00928 1.45336 0.37145 0.01707 0.42710 0.18438 1359.717
0.055 0.03950 36.82719 1.01028 1.45480 0.37137 0.01714 0.42678 0.18471 1360.513
0.060 0.03945 36.91163 1.01128 1.45625 0.37129 0.01720 0.42647 0.18504 1361.312
0.065 0.03940 36.99639 1.01229 1.45769 0.37121 0.01727 0.42615 0.18537 1362.113
0.070 0.03935 37.08147 1.01329 1.45914 0.37113 0.01734 0.42583 0.18570 1362.915
0.075 0.03930 37.16688 1.01430 1.46059 0.37104 0.01741 0.42551 0.18603 1363.719
0.080 0.03925 37.25261 1.01531 1.46205 0.37096 0.01748 0.42520 0.18636 1364.526
0.085 0.03920 37.33867 1.01632 1.46350 0.37088 0.01755 0.42488 0.18670 1365.334
0.090 0.03914 37.42505 1.01734 1.46496 0.37080 0.01761 0.42456 0.18703 1366.144
0.095 0.03909 37.51177 1.01835 1.46643 0.37071 0.01768 0.42424 0.18736 1366.956
0.100 0.03904 37.59882 1.01937 1.46790 0.37063 0.01775 0.42392 0.18769 1367.769
0.105 0.03899 37.68620 1.02039 1.46937 0.37055 0.01782 0.42360 0.18803 1368.585
0.110 0.03894 37.77391 1.02142 1.47084 0.37046 0.01789 0.42328 0.18836 1369.403
0.115 0.03889 37.86196 1.02244 1.47232 0.37038 0.01796 0.42296 0.18869 1370.223
0.120 0.03883 37.95036 1.02347 1.47379 0.37029 0.01803 0.42264 0.18903 1371.044
0.125 0.03878 38.03909 1.02450 1.47528 0.37021 0.01811 0.42232 0.18936 1371.868
0.130 0.03873 38.12816 1.02553 1.47676 0.37012 0.01818 0.42200 0.18970 1372.694
0.135 0.03868 38.21758 1.02656 1.47825 0.37004 0.01825 0.42168 0.19003 1373.521
0.140 0.03863 38.30734 1.02760 1.47974 0.36995 0.01832 0.42136 0.19037 1374.351
0.145 0.03858 38.39745 1.02864 1.48124 0.36986 0.01839 0.42104 0.19071 1375.182
0.150 0.03852 38.48791 1.02968 1.48274 0.36978 0.01846 0.42072 0.19104 1376.016
0.155 0.03847 38.57873 1.03072 1.48424 0.36969 0.01854 0.42040 0.19138 1376.851
0.160 0.03842 38.66989 1.03177 1.48575 0.36960 0.01861 0.42007 0.19172 1377.689
0.165 0.03837 38.76141 1.03281 1.48725 0.36951 0.01868 0.41975 0.19206 1378.529
0.170 0.03832 38.85329 1.03386 1.48877 0.36942 0.01875 0.41943 0.19239 1379.370
0.175 0.03827 38.94553 1.03492 1.49028 0.36933 0.01883 0.41911 0.19273 1380.214
0.180 0.03821 39.03813 1.03597 1.49180 0.36924 0.01890 0.41878 0.19307 1381.060
0.185 0.03816 39.13109 1.03703 1.49332 0.36915 0.01898 0.41846 0.19341 1381.908
0.190 0.03811 39.22441 1.03809 1.49484 0.36906 0.01905 0.41814 0.19375 1382.758
0.195 0.03806 39.31811 1.03915 1.49637 0.36897 0.01912 0.41781 0.19409 1383.610
0.200 0.03801 39.41217 1.04021 1.49790 0.36888 0.01920 0.41749 0.19443 1384.464
0.205 0.03795 39.50660 1.04128 1.49944 0.36879 0.01927 0.41717 0.19477 1385.320
0.210 0.03790 39.60140 1.04234 1.50098 0.36870 0.01935 0.41684 0.19511 1386.178
0.215 0.03785 39.69658 1.04341 1.50252 0.36860 0.01942 0.41652 0.19545 1387.038
0.220 0.03780 39.79214 1.04449 1.50406 0.36851 0.01950 0.41619 0.19580 1387.901
0.225 0.03775 39.88807 1.04556 1.50561 0.36842 0.01958 0.41587 0.19614 1388.765
0.230 0.03769 39.98439 1.04664 1.50716 0.36832 0.01965 0.41554 0.19648 1389.632
0.235 0.03764 40.08109 1.04772 1.50871 0.36823 0.01973 0.41522 0.19682 1390.501
0.240 0.03759 40.17817 1.04880 1.51027 0.36813 0.01981 0.41489 0.19717 1391.372
0.245 0.03754 40.27564 1.04988 1.51183 0.36804 0.01988 0.41457 0.19751 1392.245
0.250 0.03748 40.37350 1.05097 1.51340 0.36794 0.01996 0.41424 0.19785 1393.120
0.255 0.03743 40.47176 1.05206 1.51497 0.36785 0.02004 0.41391 0.19820 1393.998
0.260 0.03738 40.57040 1.05315 1.51654 0.36775 0.02012 0.41359 0.19854 1394.878
0.265 0.03733 40.66944 1.05424 1.51811 0.36765 0.02020 0.41326 0.19889 1395.760
0.270 0.03728 40.76888 1.05534 1.51969 0.36756 0.02027 0.41293 0.19923 1396.644
0.275 0.03722 40.86872 1.05644 1.52127 0.36746 0.02035 0.41261 0.19958 1397.530
0.280 0.03717 40.96896 1.05754 1.52286 0.36736 0.02043 0.41228 0.19993 1398.419
0.285 0.03712 41.06961 1.05864 1.52445 0.36726 0.02051 0.41195 0.20027 1399.309
0.290 0.03707 41.17066 1.05975 1.52604 0.36716 0.02059 0.41162 0.20062 1400.202
0.295 0.03701 41.27212 1.06086 1.52764 0.36707 0.02067 0.41129 0.20097 1401.098
0.300 0.03696 41.37399 1.06197 1.52923 0.36697 0.02075 0.41097 0.20132 1401.995
0.305 0.03691 41.47628 1.06308 1.53084 0.36687 0.02083 0.41064 0.20166 1402.895
0.310 0.03686 41.57898 1.06420 1.53244 0.36677 0.02091 0.41031 0.20201 1403.797
0.315 0.03680 41.68210 1.06532 1.53405 0.36666 0.02100 0.40998 0.20236 1404.701
0.320 0.03675 41.78564 1.06644 1.53567 0.36656 0.02108 0.40965 0.20271 1405.608
0.325 0.03670 41.88960 1.06756 1.53728 0.36646 0.02116 0.40932 0.20306 1406.517
0.330 0.03665 41.99399 1.06868 1.53890 0.36636 0.02124 0.40899 0.20341 1407.428
0.335 0.03659 42.09881 1.06981 1.54053 0.36626 0.02132 0.40866 0.20376 1408.342
0.340 0.03654 42.20406 1.07094 1.54216 0.36615 0.02141 0.40833 0.20411 1409.258
0.345 0.03649 42.30973 1.07207 1.54379 0.36605 0.02149 0.40800 0.20446 1410.176
0.350 0.03644 42.41585 1.07321 1.54542 0.36595 0.02157 0.40767 0.20481 1411.097
0.355 0.03638 42.52240 1.07435 1.54706 0.36584 0.02166 0.40734 0.20516 1412.020
0.360 0.03633 42.62939 1.07549 1.54870 0.36574 0.02174 0.40701 0.20552 1412.945
0.365 0.03628 42.73682 1.07663 1.55035 0.36563 0.02182 0.40668 0.20587 1413.873
0.370 0.03622 42.84470 1.07778 1.55200 0.36553 0.02191 0.40634 0.20622 1414.803
0.375 0.03617 42.95302 1.07893 1.55365 0.36542 0.02199 0.40601 0.20657 1415.736
0.380 0.03612 43.06179 1.08008 1.55531 0.36532 0.02208 0.40568 0.20693 1416.671
0.385 0.03607 43.17102 1.08123 1.55697 0.36521 0.02216 0.40535 0.20728 1417.608
0.390 0.03601 43.28070 1.08238 1.55863 0.36510 0.02225 0.40501 0.20763 1418.548
0.395 0.03596 43.39084 1.08354 1.56030 0.36499 0.02233 0.40468 0.20799 1419.490
0.400 0.03591 43.50144 1.08470 1.56197 0.36489 0.02242 0.40435 0.20834 1420.435
0.405 0.03585 43.61250 1.08587 1.56365 0.36478 0.02251 0.40402 0.20870 1421.382
0.410 0.03580 43.72403 1.08703 1.56533 0.36467 0.02259 0.40368 0.20905 1422.332
0.415 0.03575 43.83602 1.08820 1.56701 0.36456 0.02268 0.40335 0.20941 1423.284
0.420 0.03569 43.94849 1.08937 1.56870 0.36445 0.02277 0.40301 0.20977 1424.238
0.425 0.03564 44.06143 1.09055 1.57039 0.36434 0.02286 0.40268 0.21012 1425.196
0.430 0.03559 44.17484 1.09172 1.57208 0.36423 0.02294 0.40235 0.21048 1426.155
0.435 0.03553 44.28874 1.09290 1.57378 0.36412 0.02303 0.40201 0.21084 1427.117
0.440 0.03548 44.40311 1.09409 1.57548 0.36401 0.02312 0.40168 0.21119 1428.082
0.445 0.03543 44.51797 1.09527 1.57719 0.36390 0.02321 0.40134 0.21155 1429.049
0.450 0.03537 44.63332 1.09646 1.57890 0.36378 0.02330 0.40101 0.21191 1430.019
0.455 0.03532 44.74916 1.09765 1.58061 0.36367 0.02339 0.40067 0.21227 1430.992
0.460 0.03527 44.86549 1.09884 1.58233 0.36356 0.02348 0.40033 0.21263 1431.967
0.465 0.03521 44.98231 1.10003 1.58405 0.36344 0.02357 0.40000 0.21299 1432.944
0.470 0.03516 45.09964 1.10123 1.58577 0.36333 0.02366 0.39966 0.21335 1433.924
0.475 0.03511 45.21746 1.10243 1.58750 0.36322 0.02375 0.39933 0.21371 1434.907
0.480 0.03505 45.33579 1.10364 1.58924 0.36310 0.02384 0.39899 0.21407 1435.893
0.485 0.03500 45.45463 1.10484 1.59097 0.36299 0.02393 0.39865 0.21443 1436.881
0.490 0.03495 45.57398 1.10605 1.59271 0.36287 0.02403 0.39832 0.21479 1437.871
0.495 0.03489 45.69384 1.10726 1.59446 0.36275 0.02412 0.39798 0.21515 1438.865
0.500 0.03484 45.81422 1.10848 1.59621 0.36264 0.02421 0.39764 0.21551 1439.861
0.505 0.03479 45.93512 1.10969 1.59796 0.36252 0.02430 0.39730 0.21587 1440.860
0.510 0.03473 46.05654 1.11091 1.59972 0.36240 0.02440 0.39696 0.21623 1441.861
0.515 0.03468 46.17849 1.11214 1.60148 0.36229 0.02449 0.39663 0.21660 1442.865
0.520 0.03463 46.30096 1.11336 1.60324 0.36217 0.02458 0.39629 0.21696 1443.872
0.525 0.03457 46.42397 1.11459 1.60501 0.36205 0.02468 0.39595 0.21732 1444.881
0.530 0.03452 46.54751 1.11582 1.60678 0.36193 0.02477 0.39561 0.21769 1445.894
0.535 0.03447 46.67159 1.11706 1.60856 0.36181 0.02487 0.39527 0.21805 1446.909
0.540 0.03441 46.79622 1.11829 1.61034 0.36169 0.02496 0.39493 0.21841 1447.927
0.545 0.03436 46.92138 1.11953 1.61213 0.36157 0.02506 0.39459 0.21878 1448.947
0.550 0.03430 47.04710 1.12077 1.61391 0.36145 0.02515 0.39425 0.21914 1449.971
0.555 0.03425 47.17336 1.12202 1.61571 0.36133 0.02525 0.39391 0.21951 1450.997
0.560 0.03420 47.30018 1.12327 1.61750 0.36121 0.02535 0.39357 0.21987 1452.026
0.565 0.03414 47.42756 1.12452 1.61931 0.36109 0.02544 0.39323 0.22024 1453.058
0.570 0.03409 47.55550 1.12577 1.62111 0.36096 0.02554 0.39289 0.22061 1454.093
0.575 0.03403 47.68400 1.12703 1.62292 0.36084 0.02564 0.39255 0.22097 1455.130
0.580 0.03398 47.81308 1.12829 1.62473 0.36072 0.02574 0.39221 0.22134 1456.171
0.585 0.03393 47.94272 1.12955 1.62655 0.36059 0.02583 0.39187 0.22171 1457.214
0.590 0.03387 48.07294 1.13082 1.62837 0.36047 0.02593 0.39153 0.22207 1458.260
0.595 0.03382 48.20373 1.13208 1.63020 0.36034 0.02603 0.39118 0.22244 1459.309
0.600 0.03376 48.33511 1.13335 1.63203 0.36022 0.02613 0.39084 0.22281 1460.361
0.605 0.03371 48.46707 1.13463 1.63387 0.36009 0.02623 0.39050 0.22318 1461.416
0.610 0.03366 48.59963 1.13591 1.63570 0.35997 0.02633 0.39016 0.22355 1462.474
0.615 0.03360 48.73277 1.13719 1.63755 0.35984 0.02643 0.38981 0.22391 1463.535
0.620 0.03355 48.86651 1.13847 1.63940 0.35971 0.02653 0.38947 0.22428 1464.599
0.625 0.03349 49.00085 1.13976 1.64125 0.35959 0.02663 0.38913 0.22465 1465.666
0.630 0.03344 49.13580 1.14104 1.64310 0.35946 0.02673 0.38879 0.22502 1466.735
0.635 0.03339 49.27135 1.14234 1.64496 0.35933 0.02683 0.38844 0.22539 1467.808
0.640 0.03333 49.40751 1.14363 1.64683 0.35920 0.02694 0.38810 0.22576 1468.884
0.645 0.03328 49.54429 1.14493 1.64870 0.35907 0.02704 0.38775 0.22613 1469.963
0.650 0.03322 49.68168 1.14623 1.65057 0.35894 0.02714 0.38741 0.22651 1471.045
0.655 0.03317 49.81970 1.14753 1.65245 0.35881 0.02724 0.38707 0.22688 1472.130
0.660 0.03311 49.95834 1.14884 1.65433 0.35868 0.02735 0.38672 0.22725 1473.218
0.665 0.03306 50.09762 1.15015 1.65622 0.35855 0.02745 0.38638 0.22762 1474.309
0.670 0.03301 50.23752 1.15146 1.65811 0.35842 0.02756 0.38603 0.22799 1475.403
0.675 0.03295 50.37807 1.15278 1.66000 0.35829 0.02766 0.38569 0.22837 1476.501
0.680 0.03290 50.51926 1.15410 1.66190 0.35816 0.02776 0.38534 0.22874 1477.601
0.685 0.03284 50.66109 1.15542 1.66381 0.35803 0.02787 0.38499 0.22911 1478.705
0.690 0.03279 50.80357 1.15675 1.66572 0.35789 0.02798 0.38465 0.22948 1479.812
0.695 0.03273 50.94671 1.15808 1.66763 0.35776 0.02808 0.38430 0.22986 1480.922
0.700 0.03268 51.09050 1.15941 1.66955 0.35763 0.02819 0.38396 0.23023 1482.035
0.705 0.03262 51.23496 1.16074 1.67147 0.35749 0.02829 0.38361 0.23061 1483.152
0.710 0.03257 51.38008 1.16208 1.67339 0.35736 0.02840 0.38326 0.23098 1484.271
0.715 0.03251 51.52587 1.16342 1.67533 0.35722 0.02851 0.38292 0.23136 1485.394
0.720 0.03246 51.67234 1.16477 1.67726 0.35709 0.02862 0.38257 0.23173 1486.520
0.725 0.03240 51.81949 1.16611 1.67920 0.35695 0.02872 0.38222 0.23211 1487.650
0.730 0.03235 51.96731 1.16746 1.68115 0.35681 0.02883 0.38187 0.23248 1488.783
0.735 0.03230 52.11583 1.16882 1.68310 0.35668 0.02894 0.38152 0.23286 1489.919
0.740 0.03224 52.26504 1.17017 1.68505 0.35654 0.02905 0.38118 0.23323 1491.058
0.745 0.03219 52.41494 1.17153 1.68701 0.35640 0.02916 0.38083 0.23361 1492.201
0.750 0.03213 52.56555 1.17290 1.68897 0.35626 0.02927 0.38048 0.23399 1493.347
0.755 0.03208 52.71686 1.17426 1.69094 0.35612 0.02938 0.38013 0.23437 1494.496
0.760 0.03202 52.86888 1.17563 1.69291 0.35598 0.02949 0.37978 0.23474 1495.649
0.765 0.03197 53.02161 1.17701 1.69489 0.35584 0.02960 0.37943 0.23512 1496.805
0.770 0.03191 53.17507 1.17838 1.69687 0.35570 0.02971 0.37908 0.23550 1497.965
0.775 0.03186 53.32924 1.17976 1.69886 0.35556 0.02982 0.37873 0.23588 1499.128
0.780 0.03180 53.48415 1.18115 1.70085 0.35542 0.02994 0.37838 0.23626 1500.294
0.785 0.03175 53.63979 1.18253 1.70285 0.35528 0.03005 0.37803 0.23663 1501.464
0.790 0.03169 53.79616 1.18392 1.70485 0.35514 0.03016 0.37768 0.23701 1502.637
0.795 0.03164 53.95328 1.18531 1.70685 0.35500 0.03028 0.37733 0.23739 1503.814
0.800 0.03158 54.11114 1.18671 1.70886 0.35486 0.03039 0.37698 0.23777 1504.995
0.805 0.03153 54.26976 1.18811 1.71088 0.35471 0.03050 0.37663 0.23815 1506.179
0.810 0.03147 54.42913 1.18951 1.71290 0.35457 0.03062 0.37628 0.23853 1507.366
0.815 0.03141 54.58926 1.19092 1.71492 0.35442 0.03073 0.37593 0.23891 1508.557
0.820 0.03136 54.75016 1.19233 1.71695 0.35428 0.03085 0.37558 0.23929 1509.752
0.825 0.03130 54.91183 1.19374 1.71899 0.35413 0.03096 0.37523 0.23967 1510.950
0.830 0.03125 55.07428 1.19516 1.72102 0.35399 0.03108 0.37488 0.24006 1512.152
0.835 0.03119 55.23751 1.19658 1.72307 0.35384 0.03120 0.37452 0.24044 1513.357
0.840 0.03114 55.40153 1.19800 1.72512 0.35370 0.03131 0.37417 0.24082 1514.566
0.845 0.03108 55.56633 1.19942 1.72717 0.35355 0.03143 0.37382 0.24120 1515.779
0.850 0.03103 55.73194 1.20085 1.72923 0.35340 0.03155 0.37347 0.24158 1516.996
0.855 0.03097 55.89835 1.20229 1.73129 0.35326 0.03167 0.37311 0.24197 1518.216
0.860 0.03092 56.06556 1.20372 1.73336 0.35311 0.03178 0.37276 0.24235 1519.440
0.865 0.03086 56.23359 1.20516 1.73544 0.35296 0.03190 0.37241 0.24273 1520.667
0.870 0.03081 56.40244 1.20661 1.73752 0.35281 0.03202 0.37205 0.24311 1521.899
0.875 0.03075 56.57211 1.20806 1.73960 0.35266 0.03214 0.37170 0.24350 1523.134
0.880 0.03069 56.74261 1.20951 1.74169 0.35251 0.03226 0.37135 0.24388 1524.373
0.885 0.03064 56.91394 1.21096 1.74378 0.35236 0.03238 0.37099 0.24427 1525.615
0.890 0.03058 57.08612 1.21242 1.74588 0.35221 0.03250 0.37064 0.24465 1526.862
0.895 0.03053 57.25914 1.21388 1.74799 0.35206 0.03262 0.37028 0.24504 1528.112
0.900 0.03047 57.43301 1.21534 1.75009 0.35191 0.03275 0.36993 0.24542 1529.367
0.905 0.03042 57.60774 1.21681 1.75221 0.35175 0.03287 0.36957 0.24580 1530.625
0.910 0.03036 57.78334 1.21828 1.75433 0.35160 0.03299 0.36922 0.24619 1531.887
0.915 0.03030 57.95980 1.21976 1.75645 0.35145 0.03311 0.36886 0.24658 1533.153
0.920 0.03025 58.13713 1.22124 1.75858 0.35130 0.03324 0.36851 0.24696 1534.423
0.925 0.03019 58.31535 1.22272 1.76072 0.35114 0.03336 0.36815 0.24735 1535.697
0.930 0.03014 58.49445 1.22421 1.76286 0.35099 0.03348 0.36780 0.24773 1536.975
0.935 0.03008 58.67445 1.22570 1.76500 0.35083 0.03361 0.36744 0.24812 1538.257
0.940 0.03003 58.85535 1.22719 1.76715 0.35068 0.03373 0.36708 0.24851 1539.543
0.945 0.02997 59.03714 1.22869 1.76931 0.35052 0.03386 0.36673 0.24889 1540.833
0.950 0.02991 59.21985 1.23019 1.77147 0.35037 0.03398 0.36637 0.24928 1542.127
0.955 0.02986 59.40348 1.23169 1.77364 0.35021 0.03411 0.36601 0.24967 1543.425
0.960 0.02980 59.58803 1.23320 1.77581 0.35005 0.03424 0.36566 0.25006 1544.727
0.965 0.02975 59.77351 1.23471 1.77798 0.34989 0.03436 0.36530 0.25044 1546.034
0.970 0.02969 59.95993 1.23623 1.78017 0.34974 0.03449 0.36494 0.25083 1547.344
0.975 0.02963 60.14729 1.23775 1.78235 0.34958 0.03462 0.36458 0.25122 1548.659
0.980 0.02958 60.33559 1.23927 1.78455 0.34942 0.03475 0.36423 0.25161 1549.978
0.985 0.02952 60.52486 1.24079 1.78674 0.34926 0.03487 0.36387 0.25200 1551.301
0.990 0.02946 60.71508 1.24232 1.78895 0.34910 0.03500 0.36351 0.25239 1552.628
0.995 0.02941 60.90628 1.24386 1.79116 0.34894 0.03513 0.36315 0.25278 1553.960
1.000 0.02935 61.09844 1.24540 1.79337 0.34878 0.03526 0.36279 0.25317 1555.296
1.005 0.02930 61.29160 1.24694 1.79559 0.34862 0.03539 0.36243 0.25356 1556.636
1.010 0.02924 61.48573 1.24848 1.79782 0.34846 0.03552 0.36207 0.25394 1557.980
1.015 0.02918 61.68087 1.25003 1.80005 0.34829 0.03565 0.36172 0.25433 1559.329
1.020 0.02913 61.87701 1.25159 1.80228 0.34813 0.03579 0.36136 0.25473 1560.682
1.025 0.02907 62.07416 1.25314 1.80453 0.34797 0.03592 0.36100 0.25512 1562.040
1.030 0.02901 62.27232 1.25470 1.80677 0.34781 0.03605 0.36064 0.25551 1563.402
1.035 0.02896 62.47151 1.25627 1.80903 0.34764 0.03618 0.36028 0.25590 1564.769
1.040 0.02890 62.67173 1.25784 1.81128 0.34748 0.03632 0.35992 0.25629 1566.139
1.045 0.02884 62.87299 1.25941 1.81355 0.34731 0.03645 0.35956 0.25668 1567.515
1.050 0.02879 63.07529 1.26098 1.81582 0.34715 0.03659 0.35920 0.25707 1568.895
1.055 0.02873 63.27865 1.26256 1.81809 0.34698 0.03672 0.35883 0.25746 1570.279
1.060 0.02867 63.48306 1.26415 1.82037 0.34682 0.03685 0.35847 0.25786 1571.668
1.065 0.02862 63.68855 1.26574 1.82266 0.34665 0.03699 0.35811 0.25825 1573.062
1.070 0.02856 63.89511 1.26733 1.82495 0.34648 0.03713 0.35775 0.25864 1574.460
1.075 0.02851 64.10275 1.26892 1.82725 0.34632 0.03726 0.35739 0.25903 1575.863
1.080 0.02845 64.31149 1.27052 1.82955 0.34615 0.03740 0.35703 0.25942 1577.270
1.085 0.02839 64.52132 1.27213 1.83186 0.34598 0.03754 0.35667 0.25982 1578.682
1.090 0.02833 64.73226 1.27374 1.83418 0.34581 0.03767 0.35630 0.26021 1580.099
1.095 0.02828 64.94431 1.27535 1.83650 0.34564 0.03781 0.35594 0.26060 1581.521
1.100 0.02822 65.15749 1.27696 1.83883 0.34547 0.03795 0.35558 0.26100 1582.947
1.105 0.02816 65.37180 1.27858 1.84116 0.34530 0.03809 0.35522 0.26139 1584.378
1.110 0.02811 65.58724 1.28021 1.84350 0.34513 0.03823 0.35485 0.26179 1585.814
1.115 0.02805 65.80383 1.28183 1.84584 0.34496 0.03837 0.35449 0.26218 1587.255
1.120 0.02799 66.02158 1.28347 1.84819 0.34479 0.03851 0.35413 0.26257 1588.700
1.125 0.02794 66.24049 1.28510 1.85055 0.34462 0.03865 0.35377 0.26297 1590.151
1.130 0.02788 66.46057 1.28674 1.85291 0.34444 0.03879 0.35340 0.26336 1591.606
1.135 0.02782 66.68183 1.28839 1.85528 0.34427 0.03893 0.35304 0.26376 1593.066
1.140 0.02777 66.90429 1.29004 1.85765 0.34410 0.03908 0.35267 0.26415 1594.531
1.145 0.02771 67.12794 1.29169 1.86003 0.34392 0.03922 0.35231 0.26455 1596.002
1.150 0.02765 67.35279 1.29335 1.86242 0.34375 0.03936 0.35195 0.26494 1597.477
1.155 0.02759 67.57886 1.29501 1.86481 0.34357 0.03951 0.35158 0.26534 1598.957
1.160 0.02754 67.80616 1.29667 1.86721 0.34340 0.03965 0.35122 0.26573 1600.442
1.165 0.02748 68.03468 1.29834 1.86961 0.34322 0.03979 0.35085 0.26613 1601.933
1.170 0.02742 68.26445 1.30001 1.87202 0.34305 0.03994 0.35049 0.26653 1603.428
1.175 0.02737 68.49547 1.30169 1.87444 0.34287 0.04008 0.35012 0.26692 1604.929
1.180 0.02731 68.72776 1.30337 1.87686 0.34269 0.04023 0.34976 0.26732 1606.435
1.185 0.02725 68.96131 1.30506 1.87929 0.34252 0.04038 0.34939 0.26771 1607.946
1.190 0.02719 69.19614 1.30675 1.88172 0.34234 0.04052 0.34903 0.26811 1609.462
1.195 0.02714 69.43226 1.30845 1.88416 0.34216 0.04067 0.34866 0.26851 1610.984
1.200 0.02708 69.66967 1.31014 1.88661 0.34198 0.04082 0.34829 0.26891 1612.511
1.205 0.02702 69.90840 1.31185 1.88906 0.34180 0.04097 0.34793 0.26930 1614.043
1.210 0.02696 70.14844 1.31356 1.89152 0.34162 0.04112 0.34756 0.26970 1615.580
1.215 0.02691 70.38981 1.31527 1.89399 0.34144 0.04127 0.34720 0.27010 1617.123
1.220 0.02685 70.63252 1.31698 1.89646 0.34126 0.04141 0.34683 0.27049 1618.672
1.225 0.02679 70.87658 1.31870 1.89893 0.34108 0.04156 0.34646 0.27089 1620.226
1.230 0.02673 71.12199 1.32043 1.90142 0.34090 0.04172 0.34609 0.27129 1621.785
1.235 0.02668 71.36877 1.32216 1.90391 0.34072 0.04187 0.34573 0.27169 1623.349
1.240 0.02662 71.61693 1.32389 1.90641 0.34053 0.04202 0.34536 0.27209 1624.920
1.245 0.02656 71.86648 1.32563 1.90891 0.34035 0.04217 0.34499 0.27248 1626.496
1.250 0.02650 72.11743 1.32737 1.91142 0.34017 0.04232 0.34463 0.27288 1628.077
1.255 0.02645 72.36978 1.32912 1.91393 0.33998 0.04248 0.34426 0.27328 1629.664
1.260 0.02639 72.62356 1.33087 1.91646 0.33980 0.04263 0.34389 0.27368 1631.257
1.265 0.02633 72.87877 1.33263 1.91899 0.33962 0.04278 0.34352 0.27408 1632.855
1.270 0.02627 73.13542 1.33439 1.92152 0.33943 0.04294 0.34315 0.27448 1634.459
1.275 0.02622 73.39352 1.33616 1.92406 0.33925 0.04309 0.34278 0.27488 1636.069
1.280 0.02616 73.65309 1.33792 1.92661 0.33906 0.04325 0.34242 0.27528 1637.685
1.285 0.02610 73.91413 1.33970 1.92917 0.33887 0.04340 0.34205 0.27568 1639.307
1.290 0.02604 74.17667 1.34148 1.93173 0.33869 0.04356 0.34168 0.27608 1640.934
1.295 0.02598 74.44069 1.34326 1.93430 0.33850 0.04372 0.34131 0.27648 1642.567
1.300 0.02593 74.70623 1.34505 1.93687 0.33831 0.04388 0.34094 0.27688 1644.206
1.305 0.02587 74.97329 1.34684 1.93945 0.33812 0.04403 0.34057 0.27727 1645.851
1.310 0.02581 75.24189 1.34864 1.94204 0.33793 0.04419 0.34020 0.27767 1647.503
1.315 0.02575 75.51203 1.35044 1.94463 0.33774 0.04435 0.33983 0.27808 1649.160
1.320 0.02569 75.78373 1.35225 1.94724 0.33755 0.04451 0.33946 0.27848 1650.823
1.325 0.02564 76.05699 1.35406 1.94984 0.33736 0.04467 0.33909 0.27888 1652.492
1.330 0.02558 76.33184 1.35587 1.95246 0.33717 0.04483 0.33872 0.27928 1654.168
1.335 0.02552 76.60828 1.35769 1.95508 0.33698 0.04499 0.33835 0.27968 1655.849
1.340 0.02546 76.88633 1.35952 1.95771 0.33679 0.04515 0.33798 0.28008 1657.537
1.345 0.02540 77.16600 1.36135 1.96034 0.33660 0.04531 0.33761 0.28048 1659.231
1.350 0.02535 77.44730 1.36318 1.96299 0.33641 0.04548 0.33724 0.28088 1660.932
1.355 0.02529 77.73024 1.36502 1.96563 0.33621 0.04564 0.33687 0.28128 1662.638
1.360 0.02523 78.01485 1.36687 1.96829 0.33602 0.04580 0.33650 0.28168 1664.351
1.365 0.02517 78.30112 1.36872 1.97095 0.33583 0.04597 0.33612 0.28208 1666.071
1.370 0.02511 78.58908 1.37057 1.97362 0.33563 0.04613 0.33575 0.28248 1667.796
1.375 0.02505 78.87873 1.37243 1.97630 0.33544 0.04630 0.33538 0.28288 1669.529
1.380 0.02500 79.17010 1.37429 1.97898 0.33524 0.04646 0.33501 0.28329 1671.268
1.385 0.02494 79.46319 1.37616 1.98167 0.33505 0.04663 0.33464 0.28369 1673.013
1.390 0.02488 79.75802 1.37803 1.98437 0.33485 0.04679 0.33426 0.28409 1674.765
1.395 0.02482 80.05460 1.37991 1.98707 0.33465 0.04696 0.33389 0.28449 1676.523
1.400 0.02476 80.35295 1.38179 1.98978 0.33446 0.04713 0.33352 0.28489 1678.288
1.405 0.02470 80.65308 1.38368 1.99250 0.33426 0.04730 0.33315 0.28529 1680.060
1.410 0.02465 80.95501 1.38558 1.99523 0.33406 0.04747 0.33277 0.28570 1681.839
1.415 0.02459 81.25874 1.38747 1.99796 0.33386 0.04764 0.33240 0.28610 1683.624
1.420 0.02453 81.56430 1.38938 2.00070 0.33367 0.04780 0.33203 0.28650 1685.417
1.425 0.02447 81.87170 1.39128 2.00345 0.33347 0.04797 0.33166 0.28690 1687.216
1.430 0.02441 82.18095 1.39320 2.00620 0.33327 0.04815 0.33128 0.28731 1689.022
1.435 0.02435 82.49207 1.39511 2.00896 0.33307 0.04832 0.33091 0.28771 1690.835
1.440 0.02429 82.80507 1.39704 2.01173 0.33287 0.04849 0.33053 0.28811 1692.655
1.445 0.02424 83.11998 1.39896 2.01451 0.33267 0.04866 0.33016 0.28851 1694.482
1.450 0.02418 83.43680 1.40090 2.01729 0.33246 0.04883 0.32979 0.28892 1696.316
1.455 0.02412 83.75555 1.40284 2.02008 0.33226 0.04901 0.32941 0.28932 1698.157
1.460 0.02406 84.07624 1.40478 2.02288 0.33206 0.04918 0.32904 0.28972 1700.005
1.465 0.02400 84.39890 1.40673 2.02569 0.33186 0.04936 0.32866 0.29012 1701.861
1.470 0.02394 84.72354 1.40868 2.02850 0.33165 0.04953 0.32829 0.29053 1703.723
1.475 0.02388 85.05018 1.41064 2.03132 0.33145 0.04971 0.32792 0.29093 1705.593
1.480 0.02382 85.37882 1.41260 2.03415 0.33125 0.04988 0.32754 0.29133 1707.471
1.485 0.02377 85.70950 1.41457 2.03698 0.33104 0.05006 0.32717 0.29174 1709.356
1.490 0.02371 86.04222 1.41654 2.03982 0.33084 0.05023 0.32679 0.29214 1711.248
1.495 0.02365 86.37700 1.41852 2.04267 0.33063 0.05041 0.32642 0.29254 1713.147
1.500 0.02359 86.71386 1.42051 2.04553 0.33042 0.05059 0.32604 0.29294 1715.055
1.505 0.02353 87.05282 1.42250 2.04840 0.33022 0.05077 0.32566 0.29335 1716.969
1.510 0.02347 87.39390 1.42449 2.05127 0.33001 0.05095 0.32529 0.29375 1718.892
1.515 0.02341 87.73710 1.42649 2.05415 0.32980 0.05113 0.32491 0.29415 1720.822
1.520 0.02335 88.08246 1.42850 2.05704 0.32960 0.05131 0.32454 0.29456 1722.760
1.525 0.02329 88.42999 1.43051 2.05993 0.32939 0.05149 0.32416 0.29496 1724.705
1.530 0.02324 88.77970 1.43253 2.06284 0.32918 0.05167 0.32379 0.29536 1726.659
1.535 0.02318 89.13162 1.43455 2.06575 0.32897 0.05185 0.32341 0.29577 1728.620
1.540 0.02312 89.48576 1.43657 2.06867 0.32876 0.05204 0.32303 0.29617 1730.589
1.545 0.02306 89.84215 1.43861 2.07159 0.32855 0.05222 0.32266 0.29657 1732.566
1.550 0.02300 90.20079 1.44064 2.07453 0.32834 0.05240 0.32228 0.29698 1734.551
1.555 0.02294 90.56172 1.44269 2.07747 0.32813 0.05259 0.32190 0.29738 1736.544
1.560 0.02288 90.92495 1.44474 2.08042 0.32792 0.05277 0.32153 0.29778 1738.546
1.565 0.02282 91.29051 1.44679 2.08338 0.32771 0.05296 0.32115 0.29819 1740.555
1.570 0.02276 91.65840 1.44885 2.08634 0.32750 0.05314 0.32077 0.29859 1742.573
1.575 0.02270 92.02865 1.45092 2.08932 0.32728 0.05333 0.32039 0.29900 1744.599
1.580 0.02264 92.40129 1.45299 2.09230 0.32707 0.05351 0.32002 0.29940 1746.633
1.585 0.02258 92.77633 1.45506 2.09529 0.32686 0.05370 0.31964 0.29980 1748.676
1.590 0.02252 93.15379 1.45714 2.09829 0.32664 0.05389 0.31926 0.30021 1750.727
1.595 0.02247 93.53369 1.45923 2.10129 0.32643 0.05408 0.31888 0.30061 1752.786
1.600 0.02241 93.91606 1.46133 2.10431 0.32621 0.05427 0.31851 0.30101 1754.854
1.605 0.02235 94.30091 1.46342 2.10733 0.32600 0.05446 0.31813 0.30142 1756.931
1.610 0.02229 94.68828 1.46553 2.11036 0.32578 0.05465 0.31775 0.30182 1759.017
1.615 0.02223 95.07817 1.46764 2.11340 0.32557 0.05484 0.31737 0.30222 1761.111
1.620 0.02217 95.47062 1.46975 2.11645 0.32535 0.05503 0.31699 0.30263 1763.213
1.625 0.02211 95.86564 1.47188 2.11950 0.32513 0.05522 0.31661 0.30303 1765.325
1.630 0.02205 96.26326 1.47400 2.12256 0.32491 0.05541 0.31624 0.30343 1767.446
1.635 0.02199 96.66350 1.47614 2.12563 0.32470 0.05561 0.31586 0.30384 1769.575
1.640 0.02193 97.06639 1.47827 2.12871 0.32448 0.05580 0.31548 0.30424 1771.714
1.645 0.02187 97.47194 1.48042 2.13180 0.32426 0.05600 0.31510 0.30465 1773.861
1.650 0.02181 97.88019 1.48257 2.13490 0.32404 0.05619 0.31472 0.30505 1776.018
1.655 0.02175 98.29114 1.48472 2.13800 0.32382 0.05639 0.31434 0.30545 1778.184
1.660 0.02169 98.70484 1.48689 2.14112 0.32360 0.05658 0.31396 0.30586 1780.359
1.665 0.02163 99.12130 1.48905 2.14424 0.32338 0.05678 0.31358 0.30626 1782.544
1.670 0.02157 99.54056 1.49123 2.14737 0.32316 0.05698 0.31320 0.30666 1784.738
1.675 0.02151 99.96262 1.49341 2.15051 0.32294 0.05717 0.31282 0.30707 1786.941
1.680 0.02145 100.38752 1.49559 2.15365 0.32272 0.05737 0.31244 0.30747 1789.154
1.685 0.02139 100.81529 1.49778 2.15681 0.32249 0.05757 0.31206 0.30787 1791.376
1.690 0.02133 101.24595 1.49998 2.15997 0.32227 0.05777 0.31168 0.30828 1793.608
1.695 0.02127 101.67953 1.50218 2.16315 0.32205 0.05797 0.31130 0.30868 1795.850
1.700 0.02121 102.11605 1.50439 2.16633 0.32182 0.05817 0.31092 0.30908 1798.101
1.705 0.02115 102.55554 1.50661 2.16952 0.32160 0.05837 0.31054 0.30949 1800.362
1.710 0.02109 102.99803 1.50883 2.17272 0.32138 0.05857 0.31016 0.30989 1802.634
1.715 0.02103 103.44354 1.51106 2.17592 0.32115 0.05878 0.30978 0.31029 1804.915
1.720 0.02098 103.89211 1.51329 2.17914 0.32092 0.05898 0.30940 0.31069 1807.206
1.725 0.02092 104.34375 1.51553 2.18236 0.32070 0.05918 0.30902 0.31110 1809.507
1.730 0.02086 104.79851 1.51778 2.18560 0.32047 0.05939 0.30864 0.31150 1811.819
1.735 0.02080 105.25640 1.52003 2.18884 0.32025 0.05959 0.30826 0.31190 1814.140
1.740 0.02074 105.71746 1.52229 2.19209 0.32002 0.05980 0.30788 0.31231 1816.472
1.745 0.02068 106.18171 1.52455 2.19535 0.31979 0.06000 0.30750 0.31271 1818.815
1.750 0.02062 106.64919 1.52682 2.19862 0.31956 0.06021 0.30711 0.31311 1821.167
1.755 0.02056 107.11993 1.52910 2.20190 0.31933 0.06042 0.30673 0.31351 1823.531
1.760 0.02050 107.59395 1.53138 2.20519 0.31911 0.06063 0.30635 0.31392 1825.905
1.765 0.02044 108.07130 1.53367 2.20849 0.31888 0.06083 0.30597 0.31432 1828.289
