timeGa Urey Qt heat/H0 heatTW 1HPE 2HPE 3HPE 4HPE TempC
0.005 0.20008 36.00000 1.00038 7.20273 0.37215 0.01647 0.42994 0.18143 1350.649
0.010 0.19986 36.07459 1.00136 7.20979 0.37207 0.01654 0.42963 0.18176 1351.299
0.015 0.19964 36.14947 1.00234 7.21687 0.37199 0.01661 0.42931 0.18209 1351.951
0.020 0.19942 36.22462 1.00333 7.22396 0.37192 0.01667 0.42900 0.18241 1352.604
0.025 0.19920 36.30005 1.00431 7.23106 0.37184 0.01674 0.42868 0.18274 1353.259
0.030 0.19898 36.37576 1.00530 7.23819 0.37176 0.01680 0.42837 0.18307 1353.915
0.035 0.19876 36.45175 1.00629 7.24532 0.37168 0.01687 0.42805 0.18340 1354.573
0.040 0.19855 36.52803 1.00729 7.25247 0.37161 0.01694 0.42773 0.18372 1355.232
0.045 0.19833 36.60459 1.00828 7.25964 0.37153 0.01700 0.42742 0.18405 1355.893
0.050 0.19811 36.68144 1.00928 7.26682 0.37145 0.01707 0.42710 0.18438 1356.556
0.055 0.19789 36.75858 1.01028 7.27402 0.37137 0.01714 0.42678 0.18471 1357.220
0.060 0.19767 36.83601 1.01128 7.28123 0.37129 0.01720 0.42647 0.18504 1357.886
0.065 0.19745 36.91373 1.01229 7.28846 0.37121 0.01727 0.42615 0.18537 1358.553
0.070 0.19723 36.99175 1.01329 7.29570 0.37113 0.01734 0.42583 0.18570 1359.222
0.075 0.19700 37.07006 1.01430 7.30296 0.37104 0.01741 0.42551 0.18603 1359.893
0.080 0.19678 37.14866 1.01531 7.31023 0.37096 0.01748 0.42520 0.18636 1360.565
0.085 0.19656 37.22757 1.01632 7.31752 0.37088 0.01755 0.42488 0.18670 1361.239
0.090 0.19634 37.30677 1.01734 7.32482 0.37080 0.01761 0.42456 0.18703 1361.914
0.095 0.19612 37.38628 1.01835 7.33214 0.37071 0.01768 0.42424 0.18736 1362.591
0.100 0.19590 37.46609 1.01937 7.33948 0.37063 0.01775 0.42392 0.18769 1363.270
0.105 0.19567 37.54620 1.02039 7.34683 0.37055 0.01782 0.42360 0.18803 1363.950
0.110 0.19545 37.62662 1.02142 7.35419 0.37046 0.01789 0.42328 0.18836 1364.632
0.115 0.19523 37.70735 1.02244 7.36158 0.37038 0.01796 0.42296 0.18869 1365.315
0.120 0.19501 37.78839 1.02347 7.36897 0.37029 0.01803 0.42264 0.18903 1366.000
0.125 0.19478 37.86973 1.02450 7.37639 0.37021 0.01811 0.42232 0.18936 1366.687
0.130 0.19456 37.95140 1.02553 7.38382 0.37012 0.01818 0.42200 0.18970 1367.376
0.135 0.19434 38.03337 1.02656 7.39126 0.37004 0.01825 0.42168 0.19003 1368.066
0.140 0.19411 38.11566 1.02760 7.39872 0.36995 0.01832 0.42136 0.19037 1368.758
0.145 0.19389 38.19827 1.02864 7.40620 0.36986 0.01839 0.42104 0.19071 1369.452
0.150 0.19366 38.28120 1.02968 7.41369 0.36978 0.01846 0.42072 0.19104 1370.147
0.155 0.19344 38.36445 1.03072 7.42120 0.36969 0.01854 0.42040 0.19138 1370.844
0.160 0.19321 38.44803 1.03177 7.42873 0.36960 0.01861 0.42007 0.19172 1371.543
0.165 0.19299 38.53193 1.03281 7.43627 0.36951 0.01868 0.41975 0.19206 1372.243
0.170 0.19276 38.61615 1.03386 7.44383 0.36942 0.01875 0.41943 0.19239 1372.945
0.175 0.19254 38.70071 1.03492 7.45140 0.36933 0.01883 0.41911 0.19273 1373.649
0.180 0.19231 38.78559 1.03597 7.45899 0.36924 0.01890 0.41878 0.19307 1374.355
0.185 0.19209 38.87081 1.03703 7.46660 0.36915 0.01898 0.41846 0.19341 1375.062
0.190 0.19186 38.95636 1.03809 7.47422 0.36906 0.01905 0.41814 0.19375 1375.771
0.195 0.19163 39.04225 1.03915 7.48186 0.36897 0.01912 0.41781 0.19409 1376.482
0.200 0.19141 39.12847 1.04021 7.48951 0.36888 0.01920 0.41749 0.19443 1377.195
0.205 0.19118 39.21504 1.04128 7.49719 0.36879 0.01927 0.41717 0.19477 1377.910
0.210 0.19095 39.30194 1.04234 7.50488 0.36870 0.01935 0.41684 0.19511 1378.626
0.215 0.19073 39.38919 1.04341 7.51258 0.36860 0.01942 0.41652 0.19545 1379.344
0.220 0.19050 39.47679 1.04449 7.52030 0.36851 0.01950 0.41619 0.19580 1380.064
0.225 0.19027 39.56473 1.04556 7.52804 0.36842 0.01958 0.41587 0.19614 1380.785
0.230 0.19004 39.65302 1.04664 7.53580 0.36832 0.01965 0.41554 0.19648 1381.509
0.235 0.18982 39.74166 1.04772 7.54357 0.36823 0.01973 0.41522 0.19682 1382.234
0.240 0.18959 39.83066 1.04880 7.55136 0.36813 0.01981 0.41489 0.19717 1382.961
0.245 0.18936 39.92001 1.04988 7.55917 0.36804 0.01988 0.41457 0.19751 1383.690
0.250 0.18913 40.00972 1.05097 7.56699 0.36794 0.01996 0.41424 0.19785 1384.421
0.255 0.18890 40.09978 1.05206 7.57483 0.36785 0.02004 0.41391 0.19820 1385.154
0.260 0.18867 40.19021 1.05315 7.58269 0.36775 0.02012 0.41359 0.19854 1385.888
0.265 0.18844 40.28100 1.05424 7.59056 0.36765 0.02020 0.41326 0.19889 1386.624
0.270 0.18821 40.37216 1.05534 7.59846 0.36756 0.02027 0.41293 0.19923 1387.363
0.275 0.18798 40.46368 1.05644 7.60637 0.36746 0.02035 0.41261 0.19958 1388.103
0.280 0.18775 40.55557 1.05754 7.61429 0.36736 0.02043 0.41228 0.19993 1388.845
0.285 0.18752 40.64784 1.05864 7.62224 0.36726 0.02051 0.41195 0.20027 1389.589
0.290 0.18729 40.74047 1.05975 7.63020 0.36716 0.02059 0.41162 0.20062 1390.335
0.295 0.18706 40.83349 1.06086 7.63818 0.36707 0.02067 0.41129 0.20097 1391.082
0.300 0.18683 40.92688 1.06197 7.64617 0.36697 0.02075 0.41097 0.20132 1391.832
0.305 0.18659 41.02065 1.06308 7.65419 0.36687 0.02083 0.41064 0.20166 1392.584
0.310 0.18636 41.11480 1.06420 7.66222 0.36677 0.02091 0.41031 0.20201 1393.337
0.315 0.18613 41.20934 1.06532 7.67027 0.36666 0.02100 0.40998 0.20236 1394.093
0.320 0.18590 41.30426 1.06644 7.67834 0.36656 0.02108 0.40965 0.20271 1394.850
0.325 0.18566 41.39957 1.06756 7.68642 0.36646 0.02116 0.40932 0.20306 1395.610
0.330 0.18543 41.49528 1.06868 7.69452 0.36636 0.02124 0.40899 0.20341 1396.371
0.335 0.18520 41.59138 1.06981 7.70264 0.36626 0.02132 0.40866 0.20376 1397.134
0.340 0.18496 41.68787 1.07094 7.71078 0.36615 0.02141 0.40833 0.20411 1397.900
0.345 0.18473 41.78476 1.07207 7.71894 0.36605 0.02149 0.40800 0.20446 1398.667
0.350 0.18450 41.88205 1.07321 7.72711 0.36595 0.02157 0.40767 0.20481 1399.436
0.355 0.18426 41.97974 1.07435 7.73531 0.36584 0.02166 0.40734 0.20516 1400.208
0.360 0.18403 42.07784 1.07549 7.74352 0.36574 0.02174 0.40701 0.20552 1400.981
0.365 0.18379 42.17634 1.07663 7.75175 0.36563 0.02182 0.40668 0.20587 1401.757
0.370 0.18356 42.27526 1.07778 7.76000 0.36553 0.02191 0.40634 0.20622 1402.534
0.375 0.18332 42.37458 1.07893 7.76826 0.36542 0.02199 0.40601 0.20657 1403.314
0.380 0.18309 42.47433 1.08008 7.77655 0.36532 0.02208 0.40568 0.20693 1404.095
0.385 0.18285 42.57448 1.08123 7.78485 0.36521 0.02216 0.40535 0.20728 1404.879
0.390 0.18262 42.67506 1.08238 7.79317 0.36510 0.02225 0.40501 0.20763 1405.665
0.395 0.18238 42.77606 1.08354 7.80151 0.36499 0.02233 0.40468 0.20799 1406.452
0.400 0.18214 42.87748 1.08470 7.80987 0.36489 0.02242 0.40435 0.20834 1407.242
0.405 0.18191 42.97933 1.08587 7.81824 0.36478 0.02251 0.40402 0.20870 1408.034
0.410 0.18167 43.08161 1.08703 7.82664 0.36467 0.02259 0.40368 0.20905 1408.829
0.415 0.18143 43.18432 1.08820 7.83506 0.36456 0.02268 0.40335 0.20941 1409.625
0.420 0.18120 43.28746 1.08937 7.84349 0.36445 0.02277 0.40301 0.20977 1410.423
0.425 0.18096 43.39105 1.09055 7.85194 0.36434 0.02286 0.40268 0.21012 1411.224
0.430 0.18072 43.49507 1.09172 7.86041 0.36423 0.02294 0.40235 0.21048 1412.026
0.435 0.18048 43.59953 1.09290 7.86890 0.36412 0.02303 0.40201 0.21084 1412.831
0.440 0.18024 43.70444 1.09409 7.87741 0.36401 0.02312 0.40168 0.21119 1413.638
0.445 0.18000 43.80979 1.09527 7.88594 0.36390 0.02321 0.40134 0.21155 1414.448
0.450 0.17977 43.91560 1.09646 7.89449 0.36378 0.02330 0.40101 0.21191 1415.259
0.455 0.17953 44.02186 1.09765 7.90306 0.36367 0.02339 0.40067 0.21227 1416.073
0.460 0.17929 44.12857 1.09884 7.91164 0.36356 0.02348 0.40033 0.21263 1416.888
0.465 0.17905 44.23574 1.10003 7.92025 0.36344 0.02357 0.40000 0.21299 1417.706
0.470 0.17881 44.34337 1.10123 7.92887 0.36333 0.02366 0.39966 0.21335 1418.527
0.475 0.17857 44.45147 1.10243 7.93752 0.36322 0.02375 0.39933 0.21371 1419.349
0.480 0.17833 44.56004 1.10364 7.94618 0.36310 0.02384 0.39899 0.21407 1420.174
0.485 0.17808 44.66907 1.10484 7.95487 0.36299 0.02393 0.39865 0.21443 1421.001
0.490 0.17784 44.77857 1.10605 7.96357 0.36287 0.02403 0.39832 0.21479 1421.830
0.495 0.17760 44.88855 1.10726 7.97229 0.36275 0.02412 0.39798 0.21515 1422.662
0.500 0.17736 44.99901 1.10848 7.98104 0.36264 0.02421 0.39764 0.21551 1423.496
0.505 0.17712 45.10995 1.10969 7.98980 0.36252 0.02430 0.39730 0.21587 1424.332
0.510 0.17688 45.22138 1.11091 7.99858 0.36240 0.02440 0.39696 0.21623 1425.170
0.515 0.17663 45.33329 1.11214 8.00739 0.36229 0.02449 0.39663 0.21660 1426.011
0.520 0.17639 45.44569 1.11336 8.01621 0.36217 0.02458 0.39629 0.21696 1426.854
0.525 0.17615 45.55858 1.11459 8.02505 0.36205 0.02468 0.39595 0.21732 1427.700
0.530 0.17590 45.67197 1.11582 8.03392 0.36193 0.02477 0.39561 0.21769 1428.547
0.535 0.17566 45.78586 1.11706 8.04280 0.36181 0.02487 0.39527 0.21805 1429.398
0.540 0.17542 45.90025 1.11829 8.05170 0.36169 0.02496 0.39493 0.21841 1430.250
0.545 0.17517 46.01514 1.11953 8.06063 0.36157 0.02506 0.39459 0.21878 1431.105
0.550 0.17493 46.13055 1.12077 8.06957 0.36145 0.02515 0.39425 0.21914 1431.963
0.555 0.17468 46.24646 1.12202 8.07854 0.36133 0.02525 0.39391 0.21951 1432.822
0.560 0.17444 46.36289 1.12327 8.08752 0.36121 0.02535 0.39357 0.21987 1433.684
0.565 0.17419 46.47984 1.12452 8.09653 0.36109 0.02544 0.39323 0.22024 1434.549
0.570 0.17395 46.59731 1.12577 8.10556 0.36096 0.02554 0.39289 0.22061 1435.416
0.575 0.17370 46.71530 1.12703 8.11460 0.36084 0.02564 0.39255 0.22097 1436.286
0.580 0.17346 46.83382 1.12829 8.12367 0.36072 0.02574 0.39221 0.22134 1437.158
0.585 0.17321 46.95287 1.12955 8.13276 0.36059 0.02583 0.39187 0.22171 1438.032
0.590 0.17296 47.07246 1.13082 8.14187 0.36047 0.02593 0.39153 0.22207 1438.909
0.595 0.17272 47.19258 1.13208 8.15100 0.36034 0.02603 0.39118 0.22244 1439.788
0.600 0.17247 47.31325 1.13335 8.16016 0.36022 0.02613 0.39084 0.22281 1440.670
0.605 0.17222 47.43446 1.13463 8.16933 0.36009 0.02623 0.39050 0.22318 1441.555
0.610 0.17198 47.55621 1.13591 8.17852 0.35997 0.02633 0.39016 0.22355 1442.442
0.615 0.17173 47.67852 1.13719 8.18774 0.35984 0.02643 0.38981 0.22391 1443.331
0.620 0.17148 47.80139 1.13847 8.19698 0.35971 0.02653 0.38947 0.22428 1444.224
0.625 0.17123 47.92481 1.13976 8.20624 0.35959 0.02663 0.38913 0.22465 1445.118
0.630 0.17098 48.04879 1.14104 8.21552 0.35946 0.02673 0.38879 0.22502 1446.016
0.635 0.17073 48.17334 1.14234 8.22482 0.35933 0.02683 0.38844 0.22539 1446.915
0.640 0.17048 48.29846 1.14363 8.23414 0.35920 0.02694 0.38810 0.22576 1447.818
0.645 0.17024 48.42415 1.14493 8.24349 0.35907 0.02704 0.38775 0.22613 1448.723
0.650 0.16999 48.55042 1.14623 8.25285 0.35894 0.02714 0.38741 0.22651 1449.631
0.655 0.16974 48.67727 1.14753 8.26224 0.35881 0.02724 0.38707 0.22688 1450.541
0.660 0.16948 48.80470 1.14884 8.27165 0.35868 0.02735 0.38672 0.22725 1451.454
0.665 0.16923 48.93272 1.15015 8.28108 0.35855 0.02745 0.38638 0.22762 1452.370
0.670 0.16898 49.06133 1.15146 8.29054 0.35842 0.02756 0.38603 0.22799 1453.288
0.675 0.16873 49.19053 1.15278 8.30002 0.35829 0.02766 0.38569 0.22837 1454.209
0.680 0.16848 49.32034 1.15410 8.30951 0.35816 0.02776 0.38534 0.22874 1455.133
0.685 0.16823 49.45075 1.15542 8.31903 0.35803 0.02787 0.38499 0.22911 1456.060
0.690 0.16798 49.58176 1.15675 8.32858 0.35789 0.02798 0.38465 0.22948 1456.989
0.695 0.16772 49.71339 1.15808 8.33814 0.35776 0.02808 0.38430 0.22986 1457.921
0.700 0.16747 49.84563 1.15941 8.34773 0.35763 0.02819 0.38396 0.23023 1458.856
0.705 0.16722 49.97849 1.16074 8.35734 0.35749 0.02829 0.38361 0.23061 1459.793
0.710 0.16697 50.11198 1.16208 8.36697 0.35736 0.02840 0.38326 0.23098 1460.734
0.715 0.16671 50.24609 1.16342 8.37663 0.35722 0.02851 0.38292 0.23136 1461.677
0.720 0.16646 50.38083 1.16477 8.38631 0.35709 0.02862 0.38257 0.23173 1462.623
0.725 0.16620 50.51621 1.16611 8.39601 0.35695 0.02872 0.38222 0.23211 1463.571
0.730 0.16595 50.65223 1.16746 8.40573 0.35681 0.02883 0.38187 0.23248 1464.523
0.735 0.16570 50.78889 1.16882 8.41548 0.35668 0.02894 0.38152 0.23286 1465.478
0.740 0.16544 50.92620 1.17017 8.42525 0.35654 0.02905 0.38118 0.23323 1466.435
0.745 0.16519 51.06416 1.17153 8.43504 0.35640 0.02916 0.38083 0.23361 1467.395
0.750 0.16493 51.20278 1.17290 8.44486 0.35626 0.02927 0.38048 0.23399 1468.358
0.755 0.16467 51.34206 1.17426 8.45470 0.35612 0.02938 0.38013 0.23437 1469.324
0.760 0.16442 51.48200 1.17563 8.46456 0.35598 0.02949 0.37978 0.23474 1470.293
0.765 0.16416 51.62262 1.17701 8.47445 0.35584 0.02960 0.37943 0.23512 1471.265
0.770 0.16390 51.76391 1.17838 8.48436 0.35570 0.02971 0.37908 0.23550 1472.240
0.775 0.16365 51.90587 1.17976 8.49429 0.35556 0.02982 0.37873 0.23588 1473.218
0.780 0.16339 52.04853 1.18115 8.50425 0.35542 0.02994 0.37838 0.23626 1474.199
0.785 0.16313 52.19187 1.18253 8.51423 0.35528 0.03005 0.37803 0.23663 1475.183
0.790 0.16288 52.33590 1.18392 8.52423 0.35514 0.03016 0.37768 0.23701 1476.170
0.795 0.16262 52.48063 1.18531 8.53426 0.35500 0.03028 0.37733 0.23739 1477.160
0.800 0.16236 52.62607 1.18671 8.54431 0.35486 0.03039 0.37698 0.23777 1478.153
0.805 0.16210 52.77221 1.18811 8.55438 0.35471 0.03050 0.37663 0.23815 1479.149
0.810 0.16184 52.91906 1.18951 8.56448 0.35457 0.03062 0.37628 0.23853 1480.148
0.815 0.16158 53.06663 1.19092 8.57461 0.35442 0.03073 0.37593 0.23891 1481.150
0.820 0.16132 53.21492 1.19233 8.58475 0.35428 0.03085 0.37558 0.23929 1482.155
0.825 0.16106 53.36393 1.19374 8.59493 0.35413 0.03096 0.37523 0.23967 1483.164
0.830 0.16080 53.51368 1.19516 8.60512 0.35399 0.03108 0.37488 0.24006 1484.175
0.835 0.16054 53.66417 1.19658 8.61534 0.35384 0.03120 0.37452 0.24044 1485.190
0.840 0.16028 53.81540 1.19800 8.62559 0.35370 0.03131 0.37417 0.24082 1486.208
0.845 0.16002 53.96737 1.19942 8.63586 0.35355 0.03143 0.37382 0.24120 1487.229
0.850 0.15976 54.12009 1.20085 8.64615 0.35340 0.03155 0.37347 0.24158 1488.254
0.855 0.15950 54.27358 1.20229 8.65647 0.35326 0.03167 0.37311 0.24197 1489.281
0.860 0.15924 54.42782 1.20372 8.66682 0.35311 0.03178 0.37276 0.24235 1490.312
0.865 0.15897 54.58283 1.20516 8.67719 0.35296 0.03190 0.37241 0.24273 1491.346
0.870 0.15871 54.73862 1.20661 8.68758 0.35281 0.03202 0.37205 0.24311 1492.383
0.875 0.15845 54.89518 1.20806 8.69800 0.35266 0.03214 0.37170 0.24350 1493.424
0.880 0.15818 55.05253 1.20951 8.70844 0.35251 0.03226 0.37135 0.24388 1494.468
0.885 0.15792 55.21067 1.21096 8.71891 0.35236 0.03238 0.37099 0.24427 1495.515
0.890 0.15766 55.36960 1.21242 8.72941 0.35221 0.03250 0.37064 0.24465 1496.566
0.895 0.15739 55.52933 1.21388 8.73993 0.35206 0.03262 0.37028 0.24504 1497.620
0.900 0.15713 55.68987 1.21534 8.75047 0.35191 0.03275 0.36993 0.24542 1498.677
0.905 0.15686 55.85122 1.21681 8.76104 0.35175 0.03287 0.36957 0.24580 1499.738
0.910 0.15660 56.01338 1.21828 8.77164 0.35160 0.03299 0.36922 0.24619 1500.802
0.915 0.15633 56.17638 1.21976 8.78226 0.35145 0.03311 0.36886 0.24658 1501.869
0.920 0.15607 56.34019 1.22124 8.79291 0.35130 0.03324 0.36851 0.24696 1502.941
0.925 0.15580 56.50485 1.22272 8.80359 0.35114 0.03336 0.36815 0.24735 1504.015
0.930 0.15554 56.67034 1.22421 8.81429 0.35099 0.03348 0.36780 0.24773 1505.093
0.935 0.15527 56.83669 1.22570 8.82501 0.35083 0.03361 0.36744 0.24812 1506.175
0.940 0.15500 57.00388 1.22719 8.83576 0.35068 0.03373 0.36708 0.24851 1507.260
0.945 0.15474 57.17193 1.22869 8.84654 0.35052 0.03386 0.36673 0.24889 1508.348
0.950 0.15447 57.34085 1.23019 8.85735 0.35037 0.03398 0.36637 0.24928 1509.440
0.955 0.15420 57.51064 1.23169 8.86818 0.35021 0.03411 0.36601 0.24967 1510.536
0.960 0.15393 57.68131 1.23320 8.87904 0.35005 0.03424 0.36566 0.25006 1511.635
0.965 0.15366 57.85287 1.23471 8.88992 0.34989 0.03436 0.36530 0.25044 1512.738
0.970 0.15340 58.02531 1.23623 8.90083 0.34974 0.03449 0.36494 0.25083 1513.845
0.975 0.15313 58.19865 1.23775 8.91177 0.34958 0.03462 0.36458 0.25122 1514.955
0.980 0.15286 58.37289 1.23927 8.92273 0.34942 0.03475 0.36423 0.25161 1516.069
0.985 0.15259 58.54804 1.24079 8.93372 0.34926 0.03487 0.36387 0.25200 1517.186
0.990 0.15232 58.72411 1.24232 8.94474 0.34910 0.03500 0.36351 0.25239 1518.308
0.995 0.15205 58.90111 1.24386 8.95578 0.34894 0.03513 0.36315 0.25278 1519.433
1.000 0.15178 59.07903 1.24540 8.96686 0.34878 0.03526 0.36279 0.25317 1520.562
1.005 0.15151 59.25789 1.24694 8.97796 0.34862 0.03539 0.36243 0.25356 1521.694
1.010 0.15124 59.43769 1.24848 8.98908 0.34846 0.03552 0.36207 0.25394 1522.831
1.015 0.15096 59.61845 1.25003 9.00024 0.34829 0.03565 0.36172 0.25433 1523.971
1.020 0.15069 59.80016 1.25159 9.01142 0.34813 0.03579 0.36136 0.25473 1525.115
1.025 0.15042 59.98284 1.25314 9.02263 0.34797 0.03592 0.36100 0.25512 1526.263
1.030 0.15015 60.16648 1.25470 9.03386 0.34781 0.03605 0.36064 0.25551 1527.415
1.035 0.14988 60.35111 1.25627 9.04513 0.34764 0.03618 0.36028 0.25590 1528.570
1.040 0.14960 60.53673 1.25784 9.05642 0.34748 0.03632 0.35992 0.25629 1529.730
1.045 0.14933 60.72333 1.25941 9.06774 0.34731 0.03645 0.35956 0.25668 1530.894
1.050 0.14906 60.91094 1.26098 9.07909 0.34715 0.03659 0.35920 0.25707 1532.061
1.055 0.14878 61.09956 1.26256 9.09047 0.34698 0.03672 0.35883 0.25746 1533.233
1.060 0.14851 61.28920 1.26415 9.10187 0.34682 0.03685 0.35847 0.25786 1534.408
1.065 0.14823 61.47985 1.26574 9.11330 0.34665 0.03699 0.35811 0.25825 1535.588
1.070 0.14796 61.67154 1.26733 9.12477 0.34648 0.03713 0.35775 0.25864 1536.771
1.075 0.14768 61.86427 1.26892 9.13626 0.34632 0.03726 0.35739 0.25903 1537.959
1.080 0.14741 62.05805 1.27052 9.14777 0.34615 0.03740 0.35703 0.25942 1539.151
1.085 0.14713 62.25288 1.27213 9.15932 0.34598 0.03754 0.35667 0.25982 1540.347
1.090 0.14685 62.44877 1.27374 9.17090 0.34581 0.03767 0.35630 0.26021 1541.547
1.095 0.14658 62.64574 1.27535 9.18250 0.34564 0.03781 0.35594 0.26060 1542.751
1.100 0.14630 62.84379 1.27696 9.19414 0.34547 0.03795 0.35558 0.26100 1543.960
1.105 0.14602 63.04292 1.27858 9.20580 0.34530 0.03809 0.35522 0.26139 1545.173
1.110 0.14575 63.24315 1.28021 9.21749 0.34513 0.03823 0.35485 0.26179 1546.390
1.115 0.14547 63.44448 1.28183 9.22921 0.34496 0.03837 0.35449 0.26218 1547.611
1.120 0.14519 63.64693 1.28347 9.24096 0.34479 0.03851 0.35413 0.26257 1548.836
1.125 0.14491 63.85049 1.28510 9.25274 0.34462 0.03865 0.35377 0.26297 1550.066
1.130 0.14463 64.05519 1.28674 9.26455 0.34444 0.03879 0.35340 0.26336 1551.300
1.135 0.14435 64.26103 1.28839 9.27639 0.34427 0.03893 0.35304 0.26376 1552.539
1.140 0.14408 64.46801 1.29004 9.28826 0.34410 0.03908 0.35267 0.26415 1553.782
1.145 0.14380 64.67615 1.29169 9.30016 0.34392 0.03922 0.35231 0.26455 1555.029
1.150 0.14352 64.88545 1.29335 9.31209 0.34375 0.03936 0.35195 0.26494 1556.281
1.155 0.14324 65.09594 1.29501 9.32405 0.34357 0.03951 0.35158 0.26534 1557.537
1.160 0.14295 65.30760 1.29667 9.33603 0.34340 0.03965 0.35122 0.26573 1558.798
1.165 0.14267 65.52046 1.29834 9.34805 0.34322 0.03979 0.35085 0.26613 1560.064
1.170 0.14239 65.73452 1.30001 9.36010 0.34305 0.03994 0.35049 0.26653 1561.333
1.175 0.14211 65.94979 1.30169 9.37218 0.34287 0.04008 0.35012 0.26692 1562.608
1.180 0.14183 66.16628 1.30337 9.38429 0.34269 0.04023 0.34976 0.26732 1563.887
1.185 0.14155 66.38400 1.30506 9.39643 0.34252 0.04038 0.34939 0.26771 1565.171
1.190 0.14126 66.60297 1.30675 9.40860 0.34234 0.04052 0.34903 0.26811 1566.459
1.195 0.14098 66.82318 1.30845 9.42081 0.34216 0.04067 0.34866 0.26851 1567.752
1.200 0.14070 67.04466 1.31014 9.43304 0.34198 0.04082 0.34829 0.26891 1569.050
1.205 0.14041 67.26740 1.31185 9.44530 0.34180 0.04097 0.34793 0.26930 1570.352
1.210 0.14013 67.49143 1.31356 9.45760 0.34162 0.04112 0.34756 0.26970 1571.659
1.215 0.13985 67.71675 1.31527 9.46993 0.34144 0.04127 0.34720 0.27010 1572.972
1.220 0.13956 67.94337 1.31698 9.48228 0.34126 0.04141 0.34683 0.27049 1574.288
1.225 0.13928 68.17130 1.31870 9.49467 0.34108 0.04156 0.34646 0.27089 1575.610
1.230 0.13899 68.40055 1.32043 9.50709 0.34090 0.04172 0.34609 0.27129 1576.937
1.235 0.13871 68.63114 1.32216 9.51955 0.34072 0.04187 0.34573 0.27169 1578.268
1.240 0.13842 68.86307 1.32389 9.53203 0.34053 0.04202 0.34536 0.27209 1579.605
1.245 0.13813 69.09635 1.32563 9.54455 0.34035 0.04217 0.34499 0.27248 1580.946
1.250 0.13785 69.33100 1.32737 9.55709 0.34017 0.04232 0.34463 0.27288 1582.293
1.255 0.13756 69.56703 1.32912 9.56967 0.33998 0.04248 0.34426 0.27328 1583.644
1.260 0.13727 69.80444 1.33087 9.58229 0.33980 0.04263 0.34389 0.27368 1585.001
1.265 0.13699 70.04326 1.33263 9.59493 0.33962 0.04278 0.34352 0.27408 1586.362
1.270 0.13670 70.28348 1.33439 9.60761 0.33943 0.04294 0.34315 0.27448 1587.729
1.275 0.13641 70.52513 1.33616 9.62032 0.33925 0.04309 0.34278 0.27488 1589.101
1.280 0.13612 70.76821 1.33792 9.63306 0.33906 0.04325 0.34242 0.27528 1590.478
1.285 0.13583 71.01274 1.33970 9.64583 0.33887 0.04340 0.34205 0.27568 1591.860
1.290 0.13554 71.25872 1.34148 9.65864 0.33869 0.04356 0.34168 0.27608 1593.248
1.295 0.13525 71.50618 1.34326 9.67148 0.33850 0.04372 0.34131 0.27648 1594.641
1.300 0.13496 71.75511 1.34505 9.68435 0.33831 0.04388 0.34094 0.27688 1596.039
1.305 0.13467 72.00554 1.34684 9.69726 0.33812 0.04403 0.34057 0.27727 1597.443
1.310 0.13438 72.25748 1.34864 9.71020 0.33793 0.04419 0.34020 0.27767 1598.852
1.315 0.13409 72.51094 1.35044 9.72317 0.33774 0.04435 0.33983 0.27808 1600.266
1.320 0.13380 72.76593 1.35225 9.73618 0.33755 0.04451 0.33946 0.27848 1601.686
1.325 0.13351 73.02246 1.35406 9.74922 0.33736 0.04467 0.33909 0.27888 1603.111
1.330 0.13322 73.28055 1.35587 9.76229 0.33717 0.04483 0.33872 0.27928 1604.542
1.335 0.13293 73.54022 1.35769 9.77540 0.33698 0.04499 0.33835 0.27968 1605.978
1.340 0.13263 73.80146 1.35952 9.78854 0.33679 0.04515 0.33798 0.28008 1607.420
1.345 0.13234 74.06431 1.36135 9.80172 0.33660 0.04531 0.33761 0.28048 1608.868
1.350 0.13205 74.32877 1.36318 9.81493 0.33641 0.04548 0.33724 0.28088 1610.321
1.355 0.13175 74.59485 1.36502 9.82817 0.33621 0.04564 0.33687 0.28128 1611.780
1.360 0.13146 74.86257 1.36687 9.84145 0.33602 0.04580 0.33650 0.28168 1613.244
1.365 0.13117 75.13194 1.36872 9.85476 0.33583 0.04597 0.33612 0.28208 1614.715
1.370 0.13087 75.40298 1.37057 9.86811 0.33563 0.04613 0.33575 0.28248 1616.191
1.375 0.13058 75.67570 1.37243 9.88149 0.33544 0.04630 0.33538 0.28288 1617.673
1.380 0.13028 75.95012 1.37429 9.89491 0.33524 0.04646 0.33501 0.28329 1619.161
1.385 0.12999 76.22625 1.37616 9.90836 0.33505 0.04663 0.33464 0.28369 1620.655
1.390 0.12969 76.50410 1.37803 9.92184 0.33485 0.04679 0.33426 0.28409 1622.155
1.395 0.12939 76.78370 1.37991 9.93537 0.33465 0.04696 0.33389 0.28449 1623.661
1.400 0.12910 77.06504 1.38179 9.94892 0.33446 0.04713 0.33352 0.28489 1625.172
1.405 0.12880 77.34816 1.38368 9.96251 0.33426 0.04730 0.33315 0.28529 1626.690
1.410 0.12850 77.63307 1.38558 9.97614 0.33406 0.04747 0.33277 0.28570 1628.214
1.415 0.12821 77.91977 1.38747 9.98981 0.33386 0.04764 0.33240 0.28610 1629.744
1.420 0.12791 78.20830 1.38938 10.00351 0.33367 0.04780 0.33203 0.28650 1631.281
1.425 0.12761 78.49866 1.39128 10.01724 0.33347 0.04797 0.33166 0.28690 1632.823
1.430 0.12731 78.79086 1.39320 10.03101 0.33327 0.04815 0.33128 0.28731 1634.372
1.435 0.12701 79.08493 1.39511 10.04482 0.33307 0.04832 0.33091 0.28771 1635.927
1.440 0.12671 79.38089 1.39704 10.05866 0.33287 0.04849 0.33053 0.28811 1637.489
1.445 0.12641 79.67874 1.39896 10.07254 0.33267 0.04866 0.33016 0.28851 1639.057
1.450 0.12611 79.97851 1.40090 10.08646 0.33246 0.04883 0.32979 0.28892 1640.631
1.455 0.12581 80.28021 1.40284 10.10041 0.33226 0.04901 0.32941 0.28932 1642.212
1.460 0.12551 80.58387 1.40478 10.11440 0.33206 0.04918 0.32904 0.28972 1643.800
1.465 0.12521 80.88949 1.40673 10.12843 0.33186 0.04936 0.32866 0.29012 1645.393
1.470 0.12491 81.19709 1.40868 10.14249 0.33165 0.04953 0.32829 0.29053 1646.994
1.475 0.12461 81.50670 1.41064 10.15659 0.33145 0.04971 0.32792 0.29093 1648.601
1.480 0.12431 81.81833 1.41260 10.17073 0.33125 0.04988 0.32754 0.29133 1650.215
1.485 0.12401 82.13200 1.41457 10.18491 0.33104 0.05006 0.32717 0.29174 1651.836
1.490 0.12370 82.44772 1.41654 10.19912 0.33084 0.05023 0.32679 0.29214 1653.463
1.495 0.12340 82.76552 1.41852 10.21337 0.33063 0.05041 0.32642 0.29254 1655.098
1.500 0.12310 83.08542 1.42051 10.22766 0.33042 0.05059 0.32604 0.29294 1656.739
1.505 0.12279 83.40743 1.42250 10.24198 0.33022 0.05077 0.32566 0.29335 1658.387
1.510 0.12249 83.73158 1.42449 10.25635 0.33001 0.05095 0.32529 0.29375 1660.042
1.515 0.12219 84.05788 1.42649 10.27075 0.32980 0.05113 0.32491 0.29415 1661.704
1.520 0.12188 84.38635 1.42850 10.28519 0.32960 0.05131 0.32454 0.29456 1663.373
1.525 0.12158 84.71702 1.43051 10.29967 0.32939 0.05149 0.32416 0.29496 1665.049
1.530 0.12127 85.04990 1.43253 10.31419 0.32918 0.05167 0.32379 0.29536 1666.733
1.535 0.12097 85.38501 1.43455 10.32874 0.32897 0.05185 0.32341 0.29577 1668.424
1.540 0.12066 85.72238 1.43657 10.34334 0.32876 0.05204 0.32303 0.29617 1670.122
1.545 0.12035 86.06202 1.43861 10.35797 0.32855 0.05222 0.32266 0.29657 1671.827
1.550 0.12005 86.40396 1.44064 10.37264 0.32834 0.05240 0.32228 0.29698 1673.540
1.555 0.11974 86.74822 1.44269 10.38735 0.32813 0.05259 0.32190 0.29738 1675.260
1.560 0.11943 87.09481 1.44474 10.40210 0.32792 0.05277 0.32153 0.29778 1676.987
1.565 0.11913 87.44377 1.44679 10.41689 0.32771 0.05296 0.32115 0.29819 1678.722
1.570 0.11882 87.79512 1.44885 10.43172 0.32750 0.05314 0.32077 0.29859 1680.465
1.575 0.11851 88.14887 1.45092 10.44659 0.32728 0.05333 0.32039 0.29900 1682.215
1.580 0.11820 88.50505 1.45299 10.46150 0.32707 0.05351 0.32002 0.29940 1683.973
1.585 0.11789 88.86368 1.45506 10.47645 0.32686 0.05370 0.31964 0.29980 1685.739
1.590 0.11758 89.22479 1.45714 10.49144 0.32664 0.05389 0.31926 0.30021 1687.512
1.595 0.11727 89.58839 1.45923 10.50647 0.32643 0.05408 0.31888 0.30061 1689.294
1.600 0.11697 89.95452 1.46133 10.52154 0.32621 0.05427 0.31851 0.30101 1691.083
1.605 0.11665 90.32320 1.46342 10.53665 0.32600 0.05446 0.31813 0.30142 1692.880
1.610 0.11634 90.69445 1.46553 10.55180 0.32578 0.05465 0.31775 0.30182 1694.686
1.615 0.11603 91.06830 1.46764 10.56700 0.32557 0.05484 0.31737 0.30222 1696.499
1.620 0.11572 91.44476 1.46975 10.58223 0.32535 0.05503 0.31699 0.30263 1698.321
1.625 0.11541 91.82388 1.47188 10.59750 0.32513 0.05522 0.31661 0.30303 1700.150
1.630 0.11510 92.20566 1.47400 10.61282 0.32491 0.05541 0.31624 0.30343 1701.988
1.635 0.11479 92.59015 1.47614 10.62817 0.32470 0.05561 0.31586 0.30384 1703.834
1.640 0.11447 92.97736 1.47827 10.64357 0.32448 0.05580 0.31548 0.30424 1705.689
1.645 0.11416 93.36732 1.48042 10.65901 0.32426 0.05600 0.31510 0.30465 1707.552
1.650 0.11385 93.76006 1.48257 10.67449 0.32404 0.05619 0.31472 0.30505 1709.424
1.655 0.11354 94.15561 1.48472 10.69002 0.32382 0.05639 0.31434 0.30545 1711.304
1.660 0.11322 94.55399 1.48689 10.70558 0.32360 0.05658 0.31396 0.30586 1713.193
1.665 0.11291 94.95523 1.48905 10.72119 0.32338 0.05678 0.31358 0.30626 1715.090
1.670 0.11259 95.35936 1.49123 10.73684 0.32316 0.05698 0.31320 0.30666 1716.996
1.675 0.11228 95.76640 1.49341 10.75253 0.32294 0.05717 0.31282 0.30707 1718.911
1.680 0.11196 96.17640 1.49559 10.76827 0.32272 0.05737 0.31244 0.30747 1720.835
1.685 0.11165 96.58937 1.49778 10.78404 0.32249 0.05757 0.31206 0.30787 1722.768
1.690 0.11133 97.00535 1.49998 10.79986 0.32227 0.05777 0.31168 0.30828 1724.710
1.695 0.11102 97.42437 1.50218 10.81573 0.32205 0.05797 0.31130 0.30868 1726.661
1.700 0.11070 97.84645 1.50439 10.83164 0.32182 0.05817 0.31092 0.30908 1728.621
1.705 0.11038 98.27163 1.50661 10.84759 0.32160 0.05837 0.31054 0.30949 1730.590
1.710 0.11007 98.69994 1.50883 10.86358 0.32138 0.05857 0.31016 0.30989 1732.569
1.715 0.10975 99.13141 1.51106 10.87962 0.32115 0.05878 0.30978 0.31029 1734.556
1.720 0.10943 99.56608 1.51329 10.89570 0.32092 0.05898 0.30940 0.31069 1736.554
1.725 0.10911 100.00397 1.51553 10.91182 0.32070 0.05918 0.30902 0.31110 1738.561
1.730 0.10880 100.44512 1.51778 10.92799 0.32047 0.05939 0.30864 0.31150 1740.577
1.735 0.10848 100.88956 1.52003 10.94421 0.32025 0.05959 0.30826 0.31190 1742.603
1.740 0.10816 101.33733 1.52229 10.96046 0.32002 0.05980 0.30788 0.31231 1744.639
1.745 0.10784 101.78846 1.52455 10.97677 0.31979 0.06000 0.30750 0.31271 1746.685
1.750 0.10752 102.24298 1.52682 10.99311 0.31956 0.06021 0.30711 0.31311 1748.740
1.755 0.10720 102.70093 1.52910 11.00951 0.31933 0.06042 0.30673 0.31351 1750.805
1.760 0.10688 103.16235 1.53138 11.02594 0.31911 0.06063 0.30635 0.31392 1752.881
1.765 0.10656 103.62727 1.53367 11.04243 0.31888 0.06083 0.30597 0.31432 1754.966
1.770 0.10624 104.09573 1.53597 11.05895 0.31865 0.06104 0.30559 0.31472 1757.062
1.775 0.10592 104.56776 1.53827 11.07553 0.31842 0.06125 0.30521 0.31512 1759.168
1.780 0.10560 105.04340 1.54058 11.09215 0.31819 0.06146 0.30483 0.31553 1761.284
1.785 0.10527 105.52270 1.54289 11.10881 0.31796 0.06167 0.30444 0.31593 1763.411
1.790 0.10495 106.00568 1.54521 11.12552 0.31772 0.06188 0.30406 0.31633 1765.548
1.795 0.10463 106.49240 1.54754 11.14228 0.31749 0.06210 0.30368 0.31673 1767.696
1.800 0.10431 106.98288 1.54987 11.15908 0.31726 0.06231 0.30330 0.31713 1769.855
1.805 0.10398 107.47717 1.55221 11.17593 0.31703 0.06252 0.30291 0.31754 1772.024
1.810 0.10366 107.97530 1.55456 11.19283 0.31679 0.06274 0.30253 0.31794 1774.204
1.815 0.10334 108.47733 1.55691 11.20977 0.31656 0.06295 0.30215 0.31834 1776.395
1.820 0.10301 108.98329 1.55927 11.22676 0.31633 0.06317 0.30177 0.31874 1778.597
1.825 0.10269 109.49322 1.56164 11.24380 0.31609 0.06338 0.30138 0.31914 1780.810
1.830 0.10236 110.00716 1.56401 11.26088 0.31586 0.06360 0.30100 0.31954 1783.035
1.835 0.10204 110.52517 1.56639 11.27801 0.31562 0.06381 0.30062 0.31994 1785.270
1.840 0.10172 111.04728 1.56878 11.29519 0.31539 0.06403 0.30024 0.32035 1787.517
1.845 0.10139 111.57354 1.57117 11.31242 0.31515 0.06425 0.29985 0.32075 1789.776
1.850 0.10106 112.10399 1.57357 11.32970 0.31491 0.06447 0.29947 0.32115 1792.046
1.855 0.10074 112.63868 1.57597 11.34702 0.31468 0.06469 0.29909 0.32155 1794.327
1.860 0.10041 113.17766 1.57839 11.36439 0.31444 0.06491 0.29870 0.32195 1796.621
1.865 0.10009 113.72097 1.58081 11.38181 0.31420 0.06513 0.29832 0.32235 1798.926
1.870 0.09976 114.26866 1.58323 11.39928 0.31396 0.06535 0.29794 0.32275 1801.243
1.875 0.09943 114.82078 1.58567 11.41679 0.31372 0.06557 0.29755 0.32315 1803.573
1.880 0.09910 115.37737 1.58811 11.43436 0.31349 0.06579 0.29717 0.32355 1805.914
1.885 0.09878 115.93850 1.59055 11.45198 0.31325 0.06602 0.29679 0.32395 1808.268
1.890 0.09845 116.50420 1.59301 11.46964 0.31301 0.06624 0.29640 0.32435 1810.634
1.895 0.09812 117.07453 1.59547 11.48735 0.31277 0.06647 0.29602 0.32475 1813.012
1.900 0.09779 117.64955 1.59793 11.50512 0.31252 0.06669 0.29563 0.32515 1815.403
1.905 0.09746 118.22930 1.60041 11.52293 0.31228 0.06692 0.29525 0.32555 1817.807
1.910 0.09713 118.81383 1.60289 11.54079 0.31204 0.06714 0.29487 0.32595 1820.223
1.915 0.09680 119.40321 1.60538 11.55871 0.31180 0.06737 0.29448 0.32635 1822.652
1.920 0.09647 119.99749 1.60787 11.57667 0.31156 0.06760 0.29410 0.32675 1825.095
1.925 0.09614 120.59671 1.61037 11.59469 0.31131 0.06783 0.29371 0.32715 1827.550
