0.000 1350.000 0.37200 0.01640 0.43000 0.181000.37200 0.01640 0.43000 0.18100 1.00000 7.200e+12 0.20000
0.005 1350.649 0.37229 0.01648 0.43011 0.18150 0.37215 0.01647 0.42994 0.18143 1.00038 7.203e+120.19907
0.010 1351.302 0.37258 0.01656 0.43021 0.18201 0.37207 0.01654 0.42963 0.18176 1.00136 7.210e+120.19826
0.015 1351.958 0.37287 0.01664 0.43032 0.18251 0.37199 0.01661 0.42931 0.18209 1.00234 7.217e+120.19744
0.020 1352.619 0.37315 0.01673 0.43043 0.18302 0.37192 0.01667 0.42900 0.18241 1.00333 7.224e+120.19663
0.025 1353.284 0.37344 0.01681 0.43053 0.18353 0.37184 0.01674 0.42868 0.18274 1.00431 7.231e+120.19581
0.030 1353.953 0.37373 0.01689 0.43064 0.18404 0.37176 0.01680 0.42837 0.18307 1.00530 7.238e+120.19499
0.035 1354.626 0.37402 0.01698 0.43075 0.18455 0.37168 0.01687 0.42805 0.18340 1.00629 7.245e+120.19417
0.040 1355.303 0.37431 0.01706 0.43085 0.18506 0.37161 0.01694 0.42773 0.18372 1.00729 7.252e+120.19335
0.045 1355.985 0.37460 0.01714 0.43096 0.18558 0.37153 0.01700 0.42742 0.18405 1.00828 7.260e+120.19252
0.050 1356.671 0.37489 0.01723 0.43107 0.18609 0.37145 0.01707 0.42710 0.18438 1.00928 7.267e+120.19170
0.055 1357.361 0.37518 0.01731 0.43117 0.18661 0.37137 0.01714 0.42678 0.18471 1.01028 7.274e+120.19087
0.060 1358.056 0.37548 0.01740 0.43128 0.18713 0.37129 0.01720 0.42647 0.18504 1.01128 7.281e+120.19004
0.065 1358.755 0.37577 0.01748 0.43139 0.18765 0.37121 0.01727 0.42615 0.18537 1.01229 7.288e+120.18921
0.070 1359.458 0.37606 0.01757 0.43149 0.18817 0.37113 0.01734 0.42583 0.18570 1.01329 7.296e+120.18837
0.075 1360.166 0.37635 0.01766 0.43160 0.18869 0.37104 0.01741 0.42551 0.18603 1.01430 7.303e+120.18754
0.080 1360.879 0.37664 0.01774 0.43171 0.18922 0.37096 0.01748 0.42520 0.18636 1.01531 7.310e+120.18670
0.085 1361.596 0.37693 0.01783 0.43181 0.18974 0.37088 0.01755 0.42488 0.18670 1.01632 7.318e+120.18586
0.090 1362.318 0.37723 0.01792 0.43192 0.19027 0.37080 0.01761 0.42456 0.18703 1.01734 7.325e+120.18502
0.095 1363.045 0.37752 0.01801 0.43203 0.19080 0.37071 0.01768 0.42424 0.18736 1.01835 7.332e+120.18417
0.100 1363.777 0.37781 0.01810 0.43213 0.19133 0.37063 0.01775 0.42392 0.18769 1.01937 7.339e+120.18333
0.105 1364.513 0.37810 0.01819 0.43224 0.19186 0.37055 0.01782 0.42360 0.18803 1.02039 7.347e+120.18248
0.110 1365.255 0.37840 0.01828 0.43235 0.19239 0.37046 0.01789 0.42328 0.18836 1.02142 7.354e+120.18163
0.115 1366.001 0.37869 0.01837 0.43245 0.19293 0.37038 0.01796 0.42296 0.18869 1.02244 7.362e+120.18078
0.120 1366.752 0.37898 0.01846 0.43256 0.19347 0.37029 0.01803 0.42264 0.18903 1.02347 7.369e+120.17993
0.125 1367.509 0.37928 0.01855 0.43267 0.19400 0.37021 0.01811 0.42232 0.18936 1.02450 7.376e+120.17908
0.130 1368.271 0.37957 0.01864 0.43278 0.19454 0.37012 0.01818 0.42200 0.18970 1.02553 7.384e+120.17822
0.135 1369.038 0.37987 0.01873 0.43288 0.19508 0.37004 0.01825 0.42168 0.19003 1.02656 7.391e+120.17736
0.140 1369.810 0.38016 0.01882 0.43299 0.19562 0.36995 0.01832 0.42136 0.19037 1.02760 7.399e+120.17650
0.145 1370.587 0.38046 0.01892 0.43310 0.19617 0.36986 0.01839 0.42104 0.19071 1.02864 7.406e+120.17564
0.150 1371.370 0.38075 0.01901 0.43320 0.19671 0.36978 0.01846 0.42072 0.19104 1.02968 7.414e+120.17478
0.155 1372.159 0.38105 0.01911 0.43331 0.19726 0.36969 0.01854 0.42040 0.19138 1.03072 7.421e+120.17391
0.160 1372.953 0.38134 0.01920 0.43342 0.19781 0.36960 0.01861 0.42007 0.19172 1.03177 7.429e+120.17304
0.165 1373.753 0.38164 0.01929 0.43353 0.19836 0.36951 0.01868 0.41975 0.19206 1.03281 7.436e+120.17217
0.170 1374.558 0.38193 0.01939 0.43363 0.19891 0.36942 0.01875 0.41943 0.19239 1.03386 7.444e+120.17130
0.175 1375.369 0.38223 0.01949 0.43374 0.19946 0.36933 0.01883 0.41911 0.19273 1.03492 7.451e+120.17043
0.180 1376.186 0.38252 0.01958 0.43385 0.20002 0.36924 0.01890 0.41878 0.19307 1.03597 7.459e+120.16956
0.185 1377.009 0.38282 0.01968 0.43396 0.20057 0.36915 0.01898 0.41846 0.19341 1.03703 7.467e+120.16868
0.190 1377.838 0.38312 0.01978 0.43406 0.20113 0.36906 0.01905 0.41814 0.19375 1.03809 7.474e+120.16780
0.195 1378.673 0.38342 0.01987 0.43417 0.20169 0.36897 0.01912 0.41781 0.19409 1.03915 7.482e+120.16692
0.200 1379.514 0.38371 0.01997 0.43428 0.20225 0.36888 0.01920 0.41749 0.19443 1.04021 7.490e+120.16604
0.205 1380.362 0.38401 0.02007 0.43439 0.20281 0.36879 0.01927 0.41717 0.19477 1.04128 7.497e+120.16515
0.210 1381.215 0.38431 0.02017 0.43449 0.20337 0.36870 0.01935 0.41684 0.19511 1.04234 7.505e+120.16427
0.215 1382.075 0.38461 0.02027 0.43460 0.20394 0.36860 0.01942 0.41652 0.19545 1.04341 7.513e+120.16338
0.220 1382.942 0.38490 0.02037 0.43471 0.20451 0.36851 0.01950 0.41619 0.19580 1.04449 7.520e+120.16249
0.225 1383.815 0.38520 0.02047 0.43482 0.20507 0.36842 0.01958 0.41587 0.19614 1.04556 7.528e+120.16160
0.230 1384.695 0.38550 0.02057 0.43492 0.20564 0.36832 0.01965 0.41554 0.19648 1.04664 7.536e+120.16071
0.235 1385.581 0.38580 0.02067 0.43503 0.20622 0.36823 0.01973 0.41522 0.19682 1.04772 7.544e+120.15981
0.240 1386.475 0.38610 0.02077 0.43514 0.20679 0.36813 0.01981 0.41489 0.19717 1.04880 7.551e+120.15891
0.245 1387.375 0.38640 0.02088 0.43525 0.20736 0.36804 0.01988 0.41457 0.19751 1.04988 7.559e+120.15801
0.250 1388.282 0.38670 0.02098 0.43535 0.20794 0.36794 0.01996 0.41424 0.19785 1.05097 7.567e+120.15711
0.255 1389.197 0.38700 0.02108 0.43546 0.20852 0.36785 0.02004 0.41391 0.19820 1.05206 7.575e+120.15621
0.260 1390.118 0.38730 0.02119 0.43557 0.20910 0.36775 0.02012 0.41359 0.19854 1.05315 7.583e+120.15531
0.265 1391.047 0.38760 0.02129 0.43568 0.20968 0.36765 0.02020 0.41326 0.19889 1.05424 7.591e+120.15440
0.270 1391.984 0.38790 0.02140 0.43579 0.21026 0.36756 0.02027 0.41293 0.19923 1.05534 7.598e+120.15349
0.275 1392.928 0.38820 0.02150 0.43589 0.21084 0.36746 0.02035 0.41261 0.19958 1.05644 7.606e+120.15258
0.280 1393.879 0.38850 0.02161 0.43600 0.21143 0.36736 0.02043 0.41228 0.19993 1.05754 7.614e+120.15167
0.285 1394.839 0.38880 0.02172 0.43611 0.21202 0.36726 0.02051 0.41195 0.20027 1.05864 7.622e+120.15075
0.290 1395.806 0.38910 0.02182 0.43622 0.21261 0.36716 0.02059 0.41162 0.20062 1.05975 7.630e+120.14984
0.295 1396.781 0.38940 0.02193 0.43633 0.21320 0.36707 0.02067 0.41129 0.20097 1.06086 7.638e+120.14892
0.300 1397.764 0.38971 0.02204 0.43643 0.21379 0.36697 0.02075 0.41097 0.20132 1.06197 7.646e+120.14800
0.305 1398.756 0.39001 0.02215 0.43654 0.21438 0.36687 0.02083 0.41064 0.20166 1.06308 7.654e+120.14708
0.310 1399.756 0.39031 0.02226 0.43665 0.21498 0.36677 0.02091 0.41031 0.20201 1.06420 7.662e+120.14616
0.315 1400.764 0.39061 0.02237 0.43676 0.21558 0.36666 0.02100 0.40998 0.20236 1.06532 7.670e+120.14523
0.320 1401.781 0.39092 0.02248 0.43687 0.21618 0.36656 0.02108 0.40965 0.20271 1.06644 7.678e+120.14430
0.325 1402.807 0.39122 0.02259 0.43697 0.21678 0.36646 0.02116 0.40932 0.20306 1.06756 7.686e+120.14338
0.330 1403.841 0.39152 0.02270 0.43708 0.21738 0.36636 0.02124 0.40899 0.20341 1.06868 7.695e+120.14244
0.335 1404.885 0.39183 0.02281 0.43719 0.21798 0.36626 0.02132 0.40866 0.20376 1.06981 7.703e+120.14151
0.340 1405.937 0.39213 0.02292 0.43730 0.21859 0.36615 0.02141 0.40833 0.20411 1.07094 7.711e+120.14058
0.345 1406.999 0.39243 0.02304 0.43741 0.21920 0.36605 0.02149 0.40800 0.20446 1.07207 7.719e+120.13964
0.350 1408.070 0.39274 0.02315 0.43751 0.21981 0.36595 0.02157 0.40767 0.20481 1.07321 7.727e+120.13870
0.355 1409.151 0.39304 0.02327 0.43762 0.22042 0.36584 0.02166 0.40734 0.20516 1.07435 7.735e+120.13776
0.360 1410.242 0.39335 0.02338 0.43773 0.22103 0.36574 0.02174 0.40701 0.20552 1.07549 7.744e+120.13682
0.365 1411.342 0.39365 0.02350 0.43784 0.22164 0.36563 0.02182 0.40668 0.20587 1.07663 7.752e+120.13588
0.370 1412.453 0.39396 0.02361 0.43795 0.22226 0.36553 0.02191 0.40634 0.20622 1.07778 7.760e+120.13493
0.375 1413.573 0.39426 0.02373 0.43806 0.22288 0.36542 0.02199 0.40601 0.20657 1.07893 7.768e+120.13399
0.380 1414.704 0.39457 0.02385 0.43816 0.22350 0.36532 0.02208 0.40568 0.20693 1.08008 7.777e+120.13304
0.385 1415.846 0.39487 0.02396 0.43827 0.22412 0.36521 0.02216 0.40535 0.20728 1.08123 7.785e+120.13209
0.390 1416.998 0.39518 0.02408 0.43838 0.22474 0.36510 0.02225 0.40501 0.20763 1.08238 7.793e+120.13113
0.395 1418.161 0.39549 0.02420 0.43849 0.22537 0.36499 0.02233 0.40468 0.20799 1.08354 7.802e+120.13018
0.400 1419.335 0.39579 0.02432 0.43860 0.22599 0.36489 0.02242 0.40435 0.20834 1.08470 7.810e+120.12922
0.405 1420.521 0.39610 0.02444 0.43871 0.22662 0.36478 0.02251 0.40402 0.20870 1.08587 7.818e+120.12827
0.410 1421.718 0.39641 0.02456 0.43882 0.22725 0.36467 0.02259 0.40368 0.20905 1.08703 7.827e+120.12731
0.415 1422.926 0.39672 0.02468 0.43892 0.22788 0.36456 0.02268 0.40335 0.20941 1.08820 7.835e+120.12635
0.420 1424.147 0.39702 0.02480 0.43903 0.22851 0.36445 0.02277 0.40301 0.20977 1.08937 7.843e+120.12538
0.425 1425.379 0.39733 0.02493 0.43914 0.22915 0.36434 0.02286 0.40268 0.21012 1.09055 7.852e+120.12442
0.430 1426.624 0.39764 0.02505 0.43925 0.22979 0.36423 0.02294 0.40235 0.21048 1.09172 7.860e+120.12345
0.435 1427.881 0.39795 0.02517 0.43936 0.23042 0.36412 0.02303 0.40201 0.21084 1.09290 7.869e+120.12248
0.440 1429.151 0.39826 0.02530 0.43947 0.23106 0.36401 0.02312 0.40168 0.21119 1.09409 7.877e+120.12151
0.445 1430.434 0.39856 0.02542 0.43958 0.23171 0.36390 0.02321 0.40134 0.21155 1.09527 7.886e+120.12054
0.450 1431.730 0.39887 0.02555 0.43969 0.23235 0.36378 0.02330 0.40101 0.21191 1.09646 7.894e+120.11957
0.455 1433.039 0.39918 0.02567 0.43979 0.23300 0.36367 0.02339 0.40067 0.21227 1.09765 7.903e+120.11859
0.460 1434.362 0.39949 0.02580 0.43990 0.23364 0.36356 0.02348 0.40033 0.21263 1.09884 7.912e+120.11762
0.465 1435.699 0.39980 0.02593 0.44001 0.23429 0.36344 0.02357 0.40000 0.21299 1.10003 7.920e+120.11664
0.470 1437.050 0.40011 0.02606 0.44012 0.23494 0.36333 0.02366 0.39966 0.21335 1.10123 7.929e+120.11566
0.475 1438.416 0.40042 0.02618 0.44023 0.23560 0.36322 0.02375 0.39933 0.21371 1.10243 7.938e+120.11468
0.480 1439.796 0.40073 0.02631 0.44034 0.23625 0.36310 0.02384 0.39899 0.21407 1.10364 7.946e+120.11369
0.485 1441.192 0.40104 0.02644 0.44045 0.23691 0.36299 0.02393 0.39865 0.21443 1.10484 7.955e+120.11271
0.490 1442.602 0.40135 0.02657 0.44056 0.23757 0.36287 0.02403 0.39832 0.21479 1.10605 7.964e+120.11172
0.495 1444.029 0.40167 0.02671 0.44067 0.23823 0.36275 0.02412 0.39798 0.21515 1.10726 7.972e+120.11073
0.500 1445.471 0.40198 0.02684 0.44078 0.23889 0.36264 0.02421 0.39764 0.21551 1.10848 7.981e+120.10974
0.505 1446.929 0.40229 0.02697 0.44088 0.23955 0.36252 0.02430 0.39730 0.21587 1.10969 7.990e+120.10875
0.510 1448.404 0.40260 0.02710 0.44099 0.24022 0.36240 0.02440 0.39696 0.21623 1.11091 7.999e+120.10776
0.515 1449.896 0.40291 0.02724 0.44110 0.24089 0.36229 0.02449 0.39663 0.21660 1.11214 8.007e+120.10676
0.520 1451.405 0.40322 0.02737 0.44121 0.24155 0.36217 0.02458 0.39629 0.21696 1.11336 8.016e+120.10577
0.525 1452.932 0.40354 0.02751 0.44132 0.24223 0.36205 0.02468 0.39595 0.21732 1.11459 8.025e+120.10477
0.530 1454.476 0.40385 0.02764 0.44143 0.24290 0.36193 0.02477 0.39561 0.21769 1.11582 8.034e+120.10377
0.535 1456.039 0.40416 0.02778 0.44154 0.24357 0.36181 0.02487 0.39527 0.21805 1.11706 8.043e+120.10277
0.540 1457.621 0.40448 0.02792 0.44165 0.24425 0.36169 0.02496 0.39493 0.21841 1.11829 8.052e+120.10177
0.545 1459.222 0.40479 0.02805 0.44176 0.24493 0.36157 0.02506 0.39459 0.21878 1.11953 8.061e+120.10076
0.550 1460.842 0.40510 0.02819 0.44187 0.24561 0.36145 0.02515 0.39425 0.21914 1.12077 8.070e+120.09976
0.555 1462.483 0.40542 0.02833 0.44198 0.24629 0.36133 0.02525 0.39391 0.21951 1.12202 8.079e+120.09875
0.560 1464.143 0.40573 0.02847 0.44209 0.24698 0.36121 0.02535 0.39357 0.21987 1.12327 8.088e+120.09775
0.565 1465.825 0.40605 0.02861 0.44220 0.24766 0.36109 0.02544 0.39323 0.22024 1.12452 8.097e+120.09674
0.570 1467.528 0.40636 0.02875 0.44231 0.24835 0.36096 0.02554 0.39289 0.22061 1.12577 8.106e+120.09573
0.575 1469.253 0.40668 0.02889 0.44241 0.24904 0.36084 0.02564 0.39255 0.22097 1.12703 8.115e+120.09471
0.580 1471.000 0.40699 0.02904 0.44252 0.24973 0.36072 0.02574 0.39221 0.22134 1.12829 8.124e+120.09370
0.585 1472.770 0.40731 0.02918 0.44263 0.25043 0.36059 0.02583 0.39187 0.22171 1.12955 8.133e+120.09268
0.590 1474.563 0.40762 0.02932 0.44274 0.25112 0.36047 0.02593 0.39153 0.22207 1.13082 8.142e+120.09167
0.595 1476.380 0.40794 0.02947 0.44285 0.25182 0.36034 0.02603 0.39118 0.22244 1.13208 8.151e+120.09065
0.600 1478.222 0.40826 0.02962 0.44296 0.25252 0.36022 0.02613 0.39084 0.22281 1.13335 8.160e+120.08963
0.605 1480.089 0.40857 0.02976 0.44307 0.25322 0.36009 0.02623 0.39050 0.22318 1.13463 8.169e+120.08861
0.610 1481.982 0.40889 0.02991 0.44318 0.25393 0.35997 0.02633 0.39016 0.22355 1.13591 8.179e+120.08759
0.615 1483.901 0.40921 0.03006 0.44329 0.25463 0.35984 0.02643 0.38981 0.22391 1.13719 8.188e+120.08657
0.620 1485.847 0.40952 0.03020 0.44340 0.25534 0.35971 0.02653 0.38947 0.22428 1.13847 8.197e+120.08555
0.625 1487.821 0.40984 0.03035 0.44351 0.25605 0.35959 0.02663 0.38913 0.22465 1.13976 8.206e+120.08452
0.630 1489.823 0.41016 0.03050 0.44362 0.25676 0.35946 0.02673 0.38879 0.22502 1.14104 8.216e+120.08350
0.635 1491.854 0.41048 0.03065 0.44373 0.25747 0.35933 0.02683 0.38844 0.22539 1.14234 8.225e+120.08247
0.640 1493.915 0.41079 0.03081 0.44384 0.25819 0.35920 0.02694 0.38810 0.22576 1.14363 8.234e+120.08144
0.645 1496.007 0.41111 0.03096 0.44395 0.25891 0.35907 0.02704 0.38775 0.22613 1.14493 8.243e+120.08041
0.650 1498.131 0.41143 0.03111 0.44406 0.25963 0.35894 0.02714 0.38741 0.22651 1.14623 8.253e+120.07938
0.655 1500.287 0.41175 0.03126 0.44417 0.26035 0.35881 0.02724 0.38707 0.22688 1.14753 8.262e+120.07835
0.660 1502.476 0.41207 0.03142 0.44428 0.26107 0.35868 0.02735 0.38672 0.22725 1.14884 8.272e+120.07732
0.665 1504.699 0.41239 0.03157 0.44439 0.26180 0.35855 0.02745 0.38638 0.22762 1.15015 8.281e+120.07629
0.670 1506.958 0.41271 0.03173 0.44450 0.26253 0.35842 0.02756 0.38603 0.22799 1.15146 8.291e+120.07525
0.675 1509.253 0.41303 0.03189 0.44461 0.26325 0.35829 0.02766 0.38569 0.22837 1.15278 8.300e+120.07422
0.680 1511.585 0.41335 0.03204 0.44472 0.26399 0.35816 0.02776 0.38534 0.22874 1.15410 8.310e+120.07319
0.685 1513.955 0.41367 0.03220 0.44483 0.26472 0.35803 0.02787 0.38499 0.22911 1.15542 8.319e+120.07215
0.690 1516.365 0.41399 0.03236 0.44494 0.26546 0.35789 0.02798 0.38465 0.22948 1.15675 8.329e+120.07111
0.695 1518.816 0.41431 0.03252 0.44505 0.26619 0.35776 0.02808 0.38430 0.22986 1.15808 8.338e+120.07008
0.700 1521.308 0.41463 0.03268 0.44516 0.26693 0.35763 0.02819 0.38396 0.23023 1.15941 8.348e+120.06904
0.705 1523.844 0.41495 0.03284 0.44527 0.26767 0.35749 0.02829 0.38361 0.23061 1.16074 8.357e+120.06800
0.710 1526.424 0.41528 0.03300 0.44538 0.26842 0.35736 0.02840 0.38326 0.23098 1.16208 8.367e+120.06696
0.715 1529.050 0.41560 0.03317 0.44549 0.26916 0.35722 0.02851 0.38292 0.23136 1.16342 8.377e+120.06592
0.720 1531.724 0.41592 0.03333 0.44560 0.26991 0.35709 0.02862 0.38257 0.23173 1.16477 8.386e+120.06488
0.725 1534.447 0.41624 0.03350 0.44571 0.27066 0.35695 0.02872 0.38222 0.23211 1.16611 8.396e+120.06384
0.730 1537.220 0.41657 0.03366 0.44582 0.27141 0.35681 0.02883 0.38187 0.23248 1.16746 8.406e+120.06280
0.735 1540.046 0.41689 0.03383 0.44593 0.27217 0.35668 0.02894 0.38152 0.23286 1.16882 8.415e+120.06176
0.740 1542.925 0.41721 0.03399 0.44604 0.27292 0.35654 0.02905 0.38118 0.23323 1.17017 8.425e+120.06072
0.745 1545.861 0.41754 0.03416 0.44615 0.27368 0.35640 0.02916 0.38083 0.23361 1.17153 8.435e+120.05968
0.750 1548.855 0.41786 0.03433 0.44626 0.27444 0.35626 0.02927 0.38048 0.23399 1.17290 8.445e+120.05864
0.755 1551.909 0.41818 0.03450 0.44637 0.27521 0.35612 0.02938 0.38013 0.23437 1.17426 8.455e+120.05760
0.760 1555.025 0.41851 0.03467 0.44648 0.27597 0.35598 0.02949 0.37978 0.23474 1.17563 8.465e+120.05656
0.765 1558.206 0.41883 0.03484 0.44660 0.27674 0.35584 0.02960 0.37943 0.23512 1.17701 8.474e+120.05551
0.770 1561.453 0.41916 0.03501 0.44671 0.27751 0.35570 0.02971 0.37908 0.23550 1.17838 8.484e+120.05447
0.775 1564.771 0.41948 0.03519 0.44682 0.27828 0.35556 0.02982 0.37873 0.23588 1.17976 8.494e+120.05343
0.780 1568.160 0.41981 0.03536 0.44693 0.27905 0.35542 0.02994 0.37838 0.23626 1.18115 8.504e+120.05239
0.785 1571.625 0.42013 0.03553 0.44704 0.27983 0.35528 0.03005 0.37803 0.23663 1.18253 8.514e+120.05135
0.790 1575.168 0.42046 0.03571 0.44715 0.28060 0.35514 0.03016 0.37768 0.23701 1.18392 8.524e+120.05031
0.795 1578.792 0.42078 0.03589 0.44726 0.28138 0.35500 0.03028 0.37733 0.23739 1.18531 8.534e+120.04927
0.800 1582.502 0.42111 0.03606 0.44737 0.28217 0.35486 0.03039 0.37698 0.23777 1.18671 8.544e+120.04824
0.805 1586.299 0.42144 0.03624 0.44748 0.28295 0.35471 0.03050 0.37663 0.23815 1.18811 8.554e+120.04720
0.810 1590.189 0.42176 0.03642 0.44759 0.28374 0.35457 0.03062 0.37628 0.23853 1.18951 8.564e+120.04616
0.815 1594.176 0.42209 0.03660 0.44770 0.28453 0.35442 0.03073 0.37593 0.23891 1.19092 8.575e+120.04513
0.820 1598.263 0.42242 0.03678 0.44781 0.28532 0.35428 0.03085 0.37558 0.23929 1.19233 8.585e+120.04409
0.825 1602.455 0.42274 0.03696 0.44792 0.28611 0.35413 0.03096 0.37523 0.23967 1.19374 8.595e+120.04306
0.830 1606.758 0.42307 0.03715 0.44803 0.28690 0.35399 0.03108 0.37488 0.24006 1.19516 8.605e+120.04203
0.835 1611.176 0.42340 0.03733 0.44815 0.28770 0.35384 0.03120 0.37452 0.24044 1.19658 8.615e+120.04099
0.840 1615.716 0.42373 0.03751 0.44826 0.28850 0.35370 0.03131 0.37417 0.24082 1.19800 8.626e+120.03996
0.845 1620.384 0.42406 0.03770 0.44837 0.28930 0.35355 0.03143 0.37382 0.24120 1.19942 8.636e+120.03894
0.850 1625.185 0.42439 0.03788 0.44848 0.29011 0.35340 0.03155 0.37347 0.24158 1.20085 8.646e+120.03791
0.855 1630.128 0.42472 0.03807 0.44859 0.29091 0.35326 0.03167 0.37311 0.24197 1.20229 8.656e+120.03689
0.860 1635.219 0.42504 0.03826 0.44870 0.29172 0.35311 0.03178 0.37276 0.24235 1.20372 8.667e+120.03586
0.865 1640.467 0.42537 0.03845 0.44881 0.29253 0.35296 0.03190 0.37241 0.24273 1.20516 8.677e+120.03484
0.870 1645.881 0.42570 0.03864 0.44892 0.29334 0.35281 0.03202 0.37205 0.24311 1.20661 8.688e+120.03383
0.875 1651.471 0.42603 0.03883 0.44903 0.29416 0.35266 0.03214 0.37170 0.24350 1.20806 8.698e+120.03281
0.880 1657.246 0.42636 0.03902 0.44914 0.29498 0.35251 0.03226 0.37135 0.24388 1.20951 8.708e+120.03180
0.885 1663.219 0.42669 0.03921 0.44926 0.29580 0.35236 0.03238 0.37099 0.24427 1.21096 8.719e+120.03079
0.890 1669.401 0.42703 0.03941 0.44937 0.29662 0.35221 0.03250 0.37064 0.24465 1.21242 8.729e+120.02978
0.895 1675.806 0.42736 0.03960 0.44948 0.29744 0.35206 0.03262 0.37028 0.24504 1.21388 8.740e+120.02878
0.900 1682.450 0.42769 0.03980 0.44959 0.29827 0.35191 0.03275 0.36993 0.24542 1.21534 8.750e+120.02778
0.905 1689.348 0.42802 0.03999 0.44970 0.29910 0.35175 0.03287 0.36957 0.24580 1.21681 8.761e+120.02679
0.910 1696.518 0.42835 0.04019 0.44981 0.29993 0.35160 0.03299 0.36922 0.24619 1.21828 8.772e+120.02579
0.915 1703.980 0.42868 0.04039 0.44992 0.30076 0.35145 0.03311 0.36886 0.24658 1.21976 8.782e+120.02481
0.920 1711.757 0.42902 0.04059 0.45003 0.30160 0.35130 0.03324 0.36851 0.24696 1.22124 8.793e+120.02382
0.925 1719.873 0.42935 0.04079 0.45015 0.30244 0.35114 0.03336 0.36815 0.24735 1.22272 8.804e+120.02285
0.930 1728.355 0.42968 0.04099 0.45026 0.30328 0.35099 0.03348 0.36780 0.24773 1.22421 8.814e+120.02187
0.935 1737.234 0.43001 0.04119 0.45037 0.30412 0.35083 0.03361 0.36744 0.24812 1.22570 8.825e+120.02091
0.940 1746.544 0.43035 0.04140 0.45048 0.30497 0.35068 0.03373 0.36708 0.24851 1.22719 8.836e+120.01994
0.945 1756.324 0.43068 0.04160 0.45059 0.30581 0.35052 0.03386 0.36673 0.24889 1.22869 8.847e+120.01899
0.950 1766.619 0.43102 0.04181 0.45070 0.30666 0.35037 0.03398 0.36637 0.24928 1.23019 8.857e+120.01804
0.955 1777.479 0.43135 0.04201 0.45082 0.30751 0.35021 0.03411 0.36601 0.24967 1.23169 8.868e+120.01710
0.960 1788.962 0.43168 0.04222 0.45093 0.30837 0.35005 0.03424 0.36566 0.25006 1.23320 8.879e+120.01617
0.965 1801.134 0.43202 0.04243 0.45104 0.30923 0.34989 0.03436 0.36530 0.25044 1.23471 8.890e+120.01524
0.970 1814.073 0.43235 0.04264 0.45115 0.31009 0.34974 0.03449 0.36494 0.25083 1.23623 8.901e+120.01432
0.975 1827.870 0.43269 0.04285 0.45126 0.31095 0.34958 0.03462 0.36458 0.25122 1.23775 8.912e+120.01342
0.980 1842.630 0.43302 0.04306 0.45137 0.31181 0.34942 0.03475 0.36423 0.25161 1.23927 8.923e+120.01252
0.985 1858.483 0.43336 0.04327 0.45149 0.31268 0.34926 0.03487 0.36387 0.25200 1.24079 8.934e+120.01163
0.990 1875.578 0.43370 0.04349 0.45160 0.31355 0.34910 0.03500 0.36351 0.25239 1.24232 8.945e+120.01076
0.995 1894.101 0.43403 0.04370 0.45171 0.31442 0.34894 0.03513 0.36315 0.25278 1.24386 8.956e+120.00990
1.000 1914.277 0.43437 0.04392 0.45182 0.31529 0.34878 0.03526 0.36279 0.25317 1.24540 8.967e+120.00905
1.005 1936.387 0.43471 0.04413 0.45193 0.31617 0.34862 0.03539 0.36243 0.25356 1.24694 8.978e+120.00822
1.010 1960.785 0.43504 0.04435 0.45204 0.31705 0.34846 0.03552 0.36207 0.25394 1.24848 8.989e+120.00741
1.015 1987.924 0.43538 0.04457 0.45216 0.31793 0.34829 0.03565 0.36172 0.25433 1.25003 9.000e+120.00661
1.020 2018.397 0.43572 0.04479 0.45227 0.31881 0.34813 0.03579 0.36136 0.25473 1.25159 9.011e+120.00583
1.025 2052.994 0.43606 0.04501 0.45238 0.31970 0.34797 0.03592 0.36100 0.25512 1.25314 9.023e+120.00508
1.030 2092.803 0.43639 0.04523 0.45249 0.32058 0.34781 0.03605 0.36064 0.25551 1.25470 9.034e+120.00435
1.035 2139.365 0.43673 0.04546 0.45260 0.32148 0.34764 0.03618 0.36028 0.25590 1.25627 9.045e+120.00365
1.040 2194.949 0.43707 0.04568 0.45272 0.32237 0.34748 0.03632 0.35992 0.25629 1.25784 9.056e+120.00299
1.045 2263.060 0.43741 0.04591 0.45283 0.32326 0.34731 0.03645 0.35956 0.25668 1.25941 9.068e+120.00236
1.050 2349.452 0.43775 0.04613 0.45294 0.32416 0.34715 0.03659 0.35920 0.25707 1.26098 9.079e+120.00178
1.055 2464.351 0.43809 0.04636 0.45305 0.32506 0.34698 0.03672 0.35883 0.25746 1.26256 9.090e+120.00125
1.060 2627.982 0.43843 0.04659 0.45316 0.32597 0.34682 0.03685 0.35847 0.25786 1.26415 9.102e+120.00079
1.065 2886.993 0.43877 0.04682 0.45328 0.32687 0.34665 0.03699 0.35811 0.25825 1.26574 9.113e+120.00042
1.070 3377.380 0.43911 0.04705 0.45339 0.32778 0.34648 0.03713 0.35775 0.25864 1.26733 9.125e+120.00016
1.075 4688.619 0.43945 0.04728 0.45350 0.32869 0.34632 0.03726 0.35739 0.25903 1.26892 9.136e+120.00003
1.080 12359.573 0.43979 0.04752 0.45361 0.32961 0.34615 0.03740 0.35703 0.25942 1.27052 9.148e+120.00000
