timeGa Urey Qt heat/H0 heatTW 1HPE 2HPE 3HPE 4HPE TempC
0.000 0.92000 104.92925 1.00000 96.53491 0.14715 0.29649 0.10464 0.45172 1800.000
0.005 0.91738 104.92925 0.99715 96.25995 0.14746 0.29588 0.10491 0.45175 1799.805
0.010 0.91505 104.89754 0.99431 95.98602 0.14776 0.29526 0.10519 0.45179 1799.604
0.015 0.91273 104.86495 0.99149 95.71313 0.14807 0.29465 0.10546 0.45182 1799.398
0.020 0.91043 104.83148 0.98867 95.44126 0.14838 0.29404 0.10573 0.45185 1799.186
0.025 0.90814 104.79715 0.98587 95.17041 0.14868 0.29343 0.10601 0.45188 1798.969
0.030 0.90587 104.76196 0.98307 94.90058 0.14899 0.29281 0.10628 0.45191 1798.747
0.035 0.90361 104.72592 0.98029 94.63177 0.14930 0.29220 0.10656 0.45194 1798.520
0.040 0.90137 104.68903 0.97751 94.36396 0.14960 0.29159 0.10684 0.45197 1798.287
0.045 0.89915 104.65131 0.97475 94.09716 0.14991 0.29098 0.10711 0.45199 1798.050
0.050 0.89694 104.61275 0.97199 93.83136 0.15022 0.29037 0.10739 0.45202 1797.807
0.055 0.89475 104.57338 0.96925 93.56655 0.15053 0.28976 0.10767 0.45204 1797.559
0.060 0.89257 104.53318 0.96652 93.30274 0.15084 0.28916 0.10794 0.45206 1797.306
0.065 0.89040 104.49218 0.96380 93.03992 0.15115 0.28855 0.10822 0.45208 1797.048
0.070 0.88825 104.45038 0.96108 92.77808 0.15146 0.28794 0.10850 0.45210 1796.785
0.075 0.88611 104.40778 0.95838 92.51722 0.15177 0.28733 0.10878 0.45212 1796.517
0.080 0.88399 104.36439 0.95569 92.25733 0.15208 0.28673 0.10906 0.45214 1796.244
0.085 0.88188 104.32023 0.95301 91.99842 0.15239 0.28612 0.10934 0.45215 1795.967
0.090 0.87979 104.27528 0.95033 91.74048 0.15270 0.28552 0.10962 0.45217 1795.684
0.095 0.87771 104.22957 0.94767 91.48350 0.15301 0.28491 0.10990 0.45218 1795.397
0.100 0.87565 104.18311 0.94502 91.22748 0.15332 0.28431 0.11018 0.45219 1795.106
0.105 0.87359 104.13588 0.94238 90.97241 0.15363 0.28371 0.11046 0.45221 1794.809
0.110 0.87155 104.08791 0.93975 90.71830 0.15394 0.28310 0.11074 0.45222 1794.508
0.115 0.86953 104.03920 0.93712 90.46513 0.15425 0.28250 0.11103 0.45222 1794.202
0.120 0.86752 103.98976 0.93451 90.21291 0.15456 0.28190 0.11131 0.45223 1793.892
0.125 0.86552 103.93959 0.93191 89.96163 0.15487 0.28130 0.11159 0.45224 1793.577
0.130 0.86353 103.88870 0.92931 89.71129 0.15518 0.28070 0.11188 0.45224 1793.258
0.135 0.86156 103.83709 0.92673 89.46188 0.15550 0.28010 0.11216 0.45225 1792.934
0.140 0.85960 103.78478 0.92416 89.21339 0.15581 0.27950 0.11245 0.45225 1792.605
0.145 0.85765 103.73177 0.92159 88.96583 0.15612 0.27890 0.11273 0.45225 1792.273
0.150 0.85572 103.67806 0.91904 88.71919 0.15643 0.27830 0.11302 0.45225 1791.936
0.155 0.85380 103.62367 0.91649 88.47347 0.15675 0.27770 0.11330 0.45225 1791.595
0.160 0.85189 103.56859 0.91396 88.22866 0.15706 0.27710 0.11359 0.45225 1791.249
0.165 0.84999 103.51284 0.91143 87.98476 0.15737 0.27651 0.11387 0.45225 1790.899
0.170 0.84810 103.45642 0.90891 87.74176 0.15769 0.27591 0.11416 0.45224 1790.545
0.175 0.84623 103.39933 0.90640 87.49967 0.15800 0.27531 0.11445 0.45224 1790.187
0.180 0.84437 103.34159 0.90391 87.25848 0.15831 0.27472 0.11474 0.45223 1789.825
0.185 0.84252 103.28320 0.90142 87.01817 0.15863 0.27412 0.11503 0.45222 1789.459
0.190 0.84068 103.22417 0.89894 86.77876 0.15894 0.27353 0.11531 0.45221 1789.088
0.195 0.83886 103.16450 0.89647 86.54024 0.15926 0.27294 0.11560 0.45220 1788.714
0.200 0.83704 103.10419 0.89400 86.30260 0.15957 0.27234 0.11589 0.45219 1788.335
0.205 0.83524 103.04326 0.89155 86.06584 0.15989 0.27175 0.11618 0.45218 1787.953
0.210 0.83345 102.98171 0.88911 85.82995 0.16020 0.27116 0.11647 0.45217 1787.566
0.215 0.83167 102.91955 0.88667 85.59494 0.16052 0.27057 0.11676 0.45215 1787.176
0.220 0.82990 102.85678 0.88425 85.36080 0.16083 0.26998 0.11706 0.45213 1786.782
0.225 0.82814 102.79341 0.88183 85.12752 0.16115 0.26939 0.11735 0.45212 1786.384
0.230 0.82640 102.72944 0.87942 84.89510 0.16147 0.26880 0.11764 0.45210 1785.982
0.235 0.82466 102.66488 0.87703 84.66354 0.16178 0.26821 0.11793 0.45208 1785.577
0.240 0.82293 102.59973 0.87464 84.43284 0.16210 0.26762 0.11823 0.45206 1785.168
0.245 0.82122 102.53401 0.87225 84.20298 0.16241 0.26703 0.11852 0.45204 1784.755
0.250 0.81952 102.46771 0.86988 83.97397 0.16273 0.26644 0.11881 0.45201 1784.338
0.255 0.81782 102.40085 0.86752 83.74581 0.16305 0.26586 0.11911 0.45199 1783.918
0.260 0.81614 102.33342 0.86516 83.51849 0.16337 0.26527 0.11940 0.45196 1783.494
0.265 0.81447 102.26544 0.86282 83.29200 0.16368 0.26469 0.11970 0.45194 1783.067
0.270 0.81281 102.19691 0.86048 83.06635 0.16400 0.26410 0.11999 0.45191 1782.636
0.275 0.81116 102.12784 0.85815 82.84152 0.16432 0.26352 0.12029 0.45188 1782.201
0.280 0.80951 102.05822 0.85583 82.61753 0.16464 0.26293 0.12058 0.45185 1781.763
0.285 0.80788 101.98807 0.85352 82.39435 0.16495 0.26235 0.12088 0.45182 1781.322
0.290 0.80626 101.91739 0.85122 82.17200 0.16527 0.26177 0.12118 0.45178 1780.877
0.295 0.80465 101.84619 0.84892 81.95046 0.16559 0.26118 0.12148 0.45175 1780.429
0.300 0.80305 101.77447 0.84663 81.72974 0.16591 0.26060 0.12177 0.45171 1779.978
0.305 0.80146 101.70224 0.84436 81.50983 0.16623 0.26002 0.12207 0.45168 1779.523
0.310 0.79987 101.62951 0.84209 81.29072 0.16655 0.25944 0.12237 0.45164 1779.065
0.315 0.79830 101.55627 0.83982 81.07241 0.16687 0.25886 0.12267 0.45160 1778.603
0.320 0.79674 101.48253 0.83757 80.85491 0.16718 0.25828 0.12297 0.45156 1778.139
0.325 0.79518 101.40831 0.83533 80.63820 0.16750 0.25771 0.12327 0.45152 1777.671
0.330 0.79364 101.33359 0.83309 80.42228 0.16782 0.25713 0.12357 0.45148 1777.200
0.335 0.79210 101.25840 0.83086 80.20716 0.16814 0.25655 0.12387 0.45143 1776.725
0.340 0.79058 101.18273 0.82864 79.99282 0.16846 0.25598 0.12417 0.45139 1776.248
0.345 0.78906 101.10659 0.82643 79.77926 0.16878 0.25540 0.12447 0.45134 1775.768
0.350 0.78755 101.02999 0.82423 79.56649 0.16910 0.25482 0.12478 0.45130 1775.284
0.355 0.78605 100.95292 0.82203 79.35449 0.16942 0.25425 0.12508 0.45125 1774.798
0.360 0.78456 100.87540 0.81984 79.14326 0.16975 0.25368 0.12538 0.45120 1774.308
0.365 0.78308 100.79743 0.81766 78.93281 0.17007 0.25310 0.12568 0.45115 1773.816
0.370 0.78161 100.71902 0.81549 78.72312 0.17039 0.25253 0.12599 0.45110 1773.320
0.375 0.78015 100.64016 0.81332 78.51420 0.17071 0.25196 0.12629 0.45104 1772.822
0.380 0.77869 100.56087 0.81117 78.30604 0.17103 0.25139 0.12660 0.45099 1772.320
0.385 0.77725 100.48114 0.80902 78.09864 0.17135 0.25082 0.12690 0.45093 1771.816
0.390 0.77581 100.40099 0.80688 77.89199 0.17167 0.25025 0.12721 0.45088 1771.309
0.395 0.77438 100.32042 0.80475 77.68609 0.17199 0.24968 0.12751 0.45082 1770.799
0.400 0.77296 100.23943 0.80262 77.48095 0.17232 0.24911 0.12782 0.45076 1770.287
0.405 0.77155 100.15803 0.80050 77.27654 0.17264 0.24854 0.12812 0.45070 1769.771
0.410 0.77014 100.07622 0.79839 77.07288 0.17296 0.24797 0.12843 0.45064 1769.253
0.415 0.76875 99.99401 0.79629 76.86997 0.17328 0.24741 0.12874 0.45058 1768.732
0.420 0.76736 99.91140 0.79420 76.66778 0.17360 0.24684 0.12904 0.45051 1768.209
0.425 0.76598 99.82840 0.79211 76.46633 0.17393 0.24627 0.12935 0.45045 1767.682
0.430 0.76461 99.74501 0.79003 76.26562 0.17425 0.24571 0.12966 0.45038 1767.154
0.435 0.76324 99.66124 0.78796 76.06562 0.17457 0.24514 0.12997 0.45031 1766.622
0.440 0.76189 99.57708 0.78590 75.86636 0.17489 0.24458 0.13028 0.45025 1766.088
0.445 0.76054 99.49255 0.78384 75.66781 0.17522 0.24402 0.13059 0.45018 1765.551
0.450 0.75920 99.40765 0.78179 75.46999 0.17554 0.24346 0.13090 0.45011 1765.012
0.455 0.75786 99.32238 0.77975 75.27288 0.17586 0.24289 0.13121 0.45003 1764.470
0.460 0.75654 99.23675 0.77771 75.07648 0.17619 0.24233 0.13152 0.44996 1763.926
0.465 0.75522 99.15076 0.77569 74.88079 0.17651 0.24177 0.13183 0.44989 1763.379
0.470 0.75391 99.06442 0.77367 74.68581 0.17683 0.24121 0.13214 0.44981 1762.830
0.475 0.75261 98.97773 0.77165 74.49154 0.17716 0.24065 0.13245 0.44973 1762.279
0.480 0.75131 98.89069 0.76965 74.29796 0.17748 0.24009 0.13277 0.44966 1761.725
0.485 0.75003 98.80331 0.76765 74.10509 0.17781 0.23954 0.13308 0.44958 1761.168
0.490 0.74875 98.71560 0.76566 73.91291 0.17813 0.23898 0.13339 0.44950 1760.610
0.495 0.74747 98.62755 0.76368 73.72142 0.17846 0.23842 0.13370 0.44942 1760.049
0.500 0.74621 98.53917 0.76170 73.53062 0.17878 0.23787 0.13402 0.44933 1759.485
0.505 0.74495 98.45047 0.75973 73.34051 0.17910 0.23731 0.13433 0.44925 1758.920
0.510 0.74370 98.36145 0.75777 73.15109 0.17943 0.23676 0.13465 0.44916 1758.352
0.515 0.74245 98.27212 0.75581 72.96234 0.17975 0.23620 0.13496 0.44908 1757.782
0.520 0.74121 98.18247 0.75386 72.77428 0.18008 0.23565 0.13528 0.44899 1757.209
0.525 0.73998 98.09251 0.75192 72.58689 0.18040 0.23510 0.13559 0.44890 1756.635
0.530 0.73876 98.00225 0.74999 72.40017 0.18073 0.23455 0.13591 0.44881 1756.058
0.535 0.73754 97.91169 0.74806 72.21413 0.18105 0.23400 0.13623 0.44872 1755.479
0.540 0.73633 97.82083 0.74614 72.02875 0.18138 0.23345 0.13654 0.44863 1754.898
0.545 0.73513 97.72968 0.74423 71.84403 0.18171 0.23290 0.13686 0.44854 1754.315
0.550 0.73393 97.63824 0.74232 71.65998 0.18203 0.23235 0.13718 0.44844 1753.730
0.555 0.73274 97.54652 0.74042 71.47659 0.18236 0.23180 0.13750 0.44835 1753.143
0.560 0.73156 97.45452 0.73853 71.29386 0.18268 0.23125 0.13781 0.44825 1752.553
0.565 0.73038 97.36223 0.73664 71.11178 0.18301 0.23071 0.13813 0.44816 1751.962
0.570 0.72921 97.26968 0.73476 70.93035 0.18333 0.23016 0.13845 0.44806 1751.369
0.575 0.72805 97.17685 0.73289 70.74958 0.18366 0.22961 0.13877 0.44796 1750.774
0.580 0.72689 97.08376 0.73103 70.56945 0.18399 0.22907 0.13909 0.44786 1750.176
0.585 0.72574 96.99041 0.72917 70.38996 0.18431 0.22852 0.13941 0.44775 1749.577
0.590 0.72460 96.89679 0.72731 70.21111 0.18464 0.22798 0.13973 0.44765 1748.976
0.595 0.72346 96.80293 0.72547 70.03290 0.18497 0.22744 0.14005 0.44754 1748.373
0.600 0.72233 96.70881 0.72363 69.85533 0.18529 0.22690 0.14037 0.44744 1747.768
0.605 0.72120 96.61444 0.72179 69.67839 0.18562 0.22635 0.14069 0.44733 1747.161
0.610 0.72008 96.51982 0.71997 69.50209 0.18594 0.22581 0.14102 0.44722 1746.553
0.615 0.71897 96.42497 0.71815 69.32641 0.18627 0.22527 0.14134 0.44712 1745.942
0.620 0.71786 96.32988 0.71634 69.15136 0.18660 0.22473 0.14166 0.44700 1745.330
0.625 0.71676 96.23455 0.71453 68.97693 0.18693 0.22420 0.14198 0.44689 1744.716
0.630 0.71566 96.13900 0.71273 68.80312 0.18725 0.22366 0.14231 0.44678 1744.100
0.635 0.71457 96.04321 0.71093 68.62993 0.18758 0.22312 0.14263 0.44667 1743.483
0.640 0.71349 95.94721 0.70915 68.45735 0.18791 0.22258 0.14296 0.44655 1742.864
0.645 0.71241 95.85098 0.70736 68.28539 0.18823 0.22205 0.14328 0.44644 1742.243
0.650 0.71134 95.75453 0.70559 68.11404 0.18856 0.22151 0.14361 0.44632 1741.620
0.655 0.71027 95.65787 0.70382 67.94330 0.18889 0.22098 0.14393 0.44620 1740.996
0.660 0.70921 95.56100 0.70206 67.77316 0.18922 0.22045 0.14426 0.44608 1740.370
0.665 0.70816 95.46392 0.70030 67.60363 0.18954 0.21991 0.14458 0.44596 1739.742
0.670 0.70711 95.36664 0.69855 67.43470 0.18987 0.21938 0.14491 0.44584 1739.113
0.675 0.70607 95.26916 0.69681 67.26637 0.19020 0.21885 0.14524 0.44572 1738.482
0.680 0.70503 95.17148 0.69507 67.09863 0.19053 0.21832 0.14556 0.44559 1737.850
0.685 0.70400 95.07360 0.69334 66.93149 0.19085 0.21779 0.14589 0.44547 1737.216
0.690 0.70297 94.97553 0.69161 66.76493 0.19118 0.21726 0.14622 0.44534 1736.581
0.695 0.70195 94.87728 0.68990 66.59897 0.19151 0.21673 0.14655 0.44521 1735.944
0.700 0.70093 94.77884 0.68818 66.43360 0.19184 0.21620 0.14687 0.44508 1735.305
0.705 0.69992 94.68021 0.68648 66.26881 0.19217 0.21568 0.14720 0.44495 1734.665
0.710 0.69892 94.58141 0.68477 66.10460 0.19249 0.21515 0.14753 0.44482 1734.024
0.715 0.69792 94.48243 0.68308 65.94097 0.19282 0.21462 0.14786 0.44469 1733.381
0.720 0.69692 94.38328 0.68139 65.77791 0.19315 0.21410 0.14819 0.44456 1732.736
0.725 0.69593 94.28395 0.67971 65.61544 0.19348 0.21357 0.14852 0.44442 1732.091
0.730 0.69495 94.18446 0.67803 65.45353 0.19381 0.21305 0.14885 0.44429 1731.443
0.735 0.69397 94.08481 0.67636 65.29220 0.19414 0.21253 0.14918 0.44415 1730.795
0.740 0.69300 93.98499 0.67469 65.13143 0.19446 0.21201 0.14951 0.44402 1730.145
0.745 0.69203 93.88502 0.67303 64.97123 0.19479 0.21148 0.14985 0.44388 1729.494
0.750 0.69107 93.78488 0.67138 64.81159 0.19512 0.21096 0.15018 0.44374 1728.841
0.755 0.69011 93.68460 0.66973 64.65252 0.19545 0.21044 0.15051 0.44360 1728.187
0.760 0.68916 93.58416 0.66809 64.49400 0.19578 0.20992 0.15084 0.44345 1727.532
0.765 0.68821 93.48358 0.66645 64.33604 0.19611 0.20941 0.15118 0.44331 1726.875
0.770 0.68726 93.38286 0.66482 64.17864 0.19644 0.20889 0.15151 0.44317 1726.217
0.775 0.68633 93.28199 0.66320 64.02179 0.19676 0.20837 0.15184 0.44302 1725.558
0.780 0.68539 93.18098 0.66158 63.86548 0.19709 0.20785 0.15218 0.44288 1724.898
0.785 0.68446 93.07983 0.65997 63.70973 0.19742 0.20734 0.15251 0.44273 1724.236
0.790 0.68354 92.97855 0.65836 63.55452 0.19775 0.20682 0.15285 0.44258 1723.573
0.795 0.68262 92.87715 0.65676 63.39985 0.19808 0.20631 0.15318 0.44243 1722.909
0.800 0.68171 92.77561 0.65516 63.24573 0.19841 0.20580 0.15352 0.44228 1722.244
0.805 0.68080 92.67394 0.65357 63.09215 0.19874 0.20528 0.15385 0.44213 1721.578
0.810 0.67989 92.57215 0.65198 62.93910 0.19907 0.20477 0.15419 0.44197 1720.910
0.815 0.67899 92.47025 0.65040 62.78659 0.19940 0.20426 0.15452 0.44182 1720.242
0.820 0.67810 92.36822 0.64883 62.63461 0.19972 0.20375 0.15486 0.44166 1719.572
0.825 0.67721 92.26608 0.64726 62.48316 0.20005 0.20324 0.15520 0.44151 1718.901
0.830 0.67632 92.16382 0.64570 62.33224 0.20038 0.20273 0.15553 0.44135 1718.229
0.835 0.67544 92.06146 0.64414 62.18184 0.20071 0.20222 0.15587 0.44119 1717.556
0.840 0.67456 91.95898 0.64259 62.03197 0.20104 0.20172 0.15621 0.44103 1716.882
0.845 0.67369 91.85640 0.64104 61.88263 0.20137 0.20121 0.15655 0.44087 1716.207
0.850 0.67282 91.75372 0.63950 61.73380 0.20170 0.20071 0.15689 0.44071 1715.530
0.855 0.67196 91.65093 0.63796 61.58549 0.20203 0.20020 0.15723 0.44055 1714.853
0.860 0.67110 91.54805 0.63643 61.43770 0.20236 0.19970 0.15756 0.44038 1714.175
0.865 0.67024 91.44507 0.63490 61.29042 0.20269 0.19919 0.15790 0.44022 1713.496
0.870 0.66939 91.34200 0.63338 61.14365 0.20302 0.19869 0.15824 0.44005 1712.815
0.875 0.66855 91.23883 0.63187 60.99739 0.20334 0.19819 0.15858 0.43988 1712.134
0.880 0.66770 91.13558 0.63036 60.85164 0.20367 0.19769 0.15892 0.43972 1711.452
0.885 0.66687 91.03224 0.62885 60.70640 0.20400 0.19719 0.15927 0.43955 1710.769
0.890 0.66603 90.92881 0.62736 60.56166 0.20433 0.19669 0.15961 0.43938 1710.085
0.895 0.66520 90.82530 0.62586 60.41742 0.20466 0.19619 0.15995 0.43920 1709.400
0.900 0.66438 90.72172 0.62437 60.27369 0.20499 0.19569 0.16029 0.43903 1708.714
0.905 0.66356 90.61805 0.62289 60.13045 0.20532 0.19519 0.16063 0.43886 1708.027
0.910 0.66274 90.51431 0.62141 59.98770 0.20565 0.19469 0.16097 0.43868 1707.340
0.915 0.66193 90.41050 0.61994 59.84545 0.20598 0.19420 0.16132 0.43851 1706.651
0.920 0.66112 90.30661 0.61847 59.70369 0.20631 0.19370 0.16166 0.43833 1705.962
0.925 0.66032 90.20265 0.61700 59.56243 0.20664 0.19321 0.16200 0.43815 1705.272
0.930 0.65952 90.09863 0.61555 59.42165 0.20696 0.19271 0.16235 0.43797 1704.581
0.935 0.65872 89.99454 0.61409 59.28135 0.20729 0.19222 0.16269 0.43779 1703.889
0.940 0.65793 89.89039 0.61264 59.14154 0.20762 0.19173 0.16304 0.43761 1703.196
0.945 0.65714 89.78618 0.61120 59.00222 0.20795 0.19124 0.16338 0.43743 1702.503
0.950 0.65636 89.68191 0.60976 58.86337 0.20828 0.19075 0.16372 0.43725 1701.809
0.955 0.65558 89.57759 0.60833 58.72500 0.20861 0.19026 0.16407 0.43706 1701.114
0.960 0.65480 89.47321 0.60690 58.58711 0.20894 0.18977 0.16442 0.43688 1700.418
0.965 0.65403 89.36877 0.60548 58.44969 0.20927 0.18928 0.16476 0.43669 1699.721
0.970 0.65326 89.26429 0.60406 58.31275 0.20960 0.18879 0.16511 0.43650 1699.024
0.975 0.65249 89.15976 0.60264 58.17627 0.20993 0.18831 0.16545 0.43632 1698.326
0.980 0.65173 89.05518 0.60124 58.04027 0.21025 0.18782 0.16580 0.43613 1697.628
0.985 0.65098 88.95055 0.59983 57.90473 0.21058 0.18733 0.16615 0.43593 1696.928
0.990 0.65022 88.84589 0.59843 57.76966 0.21091 0.18685 0.16649 0.43574 1696.228
0.995 0.64947 88.74118 0.59704 57.63505 0.21124 0.18637 0.16684 0.43555 1695.528
1.000 0.64873 88.63643 0.59565 57.50091 0.21157 0.18588 0.16719 0.43536 1694.826
1.005 0.64799 88.53165 0.59426 57.36722 0.21190 0.18540 0.16754 0.43516 1694.124
1.010 0.64725 88.42683 0.59288 57.23399 0.21223 0.18492 0.16789 0.43497 1693.422
1.015 0.64651 88.32198 0.59151 57.10122 0.21256 0.18444 0.16824 0.43477 1692.718
1.020 0.64578 88.21709 0.59014 56.96890 0.21288 0.18396 0.16858 0.43457 1692.014
1.025 0.64505 88.11218 0.58877 56.83704 0.21321 0.18348 0.16893 0.43437 1691.310
1.030 0.64433 88.00723 0.58741 56.70563 0.21354 0.18300 0.16928 0.43417 1690.605
1.035 0.64361 87.90227 0.58605 56.57466 0.21387 0.18252 0.16963 0.43397 1689.899
1.040 0.64289 87.79727 0.58470 56.44414 0.21420 0.18205 0.16998 0.43377 1689.193
1.045 0.64218 87.69226 0.58335 56.31407 0.21453 0.18157 0.17033 0.43357 1688.486
1.050 0.64147 87.58722 0.58201 56.18444 0.21486 0.18110 0.17068 0.43336 1687.779
1.055 0.64076 87.48216 0.58067 56.05526 0.21518 0.18062 0.17104 0.43316 1687.071
1.060 0.64006 87.37709 0.57934 55.92651 0.21551 0.18015 0.17139 0.43295 1686.362
1.065 0.63936 87.27200 0.57801 55.79821 0.21584 0.17968 0.17174 0.43275 1685.653
1.070 0.63866 87.16690 0.57669 55.67034 0.21617 0.17920 0.17209 0.43254 1684.944
1.075 0.63797 87.06178 0.57537 55.54290 0.21650 0.17873 0.17244 0.43233 1684.234
1.080 0.63728 86.95665 0.57405 55.41590 0.21682 0.17826 0.17279 0.43212 1683.523
1.085 0.63660 86.85152 0.57274 55.28933 0.21715 0.17779 0.17315 0.43191 1682.813
1.090 0.63591 86.74637 0.57143 55.16319 0.21748 0.17732 0.17350 0.43170 1682.101
1.095 0.63523 86.64122 0.57013 55.03748 0.21781 0.17685 0.17385 0.43148 1681.389
1.100 0.63456 86.53607 0.56883 54.91220 0.21814 0.17639 0.17421 0.43127 1680.677
1.105 0.63389 86.43091 0.56754 54.78734 0.21846 0.17592 0.17456 0.43105 1679.964
1.110 0.63322 86.32575 0.56625 54.66291 0.21879 0.17546 0.17492 0.43084 1679.251
1.115 0.63255 86.22059 0.56497 54.53889 0.21912 0.17499 0.17527 0.43062 1678.537
1.120 0.63189 86.11543 0.56369 54.41530 0.21945 0.17453 0.17562 0.43040 1677.823
1.125 0.63123 86.01028 0.56241 54.29213 0.21977 0.17406 0.17598 0.43018 1677.109
1.130 0.63057 85.90513 0.56114 54.16937 0.22010 0.17360 0.17633 0.42996 1676.394
1.135 0.62992 85.79998 0.55987 54.04702 0.22043 0.17314 0.17669 0.42974 1675.678
1.140 0.62927 85.69485 0.55861 53.92510 0.22076 0.17268 0.17705 0.42952 1674.963
1.145 0.62862 85.58972 0.55735 53.80358 0.22108 0.17222 0.17740 0.42930 1674.247
1.150 0.62798 85.48461 0.55609 53.68247 0.22141 0.17176 0.17776 0.42907 1673.530
1.155 0.62734 85.37950 0.55484 53.56177 0.22174 0.17130 0.17811 0.42885 1672.814
1.160 0.62670 85.27441 0.55360 53.44148 0.22206 0.17084 0.17847 0.42862 1672.097
1.165 0.62607 85.16934 0.55236 53.32160 0.22239 0.17038 0.17883 0.42840 1671.379
1.170 0.62543 85.06428 0.55112 53.20212 0.22272 0.16993 0.17918 0.42817 1670.662
1.175 0.62481 84.95924 0.54988 53.08304 0.22305 0.16947 0.17954 0.42794 1669.944
1.180 0.62418 84.85421 0.54865 52.96436 0.22337 0.16902 0.17990 0.42771 1669.225
1.185 0.62356 84.74921 0.54743 52.84608 0.22370 0.16856 0.18026 0.42748 1668.507
1.190 0.62294 84.64423 0.54621 52.72820 0.22402 0.16811 0.18062 0.42725 1667.788
1.195 0.62232 84.53927 0.54499 52.61071 0.22435 0.16766 0.18097 0.42702 1667.068
1.200 0.62171 84.43434 0.54378 52.49362 0.22468 0.16721 0.18133 0.42678 1666.349
1.205 0.62110 84.32943 0.54257 52.37692 0.22500 0.16676 0.18169 0.42655 1665.629
1.210 0.62049 84.22455 0.54136 52.26062 0.22533 0.16631 0.18205 0.42631 1664.909
1.215 0.61989 84.11970 0.54016 52.14470 0.22566 0.16586 0.18241 0.42608 1664.189
1.220 0.61929 84.01487 0.53897 52.02918 0.22598 0.16541 0.18277 0.42584 1663.468
1.225 0.61869 83.91008 0.53777 51.91404 0.22631 0.16496 0.18313 0.42560 1662.748
1.230 0.61809 83.80532 0.53659 51.79928 0.22663 0.16451 0.18349 0.42536 1662.027
1.235 0.61750 83.70059 0.53540 51.68491 0.22696 0.16407 0.18385 0.42512 1661.306
1.240 0.61691 83.59590 0.53422 51.57092 0.22728 0.16362 0.18421 0.42488 1660.584
1.245 0.61632 83.49124 0.53304 51.45731 0.22761 0.16318 0.18457 0.42464 1659.863
1.250 0.61574 83.38662 0.53187 51.34409 0.22793 0.16273 0.18494 0.42440 1659.141
1.255 0.61515 83.28204 0.53070 51.23124 0.22826 0.16229 0.18530 0.42415 1658.419
1.260 0.61457 83.17750 0.52954 51.11876 0.22858 0.16185 0.18566 0.42391 1657.697
1.265 0.61400 83.07300 0.52838 51.00667 0.22891 0.16141 0.18602 0.42366 1656.974
1.270 0.61342 82.96853 0.52722 50.89494 0.22923 0.16097 0.18638 0.42342 1656.252
1.275 0.61285 82.86412 0.52606 50.78359 0.22956 0.16053 0.18675 0.42317 1655.529
1.280 0.61229 82.75974 0.52491 50.67261 0.22988 0.16009 0.18711 0.42292 1654.806
1.285 0.61172 82.65541 0.52377 50.56200 0.23021 0.15965 0.18747 0.42267 1654.084
1.290 0.61116 82.55113 0.52263 50.45175 0.23053 0.15921 0.18783 0.42242 1653.360
1.295 0.61060 82.44689 0.52149 50.34188 0.23086 0.15878 0.18820 0.42217 1652.637
1.300 0.61004 82.34270 0.52035 50.23236 0.23118 0.15834 0.18856 0.42192 1651.914
1.305 0.60949 82.23856 0.51922 50.12321 0.23150 0.15791 0.18892 0.42166 1651.191
1.310 0.60893 82.13447 0.51810 50.01443 0.23183 0.15747 0.18929 0.42141 1650.467
1.315 0.60838 82.03044 0.51697 49.90600 0.23215 0.15704 0.18965 0.42115 1649.743
1.320 0.60784 81.92645 0.51585 49.79794 0.23248 0.15661 0.19002 0.42090 1649.020
1.325 0.60729 81.82252 0.51474 49.69023 0.23280 0.15618 0.19038 0.42064 1648.296
1.330 0.60675 81.71864 0.51363 49.58288 0.23312 0.15575 0.19075 0.42039 1647.572
1.335 0.60621 81.61482 0.51252 49.47588 0.23345 0.15532 0.19111 0.42013 1646.848
1.340 0.60568 81.51105 0.51141 49.36924 0.23377 0.15489 0.19148 0.41987 1646.124
1.345 0.60514 81.40735 0.51031 49.26295 0.23409 0.15446 0.19184 0.41961 1645.400
1.350 0.60461 81.30370 0.50921 49.15701 0.23441 0.15403 0.19221 0.41935 1644.676
1.355 0.60408 81.20011 0.50812 49.05143 0.23474 0.15360 0.19258 0.41908 1643.952
1.360 0.60355 81.09658 0.50703 48.94619 0.23506 0.15318 0.19294 0.41882 1643.227
1.365 0.60303 80.99311 0.50594 48.84129 0.23538 0.15275 0.19331 0.41856 1642.503
1.370 0.60251 80.88970 0.50486 48.73675 0.23570 0.15233 0.19368 0.41829 1641.779
1.375 0.60199 80.78636 0.50378 48.63255 0.23603 0.15190 0.19404 0.41803 1641.055
1.380 0.60147 80.68308 0.50271 48.52869 0.23635 0.15148 0.19441 0.41776 1640.330
1.385 0.60096 80.57987 0.50163 48.42517 0.23667 0.15106 0.19478 0.41749 1639.606
1.390 0.60045 80.47672 0.50056 48.32200 0.23699 0.15064 0.19514 0.41723 1638.882
1.395 0.59994 80.37364 0.49950 48.21916 0.23731 0.15022 0.19551 0.41696 1638.157
1.400 0.59943 80.27063 0.49844 48.11666 0.23763 0.14980 0.19588 0.41669 1637.433
1.405 0.59893 80.16768 0.49738 48.01450 0.23795 0.14938 0.19625 0.41642 1636.709
1.410 0.59842 80.06481 0.49632 47.91267 0.23828 0.14896 0.19662 0.41615 1635.985
1.415 0.59792 79.96201 0.49527 47.81118 0.23860 0.14854 0.19699 0.41587 1635.260
1.420 0.59743 79.85927 0.49423 47.71002 0.23892 0.14813 0.19735 0.41560 1634.536
1.425 0.59693 79.75661 0.49318 47.60919 0.23924 0.14771 0.19772 0.41533 1633.812
1.430 0.59644 79.65402 0.49214 47.50869 0.23956 0.14730 0.19809 0.41505 1633.088
1.435 0.59595 79.55151 0.49110 47.40852 0.23988 0.14688 0.19846 0.41478 1632.364
1.440 0.59546 79.44907 0.49007 47.30868 0.24020 0.14647 0.19883 0.41450 1631.640
1.445 0.59497 79.34670 0.48904 47.20917 0.24052 0.14606 0.19920 0.41422 1630.916
1.450 0.59449 79.24441 0.48801 47.10998 0.24084 0.14565 0.19957 0.41394 1630.192
1.455 0.59401 79.14220 0.48699 47.01111 0.24116 0.14524 0.19994 0.41367 1629.468
1.460 0.59353 79.04007 0.48596 46.91257 0.24148 0.14483 0.20031 0.41339 1628.745
1.465 0.59305 78.93801 0.48495 46.81435 0.24180 0.14442 0.20068 0.41311 1628.021
1.470 0.59258 78.83604 0.48393 46.71644 0.24211 0.14401 0.20105 0.41282 1627.298
1.475 0.59210 78.73414 0.48292 46.61886 0.24243 0.14360 0.20142 0.41254 1626.574
1.480 0.59163 78.63232 0.48191 46.52160 0.24275 0.14319 0.20180 0.41226 1625.851
1.485 0.59117 78.53059 0.48091 46.42465 0.24307 0.14279 0.20217 0.41197 1625.128
1.490 0.59070 78.42894 0.47991 46.32802 0.24339 0.14238 0.20254 0.41169 1624.405
1.495 0.59024 78.32737 0.47891 46.23170 0.24371 0.14198 0.20291 0.41140 1623.682
1.500 0.58978 78.22588 0.47792 46.13570 0.24402 0.14158 0.20328 0.41112 1622.959
1.505 0.58932 78.12448 0.47693 46.04000 0.24434 0.14117 0.20365 0.41083 1622.236
1.510 0.58886 78.02316 0.47594 45.94462 0.24466 0.14077 0.20403 0.41054 1621.513
1.515 0.58840 77.92193 0.47495 45.84955 0.24498 0.14037 0.20440 0.41025 1620.791
1.520 0.58795 77.82079 0.47397 45.75478 0.24529 0.13997 0.20477 0.40996 1620.069
1.525 0.58750 77.71973 0.47299 45.66032 0.24561 0.13957 0.20514 0.40967 1619.346
1.530 0.58705 77.61876 0.47202 45.56617 0.24593 0.13917 0.20552 0.40938 1618.624
1.535 0.58660 77.51788 0.47105 45.47233 0.24625 0.13877 0.20589 0.40909 1617.903
1.540 0.58616 77.41708 0.47008 45.37878 0.24656 0.13838 0.20626 0.40880 1617.181
1.545 0.58572 77.31638 0.46911 45.28554 0.24688 0.13798 0.20664 0.40851 1616.459
1.550 0.58528 77.21577 0.46815 45.19260 0.24719 0.13758 0.20701 0.40821 1615.738
1.555 0.58484 77.11525 0.46719 45.09996 0.24751 0.13719 0.20738 0.40792 1615.017
1.560 0.58440 77.01482 0.46623 45.00762 0.24783 0.13680 0.20776 0.40762 1614.296
1.565 0.58397 76.91448 0.46528 44.91558 0.24814 0.13640 0.20813 0.40732 1613.575
1.570 0.58354 76.81423 0.46433 44.82383 0.24846 0.13601 0.20851 0.40703 1612.854
1.575 0.58311 76.71408 0.46338 44.73238 0.24877 0.13562 0.20888 0.40673 1612.134
1.580 0.58268 76.61402 0.46244 44.64123 0.24909 0.13523 0.20926 0.40643 1611.414
1.585 0.58225 76.51406 0.46149 44.55037 0.24940 0.13484 0.20963 0.40613 1610.694
1.590 0.58183 76.41419 0.46056 44.45980 0.24972 0.13445 0.21001 0.40583 1609.974
1.595 0.58140 76.31442 0.45962 44.36952 0.25003 0.13406 0.21038 0.40553 1609.254
1.600 0.58098 76.21474 0.45869 44.27953 0.25034 0.13367 0.21076 0.40523 1608.535
1.605 0.58057 76.11516 0.45776 44.18983 0.25066 0.13329 0.21113 0.40492 1607.816
1.610 0.58015 76.01568 0.45683 44.10042 0.25097 0.13290 0.21151 0.40462 1607.097
1.615 0.57973 75.91629 0.45591 44.01129 0.25128 0.13252 0.21188 0.40432 1606.378
1.620 0.57932 75.81700 0.45499 43.92245 0.25160 0.13213 0.21226 0.40401 1605.660
1.625 0.57891 75.71782 0.45407 43.83390 0.25191 0.13175 0.21264 0.40371 1604.942
1.630 0.57850 75.61873 0.45316 43.74563 0.25222 0.13136 0.21301 0.40340 1604.224
1.635 0.57810 75.51974 0.45225 43.65764 0.25254 0.13098 0.21339 0.40309 1603.506
1.640 0.57769 75.42085 0.45134 43.56993 0.25285 0.13060 0.21377 0.40278 1602.789
1.645 0.57729 75.32207 0.45043 43.48250 0.25316 0.13022 0.21414 0.40248 1602.071
1.650 0.57689 75.22338 0.44953 43.39536 0.25347 0.12984 0.21452 0.40217 1601.354
1.655 0.57649 75.12480 0.44863 43.30849 0.25378 0.12946 0.21490 0.40186 1600.638
1.660 0.57609 75.02632 0.44773 43.22189 0.25410 0.12908 0.21527 0.40155 1599.921
1.665 0.57569 74.92794 0.44684 43.13558 0.25441 0.12871 0.21565 0.40123 1599.205
1.670 0.57530 74.82966 0.44595 43.04954 0.25472 0.12833 0.21603 0.40092 1598.489
1.675 0.57491 74.73149 0.44506 42.96377 0.25503 0.12796 0.21641 0.40061 1597.774
1.680 0.57452 74.63343 0.44417 42.87828 0.25534 0.12758 0.21678 0.40030 1597.058
1.685 0.57413 74.53547 0.44329 42.79305 0.25565 0.12721 0.21716 0.39998 1596.343
1.690 0.57374 74.43761 0.44241 42.70810 0.25596 0.12683 0.21754 0.39967 1595.629
1.695 0.57336 74.33986 0.44153 42.62342 0.25627 0.12646 0.21792 0.39935 1594.914
1.700 0.57298 74.24221 0.44066 42.53901 0.25658 0.12609 0.21830 0.39903 1594.200
1.705 0.57259 74.14468 0.43979 42.45487 0.25689 0.12572 0.21868 0.39872 1593.486
1.710 0.57222 74.04724 0.43892 42.37099 0.25720 0.12535 0.21905 0.39840 1592.773
1.715 0.57184 73.94992 0.43805 42.28738 0.25751 0.12498 0.21943 0.39808 1592.060
1.720 0.57146 73.85271 0.43719 42.20403 0.25781 0.12461 0.21981 0.39776 1591.347
1.725 0.57109 73.75560 0.43633 42.12095 0.25812 0.12424 0.22019 0.39744 1590.634
1.730 0.57072 73.65860 0.43547 42.03813 0.25843 0.12388 0.22057 0.39712 1589.922
1.735 0.57035 73.56171 0.43462 41.95557 0.25874 0.12351 0.22095 0.39680 1589.210
1.740 0.56998 73.46493 0.43376 41.87328 0.25905 0.12315 0.22133 0.39648 1588.498
1.745 0.56961 73.36826 0.43291 41.79124 0.25935 0.12278 0.22171 0.39615 1587.787
1.750 0.56924 73.27170 0.43207 41.70946 0.25966 0.12242 0.22209 0.39583 1587.076
1.755 0.56888 73.17525 0.43122 41.62794 0.25997 0.12205 0.22247 0.39551 1586.365
1.760 0.56852 73.07891 0.43038 41.54668 0.26028 0.12169 0.22285 0.39518 1585.655
1.765 0.56816 72.98268 0.42954 41.46568 0.26058 0.12133 0.22323 0.39486 1584.945
1.770 0.56780 72.88656 0.42870 41.38492 0.26089 0.12097 0.22361 0.39453 1584.235
1.775 0.56744 72.79056 0.42787 41.30443 0.26119 0.12061 0.22399 0.39421 1583.526
1.780 0.56709 72.69466 0.42704 41.22418 0.26150 0.12025 0.22437 0.39388 1582.817
1.785 0.56673 72.59888 0.42621 41.14419 0.26180 0.11989 0.22475 0.39355 1582.109
1.790 0.56638 72.50322 0.42538 41.06445 0.26211 0.11954 0.22513 0.39322 1581.401
1.795 0.56603 72.40767 0.42456 40.98496 0.26241 0.11918 0.22551 0.39289 1580.693
1.800 0.56568 72.31223 0.42374 40.90572 0.26272 0.11882 0.22589 0.39256 1579.985
1.805 0.56533 72.21690 0.42292 40.82673 0.26302 0.11847 0.22627 0.39223 1579.278
1.810 0.56499 72.12169 0.42211 40.74799 0.26333 0.11812 0.22666 0.39190 1578.572
1.815 0.56465 72.02659 0.42129 40.66949 0.26363 0.11776 0.22704 0.39157 1577.865
1.820 0.56430 71.93161 0.42048 40.59124 0.26394 0.11741 0.22742 0.39124 1577.159
1.825 0.56396 71.83674 0.41967 40.51324 0.26424 0.11706 0.22780 0.39090 1576.454
1.830 0.56362 71.74199 0.41887 40.43547 0.26454 0.11671 0.22818 0.39057 1575.748
1.835 0.56329 71.64736 0.41807 40.35795 0.26484 0.11636 0.22856 0.39024 1575.044
1.840 0.56295 71.55284 0.41727 40.28068 0.26515 0.11601 0.22894 0.38990 1574.339
1.845 0.56262 71.45844 0.41647 40.20364 0.26545 0.11566 0.22933 0.38957 1573.635
1.850 0.56228 71.36415 0.41567 40.12685 0.26575 0.11531 0.22971 0.38923 1572.931
1.855 0.56195 71.26998 0.41488 40.05029 0.26605 0.11496 0.23009 0.38889 1572.228
1.860 0.56162 71.17593 0.41409 39.97397 0.26635 0.11462 0.23047 0.38856 1571.525
1.865 0.56129 71.08199 0.41330 39.89789 0.26666 0.11427 0.23085 0.38822 1570.823
1.870 0.56097 70.98818 0.41251 39.82205 0.26696 0.11393 0.23124 0.38788 1570.121
1.875 0.56064 70.89448 0.41173 39.74644 0.26726 0.11358 0.23162 0.38754 1569.419
1.880 0.56032 70.80090 0.41095 39.67107 0.26756 0.11324 0.23200 0.38720 1568.718
1.885 0.56000 70.70744 0.41017 39.59594 0.26786 0.11290 0.23239 0.38686 1568.017
1.890 0.55968 70.61409 0.40940 39.52103 0.26816 0.11255 0.23277 0.38652 1567.317
1.895 0.55936 70.52087 0.40862 39.44636 0.26846 0.11221 0.23315 0.38618 1566.617
1.900 0.55904 70.42776 0.40785 39.37192 0.26876 0.11187 0.23353 0.38584 1565.917
1.905 0.55872 70.33478 0.40708 39.29771 0.26906 0.11153 0.23392 0.38549 1565.218
1.910 0.55841 70.24191 0.40632 39.22373 0.26935 0.11120 0.23430 0.38515 1564.519
1.915 0.55810 70.14917 0.40555 39.14998 0.26965 0.11086 0.23468 0.38481 1563.821
1.920 0.55778 70.05654 0.40479 39.07646 0.26995 0.11052 0.23507 0.38446 1563.123
1.925 0.55747 69.96404 0.40403 39.00316 0.27025 0.11018 0.23545 0.38412 1562.426
1.930 0.55717 69.87165 0.40327 38.93009 0.27055 0.10985 0.23583 0.38377 1561.729
1.935 0.55686 69.77939 0.40252 38.85725 0.27084 0.10951 0.23622 0.38343 1561.032
1.940 0.55655 69.68725 0.40177 38.78463 0.27114 0.10918 0.23660 0.38308 1560.336
1.945 0.55625 69.59522 0.40102 38.71224 0.27144 0.10885 0.23699 0.38273 1559.641
1.950 0.55595 69.50332 0.40027 38.64007 0.27173 0.10851 0.23737 0.38238 1558.945
1.955 0.55564 69.41154 0.39953 38.56812 0.27203 0.10818 0.23775 0.38204 1558.251
1.960 0.55534 69.31989 0.39878 38.49639 0.27232 0.10785 0.23814 0.38169 1557.556
1.965 0.55505 69.22835 0.39804 38.42489 0.27262 0.10752 0.23852 0.38134 1556.862
1.970 0.55475 69.13694 0.39730 38.35360 0.27291 0.10719 0.23891 0.38099 1556.169
1.975 0.55445 69.04565 0.39657 38.28253 0.27321 0.10686 0.23929 0.38064 1555.476
1.980 0.55416 68.95448 0.39583 38.21168 0.27350 0.10654 0.23967 0.38029 1554.784
1.985 0.55387 68.86343 0.39510 38.14105 0.27380 0.10621 0.24006 0.37994 1554.092
1.990 0.55357 68.77251 0.39437 38.07064 0.27409 0.10588 0.24044 0.37958 1553.400
1.995 0.55328 68.68171 0.39364 38.00044 0.27439 0.10556 0.24083 0.37923 1552.709
2.000 0.55299 68.59103 0.39292 37.93046 0.27468 0.10523 0.24121 0.37888 1552.018
2.005 0.55271 68.50048 0.39220 37.86069 0.27497 0.10491 0.24160 0.37852 1551.328
2.010 0.55242 68.41005 0.39148 37.79113 0.27526 0.10458 0.24198 0.37817 1550.638
2.015 0.55214 68.31974 0.39076 37.72179 0.27556 0.10426 0.24237 0.37781 1549.949
2.020 0.55185 68.22956 0.39004 37.65266 0.27585 0.10394 0.24275 0.37746 1549.260
2.025 0.55157 68.13950 0.38933 37.58374 0.27614 0.10362 0.24314 0.37710 1548.572
2.030 0.55129 68.04957 0.38862 37.51503 0.27643 0.10330 0.24352 0.37675 1547.884
2.035 0.55101 67.95975 0.38791 37.44653 0.27672 0.10298 0.24391 0.37639 1547.197
2.040 0.55073 67.87007 0.38720 37.37823 0.27701 0.10266 0.24429 0.37603 1546.510
2.045 0.55046 67.78051 0.38649 37.31015 0.27730 0.10234 0.24468 0.37568 1545.824
2.050 0.55018 67.69107 0.38579 37.24228 0.27759 0.10203 0.24506 0.37532 1545.138
2.055 0.54991 67.60175 0.38509 37.17461 0.27788 0.10171 0.24545 0.37496 1544.452
2.060 0.54963 67.51257 0.38439 37.10714 0.27817 0.10139 0.24583 0.37460 1543.767
2.065 0.54936 67.42350 0.38369 37.03988 0.27846 0.10108 0.24622 0.37424 1543.083
2.070 0.54909 67.33456 0.38300 36.97283 0.27875 0.10076 0.24660 0.37388 1542.399
2.075 0.54882 67.24575 0.38231 36.90598 0.27904 0.10045 0.24699 0.37352 1541.716
2.080 0.54855 67.15706 0.38162 36.83933 0.27933 0.10014 0.24737 0.37316 1541.033
2.085 0.54829 67.06850 0.38093 36.77289 0.27962 0.09983 0.24776 0.37280 1540.350
2.090 0.54802 66.98006 0.38024 36.70664 0.27990 0.09952 0.24815 0.37243 1539.668
2.095 0.54776 66.89175 0.37956 36.64060 0.28019 0.09920 0.24853 0.37207 1538.987
2.100 0.54750 66.80356 0.37888 36.57475 0.28048 0.09890 0.24892 0.37171 1538.306
2.105 0.54724 66.71550 0.37820 36.50911 0.28077 0.09859 0.24930 0.37134 1537.626
2.110 0.54698 66.62757 0.37752 36.44366 0.28105 0.09828 0.24969 0.37098 1536.946
2.115 0.54672 66.53976 0.37684 36.37842 0.28134 0.09797 0.25008 0.37062 1536.266
2.120 0.54646 66.45208 0.37617 36.31336 0.28162 0.09766 0.25046 0.37025 1535.587
2.125 0.54620 66.36452 0.37550 36.24851 0.28191 0.09736 0.25085 0.36989 1534.909
2.130 0.54595 66.27709 0.37483 36.18385 0.28219 0.09705 0.25123 0.36952 1534.231
2.135 0.54569 66.18978 0.37416 36.11938 0.28248 0.09675 0.25162 0.36915 1533.554
2.140 0.54544 66.10260 0.37349 36.05511 0.28276 0.09644 0.25201 0.36879 1532.877
2.145 0.54519 66.01555 0.37283 35.99104 0.28305 0.09614 0.25239 0.36842 1532.201
2.150 0.54494 65.92862 0.37217 35.92715 0.28333 0.09584 0.25278 0.36805 1531.525
2.155 0.54469 65.84182 0.37151 35.86346 0.28361 0.09554 0.25316 0.36768 1530.850
2.160 0.54444 65.75515 0.37085 35.79996 0.28390 0.09524 0.25355 0.36732 1530.175
2.165 0.54420 65.66861 0.37019 35.73665 0.28418 0.09494 0.25394 0.36695 1529.501
2.170 0.54395 65.58219 0.36954 35.67353 0.28446 0.09464 0.25432 0.36658 1528.827
2.175 0.54371 65.49589 0.36889 35.61059 0.28474 0.09434 0.25471 0.36621 1528.154
2.180 0.54346 65.40972 0.36824 35.54785 0.28503 0.09404 0.25510 0.36584 1527.481
2.185 0.54322 65.32369 0.36759 35.48530 0.28531 0.09374 0.25548 0.36547 1526.809
2.190 0.54298 65.23777 0.36694 35.42293 0.28559 0.09345 0.25587 0.36510 1526.137
2.195 0.54274 65.15199 0.36630 35.36075 0.28587 0.09315 0.25626 0.36472 1525.466
2.200 0.54250 65.06633 0.36566 35.29875 0.28615 0.09286 0.25664 0.36435 1524.796
2.205 0.54227 64.98079 0.36502 35.23694 0.28643 0.09256 0.25703 0.36398 1524.126
2.210 0.54203 64.89539 0.36438 35.17531 0.28671 0.09227 0.25742 0.36361 1523.456
2.215 0.54180 64.81011 0.36374 35.11387 0.28699 0.09198 0.25780 0.36323 1522.787
2.220 0.54156 64.72496 0.36311 35.05261 0.28727 0.09169 0.25819 0.36286 1522.119
2.225 0.54133 64.63993 0.36248 34.99154 0.28754 0.09139 0.25858 0.36249 1521.451
2.230 0.54110 64.55504 0.36184 34.93064 0.28782 0.09110 0.25896 0.36211 1520.784
2.235 0.54087 64.47027 0.36122 34.86993 0.28810 0.09081 0.25935 0.36174 1520.117
2.240 0.54064 64.38562 0.36059 34.80940 0.28838 0.09053 0.25974 0.36136 1519.451
2.245 0.54041 64.30111 0.35996 34.74904 0.28865 0.09024 0.26012 0.36099 1518.785
2.250 0.54018 64.21672 0.35934 34.68887 0.28893 0.08995 0.26051 0.36061 1518.120
2.255 0.53996 64.13246 0.35872 34.62887 0.28921 0.08966 0.26090 0.36023 1517.455
2.260 0.53973 64.04832 0.35810 34.56906 0.28948 0.08938 0.26128 0.35986 1516.791
2.265 0.53951 63.96431 0.35748 34.50942 0.28976 0.08909 0.26167 0.35948 1516.128
2.270 0.53929 63.88043 0.35687 34.44995 0.29003 0.08881 0.26206 0.35910 1515.465
2.275 0.53907 63.79668 0.35625 34.39067 0.29031 0.08852 0.26244 0.35873 1514.802
2.280 0.53885 63.71305 0.35564 34.33155 0.29058 0.08824 0.26283 0.35835 1514.141
2.285 0.53863 63.62955 0.35503 34.27262 0.29086 0.08796 0.26322 0.35797 1513.479
2.290 0.53841 63.54618 0.35442 34.21385 0.29113 0.08768 0.26360 0.35759 1512.819
2.295 0.53819 63.46294 0.35381 34.15527 0.29141 0.08739 0.26399 0.35721 1512.158
2.300 0.53798 63.37982 0.35321 34.09685 0.29168 0.08711 0.26438 0.35683 1511.499
2.305 0.53776 63.29683 0.35260 34.03860 0.29195 0.08683 0.26476 0.35645 1510.840
2.310 0.53755 63.21397 0.35200 33.98053 0.29222 0.08656 0.26515 0.35607 1510.181
2.315 0.53734 63.13123 0.35140 33.92263 0.29250 0.08628 0.26554 0.35569 1509.523
2.320 0.53712 63.04862 0.35080 33.86490 0.29277 0.08600 0.26592 0.35531 1508.866
2.325 0.53691 62.96614 0.35021 33.80734 0.29304 0.08572 0.26631 0.35493 1508.209
2.330 0.53670 62.88379 0.34961 33.74995 0.29331 0.08545 0.26670 0.35455 1507.553
2.335 0.53649 62.80156 0.34902 33.69272 0.29358 0.08517 0.26708 0.35416 1506.897
2.340 0.53629 62.71946 0.34843 33.63567 0.29385 0.08490 0.26747 0.35378 1506.242
2.345 0.53608 62.63749 0.34784 33.57878 0.29412 0.08462 0.26786 0.35340 1505.587
2.350 0.53588 62.55564 0.34725 33.52206 0.29439 0.08435 0.26825 0.35302 1504.933
2.355 0.53567 62.47392 0.34667 33.46550 0.29466 0.08408 0.26863 0.35263 1504.280
2.360 0.53547 62.39233 0.34608 33.40911 0.29493 0.08380 0.26902 0.35225 1503.627
2.365 0.53527 62.31086 0.34550 33.35289 0.29520 0.08353 0.26941 0.35187 1502.975
2.370 0.53506 62.22952 0.34492 33.29683 0.29546 0.08326 0.26979 0.35148 1502.323
2.375 0.53486 62.14831 0.34434 33.24093 0.29573 0.08299 0.27018 0.35110 1501.672
2.380 0.53467 62.06723 0.34376 33.18520 0.29600 0.08272 0.27057 0.35071 1501.021
2.385 0.53447 61.98627 0.34319 33.12963 0.29626 0.08246 0.27095 0.35033 1500.371
2.390 0.53427 61.90544 0.34261 33.07422 0.29653 0.08219 0.27134 0.34994 1499.722
2.395 0.53407 61.82473 0.34204 33.01897 0.29680 0.08192 0.27173 0.34955 1499.073
2.400 0.53388 61.74415 0.34147 32.96388 0.29706 0.08166 0.27211 0.34917 1498.425
2.405 0.53368 61.66370 0.34090 32.90896 0.29733 0.08139 0.27250 0.34878 1497.777
2.410 0.53349 61.58338 0.34033 32.85419 0.29759 0.08112 0.27289 0.34840 1497.130
2.415 0.53330 61.50318 0.33977 32.79959 0.29786 0.08086 0.27327 0.34801 1496.483
2.420 0.53311 61.42311 0.33921 32.74514 0.29812 0.08060 0.27366 0.34762 1495.837
2.425 0.53292 61.34316 0.33864 32.69085 0.29839 0.08033 0.27405 0.34723 1495.192
2.430 0.53273 61.26334 0.33808 32.63672 0.29865 0.08007 0.27443 0.34685 1494.547
2.435 0.53254 61.18365 0.33752 32.58274 0.29891 0.07981 0.27482 0.34646 1493.903
2.440 0.53235 61.10408 0.33697 32.52892 0.29917 0.07955 0.27521 0.34607 1493.259
2.445 0.53217 61.02464 0.33641 32.47526 0.29944 0.07929 0.27559 0.34568 1492.616
2.450 0.53198 60.94533 0.33586 32.42175 0.29970 0.07903 0.27598 0.34529 1491.973
2.455 0.53180 60.86614 0.33530 32.36840 0.29996 0.07877 0.27637 0.34490 1491.332
2.460 0.53161 60.78708 0.33475 32.31520 0.30022 0.07851 0.27675 0.34451 1490.690
2.465 0.53143 60.70814 0.33420 32.26215 0.30048 0.07826 0.27714 0.34412 1490.049
2.470 0.53125 60.62933 0.33365 32.20926 0.30074 0.07800 0.27753 0.34373 1489.409
2.475 0.53107 60.55065 0.33311 32.15652 0.30100 0.07774 0.27791 0.34334 1488.770
2.480 0.53089 60.47209 0.33256 32.10393 0.30126 0.07749 0.27830 0.34295 1488.131
2.485 0.53071 60.39365 0.33202 32.05150 0.30152 0.07723 0.27868 0.34256 1487.492
2.490 0.53053 60.31535 0.33148 31.99921 0.30178 0.07698 0.27907 0.34217 1486.854
2.495 0.53035 60.23716 0.33094 31.94708 0.30204 0.07673 0.27946 0.34178 1486.217
2.500 0.53018 60.15911 0.33040 31.89509 0.30230 0.07648 0.27984 0.34139 1485.580
2.505 0.53000 60.08118 0.32986 31.84326 0.30255 0.07622 0.28023 0.34099 1484.944
2.510 0.52983 60.00337 0.32933 31.79157 0.30281 0.07597 0.28062 0.34060 1484.309
2.515 0.52966 59.92569 0.32879 31.74003 0.30307 0.07572 0.28100 0.34021 1483.674
2.520 0.52948 59.84813 0.32826 31.68864 0.30332 0.07547 0.28139 0.33982 1483.040
2.525 0.52931 59.77070 0.32773 31.63740 0.30358 0.07522 0.28177 0.33942 1482.406
2.530 0.52914 59.69340 0.32720 31.58630 0.30383 0.07497 0.28216 0.33903 1481.773
2.535 0.52897 59.61622 0.32667 31.53535 0.30409 0.07473 0.28255 0.33864 1481.140
2.540 0.52880 59.53916 0.32615 31.48455 0.30434 0.07448 0.28293 0.33824 1480.508
2.545 0.52864 59.46223 0.32562 31.43389 0.30460 0.07423 0.28332 0.33785 1479.877
2.550 0.52847 59.38542 0.32510 31.38337 0.30485 0.07399 0.28370 0.33746 1479.246
2.555 0.52830 59.30874 0.32458 31.33300 0.30511 0.07374 0.28409 0.33706 1478.616
2.560 0.52814 59.23218 0.32406 31.28277 0.30536 0.07350 0.28447 0.33667 1477.986
2.565 0.52797 59.15575 0.32354 31.23269 0.30561 0.07325 0.28486 0.33627 1477.357
2.570 0.52781 59.07944 0.32302 31.18275 0.30586 0.07301 0.28525 0.33588 1476.729
2.575 0.52765 59.00326 0.32250 31.13295 0.30612 0.07277 0.28563 0.33548 1476.101
2.580 0.52749 58.92720 0.32199 31.08329 0.30637 0.07253 0.28602 0.33509 1475.474
2.585 0.52733 58.85126 0.32148 31.03378 0.30662 0.07229 0.28640 0.33469 1474.847
2.590 0.52717 58.77545 0.32097 30.98440 0.30687 0.07204 0.28679 0.33430 1474.221
2.595 0.52701 58.69976 0.32046 30.93516 0.30712 0.07180 0.28717 0.33390 1473.596
2.600 0.52685 58.62420 0.31995 30.88607 0.30737 0.07157 0.28756 0.33351 1472.971
2.605 0.52669 58.54875 0.31944 30.83711 0.30762 0.07133 0.28794 0.33311 1472.347
2.610 0.52653 58.47344 0.31893 30.78829 0.30787 0.07109 0.28833 0.33271 1471.723
2.615 0.52638 58.39824 0.31843 30.73961 0.30812 0.07085 0.28871 0.33232 1471.100
2.620 0.52622 58.32317 0.31793 30.69107 0.30837 0.07062 0.28910 0.33192 1470.478
2.625 0.52607 58.24822 0.31743 30.64267 0.30861 0.07038 0.28948 0.33152 1469.856
2.630 0.52592 58.17340 0.31693 30.59440 0.30886 0.07014 0.28987 0.33113 1469.235
2.635 0.52577 58.09870 0.31643 30.54627 0.30911 0.06991 0.29025 0.33073 1468.614
2.640 0.52561 58.02412 0.31593 30.49827 0.30935 0.06968 0.29064 0.33033 1467.994
2.645 0.52546 57.94966 0.31543 30.45041 0.30960 0.06944 0.29102 0.32993 1467.375
2.650 0.52531 57.87533 0.31494 30.40269 0.30985 0.06921 0.29141 0.32954 1466.756
2.655 0.52516 57.80112 0.31445 30.35509 0.31009 0.06898 0.29179 0.32914 1466.138
2.660 0.52502 57.72703 0.31396 30.30764 0.31034 0.06875 0.29218 0.32874 1465.520
2.665 0.52487 57.65306 0.31346 30.26031 0.31058 0.06852 0.29256 0.32834 1464.903
2.670 0.52472 57.57922 0.31298 30.21312 0.31083 0.06829 0.29295 0.32794 1464.287
2.675 0.52458 57.50550 0.31249 30.16606 0.31107 0.06806 0.29333 0.32754 1463.671
2.680 0.52443 57.43190 0.31200 30.11914 0.31131 0.06783 0.29371 0.32715 1463.055
2.685 0.52429 57.35842 0.31152 30.07234 0.31156 0.06760 0.29410 0.32675 1462.441
2.690 0.52414 57.28507 0.31103 30.02568 0.31180 0.06737 0.29448 0.32635 1461.827
2.695 0.52400 57.21183 0.31055 29.97915 0.31204 0.06714 0.29487 0.32595 1461.213
2.700 0.52386 57.13872 0.31007 29.93274 0.31228 0.06692 0.29525 0.32555 1460.600
2.705 0.52372 57.06573 0.30959 29.88647 0.31252 0.06669 0.29564 0.32515 1459.988
2.710 0.52358 56.99286 0.30911 29.84033 0.31276 0.06647 0.29602 0.32475 1459.377
2.715 0.52344 56.92011 0.30864 29.79431 0.31300 0.06624 0.29640 0.32435 1458.766
2.720 0.52330 56.84748 0.30816 29.74843 0.31324 0.06602 0.29679 0.32395 1458.155
2.725 0.52316 56.77498 0.30769 29.70267 0.31348 0.06580 0.29717 0.32355 1457.545
2.730 0.52303 56.70259 0.30722 29.65704 0.31372 0.06557 0.29755 0.32315 1456.936
2.735 0.52289 56.63033 0.30674 29.61153 0.31396 0.06535 0.29794 0.32275 1456.328
2.740 0.52276 56.55818 0.30627 29.56616 0.31420 0.06513 0.29832 0.32235 1455.719
2.745 0.52262 56.48616 0.30581 29.52090 0.31444 0.06491 0.29870 0.32195 1455.112
2.750 0.52249 56.41425 0.30534 29.47578 0.31467 0.06469 0.29909 0.32155 1454.505
2.755 0.52236 56.34247 0.30487 29.43078 0.31491 0.06447 0.29947 0.32115 1453.899
2.760 0.52222 56.27081 0.30441 29.38591 0.31515 0.06425 0.29985 0.32075 1453.293
2.765 0.52209 56.19926 0.30394 29.34116 0.31538 0.06403 0.30024 0.32035 1452.688
2.770 0.52196 56.12784 0.30348 29.29653 0.31562 0.06382 0.30062 0.31994 1452.084
2.775 0.52183 56.05653 0.30302 29.25203 0.31586 0.06360 0.30100 0.31954 1451.480
2.780 0.52170 55.98535 0.30256 29.20765 0.31609 0.06338 0.30139 0.31914 1450.877
2.785 0.52157 55.91428 0.30210 29.16339 0.31632 0.06317 0.30177 0.31874 1450.275
2.790 0.52145 55.84334 0.30164 29.11926 0.31656 0.06295 0.30215 0.31834 1449.673
2.795 0.52132 55.77251 0.30119 29.07524 0.31679 0.06274 0.30253 0.31794 1449.071
2.800 0.52119 55.70180 0.30073 29.03135 0.31703 0.06252 0.30292 0.31754 1448.470
2.805 0.52107 55.63122 0.30028 28.98758 0.31726 0.06231 0.30330 0.31713 1447.870
2.810 0.52094 55.56075 0.29983 28.94393 0.31749 0.06210 0.30368 0.31673 1447.271
2.815 0.52082 55.49039 0.29938 28.90040 0.31772 0.06189 0.30406 0.31633 1446.672
2.820 0.52069 55.42016 0.29893 28.85700 0.31795 0.06167 0.30444 0.31593 1446.073
2.825 0.52057 55.35005 0.29848 28.81371 0.31818 0.06146 0.30483 0.31553 1445.476
2.830 0.52045 55.28005 0.29803 28.77054 0.31841 0.06125 0.30521 0.31512 1444.878
2.835 0.52033 55.21017 0.29759 28.72748 0.31865 0.06104 0.30559 0.31472 1444.282
2.840 0.52021 55.14041 0.29714 28.68455 0.31887 0.06083 0.30597 0.31432 1443.686
2.845 0.52009 55.07077 0.29670 28.64173 0.31910 0.06063 0.30635 0.31392 1443.091
2.850 0.51997 55.00124 0.29626 28.59904 0.31933 0.06042 0.30673 0.31351 1442.496
2.855 0.51985 54.93184 0.29581 28.55645 0.31956 0.06021 0.30712 0.31311 1441.902
2.860 0.51974 54.86255 0.29537 28.51399 0.31979 0.06000 0.30750 0.31271 1441.308
2.865 0.51962 54.79337 0.29494 28.47164 0.32002 0.05980 0.30788 0.31231 1440.715
2.870 0.51950 54.72432 0.29450 28.42941 0.32024 0.05959 0.30826 0.31190 1440.123
2.875 0.51939 54.65538 0.29406 28.38729 0.32047 0.05939 0.30864 0.31150 1439.531
2.880 0.51927 54.58656 0.29363 28.34529 0.32070 0.05918 0.30902 0.31110 1438.940
2.885 0.51916 54.51785 0.29319 28.30340 0.32092 0.05898 0.30940 0.31069 1438.350
2.890 0.51905 54.44926 0.29276 28.26162 0.32115 0.05878 0.30978 0.31029 1437.760
2.895 0.51893 54.38079 0.29233 28.21996 0.32137 0.05858 0.31016 0.30989 1437.171
2.900 0.51882 54.31244 0.29190 28.17842 0.32160 0.05837 0.31054 0.30949 1436.582
2.905 0.51871 54.24420 0.29147 28.13698 0.32182 0.05817 0.31092 0.30908 1435.994
2.910 0.51860 54.17607 0.29104 28.09566 0.32205 0.05797 0.31130 0.30868 1435.406
2.915 0.51849 54.10806 0.29061 28.05445 0.32227 0.05777 0.31168 0.30828 1434.819
2.920 0.51838 54.04017 0.29019 28.01336 0.32249 0.05757 0.31206 0.30787 1434.233
2.925 0.51827 53.97239 0.28976 27.97237 0.32271 0.05737 0.31244 0.30747 1433.647
2.930 0.51816 53.90473 0.28934 27.93150 0.32294 0.05717 0.31282 0.30707 1433.062
2.935 0.51806 53.83719 0.28892 27.89073 0.32316 0.05698 0.31320 0.30666 1432.478
2.940 0.51795 53.76975 0.28850 27.85008 0.32338 0.05678 0.31358 0.30626 1431.894
2.945 0.51784 53.70244 0.28808 27.80954 0.32360 0.05658 0.31396 0.30586 1431.311
2.950 0.51774 53.63524 0.28766 27.76910 0.32382 0.05639 0.31434 0.30545 1430.728
2.955 0.51764 53.56815 0.28724 27.72878 0.32404 0.05619 0.31472 0.30505 1430.146
2.960 0.51753 53.50118 0.28682 27.68856 0.32426 0.05600 0.31510 0.30465 1429.565
2.965 0.51743 53.43432 0.28641 27.64846 0.32448 0.05580 0.31548 0.30424 1428.984
2.970 0.51733 53.36757 0.28599 27.60846 0.32469 0.05561 0.31586 0.30384 1428.404
2.975 0.51722 53.30094 0.28558 27.56857 0.32491 0.05542 0.31624 0.30343 1427.824
2.980 0.51712 53.23443 0.28517 27.52878 0.32513 0.05522 0.31662 0.30303 1427.245
2.985 0.51702 53.16802 0.28476 27.48911 0.32535 0.05503 0.31699 0.30263 1426.666
2.990 0.51692 53.10173 0.28435 27.44954 0.32556 0.05484 0.31737 0.30222 1426.089
2.995 0.51682 53.03556 0.28394 27.41007 0.32578 0.05465 0.31775 0.30182 1425.511
3.000 0.51673 52.96950 0.28353 27.37071 0.32600 0.05446 0.31813 0.30142 1424.935
3.005 0.51663 52.90355 0.28313 27.33146 0.32621 0.05427 0.31851 0.30101 1424.359
3.010 0.51653 52.83771 0.28272 27.29231 0.32643 0.05408 0.31888 0.30061 1423.783
3.015 0.51643 52.77199 0.28232 27.25327 0.32664 0.05389 0.31926 0.30021 1423.208
3.020 0.51634 52.70637 0.28191 27.21433 0.32685 0.05370 0.31964 0.29980 1422.634
3.025 0.51624 52.64088 0.28151 27.17550 0.32707 0.05352 0.32002 0.29940 1422.061
3.030 0.51615 52.57549 0.28111 27.13677 0.32728 0.05333 0.32040 0.29900 1421.488
3.035 0.51605 52.51021 0.28071 27.09814 0.32749 0.05314 0.32077 0.29859 1420.915
3.040 0.51596 52.44505 0.28031 27.05962 0.32771 0.05296 0.32115 0.29819 1420.343
3.045 0.51587 52.38000 0.27991 27.02120 0.32792 0.05277 0.32153 0.29778 1419.772
3.050 0.51578 52.31506 0.27951 26.98288 0.32813 0.05259 0.32190 0.29738 1419.202
3.055 0.51569 52.25024 0.27912 26.94467 0.32834 0.05240 0.32228 0.29698 1418.631
3.060 0.51559 52.18552 0.27872 26.90655 0.32855 0.05222 0.32266 0.29657 1418.062
3.065 0.51550 52.12091 0.27833 26.86854 0.32876 0.05204 0.32303 0.29617 1417.493
3.070 0.51541 52.05642 0.27794 26.83063 0.32897 0.05185 0.32341 0.29577 1416.925
3.075 0.51533 51.99204 0.27755 26.79282 0.32918 0.05167 0.32379 0.29536 1416.357
3.080 0.51524 51.92777 0.27715 26.75511 0.32939 0.05149 0.32416 0.29496 1415.790
3.085 0.51515 51.86360 0.27677 26.71750 0.32959 0.05131 0.32454 0.29456 1415.224
3.090 0.51506 51.79955 0.27638 26.67998 0.32980 0.05113 0.32491 0.29415 1414.658
3.095 0.51498 51.73561 0.27599 26.64257 0.33001 0.05095 0.32529 0.29375 1414.093
3.100 0.51489 51.67178 0.27560 26.60526 0.33022 0.05077 0.32567 0.29335 1413.528
3.105 0.51480 51.60806 0.27522 26.56805 0.33042 0.05059 0.32604 0.29294 1412.964
3.110 0.51472 51.54445 0.27483 26.53093 0.33063 0.05041 0.32642 0.29254 1412.401
3.115 0.51464 51.48095 0.27445 26.49391 0.33083 0.05024 0.32679 0.29214 1411.838
3.120 0.51455 51.41756 0.27407 26.45699 0.33104 0.05006 0.32717 0.29174 1411.276
3.125 0.51447 51.35427 0.27369 26.42017 0.33124 0.04988 0.32754 0.29133 1410.714
3.130 0.51439 51.29110 0.27330 26.38344 0.33145 0.04971 0.32792 0.29093 1410.153
3.135 0.51430 51.22804 0.27293 26.34681 0.33165 0.04953 0.32829 0.29053 1409.592
3.140 0.51422 51.16508 0.27255 26.31028 0.33185 0.04936 0.32867 0.29012 1409.033
3.145 0.51414 51.10223 0.27217 26.27385 0.33206 0.04918 0.32904 0.28972 1408.473
3.150 0.51406 51.03949 0.27179 26.23750 0.33226 0.04901 0.32941 0.28932 1407.915
3.155 0.51398 50.97686 0.27142 26.20126 0.33246 0.04883 0.32979 0.28892 1407.356
3.160 0.51390 50.91434 0.27104 26.16511 0.33266 0.04866 0.33016 0.28851 1406.799
3.165 0.51383 50.85193 0.27067 26.12905 0.33286 0.04849 0.33054 0.28811 1406.242
3.170 0.51375 50.78962 0.27030 26.09309 0.33306 0.04832 0.33091 0.28771 1405.686
3.175 0.51367 50.72742 0.26993 26.05722 0.33326 0.04815 0.33128 0.28731 1405.130
3.180 0.51359 50.66533 0.26955 26.02145 0.33346 0.04798 0.33166 0.28690 1404.575
3.185 0.51352 50.60335 0.26919 25.98577 0.33366 0.04781 0.33203 0.28650 1404.020
3.190 0.51344 50.54147 0.26882 25.95019 0.33386 0.04764 0.33240 0.28610 1403.466
3.195 0.51337 50.47970 0.26845 25.91469 0.33406 0.04747 0.33278 0.28570 1402.913
3.200 0.51329 50.41804 0.26808 25.87929 0.33426 0.04730 0.33315 0.28530 1402.360
3.205 0.51322 50.35648 0.26772 25.84398 0.33446 0.04713 0.33352 0.28489 1401.808
3.210 0.51315 50.29503 0.26735 25.80877 0.33465 0.04696 0.33389 0.28449 1401.257
3.215 0.51307 50.23369 0.26699 25.77364 0.33485 0.04680 0.33427 0.28409 1400.706
3.220 0.51300 50.17245 0.26662 25.73861 0.33505 0.04663 0.33464 0.28369 1400.155
3.225 0.51293 50.11132 0.26626 25.70366 0.33524 0.04646 0.33501 0.28329 1399.605
3.230 0.51286 50.05029 0.26590 25.66881 0.33544 0.04630 0.33538 0.28289 1399.056
3.235 0.51279 49.98937 0.26554 25.63405 0.33563 0.04613 0.33575 0.28248 1398.508
3.240 0.51272 49.92856 0.26518 25.59938 0.33582 0.04597 0.33612 0.28208 1397.960
3.245 0.51265 49.86785 0.26482 25.56480 0.33602 0.04580 0.33650 0.28168 1397.412
3.250 0.51258 49.80725 0.26447 25.53031 0.33621 0.04564 0.33687 0.28128 1396.865
3.255 0.51251 49.74675 0.26411 25.49590 0.33640 0.04548 0.33724 0.28088 1396.319
3.260 0.51245 49.68635 0.26376 25.46159 0.33660 0.04532 0.33761 0.28048 1395.773
3.265 0.51238 49.62607 0.26340 25.42736 0.33679 0.04515 0.33798 0.28008 1395.228
3.270 0.51231 49.56588 0.26305 25.39323 0.33698 0.04499 0.33835 0.27968 1394.684
3.275 0.51225 49.50580 0.26269 25.35918 0.33717 0.04483 0.33872 0.27928 1394.140
3.280 0.51218 49.44582 0.26234 25.32522 0.33736 0.04467 0.33909 0.27888 1393.597
3.285 0.51212 49.38595 0.26199 25.29134 0.33755 0.04451 0.33946 0.27848 1393.054
3.290 0.51205 49.32618 0.26164 25.25756 0.33774 0.04435 0.33983 0.27808 1392.512
3.295 0.51199 49.26652 0.26129 25.22386 0.33793 0.04419 0.34020 0.27768 1391.970
3.300 0.51192 49.20696 0.26094 25.19025 0.33812 0.04403 0.34057 0.27728 1391.429
3.305 0.51186 49.14750 0.26060 25.15672 0.33831 0.04388 0.34094 0.27688 1390.889
3.310 0.51180 49.08815 0.26025 25.12328 0.33850 0.04372 0.34131 0.27648 1390.349
3.315 0.51174 49.02890 0.25991 25.08992 0.33868 0.04356 0.34168 0.27608 1389.810
3.320 0.51168 48.96975 0.25956 25.05666 0.33887 0.04341 0.34205 0.27568 1389.271
3.325 0.51162 48.91070 0.25922 25.02347 0.33906 0.04325 0.34242 0.27528 1388.733
3.330 0.51156 48.85176 0.25887 24.99037 0.33924 0.04309 0.34279 0.27488 1388.195
3.335 0.51150 48.79292 0.25853 24.95736 0.33943 0.04294 0.34315 0.27448 1387.658
3.340 0.51144 48.73418 0.25819 24.92443 0.33961 0.04278 0.34352 0.27408 1387.122
3.345 0.51138 48.67554 0.25785 24.89158 0.33980 0.04263 0.34389 0.27368 1386.586
3.350 0.51132 48.61701 0.25751 24.85882 0.33998 0.04248 0.34426 0.27328 1386.051
3.355 0.51126 48.55857 0.25717 24.82614 0.34017 0.04232 0.34463 0.27288 1385.517
3.360 0.51120 48.50024 0.25684 24.79355 0.34035 0.04217 0.34499 0.27249 1384.983
3.365 0.51115 48.44201 0.25650 24.76103 0.34053 0.04202 0.34536 0.27209 1384.449
3.370 0.51109 48.38388 0.25616 24.72860 0.34072 0.04187 0.34573 0.27169 1383.916
3.375 0.51104 48.32586 0.25583 24.69626 0.34090 0.04172 0.34610 0.27129 1383.384
3.380 0.51098 48.26793 0.25549 24.66399 0.34108 0.04157 0.34646 0.27089 1382.852
3.385 0.51093 48.21010 0.25516 24.63181 0.34126 0.04142 0.34683 0.27049 1382.321
3.390 0.51087 48.15238 0.25483 24.59971 0.34144 0.04127 0.34720 0.27010 1381.791
3.395 0.51082 48.09475 0.25450 24.56769 0.34162 0.04112 0.34756 0.26970 1381.261
3.400 0.51077 48.03723 0.25416 24.53575 0.34180 0.04097 0.34793 0.26930 1380.731
3.405 0.51071 47.97980 0.25383 24.50389 0.34198 0.04082 0.34830 0.26891 1380.202
3.410 0.51066 47.92248 0.25351 24.47211 0.34216 0.04067 0.34866 0.26851 1379.674
3.415 0.51061 47.86525 0.25318 24.44041 0.34234 0.04052 0.34903 0.26811 1379.147
3.420 0.51056 47.80812 0.25285 24.40880 0.34251 0.04038 0.34939 0.26772 1378.620
3.425 0.51051 47.75110 0.25252 24.37726 0.34269 0.04023 0.34976 0.26732 1378.093
3.430 0.51046 47.69417 0.25220 24.34580 0.34287 0.04009 0.35012 0.26692 1377.567
3.435 0.51041 47.63734 0.25187 24.31442 0.34305 0.03994 0.35049 0.26653 1377.042
3.440 0.51036 47.58061 0.25155 24.28312 0.34322 0.03979 0.35085 0.26613 1376.517
3.445 0.51031 47.52398 0.25122 24.25190 0.34340 0.03965 0.35122 0.26573 1375.993
3.450 0.51026 47.46745 0.25090 24.22076 0.34357 0.03951 0.35158 0.26534 1375.469
3.455 0.51021 47.41101 0.25058 24.18969 0.34375 0.03936 0.35195 0.26494 1374.946
3.460 0.51017 47.35468 0.25026 24.15871 0.34392 0.03922 0.35231 0.26455 1374.423
3.465 0.51012 47.29844 0.24994 24.12780 0.34409 0.03908 0.35268 0.26415 1373.902
3.470 0.51007 47.24230 0.24962 24.09697 0.34427 0.03893 0.35304 0.26376 1373.380
3.475 0.51003 47.18625 0.24930 24.06621 0.34444 0.03879 0.35340 0.26336 1372.859
3.480 0.50998 47.13031 0.24898 24.03554 0.34461 0.03865 0.35377 0.26297 1372.339
3.485 0.50994 47.07446 0.24867 24.00494 0.34479 0.03851 0.35413 0.26257 1371.819
3.490 0.50989 47.01871 0.24835 23.97441 0.34496 0.03837 0.35449 0.26218 1371.300
3.495 0.50985 46.96306 0.24803 23.94396 0.34513 0.03823 0.35486 0.26179 1370.782
3.500 0.50980 46.90750 0.24772 23.91359 0.34530 0.03809 0.35522 0.26139 1370.264
3.505 0.50976 46.85204 0.24741 23.88330 0.34547 0.03795 0.35558 0.26100 1369.747
3.510 0.50972 46.79668 0.24709 23.85307 0.34564 0.03781 0.35594 0.26060 1369.230
3.515 0.50968 46.74141 0.24678 23.82293 0.34581 0.03767 0.35631 0.26021 1368.713
3.520 0.50963 46.68624 0.24647 23.79286 0.34598 0.03754 0.35667 0.25982 1368.198
3.525 0.50959 46.63116 0.24616 23.76286 0.34615 0.03740 0.35703 0.25943 1367.683
3.530 0.50955 46.57618 0.24585 23.73294 0.34631 0.03726 0.35739 0.25903 1367.168
3.535 0.50951 46.52130 0.24554 23.70309 0.34648 0.03713 0.35775 0.25864 1366.654
3.540 0.50947 46.46651 0.24523 23.67332 0.34665 0.03699 0.35811 0.25825 1366.141
3.545 0.50943 46.41182 0.24492 23.64362 0.34681 0.03686 0.35848 0.25786 1365.628
3.550 0.50939 46.35722 0.24462 23.61400 0.34698 0.03672 0.35884 0.25746 1365.115
3.555 0.50935 46.30272 0.24431 23.58444 0.34715 0.03659 0.35920 0.25707 1364.604
3.560 0.50932 46.24831 0.24400 23.55496 0.34731 0.03645 0.35956 0.25668 1364.093
3.565 0.50928 46.19400 0.24370 23.52556 0.34748 0.03632 0.35992 0.25629 1363.582
3.570 0.50924 46.13978 0.24340 23.49622 0.34764 0.03618 0.36028 0.25590 1363.072
3.575 0.50920 46.08566 0.24309 23.46696 0.34780 0.03605 0.36064 0.25551 1362.562
3.580 0.50917 46.03163 0.24279 23.43777 0.34797 0.03592 0.36100 0.25512 1362.053
3.585 0.50913 45.97769 0.24249 23.40866 0.34813 0.03579 0.36136 0.25473 1361.545
3.590 0.50910 45.92385 0.24219 23.37961 0.34829 0.03566 0.36172 0.25434 1361.037
3.595 0.50906 45.87010 0.24189 23.35063 0.34845 0.03552 0.36208 0.25395 1360.530
3.600 0.50903 45.81645 0.24159 23.32173 0.34862 0.03539 0.36243 0.25356 1360.023
3.605 0.50899 45.76288 0.24129 23.29290 0.34878 0.03526 0.36279 0.25317 1359.517
3.610 0.50896 45.70942 0.24099 23.26414 0.34894 0.03513 0.36315 0.25278 1359.011
3.615 0.50892 45.65604 0.24069 23.23545 0.34910 0.03500 0.36351 0.25239 1358.506
3.620 0.50889 45.60276 0.24040 23.20683 0.34926 0.03488 0.36387 0.25200 1358.002
3.625 0.50886 45.54957 0.24010 23.17827 0.34942 0.03475 0.36423 0.25161 1357.498
3.630 0.50883 45.49647 0.23981 23.14979 0.34958 0.03462 0.36459 0.25122 1356.995
3.635 0.50879 45.44347 0.23951 23.12138 0.34973 0.03449 0.36494 0.25083 1356.492
3.640 0.50876 45.39055 0.23922 23.09304 0.34989 0.03436 0.36530 0.25044 1355.990
3.645 0.50873 45.33773 0.23893 23.06477 0.35005 0.03424 0.36566 0.25006 1355.488
3.650 0.50870 45.28500 0.23863 23.03656 0.35021 0.03411 0.36601 0.24967 1354.987
3.655 0.50867 45.23237 0.23834 23.00843 0.35036 0.03398 0.36637 0.24928 1354.486
3.660 0.50864 45.17982 0.23805 22.98036 0.35052 0.03386 0.36673 0.24889 1353.986
3.665 0.50861 45.12737 0.23776 22.95236 0.35068 0.03373 0.36708 0.24851 1353.486
3.670 0.50858 45.07500 0.23747 22.92443 0.35083 0.03361 0.36744 0.24812 1352.988
3.675 0.50856 45.02273 0.23718 22.89657 0.35099 0.03348 0.36780 0.24773 1352.489
3.680 0.50853 44.97055 0.23690 22.86877 0.35114 0.03336 0.36815 0.24735 1351.991
3.685 0.50850 44.91846 0.23661 22.84105 0.35129 0.03324 0.36851 0.24696 1351.494
3.690 0.50847 44.86646 0.23632 22.81339 0.35145 0.03311 0.36886 0.24658 1350.997
3.695 0.50845 44.81455 0.23604 22.78579 0.35160 0.03299 0.36922 0.24619 1350.501
3.700 0.50842 44.76273 0.23575 22.75827 0.35175 0.03287 0.36957 0.24581 1350.005
3.705 0.50839 44.71100 0.23547 22.73081 0.35190 0.03275 0.36993 0.24542 1349.510
