timeGa Urey Qt heat/H0 heatTW 1HPE 2HPE 3HPE 4HPE TempC
0.000 0.32000 36.00000 1.00000 11.52000 0.37200 0.01640 0.43000 0.18100 1351.850
0.005 0.32012 36.00000 1.00038 11.52436 0.37215 0.01647 0.42994 0.18143 1352.401
0.010 0.31997 36.05191 1.00136 11.53566 0.37207 0.01654 0.42963 0.18176 1352.954
0.015 0.31983 36.10396 1.00234 11.54699 0.37199 0.01661 0.42931 0.18209 1353.507
0.020 0.31968 36.15614 1.00333 11.55833 0.37192 0.01667 0.42900 0.18241 1354.061
0.025 0.31953 36.20844 1.00431 11.56970 0.37184 0.01674 0.42868 0.18274 1354.616
0.030 0.31938 36.26088 1.00530 11.58110 0.37176 0.01680 0.42837 0.18307 1355.172
0.035 0.31923 36.31346 1.00629 11.59252 0.37168 0.01687 0.42805 0.18340 1355.729
0.040 0.31909 36.36616 1.00729 11.60396 0.37161 0.01694 0.42773 0.18372 1356.286
0.045 0.31894 36.41900 1.00828 11.61542 0.37153 0.01700 0.42742 0.18405 1356.845
0.050 0.31879 36.47197 1.00928 11.62691 0.37145 0.01707 0.42710 0.18438 1357.405
0.055 0.31864 36.52508 1.01028 11.63843 0.37137 0.01714 0.42678 0.18471 1357.965
0.060 0.31849 36.57832 1.01128 11.64997 0.37129 0.01720 0.42647 0.18504 1358.527
0.065 0.31835 36.63169 1.01229 11.66153 0.37121 0.01727 0.42615 0.18537 1359.089
0.070 0.31820 36.68521 1.01329 11.67312 0.37113 0.01734 0.42583 0.18570 1359.653
0.075 0.31805 36.73885 1.01430 11.68473 0.37104 0.01741 0.42551 0.18603 1360.217
0.080 0.31790 36.79264 1.01531 11.69637 0.37096 0.01748 0.42520 0.18636 1360.782
0.085 0.31775 36.84656 1.01632 11.70803 0.37088 0.01755 0.42488 0.18670 1361.349
0.090 0.31760 36.90062 1.01734 11.71972 0.37080 0.01761 0.42456 0.18703 1361.916
0.095 0.31745 36.95482 1.01835 11.73143 0.37071 0.01768 0.42424 0.18736 1362.484
0.100 0.31730 37.00915 1.01937 11.74316 0.37063 0.01775 0.42392 0.18769 1363.053
0.105 0.31716 37.06363 1.02039 11.75492 0.37055 0.01782 0.42360 0.18803 1363.623
0.110 0.31701 37.11824 1.02142 11.76671 0.37046 0.01789 0.42328 0.18836 1364.194
0.115 0.31686 37.17300 1.02244 11.77852 0.37038 0.01796 0.42296 0.18869 1364.766
0.120 0.31671 37.22789 1.02347 11.79036 0.37029 0.01803 0.42264 0.18903 1365.339
0.125 0.31656 37.28293 1.02450 11.80222 0.37021 0.01811 0.42232 0.18936 1365.913
0.130 0.31641 37.33811 1.02553 11.81411 0.37012 0.01818 0.42200 0.18970 1366.488
0.135 0.31626 37.39343 1.02656 11.82602 0.37004 0.01825 0.42168 0.19003 1367.064
0.140 0.31611 37.44889 1.02760 11.83796 0.36995 0.01832 0.42136 0.19037 1367.641
0.145 0.31596 37.50449 1.02864 11.84992 0.36986 0.01839 0.42104 0.19071 1368.219
0.150 0.31581 37.56024 1.02968 11.86191 0.36978 0.01846 0.42072 0.19104 1368.798
0.155 0.31566 37.61614 1.03072 11.87392 0.36969 0.01854 0.42040 0.19138 1369.378
0.160 0.31551 37.67217 1.03177 11.88596 0.36960 0.01861 0.42007 0.19172 1369.959
0.165 0.31536 37.72836 1.03281 11.89803 0.36951 0.01868 0.41975 0.19206 1370.540
0.170 0.31521 37.78468 1.03386 11.91012 0.36942 0.01875 0.41943 0.19239 1371.123
0.175 0.31506 37.84116 1.03492 11.92224 0.36933 0.01883 0.41911 0.19273 1371.707
0.180 0.31491 37.89778 1.03597 11.93438 0.36924 0.01890 0.41878 0.19307 1372.292
0.185 0.31476 37.95455 1.03703 11.94655 0.36915 0.01898 0.41846 0.19341 1372.878
0.190 0.31461 38.01146 1.03809 11.95875 0.36906 0.01905 0.41814 0.19375 1373.465
0.195 0.31446 38.06853 1.03915 11.97097 0.36897 0.01912 0.41781 0.19409 1374.053
0.200 0.31431 38.12574 1.04021 11.98322 0.36888 0.01920 0.41749 0.19443 1374.641
0.205 0.31416 38.18310 1.04128 11.99550 0.36879 0.01927 0.41717 0.19477 1375.231
0.210 0.31401 38.24062 1.04234 12.00780 0.36870 0.01935 0.41684 0.19511 1375.822
0.215 0.31386 38.29828 1.04341 12.02013 0.36860 0.01942 0.41652 0.19545 1376.414
0.220 0.31370 38.35609 1.04449 12.03248 0.36851 0.01950 0.41619 0.19580 1377.007
0.225 0.31355 38.41406 1.04556 12.04487 0.36842 0.01958 0.41587 0.19614 1377.601
0.230 0.31340 38.47218 1.04664 12.05728 0.36832 0.01965 0.41554 0.19648 1378.196
0.235 0.31325 38.53045 1.04772 12.06971 0.36823 0.01973 0.41522 0.19682 1378.792
0.240 0.31310 38.58887 1.04880 12.08218 0.36813 0.01981 0.41489 0.19717 1379.389
0.245 0.31295 38.64744 1.04988 12.09467 0.36804 0.01988 0.41457 0.19751 1379.987
0.250 0.31280 38.70618 1.05097 12.10718 0.36794 0.01996 0.41424 0.19785 1380.587
0.255 0.31265 38.76506 1.05206 12.11973 0.36785 0.02004 0.41391 0.19820 1381.187
0.260 0.31249 38.82410 1.05315 12.13230 0.36775 0.02012 0.41359 0.19854 1381.788
0.265 0.31234 38.88330 1.05424 12.14490 0.36765 0.02020 0.41326 0.19889 1382.390
0.270 0.31219 38.94265 1.05534 12.15753 0.36756 0.02027 0.41293 0.19923 1382.994
0.275 0.31204 39.00216 1.05644 12.17018 0.36746 0.02035 0.41261 0.19958 1383.598
0.280 0.31189 39.06183 1.05754 12.18287 0.36736 0.02043 0.41228 0.19993 1384.204
0.285 0.31173 39.12166 1.05864 12.19558 0.36726 0.02051 0.41195 0.20027 1384.810
0.290 0.31158 39.18164 1.05975 12.20832 0.36716 0.02059 0.41162 0.20062 1385.418
0.295 0.31143 39.24179 1.06086 12.22108 0.36707 0.02067 0.41129 0.20097 1386.026
0.300 0.31128 39.30209 1.06197 12.23388 0.36697 0.02075 0.41097 0.20132 1386.636
0.305 0.31113 39.36256 1.06308 12.24670 0.36687 0.02083 0.41064 0.20166 1387.247
0.310 0.31097 39.42318 1.06420 12.25955 0.36677 0.02091 0.41031 0.20201 1387.859
0.315 0.31082 39.48397 1.06532 12.27243 0.36666 0.02100 0.40998 0.20236 1388.472
0.320 0.31067 39.54492 1.06644 12.28534 0.36656 0.02108 0.40965 0.20271 1389.086
0.325 0.31052 39.60603 1.06756 12.29827 0.36646 0.02116 0.40932 0.20306 1389.701
0.330 0.31036 39.66731 1.06868 12.31124 0.36636 0.02124 0.40899 0.20341 1390.317
0.335 0.31021 39.72875 1.06981 12.32423 0.36626 0.02132 0.40866 0.20376 1390.934
0.340 0.31006 39.79036 1.07094 12.33725 0.36615 0.02141 0.40833 0.20411 1391.553
0.345 0.30990 39.85213 1.07207 12.35030 0.36605 0.02149 0.40800 0.20446 1392.172
0.350 0.30975 39.91406 1.07321 12.36338 0.36595 0.02157 0.40767 0.20481 1392.793
0.355 0.30960 39.97617 1.07435 12.37649 0.36584 0.02166 0.40734 0.20516 1393.415
0.360 0.30944 40.03844 1.07549 12.38963 0.36574 0.02174 0.40701 0.20552 1394.037
0.365 0.30929 40.10088 1.07663 12.40280 0.36563 0.02182 0.40668 0.20587 1394.661
0.370 0.30914 40.16348 1.07778 12.41599 0.36553 0.02191 0.40634 0.20622 1395.286
0.375 0.30898 40.22626 1.07893 12.42922 0.36542 0.02199 0.40601 0.20657 1395.913
0.380 0.30883 40.28921 1.08008 12.44247 0.36532 0.02208 0.40568 0.20693 1396.540
0.385 0.30868 40.35232 1.08123 12.45576 0.36521 0.02216 0.40535 0.20728 1397.168
0.390 0.30852 40.41561 1.08238 12.46907 0.36510 0.02225 0.40501 0.20763 1397.798
0.395 0.30837 40.47907 1.08354 12.48241 0.36499 0.02233 0.40468 0.20799 1398.428
0.400 0.30821 40.54270 1.08470 12.49579 0.36489 0.02242 0.40435 0.20834 1399.060
0.405 0.30806 40.60650 1.08587 12.50919 0.36478 0.02251 0.40402 0.20870 1399.693
0.410 0.30790 40.67048 1.08703 12.52262 0.36467 0.02259 0.40368 0.20905 1400.327
0.415 0.30775 40.73463 1.08820 12.53609 0.36456 0.02268 0.40335 0.20941 1400.962
0.420 0.30760 40.79896 1.08937 12.54958 0.36445 0.02277 0.40301 0.20977 1401.599
0.425 0.30744 40.86346 1.09055 12.56311 0.36434 0.02286 0.40268 0.21012 1402.236
0.430 0.30729 40.92814 1.09172 12.57666 0.36423 0.02294 0.40235 0.21048 1402.875
0.435 0.30713 40.99299 1.09290 12.59024 0.36412 0.02303 0.40201 0.21084 1403.515
0.440 0.30698 41.05802 1.09409 12.60386 0.36401 0.02312 0.40168 0.21119 1404.155
0.445 0.30682 41.12323 1.09527 12.61751 0.36390 0.02321 0.40134 0.21155 1404.798
0.450 0.30667 41.18862 1.09646 12.63118 0.36378 0.02330 0.40101 0.21191 1405.441
0.455 0.30651 41.25419 1.09765 12.64489 0.36367 0.02339 0.40067 0.21227 1406.085
0.460 0.30636 41.31994 1.09884 12.65863 0.36356 0.02348 0.40033 0.21263 1406.731
0.465 0.30620 41.38587 1.10003 12.67240 0.36344 0.02357 0.40000 0.21299 1407.378
0.470 0.30605 41.45198 1.10123 12.68620 0.36333 0.02366 0.39966 0.21335 1408.026
0.475 0.30589 41.51827 1.10243 12.70003 0.36322 0.02375 0.39933 0.21371 1408.675
0.480 0.30573 41.58475 1.10364 12.71389 0.36310 0.02384 0.39899 0.21407 1409.325
0.485 0.30558 41.65141 1.10484 12.72779 0.36299 0.02393 0.39865 0.21443 1409.977
0.490 0.30542 41.71825 1.10605 12.74171 0.36287 0.02403 0.39832 0.21479 1410.629
0.495 0.30527 41.78528 1.10726 12.75567 0.36275 0.02412 0.39798 0.21515 1411.283
0.500 0.30511 41.85250 1.10848 12.76966 0.36264 0.02421 0.39764 0.21551 1411.938
0.505 0.30495 41.91990 1.10969 12.78368 0.36252 0.02430 0.39730 0.21587 1412.595
0.510 0.30480 41.98749 1.11091 12.79773 0.36240 0.02440 0.39696 0.21623 1413.252
0.515 0.30464 42.05527 1.11214 12.81182 0.36229 0.02449 0.39663 0.21660 1413.911
0.520 0.30449 42.12323 1.11336 12.82594 0.36217 0.02458 0.39629 0.21696 1414.571
0.525 0.30433 42.19139 1.11459 12.84008 0.36205 0.02468 0.39595 0.21732 1415.232
0.530 0.30417 42.25973 1.11582 12.85427 0.36193 0.02477 0.39561 0.21769 1415.894
0.535 0.30402 42.32826 1.11706 12.86848 0.36181 0.02487 0.39527 0.21805 1416.558
0.540 0.30386 42.39699 1.11829 12.88273 0.36169 0.02496 0.39493 0.21841 1417.223
0.545 0.30370 42.46591 1.11953 12.89700 0.36157 0.02506 0.39459 0.21878 1417.889
0.550 0.30355 42.53502 1.12077 12.91132 0.36145 0.02515 0.39425 0.21914 1418.556
0.555 0.30339 42.60433 1.12202 12.92566 0.36133 0.02525 0.39391 0.21951 1419.225
0.560 0.30323 42.67383 1.12327 12.94004 0.36121 0.02535 0.39357 0.21987 1419.895
0.565 0.30307 42.74352 1.12452 12.95445 0.36109 0.02544 0.39323 0.22024 1420.566
0.570 0.30292 42.81342 1.12577 12.96889 0.36096 0.02554 0.39289 0.22061 1421.238
0.575 0.30276 42.88350 1.12703 12.98337 0.36084 0.02564 0.39255 0.22097 1421.911
0.580 0.30260 42.95379 1.12829 12.99788 0.36072 0.02574 0.39221 0.22134 1422.586
0.585 0.30244 43.02427 1.12955 13.01242 0.36059 0.02583 0.39187 0.22171 1423.262
0.590 0.30229 43.09496 1.13082 13.02700 0.36047 0.02593 0.39153 0.22207 1423.940
0.595 0.30213 43.16584 1.13208 13.04161 0.36034 0.02603 0.39118 0.22244 1424.618
0.600 0.30197 43.23692 1.13335 13.05625 0.36022 0.02613 0.39084 0.22281 1425.298
0.605 0.30181 43.30821 1.13463 13.07093 0.36009 0.02623 0.39050 0.22318 1425.979
0.610 0.30165 43.37969 1.13591 13.08564 0.35997 0.02633 0.39016 0.22355 1426.661
0.615 0.30150 43.45138 1.13719 13.10038 0.35984 0.02643 0.38981 0.22391 1427.345
0.620 0.30134 43.52328 1.13847 13.11516 0.35971 0.02653 0.38947 0.22428 1428.030
0.625 0.30118 43.59537 1.13976 13.12998 0.35959 0.02663 0.38913 0.22465 1428.716
0.630 0.30102 43.66768 1.14104 13.14483 0.35946 0.02673 0.38879 0.22502 1429.404
0.635 0.30086 43.74019 1.14234 13.15971 0.35933 0.02683 0.38844 0.22539 1430.093
0.640 0.30070 43.81290 1.14363 13.17463 0.35920 0.02694 0.38810 0.22576 1430.783
0.645 0.30054 43.88583 1.14493 13.18958 0.35907 0.02704 0.38775 0.22613 1431.474
0.650 0.30038 43.95896 1.14623 13.20457 0.35894 0.02714 0.38741 0.22651 1432.167
0.655 0.30022 44.03230 1.14753 13.21959 0.35881 0.02724 0.38707 0.22688 1432.861
0.660 0.30007 44.10586 1.14884 13.23464 0.35868 0.02735 0.38672 0.22725 1433.557
0.665 0.29991 44.17962 1.15015 13.24974 0.35855 0.02745 0.38638 0.22762 1434.253
0.670 0.29975 44.25360 1.15146 13.26486 0.35842 0.02756 0.38603 0.22799 1434.951
0.675 0.29959 44.32778 1.15278 13.28002 0.35829 0.02766 0.38569 0.22837 1435.651
0.680 0.29943 44.40219 1.15410 13.29522 0.35816 0.02776 0.38534 0.22874 1436.351
0.685 0.29927 44.47680 1.15542 13.31046 0.35803 0.02787 0.38499 0.22911 1437.053
0.690 0.29911 44.55163 1.15675 13.32572 0.35789 0.02798 0.38465 0.22948 1437.757
0.695 0.29895 44.62668 1.15808 13.34103 0.35776 0.02808 0.38430 0.22986 1438.462
0.700 0.29879 44.70194 1.15941 13.35637 0.35763 0.02819 0.38396 0.23023 1439.168
0.705 0.29863 44.77743 1.16074 13.37175 0.35749 0.02829 0.38361 0.23061 1439.875
0.710 0.29847 44.85313 1.16208 13.38716 0.35736 0.02840 0.38326 0.23098 1440.584
0.715 0.29831 44.92905 1.16342 13.40261 0.35722 0.02851 0.38292 0.23136 1441.294
0.720 0.29815 45.00519 1.16477 13.41809 0.35709 0.02862 0.38257 0.23173 1442.006
0.725 0.29798 45.08155 1.16611 13.43361 0.35695 0.02872 0.38222 0.23211 1442.718
0.730 0.29782 45.15814 1.16746 13.44917 0.35681 0.02883 0.38187 0.23248 1443.433
0.735 0.29766 45.23495 1.16882 13.46477 0.35668 0.02894 0.38152 0.23286 1444.148
0.740 0.29750 45.31198 1.17017 13.48040 0.35654 0.02905 0.38118 0.23323 1444.865
0.745 0.29734 45.38923 1.17153 13.49607 0.35640 0.02916 0.38083 0.23361 1445.584
0.750 0.29718 45.46672 1.17290 13.51177 0.35626 0.02927 0.38048 0.23399 1446.304
0.755 0.29702 45.54443 1.17426 13.52752 0.35612 0.02938 0.38013 0.23437 1447.025
0.760 0.29686 45.62236 1.17563 13.54330 0.35598 0.02949 0.37978 0.23474 1447.747
0.765 0.29669 45.70053 1.17701 13.55911 0.35584 0.02960 0.37943 0.23512 1448.471
0.770 0.29653 45.77892 1.17838 13.57497 0.35570 0.02971 0.37908 0.23550 1449.197
0.775 0.29637 45.85755 1.17976 13.59086 0.35556 0.02982 0.37873 0.23588 1449.924
0.780 0.29621 45.93641 1.18115 13.60679 0.35542 0.02994 0.37838 0.23626 1450.652
0.785 0.29605 46.01549 1.18253 13.62276 0.35528 0.03005 0.37803 0.23663 1451.382
0.790 0.29589 46.09482 1.18392 13.63877 0.35514 0.03016 0.37768 0.23701 1452.113
0.795 0.29572 46.17437 1.18531 13.65481 0.35500 0.03028 0.37733 0.23739 1452.845
0.800 0.29556 46.25417 1.18671 13.67089 0.35486 0.03039 0.37698 0.23777 1453.579
0.805 0.29540 46.33419 1.18811 13.68701 0.35471 0.03050 0.37663 0.23815 1454.315
0.810 0.29524 46.41446 1.18951 13.70317 0.35457 0.03062 0.37628 0.23853 1455.051
0.815 0.29507 46.49496 1.19092 13.71937 0.35442 0.03073 0.37593 0.23891 1455.790
0.820 0.29491 46.57570 1.19233 13.73561 0.35428 0.03085 0.37558 0.23929 1456.529
0.825 0.29475 46.65668 1.19374 13.75188 0.35413 0.03096 0.37523 0.23967 1457.271
0.830 0.29458 46.73791 1.19516 13.76820 0.35399 0.03108 0.37488 0.24006 1458.013
0.835 0.29442 46.81937 1.19658 13.78455 0.35384 0.03120 0.37452 0.24044 1458.757
0.840 0.29426 46.90108 1.19800 13.80094 0.35370 0.03131 0.37417 0.24082 1459.503
0.845 0.29409 46.98303 1.19942 13.81738 0.35355 0.03143 0.37382 0.24120 1460.250
0.850 0.29393 47.06523 1.20085 13.83385 0.35340 0.03155 0.37347 0.24158 1460.999
0.855 0.29377 47.14767 1.20229 13.85036 0.35326 0.03167 0.37311 0.24197 1461.749
0.860 0.29360 47.23036 1.20372 13.86691 0.35311 0.03178 0.37276 0.24235 1462.500
0.865 0.29344 47.31329 1.20516 13.88350 0.35296 0.03190 0.37241 0.24273 1463.253
0.870 0.29327 47.39648 1.20661 13.90013 0.35281 0.03202 0.37205 0.24311 1464.008
0.875 0.29311 47.47991 1.20806 13.91680 0.35266 0.03214 0.37170 0.24350 1464.764
0.880 0.29294 47.56360 1.20951 13.93351 0.35251 0.03226 0.37135 0.24388 1465.521
0.885 0.29278 47.64754 1.21096 13.95026 0.35236 0.03238 0.37099 0.24427 1466.280
0.890 0.29262 47.73173 1.21242 13.96705 0.35221 0.03250 0.37064 0.24465 1467.041
0.895 0.29245 47.81618 1.21388 13.98388 0.35206 0.03262 0.37028 0.24504 1467.803
0.900 0.29229 47.90088 1.21534 14.00076 0.35191 0.03275 0.36993 0.24542 1468.567
0.905 0.29212 47.98584 1.21681 14.01767 0.35175 0.03287 0.36957 0.24580 1469.332
0.910 0.29196 48.07105 1.21828 14.03463 0.35160 0.03299 0.36922 0.24619 1470.099
0.915 0.29179 48.15653 1.21976 14.05162 0.35145 0.03311 0.36886 0.24658 1470.867
0.920 0.29163 48.24226 1.22124 14.06866 0.35130 0.03324 0.36851 0.24696 1471.637
0.925 0.29146 48.32825 1.22272 14.08574 0.35114 0.03336 0.36815 0.24735 1472.408
0.930 0.29129 48.41451 1.22421 14.10286 0.35099 0.03348 0.36780 0.24773 1473.181
0.935 0.29113 48.50103 1.22570 14.12002 0.35083 0.03361 0.36744 0.24812 1473.955
0.940 0.29096 48.58781 1.22719 14.13722 0.35068 0.03373 0.36708 0.24851 1474.731
0.945 0.29080 48.67485 1.22869 14.15447 0.35052 0.03386 0.36673 0.24889 1475.509
0.950 0.29063 48.76217 1.23019 14.17175 0.35037 0.03398 0.36637 0.24928 1476.288
0.955 0.29046 48.84975 1.23169 14.18908 0.35021 0.03411 0.36601 0.24967 1477.069
0.960 0.29030 48.93759 1.23320 14.20646 0.35005 0.03424 0.36566 0.25006 1477.851
0.965 0.29013 49.02571 1.23471 14.22387 0.34989 0.03436 0.36530 0.25044 1478.635
0.970 0.28996 49.11410 1.23623 14.24133 0.34974 0.03449 0.36494 0.25083 1479.421
0.975 0.28980 49.20276 1.23775 14.25883 0.34958 0.03462 0.36458 0.25122 1480.208
0.980 0.28963 49.29169 1.23927 14.27637 0.34942 0.03475 0.36423 0.25161 1480.997
0.985 0.28946 49.38090 1.24079 14.29396 0.34926 0.03487 0.36387 0.25200 1481.787
0.990 0.28930 49.47038 1.24232 14.31158 0.34910 0.03500 0.36351 0.25239 1482.579
0.995 0.28913 49.56014 1.24386 14.32926 0.34894 0.03513 0.36315 0.25278 1483.373
1.000 0.28896 49.65018 1.24540 14.34697 0.34878 0.03526 0.36279 0.25317 1484.168
1.005 0.28879 49.74049 1.24694 14.36473 0.34862 0.03539 0.36243 0.25356 1484.965
1.010 0.28863 49.83109 1.24848 14.38253 0.34846 0.03552 0.36207 0.25394 1485.763
1.015 0.28846 49.92196 1.25003 14.40038 0.34829 0.03565 0.36172 0.25433 1486.563
1.020 0.28829 50.01312 1.25159 14.41827 0.34813 0.03579 0.36136 0.25473 1487.365
1.025 0.28812 50.10456 1.25314 14.43620 0.34797 0.03592 0.36100 0.25512 1488.169
1.030 0.28795 50.19629 1.25470 14.45418 0.34781 0.03605 0.36064 0.25551 1488.974
1.035 0.28778 50.28830 1.25627 14.47221 0.34764 0.03618 0.36028 0.25590 1489.780
1.040 0.28762 50.38060 1.25784 14.49027 0.34748 0.03632 0.35992 0.25629 1490.589
1.045 0.28745 50.47319 1.25941 14.50839 0.34731 0.03645 0.35956 0.25668 1491.399
1.050 0.28728 50.56606 1.26098 14.52654 0.34715 0.03659 0.35920 0.25707 1492.211
1.055 0.28711 50.65923 1.26256 14.54475 0.34698 0.03672 0.35883 0.25746 1493.024
1.060 0.28694 50.75269 1.26415 14.56299 0.34682 0.03685 0.35847 0.25786 1493.840
1.065 0.28677 50.84645 1.26574 14.58129 0.34665 0.03699 0.35811 0.25825 1494.656
1.070 0.28660 50.94049 1.26733 14.59963 0.34648 0.03713 0.35775 0.25864 1495.475
1.075 0.28643 51.03484 1.26892 14.61801 0.34632 0.03726 0.35739 0.25903 1496.295
1.080 0.28626 51.12948 1.27052 14.63644 0.34615 0.03740 0.35703 0.25942 1497.117
1.085 0.28609 51.22442 1.27213 14.65491 0.34598 0.03754 0.35667 0.25982 1497.941
1.090 0.28592 51.31966 1.27374 14.67344 0.34581 0.03767 0.35630 0.26021 1498.767
1.095 0.28575 51.41520 1.27535 14.69200 0.34564 0.03781 0.35594 0.26060 1499.594
1.100 0.28558 51.51104 1.27696 14.71062 0.34547 0.03795 0.35558 0.26100 1500.423
1.105 0.28541 51.60719 1.27858 14.72928 0.34530 0.03809 0.35522 0.26139 1501.254
1.110 0.28524 51.70364 1.28021 14.74799 0.34513 0.03823 0.35485 0.26179 1502.086
1.115 0.28507 51.80040 1.28183 14.76674 0.34496 0.03837 0.35449 0.26218 1502.920
1.120 0.28490 51.89746 1.28347 14.78554 0.34479 0.03851 0.35413 0.26257 1503.756
1.125 0.28473 51.99484 1.28510 14.80439 0.34462 0.03865 0.35377 0.26297 1504.594
1.130 0.28456 52.09252 1.28674 14.82328 0.34444 0.03879 0.35340 0.26336 1505.433
1.135 0.28439 52.19052 1.28839 14.84223 0.34427 0.03893 0.35304 0.26376 1506.275
1.140 0.28421 52.28883 1.29004 14.86122 0.34410 0.03908 0.35267 0.26415 1507.118
1.145 0.28404 52.38745 1.29169 14.88025 0.34392 0.03922 0.35231 0.26455 1507.963
1.150 0.28387 52.48640 1.29335 14.89934 0.34375 0.03936 0.35195 0.26494 1508.809
1.155 0.28370 52.58565 1.29501 14.91847 0.34357 0.03951 0.35158 0.26534 1509.658
1.160 0.28353 52.68523 1.29667 14.93766 0.34340 0.03965 0.35122 0.26573 1510.508
1.165 0.28335 52.78512 1.29834 14.95689 0.34322 0.03979 0.35085 0.26613 1511.360
1.170 0.28318 52.88534 1.30001 14.97616 0.34305 0.03994 0.35049 0.26653 1512.214
1.175 0.28301 52.98588 1.30169 14.99549 0.34287 0.04008 0.35012 0.26692 1513.070
1.180 0.28284 53.08675 1.30337 15.01487 0.34269 0.04023 0.34976 0.26732 1513.927
1.185 0.28266 53.18794 1.30506 15.03429 0.34252 0.04038 0.34939 0.26771 1514.787
1.190 0.28249 53.28946 1.30675 15.05377 0.34234 0.04052 0.34903 0.26811 1515.648
1.195 0.28232 53.39130 1.30845 15.07329 0.34216 0.04067 0.34866 0.26851 1516.511
1.200 0.28214 53.49348 1.31014 15.09286 0.34198 0.04082 0.34829 0.26891 1517.376
1.205 0.28197 53.59599 1.31185 15.11249 0.34180 0.04097 0.34793 0.26930 1518.243
1.210 0.28180 53.69883 1.31356 15.13216 0.34162 0.04112 0.34756 0.26970 1519.112
1.215 0.28162 53.80200 1.31527 15.15188 0.34144 0.04127 0.34720 0.27010 1519.983
1.220 0.28145 53.90552 1.31698 15.17165 0.34126 0.04141 0.34683 0.27049 1520.855
1.225 0.28127 54.00936 1.31870 15.19148 0.34108 0.04156 0.34646 0.27089 1521.730
1.230 0.28110 54.11355 1.32043 15.21135 0.34090 0.04172 0.34609 0.27129 1522.606
1.235 0.28093 54.21808 1.32216 15.23127 0.34072 0.04187 0.34573 0.27169 1523.484
1.240 0.28075 54.32295 1.32389 15.25125 0.34053 0.04202 0.34536 0.27209 1524.364
1.245 0.28058 54.42817 1.32563 15.27127 0.34035 0.04217 0.34499 0.27248 1525.246
1.250 0.28040 54.53373 1.32737 15.29135 0.34017 0.04232 0.34463 0.27288 1526.130
1.255 0.28023 54.63963 1.32912 15.31148 0.33998 0.04248 0.34426 0.27328 1527.016
1.260 0.28005 54.74589 1.33087 15.33166 0.33980 0.04263 0.34389 0.27368 1527.904
1.265 0.27988 54.85249 1.33263 15.35189 0.33962 0.04278 0.34352 0.27408 1528.794
1.270 0.27970 54.95945 1.33439 15.37217 0.33943 0.04294 0.34315 0.27448 1529.685
1.275 0.27952 55.06676 1.33616 15.39251 0.33925 0.04309 0.34278 0.27488 1530.579
1.280 0.27935 55.17442 1.33792 15.41289 0.33906 0.04325 0.34242 0.27528 1531.475
1.285 0.27917 55.28244 1.33970 15.43333 0.33887 0.04340 0.34205 0.27568 1532.372
1.290 0.27900 55.39082 1.34148 15.45382 0.33869 0.04356 0.34168 0.27608 1533.272
1.295 0.27882 55.49956 1.34326 15.47437 0.33850 0.04372 0.34131 0.27648 1534.174
1.300 0.27864 55.60866 1.34505 15.49497 0.33831 0.04388 0.34094 0.27688 1535.077
1.305 0.27847 55.71812 1.34684 15.51562 0.33812 0.04403 0.34057 0.27727 1535.983
1.310 0.27829 55.82794 1.34864 15.53632 0.33793 0.04419 0.34020 0.27767 1536.890
1.315 0.27811 55.93813 1.35044 15.55708 0.33774 0.04435 0.33983 0.27808 1537.800
1.320 0.27793 56.04869 1.35225 15.57789 0.33755 0.04451 0.33946 0.27848 1538.712
1.325 0.27776 56.15962 1.35406 15.59875 0.33736 0.04467 0.33909 0.27888 1539.625
1.330 0.27758 56.27092 1.35587 15.61967 0.33717 0.04483 0.33872 0.27928 1540.541
1.335 0.27740 56.38260 1.35769 15.64064 0.33698 0.04499 0.33835 0.27968 1541.459
1.340 0.27722 56.49464 1.35952 15.66167 0.33679 0.04515 0.33798 0.28008 1542.378
1.345 0.27705 56.60707 1.36135 15.68275 0.33660 0.04531 0.33761 0.28048 1543.300
1.350 0.27687 56.71987 1.36318 15.70388 0.33641 0.04548 0.33724 0.28088 1544.224
1.355 0.27669 56.83305 1.36502 15.72507 0.33621 0.04564 0.33687 0.28128 1545.150
1.360 0.27651 56.94662 1.36687 15.74632 0.33602 0.04580 0.33650 0.28168 1546.078
1.365 0.27633 57.06056 1.36872 15.76762 0.33583 0.04597 0.33612 0.28208 1547.008
1.370 0.27615 57.17489 1.37057 15.78897 0.33563 0.04613 0.33575 0.28248 1547.941
1.375 0.27597 57.28961 1.37243 15.81038 0.33544 0.04630 0.33538 0.28288 1548.875
1.380 0.27579 57.40472 1.37429 15.83185 0.33524 0.04646 0.33501 0.28329 1549.811
1.385 0.27561 57.52022 1.37616 15.85337 0.33505 0.04663 0.33464 0.28369 1550.750
1.390 0.27543 57.63611 1.37803 15.87495 0.33485 0.04679 0.33426 0.28409 1551.691
1.395 0.27525 57.75239 1.37991 15.89658 0.33465 0.04696 0.33389 0.28449 1552.634
1.400 0.27507 57.86907 1.38179 15.91828 0.33446 0.04713 0.33352 0.28489 1553.579
1.405 0.27489 57.98615 1.38368 15.94002 0.33426 0.04730 0.33315 0.28529 1554.526
1.410 0.27471 58.10363 1.38558 15.96183 0.33406 0.04747 0.33277 0.28570 1555.475
1.415 0.27453 58.22150 1.38747 15.98369 0.33386 0.04764 0.33240 0.28610 1556.426
1.420 0.27435 58.33979 1.38938 16.00561 0.33367 0.04780 0.33203 0.28650 1557.380
1.425 0.27417 58.45847 1.39128 16.02759 0.33347 0.04797 0.33166 0.28690 1558.336
1.430 0.27399 58.57757 1.39320 16.04962 0.33327 0.04815 0.33128 0.28731 1559.294
1.435 0.27381 58.69707 1.39511 16.07171 0.33307 0.04832 0.33091 0.28771 1560.254
1.440 0.27363 58.81699 1.39704 16.09386 0.33287 0.04849 0.33053 0.28811 1561.216
1.445 0.27344 58.93732 1.39896 16.11607 0.33267 0.04866 0.33016 0.28851 1562.181
1.450 0.27326 59.05806 1.40090 16.13834 0.33246 0.04883 0.32979 0.28892 1563.148
1.455 0.27308 59.17922 1.40284 16.16066 0.33226 0.04901 0.32941 0.28932 1564.117
1.460 0.27290 59.30080 1.40478 16.18304 0.33206 0.04918 0.32904 0.28972 1565.088
1.465 0.27271 59.42280 1.40673 16.20549 0.33186 0.04936 0.32866 0.29012 1566.061
1.470 0.27253 59.54522 1.40868 16.22799 0.33165 0.04953 0.32829 0.29053 1567.037
1.475 0.27235 59.66807 1.41064 16.25055 0.33145 0.04971 0.32792 0.29093 1568.015
1.480 0.27217 59.79134 1.41260 16.27317 0.33125 0.04988 0.32754 0.29133 1568.996
1.485 0.27198 59.91504 1.41457 16.29585 0.33104 0.05006 0.32717 0.29174 1569.978
1.490 0.27180 60.03918 1.41654 16.31859 0.33084 0.05023 0.32679 0.29214 1570.963
1.495 0.27162 60.16375 1.41852 16.34139 0.33063 0.05041 0.32642 0.29254 1571.950
1.500 0.27143 60.28875 1.42051 16.36425 0.33042 0.05059 0.32604 0.29294 1572.939
1.505 0.27125 60.41419 1.42250 16.38717 0.33022 0.05077 0.32566 0.29335 1573.931
1.510 0.27106 60.54007 1.42449 16.41016 0.33001 0.05095 0.32529 0.29375 1574.925
1.515 0.27088 60.66639 1.42649 16.43320 0.32980 0.05113 0.32491 0.29415 1575.922
1.520 0.27069 60.79315 1.42850 16.45630 0.32960 0.05131 0.32454 0.29456 1576.920
1.525 0.27051 60.92036 1.43051 16.47947 0.32939 0.05149 0.32416 0.29496 1577.921
1.530 0.27032 61.04802 1.43253 16.50270 0.32918 0.05167 0.32379 0.29536 1578.925
1.535 0.27014 61.17612 1.43455 16.52599 0.32897 0.05185 0.32341 0.29577 1579.931
1.540 0.26995 61.30468 1.43657 16.54934 0.32876 0.05204 0.32303 0.29617 1580.939
1.545 0.26977 61.43370 1.43861 16.57275 0.32855 0.05222 0.32266 0.29657 1581.949
1.550 0.26958 61.56317 1.44064 16.59623 0.32834 0.05240 0.32228 0.29698 1582.962
1.555 0.26939 61.69309 1.44269 16.61977 0.32813 0.05259 0.32190 0.29738 1583.978
1.560 0.26921 61.82348 1.44474 16.64337 0.32792 0.05277 0.32153 0.29778 1584.995
1.565 0.26902 61.95434 1.44679 16.66703 0.32771 0.05296 0.32115 0.29819 1586.015
1.570 0.26883 62.08565 1.44885 16.69076 0.32750 0.05314 0.32077 0.29859 1587.038
1.575 0.26865 62.21744 1.45092 16.71455 0.32728 0.05333 0.32039 0.29900 1588.063
1.580 0.26846 62.34970 1.45299 16.73841 0.32707 0.05351 0.32002 0.29940 1589.090
1.585 0.26827 62.48243 1.45506 16.76232 0.32686 0.05370 0.31964 0.29980 1590.120
1.590 0.26808 62.61563 1.45714 16.78631 0.32664 0.05389 0.31926 0.30021 1591.153
1.595 0.26790 62.74931 1.45923 16.81036 0.32643 0.05408 0.31888 0.30061 1592.187
1.600 0.26771 62.88347 1.46133 16.83447 0.32621 0.05427 0.31851 0.30101 1593.225
1.605 0.26752 63.01811 1.46342 16.85864 0.32600 0.05446 0.31813 0.30142 1594.264
1.610 0.26733 63.15323 1.46553 16.88289 0.32578 0.05465 0.31775 0.30182 1595.307
1.615 0.26714 63.28884 1.46764 16.90719 0.32557 0.05484 0.31737 0.30222 1596.351
1.620 0.26695 63.42494 1.46975 16.93157 0.32535 0.05503 0.31699 0.30263 1597.399
1.625 0.26677 63.56154 1.47188 16.95600 0.32513 0.05522 0.31661 0.30303 1598.449
1.630 0.26658 63.69862 1.47400 16.98051 0.32491 0.05541 0.31624 0.30343 1599.501
1.635 0.26639 63.83620 1.47614 17.00508 0.32470 0.05561 0.31586 0.30384 1600.556
1.640 0.26620 63.97428 1.47827 17.02972 0.32448 0.05580 0.31548 0.30424 1601.613
1.645 0.26601 64.11286 1.48042 17.05442 0.32426 0.05600 0.31510 0.30465 1602.673
1.650 0.26582 64.25195 1.48257 17.07919 0.32404 0.05619 0.31472 0.30505 1603.736
1.655 0.26563 64.39154 1.48472 17.10403 0.32382 0.05639 0.31434 0.30545 1604.801
1.660 0.26543 64.53163 1.48689 17.12893 0.32360 0.05658 0.31396 0.30586 1605.869
1.665 0.26524 64.67224 1.48905 17.15390 0.32338 0.05678 0.31358 0.30626 1606.939
1.670 0.26505 64.81337 1.49123 17.17894 0.32316 0.05698 0.31320 0.30666 1608.012
1.675 0.26486 64.95501 1.49341 17.20405 0.32294 0.05717 0.31282 0.30707 1609.088
1.680 0.26467 65.09716 1.49559 17.22923 0.32272 0.05737 0.31244 0.30747 1610.166
1.685 0.26448 65.23984 1.49778 17.25447 0.32249 0.05757 0.31206 0.30787 1611.247
1.690 0.26429 65.38305 1.49998 17.27978 0.32227 0.05777 0.31168 0.30828 1612.331
1.695 0.26409 65.52678 1.50218 17.30517 0.32205 0.05797 0.31130 0.30868 1613.417
1.700 0.26390 65.67104 1.50439 17.33062 0.32182 0.05817 0.31092 0.30908 1614.506
1.705 0.26371 65.81583 1.50661 17.35614 0.32160 0.05837 0.31054 0.30949 1615.597
1.710 0.26351 65.96115 1.50883 17.38173 0.32138 0.05857 0.31016 0.30989 1616.692
1.715 0.26332 66.10702 1.51106 17.40739 0.32115 0.05878 0.30978 0.31029 1617.789
1.720 0.26313 66.25342 1.51329 17.43312 0.32092 0.05898 0.30940 0.31069 1618.888
1.725 0.26293 66.40037 1.51553 17.45892 0.32070 0.05918 0.30902 0.31110 1619.991
1.730 0.26274 66.54786 1.51778 17.48479 0.32047 0.05939 0.30864 0.31150 1621.096
1.735 0.26255 66.69590 1.52003 17.51073 0.32025 0.05959 0.30826 0.31190 1622.204
1.740 0.26235 66.84449 1.52229 17.53674 0.32002 0.05980 0.30788 0.31231 1623.315
1.745 0.26216 66.99364 1.52455 17.56283 0.31979 0.06000 0.30750 0.31271 1624.428
1.750 0.26196 67.14334 1.52682 17.58898 0.31956 0.06021 0.30711 0.31311 1625.544
1.755 0.26177 67.29360 1.52910 17.61521 0.31933 0.06042 0.30673 0.31351 1626.663
1.760 0.26157 67.44442 1.53138 17.64151 0.31911 0.06063 0.30635 0.31392 1627.785
1.765 0.26138 67.59581 1.53367 17.66788 0.31888 0.06083 0.30597 0.31432 1628.910
1.770 0.26118 67.74777 1.53597 17.69433 0.31865 0.06104 0.30559 0.31472 1630.037
1.775 0.26098 67.90030 1.53827 17.72084 0.31842 0.06125 0.30521 0.31512 1631.168
1.780 0.26079 68.05340 1.54058 17.74743 0.31819 0.06146 0.30483 0.31553 1632.301
1.785 0.26059 68.20708 1.54289 17.77410 0.31796 0.06167 0.30444 0.31593 1633.437
1.790 0.26039 68.36134 1.54521 17.80084 0.31772 0.06188 0.30406 0.31633 1634.576
1.795 0.26020 68.51619 1.54754 17.82765 0.31749 0.06210 0.30368 0.31673 1635.718
1.800 0.26000 68.67162 1.54987 17.85453 0.31726 0.06231 0.30330 0.31713 1636.862
1.805 0.25980 68.82763 1.55221 17.88149 0.31703 0.06252 0.30291 0.31754 1638.010
1.810 0.25960 68.98424 1.55456 17.90853 0.31679 0.06274 0.30253 0.31794 1639.160
1.815 0.25940 69.14145 1.55691 17.93563 0.31656 0.06295 0.30215 0.31834 1640.314
1.820 0.25921 69.29925 1.55927 17.96282 0.31633 0.06317 0.30177 0.31874 1641.470
1.825 0.25901 69.45766 1.56164 17.99008 0.31609 0.06338 0.30138 0.31914 1642.630
1.830 0.25881 69.61667 1.56401 18.01741 0.31586 0.06360 0.30100 0.31954 1643.792
1.835 0.25861 69.77629 1.56639 18.04482 0.31562 0.06381 0.30062 0.31994 1644.957
1.840 0.25841 69.93651 1.56878 18.07231 0.31539 0.06403 0.30024 0.32035 1646.125
1.845 0.25821 70.09736 1.57117 18.09987 0.31515 0.06425 0.29985 0.32075 1647.297
1.850 0.25801 70.25882 1.57357 18.12751 0.31491 0.06447 0.29947 0.32115 1648.471
1.855 0.25781 70.42090 1.57597 18.15523 0.31468 0.06469 0.29909 0.32155 1649.648
1.860 0.25761 70.58360 1.57839 18.18302 0.31444 0.06491 0.29870 0.32195 1650.829
1.865 0.25741 70.74693 1.58081 18.21090 0.31420 0.06513 0.29832 0.32235 1652.012
1.870 0.25721 70.91090 1.58323 18.23884 0.31396 0.06535 0.29794 0.32275 1653.199
1.875 0.25701 71.07549 1.58567 18.26687 0.31372 0.06557 0.29755 0.32315 1654.388
1.880 0.25681 71.24072 1.58811 18.29498 0.31349 0.06579 0.29717 0.32355 1655.581
1.885 0.25660 71.40660 1.59055 18.32316 0.31325 0.06602 0.29679 0.32395 1656.777
1.890 0.25640 71.57311 1.59301 18.35142 0.31301 0.06624 0.29640 0.32435 1657.975
1.895 0.25620 71.74028 1.59547 18.37977 0.31277 0.06647 0.29602 0.32475 1659.177
1.900 0.25600 71.90809 1.59793 18.40819 0.31252 0.06669 0.29563 0.32515 1660.382
1.905 0.25579 72.07656 1.60041 18.43669 0.31228 0.06692 0.29525 0.32555 1661.591
1.910 0.25559 72.24569 1.60289 18.46527 0.31204 0.06714 0.29487 0.32595 1662.802
1.915 0.25539 72.41548 1.60538 18.49393 0.31180 0.06737 0.29448 0.32635 1664.017
1.920 0.25518 72.58593 1.60787 18.52267 0.31156 0.06760 0.29410 0.32675 1665.235
1.925 0.25498 72.75705 1.61037 18.55150 0.31131 0.06783 0.29371 0.32715 1666.456
1.930 0.25477 72.92884 1.61288 18.58040 0.31107 0.06805 0.29333 0.32754 1667.680
1.935 0.25457 73.10131 1.61540 18.60938 0.31083 0.06828 0.29295 0.32794 1668.907
1.940 0.25436 73.27446 1.61792 18.63845 0.31058 0.06851 0.29256 0.32834 1670.138
1.945 0.25416 73.44829 1.62045 18.66760 0.31034 0.06874 0.29218 0.32874 1671.372
1.950 0.25395 73.62280 1.62299 18.69683 0.31009 0.06898 0.29179 0.32914 1672.609
1.955 0.25375 73.79801 1.62553 18.72614 0.30985 0.06921 0.29141 0.32954 1673.850
1.960 0.25354 73.97391 1.62809 18.75554 0.30960 0.06944 0.29102 0.32993 1675.094
1.965 0.25334 74.15051 1.63064 18.78502 0.30936 0.06967 0.29064 0.33033 1676.341
1.970 0.25313 74.32781 1.63321 18.81458 0.30911 0.06991 0.29025 0.33073 1677.591
1.975 0.25292 74.50581 1.63578 18.84423 0.30886 0.07014 0.28987 0.33113 1678.845
1.980 0.25272 74.68453 1.63836 18.87396 0.30862 0.07038 0.28948 0.33152 1680.102
1.985 0.25251 74.86395 1.64095 18.90377 0.30837 0.07061 0.28910 0.33192 1681.363
1.990 0.25230 75.04410 1.64355 18.93367 0.30812 0.07085 0.28871 0.33232 1682.627
1.995 0.25209 75.22496 1.64615 18.96365 0.30787 0.07109 0.28833 0.33271 1683.894
2.000 0.25188 75.40655 1.64876 18.99372 0.30762 0.07133 0.28794 0.33311 1685.165
2.005 0.25168 75.58887 1.65138 19.02388 0.30737 0.07156 0.28756 0.33351 1686.439
2.010 0.25147 75.77192 1.65400 19.05412 0.30712 0.07180 0.28717 0.33390 1687.717
2.015 0.25126 75.95570 1.65664 19.08444 0.30687 0.07204 0.28679 0.33430 1688.998
2.020 0.25105 76.14023 1.65928 19.11485 0.30662 0.07228 0.28640 0.33469 1690.282
2.025 0.25084 76.32550 1.66192 19.14535 0.30637 0.07252 0.28602 0.33509 1691.570
2.030 0.25063 76.51152 1.66458 19.17594 0.30612 0.07277 0.28563 0.33548 1692.862
2.035 0.25042 76.69829 1.66724 19.20661 0.30587 0.07301 0.28524 0.33588 1694.157
2.040 0.25021 76.88582 1.66991 19.23737 0.30561 0.07325 0.28486 0.33627 1695.455
2.045 0.25000 77.07412 1.67259 19.26822 0.30536 0.07350 0.28447 0.33667 1696.757
2.050 0.24978 77.26317 1.67527 19.29916 0.30511 0.07374 0.28409 0.33706 1698.063
2.055 0.24957 77.45300 1.67797 19.33018 0.30485 0.07399 0.28370 0.33746 1699.372
2.060 0.24936 77.64360 1.68067 19.36130 0.30460 0.07423 0.28332 0.33785 1700.685
2.065 0.24915 77.83498 1.68338 19.39250 0.30435 0.07448 0.28293 0.33824 1702.002
2.070 0.24894 78.02714 1.68609 19.42379 0.30409 0.07473 0.28254 0.33864 1703.322
2.075 0.24872 78.22009 1.68882 19.45517 0.30384 0.07497 0.28216 0.33903 1704.646
2.080 0.24851 78.41383 1.69155 19.48665 0.30358 0.07522 0.28177 0.33942 1705.973
2.085 0.24830 78.60837 1.69429 19.51821 0.30333 0.07547 0.28139 0.33982 1707.304
2.090 0.24808 78.80371 1.69704 19.54986 0.30307 0.07572 0.28100 0.34021 1708.639
2.095 0.24787 78.99985 1.69979 19.58161 0.30281 0.07597 0.28061 0.34060 1709.977
2.100 0.24765 79.19680 1.70256 19.61344 0.30256 0.07622 0.28023 0.34099 1711.319
2.105 0.24744 79.39457 1.70533 19.64537 0.30230 0.07647 0.27984 0.34139 1712.665
2.110 0.24722 79.59315 1.70811 19.67739 0.30204 0.07673 0.27946 0.34178 1714.015
2.115 0.24701 79.79256 1.71089 19.70950 0.30178 0.07698 0.27907 0.34217 1715.368
2.120 0.24679 79.99279 1.71369 19.74171 0.30152 0.07723 0.27868 0.34256 1716.725
2.125 0.24658 80.19386 1.71649 19.77400 0.30126 0.07749 0.27830 0.34295 1718.086
2.130 0.24636 80.39576 1.71930 19.80639 0.30100 0.07774 0.27791 0.34334 1719.451
2.135 0.24614 80.59851 1.72212 19.83888 0.30074 0.07800 0.27752 0.34373 1720.820
2.140 0.24593 80.80211 1.72495 19.87146 0.30048 0.07826 0.27714 0.34412 1722.192
2.145 0.24571 81.00655 1.72779 19.90413 0.30022 0.07851 0.27675 0.34451 1723.569
2.150 0.24549 81.21185 1.73063 19.93689 0.29996 0.07877 0.27637 0.34490 1724.949
2.155 0.24527 81.41801 1.73349 19.96976 0.29970 0.07903 0.27598 0.34529 1726.333
2.160 0.24506 81.62504 1.73635 20.00271 0.29944 0.07929 0.27559 0.34568 1727.721
2.165 0.24484 81.83294 1.73922 20.03577 0.29918 0.07955 0.27521 0.34607 1729.113
2.170 0.24462 82.04172 1.74209 20.06892 0.29891 0.07981 0.27482 0.34646 1730.509
2.175 0.24440 82.25138 1.74498 20.10216 0.29865 0.08007 0.27443 0.34685 1731.909
2.180 0.24418 82.46192 1.74787 20.13550 0.29839 0.08033 0.27405 0.34723 1733.313
2.185 0.24396 82.67336 1.75078 20.16894 0.29812 0.08060 0.27366 0.34762 1734.721
2.190 0.24374 82.88569 1.75369 20.20248 0.29786 0.08086 0.27327 0.34801 1736.133
2.195 0.24352 83.09893 1.75661 20.23611 0.29760 0.08112 0.27289 0.34840 1737.549
2.200 0.24330 83.31307 1.75954 20.26985 0.29733 0.08139 0.27250 0.34878 1738.969
2.205 0.24308 83.52812 1.76247 20.30368 0.29707 0.08165 0.27211 0.34917 1740.393
2.210 0.24285 83.74409 1.76542 20.33761 0.29680 0.08192 0.27173 0.34955 1741.822
2.215 0.24263 83.96099 1.76837 20.37163 0.29653 0.08219 0.27134 0.34994 1743.254
2.220 0.24241 84.17881 1.77133 20.40576 0.29627 0.08245 0.27095 0.35033 1744.691
2.225 0.24219 84.39757 1.77430 20.43999 0.29600 0.08272 0.27057 0.35071 1746.131
2.230 0.24196 84.61726 1.77728 20.47432 0.29573 0.08299 0.27018 0.35110 1747.576
2.235 0.24174 84.83790 1.78027 20.50875 0.29547 0.08326 0.26979 0.35148 1749.025
2.240 0.24152 85.05949 1.78327 20.54328 0.29520 0.08353 0.26941 0.35187 1750.479
2.245 0.24129 85.28204 1.78628 20.57791 0.29493 0.08380 0.26902 0.35225 1751.936
2.250 0.24107 85.50554 1.78929 20.61264 0.29466 0.08408 0.26863 0.35263 1753.398
2.255 0.24084 85.73002 1.79232 20.64747 0.29439 0.08435 0.26824 0.35302 1754.864
2.260 0.24062 85.95547 1.79535 20.68241 0.29412 0.08462 0.26786 0.35340 1756.334
2.265 0.24039 86.18189 1.79839 20.71745 0.29385 0.08489 0.26747 0.35378 1757.809
2.270 0.24017 86.40930 1.80144 20.75259 0.29358 0.08517 0.26708 0.35416 1759.288
2.275 0.23994 86.63770 1.80450 20.78784 0.29331 0.08544 0.26670 0.35455 1760.771
2.280 0.23971 86.86710 1.80757 20.82319 0.29304 0.08572 0.26631 0.35493 1762.259
2.285 0.23949 87.09750 1.81065 20.85864 0.29277 0.08600 0.26592 0.35531 1763.751
2.290 0.23926 87.32890 1.81373 20.89420 0.29250 0.08628 0.26554 0.35569 1765.247
2.295 0.23903 87.56132 1.81683 20.92986 0.29223 0.08655 0.26515 0.35607 1766.748
2.300 0.23880 87.79476 1.81993 20.96563 0.29195 0.08683 0.26476 0.35645 1768.254
2.305 0.23857 88.02923 1.82305 21.00151 0.29168 0.08711 0.26438 0.35683 1769.763
2.310 0.23835 88.26473 1.82617 21.03749 0.29141 0.08739 0.26399 0.35721 1771.278
2.315 0.23812 88.50126 1.82930 21.07358 0.29113 0.08767 0.26360 0.35759 1772.797
2.320 0.23789 88.73884 1.83245 21.10977 0.29086 0.08796 0.26322 0.35797 1774.320
2.325 0.23766 88.97747 1.83560 21.14607 0.29059 0.08824 0.26283 0.35835 1775.848
2.330 0.23743 89.21716 1.83876 21.18248 0.29031 0.08852 0.26244 0.35873 1777.381
2.335 0.23720 89.45791 1.84193 21.21900 0.29004 0.08881 0.26206 0.35910 1778.918
2.340 0.23696 89.69974 1.84511 21.25562 0.28976 0.08909 0.26167 0.35948 1780.459
2.345 0.23673 89.94264 1.84829 21.29236 0.28949 0.08938 0.26128 0.35986 1782.006
2.350 0.23650 90.18662 1.85149 21.32920 0.28921 0.08966 0.26089 0.36023 1783.557
2.355 0.23627 90.43169 1.85470 21.36615 0.28893 0.08995 0.26051 0.36061 1785.113
2.360 0.23604 90.67786 1.85792 21.40322 0.28866 0.09024 0.26012 0.36099 1786.673
2.365 0.23580 90.92513 1.86115 21.44039 0.28838 0.09052 0.25973 0.36136 1788.238
2.370 0.23557 91.17351 1.86438 21.47768 0.28810 0.09081 0.25935 0.36174 1789.808
2.375 0.23534 91.42300 1.86763 21.51507 0.28782 0.09110 0.25896 0.36211 1791.383
2.380 0.23510 91.67362 1.87088 21.55258 0.28755 0.09139 0.25857 0.36249 1792.962
2.385 0.23487 91.92537 1.87415 21.59020 0.28727 0.09168 0.25819 0.36286 1794.547
2.390 0.23463 92.17826 1.87742 21.62793 0.28699 0.09198 0.25780 0.36323 1796.136
2.395 0.23440 92.43229 1.88071 21.66577 0.28671 0.09227 0.25741 0.36361 1797.730
2.400 0.23416 92.68747 1.88400 21.70373 0.28643 0.09256 0.25703 0.36398 1799.329
2.405 0.23392 92.94381 1.88731 21.74180 0.28615 0.09286 0.25664 0.36435 1800.933
2.410 0.23369 93.20131 1.89062 21.77999 0.28587 0.09315 0.25626 0.36472 1802.542
2.415 0.23345 93.45999 1.89395 21.81829 0.28559 0.09345 0.25587 0.36510 1804.156
2.420 0.23321 93.71984 1.89728 21.85670 0.28531 0.09374 0.25548 0.36547 1805.774
2.425 0.23298 93.98089 1.90063 21.89523 0.28503 0.09404 0.25510 0.36584 1807.398
2.430 0.23274 94.24312 1.90398 21.93388 0.28475 0.09434 0.25471 0.36621 1809.027
2.435 0.23250 94.50656 1.90735 21.97264 0.28446 0.09464 0.25432 0.36658 1810.661
2.440 0.23226 94.77121 1.91072 22.01152 0.28418 0.09494 0.25394 0.36695 1812.300
2.445 0.23202 95.03708 1.91411 22.05051 0.28390 0.09524 0.25355 0.36732 1813.944
2.450 0.23178 95.30417 1.91750 22.08962 0.28362 0.09554 0.25316 0.36768 1815.593
2.455 0.23154 95.57249 1.92091 22.12886 0.28333 0.09584 0.25278 0.36805 1817.247
2.460 0.23130 95.84205 1.92432 22.16820 0.28305 0.09614 0.25239 0.36842 1818.907
2.465 0.23106 96.11286 1.92775 22.20767 0.28276 0.09644 0.25201 0.36879 1820.572
2.470 0.23082 96.38493 1.93119 22.24726 0.28248 0.09675 0.25162 0.36915 1822.242
2.475 0.23057 96.65825 1.93463 22.28696 0.28220 0.09705 0.25123 0.36952 1823.917
2.480 0.23033 96.93285 1.93809 22.32679 0.28191 0.09736 0.25085 0.36989 1825.598
2.485 0.23009 97.20873 1.94156 22.36674 0.28163 0.09766 0.25046 0.37025 1827.283
