timeGa Urey Qt heat/H0 heatTW 1HPE 2HPE 3HPE 4HPE TempC
0.000 0.58000 36.00000 1.00000 20.88000 0.37200 0.01640 0.43000 0.18100 1351.850
0.005 0.58022 36.00000 1.00038 20.88791 0.37215 0.01647 0.42994 0.18143 1352.190
0.010 0.58010 36.04256 1.00136 20.90839 0.37207 0.01654 0.42963 0.18176 1352.531
0.015 0.57999 36.08521 1.00234 20.92891 0.37199 0.01661 0.42931 0.18209 1352.873
0.020 0.57987 36.12796 1.00333 20.94948 0.37192 0.01667 0.42900 0.18241 1353.215
0.025 0.57975 36.17081 1.00431 20.97009 0.37184 0.01674 0.42868 0.18274 1353.557
0.030 0.57963 36.21375 1.00530 20.99074 0.37176 0.01680 0.42837 0.18307 1353.900
0.035 0.57952 36.25680 1.00629 21.01143 0.37168 0.01687 0.42805 0.18340 1354.243
0.040 0.57940 36.29994 1.00729 21.03217 0.37161 0.01694 0.42773 0.18372 1354.587
0.045 0.57928 36.34318 1.00828 21.05296 0.37153 0.01700 0.42742 0.18405 1354.932
0.050 0.57916 36.38652 1.00928 21.07378 0.37145 0.01707 0.42710 0.18438 1355.277
0.055 0.57905 36.42995 1.01028 21.09465 0.37137 0.01714 0.42678 0.18471 1355.622
0.060 0.57893 36.47349 1.01128 21.11557 0.37129 0.01720 0.42647 0.18504 1355.968
0.065 0.57881 36.51713 1.01229 21.13653 0.37121 0.01727 0.42615 0.18537 1356.314
0.070 0.57869 36.56086 1.01329 21.15753 0.37113 0.01734 0.42583 0.18570 1356.661
0.075 0.57858 36.60470 1.01430 21.17858 0.37104 0.01741 0.42551 0.18603 1357.009
0.080 0.57846 36.64864 1.01531 21.19967 0.37096 0.01748 0.42520 0.18636 1357.357
0.085 0.57834 36.69268 1.01632 21.22080 0.37088 0.01755 0.42488 0.18670 1357.705
0.090 0.57822 36.73682 1.01734 21.24199 0.37080 0.01761 0.42456 0.18703 1358.054
0.095 0.57810 36.78106 1.01835 21.26321 0.37071 0.01768 0.42424 0.18736 1358.404
0.100 0.57798 36.82541 1.01937 21.28448 0.37063 0.01775 0.42392 0.18769 1358.754
0.105 0.57787 36.86985 1.02039 21.30580 0.37055 0.01782 0.42360 0.18803 1359.105
0.110 0.57775 36.91440 1.02142 21.32716 0.37046 0.01789 0.42328 0.18836 1359.456
0.115 0.57763 36.95906 1.02244 21.34857 0.37038 0.01796 0.42296 0.18869 1359.807
0.120 0.57751 37.00382 1.02347 21.37002 0.37029 0.01803 0.42264 0.18903 1360.160
0.125 0.57739 37.04868 1.02450 21.39152 0.37021 0.01811 0.42232 0.18936 1360.512
0.130 0.57727 37.09364 1.02553 21.41307 0.37012 0.01818 0.42200 0.18970 1360.866
0.135 0.57715 37.13871 1.02656 21.43466 0.37004 0.01825 0.42168 0.19003 1361.219
0.140 0.57703 37.18388 1.02760 21.45629 0.36995 0.01832 0.42136 0.19037 1361.574
0.145 0.57691 37.22916 1.02864 21.47798 0.36986 0.01839 0.42104 0.19071 1361.928
0.150 0.57679 37.27455 1.02968 21.49971 0.36978 0.01846 0.42072 0.19104 1362.284
0.155 0.57667 37.32004 1.03072 21.52148 0.36969 0.01854 0.42040 0.19138 1362.640
0.160 0.57655 37.36564 1.03177 21.54331 0.36960 0.01861 0.42007 0.19172 1362.996
0.165 0.57643 37.41134 1.03281 21.56518 0.36951 0.01868 0.41975 0.19206 1363.353
0.170 0.57631 37.45715 1.03386 21.58709 0.36942 0.01875 0.41943 0.19239 1363.710
0.175 0.57619 37.50307 1.03492 21.60906 0.36933 0.01883 0.41911 0.19273 1364.068
0.180 0.57607 37.54910 1.03597 21.63107 0.36924 0.01890 0.41878 0.19307 1364.427
0.185 0.57595 37.59523 1.03703 21.65313 0.36915 0.01898 0.41846 0.19341 1364.786
0.190 0.57583 37.64147 1.03809 21.67523 0.36906 0.01905 0.41814 0.19375 1365.146
0.195 0.57571 37.68783 1.03915 21.69739 0.36897 0.01912 0.41781 0.19409 1365.506
0.200 0.57559 37.73429 1.04021 21.71959 0.36888 0.01920 0.41749 0.19443 1365.867
0.205 0.57547 37.78086 1.04128 21.74184 0.36879 0.01927 0.41717 0.19477 1366.228
0.210 0.57535 37.82754 1.04234 21.76414 0.36870 0.01935 0.41684 0.19511 1366.590
0.215 0.57523 37.87433 1.04341 21.78648 0.36860 0.01942 0.41652 0.19545 1366.952
0.220 0.57511 37.92123 1.04449 21.80888 0.36851 0.01950 0.41619 0.19580 1367.315
0.225 0.57499 37.96824 1.04556 21.83132 0.36842 0.01958 0.41587 0.19614 1367.679
0.230 0.57487 38.01537 1.04664 21.85381 0.36832 0.01965 0.41554 0.19648 1368.043
0.235 0.57475 38.06260 1.04772 21.87636 0.36823 0.01973 0.41522 0.19682 1368.407
0.240 0.57463 38.10995 1.04880 21.89895 0.36813 0.01981 0.41489 0.19717 1368.772
0.245 0.57450 38.15741 1.04988 21.92158 0.36804 0.01988 0.41457 0.19751 1369.138
0.250 0.57438 38.20499 1.05097 21.94427 0.36794 0.01996 0.41424 0.19785 1369.504
0.255 0.57426 38.25267 1.05206 21.96701 0.36785 0.02004 0.41391 0.19820 1369.871
0.260 0.57414 38.30047 1.05315 21.98980 0.36775 0.02012 0.41359 0.19854 1370.239
0.265 0.57402 38.34839 1.05424 22.01264 0.36765 0.02020 0.41326 0.19889 1370.607
0.270 0.57390 38.39642 1.05534 22.03552 0.36756 0.02027 0.41293 0.19923 1370.975
0.275 0.57377 38.44456 1.05644 22.05846 0.36746 0.02035 0.41261 0.19958 1371.344
0.280 0.57365 38.49282 1.05754 22.08145 0.36736 0.02043 0.41228 0.19993 1371.714
0.285 0.57353 38.54120 1.05864 22.10449 0.36726 0.02051 0.41195 0.20027 1372.084
0.290 0.57341 38.58969 1.05975 22.12757 0.36716 0.02059 0.41162 0.20062 1372.455
0.295 0.57328 38.63830 1.06086 22.15071 0.36707 0.02067 0.41129 0.20097 1372.826
0.300 0.57316 38.68702 1.06197 22.17390 0.36697 0.02075 0.41097 0.20132 1373.198
0.305 0.57304 38.73586 1.06308 22.19714 0.36687 0.02083 0.41064 0.20166 1373.571
0.310 0.57292 38.78482 1.06420 22.22044 0.36677 0.02091 0.41031 0.20201 1373.944
0.315 0.57279 38.83390 1.06532 22.24378 0.36666 0.02100 0.40998 0.20236 1374.318
0.320 0.57267 38.88310 1.06644 22.26717 0.36656 0.02108 0.40965 0.20271 1374.692
0.325 0.57255 38.93242 1.06756 22.29062 0.36646 0.02116 0.40932 0.20306 1375.067
0.330 0.57242 38.98185 1.06868 22.31412 0.36636 0.02124 0.40899 0.20341 1375.442
0.335 0.57230 39.03141 1.06981 22.33767 0.36626 0.02132 0.40866 0.20376 1375.818
0.340 0.57218 39.08108 1.07094 22.36127 0.36615 0.02141 0.40833 0.20411 1376.195
0.345 0.57205 39.13088 1.07207 22.38492 0.36605 0.02149 0.40800 0.20446 1376.572
0.350 0.57193 39.18080 1.07321 22.40863 0.36595 0.02157 0.40767 0.20481 1376.950
0.355 0.57181 39.23083 1.07435 22.43239 0.36584 0.02166 0.40734 0.20516 1377.329
0.360 0.57168 39.28099 1.07549 22.45620 0.36574 0.02174 0.40701 0.20552 1377.708
0.365 0.57156 39.33128 1.07663 22.48007 0.36563 0.02182 0.40668 0.20587 1378.087
0.370 0.57143 39.38168 1.07778 22.50399 0.36553 0.02191 0.40634 0.20622 1378.467
0.375 0.57131 39.43221 1.07893 22.52796 0.36542 0.02199 0.40601 0.20657 1378.848
0.380 0.57118 39.48286 1.08008 22.55198 0.36532 0.02208 0.40568 0.20693 1379.229
0.385 0.57106 39.53364 1.08123 22.57606 0.36521 0.02216 0.40535 0.20728 1379.611
0.390 0.57093 39.58454 1.08238 22.60019 0.36510 0.02225 0.40501 0.20763 1379.994
0.395 0.57081 39.63557 1.08354 22.62438 0.36499 0.02233 0.40468 0.20799 1380.377
0.400 0.57069 39.68672 1.08470 22.64862 0.36489 0.02242 0.40435 0.20834 1380.761
0.405 0.57056 39.73800 1.08587 22.67291 0.36478 0.02251 0.40402 0.20870 1381.145
0.410 0.57043 39.78940 1.08703 22.69726 0.36467 0.02259 0.40368 0.20905 1381.530
0.415 0.57031 39.84093 1.08820 22.72166 0.36456 0.02268 0.40335 0.20941 1381.916
0.420 0.57018 39.89259 1.08937 22.74612 0.36445 0.02277 0.40301 0.20977 1382.302
0.425 0.57006 39.94437 1.09055 22.77063 0.36434 0.02286 0.40268 0.21012 1382.689
0.430 0.56993 39.99629 1.09172 22.79520 0.36423 0.02294 0.40235 0.21048 1383.077
0.435 0.56981 40.04833 1.09290 22.81982 0.36412 0.02303 0.40201 0.21084 1383.465
0.440 0.56968 40.10050 1.09409 22.84450 0.36401 0.02312 0.40168 0.21119 1383.853
0.445 0.56956 40.15280 1.09527 22.86923 0.36390 0.02321 0.40134 0.21155 1384.243
0.450 0.56943 40.20523 1.09646 22.89402 0.36378 0.02330 0.40101 0.21191 1384.633
0.455 0.56930 40.25779 1.09765 22.91886 0.36367 0.02339 0.40067 0.21227 1385.023
0.460 0.56918 40.31048 1.09884 22.94376 0.36356 0.02348 0.40033 0.21263 1385.414
0.465 0.56905 40.36331 1.10003 22.96872 0.36344 0.02357 0.40000 0.21299 1385.806
0.470 0.56892 40.41626 1.10123 22.99373 0.36333 0.02366 0.39966 0.21335 1386.199
0.475 0.56880 40.46935 1.10243 23.01880 0.36322 0.02375 0.39933 0.21371 1386.592
0.480 0.56867 40.52257 1.10364 23.04393 0.36310 0.02384 0.39899 0.21407 1386.985
0.485 0.56854 40.57592 1.10484 23.06911 0.36299 0.02393 0.39865 0.21443 1387.380
0.490 0.56841 40.62941 1.10605 23.09436 0.36287 0.02403 0.39832 0.21479 1387.775
0.495 0.56829 40.68303 1.10726 23.11965 0.36275 0.02412 0.39798 0.21515 1388.170
0.500 0.56816 40.73679 1.10848 23.14501 0.36264 0.02421 0.39764 0.21551 1388.567
0.505 0.56803 40.79068 1.10969 23.17042 0.36252 0.02430 0.39730 0.21587 1388.964
0.510 0.56790 40.84471 1.11091 23.19589 0.36240 0.02440 0.39696 0.21623 1389.361
0.515 0.56778 40.89887 1.11214 23.22142 0.36229 0.02449 0.39663 0.21660 1389.759
0.520 0.56765 40.95317 1.11336 23.24701 0.36217 0.02458 0.39629 0.21696 1390.158
0.525 0.56752 41.00761 1.11459 23.27265 0.36205 0.02468 0.39595 0.21732 1390.558
0.530 0.56739 41.06218 1.11582 23.29836 0.36193 0.02477 0.39561 0.21769 1390.958
0.535 0.56726 41.11689 1.11706 23.32412 0.36181 0.02487 0.39527 0.21805 1391.359
0.540 0.56714 41.17174 1.11829 23.34994 0.36169 0.02496 0.39493 0.21841 1391.760
0.545 0.56701 41.22674 1.11953 23.37582 0.36157 0.02506 0.39459 0.21878 1392.162
0.550 0.56688 41.28187 1.12077 23.40176 0.36145 0.02515 0.39425 0.21914 1392.565
0.555 0.56675 41.33714 1.12202 23.42776 0.36133 0.02525 0.39391 0.21951 1392.968
0.560 0.56662 41.39255 1.12327 23.45382 0.36121 0.02535 0.39357 0.21987 1393.372
0.565 0.56649 41.44810 1.12452 23.47993 0.36109 0.02544 0.39323 0.22024 1393.777
0.570 0.56636 41.50379 1.12577 23.50611 0.36096 0.02554 0.39289 0.22061 1394.183
0.575 0.56623 41.55963 1.12703 23.53235 0.36084 0.02564 0.39255 0.22097 1394.589
0.580 0.56610 41.61561 1.12829 23.55865 0.36072 0.02574 0.39221 0.22134 1394.995
0.585 0.56597 41.67173 1.12955 23.58501 0.36059 0.02583 0.39187 0.22171 1395.403
0.590 0.56584 41.72800 1.13082 23.61143 0.36047 0.02593 0.39153 0.22207 1395.811
0.595 0.56571 41.78441 1.13208 23.63791 0.36034 0.02603 0.39118 0.22244 1396.220
0.600 0.56558 41.84097 1.13335 23.66445 0.36022 0.02613 0.39084 0.22281 1396.629
0.605 0.56545 41.89767 1.13463 23.69106 0.36009 0.02623 0.39050 0.22318 1397.039
0.610 0.56532 41.95452 1.13591 23.71772 0.35997 0.02633 0.39016 0.22355 1397.450
0.615 0.56519 42.01151 1.13719 23.74445 0.35984 0.02643 0.38981 0.22391 1397.862
0.620 0.56506 42.06865 1.13847 23.77123 0.35971 0.02653 0.38947 0.22428 1398.274
0.625 0.56493 42.12594 1.13976 23.79808 0.35959 0.02663 0.38913 0.22465 1398.687
0.630 0.56480 42.18338 1.14104 23.82500 0.35946 0.02673 0.38879 0.22502 1399.100
0.635 0.56466 42.24096 1.14234 23.85197 0.35933 0.02683 0.38844 0.22539 1399.514
0.640 0.56453 42.29870 1.14363 23.87901 0.35920 0.02694 0.38810 0.22576 1399.929
0.645 0.56440 42.35658 1.14493 23.90611 0.35907 0.02704 0.38775 0.22613 1400.345
0.650 0.56427 42.41462 1.14623 23.93327 0.35894 0.02714 0.38741 0.22651 1400.761
0.655 0.56414 42.47281 1.14753 23.96050 0.35881 0.02724 0.38707 0.22688 1401.178
0.660 0.56401 42.53114 1.14884 23.98779 0.35868 0.02735 0.38672 0.22725 1401.596
0.665 0.56387 42.58963 1.15015 24.01514 0.35855 0.02745 0.38638 0.22762 1402.014
0.670 0.56374 42.64828 1.15146 24.04256 0.35842 0.02756 0.38603 0.22799 1402.433
0.675 0.56361 42.70707 1.15278 24.07004 0.35829 0.02766 0.38569 0.22837 1402.853
0.680 0.56348 42.76602 1.15410 24.09759 0.35816 0.02776 0.38534 0.22874 1403.274
0.685 0.56334 42.82513 1.15542 24.12520 0.35803 0.02787 0.38499 0.22911 1403.695
0.690 0.56321 42.88439 1.15675 24.15288 0.35789 0.02798 0.38465 0.22948 1404.117
0.695 0.56308 42.94381 1.15808 24.18062 0.35776 0.02808 0.38430 0.22986 1404.540
0.700 0.56294 43.00338 1.15941 24.20842 0.35763 0.02819 0.38396 0.23023 1404.963
0.705 0.56281 43.06311 1.16074 24.23629 0.35749 0.02829 0.38361 0.23061 1405.387
0.710 0.56267 43.12299 1.16208 24.26423 0.35736 0.02840 0.38326 0.23098 1405.812
0.715 0.56254 43.18304 1.16342 24.29223 0.35722 0.02851 0.38292 0.23136 1406.237
0.720 0.56241 43.24324 1.16477 24.32029 0.35709 0.02862 0.38257 0.23173 1406.664
0.725 0.56227 43.30360 1.16611 24.34843 0.35695 0.02872 0.38222 0.23211 1407.091
0.730 0.56214 43.36412 1.16746 24.37663 0.35681 0.02883 0.38187 0.23248 1407.518
0.735 0.56200 43.42481 1.16882 24.40489 0.35668 0.02894 0.38152 0.23286 1407.947
0.740 0.56187 43.48565 1.17017 24.43322 0.35654 0.02905 0.38118 0.23323 1408.376
0.745 0.56173 43.54665 1.17153 24.46162 0.35640 0.02916 0.38083 0.23361 1408.806
0.750 0.56160 43.60782 1.17290 24.49009 0.35626 0.02927 0.38048 0.23399 1409.236
0.755 0.56146 43.66915 1.17426 24.51862 0.35612 0.02938 0.38013 0.23437 1409.668
0.760 0.56133 43.73065 1.17563 24.54723 0.35598 0.02949 0.37978 0.23474 1410.100
0.765 0.56119 43.79230 1.17701 24.57589 0.35584 0.02960 0.37943 0.23512 1410.533
0.770 0.56106 43.85413 1.17838 24.60463 0.35570 0.02971 0.37908 0.23550 1410.966
0.775 0.56092 43.91612 1.17976 24.63344 0.35556 0.02982 0.37873 0.23588 1411.401
0.780 0.56078 43.97827 1.18115 24.66231 0.35542 0.02994 0.37838 0.23626 1411.836
0.785 0.56065 44.04059 1.18253 24.69125 0.35528 0.03005 0.37803 0.23663 1412.272
0.790 0.56051 44.10308 1.18392 24.72026 0.35514 0.03016 0.37768 0.23701 1412.708
0.795 0.56037 44.16574 1.18531 24.74934 0.35500 0.03028 0.37733 0.23739 1413.146
0.800 0.56024 44.22857 1.18671 24.77849 0.35486 0.03039 0.37698 0.23777 1413.584
0.805 0.56010 44.29156 1.18811 24.80771 0.35471 0.03050 0.37663 0.23815 1414.023
0.810 0.55996 44.35473 1.18951 24.83700 0.35457 0.03062 0.37628 0.23853 1414.462
0.815 0.55983 44.41806 1.19092 24.86636 0.35442 0.03073 0.37593 0.23891 1414.903
0.820 0.55969 44.48157 1.19233 24.89579 0.35428 0.03085 0.37558 0.23929 1415.344
0.825 0.55955 44.54525 1.19374 24.92529 0.35413 0.03096 0.37523 0.23967 1415.786
0.830 0.55941 44.60910 1.19516 24.95486 0.35399 0.03108 0.37488 0.24006 1416.229
0.835 0.55927 44.67313 1.19658 24.98450 0.35384 0.03120 0.37452 0.24044 1416.672
0.840 0.55914 44.73733 1.19800 25.01421 0.35370 0.03131 0.37417 0.24082 1417.116
0.845 0.55900 44.80171 1.19942 25.04399 0.35355 0.03143 0.37382 0.24120 1417.561
0.850 0.55886 44.86626 1.20085 25.07385 0.35340 0.03155 0.37347 0.24158 1418.007
0.855 0.55872 44.93098 1.20229 25.10377 0.35326 0.03167 0.37311 0.24197 1418.454
0.860 0.55858 44.99589 1.20372 25.13377 0.35311 0.03178 0.37276 0.24235 1418.901
0.865 0.55844 45.06097 1.20516 25.16384 0.35296 0.03190 0.37241 0.24273 1419.350
0.870 0.55830 45.12623 1.20661 25.19398 0.35281 0.03202 0.37205 0.24311 1419.799
0.875 0.55816 45.19167 1.20806 25.22420 0.35266 0.03214 0.37170 0.24350 1420.248
0.880 0.55802 45.25728 1.20951 25.25449 0.35251 0.03226 0.37135 0.24388 1420.699
0.885 0.55788 45.32308 1.21096 25.28485 0.35236 0.03238 0.37099 0.24427 1421.150
0.890 0.55774 45.38906 1.21242 25.31528 0.35221 0.03250 0.37064 0.24465 1421.602
0.895 0.55760 45.45522 1.21388 25.34579 0.35206 0.03262 0.37028 0.24504 1422.055
0.900 0.55746 45.52157 1.21534 25.37637 0.35191 0.03275 0.36993 0.24542 1422.509
0.905 0.55732 45.58810 1.21681 25.40703 0.35175 0.03287 0.36957 0.24580 1422.964
0.910 0.55718 45.65481 1.21828 25.43776 0.35160 0.03299 0.36922 0.24619 1423.419
0.915 0.55703 45.72171 1.21976 25.46856 0.35145 0.03311 0.36886 0.24658 1423.875
0.920 0.55689 45.78879 1.22124 25.49944 0.35130 0.03324 0.36851 0.24696 1424.332
0.925 0.55675 45.85606 1.22272 25.53040 0.35114 0.03336 0.36815 0.24735 1424.790
0.930 0.55661 45.92351 1.22421 25.56143 0.35099 0.03348 0.36780 0.24773 1425.249
0.935 0.55647 45.99116 1.22570 25.59253 0.35083 0.03361 0.36744 0.24812 1425.708
0.940 0.55632 46.05899 1.22719 25.62372 0.35068 0.03373 0.36708 0.24851 1426.169
0.945 0.55618 46.12701 1.22869 25.65497 0.35052 0.03386 0.36673 0.24889 1426.630
0.950 0.55604 46.19522 1.23019 25.68631 0.35037 0.03398 0.36637 0.24928 1427.092
0.955 0.55589 46.26363 1.23169 25.71772 0.35021 0.03411 0.36601 0.24967 1427.555
0.960 0.55575 46.33222 1.23320 25.74920 0.35005 0.03424 0.36566 0.25006 1428.018
0.965 0.55561 46.40101 1.23471 25.78077 0.34989 0.03436 0.36530 0.25044 1428.483
0.970 0.55546 46.46999 1.23623 25.81241 0.34974 0.03449 0.36494 0.25083 1428.948
0.975 0.55532 46.53916 1.23775 25.84412 0.34958 0.03462 0.36458 0.25122 1429.414
0.980 0.55518 46.60853 1.23927 25.87592 0.34942 0.03475 0.36423 0.25161 1429.881
0.985 0.55503 46.67810 1.24079 25.90779 0.34926 0.03487 0.36387 0.25200 1430.349
0.990 0.55489 46.74786 1.24232 25.93975 0.34910 0.03500 0.36351 0.25239 1430.818
0.995 0.55474 46.81782 1.24386 25.97178 0.34894 0.03513 0.36315 0.25278 1431.288
1.000 0.55460 46.88797 1.24540 26.00389 0.34878 0.03526 0.36279 0.25317 1431.758
1.005 0.55445 46.95833 1.24694 26.03607 0.34862 0.03539 0.36243 0.25356 1432.229
1.010 0.55430 47.02889 1.24848 26.06834 0.34846 0.03552 0.36207 0.25394 1432.701
1.015 0.55416 47.09964 1.25003 26.10069 0.34829 0.03565 0.36172 0.25433 1433.174
1.020 0.55401 47.17060 1.25159 26.13311 0.34813 0.03579 0.36136 0.25473 1433.648
1.025 0.55387 47.24176 1.25314 26.16562 0.34797 0.03592 0.36100 0.25512 1434.123
1.030 0.55372 47.31312 1.25470 26.19821 0.34781 0.03605 0.36064 0.25551 1434.599
1.035 0.55357 47.38469 1.25627 26.23087 0.34764 0.03618 0.36028 0.25590 1435.075
1.040 0.55343 47.45646 1.25784 26.26362 0.34748 0.03632 0.35992 0.25629 1435.553
1.045 0.55328 47.52844 1.25941 26.29645 0.34731 0.03645 0.35956 0.25668 1436.031
1.050 0.55313 47.60062 1.26098 26.32936 0.34715 0.03659 0.35920 0.25707 1436.510
1.055 0.55298 47.67301 1.26256 26.36235 0.34698 0.03672 0.35883 0.25746 1436.990
1.060 0.55283 47.74561 1.26415 26.39543 0.34682 0.03685 0.35847 0.25786 1437.471
1.065 0.55269 47.81842 1.26574 26.42858 0.34665 0.03699 0.35811 0.25825 1437.953
1.070 0.55254 47.89144 1.26733 26.46182 0.34648 0.03713 0.35775 0.25864 1438.435
1.075 0.55239 47.96467 1.26892 26.49514 0.34632 0.03726 0.35739 0.25903 1438.919
1.080 0.55224 48.03811 1.27052 26.52855 0.34615 0.03740 0.35703 0.25942 1439.404
1.085 0.55209 48.11176 1.27213 26.56203 0.34598 0.03754 0.35667 0.25982 1439.889
1.090 0.55194 48.18563 1.27374 26.59560 0.34581 0.03767 0.35630 0.26021 1440.375
1.095 0.55179 48.25971 1.27535 26.62926 0.34564 0.03781 0.35594 0.26060 1440.863
1.100 0.55164 48.33401 1.27696 26.66299 0.34547 0.03795 0.35558 0.26100 1441.351
1.105 0.55149 48.40852 1.27858 26.69682 0.34530 0.03809 0.35522 0.26139 1441.840
1.110 0.55134 48.48325 1.28021 26.73072 0.34513 0.03823 0.35485 0.26179 1442.330
1.115 0.55119 48.55820 1.28183 26.76471 0.34496 0.03837 0.35449 0.26218 1442.821
1.120 0.55104 48.63337 1.28347 26.79879 0.34479 0.03851 0.35413 0.26257 1443.313
1.125 0.55089 48.70876 1.28510 26.83295 0.34462 0.03865 0.35377 0.26297 1443.805
1.130 0.55073 48.78436 1.28674 26.86720 0.34444 0.03879 0.35340 0.26336 1444.299
1.135 0.55058 48.86019 1.28839 26.90153 0.34427 0.03893 0.35304 0.26376 1444.794
1.140 0.55043 48.93625 1.29004 26.93595 0.34410 0.03908 0.35267 0.26415 1445.289
1.145 0.55028 49.01252 1.29169 26.97046 0.34392 0.03922 0.35231 0.26455 1445.786
1.150 0.55012 49.08903 1.29335 27.00505 0.34375 0.03936 0.35195 0.26494 1446.283
1.155 0.54997 49.16575 1.29501 27.03973 0.34357 0.03951 0.35158 0.26534 1446.782
1.160 0.54982 49.24271 1.29667 27.07450 0.34340 0.03965 0.35122 0.26573 1447.281
1.165 0.54966 49.31989 1.29834 27.10935 0.34322 0.03979 0.35085 0.26613 1447.781
1.170 0.54951 49.39730 1.30001 27.14430 0.34305 0.03994 0.35049 0.26653 1448.283
1.175 0.54936 49.47494 1.30169 27.17933 0.34287 0.04008 0.35012 0.26692 1448.785
1.180 0.54920 49.55281 1.30337 27.21445 0.34269 0.04023 0.34976 0.26732 1449.288
1.185 0.54905 49.63091 1.30506 27.24966 0.34252 0.04038 0.34939 0.26771 1449.792
1.190 0.54889 49.70925 1.30675 27.28495 0.34234 0.04052 0.34903 0.26811 1450.297
1.195 0.54874 49.78782 1.30845 27.32034 0.34216 0.04067 0.34866 0.26851 1450.803
1.200 0.54858 49.86662 1.31014 27.35582 0.34198 0.04082 0.34829 0.26891 1451.310
1.205 0.54842 49.94566 1.31185 27.39138 0.34180 0.04097 0.34793 0.26930 1451.818
1.210 0.54827 50.02494 1.31356 27.42704 0.34162 0.04112 0.34756 0.26970 1452.328
1.215 0.54811 50.10445 1.31527 27.46278 0.34144 0.04127 0.34720 0.27010 1452.838
1.220 0.54795 50.18420 1.31698 27.49862 0.34126 0.04141 0.34683 0.27049 1453.349
1.225 0.54780 50.26420 1.31870 27.53455 0.34108 0.04156 0.34646 0.27089 1453.861
1.230 0.54764 50.34443 1.32043 27.57057 0.34090 0.04172 0.34609 0.27129 1454.374
1.235 0.54748 50.42491 1.32216 27.60668 0.34072 0.04187 0.34573 0.27169 1454.888
1.240 0.54732 50.50562 1.32389 27.64289 0.34053 0.04202 0.34536 0.27209 1455.403
1.245 0.54716 50.58659 1.32563 27.67918 0.34035 0.04217 0.34499 0.27248 1455.919
1.250 0.54701 50.66780 1.32737 27.71557 0.34017 0.04232 0.34463 0.27288 1456.436
1.255 0.54685 50.74925 1.32912 27.75205 0.33998 0.04248 0.34426 0.27328 1456.954
1.260 0.54669 50.83095 1.33087 27.78863 0.33980 0.04263 0.34389 0.27368 1457.473
1.265 0.54653 50.91290 1.33263 27.82530 0.33962 0.04278 0.34352 0.27408 1457.993
1.270 0.54637 50.99510 1.33439 27.86206 0.33943 0.04294 0.34315 0.27448 1458.514
1.275 0.54621 51.07755 1.33616 27.89892 0.33925 0.04309 0.34278 0.27488 1459.036
1.280 0.54605 51.16026 1.33792 27.93587 0.33906 0.04325 0.34242 0.27528 1459.559
1.285 0.54589 51.24321 1.33970 27.97291 0.33887 0.04340 0.34205 0.27568 1460.083
1.290 0.54572 51.32642 1.34148 28.01006 0.33869 0.04356 0.34168 0.27608 1460.608
1.295 0.54556 51.40989 1.34326 28.04729 0.33850 0.04372 0.34131 0.27648 1461.135
1.300 0.54540 51.49361 1.34505 28.08462 0.33831 0.04388 0.34094 0.27688 1461.662
1.305 0.54524 51.57759 1.34684 28.12205 0.33812 0.04403 0.34057 0.27727 1462.190
1.310 0.54508 51.66183 1.34864 28.15958 0.33793 0.04419 0.34020 0.27767 1462.720
1.315 0.54491 51.74633 1.35044 28.19720 0.33774 0.04435 0.33983 0.27808 1463.250
1.320 0.54475 51.83109 1.35225 28.23492 0.33755 0.04451 0.33946 0.27848 1463.782
1.325 0.54458 51.91611 1.35406 28.27273 0.33736 0.04467 0.33909 0.27888 1464.314
1.330 0.54442 52.00140 1.35587 28.31065 0.33717 0.04483 0.33872 0.27928 1464.848
1.335 0.54426 52.08695 1.35769 28.34866 0.33698 0.04499 0.33835 0.27968 1465.383
1.340 0.54409 52.17276 1.35952 28.38677 0.33679 0.04515 0.33798 0.28008 1465.918
1.345 0.54393 52.25885 1.36135 28.42498 0.33660 0.04531 0.33761 0.28048 1466.455
1.350 0.54376 52.34520 1.36318 28.46328 0.33641 0.04548 0.33724 0.28088 1466.993
1.355 0.54360 52.43182 1.36502 28.50169 0.33621 0.04564 0.33687 0.28128 1467.532
1.360 0.54343 52.51871 1.36687 28.54020 0.33602 0.04580 0.33650 0.28168 1468.072
1.365 0.54326 52.60587 1.36872 28.57880 0.33583 0.04597 0.33612 0.28208 1468.614
1.370 0.54310 52.69331 1.37057 28.61751 0.33563 0.04613 0.33575 0.28248 1469.156
1.375 0.54293 52.78102 1.37243 28.65632 0.33544 0.04630 0.33538 0.28288 1469.699
1.380 0.54276 52.86901 1.37429 28.69523 0.33524 0.04646 0.33501 0.28329 1470.244
1.385 0.54259 52.95728 1.37616 28.73423 0.33505 0.04663 0.33464 0.28369 1470.790
1.390 0.54242 53.04582 1.37803 28.77335 0.33485 0.04679 0.33426 0.28409 1471.336
1.395 0.54226 53.13465 1.37991 28.81256 0.33465 0.04696 0.33389 0.28449 1471.884
1.400 0.54209 53.22375 1.38179 28.85187 0.33446 0.04713 0.33352 0.28489 1472.433
1.405 0.54192 53.31314 1.38368 28.89129 0.33426 0.04730 0.33315 0.28529 1472.983
1.410 0.54175 53.40281 1.38558 28.93081 0.33406 0.04747 0.33277 0.28570 1473.535
1.415 0.54158 53.49276 1.38747 28.97044 0.33386 0.04764 0.33240 0.28610 1474.087
1.420 0.54141 53.58301 1.38938 29.01017 0.33367 0.04780 0.33203 0.28650 1474.641
1.425 0.54124 53.67354 1.39128 29.05000 0.33347 0.04797 0.33166 0.28690 1475.195
1.430 0.54106 53.76435 1.39320 29.08994 0.33327 0.04815 0.33128 0.28731 1475.751
1.435 0.54089 53.85546 1.39511 29.12998 0.33307 0.04832 0.33091 0.28771 1476.308
1.440 0.54072 53.94686 1.39704 29.17012 0.33287 0.04849 0.33053 0.28811 1476.866
1.445 0.54055 54.03856 1.39896 29.21037 0.33267 0.04866 0.33016 0.28851 1477.425
1.450 0.54037 54.13055 1.40090 29.25073 0.33246 0.04883 0.32979 0.28892 1477.986
1.455 0.54020 54.22283 1.40284 29.29120 0.33226 0.04901 0.32941 0.28932 1478.547
1.460 0.54003 54.31541 1.40478 29.33177 0.33206 0.04918 0.32904 0.28972 1479.110
1.465 0.53985 54.40829 1.40673 29.37244 0.33186 0.04936 0.32866 0.29012 1479.674
1.470 0.53968 54.50148 1.40868 29.41323 0.33165 0.04953 0.32829 0.29053 1480.239
1.475 0.53950 54.59496 1.41064 29.45412 0.33145 0.04971 0.32792 0.29093 1480.806
1.480 0.53933 54.68874 1.41260 29.49512 0.33125 0.04988 0.32754 0.29133 1481.373
1.485 0.53915 54.78283 1.41457 29.53623 0.33104 0.05006 0.32717 0.29174 1481.942
1.490 0.53897 54.87723 1.41654 29.57745 0.33084 0.05023 0.32679 0.29214 1482.512
1.495 0.53880 54.97193 1.41852 29.61877 0.33063 0.05041 0.32642 0.29254 1483.083
1.500 0.53862 55.06695 1.42051 29.66021 0.33042 0.05059 0.32604 0.29294 1483.655
1.505 0.53844 55.16227 1.42250 29.70175 0.33022 0.05077 0.32566 0.29335 1484.229
1.510 0.53827 55.25790 1.42449 29.74341 0.33001 0.05095 0.32529 0.29375 1484.803
1.515 0.53809 55.35385 1.42649 29.78517 0.32980 0.05113 0.32491 0.29415 1485.379
1.520 0.53791 55.45011 1.42850 29.82705 0.32960 0.05131 0.32454 0.29456 1485.956
1.525 0.53773 55.54669 1.43051 29.86904 0.32939 0.05149 0.32416 0.29496 1486.535
1.530 0.53755 55.64359 1.43253 29.91114 0.32918 0.05167 0.32379 0.29536 1487.115
1.535 0.53737 55.74081 1.43455 29.95335 0.32897 0.05185 0.32341 0.29577 1487.695
1.540 0.53719 55.83835 1.43657 29.99567 0.32876 0.05204 0.32303 0.29617 1488.278
1.545 0.53701 55.93621 1.43861 30.03811 0.32855 0.05222 0.32266 0.29657 1488.861
1.550 0.53682 56.03439 1.44064 30.08066 0.32834 0.05240 0.32228 0.29698 1489.446
1.555 0.53664 56.13290 1.44269 30.12333 0.32813 0.05259 0.32190 0.29738 1490.031
1.560 0.53646 56.23174 1.44474 30.16610 0.32792 0.05277 0.32153 0.29778 1490.619
1.565 0.53628 56.33091 1.44679 30.20899 0.32771 0.05296 0.32115 0.29819 1491.207
1.570 0.53609 56.43041 1.44885 30.25200 0.32750 0.05314 0.32077 0.29859 1491.797
1.575 0.53591 56.53024 1.45092 30.29512 0.32728 0.05333 0.32039 0.29900 1492.388
1.580 0.53573 56.63040 1.45299 30.33836 0.32707 0.05351 0.32002 0.29940 1492.980
1.585 0.53554 56.73090 1.45506 30.38171 0.32686 0.05370 0.31964 0.29980 1493.573
1.590 0.53536 56.83174 1.45714 30.42518 0.32664 0.05389 0.31926 0.30021 1494.168
1.595 0.53517 56.93292 1.45923 30.46877 0.32643 0.05408 0.31888 0.30061 1494.764
1.600 0.53498 57.03443 1.46133 30.51247 0.32621 0.05427 0.31851 0.30101 1495.362
1.605 0.53480 57.13629 1.46342 30.55629 0.32600 0.05446 0.31813 0.30142 1495.960
1.610 0.53461 57.23850 1.46553 30.60023 0.32578 0.05465 0.31775 0.30182 1496.561
1.615 0.53442 57.34105 1.46764 30.64429 0.32557 0.05484 0.31737 0.30222 1497.162
1.620 0.53423 57.44394 1.46975 30.68846 0.32535 0.05503 0.31699 0.30263 1497.765
1.625 0.53404 57.54719 1.47188 30.73276 0.32513 0.05522 0.31661 0.30303 1498.369
1.630 0.53386 57.65079 1.47400 30.77717 0.32491 0.05541 0.31624 0.30343 1498.974
1.635 0.53367 57.75474 1.47614 30.82171 0.32470 0.05561 0.31586 0.30384 1499.581
1.640 0.53348 57.85904 1.47827 30.86636 0.32448 0.05580 0.31548 0.30424 1500.189
1.645 0.53328 57.96370 1.48042 30.91113 0.32426 0.05600 0.31510 0.30465 1500.798
1.650 0.53309 58.06872 1.48257 30.95603 0.32404 0.05619 0.31472 0.30505 1501.409
1.655 0.53290 58.17410 1.48472 31.00105 0.32382 0.05639 0.31434 0.30545 1502.021
1.660 0.53271 58.27984 1.48689 31.04619 0.32360 0.05658 0.31396 0.30586 1502.634
1.665 0.53252 58.38595 1.48905 31.09145 0.32338 0.05678 0.31358 0.30626 1503.249
1.670 0.53232 58.49242 1.49123 31.13683 0.32316 0.05698 0.31320 0.30666 1503.865
1.675 0.53213 58.59925 1.49341 31.18234 0.32294 0.05717 0.31282 0.30707 1504.483
1.680 0.53193 58.70646 1.49559 31.22797 0.32272 0.05737 0.31244 0.30747 1505.102
1.685 0.53174 58.81404 1.49778 31.27373 0.32249 0.05757 0.31206 0.30787 1505.722
1.690 0.53154 58.92199 1.49998 31.31961 0.32227 0.05777 0.31168 0.30828 1506.344
1.695 0.53135 59.03032 1.50218 31.36561 0.32205 0.05797 0.31130 0.30868 1506.967
1.700 0.53115 59.13902 1.50439 31.41174 0.32182 0.05817 0.31092 0.30908 1507.592
1.705 0.53095 59.24810 1.50661 31.45800 0.32160 0.05837 0.31054 0.30949 1508.218
1.710 0.53076 59.35756 1.50883 31.50438 0.32138 0.05857 0.31016 0.30989 1508.845
1.715 0.53056 59.46741 1.51106 31.55089 0.32115 0.05878 0.30978 0.31029 1509.474
1.720 0.53036 59.57764 1.51329 31.59753 0.32092 0.05898 0.30940 0.31069 1510.104
1.725 0.53016 59.68826 1.51553 31.64429 0.32070 0.05918 0.30902 0.31110 1510.736
1.730 0.52996 59.79926 1.51778 31.69118 0.32047 0.05939 0.30864 0.31150 1511.369
1.735 0.52976 59.91066 1.52003 31.73820 0.32025 0.05959 0.30826 0.31190 1512.004
1.740 0.52956 60.02245 1.52229 31.78535 0.32002 0.05980 0.30788 0.31231 1512.640
1.745 0.52936 60.13464 1.52455 31.83263 0.31979 0.06000 0.30750 0.31271 1513.277
1.750 0.52915 60.24722 1.52682 31.88003 0.31956 0.06021 0.30711 0.31311 1513.916
1.755 0.52895 60.36020 1.52910 31.92757 0.31933 0.06042 0.30673 0.31351 1514.557
1.760 0.52875 60.47358 1.53138 31.97524 0.31911 0.06063 0.30635 0.31392 1515.199
1.765 0.52854 60.58737 1.53367 32.02304 0.31888 0.06083 0.30597 0.31432 1515.842
1.770 0.52834 60.70156 1.53597 32.07097 0.31865 0.06104 0.30559 0.31472 1516.487
1.775 0.52813 60.81616 1.53827 32.11903 0.31842 0.06125 0.30521 0.31512 1517.134
1.780 0.52793 60.93117 1.54058 32.16723 0.31819 0.06146 0.30483 0.31553 1517.781
1.785 0.52772 61.04659 1.54289 32.21555 0.31796 0.06167 0.30444 0.31593 1518.431
1.790 0.52751 61.16243 1.54521 32.26401 0.31772 0.06188 0.30406 0.31633 1519.082
1.795 0.52731 61.27868 1.54754 32.31261 0.31749 0.06210 0.30368 0.31673 1519.734
1.800 0.52710 61.39535 1.54987 32.36134 0.31726 0.06231 0.30330 0.31713 1520.388
1.805 0.52689 61.51244 1.55221 32.41020 0.31703 0.06252 0.30291 0.31754 1521.044
1.810 0.52668 61.62996 1.55456 32.45920 0.31679 0.06274 0.30253 0.31794 1521.701
1.815 0.52647 61.74790 1.55691 32.50834 0.31656 0.06295 0.30215 0.31834 1522.360
1.820 0.52626 61.86626 1.55927 32.55761 0.31633 0.06317 0.30177 0.31874 1523.020
1.825 0.52605 61.98506 1.56164 32.60701 0.31609 0.06338 0.30138 0.31914 1523.682
1.830 0.52583 62.10429 1.56401 32.65656 0.31586 0.06360 0.30100 0.31954 1524.345
1.835 0.52562 62.22396 1.56639 32.70624 0.31562 0.06381 0.30062 0.31994 1525.010
1.840 0.52541 62.34406 1.56878 32.75606 0.31539 0.06403 0.30024 0.32035 1525.676
1.845 0.52519 62.46460 1.57117 32.80602 0.31515 0.06425 0.29985 0.32075 1526.344
1.850 0.52498 62.58559 1.57357 32.85612 0.31491 0.06447 0.29947 0.32115 1527.014
1.855 0.52476 62.70702 1.57597 32.90635 0.31468 0.06469 0.29909 0.32155 1527.685
1.860 0.52455 62.82889 1.57839 32.95673 0.31444 0.06491 0.29870 0.32195 1528.358
1.865 0.52433 62.95122 1.58081 33.00725 0.31420 0.06513 0.29832 0.32235 1529.033
1.870 0.52411 63.07399 1.58323 33.05791 0.31396 0.06535 0.29794 0.32275 1529.709
1.875 0.52389 63.19722 1.58567 33.10871 0.31372 0.06557 0.29755 0.32315 1530.387
1.880 0.52368 63.32091 1.58811 33.15965 0.31349 0.06579 0.29717 0.32355 1531.066
1.885 0.52346 63.44506 1.59055 33.21073 0.31325 0.06602 0.29679 0.32395 1531.747
1.890 0.52324 63.56967 1.59301 33.26196 0.31301 0.06624 0.29640 0.32435 1532.430
1.895 0.52302 63.69474 1.59547 33.31333 0.31277 0.06647 0.29602 0.32475 1533.114
1.900 0.52279 63.82028 1.59793 33.36484 0.31252 0.06669 0.29563 0.32515 1533.800
1.905 0.52257 63.94629 1.60041 33.41650 0.31228 0.06692 0.29525 0.32555 1534.488
1.910 0.52235 64.07277 1.60289 33.46830 0.31204 0.06714 0.29487 0.32595 1535.177
1.915 0.52212 64.19973 1.60538 33.52025 0.31180 0.06737 0.29448 0.32635 1535.868
1.920 0.52190 64.32716 1.60787 33.57235 0.31156 0.06760 0.29410 0.32675 1536.561
1.925 0.52167 64.45507 1.61037 33.62459 0.31131 0.06783 0.29371 0.32715 1537.256
1.930 0.52145 64.58347 1.61288 33.67697 0.31107 0.06805 0.29333 0.32754 1537.952
1.935 0.52122 64.71235 1.61540 33.72951 0.31083 0.06828 0.29295 0.32794 1538.650
1.940 0.52099 64.84172 1.61792 33.78219 0.31058 0.06851 0.29256 0.32834 1539.349
1.945 0.52077 64.97158 1.62045 33.83502 0.31034 0.06874 0.29218 0.32874 1540.051
1.950 0.52054 65.10194 1.62299 33.88801 0.31009 0.06898 0.29179 0.32914 1540.754
1.955 0.52031 65.23279 1.62553 33.94114 0.30985 0.06921 0.29141 0.32954 1541.459
1.960 0.52008 65.36414 1.62809 33.99442 0.30960 0.06944 0.29102 0.32993 1542.165
1.965 0.51985 65.49600 1.63064 34.04785 0.30936 0.06967 0.29064 0.33033 1542.874
1.970 0.51961 65.62836 1.63321 34.10143 0.30911 0.06991 0.29025 0.33073 1543.584
1.975 0.51938 65.76123 1.63578 34.15516 0.30886 0.07014 0.28987 0.33113 1544.296
1.980 0.51915 65.89460 1.63836 34.20905 0.30862 0.07038 0.28948 0.33152 1545.010
1.985 0.51891 66.02850 1.64095 34.26309 0.30837 0.07061 0.28910 0.33192 1545.725
1.990 0.51868 66.16291 1.64355 34.31728 0.30812 0.07085 0.28871 0.33232 1546.442
1.995 0.51844 66.29784 1.64615 34.37162 0.30787 0.07109 0.28833 0.33271 1547.162
2.000 0.51821 66.43329 1.64876 34.42612 0.30762 0.07133 0.28794 0.33311 1547.883
2.005 0.51797 66.56927 1.65138 34.48078 0.30737 0.07156 0.28756 0.33351 1548.605
2.010 0.51773 66.70578 1.65400 34.53559 0.30712 0.07180 0.28717 0.33390 1549.330
2.015 0.51749 66.84282 1.65664 34.59055 0.30687 0.07204 0.28679 0.33430 1550.057
2.020 0.51725 66.98039 1.65928 34.64567 0.30662 0.07228 0.28640 0.33469 1550.785
2.025 0.51701 67.11851 1.66192 34.70095 0.30637 0.07252 0.28602 0.33509 1551.515
2.030 0.51677 67.25716 1.66458 34.75639 0.30612 0.07277 0.28563 0.33548 1552.247
2.035 0.51653 67.39636 1.66724 34.81198 0.30587 0.07301 0.28524 0.33588 1552.981
2.040 0.51628 67.53611 1.66991 34.86774 0.30561 0.07325 0.28486 0.33627 1553.717
2.045 0.51604 67.67641 1.67259 34.92365 0.30536 0.07350 0.28447 0.33667 1554.455
2.050 0.51579 67.81726 1.67527 34.97972 0.30511 0.07374 0.28409 0.33706 1555.195
2.055 0.51555 67.95868 1.67797 35.03596 0.30485 0.07399 0.28370 0.33746 1555.936
2.060 0.51530 68.10065 1.68067 35.09235 0.30460 0.07423 0.28332 0.33785 1556.680
2.065 0.51505 68.24319 1.68338 35.14891 0.30435 0.07448 0.28293 0.33824 1557.425
2.070 0.51481 68.38629 1.68609 35.20562 0.30409 0.07473 0.28254 0.33864 1558.173
2.075 0.51456 68.52997 1.68882 35.26250 0.30384 0.07497 0.28216 0.33903 1558.922
2.080 0.51431 68.67422 1.69155 35.31955 0.30358 0.07522 0.28177 0.33942 1559.673
2.085 0.51405 68.81905 1.69429 35.37675 0.30333 0.07547 0.28139 0.33982 1560.427
2.090 0.51380 68.96446 1.69704 35.43413 0.30307 0.07572 0.28100 0.34021 1561.182
2.095 0.51355 69.11045 1.69979 35.49166 0.30281 0.07597 0.28061 0.34060 1561.939
2.100 0.51330 69.25704 1.70256 35.54936 0.30256 0.07622 0.28023 0.34099 1562.699
2.105 0.51304 69.40421 1.70533 35.60723 0.30230 0.07647 0.27984 0.34139 1563.460
2.110 0.51279 69.55198 1.70811 35.66527 0.30204 0.07673 0.27946 0.34178 1564.223
2.115 0.51253 69.70035 1.71089 35.72347 0.30178 0.07698 0.27907 0.34217 1564.989
2.120 0.51227 69.84933 1.71369 35.78184 0.30152 0.07723 0.27868 0.34256 1565.756
2.125 0.51201 69.99891 1.71649 35.84038 0.30126 0.07749 0.27830 0.34295 1566.525
2.130 0.51175 70.14910 1.71930 35.89909 0.30100 0.07774 0.27791 0.34334 1567.297
2.135 0.51149 70.29991 1.72212 35.95797 0.30074 0.07800 0.27752 0.34373 1568.070
2.140 0.51123 70.45133 1.72495 36.01701 0.30048 0.07826 0.27714 0.34412 1568.846
2.145 0.51097 70.60337 1.72779 36.07623 0.30022 0.07851 0.27675 0.34451 1569.624
2.150 0.51071 70.75604 1.73063 36.13562 0.29996 0.07877 0.27637 0.34490 1570.404
2.155 0.51044 70.90934 1.73349 36.19518 0.29970 0.07903 0.27598 0.34529 1571.186
2.160 0.51018 71.06328 1.73635 36.25492 0.29944 0.07929 0.27559 0.34568 1571.970
2.165 0.50991 71.21785 1.73922 36.31483 0.29918 0.07955 0.27521 0.34607 1572.756
2.170 0.50964 71.37306 1.74209 36.37491 0.29891 0.07981 0.27482 0.34646 1573.544
2.175 0.50938 71.52891 1.74498 36.43517 0.29865 0.08007 0.27443 0.34685 1574.335
2.180 0.50911 71.68542 1.74787 36.49560 0.29839 0.08033 0.27405 0.34723 1575.128
2.185 0.50884 71.84258 1.75078 36.55621 0.29812 0.08060 0.27366 0.34762 1575.922
2.190 0.50857 72.00039 1.75369 36.61699 0.29786 0.08086 0.27327 0.34801 1576.719
2.195 0.50829 72.15887 1.75661 36.67796 0.29760 0.08112 0.27289 0.34840 1577.519
2.200 0.50802 72.31802 1.75954 36.73910 0.29733 0.08139 0.27250 0.34878 1578.320
2.205 0.50775 72.47783 1.76247 36.80041 0.29707 0.08165 0.27211 0.34917 1579.124
2.210 0.50747 72.63832 1.76542 36.86191 0.29680 0.08192 0.27173 0.34955 1579.930
2.215 0.50720 72.79948 1.76837 36.92359 0.29653 0.08219 0.27134 0.34994 1580.738
2.220 0.50692 72.96133 1.77133 36.98544 0.29627 0.08245 0.27095 0.35033 1581.548
2.225 0.50664 73.12387 1.77430 37.04748 0.29600 0.08272 0.27057 0.35071 1582.361
2.230 0.50636 73.28709 1.77728 37.10970 0.29573 0.08299 0.27018 0.35110 1583.176
2.235 0.50608 73.45102 1.78027 37.17210 0.29547 0.08326 0.26979 0.35148 1583.993
2.240 0.50580 73.61564 1.78327 37.23469 0.29520 0.08353 0.26941 0.35187 1584.812
2.245 0.50552 73.78097 1.78628 37.29746 0.29493 0.08380 0.26902 0.35225 1585.634
2.250 0.50523 73.94701 1.78929 37.36041 0.29466 0.08408 0.26863 0.35263 1586.458
2.255 0.50495 74.11376 1.79232 37.42355 0.29439 0.08435 0.26824 0.35302 1587.285
2.260 0.50466 74.28123 1.79535 37.48687 0.29412 0.08462 0.26786 0.35340 1588.114
2.265 0.50437 74.44942 1.79839 37.55038 0.29385 0.08489 0.26747 0.35378 1588.945
2.270 0.50409 74.61834 1.80144 37.61407 0.29358 0.08517 0.26708 0.35416 1589.778
2.275 0.50380 74.78800 1.80450 37.67796 0.29331 0.08544 0.26670 0.35455 1590.614
2.280 0.50351 74.95839 1.80757 37.74203 0.29304 0.08572 0.26631 0.35493 1591.453
2.285 0.50321 75.12952 1.81065 37.80629 0.29277 0.08600 0.26592 0.35531 1592.293
2.290 0.50292 75.30140 1.81373 37.87074 0.29250 0.08628 0.26554 0.35569 1593.137
2.295 0.50263 75.47403 1.81683 37.93538 0.29223 0.08655 0.26515 0.35607 1593.982
2.300 0.50233 75.64742 1.81993 38.00021 0.29195 0.08683 0.26476 0.35645 1594.830
2.305 0.50204 75.82158 1.82305 38.06523 0.29168 0.08711 0.26438 0.35683 1595.681
2.310 0.50174 75.99650 1.82617 38.13045 0.29141 0.08739 0.26399 0.35721 1596.534
2.315 0.50144 76.17219 1.82930 38.19586 0.29113 0.08767 0.26360 0.35759 1597.389
2.320 0.50114 76.34866 1.83245 38.26146 0.29086 0.08796 0.26322 0.35797 1598.247
2.325 0.50084 76.52591 1.83560 38.32726 0.29059 0.08824 0.26283 0.35835 1599.107
2.330 0.50054 76.70394 1.83876 38.39325 0.29031 0.08852 0.26244 0.35873 1599.970
2.335 0.50023 76.88278 1.84193 38.45943 0.29004 0.08881 0.26206 0.35910 1600.836
2.340 0.49993 77.06241 1.84511 38.52582 0.28976 0.08909 0.26167 0.35948 1601.704
2.345 0.49962 77.24284 1.84829 38.59240 0.28949 0.08938 0.26128 0.35986 1602.575
2.350 0.49932 77.42408 1.85149 38.65918 0.28921 0.08966 0.26089 0.36023 1603.448
2.355 0.49901 77.60614 1.85470 38.72616 0.28893 0.08995 0.26051 0.36061 1604.324
2.360 0.49870 77.78902 1.85792 38.79333 0.28866 0.09024 0.26012 0.36099 1605.202
2.365 0.49839 77.97272 1.86115 38.86071 0.28838 0.09052 0.25973 0.36136 1606.083
2.370 0.49808 78.15725 1.86438 38.92829 0.28810 0.09081 0.25935 0.36174 1606.967
2.375 0.49776 78.34262 1.86763 38.99607 0.28782 0.09110 0.25896 0.36211 1607.853
2.380 0.49745 78.52884 1.87088 39.06405 0.28755 0.09139 0.25857 0.36249 1608.742
2.385 0.49713 78.71590 1.87415 39.13223 0.28727 0.09168 0.25819 0.36286 1609.634
2.390 0.49682 78.90382 1.87742 39.20062 0.28699 0.09198 0.25780 0.36323 1610.528
2.395 0.49650 79.09259 1.88071 39.26921 0.28671 0.09227 0.25741 0.36361 1611.425
2.400 0.49618 79.28224 1.88400 39.33801 0.28643 0.09256 0.25703 0.36398 1612.325
2.405 0.49586 79.47275 1.88731 39.40702 0.28615 0.09286 0.25664 0.36435 1613.227
2.410 0.49553 79.66414 1.89062 39.47623 0.28587 0.09315 0.25626 0.36472 1614.133
2.415 0.49521 79.85642 1.89395 39.54564 0.28559 0.09345 0.25587 0.36510 1615.041
2.420 0.49488 80.04959 1.89728 39.61527 0.28531 0.09374 0.25548 0.36547 1615.951
2.425 0.49456 80.24365 1.90063 39.68511 0.28503 0.09404 0.25510 0.36584 1616.865
2.430 0.49423 80.43862 1.90398 39.75515 0.28475 0.09434 0.25471 0.36621 1617.781
2.435 0.49390 80.63449 1.90735 39.82541 0.28446 0.09464 0.25432 0.36658 1618.701
2.440 0.49357 80.83128 1.91072 39.89587 0.28418 0.09494 0.25394 0.36695 1619.623
2.445 0.49324 81.02899 1.91411 39.96655 0.28390 0.09524 0.25355 0.36732 1620.548
2.450 0.49290 81.22764 1.91750 40.03745 0.28362 0.09554 0.25316 0.36768 1621.476
2.455 0.49257 81.42721 1.92091 40.10855 0.28333 0.09584 0.25278 0.36805 1622.406
2.460 0.49223 81.62773 1.92432 40.17987 0.28305 0.09614 0.25239 0.36842 1623.340
2.465 0.49190 81.82920 1.92775 40.25140 0.28276 0.09644 0.25201 0.36879 1624.277
2.470 0.49156 82.03162 1.93119 40.32316 0.28248 0.09675 0.25162 0.36915 1625.216
2.475 0.49122 82.23500 1.93463 40.39512 0.28220 0.09705 0.25123 0.36952 1626.159
2.480 0.49087 82.43936 1.93809 40.46731 0.28191 0.09736 0.25085 0.36989 1627.104
2.485 0.49053 82.64468 1.94156 40.53971 0.28163 0.09766 0.25046 0.37025 1628.052
2.490 0.49019 82.85100 1.94504 40.61233 0.28134 0.09797 0.25007 0.37062 1629.004
2.495 0.48984 83.05830 1.94852 40.68518 0.28105 0.09828 0.24969 0.37098 1629.958
2.500 0.48949 83.26660 1.95202 40.75824 0.28077 0.09858 0.24930 0.37134 1630.916
2.505 0.48914 83.47590 1.95553 40.83152 0.28048 0.09889 0.24892 0.37171 1631.877
2.510 0.48879 83.68621 1.95905 40.90503 0.28019 0.09920 0.24853 0.37207 1632.840
2.515 0.48844 83.89755 1.96258 40.97876 0.27991 0.09951 0.24815 0.37243 1633.807
2.520 0.48808 84.10991 1.96613 41.05271 0.27962 0.09982 0.24776 0.37280 1634.777
2.525 0.48773 84.32330 1.96968 41.12689 0.27933 0.10014 0.24737 0.37316 1635.750
2.530 0.48737 84.53774 1.97324 41.20130 0.27904 0.10045 0.24699 0.37352 1636.726
2.535 0.48701 84.75322 1.97682 41.27593 0.27875 0.10076 0.24660 0.37388 1637.705
2.540 0.48665 84.96976 1.98040 41.35079 0.27847 0.10108 0.24622 0.37424 1638.688
2.545 0.48629 85.18737 1.98400 41.42587 0.27818 0.10139 0.24583 0.37460 1639.674
2.550 0.48593 85.40605 1.98760 41.50119 0.27789 0.10171 0.24545 0.37496 1640.663
2.555 0.48556 85.62581 1.99122 41.57673 0.27760 0.10202 0.24506 0.37532 1641.655
2.560 0.48520 85.84666 1.99485 41.65251 0.27731 0.10234 0.24468 0.37568 1642.650
2.565 0.48483 86.06860 1.99849 41.72851 0.27702 0.10266 0.24429 0.37603 1643.649
2.570 0.48446 86.29165 2.00214 41.80475 0.27673 0.10298 0.24391 0.37639 1644.651
2.575 0.48409 86.51582 2.00581 41.88122 0.27643 0.10330 0.24352 0.37675 1645.657
2.580 0.48371 86.74110 2.00948 41.95793 0.27614 0.10362 0.24314 0.37710 1646.666
2.585 0.48334 86.96752 2.01316 42.03487 0.27585 0.10394 0.24275 0.37746 1647.678
2.590 0.48296 87.19507 2.01686 42.11205 0.27556 0.10426 0.24237 0.37782 1648.693
2.595 0.48259 87.42378 2.02057 42.18946 0.27527 0.10458 0.24198 0.37817 1649.712
2.600 0.48221 87.65363 2.02429 42.26711 0.27497 0.10491 0.24160 0.37852 1650.735
2.605 0.48182 87.88466 2.02802 42.34500 0.27468 0.10523 0.24121 0.37888 1651.760
2.610 0.48144 88.11685 2.03176 42.42313 0.27439 0.10555 0.24083 0.37923 1652.790
2.615 0.48106 88.35023 2.03551 42.50150 0.27409 0.10588 0.24044 0.37958 1653.822
2.620 0.48067 88.58481 2.03928 42.58011 0.27380 0.10621 0.24006 0.37994 1654.859
2.625 0.48028 88.82058 2.04305 42.65896 0.27351 0.10653 0.23967 0.38029 1655.899
2.630 0.47989 89.05756 2.04684 42.73806 0.27321 0.10686 0.23929 0.38064 1656.942
2.635 0.47950 89.29576 2.05064 42.81739 0.27292 0.10719 0.23890 0.38099 1657.989
2.640 0.47911 89.53520 2.05445 42.89698 0.27262 0.10752 0.23852 0.38134 1659.039
2.645 0.47871 89.77587 2.05828 42.97681 0.27233 0.10785 0.23814 0.38169 1660.094
2.650 0.47832 90.01779 2.06211 43.05688 0.27203 0.10818 0.23775 0.38204 1661.151
2.655 0.47792 90.26096 2.06596 43.13720 0.27173 0.10851 0.23737 0.38239 1662.213
2.660 0.47752 90.50541 2.06982 43.21777 0.27144 0.10884 0.23698 0.38273 1663.278
2.665 0.47711 90.75113 2.07369 43.29859 0.27114 0.10918 0.23660 0.38308 1664.347
2.670 0.47671 90.99814 2.07757 43.37966 0.27084 0.10951 0.23622 0.38343 1665.420
2.675 0.47630 91.24645 2.08146 43.46098 0.27055 0.10985 0.23583 0.38377 1666.496
2.680 0.47590 91.49607 2.08537 43.54255 0.27025 0.11018 0.23545 0.38412 1667.576
2.685 0.47549 91.74701 2.08929 43.62438 0.26995 0.11052 0.23507 0.38446 1668.660
2.690 0.47507 91.99927 2.09322 43.70646 0.26965 0.11086 0.23468 0.38481 1669.748
2.695 0.47466 92.25288 2.09716 43.78879 0.26936 0.11119 0.23430 0.38515 1670.840
2.700 0.47425 92.50784 2.10112 43.87138 0.26906 0.11153 0.23392 0.38549 1671.935
2.705 0.47383 92.76415 2.10509 43.95423 0.26876 0.11187 0.23353 0.38584 1673.035
2.710 0.47341 93.02185 2.10907 44.03733 0.26846 0.11221 0.23315 0.38618 1674.138
2.715 0.47299 93.28092 2.11306 44.12069 0.26816 0.11255 0.23277 0.38652 1675.246
2.720 0.47256 93.54139 2.11706 44.20431 0.26786 0.11289 0.23238 0.38686 1676.357
2.725 0.47214 93.80326 2.12108 44.28820 0.26756 0.11324 0.23200 0.38720 1677.472
2.730 0.47171 94.06656 2.12511 44.37234 0.26726 0.11358 0.23162 0.38754 1678.592
2.735 0.47128 94.33128 2.12915 44.45675 0.26696 0.11392 0.23124 0.38788 1679.715
2.740 0.47085 94.59744 2.13321 44.54141 0.26666 0.11427 0.23085 0.38822 1680.843
2.745 0.47042 94.86505 2.13728 44.62635 0.26636 0.11461 0.23047 0.38856 1681.974
2.750 0.46998 95.13413 2.14136 44.71155 0.26606 0.11496 0.23009 0.38889 1683.110
2.755 0.46955 95.40469 2.14545 44.79701 0.26575 0.11531 0.22971 0.38923 1684.250
2.760 0.46911 95.67673 2.14956 44.88275 0.26545 0.11566 0.22933 0.38957 1685.394
2.765 0.46867 95.95028 2.15368 44.96875 0.26515 0.11600 0.22894 0.38990 1686.543
2.770 0.46822 96.22534 2.15781 45.05502 0.26485 0.11635 0.22856 0.39024 1687.695
2.775 0.46778 96.50192 2.16195 45.14156 0.26454 0.11670 0.22818 0.39057 1688.852
2.780 0.46733 96.78004 2.16611 45.22837 0.26424 0.11706 0.22780 0.39090 1690.014
2.785 0.46688 97.05972 2.17028 45.31545 0.26394 0.11741 0.22742 0.39124 1691.179
2.790 0.46643 97.34096 2.17446 45.40281 0.26363 0.11776 0.22704 0.39157 1692.349
2.795 0.46598 97.62378 2.17866 45.49045 0.26333 0.11811 0.22665 0.39190 1693.523
2.800 0.46552 97.90819 2.18287 45.57835 0.26303 0.11847 0.22627 0.39223 1694.702
2.805 0.46506 98.19420 2.18709 45.66654 0.26272 0.11882 0.22589 0.39256 1695.885
2.810 0.46460 98.48183 2.19133 45.75500 0.26242 0.11918 0.22551 0.39289 1697.073
2.815 0.46414 98.77109 2.19558 45.84374 0.26211 0.11954 0.22513 0.39322 1698.265
2.820 0.46368 99.06200 2.19984 45.93276 0.26181 0.11989 0.22475 0.39355 1699.462
2.825 0.46321 99.35457 2.20412 46.02206 0.26150 0.12025 0.22437 0.39388 1700.663
2.830 0.46274 99.64882 2.20841 46.11164 0.26120 0.12061 0.22399 0.39421 1701.869
2.835 0.46227 99.94475 2.21272 46.20151 0.26089 0.12097 0.22361 0.39453 1703.080
2.840 0.46180 100.24239 2.21703 46.29166 0.26058 0.12133 0.22323 0.39486 1704.295
2.845 0.46132 100.54174 2.22136 46.38209 0.26028 0.12169 0.22285 0.39518 1705.515
2.850 0.46084 100.84282 2.22571 46.47281 0.25997 0.12205 0.22247 0.39551 1706.740
2.855 0.46036 101.14566 2.23007 46.56382 0.25966 0.12242 0.22209 0.39583 1707.970
2.860 0.45988 101.45026 2.23444 46.65511 0.25936 0.12278 0.22171 0.39616 1709.204
2.865 0.45940 101.75663 2.23883 46.74669 0.25905 0.12314 0.22133 0.39648 1710.443
2.870 0.45891 102.06480 2.24323 46.83857 0.25874 0.12351 0.22095 0.39680 1711.687
2.875 0.45842 102.37478 2.24764 46.93073 0.25843 0.12388 0.22057 0.39712 1712.936
2.880 0.45793 102.68659 2.25207 47.02319 0.25813 0.12424 0.22019 0.39744 1714.190
2.885 0.45744 103.00023 2.25651 47.11594 0.25782 0.12461 0.21981 0.39776 1715.449
2.890 0.45694 103.31574 2.26097 47.20899 0.25751 0.12498 0.21943 0.39808 1716.712
2.895 0.45644 103.63312 2.26544 47.30233 0.25720 0.12535 0.21905 0.39840 1717.981
2.900 0.45594 103.95239 2.26992 47.39597 0.25689 0.12572 0.21868 0.39872 1719.255
2.905 0.45544 104.27357 2.27442 47.48991 0.25658 0.12609 0.21830 0.39903 1720.534
2.910 0.45493 104.59668 2.27893 47.58414 0.25627 0.12646 0.21792 0.39935 1721.819
2.915 0.45442 104.92173 2.28346 47.67868 0.25596 0.12683 0.21754 0.39967 1723.108
2.920 0.45391 105.24874 2.28800 47.77352 0.25565 0.12721 0.21716 0.39998 1724.403
2.925 0.45340 105.57773 2.29256 47.86866 0.25534 0.12758 0.21678 0.40030 1725.703
2.930 0.45288 105.90871 2.29713 47.96410 0.25503 0.12795 0.21641 0.40061 1727.008
2.935 0.45236 106.24171 2.30172 48.05985 0.25472 0.12833 0.21603 0.40092 1728.318
2.940 0.45184 106.57674 2.30632 48.15590 0.25441 0.12871 0.21565 0.40123 1729.634
2.945 0.45132 106.91382 2.31093 48.25226 0.25410 0.12908 0.21527 0.40155 1730.956
2.950 0.45079 107.25297 2.31556 48.34893 0.25379 0.12946 0.21490 0.40186 1732.283
2.955 0.45027 107.59421 2.32021 48.44591 0.25347 0.12984 0.21452 0.40217 1733.615
2.960 0.44973 107.93756 2.32487 48.54320 0.25316 0.13022 0.21414 0.40248 1734.953
2.965 0.44920 108.28304 2.32954 48.64081 0.25285 0.13060 0.21377 0.40278 1736.296
2.970 0.44866 108.63067 2.33423 48.73872 0.25254 0.13098 0.21339 0.40309 1737.646
2.975 0.44813 108.98046 2.33893 48.83695 0.25223 0.13136 0.21301 0.40340 1739.000
2.980 0.44758 109.33244 2.34365 48.93549 0.25191 0.13175 0.21264 0.40371 1740.361
2.985 0.44704 109.68663 2.34839 49.03435 0.25160 0.13213 0.21226 0.40401 1741.727
2.990 0.44649 110.04304 2.35314 49.13353 0.25129 0.13251 0.21188 0.40432 1743.099
2.995 0.44594 110.40171 2.35790 49.23303 0.25097 0.13290 0.21151 0.40462 1744.477
3.000 0.44539 110.76265 2.36268 49.33285 0.25066 0.13328 0.21113 0.40492 1745.861
3.005 0.44484 111.12588 2.36748 49.43299 0.25035 0.13367 0.21076 0.40523 1747.250
3.010 0.44428 111.49142 2.37229 49.53345 0.25003 0.13406 0.21038 0.40553 1748.646
3.015 0.44372 111.85931 2.37712 49.63423 0.24972 0.13445 0.21001 0.40583 1750.048
3.020 0.44316 112.22955 2.38196 49.73534 0.24940 0.13484 0.20963 0.40613 1751.455
3.025 0.44259 112.60217 2.38682 49.83678 0.24909 0.13523 0.20926 0.40643 1752.869
3.030 0.44202 112.97719 2.39169 49.93855 0.24877 0.13562 0.20888 0.40673 1754.289
3.035 0.44145 113.35465 2.39658 50.04064 0.24846 0.13601 0.20851 0.40703 1755.715
3.040 0.44088 113.73455 2.40149 50.14306 0.24814 0.13640 0.20813 0.40732 1757.148
3.045 0.44030 114.11693 2.40641 50.24582 0.24783 0.13679 0.20776 0.40762 1758.587
3.050 0.43972 114.50181 2.41135 50.34890 0.24751 0.13719 0.20738 0.40792 1760.032
3.055 0.43914 114.88921 2.41630 50.45232 0.24720 0.13758 0.20701 0.40821 1761.483
3.060 0.43855 115.27916 2.42127 50.55608 0.24688 0.13798 0.20664 0.40851 1762.941
3.065 0.43797 115.67168 2.42625 50.66017 0.24656 0.13837 0.20626 0.40880 1764.406
3.070 0.43737 116.06680 2.43125 50.76460 0.24625 0.13877 0.20589 0.40909 1765.877
3.075 0.43678 116.46455 2.43627 50.86937 0.24593 0.13917 0.20552 0.40938 1767.354
3.080 0.43618 116.86494 2.44131 50.97448 0.24561 0.13957 0.20514 0.40967 1768.838
3.085 0.43558 117.26801 2.44636 51.07993 0.24530 0.13997 0.20477 0.40997 1770.329
3.090 0.43498 117.67378 2.45142 51.18572 0.24498 0.14037 0.20440 0.41025 1771.827
3.095 0.43437 118.08229 2.45651 51.29186 0.24466 0.14077 0.20403 0.41054 1773.331
3.100 0.43376 118.49355 2.46161 51.39835 0.24434 0.14117 0.20365 0.41083 1774.843
3.105 0.43315 118.90759 2.46672 51.50518 0.24403 0.14157 0.20328 0.41112 1776.361
3.110 0.43254 119.32445 2.47186 51.61235 0.24371 0.14198 0.20291 0.41140 1777.886
3.115 0.43192 119.74415 2.47701 51.71988 0.24339 0.14238 0.20254 0.41169 1779.419
3.120 0.43130 120.16672 2.48217 51.82776 0.24307 0.14279 0.20217 0.41198 1780.958
3.125 0.43067 120.59219 2.48736 51.93599 0.24275 0.14319 0.20180 0.41226 1782.505
3.130 0.43005 121.02058 2.49256 52.04457 0.24244 0.14360 0.20142 0.41254 1784.058
3.135 0.42942 121.45194 2.49777 52.15351 0.24212 0.14401 0.20105 0.41282 1785.619
3.140 0.42878 121.88628 2.50301 52.26281 0.24180 0.14441 0.20068 0.41311 1787.188
3.145 0.42815 122.32365 2.50826 52.37246 0.24148 0.14482 0.20031 0.41339 1788.763
3.150 0.42751 122.76407 2.51353 52.48247 0.24116 0.14523 0.19994 0.41367 1790.346
3.155 0.42686 123.20757 2.51881 52.59284 0.24084 0.14564 0.19957 0.41395 1791.937
3.160 0.42622 123.65418 2.52412 52.70358 0.24052 0.14606 0.19920 0.41422 1793.535
3.165 0.42557 124.10395 2.52944 52.81467 0.24020 0.14647 0.19883 0.41450 1795.141
3.170 0.42492 124.55689 2.53478 52.92613 0.23988 0.14688 0.19846 0.41478 1796.755
3.175 0.42426 125.01305 2.54013 53.03796 0.23956 0.14730 0.19809 0.41505 1798.376
3.180 0.42360 125.47245 2.54551 53.15015 0.23924 0.14771 0.19772 0.41533 1800.005
3.185 0.42294 125.93514 2.55090 53.26272 0.23892 0.14813 0.19735 0.41560 1801.642
3.190 0.42227 126.40115 2.55631 53.37565 0.23860 0.14854 0.19698 0.41587 1803.287
3.195 0.42160 126.87050 2.56173 53.48895 0.23828 0.14896 0.19662 0.41615 1804.940
3.200 0.42093 127.34325 2.56718 53.60263 0.23796 0.14938 0.19625 0.41642 1806.601
3.205 0.42025 127.81942 2.57264 53.71668 0.23764 0.14980 0.19588 0.41669 1808.270
3.210 0.41958 128.29904 2.57812 53.83111 0.23731 0.15022 0.19551 0.41696 1809.948
3.215 0.41889 128.78217 2.58362 53.94592 0.23699 0.15064 0.19514 0.41723 1811.634
3.220 0.41821 129.26884 2.58913 54.06110 0.23667 0.15106 0.19478 0.41750 1813.328
3.225 0.41752 129.75907 2.59467 54.17666 0.23635 0.15148 0.19441 0.41776 1815.030
3.230 0.41682 130.25293 2.60022 54.29261 0.23603 0.15190 0.19404 0.41803 1816.741
3.235 0.41613 130.75043 2.60579 54.40894 0.23571 0.15233 0.19367 0.41829 1818.461
3.240 0.41543 131.25163 2.61138 54.52565 0.23538 0.15275 0.19331 0.41856 1820.189
3.245 0.41473 131.75655 2.61699 54.64275 0.23506 0.15318 0.19294 0.41882 1821.926
3.250 0.41402 132.26526 2.62262 54.76024 0.23474 0.15360 0.19258 0.41909 1823.672
3.255 0.41331 132.77778 2.62826 54.87812 0.23442 0.15403 0.19221 0.41935 1825.427
3.260 0.41259 133.29416 2.63393 54.99638 0.23409 0.15446 0.19184 0.41961 1827.191
