0.000 1350.000 0.37200 0.01640 0.43000 0.181000.37200 0.01640 0.43000 0.18100 1.00000 1.620e+13 0.45000
0.005 1349.554 0.37171 0.01632 0.42989 0.18050 0.37230 0.01635 0.43057 0.18078 0.99842 1.617e+13 0.45085
0.010 1349.110 0.37142 0.01624 0.42979 0.18000 0.37237 0.01628 0.43089 0.18046 0.99745 1.616e+13 0.45197
0.015 1348.669 0.37114 0.01616 0.42968 0.17950 0.37245 0.01622 0.43120 0.18013 0.99648 1.614e+13 0.45308
0.020 1348.230 0.37085 0.01608 0.42957 0.17900 0.37252 0.01615 0.43151 0.17981 0.99551 1.613e+13 0.45419
0.025 1347.793 0.37056 0.01600 0.42947 0.17851 0.37260 0.01609 0.43183 0.17949 0.99454 1.611e+13 0.45529
0.030 1347.359 0.37027 0.01592 0.42936 0.17801 0.37267 0.01603 0.43214 0.17916 0.99357 1.610e+13 0.45639
0.035 1346.927 0.36999 0.01584 0.42926 0.17752 0.37274 0.01596 0.43245 0.17884 0.99261 1.608e+13 0.45749
0.040 1346.498 0.36970 0.01577 0.42915 0.17703 0.37282 0.01590 0.43277 0.17852 0.99164 1.606e+13 0.45858
0.045 1346.071 0.36941 0.01569 0.42904 0.17654 0.37289 0.01584 0.43308 0.17820 0.99068 1.605e+13 0.45966
0.050 1345.646 0.36913 0.01561 0.42894 0.17605 0.37296 0.01577 0.43339 0.17787 0.98972 1.603e+13 0.46075
0.055 1345.223 0.36884 0.01554 0.42883 0.17556 0.37303 0.01571 0.43370 0.17755 0.98877 1.602e+13 0.46182
0.060 1344.802 0.36856 0.01546 0.42872 0.17507 0.37310 0.01565 0.43401 0.17723 0.98781 1.600e+13 0.46290
0.065 1344.384 0.36827 0.01538 0.42862 0.17459 0.37317 0.01559 0.43433 0.17691 0.98686 1.599e+13 0.46396
0.070 1343.968 0.36799 0.01531 0.42851 0.17410 0.37325 0.01553 0.43464 0.17659 0.98591 1.597e+13 0.46503
0.075 1343.554 0.36770 0.01523 0.42841 0.17362 0.37332 0.01546 0.43495 0.17627 0.98496 1.596e+13 0.46609
0.080 1343.142 0.36742 0.01516 0.42830 0.17314 0.37339 0.01540 0.43526 0.17595 0.98401 1.594e+13 0.46714
0.085 1342.733 0.36713 0.01508 0.42819 0.17266 0.37345 0.01534 0.43557 0.17563 0.98307 1.593e+13 0.46820
0.090 1342.325 0.36685 0.01501 0.42809 0.17218 0.37352 0.01528 0.43588 0.17531 0.98213 1.591e+13 0.46924
0.095 1341.920 0.36656 0.01493 0.42798 0.17170 0.37359 0.01522 0.43619 0.17500 0.98118 1.590e+13 0.47029
0.100 1341.517 0.36628 0.01486 0.42788 0.17123 0.37366 0.01516 0.43650 0.17468 0.98025 1.588e+13 0.47133
0.105 1341.115 0.36599 0.01479 0.42777 0.17075 0.37373 0.01510 0.43681 0.17436 0.97931 1.586e+13 0.47236
0.110 1340.716 0.36571 0.01472 0.42767 0.17028 0.37380 0.01504 0.43712 0.17404 0.97837 1.585e+13 0.47339
0.115 1340.319 0.36543 0.01464 0.42756 0.16981 0.37386 0.01498 0.43743 0.17373 0.97744 1.583e+13 0.47442
0.120 1339.924 0.36514 0.01457 0.42745 0.16934 0.37393 0.01492 0.43774 0.17341 0.97651 1.582e+13 0.47544
0.125 1339.531 0.36486 0.01450 0.42735 0.16887 0.37400 0.01486 0.43805 0.17310 0.97558 1.580e+13 0.47646
0.130 1339.140 0.36458 0.01443 0.42724 0.16840 0.37406 0.01480 0.43835 0.17278 0.97465 1.579e+13 0.47747
0.135 1338.750 0.36430 0.01436 0.42714 0.16793 0.37413 0.01475 0.43866 0.17247 0.97373 1.577e+13 0.47848
0.140 1338.363 0.36401 0.01429 0.42703 0.16747 0.37419 0.01469 0.43897 0.17215 0.97280 1.576e+13 0.47949
0.145 1337.978 0.36373 0.01422 0.42692 0.16700 0.37426 0.01463 0.43928 0.17184 0.97188 1.574e+13 0.48049
0.150 1337.594 0.36345 0.01415 0.42682 0.16654 0.37432 0.01457 0.43958 0.17152 0.97096 1.573e+13 0.48149
0.155 1337.213 0.36317 0.01408 0.42671 0.16608 0.37439 0.01451 0.43989 0.17121 0.97004 1.571e+13 0.48249
0.160 1336.833 0.36289 0.01401 0.42661 0.16562 0.37445 0.01446 0.44020 0.17090 0.96912 1.570e+13 0.48348
0.165 1336.455 0.36261 0.01394 0.42650 0.16516 0.37451 0.01440 0.44051 0.17058 0.96821 1.569e+13 0.48446
0.170 1336.079 0.36233 0.01387 0.42640 0.16470 0.37458 0.01434 0.44081 0.17027 0.96730 1.567e+13 0.48545
0.175 1335.705 0.36205 0.01380 0.42629 0.16425 0.37464 0.01428 0.44112 0.16996 0.96639 1.566e+13 0.48642
0.180 1335.333 0.36176 0.01374 0.42619 0.16379 0.37470 0.01423 0.44142 0.16965 0.96548 1.564e+13 0.48740
0.185 1334.962 0.36148 0.01367 0.42608 0.16334 0.37476 0.01417 0.44173 0.16934 0.96457 1.563e+13 0.48837
0.190 1334.594 0.36120 0.01360 0.42597 0.16289 0.37482 0.01411 0.44204 0.16903 0.96367 1.561e+13 0.48934
0.195 1334.227 0.36092 0.01353 0.42587 0.16243 0.37488 0.01406 0.44234 0.16872 0.96276 1.560e+13 0.49030
0.200 1333.861 0.36064 0.01347 0.42576 0.16198 0.37495 0.01400 0.44265 0.16841 0.96186 1.558e+13 0.49126
0.205 1333.498 0.36037 0.01340 0.42566 0.16154 0.37501 0.01395 0.44295 0.16810 0.96096 1.557e+13 0.49221
0.210 1333.136 0.36009 0.01334 0.42555 0.16109 0.37507 0.01389 0.44326 0.16779 0.96006 1.555e+13 0.49317
0.215 1332.776 0.35981 0.01327 0.42545 0.16064 0.37513 0.01383 0.44356 0.16748 0.95917 1.554e+13 0.49411
0.220 1332.418 0.35953 0.01320 0.42534 0.16020 0.37518 0.01378 0.44386 0.16717 0.95827 1.552e+13 0.49506
0.225 1332.061 0.35925 0.01314 0.42524 0.15975 0.37524 0.01372 0.44417 0.16686 0.95738 1.551e+13 0.49600
0.230 1331.706 0.35897 0.01308 0.42513 0.15931 0.37530 0.01367 0.44447 0.16656 0.95649 1.550e+13 0.49694
0.235 1331.353 0.35869 0.01301 0.42503 0.15887 0.37536 0.01362 0.44478 0.16625 0.95560 1.548e+13 0.49787
0.240 1331.001 0.35842 0.01295 0.42492 0.15843 0.37542 0.01356 0.44508 0.16594 0.95471 1.547e+13 0.49880
0.245 1330.651 0.35814 0.01288 0.42482 0.15799 0.37548 0.01351 0.44538 0.16564 0.95383 1.545e+13 0.49972
0.250 1330.302 0.35786 0.01282 0.42471 0.15755 0.37553 0.01345 0.44568 0.16533 0.95294 1.544e+13 0.50065
0.255 1329.956 0.35758 0.01276 0.42461 0.15711 0.37559 0.01340 0.44599 0.16503 0.95206 1.542e+13 0.50156
0.260 1329.610 0.35731 0.01269 0.42450 0.15668 0.37565 0.01335 0.44629 0.16472 0.95118 1.541e+13 0.50248
0.265 1329.267 0.35703 0.01263 0.42440 0.15624 0.37570 0.01329 0.44659 0.16442 0.95030 1.539e+13 0.50339
0.270 1328.925 0.35675 0.01257 0.42429 0.15581 0.37576 0.01324 0.44689 0.16411 0.94943 1.538e+13 0.50430
0.275 1328.584 0.35648 0.01251 0.42419 0.15538 0.37581 0.01319 0.44719 0.16381 0.94855 1.537e+13 0.50520
0.280 1328.245 0.35620 0.01245 0.42408 0.15495 0.37587 0.01313 0.44750 0.16350 0.94768 1.535e+13 0.50610
0.285 1327.907 0.35592 0.01239 0.42398 0.15452 0.37592 0.01308 0.44780 0.16320 0.94681 1.534e+13 0.50700
0.290 1327.572 0.35565 0.01233 0.42387 0.15409 0.37598 0.01303 0.44810 0.16290 0.94594 1.532e+13 0.50789
0.295 1327.237 0.35537 0.01226 0.42377 0.15366 0.37603 0.01298 0.44840 0.16260 0.94507 1.531e+13 0.50878
0.300 1326.904 0.35510 0.01220 0.42366 0.15324 0.37608 0.01293 0.44870 0.16229 0.94420 1.530e+13 0.50967
0.305 1326.573 0.35482 0.01214 0.42356 0.15281 0.37614 0.01287 0.44900 0.16199 0.94334 1.528e+13 0.51055
0.310 1326.243 0.35455 0.01208 0.42345 0.15239 0.37619 0.01282 0.44930 0.16169 0.94248 1.527e+13 0.51143
0.315 1325.914 0.35427 0.01203 0.42335 0.15197 0.37624 0.01277 0.44960 0.16139 0.94161 1.525e+13 0.51231
0.320 1325.587 0.35400 0.01197 0.42324 0.15155 0.37629 0.01272 0.44990 0.16109 0.94075 1.524e+13 0.51318
0.325 1325.261 0.35372 0.01191 0.42314 0.15113 0.37634 0.01267 0.45020 0.16079 0.93990 1.523e+13 0.51405
0.330 1324.937 0.35345 0.01185 0.42303 0.15071 0.37640 0.01262 0.45049 0.16049 0.93904 1.521e+13 0.51492
0.335 1324.614 0.35318 0.01179 0.42293 0.15029 0.37645 0.01257 0.45079 0.16019 0.93819 1.520e+13 0.51578
0.340 1324.293 0.35290 0.01173 0.42282 0.14987 0.37650 0.01252 0.45109 0.15989 0.93733 1.518e+13 0.51664
0.345 1323.973 0.35263 0.01168 0.42272 0.14946 0.37655 0.01247 0.45139 0.15960 0.93648 1.517e+13 0.51749
0.350 1323.654 0.35236 0.01162 0.42261 0.14904 0.37660 0.01242 0.45169 0.15930 0.93563 1.516e+13 0.51835
0.355 1323.337 0.35208 0.01156 0.42251 0.14863 0.37665 0.01237 0.45199 0.15900 0.93479 1.514e+13 0.51920
0.360 1323.021 0.35181 0.01150 0.42241 0.14822 0.37670 0.01232 0.45228 0.15870 0.93394 1.513e+13 0.52004
0.365 1322.706 0.35154 0.01145 0.42230 0.14781 0.37674 0.01227 0.45258 0.15841 0.93310 1.512e+13 0.52088
0.370 1322.393 0.35127 0.01139 0.42220 0.14740 0.37679 0.01222 0.45288 0.15811 0.93225 1.510e+13 0.52172
0.375 1322.081 0.35099 0.01134 0.42209 0.14699 0.37684 0.01217 0.45317 0.15782 0.93141 1.509e+13 0.52256
0.380 1321.771 0.35072 0.01128 0.42199 0.14658 0.37689 0.01212 0.45347 0.15752 0.93057 1.508e+13 0.52339
0.385 1321.462 0.35045 0.01122 0.42188 0.14618 0.37694 0.01207 0.45377 0.15723 0.92973 1.506e+13 0.52422
0.390 1321.154 0.35018 0.01117 0.42178 0.14577 0.37698 0.01202 0.45406 0.15693 0.92890 1.505e+13 0.52505
0.395 1320.847 0.34991 0.01111 0.42167 0.14537 0.37703 0.01198 0.45436 0.15664 0.92806 1.503e+13 0.52587
0.400 1320.542 0.34964 0.01106 0.42157 0.14497 0.37708 0.01193 0.45465 0.15634 0.92723 1.502e+13 0.52669
0.405 1320.238 0.34937 0.01101 0.42147 0.14456 0.37712 0.01188 0.45495 0.15605 0.92640 1.501e+13 0.52751
0.410 1319.935 0.34909 0.01095 0.42136 0.14416 0.37717 0.01183 0.45524 0.15576 0.92557 1.499e+13 0.52832
0.415 1319.633 0.34882 0.01090 0.42126 0.14376 0.37721 0.01178 0.45554 0.15546 0.92474 1.498e+13 0.52913
0.420 1319.333 0.34855 0.01084 0.42115 0.14337 0.37726 0.01174 0.45583 0.15517 0.92392 1.497e+13 0.52994
0.425 1319.034 0.34828 0.01079 0.42105 0.14297 0.37730 0.01169 0.45613 0.15488 0.92309 1.495e+13 0.53074
0.430 1318.736 0.34801 0.01074 0.42094 0.14257 0.37735 0.01164 0.45642 0.15459 0.92227 1.494e+13 0.53155
0.435 1318.440 0.34774 0.01068 0.42084 0.14218 0.37739 0.01160 0.45672 0.15430 0.92145 1.493e+13 0.53234
0.440 1318.144 0.34748 0.01063 0.42074 0.14178 0.37743 0.01155 0.45701 0.15401 0.92063 1.491e+13 0.53314
0.445 1317.850 0.34721 0.01058 0.42063 0.14139 0.37748 0.01150 0.45730 0.15372 0.91981 1.490e+13 0.53393
0.450 1317.557 0.34694 0.01053 0.42053 0.14100 0.37752 0.01146 0.45760 0.15343 0.91899 1.489e+13 0.53472
0.455 1317.265 0.34667 0.01048 0.42042 0.14061 0.37756 0.01141 0.45789 0.15314 0.91818 1.487e+13 0.53550
0.460 1316.975 0.34640 0.01042 0.42032 0.14022 0.37760 0.01136 0.45818 0.15285 0.91736 1.486e+13 0.53629
0.465 1316.685 0.34613 0.01037 0.42022 0.13983 0.37765 0.01132 0.45848 0.15256 0.91655 1.485e+13 0.53707
0.470 1316.397 0.34586 0.01032 0.42011 0.13944 0.37769 0.01127 0.45877 0.15227 0.91574 1.483e+13 0.53784
0.475 1316.110 0.34560 0.01027 0.42001 0.13906 0.37773 0.01123 0.45906 0.15198 0.91493 1.482e+13 0.53862
0.480 1315.824 0.34533 0.01022 0.41990 0.13867 0.37777 0.01118 0.45935 0.15170 0.91412 1.481e+13 0.53939
0.485 1315.539 0.34506 0.01017 0.41980 0.13829 0.37781 0.01114 0.45964 0.15141 0.91332 1.480e+13 0.54016
0.490 1315.255 0.34479 0.01012 0.41970 0.13790 0.37785 0.01109 0.45993 0.15112 0.91251 1.478e+13 0.54092
0.495 1314.972 0.34453 0.01007 0.41959 0.13752 0.37789 0.01105 0.46023 0.15084 0.91171 1.477e+13 0.54168
0.500 1314.691 0.34426 0.01002 0.41949 0.13714 0.37793 0.01100 0.46052 0.15055 0.91091 1.476e+13 0.54244
0.505 1314.411 0.34399 0.00997 0.41938 0.13676 0.37797 0.01096 0.46081 0.15027 0.91011 1.474e+13 0.54320
0.510 1314.131 0.34373 0.00992 0.41928 0.13638 0.37801 0.01091 0.46110 0.14998 0.90931 1.473e+13 0.54395
0.515 1313.853 0.34346 0.00988 0.41918 0.13600 0.37805 0.01087 0.46139 0.14970 0.90851 1.472e+13 0.54470
0.520 1313.576 0.34319 0.00983 0.41907 0.13563 0.37808 0.01083 0.46168 0.14941 0.90772 1.471e+13 0.54545
0.525 1313.300 0.34293 0.00978 0.41897 0.13525 0.37812 0.01078 0.46197 0.14913 0.90692 1.469e+13 0.54620
0.530 1313.025 0.34266 0.00973 0.41887 0.13487 0.37816 0.01074 0.46226 0.14885 0.90613 1.468e+13 0.54694
0.535 1312.751 0.34240 0.00968 0.41876 0.13450 0.37820 0.01069 0.46255 0.14856 0.90534 1.467e+13 0.54768
0.540 1312.478 0.34213 0.00963 0.41866 0.13413 0.37823 0.01065 0.46283 0.14828 0.90455 1.465e+13 0.54841
0.545 1312.206 0.34187 0.00959 0.41855 0.13376 0.37827 0.01061 0.46312 0.14800 0.90376 1.464e+13 0.54915
0.550 1311.936 0.34160 0.00954 0.41845 0.13339 0.37830 0.01057 0.46341 0.14772 0.90298 1.463e+13 0.54988
0.555 1311.666 0.34134 0.00949 0.41835 0.13302 0.37834 0.01052 0.46370 0.14744 0.90219 1.462e+13 0.55061
0.560 1311.397 0.34107 0.00945 0.41824 0.13265 0.37838 0.01048 0.46399 0.14716 0.90141 1.460e+13 0.55133
0.565 1311.130 0.34081 0.00940 0.41814 0.13228 0.37841 0.01044 0.46428 0.14688 0.90063 1.459e+13 0.55205
0.570 1310.863 0.34054 0.00935 0.41804 0.13191 0.37845 0.01040 0.46456 0.14660 0.89985 1.458e+13 0.55277
0.575 1310.597 0.34028 0.00931 0.41793 0.13155 0.37848 0.01035 0.46485 0.14632 0.89907 1.456e+13 0.55349
0.580 1310.332 0.34002 0.00926 0.41783 0.13118 0.37851 0.01031 0.46514 0.14604 0.89829 1.455e+13 0.55420
0.585 1310.069 0.33975 0.00922 0.41773 0.13082 0.37855 0.01027 0.46543 0.14576 0.89752 1.454e+13 0.55492
0.590 1309.806 0.33949 0.00917 0.41762 0.13046 0.37858 0.01023 0.46571 0.14548 0.89674 1.453e+13 0.55562
0.595 1309.544 0.33923 0.00913 0.41752 0.13010 0.37861 0.01019 0.46600 0.14520 0.89597 1.451e+13 0.55633
0.600 1309.284 0.33896 0.00908 0.41742 0.12974 0.37865 0.01015 0.46628 0.14492 0.89520 1.450e+13 0.55703
0.605 1309.024 0.33870 0.00904 0.41731 0.12938 0.37868 0.01010 0.46657 0.14465 0.89443 1.449e+13 0.55774
0.610 1308.765 0.33844 0.00899 0.41721 0.12902 0.37871 0.01006 0.46686 0.14437 0.89366 1.448e+13 0.55843
0.615 1308.507 0.33818 0.00895 0.41711 0.12866 0.37874 0.01002 0.46714 0.14409 0.89289 1.446e+13 0.55913
0.620 1308.250 0.33791 0.00890 0.41700 0.12830 0.37877 0.00998 0.46743 0.14382 0.89213 1.445e+13 0.55982
0.625 1307.994 0.33765 0.00886 0.41690 0.12795 0.37881 0.00994 0.46771 0.14354 0.89136 1.444e+13 0.56051
0.630 1307.739 0.33739 0.00882 0.41680 0.12759 0.37884 0.00990 0.46800 0.14327 0.89060 1.443e+13 0.56120
0.635 1307.485 0.33713 0.00877 0.41669 0.12724 0.37887 0.00986 0.46828 0.14299 0.88984 1.442e+13 0.56189
0.640 1307.232 0.33687 0.00873 0.41659 0.12689 0.37890 0.00982 0.46857 0.14272 0.88908 1.440e+13 0.56257
0.645 1306.980 0.33661 0.00869 0.41649 0.12654 0.37893 0.00978 0.46885 0.14244 0.88832 1.439e+13 0.56325
0.650 1306.728 0.33635 0.00865 0.41638 0.12618 0.37896 0.00974 0.46913 0.14217 0.88756 1.438e+13 0.56393
0.655 1306.478 0.33609 0.00860 0.41628 0.12584 0.37899 0.00970 0.46942 0.14190 0.88681 1.437e+13 0.56460
0.660 1306.228 0.33583 0.00856 0.41618 0.12549 0.37901 0.00966 0.46970 0.14162 0.88605 1.435e+13 0.56527
0.665 1305.980 0.33557 0.00852 0.41608 0.12514 0.37904 0.00962 0.46998 0.14135 0.88530 1.434e+13 0.56594
0.670 1305.732 0.33531 0.00848 0.41597 0.12479 0.37907 0.00958 0.47027 0.14108 0.88455 1.433e+13 0.56661
0.675 1305.485 0.33505 0.00844 0.41587 0.12445 0.37910 0.00954 0.47055 0.14081 0.88380 1.432e+13 0.56728
0.680 1305.239 0.33479 0.00839 0.41577 0.12410 0.37913 0.00951 0.47083 0.14054 0.88305 1.431e+13 0.56794
0.685 1304.994 0.33453 0.00835 0.41566 0.12376 0.37915 0.00947 0.47111 0.14027 0.88230 1.429e+13 0.56860
0.690 1304.750 0.33427 0.00831 0.41556 0.12341 0.37918 0.00943 0.47140 0.14000 0.88156 1.428e+13 0.56926
0.695 1304.506 0.33401 0.00827 0.41546 0.12307 0.37921 0.00939 0.47168 0.13973 0.88081 1.427e+13 0.56991
0.700 1304.264 0.33375 0.00823 0.41536 0.12273 0.37923 0.00935 0.47196 0.13946 0.88007 1.426e+13 0.57057
0.705 1304.022 0.33349 0.00819 0.41525 0.12239 0.37926 0.00931 0.47224 0.13919 0.87933 1.425e+13 0.57122
0.710 1303.781 0.33323 0.00815 0.41515 0.12205 0.37928 0.00928 0.47252 0.13892 0.87859 1.423e+13 0.57186
0.715 1303.541 0.33298 0.00811 0.41505 0.12171 0.37931 0.00924 0.47280 0.13865 0.87785 1.422e+13 0.57251
0.720 1303.302 0.33272 0.00807 0.41494 0.12138 0.37933 0.00920 0.47308 0.13838 0.87711 1.421e+13 0.57315
0.725 1303.063 0.33246 0.00803 0.41484 0.12104 0.37936 0.00916 0.47336 0.13812 0.87637 1.420e+13 0.57379
0.730 1302.826 0.33220 0.00799 0.41474 0.12070 0.37938 0.00913 0.47364 0.13785 0.87564 1.419e+13 0.57443
0.735 1302.589 0.33194 0.00795 0.41464 0.12037 0.37941 0.00909 0.47392 0.13758 0.87490 1.417e+13 0.57507
0.740 1302.353 0.33169 0.00791 0.41453 0.12004 0.37943 0.00905 0.47420 0.13731 0.87417 1.416e+13 0.57570
0.745 1302.118 0.33143 0.00787 0.41443 0.11970 0.37945 0.00901 0.47448 0.13705 0.87344 1.415e+13 0.57633
0.750 1301.884 0.33117 0.00783 0.41433 0.11937 0.37948 0.00898 0.47476 0.13678 0.87271 1.414e+13 0.57696
0.755 1301.650 0.33092 0.00780 0.41423 0.11904 0.37950 0.00894 0.47504 0.13652 0.87198 1.413e+13 0.57759
0.760 1301.418 0.33066 0.00776 0.41412 0.11871 0.37952 0.00890 0.47532 0.13625 0.87125 1.411e+13 0.57821
0.765 1301.186 0.33040 0.00772 0.41402 0.11838 0.37955 0.00887 0.47560 0.13599 0.87053 1.410e+13 0.57884
0.770 1300.955 0.33015 0.00768 0.41392 0.11805 0.37957 0.00883 0.47588 0.13573 0.86980 1.409e+13 0.57946
0.775 1300.724 0.32989 0.00764 0.41382 0.11773 0.37959 0.00880 0.47615 0.13546 0.86908 1.408e+13 0.58007
0.780 1300.495 0.32964 0.00761 0.41371 0.11740 0.37961 0.00876 0.47643 0.13520 0.86836 1.407e+13 0.58069
0.785 1300.266 0.32938 0.00757 0.41361 0.11708 0.37963 0.00872 0.47671 0.13494 0.86764 1.406e+13 0.58130
0.790 1300.038 0.32913 0.00753 0.41351 0.11675 0.37965 0.00869 0.47699 0.13467 0.86692 1.404e+13 0.58191
0.795 1299.810 0.32887 0.00749 0.41341 0.11643 0.37967 0.00865 0.47726 0.13441 0.86620 1.403e+13 0.58252
0.800 1299.584 0.32862 0.00746 0.41330 0.11611 0.37969 0.00862 0.47754 0.13415 0.86549 1.402e+13 0.58313
0.805 1299.358 0.32836 0.00742 0.41320 0.11578 0.37971 0.00858 0.47782 0.13389 0.86477 1.401e+13 0.58373
0.810 1299.133 0.32811 0.00738 0.41310 0.11546 0.37973 0.00855 0.47809 0.13363 0.86406 1.400e+13 0.58434
0.815 1298.909 0.32785 0.00735 0.41300 0.11514 0.37975 0.00851 0.47837 0.13337 0.86334 1.399e+13 0.58493
0.820 1298.685 0.32760 0.00731 0.41290 0.11482 0.37977 0.00848 0.47865 0.13311 0.86263 1.397e+13 0.58553
0.825 1298.462 0.32735 0.00728 0.41279 0.11451 0.37979 0.00844 0.47892 0.13285 0.86192 1.396e+13 0.58613
0.830 1298.240 0.32709 0.00724 0.41269 0.11419 0.37980 0.00841 0.47920 0.13259 0.86121 1.395e+13 0.58672
0.835 1298.019 0.32684 0.00721 0.41259 0.11387 0.37982 0.00837 0.47947 0.13233 0.86051 1.394e+13 0.58731
0.840 1297.798 0.32659 0.00717 0.41249 0.11356 0.37984 0.00834 0.47975 0.13207 0.85980 1.393e+13 0.58790
0.845 1297.578 0.32633 0.00713 0.41239 0.11324 0.37986 0.00830 0.48002 0.13181 0.85909 1.392e+13 0.58849
0.850 1297.359 0.32608 0.00710 0.41228 0.11293 0.37987 0.00827 0.48030 0.13156 0.85839 1.391e+13 0.58907
0.855 1297.141 0.32583 0.00706 0.41218 0.11261 0.37989 0.00824 0.48057 0.13130 0.85769 1.389e+13 0.58966
0.860 1296.923 0.32558 0.00703 0.41208 0.11230 0.37991 0.00820 0.48085 0.13104 0.85699 1.388e+13 0.59024
0.865 1296.706 0.32532 0.00700 0.41198 0.11199 0.37992 0.00817 0.48112 0.13079 0.85629 1.387e+13 0.59081
0.870 1296.489 0.32507 0.00696 0.41188 0.11168 0.37994 0.00814 0.48139 0.13053 0.85559 1.386e+13 0.59139
0.875 1296.274 0.32482 0.00693 0.41177 0.11137 0.37995 0.00810 0.48167 0.13028 0.85489 1.385e+13 0.59196
0.880 1296.059 0.32457 0.00689 0.41167 0.11106 0.37997 0.00807 0.48194 0.13002 0.85419 1.384e+13 0.59254
0.885 1295.844 0.32432 0.00686 0.41157 0.11076 0.37998 0.00804 0.48221 0.12977 0.85350 1.383e+13 0.59311
0.890 1295.631 0.32406 0.00683 0.41147 0.11045 0.38000 0.00800 0.48249 0.12951 0.85281 1.382e+13 0.59368
0.895 1295.418 0.32381 0.00679 0.41137 0.11014 0.38001 0.00797 0.48276 0.12926 0.85211 1.380e+13 0.59424
0.900 1295.205 0.32356 0.00676 0.41126 0.10984 0.38003 0.00794 0.48303 0.12900 0.85142 1.379e+13 0.59481
0.905 1294.994 0.32331 0.00673 0.41116 0.10953 0.38004 0.00791 0.48330 0.12875 0.85073 1.378e+13 0.59537
0.910 1294.783 0.32306 0.00669 0.41106 0.10923 0.38005 0.00787 0.48358 0.12850 0.85004 1.377e+13 0.59593
0.915 1294.572 0.32281 0.00666 0.41096 0.10893 0.38007 0.00784 0.48385 0.12825 0.84936 1.376e+13 0.59648
0.920 1294.363 0.32256 0.00663 0.41086 0.10862 0.38008 0.00781 0.48412 0.12799 0.84867 1.375e+13 0.59704
0.925 1294.154 0.32231 0.00659 0.41076 0.10832 0.38009 0.00778 0.48439 0.12774 0.84798 1.374e+13 0.59759
0.930 1293.945 0.32206 0.00656 0.41065 0.10802 0.38010 0.00774 0.48466 0.12749 0.84730 1.373e+13 0.59815
0.935 1293.737 0.32181 0.00653 0.41055 0.10772 0.38012 0.00771 0.48493 0.12724 0.84662 1.372e+13 0.59870
0.940 1293.530 0.32156 0.00650 0.41045 0.10743 0.38013 0.00768 0.48520 0.12699 0.84594 1.370e+13 0.59924
0.945 1293.324 0.32131 0.00647 0.41035 0.10713 0.38014 0.00765 0.48547 0.12674 0.84526 1.369e+13 0.59979
0.950 1293.118 0.32107 0.00643 0.41025 0.10683 0.38015 0.00762 0.48574 0.12649 0.84458 1.368e+13 0.60033
0.955 1292.913 0.32082 0.00640 0.41015 0.10653 0.38016 0.00759 0.48601 0.12624 0.84390 1.367e+13 0.60088
0.960 1292.708 0.32057 0.00637 0.41004 0.10624 0.38017 0.00755 0.48628 0.12599 0.84322 1.366e+13 0.60142
0.965 1292.504 0.32032 0.00634 0.40994 0.10595 0.38018 0.00752 0.48655 0.12574 0.84255 1.365e+13 0.60195
0.970 1292.301 0.32007 0.00631 0.40984 0.10565 0.38019 0.00749 0.48682 0.12550 0.84187 1.364e+13 0.60249
0.975 1292.098 0.31982 0.00628 0.40974 0.10536 0.38020 0.00746 0.48709 0.12525 0.84120 1.363e+13 0.60303
0.980 1291.896 0.31958 0.00625 0.40964 0.10507 0.38021 0.00743 0.48736 0.12500 0.84053 1.362e+13 0.60356
0.985 1291.695 0.31933 0.00622 0.40954 0.10478 0.38022 0.00740 0.48763 0.12475 0.83986 1.361e+13 0.60409
0.990 1291.494 0.31908 0.00619 0.40944 0.10449 0.38023 0.00737 0.48790 0.12451 0.83919 1.359e+13 0.60462
0.995 1291.294 0.31883 0.00615 0.40933 0.10420 0.38023 0.00734 0.48816 0.12426 0.83852 1.358e+13 0.60514
1.000 1291.094 0.31859 0.00612 0.40923 0.10391 0.38024 0.00731 0.48843 0.12402 0.83785 1.357e+13 0.60567
1.005 1290.895 0.31834 0.00609 0.40913 0.10362 0.38025 0.00728 0.48870 0.12377 0.83719 1.356e+13 0.60619
1.010 1290.697 0.31809 0.00606 0.40903 0.10333 0.38026 0.00725 0.48897 0.12353 0.83652 1.355e+13 0.60671
1.015 1290.499 0.31785 0.00603 0.40893 0.10305 0.38026 0.00722 0.48923 0.12328 0.83586 1.354e+13 0.60723
1.020 1290.301 0.31760 0.00600 0.40883 0.10276 0.38027 0.00719 0.48950 0.12304 0.83519 1.353e+13 0.60775
1.025 1290.105 0.31735 0.00598 0.40873 0.10248 0.38028 0.00716 0.48977 0.12279 0.83453 1.352e+13 0.60827
1.030 1289.909 0.31711 0.00595 0.40863 0.10219 0.38028 0.00713 0.49003 0.12255 0.83387 1.351e+13 0.60878
1.035 1289.713 0.31686 0.00592 0.40852 0.10191 0.38029 0.00710 0.49030 0.12231 0.83321 1.350e+13 0.60929
1.040 1289.518 0.31662 0.00589 0.40842 0.10163 0.38030 0.00707 0.49057 0.12206 0.83255 1.349e+13 0.60980
1.045 1289.324 0.31637 0.00586 0.40832 0.10134 0.38030 0.00704 0.49083 0.12182 0.83190 1.348e+13 0.61031
1.050 1289.130 0.31613 0.00583 0.40822 0.10106 0.38031 0.00701 0.49110 0.12158 0.83124 1.347e+13 0.61082
1.055 1288.937 0.31588 0.00580 0.40812 0.10078 0.38031 0.00698 0.49136 0.12134 0.83059 1.346e+13 0.61132
1.060 1288.744 0.31564 0.00577 0.40802 0.10050 0.38032 0.00696 0.49163 0.12110 0.82993 1.344e+13 0.61183
1.065 1288.552 0.31539 0.00574 0.40792 0.10023 0.38032 0.00693 0.49189 0.12086 0.82928 1.343e+13 0.61233
1.070 1288.360 0.31515 0.00572 0.40782 0.09995 0.38032 0.00690 0.49216 0.12062 0.82863 1.342e+13 0.61283
1.075 1288.169 0.31490 0.00569 0.40772 0.09967 0.38033 0.00687 0.49242 0.12038 0.82798 1.341e+13 0.61333
1.080 1287.979 0.31466 0.00566 0.40762 0.09939 0.38033 0.00684 0.49269 0.12014 0.82733 1.340e+13 0.61382
1.085 1287.789 0.31442 0.00563 0.40751 0.09912 0.38034 0.00681 0.49295 0.11990 0.82668 1.339e+13 0.61432
1.090 1287.599 0.31417 0.00560 0.40741 0.09884 0.38034 0.00679 0.49322 0.11966 0.82604 1.338e+13 0.61481
1.095 1287.410 0.31393 0.00558 0.40731 0.09857 0.38034 0.00676 0.49348 0.11942 0.82539 1.337e+13 0.61530
1.100 1287.222 0.31369 0.00555 0.40721 0.09830 0.38034 0.00673 0.49374 0.11918 0.82475 1.336e+13 0.61579
1.105 1287.034 0.31344 0.00552 0.40711 0.09802 0.38035 0.00670 0.49401 0.11895 0.82410 1.335e+13 0.61628
1.110 1286.847 0.31320 0.00550 0.40701 0.09775 0.38035 0.00667 0.49427 0.11871 0.82346 1.334e+13 0.61676
1.115 1286.660 0.31296 0.00547 0.40691 0.09748 0.38035 0.00665 0.49453 0.11847 0.82282 1.333e+13 0.61725
1.120 1286.474 0.31272 0.00544 0.40681 0.09721 0.38035 0.00662 0.49479 0.11824 0.82218 1.332e+13 0.61773
1.125 1286.289 0.31247 0.00541 0.40671 0.09694 0.38035 0.00659 0.49506 0.11800 0.82154 1.331e+13 0.61821
1.130 1286.103 0.31223 0.00539 0.40661 0.09667 0.38035 0.00656 0.49532 0.11777 0.82090 1.330e+13 0.61869
1.135 1285.919 0.31199 0.00536 0.40651 0.09641 0.38035 0.00654 0.49558 0.11753 0.82027 1.329e+13 0.61917
1.140 1285.735 0.31175 0.00534 0.40641 0.09614 0.38035 0.00651 0.49584 0.11730 0.81963 1.328e+13 0.61964
1.145 1285.551 0.31151 0.00531 0.40631 0.09587 0.38035 0.00648 0.49610 0.11706 0.81899 1.327e+13 0.62012
1.150 1285.368 0.31126 0.00528 0.40621 0.09561 0.38035 0.00646 0.49637 0.11683 0.81836 1.326e+13 0.62059
1.155 1285.185 0.31102 0.00526 0.40611 0.09534 0.38035 0.00643 0.49663 0.11659 0.81773 1.325e+13 0.62106
1.160 1285.003 0.31078 0.00523 0.40600 0.09508 0.38035 0.00640 0.49689 0.11636 0.81710 1.324e+13 0.62153
1.165 1284.822 0.31054 0.00521 0.40590 0.09481 0.38035 0.00638 0.49715 0.11613 0.81647 1.323e+13 0.62200
1.170 1284.641 0.31030 0.00518 0.40580 0.09455 0.38035 0.00635 0.49741 0.11590 0.81584 1.322e+13 0.62247
1.175 1284.460 0.31006 0.00515 0.40570 0.09429 0.38035 0.00632 0.49767 0.11566 0.81521 1.321e+13 0.62293
1.180 1284.280 0.30982 0.00513 0.40560 0.09403 0.38034 0.00630 0.49793 0.11543 0.81458 1.320e+13 0.62339
1.185 1284.100 0.30958 0.00510 0.40550 0.09377 0.38034 0.00627 0.49819 0.11520 0.81396 1.319e+13 0.62385
1.190 1283.921 0.30934 0.00508 0.40540 0.09351 0.38034 0.00624 0.49845 0.11497 0.81333 1.318e+13 0.62431
1.195 1283.743 0.30910 0.00505 0.40530 0.09325 0.38034 0.00622 0.49871 0.11474 0.81271 1.317e+13 0.62477
1.200 1283.565 0.30886 0.00503 0.40520 0.09299 0.38033 0.00619 0.49897 0.11451 0.81208 1.316e+13 0.62523
1.205 1283.387 0.30862 0.00500 0.40510 0.09273 0.38033 0.00617 0.49922 0.11428 0.81146 1.315e+13 0.62568
1.210 1283.210 0.30838 0.00498 0.40500 0.09248 0.38033 0.00614 0.49948 0.11405 0.81084 1.314e+13 0.62614
1.215 1283.033 0.30814 0.00496 0.40490 0.09222 0.38032 0.00612 0.49974 0.11382 0.81022 1.313e+13 0.62659
1.220 1282.857 0.30791 0.00493 0.40480 0.09196 0.38032 0.00609 0.50000 0.11359 0.80960 1.312e+13 0.62704
1.225 1282.681 0.30767 0.00491 0.40470 0.09171 0.38031 0.00607 0.50026 0.11336 0.80898 1.311e+13 0.62749
1.230 1282.506 0.30743 0.00488 0.40460 0.09145 0.38031 0.00604 0.50052 0.11314 0.80837 1.310e+13 0.62794
1.235 1282.331 0.30719 0.00486 0.40450 0.09120 0.38030 0.00602 0.50077 0.11291 0.80775 1.309e+13 0.62838
1.240 1282.157 0.30695 0.00484 0.40440 0.09095 0.38030 0.00599 0.50103 0.11268 0.80714 1.308e+13 0.62883
1.245 1281.983 0.30671 0.00481 0.40430 0.09070 0.38029 0.00597 0.50129 0.11245 0.80652 1.307e+13 0.62927
1.250 1281.810 0.30648 0.00479 0.40420 0.09045 0.38029 0.00594 0.50154 0.11223 0.80591 1.306e+13 0.62971
1.255 1281.637 0.30624 0.00476 0.40410 0.09019 0.38028 0.00592 0.50180 0.11200 0.80530 1.305e+13 0.63015
1.260 1281.464 0.30600 0.00474 0.40400 0.08994 0.38027 0.00589 0.50206 0.11178 0.80469 1.304e+13 0.63059
1.265 1281.292 0.30577 0.00472 0.40390 0.08970 0.38027 0.00587 0.50231 0.11155 0.80408 1.303e+13 0.63103
1.270 1281.121 0.30553 0.00469 0.40380 0.08945 0.38026 0.00584 0.50257 0.11133 0.80347 1.302e+13 0.63146
1.275 1280.950 0.30529 0.00467 0.40370 0.08920 0.38025 0.00582 0.50283 0.11110 0.80286 1.301e+13 0.63189
1.280 1280.779 0.30506 0.00465 0.40360 0.08895 0.38025 0.00579 0.50308 0.11088 0.80226 1.300e+13 0.63233
1.285 1280.609 0.30482 0.00463 0.40350 0.08871 0.38024 0.00577 0.50334 0.11065 0.80165 1.299e+13 0.63276
1.290 1280.439 0.30458 0.00460 0.40340 0.08846 0.38023 0.00575 0.50359 0.11043 0.80105 1.298e+13 0.63319
1.295 1280.270 0.30435 0.00458 0.40330 0.08821 0.38022 0.00572 0.50385 0.11021 0.80044 1.297e+13 0.63361
1.300 1280.101 0.30411 0.00456 0.40320 0.08797 0.38022 0.00570 0.50410 0.10998 0.79984 1.296e+13 0.63404
1.305 1279.932 0.30388 0.00454 0.40310 0.08773 0.38021 0.00567 0.50436 0.10976 0.79924 1.295e+13 0.63447
1.310 1279.764 0.30364 0.00451 0.40300 0.08748 0.38020 0.00565 0.50461 0.10954 0.79864 1.294e+13 0.63489
1.315 1279.597 0.30341 0.00449 0.40290 0.08724 0.38019 0.00563 0.50487 0.10932 0.79804 1.293e+13 0.63531
1.320 1279.429 0.30317 0.00447 0.40280 0.08700 0.38018 0.00560 0.50512 0.10910 0.79744 1.292e+13 0.63573
1.325 1279.263 0.30294 0.00445 0.40270 0.08676 0.38017 0.00558 0.50537 0.10888 0.79684 1.291e+13 0.63615
1.330 1279.096 0.30270 0.00442 0.40260 0.08652 0.38016 0.00556 0.50563 0.10866 0.79625 1.290e+13 0.63657
1.335 1278.930 0.30247 0.00440 0.40250 0.08628 0.38015 0.00553 0.50588 0.10844 0.79565 1.289e+13 0.63699
1.340 1278.765 0.30223 0.00438 0.40240 0.08604 0.38014 0.00551 0.50613 0.10822 0.79506 1.288e+13 0.63740
1.345 1278.600 0.30200 0.00436 0.40230 0.08580 0.38013 0.00549 0.50639 0.10800 0.79446 1.287e+13 0.63782
1.350 1278.435 0.30176 0.00434 0.40220 0.08556 0.38012 0.00547 0.50664 0.10778 0.79387 1.286e+13 0.63823
1.355 1278.271 0.30153 0.00432 0.40210 0.08533 0.38011 0.00544 0.50689 0.10756 0.79328 1.285e+13 0.63864
1.360 1278.107 0.30130 0.00430 0.40201 0.08509 0.38010 0.00542 0.50714 0.10734 0.79269 1.284e+13 0.63905
1.365 1277.944 0.30106 0.00427 0.40191 0.08485 0.38008 0.00540 0.50739 0.10712 0.79210 1.283e+13 0.63946
1.370 1277.781 0.30083 0.00425 0.40181 0.08462 0.38007 0.00537 0.50765 0.10691 0.79151 1.282e+13 0.63986
1.375 1277.618 0.30060 0.00423 0.40171 0.08438 0.38006 0.00535 0.50790 0.10669 0.79092 1.281e+13 0.64027
1.380 1277.456 0.30036 0.00421 0.40161 0.08415 0.38005 0.00533 0.50815 0.10647 0.79033 1.280e+13 0.64067
1.385 1277.294 0.30013 0.00419 0.40151 0.08392 0.38003 0.00531 0.50840 0.10626 0.78975 1.279e+13 0.64108
1.390 1277.133 0.29990 0.00417 0.40141 0.08368 0.38002 0.00529 0.50865 0.10604 0.78916 1.278e+13 0.64148
1.395 1276.972 0.29967 0.00415 0.40131 0.08345 0.38001 0.00526 0.50890 0.10583 0.78858 1.277e+13 0.64188
1.400 1276.812 0.29943 0.00413 0.40121 0.08322 0.37999 0.00524 0.50915 0.10561 0.78799 1.277e+13 0.64228
1.405 1276.651 0.29920 0.00411 0.40111 0.08299 0.37998 0.00522 0.50940 0.10540 0.78741 1.276e+13 0.64268
1.410 1276.492 0.29897 0.00409 0.40101 0.08276 0.37997 0.00520 0.50965 0.10518 0.78683 1.275e+13 0.64307
1.415 1276.332 0.29874 0.00407 0.40091 0.08253 0.37995 0.00518 0.50990 0.10497 0.78625 1.274e+13 0.64347
1.420 1276.173 0.29851 0.00405 0.40081 0.08230 0.37994 0.00515 0.51015 0.10475 0.78567 1.273e+13 0.64386
1.425 1276.015 0.29828 0.00403 0.40071 0.08207 0.37992 0.00513 0.51040 0.10454 0.78509 1.272e+13 0.64425
1.430 1275.857 0.29804 0.00401 0.40061 0.08185 0.37991 0.00511 0.51065 0.10433 0.78452 1.271e+13 0.64464
1.435 1275.699 0.29781 0.00399 0.40052 0.08162 0.37989 0.00509 0.51090 0.10411 0.78394 1.270e+13 0.64503
1.440 1275.541 0.29758 0.00397 0.40042 0.08139 0.37988 0.00507 0.51115 0.10390 0.78336 1.269e+13 0.64542
1.445 1275.384 0.29735 0.00395 0.40032 0.08117 0.37986 0.00505 0.51140 0.10369 0.78279 1.268e+13 0.64581
1.450 1275.228 0.29712 0.00393 0.40022 0.08094 0.37985 0.00503 0.51165 0.10348 0.78222 1.267e+13 0.64619
1.455 1275.071 0.29689 0.00391 0.40012 0.08072 0.37983 0.00501 0.51190 0.10327 0.78164 1.266e+13 0.64658
1.460 1274.915 0.29666 0.00389 0.40002 0.08050 0.37981 0.00498 0.51214 0.10306 0.78107 1.265e+13 0.64696
1.465 1274.760 0.29643 0.00387 0.39992 0.08027 0.37980 0.00496 0.51239 0.10285 0.78050 1.264e+13 0.64734
1.470 1274.605 0.29620 0.00385 0.39982 0.08005 0.37978 0.00494 0.51264 0.10264 0.77993 1.263e+13 0.64772
1.475 1274.450 0.29597 0.00384 0.39972 0.07983 0.37976 0.00492 0.51289 0.10243 0.77936 1.263e+13 0.64810
1.480 1274.296 0.29574 0.00382 0.39962 0.07961 0.37975 0.00490 0.51313 0.10222 0.77879 1.262e+13 0.64848
1.485 1274.141 0.29551 0.00380 0.39953 0.07939 0.37973 0.00488 0.51338 0.10201 0.77822 1.261e+13 0.64886
1.490 1273.988 0.29529 0.00378 0.39943 0.07917 0.37971 0.00486 0.51363 0.10180 0.77766 1.260e+13 0.64924
1.495 1273.834 0.29506 0.00376 0.39933 0.07895 0.37969 0.00484 0.51387 0.10159 0.77709 1.259e+13 0.64961
1.500 1273.682 0.29483 0.00374 0.39923 0.07873 0.37968 0.00482 0.51412 0.10138 0.77653 1.258e+13 0.64998
1.505 1273.529 0.29460 0.00372 0.39913 0.07851 0.37966 0.00480 0.51437 0.10118 0.77596 1.257e+13 0.65036
1.510 1273.377 0.29437 0.00371 0.39903 0.07829 0.37964 0.00478 0.51461 0.10097 0.77540 1.256e+13 0.65073
1.515 1273.225 0.29414 0.00369 0.39893 0.07808 0.37962 0.00476 0.51486 0.10076 0.77484 1.255e+13 0.65110
1.520 1273.073 0.29392 0.00367 0.39883 0.07786 0.37960 0.00474 0.51510 0.10056 0.77428 1.254e+13 0.65146
1.525 1272.922 0.29369 0.00365 0.39874 0.07764 0.37958 0.00472 0.51535 0.10035 0.77372 1.253e+13 0.65183
1.530 1272.771 0.29346 0.00363 0.39864 0.07743 0.37956 0.00470 0.51559 0.10014 0.77316 1.253e+13 0.65220
1.535 1272.621 0.29323 0.00362 0.39854 0.07721 0.37954 0.00468 0.51584 0.09994 0.77260 1.252e+13 0.65256
1.540 1272.471 0.29301 0.00360 0.39844 0.07700 0.37952 0.00466 0.51608 0.09973 0.77204 1.251e+13 0.65293
1.545 1272.321 0.29278 0.00358 0.39834 0.07679 0.37950 0.00464 0.51633 0.09953 0.77149 1.250e+13 0.65329
1.550 1272.172 0.29255 0.00356 0.39824 0.07657 0.37948 0.00462 0.51657 0.09933 0.77093 1.249e+13 0.65365
1.555 1272.023 0.29233 0.00355 0.39814 0.07636 0.37946 0.00460 0.51682 0.09912 0.77038 1.248e+13 0.65401
1.560 1271.874 0.29210 0.00353 0.39805 0.07615 0.37944 0.00458 0.51706 0.09892 0.76982 1.247e+13 0.65437
1.565 1271.725 0.29187 0.00351 0.39795 0.07594 0.37942 0.00456 0.51731 0.09872 0.76927 1.246e+13 0.65473
1.570 1271.577 0.29165 0.00349 0.39785 0.07573 0.37939 0.00454 0.51755 0.09851 0.76872 1.245e+13 0.65508
1.575 1271.430 0.29142 0.00348 0.39775 0.07552 0.37937 0.00453 0.51779 0.09831 0.76816 1.244e+13 0.65544
1.580 1271.282 0.29120 0.00346 0.39765 0.07531 0.37935 0.00451 0.51804 0.09811 0.76761 1.244e+13 0.65579
1.585 1271.135 0.29097 0.00344 0.39755 0.07510 0.37933 0.00449 0.51828 0.09791 0.76706 1.243e+13 0.65615
1.590 1270.989 0.29074 0.00343 0.39745 0.07489 0.37931 0.00447 0.51852 0.09770 0.76652 1.242e+13 0.65650
1.595 1270.842 0.29052 0.00341 0.39736 0.07468 0.37928 0.00445 0.51876 0.09750 0.76597 1.241e+13 0.65685
1.600 1270.696 0.29029 0.00339 0.39726 0.07448 0.37926 0.00443 0.51901 0.09730 0.76542 1.240e+13 0.65720
1.605 1270.551 0.29007 0.00337 0.39716 0.07427 0.37924 0.00441 0.51925 0.09710 0.76487 1.239e+13 0.65755
1.610 1270.405 0.28984 0.00336 0.39706 0.07407 0.37921 0.00439 0.51949 0.09690 0.76433 1.238e+13 0.65790
1.615 1270.260 0.28962 0.00334 0.39696 0.07386 0.37919 0.00438 0.51973 0.09670 0.76378 1.237e+13 0.65824
1.620 1270.115 0.28940 0.00333 0.39686 0.07366 0.37917 0.00436 0.51997 0.09650 0.76324 1.236e+13 0.65859
1.625 1269.971 0.28917 0.00331 0.39677 0.07345 0.37914 0.00434 0.52021 0.09630 0.76270 1.236e+13 0.65893
1.630 1269.827 0.28895 0.00329 0.39667 0.07325 0.37912 0.00432 0.52046 0.09611 0.76216 1.235e+13 0.65928
1.635 1269.683 0.28872 0.00328 0.39657 0.07304 0.37909 0.00430 0.52070 0.09591 0.76161 1.234e+13 0.65962
1.640 1269.540 0.28850 0.00326 0.39647 0.07284 0.37907 0.00428 0.52094 0.09571 0.76107 1.233e+13 0.65996
1.645 1269.397 0.28828 0.00324 0.39637 0.07264 0.37904 0.00427 0.52118 0.09551 0.76053 1.232e+13 0.66030
1.650 1269.254 0.28805 0.00323 0.39628 0.07244 0.37902 0.00425 0.52142 0.09532 0.76000 1.231e+13 0.66064
1.655 1269.111 0.28783 0.00321 0.39618 0.07224 0.37899 0.00423 0.52166 0.09512 0.75946 1.230e+13 0.66098
1.660 1268.969 0.28761 0.00320 0.39608 0.07204 0.37897 0.00421 0.52190 0.09492 0.75892 1.229e+13 0.66131
1.665 1268.828 0.28738 0.00318 0.39598 0.07184 0.37894 0.00419 0.52214 0.09473 0.75839 1.229e+13 0.66165
1.670 1268.686 0.28716 0.00317 0.39588 0.07164 0.37892 0.00418 0.52238 0.09453 0.75785 1.228e+13 0.66198
1.675 1268.545 0.28694 0.00315 0.39579 0.07144 0.37889 0.00416 0.52262 0.09433 0.75732 1.227e+13 0.66232
1.680 1268.404 0.28672 0.00313 0.39569 0.07124 0.37886 0.00414 0.52286 0.09414 0.75678 1.226e+13 0.66265
1.685 1268.263 0.28649 0.00312 0.39559 0.07105 0.37884 0.00412 0.52309 0.09394 0.75625 1.225e+13 0.66298
1.690 1268.123 0.28627 0.00310 0.39549 0.07085 0.37881 0.00411 0.52333 0.09375 0.75572 1.224e+13 0.66331
1.695 1267.983 0.28605 0.00309 0.39539 0.07065 0.37878 0.00409 0.52357 0.09356 0.75519 1.223e+13 0.66364
1.700 1267.843 0.28583 0.00307 0.39530 0.07046 0.37875 0.00407 0.52381 0.09336 0.75466 1.223e+13 0.66397
1.705 1267.704 0.28561 0.00306 0.39520 0.07026 0.37873 0.00406 0.52405 0.09317 0.75413 1.222e+13 0.66430
1.710 1267.565 0.28539 0.00304 0.39510 0.07007 0.37870 0.00404 0.52429 0.09298 0.75360 1.221e+13 0.66462
1.715 1267.426 0.28517 0.00303 0.39500 0.06987 0.37867 0.00402 0.52452 0.09278 0.75307 1.220e+13 0.66495
1.720 1267.288 0.28494 0.00301 0.39490 0.06968 0.37864 0.00400 0.52476 0.09259 0.75254 1.219e+13 0.66527
1.725 1267.149 0.28472 0.00300 0.39481 0.06949 0.37861 0.00399 0.52500 0.09240 0.75202 1.218e+13 0.66559
1.730 1267.012 0.28450 0.00298 0.39471 0.06929 0.37859 0.00397 0.52524 0.09221 0.75149 1.217e+13 0.66592
1.735 1266.874 0.28428 0.00297 0.39461 0.06910 0.37856 0.00395 0.52547 0.09202 0.75096 1.217e+13 0.66624
1.740 1266.737 0.28406 0.00295 0.39451 0.06891 0.37853 0.00394 0.52571 0.09183 0.75044 1.216e+13 0.66656
1.745 1266.600 0.28384 0.00294 0.39442 0.06872 0.37850 0.00392 0.52595 0.09164 0.74992 1.215e+13 0.66688
1.750 1266.463 0.28362 0.00293 0.39432 0.06853 0.37847 0.00390 0.52618 0.09144 0.74940 1.214e+13 0.66719
1.755 1266.327 0.28340 0.00291 0.39422 0.06834 0.37844 0.00389 0.52642 0.09125 0.74887 1.213e+13 0.66751
1.760 1266.191 0.28318 0.00290 0.39412 0.06815 0.37841 0.00387 0.52665 0.09107 0.74835 1.212e+13 0.66783
1.765 1266.055 0.28296 0.00288 0.39403 0.06796 0.37838 0.00385 0.52689 0.09088 0.74783 1.211e+13 0.66814
1.770 1265.919 0.28274 0.00287 0.39393 0.06777 0.37835 0.00384 0.52713 0.09069 0.74731 1.211e+13 0.66845
1.775 1265.784 0.28253 0.00285 0.39383 0.06758 0.37832 0.00382 0.52736 0.09050 0.74680 1.210e+13 0.66877
1.780 1265.649 0.28231 0.00284 0.39373 0.06740 0.37829 0.00381 0.52760 0.09031 0.74628 1.209e+13 0.66908
1.785 1265.514 0.28209 0.00283 0.39364 0.06721 0.37826 0.00379 0.52783 0.09012 0.74576 1.208e+13 0.66939
1.790 1265.380 0.28187 0.00281 0.39354 0.06702 0.37822 0.00377 0.52807 0.08994 0.74524 1.207e+13 0.66970
1.795 1265.246 0.28165 0.00280 0.39344 0.06684 0.37819 0.00376 0.52830 0.08975 0.74473 1.206e+13 0.67001
1.800 1265.112 0.28143 0.00279 0.39334 0.06665 0.37816 0.00374 0.52854 0.08956 0.74421 1.206e+13 0.67032
1.805 1264.978 0.28121 0.00277 0.39325 0.06647 0.37813 0.00373 0.52877 0.08937 0.74370 1.205e+13 0.67063
1.810 1264.845 0.28100 0.00276 0.39315 0.06628 0.37810 0.00371 0.52900 0.08919 0.74319 1.204e+13 0.67093
1.815 1264.712 0.28078 0.00274 0.39305 0.06610 0.37806 0.00370 0.52924 0.08900 0.74268 1.203e+13 0.67124
1.820 1264.579 0.28056 0.00273 0.39296 0.06592 0.37803 0.00368 0.52947 0.08882 0.74216 1.202e+13 0.67154
1.825 1264.447 0.28034 0.00272 0.39286 0.06573 0.37800 0.00366 0.52971 0.08863 0.74165 1.201e+13 0.67184
1.830 1264.315 0.28013 0.00270 0.39276 0.06555 0.37797 0.00365 0.52994 0.08845 0.74114 1.201e+13 0.67215
1.835 1264.183 0.27991 0.00269 0.39266 0.06537 0.37793 0.00363 0.53017 0.08826 0.74063 1.200e+13 0.67245
1.840 1264.051 0.27969 0.00268 0.39257 0.06519 0.37790 0.00362 0.53040 0.08808 0.74013 1.199e+13 0.67275
1.845 1263.920 0.27948 0.00266 0.39247 0.06501 0.37787 0.00360 0.53064 0.08789 0.73962 1.198e+13 0.67305
1.850 1263.789 0.27926 0.00265 0.39237 0.06483 0.37783 0.00359 0.53087 0.08771 0.73911 1.197e+13 0.67335
1.855 1263.658 0.27904 0.00264 0.39227 0.06465 0.37780 0.00357 0.53110 0.08753 0.73861 1.197e+13 0.67364
1.860 1263.527 0.27883 0.00263 0.39218 0.06447 0.37776 0.00356 0.53133 0.08735 0.73810 1.196e+13 0.67394
1.865 1263.397 0.27861 0.00261 0.39208 0.06429 0.37773 0.00354 0.53157 0.08716 0.73760 1.195e+13 0.67424
1.870 1263.267 0.27840 0.00260 0.39198 0.06411 0.37769 0.00353 0.53180 0.08698 0.73709 1.194e+13 0.67453
1.875 1263.137 0.27818 0.00259 0.39189 0.06394 0.37766 0.00351 0.53203 0.08680 0.73659 1.193e+13 0.67483
1.880 1263.007 0.27796 0.00257 0.39179 0.06376 0.37762 0.00350 0.53226 0.08662 0.73609 1.192e+13 0.67512
1.885 1262.878 0.27775 0.00256 0.39169 0.06358 0.37759 0.00348 0.53249 0.08644 0.73558 1.192e+13 0.67541
1.890 1262.749 0.27753 0.00255 0.39160 0.06341 0.37755 0.00347 0.53272 0.08626 0.73508 1.191e+13 0.67570
1.895 1262.620 0.27732 0.00254 0.39150 0.06323 0.37752 0.00345 0.53295 0.08608 0.73458 1.190e+13 0.67599
1.900 1262.492 0.27710 0.00252 0.39140 0.06305 0.37748 0.00344 0.53318 0.08590 0.73408 1.189e+13 0.67628
1.905 1262.364 0.27689 0.00251 0.39131 0.06288 0.37745 0.00342 0.53341 0.08572 0.73359 1.188e+13 0.67657
1.910 1262.236 0.27668 0.00250 0.39121 0.06271 0.37741 0.00341 0.53364 0.08554 0.73309 1.188e+13 0.67686
1.915 1262.108 0.27646 0.00249 0.39111 0.06253 0.37737 0.00339 0.53387 0.08536 0.73259 1.187e+13 0.67715
1.920 1261.981 0.27625 0.00247 0.39101 0.06236 0.37734 0.00338 0.53410 0.08518 0.73209 1.186e+13 0.67743
1.925 1261.853 0.27603 0.00246 0.39092 0.06219 0.37730 0.00337 0.53433 0.08500 0.73160 1.185e+13 0.67772
1.930 1261.726 0.27582 0.00245 0.39082 0.06201 0.37726 0.00335 0.53456 0.08482 0.73110 1.184e+13 0.67800
1.935 1261.600 0.27561 0.00244 0.39072 0.06184 0.37723 0.00334 0.53479 0.08464 0.73061 1.184e+13 0.67829
1.940 1261.473 0.27539 0.00243 0.39063 0.06167 0.37719 0.00332 0.53502 0.08447 0.73012 1.183e+13 0.67857
1.945 1261.347 0.27518 0.00241 0.39053 0.06150 0.37715 0.00331 0.53525 0.08429 0.72962 1.182e+13 0.67885
1.950 1261.221 0.27497 0.00240 0.39043 0.06133 0.37711 0.00330 0.53548 0.08411 0.72913 1.181e+13 0.67913
1.955 1261.095 0.27475 0.00239 0.39034 0.06116 0.37708 0.00328 0.53571 0.08394 0.72864 1.180e+13 0.67941
1.960 1260.970 0.27454 0.00238 0.39024 0.06099 0.37704 0.00327 0.53594 0.08376 0.72815 1.180e+13 0.67969
1.965 1260.845 0.27433 0.00237 0.39014 0.06082 0.37700 0.00325 0.53616 0.08358 0.72766 1.179e+13 0.67997
1.970 1260.720 0.27411 0.00236 0.39005 0.06065 0.37696 0.00324 0.53639 0.08341 0.72717 1.178e+13 0.68025
1.975 1260.595 0.27390 0.00234 0.38995 0.06048 0.37692 0.00323 0.53662 0.08323 0.72668 1.177e+13 0.68052
1.980 1260.470 0.27369 0.00233 0.38986 0.06032 0.37688 0.00321 0.53685 0.08306 0.72619 1.176e+13 0.68080
1.985 1260.346 0.27348 0.00232 0.38976 0.06015 0.37684 0.00320 0.53708 0.08288 0.72571 1.176e+13 0.68107
1.990 1260.222 0.27327 0.00231 0.38966 0.05998 0.37680 0.00318 0.53730 0.08271 0.72522 1.175e+13 0.68135
1.995 1260.098 0.27305 0.00230 0.38957 0.05982 0.37676 0.00317 0.53753 0.08254 0.72473 1.174e+13 0.68162
2.000 1259.975 0.27284 0.00229 0.38947 0.05965 0.37672 0.00316 0.53776 0.08236 0.72425 1.173e+13 0.68189
2.005 1259.852 0.27263 0.00228 0.38937 0.05948 0.37668 0.00314 0.53798 0.08219 0.72376 1.172e+13 0.68216
2.010 1259.729 0.27242 0.00226 0.38928 0.05932 0.37664 0.00313 0.53821 0.08202 0.72328 1.172e+13 0.68243
2.015 1259.606 0.27221 0.00225 0.38918 0.05916 0.37660 0.00312 0.53844 0.08184 0.72280 1.171e+13 0.68270
2.020 1259.483 0.27200 0.00224 0.38908 0.05899 0.37656 0.00310 0.53866 0.08167 0.72232 1.170e+13 0.68297
2.025 1259.361 0.27179 0.00223 0.38899 0.05883 0.37652 0.00309 0.53889 0.08150 0.72183 1.169e+13 0.68324
2.030 1259.239 0.27158 0.00222 0.38889 0.05867 0.37648 0.00308 0.53911 0.08133 0.72135 1.169e+13 0.68351
2.035 1259.117 0.27137 0.00221 0.38880 0.05850 0.37644 0.00307 0.53934 0.08116 0.72087 1.168e+13 0.68378
2.040 1258.995 0.27116 0.00220 0.38870 0.05834 0.37640 0.00305 0.53956 0.08098 0.72039 1.167e+13 0.68404
2.045 1258.874 0.27095 0.00219 0.38860 0.05818 0.37636 0.00304 0.53979 0.08081 0.71992 1.166e+13 0.68431
2.050 1258.753 0.27074 0.00218 0.38851 0.05802 0.37632 0.00303 0.54001 0.08064 0.71944 1.165e+13 0.68457
2.055 1258.632 0.27053 0.00217 0.38841 0.05786 0.37627 0.00301 0.54024 0.08047 0.71896 1.165e+13 0.68483
2.060 1258.511 0.27032 0.00216 0.38831 0.05770 0.37623 0.00300 0.54046 0.08030 0.71848 1.164e+13 0.68510
2.065 1258.390 0.27011 0.00215 0.38822 0.05754 0.37619 0.00299 0.54069 0.08013 0.71801 1.163e+13 0.68536
2.070 1258.270 0.26990 0.00213 0.38812 0.05738 0.37615 0.00298 0.54091 0.07996 0.71753 1.162e+13 0.68562
2.075 1258.150 0.26969 0.00212 0.38803 0.05722 0.37610 0.00296 0.54114 0.07980 0.71706 1.162e+13 0.68588
2.080 1258.030 0.26948 0.00211 0.38793 0.05706 0.37606 0.00295 0.54136 0.07963 0.71658 1.161e+13 0.68614
2.085 1257.911 0.26927 0.00210 0.38783 0.05690 0.37602 0.00294 0.54158 0.07946 0.71611 1.160e+13 0.68640
2.090 1257.791 0.26906 0.00209 0.38774 0.05674 0.37598 0.00292 0.54181 0.07929 0.71564 1.159e+13 0.68666
2.095 1257.672 0.26885 0.00208 0.38764 0.05659 0.37593 0.00291 0.54203 0.07912 0.71517 1.159e+13 0.68691
2.100 1257.553 0.26865 0.00207 0.38755 0.05643 0.37589 0.00290 0.54225 0.07896 0.71469 1.158e+13 0.68717
2.105 1257.434 0.26844 0.00206 0.38745 0.05627 0.37585 0.00289 0.54248 0.07879 0.71422 1.157e+13 0.68743
2.110 1257.316 0.26823 0.00205 0.38735 0.05612 0.37580 0.00288 0.54270 0.07862 0.71375 1.156e+13 0.68768
2.115 1257.197 0.26802 0.00204 0.38726 0.05596 0.37576 0.00286 0.54292 0.07846 0.71328 1.156e+13 0.68793
2.120 1257.079 0.26781 0.00203 0.38716 0.05581 0.37571 0.00285 0.54315 0.07829 0.71282 1.155e+13 0.68819
2.125 1256.962 0.26761 0.00202 0.38707 0.05565 0.37567 0.00284 0.54337 0.07813 0.71235 1.154e+13 0.68844
2.130 1256.844 0.26740 0.00201 0.38697 0.05550 0.37562 0.00283 0.54359 0.07796 0.71188 1.153e+13 0.68869
2.135 1256.726 0.26719 0.00200 0.38688 0.05534 0.37558 0.00281 0.54381 0.07779 0.71141 1.152e+13 0.68894
2.140 1256.609 0.26699 0.00199 0.38678 0.05519 0.37553 0.00280 0.54403 0.07763 0.71095 1.152e+13 0.68919
2.145 1256.492 0.26678 0.00198 0.38668 0.05504 0.37549 0.00279 0.54425 0.07747 0.71048 1.151e+13 0.68944
2.150 1256.375 0.26657 0.00197 0.38659 0.05489 0.37544 0.00278 0.54448 0.07730 0.71002 1.150e+13 0.68969
2.155 1256.259 0.26637 0.00196 0.38649 0.05473 0.37540 0.00277 0.54470 0.07714 0.70955 1.149e+13 0.68994
2.160 1256.143 0.26616 0.00195 0.38640 0.05458 0.37535 0.00276 0.54492 0.07697 0.70909 1.149e+13 0.69019
2.165 1256.026 0.26595 0.00194 0.38630 0.05443 0.37531 0.00274 0.54514 0.07681 0.70863 1.148e+13 0.69043
2.170 1255.910 0.26575 0.00193 0.38621 0.05428 0.37526 0.00273 0.54536 0.07665 0.70817 1.147e+13 0.69068
2.175 1255.795 0.26554 0.00192 0.38611 0.05413 0.37521 0.00272 0.54558 0.07649 0.70771 1.146e+13 0.69093
2.180 1255.679 0.26534 0.00192 0.38601 0.05398 0.37517 0.00271 0.54580 0.07632 0.70724 1.146e+13 0.69117
2.185 1255.564 0.26513 0.00191 0.38592 0.05383 0.37512 0.00270 0.54602 0.07616 0.70678 1.145e+13 0.69141
2.190 1255.449 0.26492 0.00190 0.38582 0.05368 0.37507 0.00269 0.54624 0.07600 0.70632 1.144e+13 0.69166
2.195 1255.334 0.26472 0.00189 0.38573 0.05353 0.37503 0.00267 0.54646 0.07584 0.70587 1.144e+13 0.69190
2.200 1255.219 0.26451 0.00188 0.38563 0.05338 0.37498 0.00266 0.54668 0.07568 0.70541 1.143e+13 0.69214
2.205 1255.105 0.26431 0.00187 0.38554 0.05324 0.37493 0.00265 0.54690 0.07552 0.70495 1.142e+13 0.69238
2.210 1254.990 0.26410 0.00186 0.38544 0.05309 0.37489 0.00264 0.54712 0.07536 0.70449 1.141e+13 0.69262
2.215 1254.876 0.26390 0.00185 0.38535 0.05294 0.37484 0.00263 0.54734 0.07520 0.70404 1.141e+13 0.69286
2.220 1254.762 0.26370 0.00184 0.38525 0.05279 0.37479 0.00262 0.54756 0.07504 0.70358 1.140e+13 0.69310
2.225 1254.649 0.26349 0.00183 0.38516 0.05265 0.37474 0.00261 0.54778 0.07488 0.70313 1.139e+13 0.69334
2.230 1254.535 0.26329 0.00182 0.38506 0.05250 0.37469 0.00260 0.54799 0.07472 0.70267 1.138e+13 0.69358
2.235 1254.422 0.26308 0.00181 0.38497 0.05236 0.37465 0.00258 0.54821 0.07456 0.70222 1.138e+13 0.69381
2.240 1254.309 0.26288 0.00181 0.38487 0.05221 0.37460 0.00257 0.54843 0.07440 0.70177 1.137e+13 0.69405
2.245 1254.196 0.26268 0.00180 0.38477 0.05207 0.37455 0.00256 0.54865 0.07424 0.70131 1.136e+13 0.69428
2.250 1254.083 0.26247 0.00179 0.38468 0.05192 0.37450 0.00255 0.54887 0.07408 0.70086 1.135e+13 0.69452
2.255 1253.971 0.26227 0.00178 0.38458 0.05178 0.37445 0.00254 0.54908 0.07393 0.70041 1.135e+13 0.69475
2.260 1253.858 0.26207 0.00177 0.38449 0.05163 0.37440 0.00253 0.54930 0.07377 0.69996 1.134e+13 0.69498
2.265 1253.746 0.26186 0.00176 0.38439 0.05149 0.37435 0.00252 0.54952 0.07361 0.69951 1.133e+13 0.69522
2.270 1253.634 0.26166 0.00175 0.38430 0.05135 0.37430 0.00251 0.54974 0.07345 0.69906 1.132e+13 0.69545
2.275 1253.523 0.26146 0.00174 0.38420 0.05121 0.37425 0.00250 0.54995 0.07330 0.69861 1.132e+13 0.69568
2.280 1253.411 0.26125 0.00174 0.38411 0.05106 0.37420 0.00249 0.55017 0.07314 0.69816 1.131e+13 0.69591
2.285 1253.300 0.26105 0.00173 0.38401 0.05092 0.37415 0.00248 0.55039 0.07299 0.69772 1.130e+13 0.69614
2.290 1253.189 0.26085 0.00172 0.38392 0.05078 0.37410 0.00247 0.55060 0.07283 0.69727 1.130e+13 0.69637
2.295 1253.078 0.26065 0.00171 0.38382 0.05064 0.37405 0.00245 0.55082 0.07267 0.69682 1.129e+13 0.69660
2.300 1252.967 0.26045 0.00170 0.38373 0.05050 0.37400 0.00244 0.55104 0.07252 0.69638 1.128e+13 0.69683
2.305 1252.856 0.26024 0.00169 0.38363 0.05036 0.37395 0.00243 0.55125 0.07237 0.69593 1.127e+13 0.69705
2.310 1252.746 0.26004 0.00169 0.38354 0.05022 0.37390 0.00242 0.55147 0.07221 0.69549 1.127e+13 0.69728
2.315 1252.636 0.25984 0.00168 0.38344 0.05008 0.37385 0.00241 0.55168 0.07206 0.69504 1.126e+13 0.69750
2.320 1252.526 0.25964 0.00167 0.38335 0.04994 0.37380 0.00240 0.55190 0.07190 0.69460 1.125e+13 0.69773
2.325 1252.416 0.25944 0.00166 0.38325 0.04981 0.37375 0.00239 0.55211 0.07175 0.69416 1.125e+13 0.69795
2.330 1252.307 0.25924 0.00165 0.38316 0.04967 0.37369 0.00238 0.55233 0.07160 0.69372 1.124e+13 0.69818
2.335 1252.197 0.25904 0.00164 0.38306 0.04953 0.37364 0.00237 0.55254 0.07144 0.69327 1.123e+13 0.69840
2.340 1252.088 0.25884 0.00164 0.38297 0.04939 0.37359 0.00236 0.55276 0.07129 0.69283 1.122e+13 0.69862
2.345 1251.979 0.25864 0.00163 0.38287 0.04926 0.37354 0.00235 0.55297 0.07114 0.69239 1.122e+13 0.69885
2.350 1251.870 0.25843 0.00162 0.38278 0.04912 0.37349 0.00234 0.55319 0.07099 0.69195 1.121e+13 0.69907
2.355 1251.761 0.25823 0.00161 0.38269 0.04898 0.37343 0.00233 0.55340 0.07083 0.69152 1.120e+13 0.69929
2.360 1251.653 0.25803 0.00160 0.38259 0.04885 0.37338 0.00232 0.55362 0.07068 0.69108 1.120e+13 0.69951
2.365 1251.544 0.25783 0.00160 0.38250 0.04871 0.37333 0.00231 0.55383 0.07053 0.69064 1.119e+13 0.69973
2.370 1251.436 0.25763 0.00159 0.38240 0.04858 0.37328 0.00230 0.55404 0.07038 0.69020 1.118e+13 0.69995
2.375 1251.328 0.25744 0.00158 0.38231 0.04844 0.37322 0.00229 0.55426 0.07023 0.68976 1.117e+13 0.70016
2.380 1251.220 0.25724 0.00157 0.38221 0.04831 0.37317 0.00228 0.55447 0.07008 0.68933 1.117e+13 0.70038
2.385 1251.113 0.25704 0.00157 0.38212 0.04817 0.37312 0.00227 0.55468 0.06993 0.68889 1.116e+13 0.70060
2.390 1251.005 0.25684 0.00156 0.38202 0.04804 0.37306 0.00226 0.55490 0.06978 0.68846 1.115e+13 0.70081
2.395 1250.898 0.25664 0.00155 0.38193 0.04791 0.37301 0.00225 0.55511 0.06963 0.68802 1.115e+13 0.70103
2.400 1250.791 0.25644 0.00154 0.38183 0.04777 0.37295 0.00224 0.55532 0.06948 0.68759 1.114e+13 0.70124
2.405 1250.684 0.25624 0.00153 0.38174 0.04764 0.37290 0.00223 0.55553 0.06933 0.68716 1.113e+13 0.70146
2.410 1250.577 0.25604 0.00153 0.38164 0.04751 0.37285 0.00222 0.55575 0.06918 0.68672 1.112e+13 0.70167
2.415 1250.471 0.25584 0.00152 0.38155 0.04738 0.37279 0.00221 0.55596 0.06904 0.68629 1.112e+13 0.70189
2.420 1250.365 0.25565 0.00151 0.38146 0.04725 0.37274 0.00220 0.55617 0.06889 0.68586 1.111e+13 0.70210
2.425 1250.258 0.25545 0.00150 0.38136 0.04712 0.37268 0.00220 0.55638 0.06874 0.68543 1.110e+13 0.70231
2.430 1250.152 0.25525 0.00150 0.38127 0.04699 0.37263 0.00219 0.55659 0.06859 0.68500 1.110e+13 0.70252
2.435 1250.046 0.25505 0.00149 0.38117 0.04686 0.37257 0.00218 0.55681 0.06845 0.68457 1.109e+13 0.70273
2.440 1249.941 0.25485 0.00148 0.38108 0.04673 0.37252 0.00217 0.55702 0.06830 0.68414 1.108e+13 0.70294
2.445 1249.835 0.25466 0.00148 0.38098 0.04660 0.37246 0.00216 0.55723 0.06815 0.68371 1.108e+13 0.70315
2.450 1249.730 0.25446 0.00147 0.38089 0.04647 0.37241 0.00215 0.55744 0.06801 0.68329 1.107e+13 0.70336
2.455 1249.625 0.25426 0.00146 0.38080 0.04634 0.37235 0.00214 0.55765 0.06786 0.68286 1.106e+13 0.70357
2.460 1249.520 0.25407 0.00145 0.38070 0.04621 0.37230 0.00213 0.55786 0.06771 0.68243 1.106e+13 0.70378
2.465 1249.415 0.25387 0.00145 0.38061 0.04608 0.37224 0.00212 0.55807 0.06757 0.68200 1.105e+13 0.70398
2.470 1249.310 0.25367 0.00144 0.38051 0.04595 0.37218 0.00211 0.55828 0.06742 0.68158 1.104e+13 0.70419
2.475 1249.206 0.25348 0.00143 0.38042 0.04583 0.37213 0.00210 0.55849 0.06728 0.68115 1.103e+13 0.70440
2.480 1249.102 0.25328 0.00143 0.38032 0.04570 0.37207 0.00209 0.55870 0.06713 0.68073 1.103e+13 0.70460
2.485 1248.997 0.25308 0.00142 0.38023 0.04557 0.37201 0.00209 0.55891 0.06699 0.68031 1.102e+13 0.70481
2.490 1248.893 0.25289 0.00141 0.38014 0.04545 0.37196 0.00208 0.55912 0.06685 0.67988 1.101e+13 0.70501
2.495 1248.790 0.25269 0.00140 0.38004 0.04532 0.37190 0.00207 0.55933 0.06670 0.67946 1.101e+13 0.70521
2.500 1248.686 0.25250 0.00140 0.37995 0.04520 0.37184 0.00206 0.55954 0.06656 0.67904 1.100e+13 0.70542
2.505 1248.582 0.25230 0.00139 0.37985 0.04507 0.37179 0.00205 0.55975 0.06642 0.67862 1.099e+13 0.70562
2.510 1248.479 0.25210 0.00138 0.37976 0.04495 0.37173 0.00204 0.55996 0.06627 0.67819 1.099e+13 0.70582
2.515 1248.376 0.25191 0.00138 0.37967 0.04482 0.37167 0.00203 0.56017 0.06613 0.67777 1.098e+13 0.70602
2.520 1248.273 0.25171 0.00137 0.37957 0.04470 0.37161 0.00202 0.56038 0.06599 0.67735 1.097e+13 0.70622
2.525 1248.170 0.25152 0.00136 0.37948 0.04457 0.37156 0.00201 0.56058 0.06585 0.67693 1.097e+13 0.70642
2.530 1248.068 0.25132 0.00136 0.37938 0.04445 0.37150 0.00201 0.56079 0.06570 0.67651 1.096e+13 0.70662
2.535 1247.965 0.25113 0.00135 0.37929 0.04433 0.37144 0.00200 0.56100 0.06556 0.67610 1.095e+13 0.70682
2.540 1247.863 0.25093 0.00134 0.37920 0.04420 0.37138 0.00199 0.56121 0.06542 0.67568 1.095e+13 0.70702
2.545 1247.761 0.25074 0.00134 0.37910 0.04408 0.37132 0.00198 0.56142 0.06528 0.67526 1.094e+13 0.70722
2.550 1247.659 0.25055 0.00133 0.37901 0.04396 0.37127 0.00197 0.56162 0.06514 0.67484 1.093e+13 0.70741
2.555 1247.557 0.25035 0.00132 0.37892 0.04384 0.37121 0.00196 0.56183 0.06500 0.67443 1.093e+13 0.70761
2.560 1247.455 0.25016 0.00132 0.37882 0.04372 0.37115 0.00195 0.56204 0.06486 0.67401 1.092e+13 0.70781
2.565 1247.353 0.24996 0.00131 0.37873 0.04359 0.37109 0.00195 0.56225 0.06472 0.67360 1.091e+13 0.70800
2.570 1247.252 0.24977 0.00130 0.37863 0.04347 0.37103 0.00194 0.56245 0.06458 0.67318 1.091e+13 0.70820
2.575 1247.151 0.24958 0.00130 0.37854 0.04335 0.37097 0.00193 0.56266 0.06444 0.67277 1.090e+13 0.70839
2.580 1247.050 0.24938 0.00129 0.37845 0.04323 0.37091 0.00192 0.56287 0.06430 0.67236 1.089e+13 0.70859
2.585 1246.949 0.24919 0.00129 0.37835 0.04311 0.37085 0.00191 0.56307 0.06416 0.67194 1.089e+13 0.70878
2.590 1246.848 0.24900 0.00128 0.37826 0.04299 0.37079 0.00190 0.56328 0.06402 0.67153 1.088e+13 0.70897
2.595 1246.748 0.24880 0.00127 0.37817 0.04287 0.37073 0.00190 0.56349 0.06388 0.67112 1.087e+13 0.70916
2.600 1246.647 0.24861 0.00127 0.37807 0.04276 0.37067 0.00189 0.56369 0.06375 0.67071 1.087e+13 0.70936
2.605 1246.547 0.24842 0.00126 0.37798 0.04264 0.37061 0.00188 0.56390 0.06361 0.67030 1.086e+13 0.70955
2.610 1246.447 0.24823 0.00125 0.37789 0.04252 0.37055 0.00187 0.56410 0.06347 0.66989 1.085e+13 0.70974
2.615 1246.347 0.24803 0.00125 0.37779 0.04240 0.37049 0.00186 0.56431 0.06333 0.66948 1.085e+13 0.70993
2.620 1246.247 0.24784 0.00124 0.37770 0.04228 0.37043 0.00186 0.56452 0.06320 0.66907 1.084e+13 0.71012
2.625 1246.147 0.24765 0.00124 0.37760 0.04217 0.37037 0.00185 0.56472 0.06306 0.66866 1.083e+13 0.71031
2.630 1246.048 0.24746 0.00123 0.37751 0.04205 0.37031 0.00184 0.56493 0.06292 0.66825 1.083e+13 0.71050
2.635 1245.948 0.24727 0.00122 0.37742 0.04193 0.37025 0.00183 0.56513 0.06279 0.66784 1.082e+13 0.71068
2.640 1245.849 0.24708 0.00122 0.37732 0.04182 0.37019 0.00182 0.56534 0.06265 0.66743 1.081e+13 0.71087
2.645 1245.750 0.24688 0.00121 0.37723 0.04170 0.37013 0.00182 0.56554 0.06252 0.66703 1.081e+13 0.71106
2.650 1245.651 0.24669 0.00121 0.37714 0.04159 0.37006 0.00181 0.56574 0.06238 0.66662 1.080e+13 0.71124
2.655 1245.552 0.24650 0.00120 0.37704 0.04147 0.37000 0.00180 0.56595 0.06225 0.66622 1.079e+13 0.71143
2.660 1245.454 0.24631 0.00119 0.37695 0.04136 0.36994 0.00179 0.56615 0.06211 0.66581 1.079e+13 0.71162
2.665 1245.355 0.24612 0.00119 0.37686 0.04124 0.36988 0.00179 0.56636 0.06198 0.66541 1.078e+13 0.71180
2.670 1245.257 0.24593 0.00118 0.37676 0.04113 0.36982 0.00178 0.56656 0.06184 0.66500 1.077e+13 0.71198
2.675 1245.159 0.24574 0.00118 0.37667 0.04101 0.36976 0.00177 0.56677 0.06171 0.66460 1.077e+13 0.71217
2.680 1245.061 0.24555 0.00117 0.37658 0.04090 0.36969 0.00176 0.56697 0.06158 0.66420 1.076e+13 0.71235
2.685 1244.963 0.24536 0.00116 0.37648 0.04079 0.36963 0.00175 0.56717 0.06144 0.66379 1.075e+13 0.71253
2.690 1244.865 0.24517 0.00116 0.37639 0.04067 0.36957 0.00175 0.56738 0.06131 0.66339 1.075e+13 0.71272
2.695 1244.768 0.24498 0.00115 0.37630 0.04056 0.36951 0.00174 0.56758 0.06118 0.66299 1.074e+13 0.71290
2.700 1244.670 0.24479 0.00115 0.37621 0.04045 0.36944 0.00173 0.56778 0.06104 0.66259 1.073e+13 0.71308
2.705 1244.573 0.24460 0.00114 0.37611 0.04034 0.36938 0.00172 0.56798 0.06091 0.66219 1.073e+13 0.71326
2.710 1244.476 0.24441 0.00114 0.37602 0.04022 0.36932 0.00172 0.56819 0.06078 0.66179 1.072e+13 0.71344
2.715 1244.379 0.24422 0.00113 0.37593 0.04011 0.36925 0.00171 0.56839 0.06065 0.66139 1.071e+13 0.71362
2.720 1244.282 0.24403 0.00113 0.37583 0.04000 0.36919 0.00170 0.56859 0.06052 0.66099 1.071e+13 0.71380
2.725 1244.185 0.24384 0.00112 0.37574 0.03989 0.36913 0.00170 0.56879 0.06039 0.66059 1.070e+13 0.71398
2.730 1244.089 0.24365 0.00111 0.37565 0.03978 0.36906 0.00169 0.56900 0.06025 0.66019 1.070e+13 0.71416
2.735 1243.992 0.24346 0.00111 0.37555 0.03967 0.36900 0.00168 0.56920 0.06012 0.65980 1.069e+13 0.71434
2.740 1243.896 0.24328 0.00110 0.37546 0.03956 0.36893 0.00167 0.56940 0.05999 0.65940 1.068e+13 0.71451
2.745 1243.800 0.24309 0.00110 0.37537 0.03945 0.36887 0.00167 0.56960 0.05986 0.65900 1.068e+13 0.71469
2.750 1243.704 0.24290 0.00109 0.37528 0.03934 0.36881 0.00166 0.56980 0.05973 0.65861 1.067e+13 0.71487
2.755 1243.608 0.24271 0.00109 0.37518 0.03923 0.36874 0.00165 0.57000 0.05960 0.65821 1.066e+13 0.71504
2.760 1243.512 0.24252 0.00108 0.37509 0.03912 0.36868 0.00164 0.57020 0.05947 0.65782 1.066e+13 0.71522
2.765 1243.417 0.24233 0.00108 0.37500 0.03901 0.36861 0.00164 0.57041 0.05934 0.65742 1.065e+13 0.71539
2.770 1243.321 0.24215 0.00107 0.37490 0.03891 0.36855 0.00163 0.57061 0.05922 0.65703 1.064e+13 0.71557
2.775 1243.226 0.24196 0.00107 0.37481 0.03880 0.36848 0.00162 0.57081 0.05909 0.65663 1.064e+13 0.71574
2.780 1243.131 0.24177 0.00106 0.37472 0.03869 0.36842 0.00162 0.57101 0.05896 0.65624 1.063e+13 0.71591
2.785 1243.036 0.24158 0.00106 0.37463 0.03858 0.36835 0.00161 0.57121 0.05883 0.65585 1.062e+13 0.71609
2.790 1242.941 0.24140 0.00105 0.37453 0.03848 0.36829 0.00160 0.57141 0.05870 0.65546 1.062e+13 0.71626
2.795 1242.846 0.24121 0.00105 0.37444 0.03837 0.36822 0.00160 0.57161 0.05857 0.65507 1.061e+13 0.71643
2.800 1242.751 0.24102 0.00104 0.37435 0.03826 0.36816 0.00159 0.57181 0.05845 0.65467 1.061e+13 0.71660
2.805 1242.657 0.24084 0.00103 0.37426 0.03816 0.36809 0.00158 0.57201 0.05832 0.65428 1.060e+13 0.71677
2.810 1242.563 0.24065 0.00103 0.37416 0.03805 0.36803 0.00157 0.57221 0.05819 0.65389 1.059e+13 0.71694
2.815 1242.468 0.24046 0.00102 0.37407 0.03795 0.36796 0.00157 0.57241 0.05807 0.65350 1.059e+13 0.71711
2.820 1242.374 0.24028 0.00102 0.37398 0.03784 0.36789 0.00156 0.57261 0.05794 0.65312 1.058e+13 0.71728
2.825 1242.280 0.24009 0.00101 0.37388 0.03774 0.36783 0.00155 0.57280 0.05781 0.65273 1.057e+13 0.71745
2.830 1242.187 0.23991 0.00101 0.37379 0.03763 0.36776 0.00155 0.57300 0.05769 0.65234 1.057e+13 0.71762
2.835 1242.093 0.23972 0.00100 0.37370 0.03753 0.36770 0.00154 0.57320 0.05756 0.65195 1.056e+13 0.71779
2.840 1241.999 0.23953 0.00100 0.37361 0.03742 0.36763 0.00153 0.57340 0.05744 0.65156 1.056e+13 0.71796
2.845 1241.906 0.23935 0.00099 0.37351 0.03732 0.36756 0.00153 0.57360 0.05731 0.65118 1.055e+13 0.71812
2.850 1241.813 0.23916 0.00099 0.37342 0.03722 0.36750 0.00152 0.57380 0.05719 0.65079 1.054e+13 0.71829
2.855 1241.720 0.23898 0.00099 0.37333 0.03711 0.36743 0.00151 0.57400 0.05706 0.65041 1.054e+13 0.71846
2.860 1241.627 0.23879 0.00098 0.37324 0.03701 0.36736 0.00151 0.57419 0.05694 0.65002 1.053e+13 0.71862
2.865 1241.534 0.23861 0.00098 0.37315 0.03691 0.36729 0.00150 0.57439 0.05681 0.64964 1.052e+13 0.71879
2.870 1241.441 0.23842 0.00097 0.37305 0.03681 0.36723 0.00150 0.57459 0.05669 0.64925 1.052e+13 0.71895
2.875 1241.348 0.23824 0.00097 0.37296 0.03670 0.36716 0.00149 0.57479 0.05657 0.64887 1.051e+13 0.71912
2.880 1241.256 0.23805 0.00096 0.37287 0.03660 0.36709 0.00148 0.57498 0.05644 0.64848 1.051e+13 0.71928
2.885 1241.163 0.23787 0.00096 0.37278 0.03650 0.36702 0.00148 0.57518 0.05632 0.64810 1.050e+13 0.71945
2.890 1241.071 0.23768 0.00095 0.37268 0.03640 0.36696 0.00147 0.57538 0.05620 0.64772 1.049e+13 0.71961
2.895 1240.979 0.23750 0.00095 0.37259 0.03630 0.36689 0.00146 0.57558 0.05607 0.64734 1.049e+13 0.71977
2.900 1240.887 0.23732 0.00094 0.37250 0.03620 0.36682 0.00146 0.57577 0.05595 0.64696 1.048e+13 0.71993
2.905 1240.795 0.23713 0.00094 0.37241 0.03610 0.36675 0.00145 0.57597 0.05583 0.64657 1.047e+13 0.72010
2.910 1240.704 0.23695 0.00093 0.37231 0.03600 0.36668 0.00144 0.57617 0.05571 0.64619 1.047e+13 0.72026
2.915 1240.612 0.23677 0.00093 0.37222 0.03590 0.36661 0.00144 0.57636 0.05559 0.64581 1.046e+13 0.72042
2.920 1240.521 0.23658 0.00092 0.37213 0.03580 0.36655 0.00143 0.57656 0.05546 0.64543 1.046e+13 0.72058
2.925 1240.429 0.23640 0.00092 0.37204 0.03570 0.36648 0.00143 0.57675 0.05534 0.64506 1.045e+13 0.72074
2.930 1240.338 0.23622 0.00092 0.37195 0.03560 0.36641 0.00142 0.57695 0.05522 0.64468 1.044e+13 0.72090
2.935 1240.247 0.23603 0.00091 0.37185 0.03550 0.36634 0.00141 0.57715 0.05510 0.64430 1.044e+13 0.72106
2.940 1240.156 0.23585 0.00091 0.37176 0.03540 0.36627 0.00141 0.57734 0.05498 0.64392 1.043e+13 0.72122
2.945 1240.065 0.23567 0.00090 0.37167 0.03530 0.36620 0.00140 0.57754 0.05486 0.64354 1.043e+13 0.72137
2.950 1239.974 0.23548 0.00090 0.37158 0.03521 0.36613 0.00139 0.57773 0.05474 0.64317 1.042e+13 0.72153
2.955 1239.884 0.23530 0.00089 0.37149 0.03511 0.36606 0.00139 0.57793 0.05462 0.64279 1.041e+13 0.72169
2.960 1239.793 0.23512 0.00089 0.37139 0.03501 0.36599 0.00138 0.57812 0.05450 0.64241 1.041e+13 0.72185
2.965 1239.703 0.23494 0.00088 0.37130 0.03492 0.36592 0.00138 0.57832 0.05438 0.64204 1.040e+13 0.72200
2.970 1239.613 0.23476 0.00088 0.37121 0.03482 0.36585 0.00137 0.57851 0.05426 0.64166 1.039e+13 0.72216
2.975 1239.523 0.23457 0.00088 0.37112 0.03472 0.36578 0.00137 0.57871 0.05414 0.64129 1.039e+13 0.72232
2.980 1239.433 0.23439 0.00087 0.37103 0.03463 0.36571 0.00136 0.57890 0.05403 0.64092 1.038e+13 0.72247
2.985 1239.343 0.23421 0.00087 0.37094 0.03453 0.36564 0.00135 0.57910 0.05391 0.64054 1.038e+13 0.72263
2.990 1239.253 0.23403 0.00086 0.37084 0.03443 0.36557 0.00135 0.57929 0.05379 0.64017 1.037e+13 0.72278
2.995 1239.164 0.23385 0.00086 0.37075 0.03434 0.36550 0.00134 0.57948 0.05367 0.63980 1.036e+13 0.72293
3.000 1239.074 0.23367 0.00085 0.37066 0.03424 0.36543 0.00134 0.57968 0.05355 0.63942 1.036e+13 0.72309
3.005 1238.985 0.23349 0.00085 0.37057 0.03415 0.36536 0.00133 0.57987 0.05344 0.63905 1.035e+13 0.72324
3.010 1238.896 0.23330 0.00085 0.37048 0.03405 0.36529 0.00132 0.58007 0.05332 0.63868 1.035e+13 0.72339
3.015 1238.807 0.23312 0.00084 0.37038 0.03396 0.36522 0.00132 0.58026 0.05320 0.63831 1.034e+13 0.72355
3.020 1238.718 0.23294 0.00084 0.37029 0.03387 0.36515 0.00131 0.58045 0.05309 0.63794 1.033e+13 0.72370
3.025 1238.629 0.23276 0.00083 0.37020 0.03377 0.36508 0.00131 0.58065 0.05297 0.63757 1.033e+13 0.72385
3.030 1238.540 0.23258 0.00083 0.37011 0.03368 0.36501 0.00130 0.58084 0.05285 0.63720 1.032e+13 0.72400
3.035 1238.451 0.23240 0.00083 0.37002 0.03358 0.36494 0.00130 0.58103 0.05274 0.63683 1.032e+13 0.72415
3.040 1238.363 0.23222 0.00082 0.36993 0.03349 0.36486 0.00129 0.58122 0.05262 0.63646 1.031e+13 0.72430
3.045 1238.274 0.23204 0.00082 0.36984 0.03340 0.36479 0.00128 0.58142 0.05251 0.63609 1.030e+13 0.72445
3.050 1238.186 0.23186 0.00081 0.36974 0.03331 0.36472 0.00128 0.58161 0.05239 0.63573 1.030e+13 0.72460
3.055 1238.098 0.23168 0.00081 0.36965 0.03321 0.36465 0.00127 0.58180 0.05228 0.63536 1.029e+13 0.72475
3.060 1238.010 0.23150 0.00081 0.36956 0.03312 0.36458 0.00127 0.58199 0.05216 0.63499 1.029e+13 0.72490
3.065 1237.922 0.23132 0.00080 0.36947 0.03303 0.36451 0.00126 0.58219 0.05205 0.63462 1.028e+13 0.72505
3.070 1237.834 0.23114 0.00080 0.36938 0.03294 0.36443 0.00126 0.58238 0.05193 0.63426 1.027e+13 0.72520
3.075 1237.746 0.23097 0.00079 0.36929 0.03285 0.36436 0.00125 0.58257 0.05182 0.63389 1.027e+13 0.72534
3.080 1237.659 0.23079 0.00079 0.36920 0.03276 0.36429 0.00125 0.58276 0.05170 0.63353 1.026e+13 0.72549
3.085 1237.571 0.23061 0.00079 0.36910 0.03267 0.36422 0.00124 0.58295 0.05159 0.63316 1.026e+13 0.72564
3.090 1237.484 0.23043 0.00078 0.36901 0.03258 0.36414 0.00124 0.58314 0.05148 0.63280 1.025e+13 0.72578
3.095 1237.397 0.23025 0.00078 0.36892 0.03248 0.36407 0.00123 0.58333 0.05136 0.63243 1.025e+13 0.72593
3.100 1237.310 0.23007 0.00077 0.36883 0.03239 0.36400 0.00122 0.58353 0.05125 0.63207 1.024e+13 0.72608
3.105 1237.223 0.22989 0.00077 0.36874 0.03231 0.36392 0.00122 0.58372 0.05114 0.63171 1.023e+13 0.72622
3.110 1237.136 0.22972 0.00077 0.36865 0.03222 0.36385 0.00121 0.58391 0.05103 0.63135 1.023e+13 0.72637
3.115 1237.049 0.22954 0.00076 0.36856 0.03213 0.36378 0.00121 0.58410 0.05091 0.63098 1.022e+13 0.72651
3.120 1236.962 0.22936 0.00076 0.36846 0.03204 0.36371 0.00120 0.58429 0.05080 0.63062 1.022e+13 0.72665
3.125 1236.876 0.22918 0.00076 0.36837 0.03195 0.36363 0.00120 0.58448 0.05069 0.63026 1.021e+13 0.72680
3.130 1236.789 0.22901 0.00075 0.36828 0.03186 0.36356 0.00119 0.58467 0.05058 0.62990 1.020e+13 0.72694
3.135 1236.703 0.22883 0.00075 0.36819 0.03177 0.36348 0.00119 0.58486 0.05047 0.62954 1.020e+13 0.72708
3.140 1236.617 0.22865 0.00074 0.36810 0.03168 0.36341 0.00118 0.58505 0.05036 0.62918 1.019e+13 0.72723
3.145 1236.530 0.22847 0.00074 0.36801 0.03160 0.36334 0.00118 0.58524 0.05025 0.62882 1.019e+13 0.72737
3.150 1236.444 0.22830 0.00074 0.36792 0.03151 0.36326 0.00117 0.58543 0.05014 0.62846 1.018e+13 0.72751
3.155 1236.359 0.22812 0.00073 0.36783 0.03142 0.36319 0.00117 0.58562 0.05003 0.62810 1.018e+13 0.72765
3.160 1236.273 0.22794 0.00073 0.36774 0.03133 0.36312 0.00116 0.58581 0.04992 0.62774 1.017e+13 0.72779
3.165 1236.187 0.22777 0.00073 0.36764 0.03125 0.36304 0.00116 0.58600 0.04981 0.62738 1.016e+13 0.72793
3.170 1236.101 0.22759 0.00072 0.36755 0.03116 0.36297 0.00115 0.58619 0.04970 0.62703 1.016e+13 0.72807
3.175 1236.016 0.22741 0.00072 0.36746 0.03107 0.36289 0.00115 0.58637 0.04959 0.62667 1.015e+13 0.72821
3.180 1235.931 0.22724 0.00072 0.36737 0.03099 0.36282 0.00114 0.58656 0.04948 0.62631 1.015e+13 0.72835
3.185 1235.845 0.22706 0.00071 0.36728 0.03090 0.36274 0.00114 0.58675 0.04937 0.62596 1.014e+13 0.72849
3.190 1235.760 0.22689 0.00071 0.36719 0.03082 0.36267 0.00113 0.58694 0.04926 0.62560 1.013e+13 0.72863
3.195 1235.675 0.22671 0.00070 0.36710 0.03073 0.36259 0.00113 0.58713 0.04915 0.62524 1.013e+13 0.72877
3.200 1235.590 0.22653 0.00070 0.36701 0.03065 0.36252 0.00112 0.58732 0.04904 0.62489 1.012e+13 0.72891
3.205 1235.506 0.22636 0.00070 0.36692 0.03056 0.36244 0.00112 0.58751 0.04893 0.62453 1.012e+13 0.72904
3.210 1235.421 0.22618 0.00069 0.36683 0.03048 0.36237 0.00111 0.58769 0.04883 0.62418 1.011e+13 0.72918
3.215 1235.336 0.22601 0.00069 0.36674 0.03039 0.36229 0.00111 0.58788 0.04872 0.62383 1.011e+13 0.72932
3.220 1235.252 0.22583 0.00069 0.36665 0.03031 0.36222 0.00110 0.58807 0.04861 0.62347 1.010e+13 0.72946
3.225 1235.167 0.22566 0.00068 0.36655 0.03022 0.36214 0.00110 0.58826 0.04850 0.62312 1.009e+13 0.72959
3.230 1235.083 0.22548 0.00068 0.36646 0.03014 0.36207 0.00109 0.58844 0.04840 0.62277 1.009e+13 0.72973
3.235 1234.999 0.22531 0.00068 0.36637 0.03006 0.36199 0.00109 0.58863 0.04829 0.62242 1.008e+13 0.72986
3.240 1234.915 0.22513 0.00067 0.36628 0.02997 0.36191 0.00108 0.58882 0.04818 0.62206 1.008e+13 0.73000
3.245 1234.831 0.22496 0.00067 0.36619 0.02989 0.36184 0.00108 0.58901 0.04808 0.62171 1.007e+13 0.73013
3.250 1234.747 0.22478 0.00067 0.36610 0.02981 0.36176 0.00107 0.58919 0.04797 0.62136 1.007e+13 0.73027
3.255 1234.663 0.22461 0.00066 0.36601 0.02972 0.36169 0.00107 0.58938 0.04786 0.62101 1.006e+13 0.73040
3.260 1234.580 0.22444 0.00066 0.36592 0.02964 0.36161 0.00107 0.58957 0.04776 0.62066 1.005e+13 0.73053
3.265 1234.496 0.22426 0.00066 0.36583 0.02956 0.36153 0.00106 0.58975 0.04765 0.62031 1.005e+13 0.73067
3.270 1234.413 0.22409 0.00065 0.36574 0.02948 0.36146 0.00106 0.58994 0.04755 0.61996 1.004e+13 0.73080
3.275 1234.329 0.22392 0.00065 0.36565 0.02940 0.36138 0.00105 0.59013 0.04744 0.61961 1.004e+13 0.73093
3.280 1234.246 0.22374 0.00065 0.36556 0.02931 0.36130 0.00105 0.59031 0.04734 0.61926 1.003e+13 0.73107
3.285 1234.163 0.22357 0.00065 0.36547 0.02923 0.36123 0.00104 0.59050 0.04723 0.61892 1.003e+13 0.73120
3.290 1234.080 0.22340 0.00064 0.36538 0.02915 0.36115 0.00104 0.59068 0.04713 0.61857 1.002e+13 0.73133
3.295 1233.997 0.22322 0.00064 0.36529 0.02907 0.36107 0.00103 0.59087 0.04703 0.61822 1.002e+13 0.73146
3.300 1233.914 0.22305 0.00064 0.36520 0.02899 0.36100 0.00103 0.59105 0.04692 0.61787 1.001e+13 0.73159
3.305 1233.831 0.22288 0.00063 0.36511 0.02891 0.36092 0.00102 0.59124 0.04682 0.61753 1.000e+13 0.73172
3.310 1233.749 0.22270 0.00063 0.36502 0.02883 0.36084 0.00102 0.59142 0.04671 0.61718 9.998e+12 0.73185
3.315 1233.666 0.22253 0.00063 0.36493 0.02875 0.36076 0.00102 0.59161 0.04661 0.61683 9.993e+12 0.73198
3.320 1233.584 0.22236 0.00062 0.36484 0.02867 0.36069 0.00101 0.59180 0.04651 0.61649 9.987e+12 0.73211
3.325 1233.502 0.22219 0.00062 0.36474 0.02859 0.36061 0.00101 0.59198 0.04640 0.61614 9.982e+12 0.73224
3.330 1233.419 0.22201 0.00062 0.36465 0.02851 0.36053 0.00100 0.59216 0.04630 0.61580 9.976e+12 0.73237
3.335 1233.337 0.22184 0.00061 0.36456 0.02843 0.36045 0.00100 0.59235 0.04620 0.61545 9.970e+12 0.73250
3.340 1233.255 0.22167 0.00061 0.36447 0.02835 0.36038 0.00099 0.59253 0.04610 0.61511 9.965e+12 0.73262
3.345 1233.173 0.22150 0.00061 0.36438 0.02828 0.36030 0.00099 0.59272 0.04600 0.61477 9.959e+12 0.73275
3.350 1233.092 0.22133 0.00061 0.36429 0.02820 0.36022 0.00098 0.59290 0.04589 0.61442 9.954e+12 0.73288
3.355 1233.010 0.22116 0.00060 0.36420 0.02812 0.36014 0.00098 0.59309 0.04579 0.61408 9.948e+12 0.73301
3.360 1232.928 0.22098 0.00060 0.36411 0.02804 0.36006 0.00098 0.59327 0.04569 0.61374 9.943e+12 0.73313
3.365 1232.847 0.22081 0.00060 0.36402 0.02796 0.35998 0.00097 0.59345 0.04559 0.61340 9.937e+12 0.73326
3.370 1232.765 0.22064 0.00059 0.36393 0.02789 0.35991 0.00097 0.59364 0.04549 0.61306 9.931e+12 0.73339
3.375 1232.684 0.22047 0.00059 0.36384 0.02781 0.35983 0.00096 0.59382 0.04539 0.61271 9.926e+12 0.73351
3.380 1232.603 0.22030 0.00059 0.36375 0.02773 0.35975 0.00096 0.59401 0.04529 0.61237 9.920e+12 0.73364
3.385 1232.522 0.22013 0.00058 0.36366 0.02766 0.35967 0.00096 0.59419 0.04519 0.61203 9.915e+12 0.73376
3.390 1232.440 0.21996 0.00058 0.36357 0.02758 0.35959 0.00095 0.59437 0.04509 0.61169 9.909e+12 0.73389
3.395 1232.360 0.21979 0.00058 0.36348 0.02750 0.35951 0.00095 0.59455 0.04499 0.61135 9.904e+12 0.73401
3.400 1232.279 0.21962 0.00058 0.36339 0.02743 0.35943 0.00094 0.59474 0.04489 0.61101 9.898e+12 0.73413
3.405 1232.198 0.21945 0.00057 0.36330 0.02735 0.35935 0.00094 0.59492 0.04479 0.61068 9.893e+12 0.73426
3.410 1232.117 0.21928 0.00057 0.36321 0.02727 0.35928 0.00093 0.59510 0.04469 0.61034 9.887e+12 0.73438
3.415 1232.037 0.21911 0.00057 0.36312 0.02720 0.35920 0.00093 0.59529 0.04459 0.61000 9.882e+12 0.73450
3.420 1231.956 0.21894 0.00056 0.36303 0.02712 0.35912 0.00093 0.59547 0.04449 0.60966 9.877e+12 0.73463
3.425 1231.876 0.21877 0.00056 0.36294 0.02705 0.35904 0.00092 0.59565 0.04439 0.60932 9.871e+12 0.73475
3.430 1231.796 0.21860 0.00056 0.36285 0.02697 0.35896 0.00092 0.59583 0.04429 0.60899 9.866e+12 0.73487
3.435 1231.715 0.21843 0.00056 0.36276 0.02690 0.35888 0.00091 0.59601 0.04419 0.60865 9.860e+12 0.73499
3.440 1231.635 0.21826 0.00055 0.36267 0.02682 0.35880 0.00091 0.59620 0.04410 0.60831 9.855e+12 0.73511
3.445 1231.555 0.21809 0.00055 0.36258 0.02675 0.35872 0.00091 0.59638 0.04400 0.60798 9.849e+12 0.73524
3.450 1231.475 0.21792 0.00055 0.36249 0.02668 0.35864 0.00090 0.59656 0.04390 0.60764 9.844e+12 0.73536
3.455 1231.396 0.21775 0.00055 0.36241 0.02660 0.35856 0.00090 0.59674 0.04380 0.60731 9.838e+12 0.73548
3.460 1231.316 0.21759 0.00054 0.36232 0.02653 0.35848 0.00089 0.59692 0.04371 0.60697 9.833e+12 0.73560
3.465 1231.236 0.21742 0.00054 0.36223 0.02645 0.35840 0.00089 0.59710 0.04361 0.60664 9.828e+12 0.73572
3.470 1231.157 0.21725 0.00054 0.36214 0.02638 0.35832 0.00089 0.59729 0.04351 0.60630 9.822e+12 0.73584
3.475 1231.077 0.21708 0.00053 0.36205 0.02631 0.35824 0.00088 0.59747 0.04341 0.60597 9.817e+12 0.73596
3.480 1230.998 0.21691 0.00053 0.36196 0.02624 0.35816 0.00088 0.59765 0.04332 0.60564 9.811e+12 0.73607
3.485 1230.919 0.21674 0.00053 0.36187 0.02616 0.35808 0.00088 0.59783 0.04322 0.60530 9.806e+12 0.73619
3.490 1230.840 0.21658 0.00053 0.36178 0.02609 0.35799 0.00087 0.59801 0.04313 0.60497 9.801e+12 0.73631
3.495 1230.761 0.21641 0.00052 0.36169 0.02602 0.35791 0.00087 0.59819 0.04303 0.60464 9.795e+12 0.73643
3.500 1230.682 0.21624 0.00052 0.36160 0.02595 0.35783 0.00086 0.59837 0.04293 0.60431 9.790e+12 0.73655
3.505 1230.603 0.21607 0.00052 0.36151 0.02587 0.35775 0.00086 0.59855 0.04284 0.60398 9.784e+12 0.73666
3.510 1230.524 0.21591 0.00052 0.36142 0.02580 0.35767 0.00086 0.59873 0.04274 0.60364 9.779e+12 0.73678
3.515 1230.445 0.21574 0.00051 0.36133 0.02573 0.35759 0.00085 0.59891 0.04265 0.60331 9.774e+12 0.73690
3.520 1230.367 0.21557 0.00051 0.36124 0.02566 0.35751 0.00085 0.59909 0.04255 0.60298 9.768e+12 0.73701
3.525 1230.288 0.21540 0.00051 0.36115 0.02559 0.35743 0.00084 0.59927 0.04246 0.60265 9.763e+12 0.73713
3.530 1230.210 0.21524 0.00051 0.36106 0.02552 0.35735 0.00084 0.59945 0.04236 0.60232 9.758e+12 0.73725
3.535 1230.131 0.21507 0.00050 0.36097 0.02545 0.35726 0.00084 0.59963 0.04227 0.60199 9.752e+12 0.73736
3.540 1230.053 0.21490 0.00050 0.36088 0.02538 0.35718 0.00083 0.59981 0.04218 0.60167 9.747e+12 0.73748
3.545 1229.975 0.21474 0.00050 0.36079 0.02531 0.35710 0.00083 0.59999 0.04208 0.60134 9.742e+12 0.73759
3.550 1229.897 0.21457 0.00050 0.36070 0.02524 0.35702 0.00083 0.60017 0.04199 0.60101 9.736e+12 0.73771
3.555 1229.819 0.21441 0.00049 0.36062 0.02517 0.35694 0.00082 0.60034 0.04189 0.60068 9.731e+12 0.73782
3.560 1229.741 0.21424 0.00049 0.36053 0.02510 0.35686 0.00082 0.60052 0.04180 0.60035 9.726e+12 0.73793
3.565 1229.663 0.21407 0.00049 0.36044 0.02503 0.35677 0.00082 0.60070 0.04171 0.60003 9.720e+12 0.73805
3.570 1229.586 0.21391 0.00049 0.36035 0.02496 0.35669 0.00081 0.60088 0.04162 0.59970 9.715e+12 0.73816
3.575 1229.508 0.21374 0.00048 0.36026 0.02489 0.35661 0.00081 0.60106 0.04152 0.59937 9.710e+12 0.73828
3.580 1229.430 0.21358 0.00048 0.36017 0.02482 0.35653 0.00081 0.60124 0.04143 0.59905 9.705e+12 0.73839
3.585 1229.353 0.21341 0.00048 0.36008 0.02475 0.35644 0.00080 0.60142 0.04134 0.59872 9.699e+12 0.73850
3.590 1229.276 0.21325 0.00048 0.35999 0.02468 0.35636 0.00080 0.60159 0.04125 0.59840 9.694e+12 0.73861
3.595 1229.198 0.21308 0.00048 0.35990 0.02461 0.35628 0.00079 0.60177 0.04115 0.59807 9.689e+12 0.73872
3.600 1229.121 0.21292 0.00047 0.35981 0.02454 0.35620 0.00079 0.60195 0.04106 0.59775 9.683e+12 0.73884
3.605 1229.044 0.21275 0.00047 0.35972 0.02448 0.35611 0.00079 0.60213 0.04097 0.59742 9.678e+12 0.73895
3.610 1228.967 0.21259 0.00047 0.35964 0.02441 0.35603 0.00078 0.60231 0.04088 0.59710 9.673e+12 0.73906
3.615 1228.890 0.21242 0.00047 0.35955 0.02434 0.35595 0.00078 0.60248 0.04079 0.59677 9.668e+12 0.73917
3.620 1228.813 0.21226 0.00046 0.35946 0.02427 0.35587 0.00078 0.60266 0.04070 0.59645 9.663e+12 0.73928
3.625 1228.736 0.21209 0.00046 0.35937 0.02421 0.35578 0.00077 0.60284 0.04061 0.59613 9.657e+12 0.73939
3.630 1228.660 0.21193 0.00046 0.35928 0.02414 0.35570 0.00077 0.60301 0.04052 0.59581 9.652e+12 0.73950
3.635 1228.583 0.21176 0.00046 0.35919 0.02407 0.35562 0.00077 0.60319 0.04043 0.59548 9.647e+12 0.73961
3.640 1228.507 0.21160 0.00045 0.35910 0.02401 0.35553 0.00076 0.60337 0.04034 0.59516 9.642e+12 0.73972
3.645 1228.430 0.21144 0.00045 0.35901 0.02394 0.35545 0.00076 0.60355 0.04024 0.59484 9.636e+12 0.73983
3.650 1228.354 0.21127 0.00045 0.35892 0.02387 0.35537 0.00076 0.60372 0.04016 0.59452 9.631e+12 0.73994
3.655 1228.278 0.21111 0.00045 0.35884 0.02381 0.35528 0.00075 0.60390 0.04007 0.59420 9.626e+12 0.74004
3.660 1228.202 0.21094 0.00045 0.35875 0.02374 0.35520 0.00075 0.60407 0.03998 0.59388 9.621e+12 0.74015
3.665 1228.125 0.21078 0.00044 0.35866 0.02368 0.35511 0.00075 0.60425 0.03989 0.59356 9.616e+12 0.74026
3.670 1228.049 0.21062 0.00044 0.35857 0.02361 0.35503 0.00074 0.60443 0.03980 0.59324 9.610e+12 0.74037
3.675 1227.974 0.21045 0.00044 0.35848 0.02354 0.35495 0.00074 0.60460 0.03971 0.59292 9.605e+12 0.74048
3.680 1227.898 0.21029 0.00044 0.35839 0.02348 0.35486 0.00074 0.60478 0.03962 0.59260 9.600e+12 0.74058
3.685 1227.822 0.21013 0.00043 0.35830 0.02341 0.35478 0.00073 0.60495 0.03953 0.59228 9.595e+12 0.74069
3.690 1227.746 0.20997 0.00043 0.35821 0.02335 0.35469 0.00073 0.60513 0.03944 0.59196 9.590e+12 0.74080
3.695 1227.671 0.20980 0.00043 0.35813 0.02328 0.35461 0.00073 0.60531 0.03936 0.59164 9.585e+12 0.74090
3.700 1227.595 0.20964 0.00043 0.35804 0.02322 0.35453 0.00072 0.60548 0.03927 0.59133 9.579e+12 0.74101
3.705 1227.520 0.20948 0.00043 0.35795 0.02316 0.35444 0.00072 0.60566 0.03918 0.59101 9.574e+12 0.74111
3.710 1227.444 0.20932 0.00042 0.35786 0.02309 0.35436 0.00072 0.60583 0.03909 0.59069 9.569e+12 0.74122
3.715 1227.369 0.20915 0.00042 0.35777 0.02303 0.35427 0.00072 0.60601 0.03900 0.59037 9.564e+12 0.74132
3.720 1227.294 0.20899 0.00042 0.35768 0.02296 0.35419 0.00071 0.60618 0.03892 0.59006 9.559e+12 0.74143
3.725 1227.219 0.20883 0.00042 0.35759 0.02290 0.35410 0.00071 0.60636 0.03883 0.58974 9.554e+12 0.74153
3.730 1227.144 0.20867 0.00042 0.35751 0.02284 0.35402 0.00071 0.60653 0.03874 0.58943 9.549e+12 0.74164
3.735 1227.069 0.20851 0.00041 0.35742 0.02277 0.35393 0.00070 0.60671 0.03866 0.58911 9.544e+12 0.74174
3.740 1226.994 0.20834 0.00041 0.35733 0.02271 0.35385 0.00070 0.60688 0.03857 0.58879 9.538e+12 0.74184
3.745 1226.919 0.20818 0.00041 0.35724 0.02265 0.35376 0.00070 0.60706 0.03848 0.58848 9.533e+12 0.74195
3.750 1226.845 0.20802 0.00041 0.35715 0.02258 0.35368 0.00069 0.60723 0.03840 0.58817 9.528e+12 0.74205
3.755 1226.770 0.20786 0.00041 0.35706 0.02252 0.35359 0.00069 0.60740 0.03831 0.58785 9.523e+12 0.74215
3.760 1226.696 0.20770 0.00040 0.35697 0.02246 0.35351 0.00069 0.60758 0.03823 0.58754 9.518e+12 0.74226
3.765 1226.621 0.20754 0.00040 0.35689 0.02240 0.35342 0.00068 0.60775 0.03814 0.58722 9.513e+12 0.74236
3.770 1226.547 0.20738 0.00040 0.35680 0.02233 0.35334 0.00068 0.60793 0.03805 0.58691 9.508e+12 0.74246
3.775 1226.472 0.20722 0.00040 0.35671 0.02227 0.35325 0.00068 0.60810 0.03797 0.58660 9.503e+12 0.74256
3.780 1226.398 0.20706 0.00040 0.35662 0.02221 0.35317 0.00068 0.60827 0.03788 0.58629 9.498e+12 0.74266
3.785 1226.324 0.20690 0.00039 0.35653 0.02215 0.35308 0.00067 0.60845 0.03780 0.58597 9.493e+12 0.74277
3.790 1226.250 0.20674 0.00039 0.35645 0.02209 0.35300 0.00067 0.60862 0.03772 0.58566 9.488e+12 0.74287
3.795 1226.176 0.20658 0.00039 0.35636 0.02203 0.35291 0.00067 0.60879 0.03763 0.58535 9.483e+12 0.74297
3.800 1226.102 0.20642 0.00039 0.35627 0.02197 0.35282 0.00066 0.60897 0.03755 0.58504 9.478e+12 0.74307
3.805 1226.028 0.20626 0.00039 0.35618 0.02191 0.35274 0.00066 0.60914 0.03746 0.58473 9.473e+12 0.74317
3.810 1225.955 0.20610 0.00038 0.35609 0.02184 0.35265 0.00066 0.60931 0.03738 0.58442 9.468e+12 0.74327
3.815 1225.881 0.20594 0.00038 0.35600 0.02178 0.35257 0.00066 0.60948 0.03729 0.58411 9.463e+12 0.74337
3.820 1225.807 0.20578 0.00038 0.35592 0.02172 0.35248 0.00065 0.60966 0.03721 0.58380 9.458e+12 0.74347
3.825 1225.734 0.20562 0.00038 0.35583 0.02166 0.35239 0.00065 0.60983 0.03713 0.58349 9.453e+12 0.74357
3.830 1225.660 0.20546 0.00038 0.35574 0.02160 0.35231 0.00065 0.61000 0.03704 0.58318 9.447e+12 0.74367
3.835 1225.587 0.20530 0.00038 0.35565 0.02154 0.35222 0.00064 0.61017 0.03696 0.58287 9.442e+12 0.74376
3.840 1225.514 0.20514 0.00037 0.35556 0.02148 0.35213 0.00064 0.61035 0.03688 0.58256 9.437e+12 0.74386
3.845 1225.441 0.20498 0.00037 0.35548 0.02142 0.35205 0.00064 0.61052 0.03680 0.58225 9.433e+12 0.74396
3.850 1225.367 0.20482 0.00037 0.35539 0.02136 0.35196 0.00064 0.61069 0.03671 0.58195 9.428e+12 0.74406
3.855 1225.294 0.20466 0.00037 0.35530 0.02131 0.35188 0.00063 0.61086 0.03663 0.58164 9.423e+12 0.74416
3.860 1225.221 0.20451 0.00037 0.35521 0.02125 0.35179 0.00063 0.61103 0.03655 0.58133 9.418e+12 0.74425
3.865 1225.149 0.20435 0.00036 0.35512 0.02119 0.35170 0.00063 0.61120 0.03647 0.58102 9.413e+12 0.74435
3.870 1225.076 0.20419 0.00036 0.35504 0.02113 0.35161 0.00062 0.61138 0.03638 0.58072 9.408e+12 0.74445
3.875 1225.003 0.20403 0.00036 0.35495 0.02107 0.35153 0.00062 0.61155 0.03630 0.58041 9.403e+12 0.74454
3.880 1224.930 0.20387 0.00036 0.35486 0.02101 0.35144 0.00062 0.61172 0.03622 0.58010 9.398e+12 0.74464
3.885 1224.858 0.20371 0.00036 0.35477 0.02095 0.35135 0.00062 0.61189 0.03614 0.57980 9.393e+12 0.74474
3.890 1224.785 0.20356 0.00036 0.35469 0.02090 0.35127 0.00061 0.61206 0.03606 0.57949 9.388e+12 0.74483
3.895 1224.713 0.20340 0.00035 0.35460 0.02084 0.35118 0.00061 0.61223 0.03598 0.57919 9.383e+12 0.74493
3.900 1224.640 0.20324 0.00035 0.35451 0.02078 0.35109 0.00061 0.61240 0.03590 0.57888 9.378e+12 0.74502
3.905 1224.568 0.20308 0.00035 0.35442 0.02072 0.35100 0.00061 0.61257 0.03582 0.57858 9.373e+12 0.74512
3.910 1224.496 0.20293 0.00035 0.35433 0.02067 0.35092 0.00060 0.61274 0.03574 0.57827 9.368e+12 0.74521
3.915 1224.424 0.20277 0.00035 0.35425 0.02061 0.35083 0.00060 0.61291 0.03566 0.57797 9.363e+12 0.74531
3.920 1224.352 0.20261 0.00035 0.35416 0.02055 0.35074 0.00060 0.61308 0.03558 0.57767 9.358e+12 0.74540
3.925 1224.280 0.20246 0.00034 0.35407 0.02049 0.35065 0.00059 0.61326 0.03550 0.57736 9.353e+12 0.74550
3.930 1224.208 0.20230 0.00034 0.35398 0.02044 0.35057 0.00059 0.61343 0.03542 0.57706 9.348e+12 0.74559
3.935 1224.136 0.20214 0.00034 0.35390 0.02038 0.35048 0.00059 0.61360 0.03534 0.57676 9.343e+12 0.74568
3.940 1224.064 0.20199 0.00034 0.35381 0.02032 0.35039 0.00059 0.61376 0.03526 0.57646 9.339e+12 0.74578
3.945 1223.992 0.20183 0.00034 0.35372 0.02027 0.35030 0.00058 0.61393 0.03518 0.57615 9.334e+12 0.74587
3.950 1223.921 0.20167 0.00034 0.35363 0.02021 0.35022 0.00058 0.61410 0.03510 0.57585 9.329e+12 0.74596
3.955 1223.849 0.20152 0.00033 0.35355 0.02016 0.35013 0.00058 0.61427 0.03502 0.57555 9.324e+12 0.74606
3.960 1223.778 0.20136 0.00033 0.35346 0.02010 0.35004 0.00058 0.61444 0.03494 0.57525 9.319e+12 0.74615
3.965 1223.706 0.20120 0.00033 0.35337 0.02004 0.34995 0.00057 0.61461 0.03486 0.57495 9.314e+12 0.74624
3.970 1223.635 0.20105 0.00033 0.35328 0.01999 0.34986 0.00057 0.61478 0.03478 0.57465 9.309e+12 0.74633
3.975 1223.564 0.20089 0.00033 0.35320 0.01993 0.34977 0.00057 0.61495 0.03471 0.57435 9.304e+12 0.74643
3.980 1223.492 0.20074 0.00033 0.35311 0.01988 0.34969 0.00057 0.61512 0.03463 0.57405 9.300e+12 0.74652
3.985 1223.421 0.20058 0.00032 0.35302 0.01982 0.34960 0.00056 0.61529 0.03455 0.57375 9.295e+12 0.74661
3.990 1223.350 0.20043 0.00032 0.35293 0.01977 0.34951 0.00056 0.61546 0.03447 0.57345 9.290e+12 0.74670
3.995 1223.279 0.20027 0.00032 0.35285 0.01971 0.34942 0.00056 0.61563 0.03439 0.57315 9.285e+12 0.74679
4.000 1223.208 0.20012 0.00032 0.35276 0.01966 0.34933 0.00056 0.61579 0.03432 0.57285 9.280e+12 0.74688
4.005 1223.137 0.19996 0.00032 0.35267 0.01960 0.34924 0.00055 0.61596 0.03424 0.57255 9.275e+12 0.74697
4.010 1223.067 0.19981 0.00032 0.35258 0.01955 0.34915 0.00055 0.61613 0.03416 0.57226 9.271e+12 0.74706
4.015 1222.996 0.19965 0.00031 0.35250 0.01950 0.34907 0.00055 0.61630 0.03409 0.57196 9.266e+12 0.74715
4.020 1222.925 0.19950 0.00031 0.35241 0.01944 0.34898 0.00055 0.61647 0.03401 0.57166 9.261e+12 0.74724
4.025 1222.855 0.19934 0.00031 0.35232 0.01939 0.34889 0.00054 0.61664 0.03393 0.57136 9.256e+12 0.74733
4.030 1222.784 0.19919 0.00031 0.35224 0.01933 0.34880 0.00054 0.61680 0.03386 0.57107 9.251e+12 0.74742
4.035 1222.714 0.19903 0.00031 0.35215 0.01928 0.34871 0.00054 0.61697 0.03378 0.57077 9.246e+12 0.74751
4.040 1222.644 0.19888 0.00031 0.35206 0.01923 0.34862 0.00054 0.61714 0.03370 0.57047 9.242e+12 0.74760
4.045 1222.573 0.19872 0.00031 0.35197 0.01917 0.34853 0.00054 0.61731 0.03363 0.57018 9.237e+12 0.74768
4.050 1222.503 0.19857 0.00030 0.35189 0.01912 0.34844 0.00053 0.61747 0.03355 0.56988 9.232e+12 0.74777
4.055 1222.433 0.19842 0.00030 0.35180 0.01907 0.34835 0.00053 0.61764 0.03348 0.56959 9.227e+12 0.74786
4.060 1222.363 0.19826 0.00030 0.35171 0.01901 0.34826 0.00053 0.61781 0.03340 0.56929 9.223e+12 0.74795
4.065 1222.293 0.19811 0.00030 0.35163 0.01896 0.34817 0.00053 0.61798 0.03332 0.56900 9.218e+12 0.74804
4.070 1222.223 0.19796 0.00030 0.35154 0.01891 0.34808 0.00052 0.61814 0.03325 0.56870 9.213e+12 0.74812
4.075 1222.153 0.19780 0.00030 0.35145 0.01886 0.34799 0.00052 0.61831 0.03317 0.56841 9.208e+12 0.74821
4.080 1222.083 0.19765 0.00029 0.35136 0.01880 0.34790 0.00052 0.61848 0.03310 0.56811 9.203e+12 0.74830
4.085 1222.013 0.19750 0.00029 0.35128 0.01875 0.34781 0.00052 0.61864 0.03303 0.56782 9.199e+12 0.74838
4.090 1221.944 0.19734 0.00029 0.35119 0.01870 0.34772 0.00051 0.61881 0.03295 0.56753 9.194e+12 0.74847
4.095 1221.874 0.19719 0.00029 0.35110 0.01865 0.34764 0.00051 0.61898 0.03288 0.56723 9.189e+12 0.74856
4.100 1221.805 0.19704 0.00029 0.35102 0.01860 0.34755 0.00051 0.61914 0.03280 0.56694 9.184e+12 0.74864
4.105 1221.735 0.19688 0.00029 0.35093 0.01855 0.34746 0.00051 0.61931 0.03273 0.56665 9.180e+12 0.74873
4.110 1221.666 0.19673 0.00029 0.35084 0.01849 0.34737 0.00051 0.61948 0.03265 0.56636 9.175e+12 0.74881
4.115 1221.596 0.19658 0.00028 0.35076 0.01844 0.34727 0.00050 0.61964 0.03258 0.56606 9.170e+12 0.74890
4.120 1221.527 0.19643 0.00028 0.35067 0.01839 0.34718 0.00050 0.61981 0.03251 0.56577 9.166e+12 0.74898
4.125 1221.458 0.19628 0.00028 0.35058 0.01834 0.34709 0.00050 0.61997 0.03243 0.56548 9.161e+12 0.74907
4.130 1221.389 0.19612 0.00028 0.35050 0.01829 0.34700 0.00050 0.62014 0.03236 0.56519 9.156e+12 0.74915
4.135 1221.320 0.19597 0.00028 0.35041 0.01824 0.34691 0.00049 0.62030 0.03229 0.56490 9.151e+12 0.74924
4.140 1221.251 0.19582 0.00028 0.35032 0.01819 0.34682 0.00049 0.62047 0.03221 0.56461 9.147e+12 0.74932
4.145 1221.182 0.19567 0.00028 0.35024 0.01814 0.34673 0.00049 0.62064 0.03214 0.56432 9.142e+12 0.74941
4.150 1221.113 0.19552 0.00028 0.35015 0.01809 0.34664 0.00049 0.62080 0.03207 0.56403 9.137e+12 0.74949
4.155 1221.044 0.19536 0.00027 0.35006 0.01804 0.34655 0.00049 0.62097 0.03200 0.56374 9.133e+12 0.74957
4.160 1220.976 0.19521 0.00027 0.34998 0.01799 0.34646 0.00048 0.62113 0.03192 0.56345 9.128e+12 0.74966
4.165 1220.907 0.19506 0.00027 0.34989 0.01794 0.34637 0.00048 0.62130 0.03185 0.56316 9.123e+12 0.74974
4.170 1220.838 0.19491 0.00027 0.34980 0.01789 0.34628 0.00048 0.62146 0.03178 0.56287 9.119e+12 0.74982
4.175 1220.770 0.19476 0.00027 0.34972 0.01784 0.34619 0.00048 0.62163 0.03171 0.56258 9.114e+12 0.74990
4.180 1220.701 0.19461 0.00027 0.34963 0.01779 0.34610 0.00048 0.62179 0.03164 0.56230 9.109e+12 0.74999
4.185 1220.633 0.19446 0.00027 0.34954 0.01774 0.34601 0.00047 0.62195 0.03157 0.56201 9.105e+12 0.75007
4.190 1220.565 0.19431 0.00026 0.34946 0.01769 0.34592 0.00047 0.62212 0.03149 0.56172 9.100e+12 0.75015
4.195 1220.496 0.19416 0.00026 0.34937 0.01764 0.34582 0.00047 0.62228 0.03142 0.56143 9.095e+12 0.75023
4.200 1220.428 0.19401 0.00026 0.34928 0.01759 0.34573 0.00047 0.62245 0.03135 0.56115 9.091e+12 0.75031
4.205 1220.360 0.19386 0.00026 0.34920 0.01754 0.34564 0.00046 0.62261 0.03128 0.56086 9.086e+12 0.75040
4.210 1220.292 0.19371 0.00026 0.34911 0.01750 0.34555 0.00046 0.62278 0.03121 0.56057 9.081e+12 0.75048
4.215 1220.224 0.19356 0.00026 0.34902 0.01745 0.34546 0.00046 0.62294 0.03114 0.56029 9.077e+12 0.75056
4.220 1220.156 0.19341 0.00026 0.34894 0.01740 0.34537 0.00046 0.62310 0.03107 0.56000 9.072e+12 0.75064
4.225 1220.088 0.19326 0.00026 0.34885 0.01735 0.34528 0.00046 0.62327 0.03100 0.55971 9.067e+12 0.75072
4.230 1220.020 0.19311 0.00025 0.34877 0.01730 0.34519 0.00045 0.62343 0.03093 0.55943 9.063e+12 0.75080
4.235 1219.952 0.19296 0.00025 0.34868 0.01725 0.34509 0.00045 0.62359 0.03086 0.55914 9.058e+12 0.75088
4.240 1219.885 0.19281 0.00025 0.34859 0.01721 0.34500 0.00045 0.62376 0.03079 0.55886 9.054e+12 0.75096
4.245 1219.817 0.19266 0.00025 0.34851 0.01716 0.34491 0.00045 0.62392 0.03072 0.55857 9.049e+12 0.75104
4.250 1219.750 0.19251 0.00025 0.34842 0.01711 0.34482 0.00045 0.62408 0.03065 0.55829 9.044e+12 0.75112
4.255 1219.682 0.19236 0.00025 0.34833 0.01706 0.34473 0.00044 0.62425 0.03058 0.55801 9.040e+12 0.75120
4.260 1219.615 0.19221 0.00025 0.34825 0.01702 0.34464 0.00044 0.62441 0.03051 0.55772 9.035e+12 0.75128
4.265 1219.547 0.19206 0.00025 0.34816 0.01697 0.34454 0.00044 0.62457 0.03044 0.55744 9.031e+12 0.75135
4.270 1219.480 0.19191 0.00024 0.34808 0.01692 0.34445 0.00044 0.62474 0.03037 0.55716 9.026e+12 0.75143
4.275 1219.413 0.19176 0.00024 0.34799 0.01688 0.34436 0.00044 0.62490 0.03030 0.55687 9.021e+12 0.75151
4.280 1219.345 0.19162 0.00024 0.34790 0.01683 0.34427 0.00043 0.62506 0.03024 0.55659 9.017e+12 0.75159
4.285 1219.278 0.19147 0.00024 0.34782 0.01678 0.34418 0.00043 0.62522 0.03017 0.55631 9.012e+12 0.75167
4.290 1219.211 0.19132 0.00024 0.34773 0.01674 0.34408 0.00043 0.62539 0.03010 0.55603 9.008e+12 0.75175
4.295 1219.144 0.19117 0.00024 0.34765 0.01669 0.34399 0.00043 0.62555 0.03003 0.55574 9.003e+12 0.75182
4.300 1219.077 0.19102 0.00024 0.34756 0.01664 0.34390 0.00043 0.62571 0.02996 0.55546 8.998e+12 0.75190
4.305 1219.010 0.19088 0.00024 0.34747 0.01660 0.34381 0.00043 0.62587 0.02989 0.55518 8.994e+12 0.75198
4.310 1218.944 0.19073 0.00024 0.34739 0.01655 0.34371 0.00042 0.62604 0.02983 0.55490 8.989e+12 0.75205
4.315 1218.877 0.19058 0.00023 0.34730 0.01651 0.34362 0.00042 0.62620 0.02976 0.55462 8.985e+12 0.75213
4.320 1218.810 0.19043 0.00023 0.34722 0.01646 0.34353 0.00042 0.62636 0.02969 0.55434 8.980e+12 0.75221
4.325 1218.743 0.19028 0.00023 0.34713 0.01641 0.34344 0.00042 0.62652 0.02962 0.55406 8.976e+12 0.75228
4.330 1218.677 0.19014 0.00023 0.34704 0.01637 0.34334 0.00042 0.62668 0.02956 0.55378 8.971e+12 0.75236
4.335 1218.610 0.18999 0.00023 0.34696 0.01632 0.34325 0.00041 0.62684 0.02949 0.55350 8.967e+12 0.75244
4.340 1218.544 0.18984 0.00023 0.34687 0.01628 0.34316 0.00041 0.62701 0.02942 0.55322 8.962e+12 0.75251
4.345 1218.478 0.18970 0.00023 0.34679 0.01623 0.34307 0.00041 0.62717 0.02936 0.55294 8.958e+12 0.75259
4.350 1218.411 0.18955 0.00023 0.34670 0.01619 0.34297 0.00041 0.62733 0.02929 0.55266 8.953e+12 0.75266
4.355 1218.345 0.18940 0.00022 0.34661 0.01614 0.34288 0.00041 0.62749 0.02922 0.55238 8.949e+12 0.75274
4.360 1218.279 0.18925 0.00022 0.34653 0.01610 0.34279 0.00041 0.62765 0.02916 0.55211 8.944e+12 0.75281
4.365 1218.213 0.18911 0.00022 0.34644 0.01605 0.34269 0.00040 0.62781 0.02909 0.55183 8.940e+12 0.75289
4.370 1218.146 0.18896 0.00022 0.34636 0.01601 0.34260 0.00040 0.62797 0.02903 0.55155 8.935e+12 0.75296
4.375 1218.080 0.18882 0.00022 0.34627 0.01596 0.34251 0.00040 0.62813 0.02896 0.55127 8.931e+12 0.75304
4.380 1218.014 0.18867 0.00022 0.34619 0.01592 0.34242 0.00040 0.62829 0.02889 0.55099 8.926e+12 0.75311
4.385 1217.949 0.18852 0.00022 0.34610 0.01588 0.34232 0.00040 0.62845 0.02883 0.55072 8.922e+12 0.75318
4.390 1217.883 0.18838 0.00022 0.34601 0.01583 0.34223 0.00039 0.62861 0.02876 0.55044 8.917e+12 0.75326
4.395 1217.817 0.18823 0.00022 0.34593 0.01579 0.34214 0.00039 0.62877 0.02870 0.55016 8.913e+12 0.75333
4.400 1217.751 0.18808 0.00022 0.34584 0.01574 0.34204 0.00039 0.62893 0.02863 0.54989 8.908e+12 0.75341
4.405 1217.685 0.18794 0.00021 0.34576 0.01570 0.34195 0.00039 0.62909 0.02857 0.54961 8.904e+12 0.75348
4.410 1217.620 0.18779 0.00021 0.34567 0.01566 0.34186 0.00039 0.62925 0.02850 0.54934 8.899e+12 0.75355
4.415 1217.554 0.18765 0.00021 0.34559 0.01561 0.34176 0.00039 0.62941 0.02844 0.54906 8.895e+12 0.75362
4.420 1217.489 0.18750 0.00021 0.34550 0.01557 0.34167 0.00038 0.62957 0.02837 0.54879 8.890e+12 0.75370
4.425 1217.423 0.18736 0.00021 0.34542 0.01553 0.34158 0.00038 0.62973 0.02831 0.54851 8.886e+12 0.75377
4.430 1217.358 0.18721 0.00021 0.34533 0.01548 0.34148 0.00038 0.62989 0.02824 0.54824 8.881e+12 0.75384
4.435 1217.293 0.18707 0.00021 0.34524 0.01544 0.34139 0.00038 0.63005 0.02818 0.54796 8.877e+12 0.75391
4.440 1217.227 0.18692 0.00021 0.34516 0.01540 0.34129 0.00038 0.63021 0.02812 0.54769 8.873e+12 0.75399
4.445 1217.162 0.18678 0.00021 0.34507 0.01536 0.34120 0.00038 0.63037 0.02805 0.54741 8.868e+12 0.75406
4.450 1217.097 0.18663 0.00020 0.34499 0.01531 0.34111 0.00037 0.63053 0.02799 0.54714 8.864e+12 0.75413
4.455 1217.032 0.18649 0.00020 0.34490 0.01527 0.34101 0.00037 0.63069 0.02793 0.54687 8.859e+12 0.75420
4.460 1216.967 0.18634 0.00020 0.34482 0.01523 0.34092 0.00037 0.63085 0.02786 0.54659 8.855e+12 0.75427
4.465 1216.902 0.18620 0.00020 0.34473 0.01519 0.34082 0.00037 0.63101 0.02780 0.54632 8.850e+12 0.75434
4.470 1216.837 0.18606 0.00020 0.34465 0.01514 0.34073 0.00037 0.63117 0.02774 0.54605 8.846e+12 0.75441
4.475 1216.772 0.18591 0.00020 0.34456 0.01510 0.34064 0.00037 0.63133 0.02767 0.54578 8.842e+12 0.75448
4.480 1216.707 0.18577 0.00020 0.34448 0.01506 0.34054 0.00036 0.63148 0.02761 0.54550 8.837e+12 0.75455
4.485 1216.643 0.18562 0.00020 0.34439 0.01502 0.34045 0.00036 0.63164 0.02755 0.54523 8.833e+12 0.75462
4.490 1216.578 0.18548 0.00020 0.34431 0.01498 0.34035 0.00036 0.63180 0.02748 0.54496 8.828e+12 0.75469
4.495 1216.513 0.18534 0.00020 0.34422 0.01494 0.34026 0.00036 0.63196 0.02742 0.54469 8.824e+12 0.75476
4.500 1216.449 0.18519 0.00019 0.34414 0.01489 0.34017 0.00036 0.63212 0.02736 0.54442 8.820e+12 0.75483
4.505 1216.384 0.18505 0.00019 0.34405 0.01485 0.34007 0.00036 0.63228 0.02730 0.54415 8.815e+12 0.75490
4.510 1216.320 0.18491 0.00019 0.34397 0.01481 0.33998 0.00035 0.63243 0.02723 0.54388 8.811e+12 0.75497
4.515 1216.255 0.18476 0.00019 0.34388 0.01477 0.33988 0.00035 0.63259 0.02717 0.54361 8.806e+12 0.75504
4.520 1216.191 0.18462 0.00019 0.34379 0.01473 0.33979 0.00035 0.63275 0.02711 0.54334 8.802e+12 0.75511
4.525 1216.127 0.18448 0.00019 0.34371 0.01469 0.33969 0.00035 0.63291 0.02705 0.54307 8.798e+12 0.75518
4.530 1216.062 0.18433 0.00019 0.34362 0.01465 0.33960 0.00035 0.63306 0.02699 0.54280 8.793e+12 0.75525
4.535 1215.998 0.18419 0.00019 0.34354 0.01461 0.33950 0.00035 0.63322 0.02693 0.54253 8.789e+12 0.75532
4.540 1215.934 0.18405 0.00019 0.34345 0.01457 0.33941 0.00035 0.63338 0.02686 0.54226 8.785e+12 0.75538
4.545 1215.870 0.18390 0.00019 0.34337 0.01453 0.33932 0.00034 0.63354 0.02680 0.54199 8.780e+12 0.75545
4.550 1215.806 0.18376 0.00019 0.34328 0.01449 0.33922 0.00034 0.63369 0.02674 0.54172 8.776e+12 0.75552
4.555 1215.742 0.18362 0.00018 0.34320 0.01445 0.33913 0.00034 0.63385 0.02668 0.54145 8.772e+12 0.75559
4.560 1215.678 0.18348 0.00018 0.34311 0.01441 0.33903 0.00034 0.63401 0.02662 0.54118 8.767e+12 0.75565
4.565 1215.614 0.18334 0.00018 0.34303 0.01437 0.33894 0.00034 0.63417 0.02656 0.54092 8.763e+12 0.75572
4.570 1215.550 0.18319 0.00018 0.34295 0.01433 0.33884 0.00034 0.63432 0.02650 0.54065 8.758e+12 0.75579
4.575 1215.487 0.18305 0.00018 0.34286 0.01429 0.33875 0.00034 0.63448 0.02644 0.54038 8.754e+12 0.75586
4.580 1215.423 0.18291 0.00018 0.34278 0.01425 0.33865 0.00033 0.63464 0.02638 0.54011 8.750e+12 0.75592
4.585 1215.359 0.18277 0.00018 0.34269 0.01421 0.33856 0.00033 0.63479 0.02632 0.53985 8.746e+12 0.75599
4.590 1215.296 0.18263 0.00018 0.34261 0.01417 0.33846 0.00033 0.63495 0.02626 0.53958 8.741e+12 0.75606
4.595 1215.232 0.18249 0.00018 0.34252 0.01413 0.33837 0.00033 0.63511 0.02620 0.53931 8.737e+12 0.75612
4.600 1215.169 0.18234 0.00018 0.34244 0.01409 0.33827 0.00033 0.63526 0.02614 0.53905 8.733e+12 0.75619
4.605 1215.105 0.18220 0.00018 0.34235 0.01405 0.33818 0.00033 0.63542 0.02608 0.53878 8.728e+12 0.75625
