timeGa Urey Qt heat/H0 heatTW 1HPE 2HPE 3HPE 4HPE TempC
0.000 0.12000 36.00000 1.00000 4.32000 0.37200 0.01640 0.43000 0.18100 1351.850
0.005 0.12005 36.00000 1.00038 4.32164 0.37215 0.01647 0.42994 0.18143 1352.564
0.010 0.11982 36.10395 1.00136 4.32587 0.37207 0.01654 0.42963 0.18176 1353.279
0.015 0.11959 36.20845 1.00234 4.33012 0.37199 0.01661 0.42931 0.18209 1353.997
0.020 0.11936 36.31350 1.00333 4.33437 0.37192 0.01667 0.42900 0.18241 1354.718
0.025 0.11913 36.41911 1.00431 4.33864 0.37184 0.01674 0.42868 0.18274 1355.440
0.030 0.11890 36.52527 1.00530 4.34291 0.37176 0.01680 0.42837 0.18307 1356.165
0.035 0.11867 36.63199 1.00629 4.34719 0.37168 0.01687 0.42805 0.18340 1356.893
0.040 0.11844 36.73928 1.00729 4.35148 0.37161 0.01694 0.42773 0.18372 1357.622
0.045 0.11821 36.84714 1.00828 4.35578 0.37153 0.01700 0.42742 0.18405 1358.354
0.050 0.11798 36.95557 1.00928 4.36009 0.37145 0.01707 0.42710 0.18438 1359.088
0.055 0.11775 37.06458 1.01028 4.36441 0.37137 0.01714 0.42678 0.18471 1359.825
0.060 0.11752 37.17418 1.01128 4.36874 0.37129 0.01720 0.42647 0.18504 1360.564
0.065 0.11729 37.28437 1.01229 4.37307 0.37121 0.01727 0.42615 0.18537 1361.305
0.070 0.11706 37.39515 1.01329 4.37742 0.37113 0.01734 0.42583 0.18570 1362.049
0.075 0.11683 37.50652 1.01430 4.38177 0.37104 0.01741 0.42551 0.18603 1362.795
0.080 0.11660 37.61850 1.01531 4.38614 0.37096 0.01748 0.42520 0.18636 1363.544
0.085 0.11636 37.73108 1.01632 4.39051 0.37088 0.01755 0.42488 0.18670 1364.295
0.090 0.11613 37.84428 1.01734 4.39489 0.37080 0.01761 0.42456 0.18703 1365.048
0.095 0.11590 37.95809 1.01835 4.39929 0.37071 0.01768 0.42424 0.18736 1365.804
0.100 0.11567 38.07252 1.01937 4.40369 0.37063 0.01775 0.42392 0.18769 1366.563
0.105 0.11543 38.18757 1.02039 4.40810 0.37055 0.01782 0.42360 0.18803 1367.323
0.110 0.11520 38.30326 1.02142 4.41252 0.37046 0.01789 0.42328 0.18836 1368.087
0.115 0.11497 38.41958 1.02244 4.41695 0.37038 0.01796 0.42296 0.18869 1368.853
0.120 0.11473 38.53655 1.02347 4.42138 0.37029 0.01803 0.42264 0.18903 1369.621
0.125 0.11450 38.65415 1.02450 4.42583 0.37021 0.01811 0.42232 0.18936 1370.392
0.130 0.11426 38.77241 1.02553 4.43029 0.37012 0.01818 0.42200 0.18970 1371.166
0.135 0.11403 38.89133 1.02656 4.43476 0.37004 0.01825 0.42168 0.19003 1371.942
0.140 0.11379 39.01090 1.02760 4.43923 0.36995 0.01832 0.42136 0.19037 1372.721
0.145 0.11356 39.13114 1.02864 4.44372 0.36986 0.01839 0.42104 0.19071 1373.502
0.150 0.11332 39.25205 1.02968 4.44822 0.36978 0.01846 0.42072 0.19104 1374.286
0.155 0.11309 39.37364 1.03072 4.45272 0.36969 0.01854 0.42040 0.19138 1375.073
0.160 0.11285 39.49591 1.03177 4.45724 0.36960 0.01861 0.42007 0.19172 1375.862
0.165 0.11262 39.61887 1.03281 4.46176 0.36951 0.01868 0.41975 0.19206 1376.654
0.170 0.11238 39.74252 1.03386 4.46630 0.36942 0.01875 0.41943 0.19239 1377.449
0.175 0.11214 39.86687 1.03492 4.47084 0.36933 0.01883 0.41911 0.19273 1378.246
0.180 0.11191 39.99192 1.03597 4.47539 0.36924 0.01890 0.41878 0.19307 1379.046
0.185 0.11167 40.11768 1.03703 4.47996 0.36915 0.01898 0.41846 0.19341 1379.849
0.190 0.11143 40.24416 1.03809 4.48453 0.36906 0.01905 0.41814 0.19375 1380.654
0.195 0.11120 40.37136 1.03915 4.48911 0.36897 0.01912 0.41781 0.19409 1381.462
0.200 0.11096 40.49928 1.04021 4.49371 0.36888 0.01920 0.41749 0.19443 1382.274
0.205 0.11072 40.62794 1.04128 4.49831 0.36879 0.01927 0.41717 0.19477 1383.087
0.210 0.11048 40.75734 1.04234 4.50293 0.36870 0.01935 0.41684 0.19511 1383.904
0.215 0.11024 40.88749 1.04341 4.50755 0.36860 0.01942 0.41652 0.19545 1384.724
0.220 0.11000 41.01838 1.04449 4.51218 0.36851 0.01950 0.41619 0.19580 1385.546
0.225 0.10976 41.15003 1.04556 4.51683 0.36842 0.01958 0.41587 0.19614 1386.371
0.230 0.10953 41.28245 1.04664 4.52148 0.36832 0.01965 0.41554 0.19648 1387.199
0.235 0.10929 41.41563 1.04772 4.52614 0.36823 0.01973 0.41522 0.19682 1388.030
0.240 0.10905 41.54960 1.04880 4.53082 0.36813 0.01981 0.41489 0.19717 1388.864
0.245 0.10881 41.68434 1.04988 4.53550 0.36804 0.01988 0.41457 0.19751 1389.701
0.250 0.10857 41.81988 1.05097 4.54019 0.36794 0.01996 0.41424 0.19785 1390.541
0.255 0.10832 41.95621 1.05206 4.54490 0.36785 0.02004 0.41391 0.19820 1391.383
0.260 0.10808 42.09334 1.05315 4.54961 0.36775 0.02012 0.41359 0.19854 1392.229
0.265 0.10784 42.23128 1.05424 4.55434 0.36765 0.02020 0.41326 0.19889 1393.078
0.270 0.10760 42.37004 1.05534 4.55907 0.36756 0.02027 0.41293 0.19923 1393.929
0.275 0.10736 42.50962 1.05644 4.56382 0.36746 0.02035 0.41261 0.19958 1394.784
0.280 0.10712 42.65003 1.05754 4.56858 0.36736 0.02043 0.41228 0.19993 1395.642
0.285 0.10688 42.79128 1.05864 4.57334 0.36726 0.02051 0.41195 0.20027 1396.503
0.290 0.10663 42.93337 1.05975 4.57812 0.36716 0.02059 0.41162 0.20062 1397.367
0.295 0.10639 43.07631 1.06086 4.58291 0.36707 0.02067 0.41129 0.20097 1398.234
0.300 0.10615 43.22011 1.06197 4.58770 0.36697 0.02075 0.41097 0.20132 1399.104
0.305 0.10590 43.36478 1.06308 4.59251 0.36687 0.02083 0.41064 0.20166 1399.977
0.310 0.10566 43.51032 1.06420 4.59733 0.36677 0.02091 0.41031 0.20201 1400.854
0.315 0.10542 43.65674 1.06532 4.60216 0.36666 0.02100 0.40998 0.20236 1401.734
0.320 0.10517 43.80405 1.06644 4.60700 0.36656 0.02108 0.40965 0.20271 1402.617
0.325 0.10493 43.95225 1.06756 4.61185 0.36646 0.02116 0.40932 0.20306 1403.503
0.330 0.10468 44.10136 1.06868 4.61671 0.36636 0.02124 0.40899 0.20341 1404.392
0.335 0.10444 44.25138 1.06981 4.62159 0.36626 0.02132 0.40866 0.20376 1405.285
0.340 0.10419 44.40232 1.07094 4.62647 0.36615 0.02141 0.40833 0.20411 1406.181
0.345 0.10395 44.55419 1.07207 4.63136 0.36605 0.02149 0.40800 0.20446 1407.080
0.350 0.10370 44.70700 1.07321 4.63627 0.36595 0.02157 0.40767 0.20481 1407.983
0.355 0.10346 44.86074 1.07435 4.64118 0.36584 0.02166 0.40734 0.20516 1408.889
0.360 0.10321 45.01544 1.07549 4.64611 0.36574 0.02174 0.40701 0.20552 1409.798
0.365 0.10297 45.17110 1.07663 4.65105 0.36563 0.02182 0.40668 0.20587 1410.711
0.370 0.10272 45.32773 1.07778 4.65600 0.36553 0.02191 0.40634 0.20622 1411.627
0.375 0.10247 45.48534 1.07893 4.66096 0.36542 0.02199 0.40601 0.20657 1412.547
0.380 0.10222 45.64393 1.08008 4.66593 0.36532 0.02208 0.40568 0.20693 1413.470
0.385 0.10198 45.80352 1.08123 4.67091 0.36521 0.02216 0.40535 0.20728 1414.396
0.390 0.10173 45.96411 1.08238 4.67590 0.36510 0.02225 0.40501 0.20763 1415.326
0.395 0.10148 46.12571 1.08354 4.68091 0.36499 0.02233 0.40468 0.20799 1416.260
0.400 0.10123 46.28834 1.08470 4.68592 0.36489 0.02242 0.40435 0.20834 1417.197
0.405 0.10098 46.45199 1.08587 4.69095 0.36478 0.02251 0.40402 0.20870 1418.138
0.410 0.10074 46.61669 1.08703 4.69598 0.36467 0.02259 0.40368 0.20905 1419.082
0.415 0.10049 46.78244 1.08820 4.70103 0.36456 0.02268 0.40335 0.20941 1420.030
0.420 0.10024 46.94925 1.08937 4.70609 0.36445 0.02277 0.40301 0.20977 1420.981
0.425 0.09999 47.11712 1.09055 4.71116 0.36434 0.02286 0.40268 0.21012 1421.937
0.430 0.09974 47.28608 1.09172 4.71625 0.36423 0.02294 0.40235 0.21048 1422.896
0.435 0.09949 47.45612 1.09290 4.72134 0.36412 0.02303 0.40201 0.21084 1423.858
0.440 0.09924 47.62726 1.09409 4.72645 0.36401 0.02312 0.40168 0.21119 1424.825
0.445 0.09899 47.79951 1.09527 4.73156 0.36390 0.02321 0.40134 0.21155 1425.795
0.450 0.09874 47.97288 1.09646 4.73669 0.36378 0.02330 0.40101 0.21191 1426.769
0.455 0.09849 48.14738 1.09765 4.74183 0.36367 0.02339 0.40067 0.21227 1427.746
0.460 0.09823 48.32302 1.09884 4.74699 0.36356 0.02348 0.40033 0.21263 1428.728
0.465 0.09798 48.49981 1.10003 4.75215 0.36344 0.02357 0.40000 0.21299 1429.713
0.470 0.09773 48.67776 1.10123 4.75732 0.36333 0.02366 0.39966 0.21335 1430.703
0.475 0.09748 48.85688 1.10243 4.76251 0.36322 0.02375 0.39933 0.21371 1431.696
0.480 0.09723 49.03719 1.10364 4.76771 0.36310 0.02384 0.39899 0.21407 1432.693
0.485 0.09697 49.21868 1.10484 4.77292 0.36299 0.02393 0.39865 0.21443 1433.694
0.490 0.09672 49.40139 1.10605 4.77814 0.36287 0.02403 0.39832 0.21479 1434.700
0.495 0.09647 49.58531 1.10726 4.78338 0.36275 0.02412 0.39798 0.21515 1435.709
0.500 0.09621 49.77045 1.10848 4.78862 0.36264 0.02421 0.39764 0.21551 1436.722
0.505 0.09596 49.95684 1.10969 4.79388 0.36252 0.02430 0.39730 0.21587 1437.739
0.510 0.09571 50.14448 1.11091 4.79915 0.36240 0.02440 0.39696 0.21623 1438.761
0.515 0.09545 50.33338 1.11214 4.80443 0.36229 0.02449 0.39663 0.21660 1439.786
0.520 0.09520 50.52356 1.11336 4.80973 0.36217 0.02458 0.39629 0.21696 1440.816
0.525 0.09494 50.71502 1.11459 4.81503 0.36205 0.02468 0.39595 0.21732 1441.850
0.530 0.09469 50.90778 1.11582 4.82035 0.36193 0.02477 0.39561 0.21769 1442.888
0.535 0.09443 51.10186 1.11706 4.82568 0.36181 0.02487 0.39527 0.21805 1443.931
0.540 0.09418 51.29726 1.11829 4.83102 0.36169 0.02496 0.39493 0.21841 1444.977
0.545 0.09392 51.49400 1.11953 4.83638 0.36157 0.02506 0.39459 0.21878 1446.028
0.550 0.09367 51.69210 1.12077 4.84174 0.36145 0.02515 0.39425 0.21914 1447.084
0.555 0.09341 51.89155 1.12202 4.84712 0.36133 0.02525 0.39391 0.21951 1448.143
0.560 0.09315 52.09238 1.12327 4.85251 0.36121 0.02535 0.39357 0.21987 1449.207
0.565 0.09290 52.29461 1.12452 4.85792 0.36109 0.02544 0.39323 0.22024 1450.276
0.570 0.09264 52.49824 1.12577 4.86333 0.36096 0.02554 0.39289 0.22061 1451.349
0.575 0.09238 52.70328 1.12703 4.86876 0.36084 0.02564 0.39255 0.22097 1452.427
0.580 0.09212 52.90976 1.12829 4.87420 0.36072 0.02574 0.39221 0.22134 1453.509
0.585 0.09187 53.11769 1.12955 4.87966 0.36059 0.02583 0.39187 0.22171 1454.595
0.590 0.09161 53.32708 1.13082 4.88512 0.36047 0.02593 0.39153 0.22207 1455.686
0.595 0.09135 53.53794 1.13208 4.89060 0.36034 0.02603 0.39118 0.22244 1456.782
0.600 0.09109 53.75030 1.13335 4.89609 0.36022 0.02613 0.39084 0.22281 1457.883
0.605 0.09083 53.96416 1.13463 4.90160 0.36009 0.02623 0.39050 0.22318 1458.988
0.610 0.09057 54.17954 1.13591 4.90711 0.35997 0.02633 0.39016 0.22355 1460.098
0.615 0.09031 54.39645 1.13719 4.91264 0.35984 0.02643 0.38981 0.22391 1461.212
0.620 0.09005 54.61492 1.13847 4.91819 0.35971 0.02653 0.38947 0.22428 1462.332
0.625 0.08979 54.83496 1.13976 4.92374 0.35959 0.02663 0.38913 0.22465 1463.456
0.630 0.08953 55.05658 1.14104 4.92931 0.35946 0.02673 0.38879 0.22502 1464.585
0.635 0.08927 55.27979 1.14234 4.93489 0.35933 0.02683 0.38844 0.22539 1465.719
0.640 0.08901 55.50463 1.14363 4.94048 0.35920 0.02694 0.38810 0.22576 1466.858
0.645 0.08875 55.73109 1.14493 4.94609 0.35907 0.02704 0.38775 0.22613 1468.002
0.650 0.08849 55.95921 1.14623 4.95171 0.35894 0.02714 0.38741 0.22651 1469.151
0.655 0.08823 56.18899 1.14753 4.95735 0.35881 0.02724 0.38707 0.22688 1470.305
0.660 0.08796 56.42045 1.14884 4.96299 0.35868 0.02735 0.38672 0.22725 1471.464
0.665 0.08770 56.65362 1.15015 4.96865 0.35855 0.02745 0.38638 0.22762 1472.629
0.670 0.08744 56.88850 1.15146 4.97432 0.35842 0.02756 0.38603 0.22799 1473.798
0.675 0.08718 57.12512 1.15278 4.98001 0.35829 0.02766 0.38569 0.22837 1474.973
0.680 0.08691 57.36350 1.15410 4.98571 0.35816 0.02776 0.38534 0.22874 1476.152
0.685 0.08665 57.60364 1.15542 4.99142 0.35803 0.02787 0.38499 0.22911 1477.338
0.690 0.08639 57.84558 1.15675 4.99715 0.35789 0.02798 0.38465 0.22948 1478.528
0.695 0.08612 58.08933 1.15808 5.00289 0.35776 0.02808 0.38430 0.22986 1479.724
0.700 0.08586 58.33492 1.15941 5.00864 0.35763 0.02819 0.38396 0.23023 1480.925
0.705 0.08560 58.58235 1.16074 5.01440 0.35749 0.02829 0.38361 0.23061 1482.132
0.710 0.08533 58.83165 1.16208 5.02018 0.35736 0.02840 0.38326 0.23098 1483.344
0.715 0.08507 59.08283 1.16342 5.02598 0.35722 0.02851 0.38292 0.23136 1484.562
0.720 0.08480 59.33593 1.16477 5.03178 0.35709 0.02862 0.38257 0.23173 1485.785
0.725 0.08454 59.59096 1.16611 5.03761 0.35695 0.02872 0.38222 0.23211 1487.014
0.730 0.08427 59.84794 1.16746 5.04344 0.35681 0.02883 0.38187 0.23248 1488.248
0.735 0.08401 60.10689 1.16882 5.04929 0.35668 0.02894 0.38152 0.23286 1489.488
0.740 0.08374 60.36784 1.17017 5.05515 0.35654 0.02905 0.38118 0.23323 1490.734
0.745 0.08347 60.63080 1.17153 5.06103 0.35640 0.02916 0.38083 0.23361 1491.986
0.750 0.08321 60.89579 1.17290 5.06692 0.35626 0.02927 0.38048 0.23399 1493.244
0.755 0.08294 61.16285 1.17426 5.07282 0.35612 0.02938 0.38013 0.23437 1494.507
0.760 0.08267 61.43199 1.17563 5.07874 0.35598 0.02949 0.37978 0.23474 1495.777
0.765 0.08241 61.70324 1.17701 5.08467 0.35584 0.02960 0.37943 0.23512 1497.052
0.770 0.08214 61.97661 1.17838 5.09061 0.35570 0.02971 0.37908 0.23550 1498.333
0.775 0.08187 62.25213 1.17976 5.09657 0.35556 0.02982 0.37873 0.23588 1499.621
0.780 0.08160 62.52984 1.18115 5.10255 0.35542 0.02994 0.37838 0.23626 1500.914
0.785 0.08133 62.80974 1.18253 5.10854 0.35528 0.03005 0.37803 0.23663 1502.214
0.790 0.08106 63.09187 1.18392 5.11454 0.35514 0.03016 0.37768 0.23701 1503.520
0.795 0.08080 63.37624 1.18531 5.12055 0.35500 0.03028 0.37733 0.23739 1504.832
0.800 0.08053 63.66290 1.18671 5.12658 0.35486 0.03039 0.37698 0.23777 1506.151
0.805 0.08026 63.95185 1.18811 5.13263 0.35471 0.03050 0.37663 0.23815 1507.476
0.810 0.07999 64.24314 1.18951 5.13869 0.35457 0.03062 0.37628 0.23853 1508.807
0.815 0.07972 64.53677 1.19092 5.14476 0.35442 0.03073 0.37593 0.23891 1510.145
0.820 0.07945 64.83279 1.19233 5.15085 0.35428 0.03085 0.37558 0.23929 1511.489
0.825 0.07918 65.13122 1.19374 5.15696 0.35413 0.03096 0.37523 0.23967 1512.840
0.830 0.07891 65.43208 1.19516 5.16307 0.35399 0.03108 0.37488 0.24006 1514.198
0.835 0.07864 65.73541 1.19658 5.16921 0.35384 0.03120 0.37452 0.24044 1515.562
0.840 0.07837 66.04123 1.19800 5.17535 0.35370 0.03131 0.37417 0.24082 1516.933
0.845 0.07809 66.34957 1.19942 5.18152 0.35355 0.03143 0.37382 0.24120 1518.311
0.850 0.07782 66.66046 1.20085 5.18769 0.35340 0.03155 0.37347 0.24158 1519.696
0.855 0.07755 66.97393 1.20229 5.19388 0.35326 0.03167 0.37311 0.24197 1521.088
0.860 0.07728 67.29002 1.20372 5.20009 0.35311 0.03178 0.37276 0.24235 1522.486
0.865 0.07701 67.60874 1.20516 5.20631 0.35296 0.03190 0.37241 0.24273 1523.892
0.870 0.07673 67.93014 1.20661 5.21255 0.35281 0.03202 0.37205 0.24311 1525.305
0.875 0.07646 68.25425 1.20806 5.21880 0.35266 0.03214 0.37170 0.24350 1526.725
0.880 0.07619 68.58109 1.20951 5.22507 0.35251 0.03226 0.37135 0.24388 1528.152
0.885 0.07591 68.91070 1.21096 5.23135 0.35236 0.03238 0.37099 0.24427 1529.586
0.890 0.07564 69.24312 1.21242 5.23764 0.35221 0.03250 0.37064 0.24465 1531.028
0.895 0.07537 69.57837 1.21388 5.24396 0.35206 0.03262 0.37028 0.24504 1532.477
0.900 0.07509 69.91649 1.21534 5.25028 0.35191 0.03275 0.36993 0.24542 1533.934
0.905 0.07482 70.25752 1.21681 5.25663 0.35175 0.03287 0.36957 0.24580 1535.398
0.910 0.07454 70.60149 1.21828 5.26298 0.35160 0.03299 0.36922 0.24619 1536.870
0.915 0.07427 70.94844 1.21976 5.26936 0.35145 0.03311 0.36886 0.24658 1538.349
0.920 0.07400 71.29840 1.22124 5.27575 0.35130 0.03324 0.36851 0.24696 1539.836
0.925 0.07372 71.65141 1.22272 5.28215 0.35114 0.03336 0.36815 0.24735 1541.331
0.930 0.07344 72.00751 1.22421 5.28857 0.35099 0.03348 0.36780 0.24773 1542.834
0.935 0.07317 72.36673 1.22570 5.29501 0.35083 0.03361 0.36744 0.24812 1544.345
0.940 0.07289 72.72912 1.22719 5.30146 0.35068 0.03373 0.36708 0.24851 1545.864
0.945 0.07262 73.09471 1.22869 5.30793 0.35052 0.03386 0.36673 0.24889 1547.391
0.950 0.07234 73.46355 1.23019 5.31441 0.35037 0.03398 0.36637 0.24928 1548.926
0.955 0.07206 73.83567 1.23169 5.32091 0.35021 0.03411 0.36601 0.24967 1550.469
0.960 0.07179 74.21112 1.23320 5.32742 0.35005 0.03424 0.36566 0.25006 1552.021
0.965 0.07151 74.58993 1.23471 5.33395 0.34989 0.03436 0.36530 0.25044 1553.581
0.970 0.07123 74.97216 1.23623 5.34050 0.34974 0.03449 0.36494 0.25083 1555.150
0.975 0.07096 75.35784 1.23775 5.34706 0.34958 0.03462 0.36458 0.25122 1556.727
0.980 0.07068 75.74702 1.23927 5.35364 0.34942 0.03475 0.36423 0.25161 1558.312
0.985 0.07040 76.13974 1.24079 5.36023 0.34926 0.03487 0.36387 0.25200 1559.907
0.990 0.07012 76.53604 1.24232 5.36684 0.34910 0.03500 0.36351 0.25239 1561.510
0.995 0.06984 76.93599 1.24386 5.37347 0.34894 0.03513 0.36315 0.25278 1563.122
1.000 0.06956 77.33961 1.24540 5.38011 0.34878 0.03526 0.36279 0.25317 1564.743
1.005 0.06929 77.74697 1.24694 5.38677 0.34862 0.03539 0.36243 0.25356 1566.373
1.010 0.06901 78.15810 1.24848 5.39345 0.34846 0.03552 0.36207 0.25394 1568.012
1.015 0.06873 78.57306 1.25003 5.40014 0.34829 0.03565 0.36172 0.25433 1569.660
1.020 0.06845 78.99190 1.25159 5.40685 0.34813 0.03579 0.36136 0.25473 1571.318
1.025 0.06817 79.41467 1.25314 5.41358 0.34797 0.03592 0.36100 0.25512 1572.984
1.030 0.06789 79.84142 1.25470 5.42032 0.34781 0.03605 0.36064 0.25551 1574.661
1.035 0.06761 80.27220 1.25627 5.42708 0.34764 0.03618 0.36028 0.25590 1576.347
1.040 0.06733 80.70707 1.25784 5.43385 0.34748 0.03632 0.35992 0.25629 1578.042
1.045 0.06705 81.14608 1.25941 5.44065 0.34731 0.03645 0.35956 0.25668 1579.748
1.050 0.06677 81.58929 1.26098 5.44745 0.34715 0.03659 0.35920 0.25707 1581.463
1.055 0.06649 82.03676 1.26256 5.45428 0.34698 0.03672 0.35883 0.25746 1583.188
1.060 0.06620 82.48853 1.26415 5.46112 0.34682 0.03685 0.35847 0.25786 1584.923
1.065 0.06592 82.94468 1.26574 5.46798 0.34665 0.03699 0.35811 0.25825 1586.668
1.070 0.06564 83.40526 1.26733 5.47486 0.34648 0.03713 0.35775 0.25864 1588.424
1.075 0.06536 83.87033 1.26892 5.48175 0.34632 0.03726 0.35739 0.25903 1590.189
1.080 0.06508 84.33995 1.27052 5.48866 0.34615 0.03740 0.35703 0.25942 1591.966
1.085 0.06480 84.81419 1.27213 5.49559 0.34598 0.03754 0.35667 0.25982 1593.752
1.090 0.06451 85.29310 1.27374 5.50254 0.34581 0.03767 0.35630 0.26021 1595.550
1.095 0.06423 85.77677 1.27535 5.50950 0.34564 0.03781 0.35594 0.26060 1597.358
1.100 0.06395 86.26524 1.27696 5.51648 0.34547 0.03795 0.35558 0.26100 1599.177
1.105 0.06366 86.75859 1.27858 5.52348 0.34530 0.03809 0.35522 0.26139 1601.007
1.110 0.06338 87.25689 1.28021 5.53049 0.34513 0.03823 0.35485 0.26179 1602.848
1.115 0.06310 87.76020 1.28183 5.53753 0.34496 0.03837 0.35449 0.26218 1604.700
1.120 0.06281 88.26860 1.28347 5.54458 0.34479 0.03851 0.35413 0.26257 1606.563
1.125 0.06253 88.78216 1.28510 5.55165 0.34462 0.03865 0.35377 0.26297 1608.438
1.130 0.06225 89.30096 1.28674 5.55873 0.34444 0.03879 0.35340 0.26336 1610.324
1.135 0.06196 89.82506 1.28839 5.56583 0.34427 0.03893 0.35304 0.26376 1612.222
1.140 0.06168 90.35455 1.29004 5.57296 0.34410 0.03908 0.35267 0.26415 1614.132
1.145 0.06139 90.88951 1.29169 5.58010 0.34392 0.03922 0.35231 0.26455 1616.054
1.150 0.06111 91.43001 1.29335 5.58725 0.34375 0.03936 0.35195 0.26494 1617.987
1.155 0.06082 91.97613 1.29501 5.59443 0.34357 0.03951 0.35158 0.26534 1619.933
1.160 0.06054 92.52796 1.29667 5.60162 0.34340 0.03965 0.35122 0.26573 1621.891
1.165 0.06025 93.08557 1.29834 5.60883 0.34322 0.03979 0.35085 0.26613 1623.862
1.170 0.05997 93.64907 1.30001 5.61606 0.34305 0.03994 0.35049 0.26653 1625.845
1.175 0.05968 94.21852 1.30169 5.62331 0.34287 0.04008 0.35012 0.26692 1627.840
1.180 0.05940 94.79403 1.30337 5.63058 0.34269 0.04023 0.34976 0.26732 1629.849
1.185 0.05911 95.37568 1.30506 5.63786 0.34252 0.04038 0.34939 0.26771 1631.870
1.190 0.05883 95.96356 1.30675 5.64516 0.34234 0.04052 0.34903 0.26811 1633.905
1.195 0.05854 96.55778 1.30845 5.65248 0.34216 0.04067 0.34866 0.26851 1635.952
1.200 0.05825 97.15841 1.31014 5.65982 0.34198 0.04082 0.34829 0.26891 1638.014
1.205 0.05797 97.76557 1.31185 5.66718 0.34180 0.04097 0.34793 0.26930 1640.088
1.210 0.05768 98.37935 1.31356 5.67456 0.34162 0.04112 0.34756 0.26970 1642.176
1.215 0.05739 98.99985 1.31527 5.68196 0.34144 0.04127 0.34720 0.27010 1644.278
1.220 0.05711 99.62718 1.31698 5.68937 0.34126 0.04141 0.34683 0.27049 1646.394
1.225 0.05682 100.26144 1.31870 5.69680 0.34108 0.04156 0.34646 0.27089 1648.525
1.230 0.05653 100.90274 1.32043 5.70426 0.34090 0.04172 0.34609 0.27129 1650.669
1.235 0.05624 101.55119 1.32216 5.71173 0.34072 0.04187 0.34573 0.27169 1652.828
1.240 0.05596 102.20691 1.32389 5.71922 0.34053 0.04202 0.34536 0.27209 1655.001
1.245 0.05567 102.87000 1.32563 5.72673 0.34035 0.04217 0.34499 0.27248 1657.189
1.250 0.05538 103.54058 1.32737 5.73426 0.34017 0.04232 0.34463 0.27288 1659.393
1.255 0.05509 104.21877 1.32912 5.74180 0.33998 0.04248 0.34426 0.27328 1661.611
1.260 0.05481 104.90469 1.33087 5.74937 0.33980 0.04263 0.34389 0.27368 1663.844
1.265 0.05452 105.59848 1.33263 5.75696 0.33962 0.04278 0.34352 0.27408 1666.093
1.270 0.05423 106.30024 1.33439 5.76456 0.33943 0.04294 0.34315 0.27448 1668.358
1.275 0.05394 107.01012 1.33616 5.77219 0.33925 0.04309 0.34278 0.27488 1670.639
1.280 0.05365 107.72824 1.33792 5.77983 0.33906 0.04325 0.34242 0.27528 1672.935
1.285 0.05336 108.45475 1.33970 5.78750 0.33887 0.04340 0.34205 0.27568 1675.248
1.290 0.05307 109.18976 1.34148 5.79518 0.33869 0.04356 0.34168 0.27608 1677.577
1.295 0.05279 109.93344 1.34326 5.80289 0.33850 0.04372 0.34131 0.27648 1679.922
1.300 0.05250 110.68591 1.34505 5.81061 0.33831 0.04388 0.34094 0.27688 1682.285
1.305 0.05221 111.44733 1.34684 5.81836 0.33812 0.04403 0.34057 0.27727 1684.664
1.310 0.05192 112.21784 1.34864 5.82612 0.33793 0.04419 0.34020 0.27767 1687.061
1.315 0.05163 112.99760 1.35044 5.83390 0.33774 0.04435 0.33983 0.27808 1689.475
1.320 0.05134 113.78676 1.35225 5.84171 0.33755 0.04451 0.33946 0.27848 1691.906
1.325 0.05105 114.58549 1.35406 5.84953 0.33736 0.04467 0.33909 0.27888 1694.355
1.330 0.05076 115.39394 1.35587 5.85738 0.33717 0.04483 0.33872 0.27928 1696.823
1.335 0.05047 116.21228 1.35769 5.86524 0.33698 0.04499 0.33835 0.27968 1699.308
1.340 0.05018 117.04068 1.35952 5.87312 0.33679 0.04515 0.33798 0.28008 1701.813
1.345 0.04989 117.87932 1.36135 5.88103 0.33660 0.04531 0.33761 0.28048 1704.335
1.350 0.04960 118.72837 1.36318 5.88896 0.33641 0.04548 0.33724 0.28088 1706.877
1.355 0.04931 119.58801 1.36502 5.89690 0.33621 0.04564 0.33687 0.28128 1709.438
1.360 0.04902 120.45843 1.36687 5.90487 0.33602 0.04580 0.33650 0.28168 1712.019
1.365 0.04873 121.33981 1.36872 5.91286 0.33583 0.04597 0.33612 0.28208 1714.619
1.370 0.04844 122.23236 1.37057 5.92086 0.33563 0.04613 0.33575 0.28248 1717.239
1.375 0.04815 123.13627 1.37243 5.92889 0.33544 0.04630 0.33538 0.28288 1719.879
1.380 0.04786 124.05174 1.37429 5.93694 0.33524 0.04646 0.33501 0.28329 1722.539
1.385 0.04757 124.97899 1.37616 5.94501 0.33505 0.04663 0.33464 0.28369 1725.221
1.390 0.04728 125.91821 1.37803 5.95311 0.33485 0.04679 0.33426 0.28409 1727.923
1.395 0.04699 126.86963 1.37991 5.96122 0.33465 0.04696 0.33389 0.28449 1730.647
1.400 0.04670 127.83348 1.38179 5.96935 0.33446 0.04713 0.33352 0.28489 1733.392
1.405 0.04641 128.80997 1.38368 5.97751 0.33426 0.04730 0.33315 0.28529 1736.159
1.410 0.04611 129.79934 1.38558 5.98569 0.33406 0.04747 0.33277 0.28570 1738.948
1.415 0.04582 130.80184 1.38747 5.99388 0.33386 0.04764 0.33240 0.28610 1741.759
1.420 0.04553 131.81769 1.38938 6.00210 0.33367 0.04780 0.33203 0.28650 1744.593
1.425 0.04524 132.84716 1.39128 6.01034 0.33347 0.04797 0.33166 0.28690 1747.450
1.430 0.04495 133.89049 1.39320 6.01861 0.33327 0.04815 0.33128 0.28731 1750.331
1.435 0.04466 134.94796 1.39511 6.02689 0.33307 0.04832 0.33091 0.28771 1753.235
1.440 0.04437 136.01982 1.39704 6.03520 0.33287 0.04849 0.33053 0.28811 1756.163
1.445 0.04408 137.10636 1.39896 6.04353 0.33267 0.04866 0.33016 0.28851 1759.115
1.450 0.04379 138.20784 1.40090 6.05188 0.33246 0.04883 0.32979 0.28892 1762.092
1.455 0.04350 139.32457 1.40284 6.06025 0.33226 0.04901 0.32941 0.28932 1765.094
1.460 0.04321 140.45684 1.40478 6.06864 0.33206 0.04918 0.32904 0.28972 1768.121
1.465 0.04292 141.60494 1.40673 6.07706 0.33186 0.04936 0.32866 0.29012 1771.174
1.470 0.04262 142.76919 1.40868 6.08550 0.33165 0.04953 0.32829 0.29053 1774.253
1.475 0.04233 143.94991 1.41064 6.09396 0.33145 0.04971 0.32792 0.29093 1777.358
1.480 0.04204 145.14742 1.41260 6.10244 0.33125 0.04988 0.32754 0.29133 1780.490
1.485 0.04175 146.36206 1.41457 6.11094 0.33104 0.05006 0.32717 0.29174 1783.649
1.490 0.04146 147.59417 1.41654 6.11947 0.33084 0.05023 0.32679 0.29214 1786.836
1.495 0.04117 148.84410 1.41852 6.12802 0.33063 0.05041 0.32642 0.29254 1790.051
1.500 0.04088 150.11220 1.42051 6.13659 0.33042 0.05059 0.32604 0.29294 1793.294
1.505 0.04059 151.39886 1.42250 6.14519 0.33022 0.05077 0.32566 0.29335 1796.566
1.510 0.04030 152.70446 1.42449 6.15381 0.33001 0.05095 0.32529 0.29375 1799.867
1.515 0.04001 154.02937 1.42649 6.16245 0.32980 0.05113 0.32491 0.29415 1803.198
1.520 0.03972 155.37400 1.42850 6.17111 0.32960 0.05131 0.32454 0.29456 1806.559
1.525 0.03943 156.73875 1.43051 6.17980 0.32939 0.05149 0.32416 0.29496 1809.950
1.530 0.03914 158.12407 1.43253 6.18851 0.32918 0.05167 0.32379 0.29536 1813.373
1.535 0.03885 159.53036 1.43455 6.19724 0.32897 0.05185 0.32341 0.29577 1816.827
1.540 0.03856 160.95808 1.43657 6.20600 0.32876 0.05204 0.32303 0.29617 1820.313
1.545 0.03827 162.40768 1.43861 6.21478 0.32855 0.05222 0.32266 0.29657 1823.831
1.550 0.03798 163.87964 1.44064 6.22359 0.32834 0.05240 0.32228 0.29698 1827.382
