timeGa Urey Qt heat/H0 heatTW 1HPE 2HPE 3HPE 4HPE TempC
0.005 1.01709 104.92925 0.99715 106.72299 0.14746 0.29588 0.10491 0.45175 1800.040
0.010 1.01414 104.93581 0.99431 106.41929 0.14776 0.29526 0.10519 0.45179 1800.074
0.015 1.01120 104.94124 0.99149 106.11673 0.14807 0.29465 0.10546 0.45182 1800.100
0.020 1.00829 104.94554 0.98867 105.81531 0.14838 0.29404 0.10573 0.45185 1800.120
0.025 1.00540 104.94872 0.98587 105.51502 0.14868 0.29343 0.10601 0.45188 1800.133
0.030 1.00253 104.95079 0.98307 105.21586 0.14899 0.29281 0.10628 0.45191 1800.139
0.035 0.99968 104.95176 0.98029 104.91783 0.14930 0.29220 0.10656 0.45194 1800.138
0.040 0.99685 104.95164 0.97751 104.62091 0.14960 0.29159 0.10684 0.45197 1800.130
0.045 0.99404 104.95043 0.97475 104.32511 0.14991 0.29098 0.10711 0.45199 1800.116
0.050 0.99126 104.94814 0.97199 104.03042 0.15022 0.29037 0.10739 0.45202 1800.096
0.055 0.98849 104.94478 0.96925 103.73683 0.15053 0.28976 0.10767 0.45204 1800.068
0.060 0.98574 104.94036 0.96652 103.44434 0.15084 0.28916 0.10794 0.45206 1800.035
0.065 0.98302 104.93489 0.96380 103.15295 0.15115 0.28855 0.10822 0.45208 1799.995
0.070 0.98031 104.92837 0.96108 102.86265 0.15146 0.28794 0.10850 0.45210 1799.948
0.075 0.97763 104.92082 0.95838 102.57344 0.15177 0.28733 0.10878 0.45212 1799.895
0.080 0.97496 104.91223 0.95569 102.28530 0.15208 0.28673 0.10906 0.45214 1799.836
0.085 0.97231 104.90262 0.95301 101.99825 0.15239 0.28612 0.10934 0.45215 1799.771
0.090 0.96969 104.89200 0.95033 101.71227 0.15270 0.28552 0.10962 0.45217 1799.699
0.095 0.96708 104.88037 0.94767 101.42736 0.15301 0.28491 0.10990 0.45218 1799.621
0.100 0.96449 104.86774 0.94502 101.14351 0.15332 0.28431 0.11018 0.45219 1799.537
0.105 0.96191 104.85412 0.94238 100.86072 0.15363 0.28371 0.11046 0.45221 1799.447
0.110 0.95936 104.83952 0.93975 100.57898 0.15394 0.28310 0.11074 0.45222 1799.351
0.115 0.95683 104.82394 0.93712 100.29830 0.15425 0.28250 0.11103 0.45222 1799.249
0.120 0.95431 104.80740 0.93451 100.01867 0.15456 0.28190 0.11131 0.45223 1799.142
0.125 0.95181 104.78989 0.93191 99.74007 0.15487 0.28130 0.11159 0.45224 1799.028
0.130 0.94933 104.77143 0.92931 99.46251 0.15518 0.28070 0.11188 0.45224 1798.908
0.135 0.94686 104.75202 0.92673 99.18599 0.15550 0.28010 0.11216 0.45225 1798.783
0.140 0.94442 104.73168 0.92416 98.91050 0.15581 0.27950 0.11245 0.45225 1798.652
0.145 0.94199 104.71041 0.92159 98.63603 0.15612 0.27890 0.11273 0.45225 1798.515
0.150 0.93958 104.68821 0.91904 98.36258 0.15643 0.27830 0.11302 0.45225 1798.372
0.155 0.93718 104.66510 0.91649 98.09015 0.15675 0.27770 0.11330 0.45225 1798.224
0.160 0.93480 104.64108 0.91396 97.81873 0.15706 0.27710 0.11359 0.45225 1798.071
0.165 0.93244 104.61616 0.91143 97.54832 0.15737 0.27651 0.11387 0.45225 1797.911
0.170 0.93009 104.59034 0.90891 97.27891 0.15769 0.27591 0.11416 0.45224 1797.747
0.175 0.92777 104.56364 0.90640 97.01050 0.15800 0.27531 0.11445 0.45224 1797.577
0.180 0.92545 104.53606 0.90391 96.74309 0.15831 0.27472 0.11474 0.45223 1797.401
0.185 0.92315 104.50761 0.90142 96.47667 0.15863 0.27412 0.11503 0.45222 1797.220
0.190 0.92087 104.47829 0.89894 96.21124 0.15894 0.27353 0.11531 0.45221 1797.034
0.195 0.91861 104.44811 0.89647 95.94679 0.15926 0.27294 0.11560 0.45220 1796.842
0.200 0.91636 104.41709 0.89400 95.68332 0.15957 0.27234 0.11589 0.45219 1796.646
0.205 0.91412 104.38522 0.89155 95.42082 0.15989 0.27175 0.11618 0.45218 1796.444
0.210 0.91190 104.35251 0.88911 95.15930 0.16020 0.27116 0.11647 0.45217 1796.237
0.215 0.90970 104.31897 0.88667 94.89874 0.16052 0.27057 0.11676 0.45215 1796.024
0.220 0.90751 104.28461 0.88425 94.63914 0.16083 0.26998 0.11706 0.45213 1795.807
0.225 0.90533 104.24944 0.88183 94.38051 0.16115 0.26939 0.11735 0.45212 1795.585
0.230 0.90317 104.21345 0.87942 94.12283 0.16147 0.26880 0.11764 0.45210 1795.358
0.235 0.90103 104.17667 0.87703 93.86610 0.16178 0.26821 0.11793 0.45208 1795.125
0.240 0.89890 104.13909 0.87464 93.61032 0.16210 0.26762 0.11823 0.45206 1794.888
0.245 0.89678 104.10072 0.87225 93.35548 0.16241 0.26703 0.11852 0.45204 1794.646
0.250 0.89468 104.06156 0.86988 93.10158 0.16273 0.26644 0.11881 0.45201 1794.399
0.255 0.89259 104.02164 0.86752 92.84862 0.16305 0.26586 0.11911 0.45199 1794.148
0.260 0.89051 103.98094 0.86516 92.59658 0.16337 0.26527 0.11940 0.45196 1793.891
0.265 0.88845 103.93949 0.86282 92.34548 0.16368 0.26469 0.11970 0.45194 1793.630
0.270 0.88641 103.89727 0.86048 92.09530 0.16400 0.26410 0.11999 0.45191 1793.364
0.275 0.88437 103.85431 0.85815 91.84604 0.16432 0.26352 0.12029 0.45188 1793.094
0.280 0.88235 103.81061 0.85583 91.59769 0.16464 0.26293 0.12058 0.45185 1792.819
0.285 0.88035 103.76617 0.85352 91.35026 0.16495 0.26235 0.12088 0.45182 1792.539
0.290 0.87835 103.72100 0.85122 91.10374 0.16527 0.26177 0.12118 0.45178 1792.255
0.295 0.87637 103.67511 0.84892 90.85812 0.16559 0.26118 0.12148 0.45175 1791.966
0.300 0.87441 103.62851 0.84663 90.61341 0.16591 0.26060 0.12177 0.45171 1791.673
0.305 0.87245 103.58119 0.84436 90.36959 0.16623 0.26002 0.12207 0.45168 1791.375
0.310 0.87051 103.53317 0.84209 90.12667 0.16655 0.25944 0.12237 0.45164 1791.073
0.315 0.86858 103.48445 0.83982 89.88463 0.16687 0.25886 0.12267 0.45160 1790.767
0.320 0.86666 103.43504 0.83757 89.64348 0.16718 0.25828 0.12297 0.45156 1790.456
0.325 0.86476 103.38495 0.83533 89.40322 0.16750 0.25771 0.12327 0.45152 1790.141
0.330 0.86287 103.33418 0.83309 89.16384 0.16782 0.25713 0.12357 0.45148 1789.822
0.335 0.86099 103.28273 0.83086 88.92533 0.16814 0.25655 0.12387 0.45143 1789.499
0.340 0.85912 103.23062 0.82864 88.68769 0.16846 0.25598 0.12417 0.45139 1789.171
0.345 0.85727 103.17785 0.82643 88.45092 0.16878 0.25540 0.12447 0.45134 1788.839
0.350 0.85542 103.12442 0.82423 88.21502 0.16910 0.25482 0.12478 0.45130 1788.503
0.355 0.85359 103.07035 0.82203 87.97998 0.16942 0.25425 0.12508 0.45125 1788.163
0.360 0.85177 103.01563 0.81984 87.74579 0.16975 0.25368 0.12538 0.45120 1787.820
0.365 0.84996 102.96028 0.81766 87.51246 0.17007 0.25310 0.12568 0.45115 1787.472
0.370 0.84817 102.90430 0.81549 87.27998 0.17039 0.25253 0.12599 0.45110 1787.120
0.375 0.84638 102.84769 0.81332 87.04835 0.17071 0.25196 0.12629 0.45104 1786.764
0.380 0.84461 102.79046 0.81117 86.81757 0.17103 0.25139 0.12660 0.45099 1786.404
0.385 0.84284 102.73262 0.80902 86.58762 0.17135 0.25082 0.12690 0.45093 1786.040
0.390 0.84109 102.67418 0.80688 86.35851 0.17167 0.25025 0.12721 0.45088 1785.673
0.395 0.83935 102.61513 0.80475 86.13023 0.17199 0.24968 0.12751 0.45082 1785.301
0.400 0.83762 102.55549 0.80262 85.90279 0.17232 0.24911 0.12782 0.45076 1784.926
0.405 0.83590 102.49525 0.80050 85.67617 0.17264 0.24854 0.12812 0.45070 1784.547
0.410 0.83420 102.43444 0.79839 85.45037 0.17296 0.24797 0.12843 0.45064 1784.165
0.415 0.83250 102.37304 0.79629 85.22540 0.17328 0.24741 0.12874 0.45058 1783.779
0.420 0.83081 102.31107 0.79420 85.00124 0.17360 0.24684 0.12904 0.45051 1783.389
0.425 0.82914 102.24853 0.79211 84.77789 0.17393 0.24627 0.12935 0.45045 1782.995
0.430 0.82747 102.18544 0.79003 84.55536 0.17425 0.24571 0.12966 0.45038 1782.598
0.435 0.82581 102.12178 0.78796 84.33363 0.17457 0.24514 0.12997 0.45031 1782.197
0.440 0.82417 102.05757 0.78590 84.11270 0.17489 0.24458 0.13028 0.45025 1781.793
0.445 0.82253 101.99282 0.78384 83.89258 0.17522 0.24402 0.13059 0.45018 1781.385
0.450 0.82091 101.92753 0.78179 83.67325 0.17554 0.24346 0.13090 0.45011 1780.974
0.455 0.81929 101.86170 0.77975 83.45471 0.17586 0.24289 0.13121 0.45003 1780.560
0.460 0.81769 101.79534 0.77771 83.23697 0.17619 0.24233 0.13152 0.44996 1780.141
0.465 0.81609 101.72846 0.77569 83.02001 0.17651 0.24177 0.13183 0.44989 1779.720
0.470 0.81451 101.66106 0.77367 82.80384 0.17683 0.24121 0.13214 0.44981 1779.295
0.475 0.81293 101.59314 0.77165 82.58844 0.17716 0.24065 0.13245 0.44973 1778.867
0.480 0.81137 101.52472 0.76965 82.37383 0.17748 0.24009 0.13277 0.44966 1778.436
0.485 0.80981 101.45579 0.76765 82.15999 0.17781 0.23954 0.13308 0.44958 1778.001
0.490 0.80826 101.38637 0.76566 81.94692 0.17813 0.23898 0.13339 0.44950 1777.563
0.495 0.80673 101.31645 0.76368 81.73462 0.17846 0.23842 0.13370 0.44942 1777.122
0.500 0.80520 101.24604 0.76170 81.52308 0.17878 0.23787 0.13402 0.44933 1776.678
0.505 0.80368 101.17515 0.75973 81.31231 0.17910 0.23731 0.13433 0.44925 1776.230
0.510 0.80217 101.10378 0.75777 81.10229 0.17943 0.23676 0.13465 0.44916 1775.780
0.515 0.80067 101.03194 0.75581 80.89303 0.17975 0.23620 0.13496 0.44908 1775.326
0.520 0.79918 100.95963 0.75386 80.68452 0.18008 0.23565 0.13528 0.44899 1774.870
0.525 0.79769 100.88686 0.75192 80.47677 0.18040 0.23510 0.13559 0.44890 1774.410
0.530 0.79622 100.81362 0.74999 80.26975 0.18073 0.23455 0.13591 0.44881 1773.947
0.535 0.79475 100.73994 0.74806 80.06349 0.18105 0.23400 0.13623 0.44872 1773.481
0.540 0.79330 100.66580 0.74614 79.85796 0.18138 0.23345 0.13654 0.44863 1773.013
0.545 0.79185 100.59122 0.74423 79.65317 0.18171 0.23290 0.13686 0.44854 1772.541
0.550 0.79041 100.51620 0.74232 79.44911 0.18203 0.23235 0.13718 0.44844 1772.066
0.555 0.78898 100.44075 0.74042 79.24579 0.18236 0.23180 0.13750 0.44835 1771.589
0.560 0.78756 100.36487 0.73853 79.04319 0.18268 0.23125 0.13781 0.44825 1771.109
0.565 0.78614 100.28856 0.73664 78.84132 0.18301 0.23071 0.13813 0.44816 1770.626
0.570 0.78474 100.21183 0.73476 78.64018 0.18333 0.23016 0.13845 0.44806 1770.140
0.575 0.78334 100.13468 0.73289 78.43975 0.18366 0.22961 0.13877 0.44796 1769.651
0.580 0.78195 100.05712 0.73103 78.24004 0.18399 0.22907 0.13909 0.44786 1769.159
0.585 0.78057 99.97916 0.72917 78.04104 0.18431 0.22852 0.13941 0.44775 1768.665
0.590 0.77920 99.90079 0.72731 77.84275 0.18464 0.22798 0.13973 0.44765 1768.168
0.595 0.77784 99.82203 0.72547 77.64518 0.18497 0.22744 0.14005 0.44754 1767.669
0.600 0.77648 99.74287 0.72363 77.44830 0.18529 0.22690 0.14037 0.44744 1767.167
0.605 0.77513 99.66332 0.72179 77.25213 0.18562 0.22635 0.14069 0.44733 1766.662
0.610 0.77379 99.58339 0.71997 77.05666 0.18594 0.22581 0.14102 0.44722 1766.154
0.615 0.77246 99.50307 0.71815 76.86189 0.18627 0.22527 0.14134 0.44712 1765.644
0.620 0.77113 99.42238 0.71634 76.66781 0.18660 0.22473 0.14166 0.44700 1765.132
0.625 0.76981 99.34132 0.71453 76.47442 0.18693 0.22420 0.14198 0.44689 1764.617
0.630 0.76850 99.25990 0.71273 76.28172 0.18725 0.22366 0.14231 0.44678 1764.099
0.635 0.76720 99.17810 0.71093 76.08970 0.18758 0.22312 0.14263 0.44667 1763.579
0.640 0.76591 99.09595 0.70915 75.89837 0.18791 0.22258 0.14296 0.44655 1763.057
0.645 0.76462 99.01345 0.70736 75.70772 0.18823 0.22205 0.14328 0.44644 1762.532
0.650 0.76334 98.93059 0.70559 75.51774 0.18856 0.22151 0.14361 0.44632 1762.004
0.655 0.76207 98.84739 0.70382 75.32844 0.18889 0.22098 0.14393 0.44620 1761.474
0.660 0.76080 98.76384 0.70206 75.13981 0.18922 0.22045 0.14426 0.44608 1760.942
0.665 0.75954 98.67996 0.70030 74.95185 0.18954 0.21991 0.14458 0.44596 1760.408
0.670 0.75829 98.59574 0.69855 74.76456 0.18987 0.21938 0.14491 0.44584 1759.871
0.675 0.75705 98.51119 0.69681 74.57793 0.19020 0.21885 0.14524 0.44572 1759.332
0.680 0.75581 98.42632 0.69507 74.39196 0.19053 0.21832 0.14556 0.44559 1758.790
0.685 0.75458 98.34112 0.69334 74.20665 0.19085 0.21779 0.14589 0.44547 1758.247
0.690 0.75336 98.25560 0.69161 74.02199 0.19118 0.21726 0.14622 0.44534 1757.701
0.695 0.75215 98.16977 0.68990 73.83799 0.19151 0.21673 0.14655 0.44521 1757.153
0.700 0.75094 98.08363 0.68818 73.65464 0.19184 0.21620 0.14687 0.44508 1756.603
0.705 0.74974 97.99718 0.68648 73.47194 0.19217 0.21568 0.14720 0.44495 1756.050
0.710 0.74854 97.91043 0.68477 73.28988 0.19249 0.21515 0.14753 0.44482 1755.496
0.715 0.74735 97.82338 0.68308 73.10846 0.19282 0.21462 0.14786 0.44469 1754.939
0.720 0.74617 97.73604 0.68139 72.92769 0.19315 0.21410 0.14819 0.44456 1754.380
0.725 0.74499 97.64840 0.67971 72.74755 0.19348 0.21357 0.14852 0.44442 1753.819
0.730 0.74383 97.56048 0.67803 72.56805 0.19381 0.21305 0.14885 0.44429 1753.256
0.735 0.74266 97.47227 0.67636 72.38918 0.19414 0.21253 0.14918 0.44415 1752.691
0.740 0.74151 97.38378 0.67469 72.21094 0.19446 0.21201 0.14951 0.44402 1752.124
0.745 0.74036 97.29501 0.67303 72.03332 0.19479 0.21148 0.14985 0.44388 1751.555
0.750 0.73922 97.20597 0.67138 71.85633 0.19512 0.21096 0.15018 0.44374 1750.984
0.755 0.73808 97.11666 0.66973 71.67997 0.19545 0.21044 0.15051 0.44360 1750.411
0.760 0.73695 97.02709 0.66809 71.50422 0.19578 0.20992 0.15084 0.44345 1749.836
0.765 0.73583 96.93725 0.66645 71.32909 0.19611 0.20941 0.15118 0.44331 1749.259
0.770 0.73471 96.84715 0.66482 71.15458 0.19644 0.20889 0.15151 0.44317 1748.680
0.775 0.73360 96.75680 0.66320 70.98068 0.19676 0.20837 0.15184 0.44302 1748.100
0.780 0.73249 96.66619 0.66158 70.80738 0.19709 0.20785 0.15218 0.44288 1747.517
0.785 0.73139 96.57534 0.65997 70.63470 0.19742 0.20734 0.15251 0.44273 1746.933
0.790 0.73030 96.48424 0.65836 70.46262 0.19775 0.20682 0.15285 0.44258 1746.347
0.795 0.72921 96.39290 0.65676 70.29114 0.19808 0.20631 0.15318 0.44243 1745.759
0.800 0.72813 96.30132 0.65516 70.12027 0.19841 0.20580 0.15352 0.44228 1745.169
0.805 0.72706 96.20950 0.65357 69.94999 0.19874 0.20528 0.15385 0.44213 1744.578
0.810 0.72599 96.11746 0.65198 69.78031 0.19907 0.20477 0.15419 0.44197 1743.984
0.815 0.72493 96.02518 0.65040 69.61122 0.19940 0.20426 0.15452 0.44182 1743.389
0.820 0.72387 95.93268 0.64883 69.44272 0.19972 0.20375 0.15486 0.44166 1742.793
0.825 0.72282 95.83996 0.64726 69.27481 0.20005 0.20324 0.15520 0.44151 1742.194
0.830 0.72177 95.74702 0.64570 69.10748 0.20038 0.20273 0.15553 0.44135 1741.594
0.835 0.72073 95.65386 0.64414 68.94074 0.20071 0.20222 0.15587 0.44119 1740.992
0.840 0.71970 95.56049 0.64259 68.77458 0.20104 0.20172 0.15621 0.44103 1740.389
0.845 0.71867 95.46692 0.64104 68.60900 0.20137 0.20121 0.15655 0.44087 1739.784
0.850 0.71764 95.37313 0.63950 68.44400 0.20170 0.20071 0.15689 0.44071 1739.178
0.855 0.71663 95.27914 0.63796 68.27957 0.20203 0.20020 0.15723 0.44055 1738.569
0.860 0.71561 95.18496 0.63643 68.11571 0.20236 0.19970 0.15756 0.44038 1737.960
0.865 0.71461 95.09057 0.63490 67.95242 0.20269 0.19919 0.15790 0.44022 1737.348
0.870 0.71361 94.99599 0.63338 67.78970 0.20302 0.19869 0.15824 0.44005 1736.735
0.875 0.71261 94.90122 0.63187 67.62755 0.20334 0.19819 0.15858 0.43988 1736.121
0.880 0.71162 94.80627 0.63036 67.46595 0.20367 0.19769 0.15892 0.43972 1735.505
0.885 0.71063 94.71113 0.62885 67.30492 0.20400 0.19719 0.15927 0.43955 1734.888
0.890 0.70965 94.61580 0.62736 67.14445 0.20433 0.19669 0.15961 0.43938 1734.269
0.895 0.70868 94.52030 0.62586 66.98454 0.20466 0.19619 0.15995 0.43920 1733.649
0.900 0.70771 94.42462 0.62437 66.82517 0.20499 0.19569 0.16029 0.43903 1733.027
0.905 0.70674 94.32877 0.62289 66.66636 0.20532 0.19519 0.16063 0.43886 1732.404
0.910 0.70579 94.23275 0.62141 66.50811 0.20565 0.19469 0.16097 0.43868 1731.779
0.915 0.70483 94.13656 0.61994 66.35039 0.20598 0.19420 0.16132 0.43851 1731.154
0.920 0.70388 94.04020 0.61847 66.19323 0.20631 0.19370 0.16166 0.43833 1730.526
0.925 0.70294 93.94368 0.61700 66.03660 0.20664 0.19321 0.16200 0.43815 1729.898
0.930 0.70200 93.84701 0.61555 65.88052 0.20696 0.19271 0.16235 0.43797 1729.268
0.935 0.70107 93.75018 0.61409 65.72498 0.20729 0.19222 0.16269 0.43779 1728.636
0.940 0.70014 93.65319 0.61264 65.56997 0.20762 0.19173 0.16304 0.43761 1728.004
0.945 0.69921 93.55605 0.61120 65.41550 0.20795 0.19124 0.16338 0.43743 1727.370
0.950 0.69829 93.45877 0.60976 65.26156 0.20828 0.19075 0.16372 0.43725 1726.735
0.955 0.69738 93.36134 0.60833 65.10815 0.20861 0.19026 0.16407 0.43706 1726.098
0.960 0.69647 93.26376 0.60690 64.95527 0.20894 0.18977 0.16442 0.43688 1725.461
0.965 0.69556 93.16605 0.60548 64.80292 0.20927 0.18928 0.16476 0.43669 1724.822
0.970 0.69466 93.06820 0.60406 64.65109 0.20960 0.18879 0.16511 0.43650 1724.182
0.975 0.69377 92.97021 0.60264 64.49978 0.20993 0.18831 0.16545 0.43632 1723.540
0.980 0.69288 92.87209 0.60124 64.34899 0.21025 0.18782 0.16580 0.43613 1722.898
0.985 0.69199 92.77384 0.59983 64.19873 0.21058 0.18733 0.16615 0.43593 1722.254
0.990 0.69111 92.67546 0.59843 64.04897 0.21091 0.18685 0.16649 0.43574 1721.609
0.995 0.69023 92.57696 0.59704 63.89973 0.21124 0.18637 0.16684 0.43555 1720.963
1.000 0.68936 92.47834 0.59565 63.75101 0.21157 0.18588 0.16719 0.43536 1720.316
1.005 0.68849 92.37959 0.59426 63.60279 0.21190 0.18540 0.16754 0.43516 1719.668
1.010 0.68763 92.28073 0.59288 63.45508 0.21223 0.18492 0.16789 0.43497 1719.019
1.015 0.68677 92.18175 0.59151 63.30788 0.21256 0.18444 0.16824 0.43477 1718.368
1.020 0.68592 92.08266 0.59014 63.16118 0.21288 0.18396 0.16858 0.43457 1717.717
1.025 0.68507 91.98346 0.58877 63.01498 0.21321 0.18348 0.16893 0.43437 1717.064
1.030 0.68422 91.88415 0.58741 62.86928 0.21354 0.18300 0.16928 0.43417 1716.411
1.035 0.68338 91.78474 0.58605 62.72408 0.21387 0.18252 0.16963 0.43397 1715.756
1.040 0.68255 91.68522 0.58470 62.57938 0.21420 0.18205 0.16998 0.43377 1715.100
1.045 0.68171 91.58560 0.58335 62.43517 0.21453 0.18157 0.17033 0.43357 1714.444
1.050 0.68089 91.48588 0.58201 62.29145 0.21486 0.18110 0.17068 0.43336 1713.786
1.055 0.68006 91.38607 0.58067 62.14822 0.21518 0.18062 0.17104 0.43316 1713.128
1.060 0.67924 91.28616 0.57934 62.00548 0.21551 0.18015 0.17139 0.43295 1712.468
1.065 0.67843 91.18616 0.57801 61.86323 0.21584 0.17968 0.17174 0.43275 1711.808
1.070 0.67762 91.08607 0.57669 61.72146 0.21617 0.17920 0.17209 0.43254 1711.146
1.075 0.67681 90.98589 0.57537 61.58018 0.21650 0.17873 0.17244 0.43233 1710.484
1.080 0.67601 90.88563 0.57405 61.43937 0.21682 0.17826 0.17279 0.43212 1709.820
1.085 0.67521 90.78528 0.57274 61.29904 0.21715 0.17779 0.17315 0.43191 1709.156
1.090 0.67441 90.68486 0.57143 61.15919 0.21748 0.17732 0.17350 0.43170 1708.491
1.095 0.67362 90.58435 0.57013 61.01982 0.21781 0.17685 0.17385 0.43148 1707.825
1.100 0.67284 90.48377 0.56883 60.88092 0.21814 0.17639 0.17421 0.43127 1707.158
1.105 0.67206 90.38311 0.56754 60.74249 0.21846 0.17592 0.17456 0.43105 1706.491
1.110 0.67128 90.28238 0.56625 60.60453 0.21879 0.17546 0.17492 0.43084 1705.822
1.115 0.67050 90.18158 0.56497 60.46703 0.21912 0.17499 0.17527 0.43062 1705.153
1.120 0.66973 90.08071 0.56369 60.33001 0.21945 0.17453 0.17562 0.43040 1704.483
1.125 0.66897 89.97978 0.56241 60.19344 0.21977 0.17406 0.17598 0.43018 1703.812
1.130 0.66820 89.87878 0.56114 60.05734 0.22010 0.17360 0.17633 0.42996 1703.140
1.135 0.66745 89.77772 0.55987 59.92170 0.22043 0.17314 0.17669 0.42974 1702.467
1.140 0.66669 89.67659 0.55861 59.78652 0.22076 0.17268 0.17705 0.42952 1701.794
1.145 0.66594 89.57541 0.55735 59.65179 0.22108 0.17222 0.17740 0.42930 1701.120
1.150 0.66519 89.47418 0.55609 59.51752 0.22141 0.17176 0.17776 0.42907 1700.445
1.155 0.66445 89.37288 0.55484 59.38370 0.22174 0.17130 0.17811 0.42885 1699.770
1.160 0.66371 89.27154 0.55360 59.25034 0.22206 0.17084 0.17847 0.42862 1699.093
1.165 0.66297 89.17014 0.55236 59.11742 0.22239 0.17038 0.17883 0.42840 1698.417
1.170 0.66224 89.06870 0.55112 58.98495 0.22272 0.16993 0.17918 0.42817 1697.739
1.175 0.66151 88.96721 0.54988 58.85293 0.22305 0.16947 0.17954 0.42794 1697.061
1.180 0.66079 88.86567 0.54865 58.72135 0.22337 0.16902 0.17990 0.42771 1696.381
1.185 0.66007 88.76409 0.54743 58.59022 0.22370 0.16856 0.18026 0.42748 1695.702
1.190 0.65935 88.66247 0.54621 58.45952 0.22402 0.16811 0.18062 0.42725 1695.021
1.195 0.65864 88.56081 0.54499 58.32927 0.22435 0.16766 0.18097 0.42702 1694.340
1.200 0.65792 88.45911 0.54378 58.19945 0.22468 0.16721 0.18133 0.42678 1693.659
1.205 0.65722 88.35737 0.54257 58.07007 0.22500 0.16676 0.18169 0.42655 1692.977
1.210 0.65651 88.25560 0.54136 57.94112 0.22533 0.16631 0.18205 0.42631 1692.294
1.215 0.65582 88.15380 0.54016 57.81261 0.22566 0.16586 0.18241 0.42608 1691.610
1.220 0.65512 88.05197 0.53897 57.68452 0.22598 0.16541 0.18277 0.42584 1690.926
1.225 0.65443 87.95010 0.53777 57.55687 0.22631 0.16496 0.18313 0.42560 1690.242
1.230 0.65374 87.84821 0.53659 57.42964 0.22663 0.16451 0.18349 0.42536 1689.556
1.235 0.65305 87.74630 0.53540 57.30283 0.22696 0.16407 0.18385 0.42512 1688.871
1.240 0.65237 87.64436 0.53422 57.17646 0.22728 0.16362 0.18421 0.42488 1688.184
1.245 0.65169 87.54239 0.53304 57.05050 0.22761 0.16318 0.18457 0.42464 1687.497
1.250 0.65101 87.44041 0.53187 56.92497 0.22793 0.16273 0.18494 0.42440 1686.810
1.255 0.65034 87.33841 0.53070 56.79985 0.22826 0.16229 0.18530 0.42415 1686.122
1.260 0.64967 87.23639 0.52954 56.67515 0.22858 0.16185 0.18566 0.42391 1685.434
1.265 0.64901 87.13435 0.52838 56.55087 0.22891 0.16141 0.18602 0.42366 1684.745
1.270 0.64835 87.03230 0.52722 56.42700 0.22923 0.16097 0.18638 0.42342 1684.055
1.275 0.64769 86.93023 0.52606 56.30354 0.22956 0.16053 0.18675 0.42317 1683.366
1.280 0.64703 86.82816 0.52491 56.18050 0.22988 0.16009 0.18711 0.42292 1682.675
1.285 0.64638 86.72607 0.52377 56.05787 0.23021 0.15965 0.18747 0.42267 1681.984
1.290 0.64573 86.62398 0.52263 55.93564 0.23053 0.15921 0.18783 0.42242 1681.293
1.295 0.64508 86.52188 0.52149 55.81382 0.23086 0.15878 0.18820 0.42217 1680.601
1.300 0.64444 86.41978 0.52035 55.69240 0.23118 0.15834 0.18856 0.42192 1679.909
1.305 0.64380 86.31767 0.51922 55.57139 0.23150 0.15791 0.18892 0.42166 1679.217
1.310 0.64316 86.21556 0.51810 55.45078 0.23183 0.15747 0.18929 0.42141 1678.524
1.315 0.64253 86.11344 0.51697 55.33057 0.23215 0.15704 0.18965 0.42115 1677.830
1.320 0.64190 86.01133 0.51585 55.21076 0.23248 0.15661 0.19002 0.42090 1677.136
1.325 0.64127 85.90922 0.51474 55.09134 0.23280 0.15618 0.19038 0.42064 1676.442
1.330 0.64065 85.80712 0.51363 54.97232 0.23312 0.15575 0.19075 0.42039 1675.748
1.335 0.64003 85.70502 0.51252 54.85370 0.23345 0.15532 0.19111 0.42013 1675.053
1.340 0.63941 85.60292 0.51141 54.73546 0.23377 0.15489 0.19148 0.41987 1674.357
1.345 0.63880 85.50084 0.51031 54.61762 0.23409 0.15446 0.19184 0.41961 1673.662
1.350 0.63818 85.39876 0.50921 54.50017 0.23441 0.15403 0.19221 0.41935 1672.966
1.355 0.63758 85.29669 0.50812 54.38310 0.23474 0.15360 0.19258 0.41908 1672.269
1.360 0.63697 85.19464 0.50703 54.26642 0.23506 0.15318 0.19294 0.41882 1671.573
1.365 0.63637 85.09259 0.50594 54.15013 0.23538 0.15275 0.19331 0.41856 1670.876
1.370 0.63577 84.99057 0.50486 54.03422 0.23570 0.15233 0.19368 0.41829 1670.178
1.375 0.63517 84.88856 0.50378 53.91869 0.23603 0.15190 0.19404 0.41803 1669.481
1.380 0.63458 84.78656 0.50271 53.80355 0.23635 0.15148 0.19441 0.41776 1668.783
1.385 0.63399 84.68458 0.50163 53.68878 0.23667 0.15106 0.19478 0.41749 1668.085
1.390 0.63340 84.58263 0.50056 53.57439 0.23699 0.15064 0.19514 0.41723 1667.386
1.395 0.63281 84.48069 0.49950 53.46037 0.23731 0.15022 0.19551 0.41696 1666.687
1.400 0.63223 84.37878 0.49844 53.34673 0.23763 0.14980 0.19588 0.41669 1665.988
1.405 0.63165 84.27689 0.49738 53.23346 0.23795 0.14938 0.19625 0.41642 1665.289
1.410 0.63107 84.17502 0.49632 53.12057 0.23828 0.14896 0.19662 0.41615 1664.590
1.415 0.63050 84.07318 0.49527 53.00804 0.23860 0.14854 0.19699 0.41587 1663.890
1.420 0.62993 83.97137 0.49423 52.89589 0.23892 0.14813 0.19735 0.41560 1663.190
1.425 0.62936 83.86958 0.49318 52.78410 0.23924 0.14771 0.19772 0.41533 1662.490
1.430 0.62879 83.76783 0.49214 52.67268 0.23956 0.14730 0.19809 0.41505 1661.789
1.435 0.62823 83.66610 0.49110 52.56162 0.23988 0.14688 0.19846 0.41478 1661.089
1.440 0.62767 83.56441 0.49007 52.45093 0.24020 0.14647 0.19883 0.41450 1660.388
1.445 0.62711 83.46275 0.48904 52.34060 0.24052 0.14606 0.19920 0.41422 1659.687
1.450 0.62656 83.36112 0.48801 52.23063 0.24084 0.14565 0.19957 0.41394 1658.985
1.455 0.62601 83.25953 0.48699 52.12101 0.24116 0.14524 0.19994 0.41367 1658.284
1.460 0.62546 83.15798 0.48596 52.01176 0.24148 0.14483 0.20031 0.41339 1657.582
1.465 0.62491 83.05646 0.48495 51.90286 0.24180 0.14442 0.20068 0.41311 1656.881
1.470 0.62437 82.95498 0.48393 51.79432 0.24211 0.14401 0.20105 0.41282 1656.179
1.475 0.62383 82.85354 0.48292 51.68613 0.24243 0.14360 0.20142 0.41254 1655.477
1.480 0.62329 82.75215 0.48191 51.57829 0.24275 0.14319 0.20180 0.41226 1654.774
1.485 0.62275 82.65079 0.48091 51.47081 0.24307 0.14279 0.20217 0.41197 1654.072
1.490 0.62222 82.54948 0.47991 51.36367 0.24339 0.14238 0.20254 0.41169 1653.370
1.495 0.62169 82.44821 0.47891 51.25689 0.24371 0.14198 0.20291 0.41140 1652.667
1.500 0.62116 82.34698 0.47792 51.15045 0.24402 0.14158 0.20328 0.41112 1651.964
1.505 0.62063 82.24580 0.47693 51.04435 0.24434 0.14117 0.20365 0.41083 1651.261
1.510 0.62011 82.14467 0.47594 50.93860 0.24466 0.14077 0.20403 0.41054 1650.558
1.515 0.61959 82.04358 0.47495 50.83319 0.24498 0.14037 0.20440 0.41025 1649.855
1.520 0.61907 81.94255 0.47397 50.72813 0.24529 0.13997 0.20477 0.40996 1649.152
1.525 0.61855 81.84156 0.47299 50.62340 0.24561 0.13957 0.20514 0.40967 1648.449
1.530 0.61804 81.74063 0.47202 50.51902 0.24593 0.13917 0.20552 0.40938 1647.746
1.535 0.61753 81.63974 0.47105 50.41497 0.24625 0.13877 0.20589 0.40909 1647.042
1.540 0.61702 81.53891 0.47008 50.31126 0.24656 0.13838 0.20626 0.40880 1646.339
1.545 0.61652 81.43814 0.46911 50.20788 0.24688 0.13798 0.20664 0.40851 1645.636
1.550 0.61601 81.33742 0.46815 50.10484 0.24719 0.13758 0.20701 0.40821 1644.932
1.555 0.61551 81.23675 0.46719 50.00213 0.24751 0.13719 0.20738 0.40792 1644.228
1.560 0.61501 81.13614 0.46623 49.89976 0.24783 0.13680 0.20776 0.40762 1643.525
1.565 0.61452 81.03559 0.46528 49.79771 0.24814 0.13640 0.20813 0.40732 1642.821
1.570 0.61402 80.93509 0.46433 49.69599 0.24846 0.13601 0.20851 0.40703 1642.117
1.575 0.61353 80.83466 0.46338 49.59460 0.24877 0.13562 0.20888 0.40673 1641.414
1.580 0.61304 80.73428 0.46244 49.49354 0.24909 0.13523 0.20926 0.40643 1640.710
1.585 0.61256 80.63397 0.46149 49.39280 0.24940 0.13484 0.20963 0.40613 1640.006
1.590 0.61207 80.53372 0.46056 49.29238 0.24972 0.13445 0.21001 0.40583 1639.303
1.595 0.61159 80.43353 0.45962 49.19229 0.25003 0.13406 0.21038 0.40553 1638.599
1.600 0.61111 80.33340 0.45869 49.09252 0.25034 0.13367 0.21076 0.40523 1637.895
1.605 0.61063 80.23334 0.45776 48.99307 0.25066 0.13329 0.21113 0.40492 1637.191
1.610 0.61016 80.13335 0.45683 48.89394 0.25097 0.13290 0.21151 0.40462 1636.488
1.615 0.60968 80.03342 0.45591 48.79513 0.25128 0.13252 0.21188 0.40432 1635.784
1.620 0.60921 79.93355 0.45499 48.69663 0.25160 0.13213 0.21226 0.40401 1635.080
1.625 0.60875 79.83376 0.45407 48.59845 0.25191 0.13175 0.21264 0.40371 1634.377
1.630 0.60828 79.73403 0.45316 48.50059 0.25222 0.13136 0.21301 0.40340 1633.673
1.635 0.60782 79.63437 0.45225 48.40303 0.25254 0.13098 0.21339 0.40309 1632.970
1.640 0.60735 79.53478 0.45134 48.30579 0.25285 0.13060 0.21377 0.40278 1632.266
1.645 0.60689 79.43526 0.45043 48.20886 0.25316 0.13022 0.21414 0.40248 1631.563
1.650 0.60644 79.33582 0.44953 48.11224 0.25347 0.12984 0.21452 0.40217 1630.860
1.655 0.60598 79.23644 0.44863 48.01593 0.25378 0.12946 0.21490 0.40186 1630.156
1.660 0.60553 79.13714 0.44773 47.91993 0.25410 0.12908 0.21527 0.40155 1629.453
1.665 0.60508 79.03792 0.44684 47.82423 0.25441 0.12871 0.21565 0.40123 1628.750
1.670 0.60463 78.93876 0.44595 47.72883 0.25472 0.12833 0.21603 0.40092 1628.047
1.675 0.60418 78.83969 0.44506 47.63375 0.25503 0.12796 0.21641 0.40061 1627.344
1.680 0.60374 78.74069 0.44417 47.53896 0.25534 0.12758 0.21678 0.40030 1626.641
1.685 0.60330 78.64176 0.44329 47.44447 0.25565 0.12721 0.21716 0.39998 1625.938
1.690 0.60286 78.54291 0.44241 47.35029 0.25596 0.12683 0.21754 0.39967 1625.236
1.695 0.60242 78.44414 0.44153 47.25640 0.25627 0.12646 0.21792 0.39935 1624.533
1.700 0.60199 78.34545 0.44066 47.16282 0.25658 0.12609 0.21830 0.39903 1623.831
1.705 0.60155 78.24684 0.43979 47.06953 0.25689 0.12572 0.21868 0.39872 1623.129
1.710 0.60112 78.14831 0.43892 46.97653 0.25720 0.12535 0.21905 0.39840 1622.426
1.715 0.60069 78.04986 0.43805 46.88383 0.25751 0.12498 0.21943 0.39808 1621.724
1.720 0.60026 77.95149 0.43719 46.79143 0.25781 0.12461 0.21981 0.39776 1621.023
1.725 0.59984 77.85320 0.43633 46.69931 0.25812 0.12424 0.22019 0.39744 1620.321
1.730 0.59941 77.75500 0.43547 46.60749 0.25843 0.12388 0.22057 0.39712 1619.619
1.735 0.59899 77.65688 0.43462 46.51596 0.25874 0.12351 0.22095 0.39680 1618.918
1.740 0.59857 77.55884 0.43376 46.42472 0.25905 0.12315 0.22133 0.39648 1618.216
1.745 0.59816 77.46088 0.43291 46.33377 0.25935 0.12278 0.22171 0.39615 1617.515
1.750 0.59774 77.36302 0.43207 46.24310 0.25966 0.12242 0.22209 0.39583 1616.814
1.755 0.59733 77.26523 0.43122 46.15272 0.25997 0.12205 0.22247 0.39551 1616.113
1.760 0.59692 77.16754 0.43038 46.06263 0.26028 0.12169 0.22285 0.39518 1615.413
1.765 0.59651 77.06993 0.42954 45.97281 0.26058 0.12133 0.22323 0.39486 1614.712
1.770 0.59610 76.97241 0.42870 45.88329 0.26089 0.12097 0.22361 0.39453 1614.012
1.775 0.59570 76.87497 0.42787 45.79404 0.26119 0.12061 0.22399 0.39421 1613.312
1.780 0.59529 76.77763 0.42704 45.70507 0.26150 0.12025 0.22437 0.39388 1612.612
1.785 0.59489 76.68037 0.42621 45.61639 0.26180 0.11989 0.22475 0.39355 1611.912
1.790 0.59449 76.58321 0.42538 45.52798 0.26211 0.11954 0.22513 0.39322 1611.213
1.795 0.59409 76.48613 0.42456 45.43985 0.26241 0.11918 0.22551 0.39289 1610.513
1.800 0.59370 76.38914 0.42374 45.35200 0.26272 0.11882 0.22589 0.39256 1609.814
1.805 0.59330 76.29225 0.42292 45.26442 0.26302 0.11847 0.22627 0.39223 1609.115
1.810 0.59291 76.19545 0.42211 45.17712 0.26333 0.11812 0.22666 0.39190 1608.416
1.815 0.59252 76.09874 0.42129 45.09009 0.26363 0.11776 0.22704 0.39157 1607.718
1.820 0.59213 76.00212 0.42048 45.00333 0.26394 0.11741 0.22742 0.39124 1607.020
1.825 0.59175 75.90560 0.41967 44.91685 0.26424 0.11706 0.22780 0.39090 1606.322
1.830 0.59136 75.80917 0.41887 44.83063 0.26454 0.11671 0.22818 0.39057 1605.624
1.835 0.59098 75.71284 0.41807 44.74469 0.26484 0.11636 0.22856 0.39024 1604.926
1.840 0.59060 75.61660 0.41727 44.65901 0.26515 0.11601 0.22894 0.38990 1604.229
1.845 0.59022 75.52045 0.41647 44.57360 0.26545 0.11566 0.22933 0.38957 1603.532
1.850 0.58984 75.42440 0.41567 44.48846 0.26575 0.11531 0.22971 0.38923 1602.835
1.855 0.58947 75.32845 0.41488 44.40358 0.26605 0.11496 0.23009 0.38889 1602.138
1.860 0.58909 75.23259 0.41409 44.31897 0.26635 0.11462 0.23047 0.38856 1601.442
1.865 0.58872 75.13684 0.41330 44.23462 0.26666 0.11427 0.23085 0.38822 1600.746
1.870 0.58835 75.04118 0.41251 44.15054 0.26696 0.11393 0.23124 0.38788 1600.050
1.875 0.58798 74.94561 0.41173 44.06671 0.26726 0.11358 0.23162 0.38754 1599.355
1.880 0.58762 74.85015 0.41095 43.98315 0.26756 0.11324 0.23200 0.38720 1598.659
1.885 0.58725 74.75479 0.41017 43.89984 0.26786 0.11290 0.23239 0.38686 1597.964
1.890 0.58689 74.65952 0.40940 43.81680 0.26816 0.11255 0.23277 0.38652 1597.269
1.895 0.58653 74.56436 0.40862 43.73401 0.26846 0.11221 0.23315 0.38618 1596.575
1.900 0.58617 74.46929 0.40785 43.65148 0.26876 0.11187 0.23353 0.38584 1595.881
1.905 0.58581 74.37433 0.40708 43.56920 0.26906 0.11153 0.23392 0.38549 1595.187
1.910 0.58545 74.27947 0.40632 43.48718 0.26935 0.11120 0.23430 0.38515 1594.493
1.915 0.58510 74.18471 0.40555 43.40541 0.26965 0.11086 0.23468 0.38481 1593.800
1.920 0.58475 74.09005 0.40479 43.32390 0.26995 0.11052 0.23507 0.38446 1593.107
1.925 0.58440 73.99549 0.40403 43.24264 0.27025 0.11018 0.23545 0.38412 1592.414
1.930 0.58405 73.90104 0.40327 43.16163 0.27055 0.10985 0.23583 0.38377 1591.722
1.935 0.58370 73.80669 0.40252 43.08087 0.27084 0.10951 0.23622 0.38343 1591.030
1.940 0.58335 73.71244 0.40177 43.00035 0.27114 0.10918 0.23660 0.38308 1590.338
1.945 0.58301 73.61830 0.40102 42.92009 0.27144 0.10885 0.23699 0.38273 1589.646
1.950 0.58267 73.52426 0.40027 42.84008 0.27173 0.10851 0.23737 0.38238 1588.955
1.955 0.58232 73.43032 0.39953 42.76031 0.27203 0.10818 0.23775 0.38204 1588.264
1.960 0.58199 73.33650 0.39878 42.68078 0.27232 0.10785 0.23814 0.38169 1587.574
1.965 0.58165 73.24277 0.39804 42.60151 0.27262 0.10752 0.23852 0.38134 1586.883
1.970 0.58131 73.14915 0.39730 42.52247 0.27291 0.10719 0.23891 0.38099 1586.194
1.975 0.58098 73.05564 0.39657 42.44368 0.27321 0.10686 0.23929 0.38064 1585.504
1.980 0.58064 72.96224 0.39583 42.36513 0.27350 0.10654 0.23967 0.38029 1584.815
1.985 0.58031 72.86894 0.39510 42.28682 0.27380 0.10621 0.24006 0.37994 1584.126
1.990 0.57998 72.77575 0.39437 42.20875 0.27409 0.10588 0.24044 0.37958 1583.437
1.995 0.57966 72.68266 0.39364 42.13092 0.27439 0.10556 0.24083 0.37923 1582.749
2.000 0.57933 72.58969 0.39292 42.05333 0.27468 0.10523 0.24121 0.37888 1582.061
2.005 0.57900 72.49682 0.39220 41.97598 0.27497 0.10491 0.24160 0.37852 1581.374
2.010 0.57868 72.40406 0.39148 41.89886 0.27526 0.10458 0.24198 0.37817 1580.687
2.015 0.57836 72.31141 0.39076 41.82198 0.27556 0.10426 0.24237 0.37781 1580.000
2.020 0.57804 72.21886 0.39004 41.74534 0.27585 0.10394 0.24275 0.37746 1579.313
2.025 0.57772 72.12643 0.38933 41.66892 0.27614 0.10362 0.24314 0.37710 1578.627
2.030 0.57740 72.03411 0.38862 41.59275 0.27643 0.10330 0.24352 0.37675 1577.942
2.035 0.57709 71.94189 0.38791 41.51680 0.27672 0.10298 0.24391 0.37639 1577.256
2.040 0.57677 71.84979 0.38720 41.44109 0.27701 0.10266 0.24429 0.37603 1576.571
2.045 0.57646 71.75780 0.38649 41.36560 0.27730 0.10234 0.24468 0.37568 1575.887
2.050 0.57615 71.66591 0.38579 41.29035 0.27759 0.10203 0.24506 0.37532 1575.202
2.055 0.57584 71.57414 0.38509 41.21532 0.27788 0.10171 0.24545 0.37496 1574.519
2.060 0.57553 71.48248 0.38439 41.14053 0.27817 0.10139 0.24583 0.37460 1573.835
2.065 0.57523 71.39093 0.38369 41.06596 0.27846 0.10108 0.24622 0.37424 1573.152
2.070 0.57492 71.29949 0.38300 40.99162 0.27875 0.10076 0.24660 0.37388 1572.469
2.075 0.57462 71.20817 0.38231 40.91750 0.27904 0.10045 0.24699 0.37352 1571.787
2.080 0.57432 71.11696 0.38162 40.84361 0.27933 0.10014 0.24737 0.37316 1571.105
2.085 0.57402 71.02586 0.38093 40.76994 0.27962 0.09983 0.24776 0.37280 1570.424
2.090 0.57372 70.93487 0.38024 40.69649 0.27990 0.09952 0.24815 0.37243 1569.742
2.095 0.57342 70.84399 0.37956 40.62327 0.28019 0.09920 0.24853 0.37207 1569.062
2.100 0.57312 70.75323 0.37888 40.55027 0.28048 0.09890 0.24892 0.37171 1568.381
2.105 0.57283 70.66258 0.37820 40.47749 0.28077 0.09859 0.24930 0.37134 1567.701
2.110 0.57253 70.57205 0.37752 40.40493 0.28105 0.09828 0.24969 0.37098 1567.022
2.115 0.57224 70.48163 0.37684 40.33259 0.28134 0.09797 0.25008 0.37062 1566.343
2.120 0.57195 70.39132 0.37617 40.26047 0.28162 0.09766 0.25046 0.37025 1565.664
2.125 0.57166 70.30113 0.37550 40.18856 0.28191 0.09736 0.25085 0.36989 1564.986
2.130 0.57138 70.21105 0.37483 40.11688 0.28219 0.09705 0.25123 0.36952 1564.308
2.135 0.57109 70.12109 0.37416 40.04540 0.28248 0.09675 0.25162 0.36915 1563.630
2.140 0.57080 70.03124 0.37349 39.97415 0.28276 0.09644 0.25201 0.36879 1562.953
2.145 0.57052 69.94150 0.37283 39.90310 0.28305 0.09614 0.25239 0.36842 1562.277
2.150 0.57024 69.85188 0.37217 39.83228 0.28333 0.09584 0.25278 0.36805 1561.600
2.155 0.56996 69.76238 0.37151 39.76166 0.28361 0.09554 0.25316 0.36768 1560.925
2.160 0.56968 69.67300 0.37085 39.69126 0.28390 0.09524 0.25355 0.36732 1560.249
2.165 0.56940 69.58372 0.37019 39.62106 0.28418 0.09494 0.25394 0.36695 1559.574
2.170 0.56912 69.49457 0.36954 39.55108 0.28446 0.09464 0.25432 0.36658 1558.900
2.175 0.56885 69.40553 0.36889 39.48131 0.28474 0.09434 0.25471 0.36621 1558.226
2.180 0.56858 69.31661 0.36824 39.41175 0.28503 0.09404 0.25510 0.36584 1557.552
2.185 0.56830 69.22780 0.36759 39.34239 0.28531 0.09374 0.25548 0.36547 1556.879
2.190 0.56803 69.13911 0.36694 39.27325 0.28559 0.09345 0.25587 0.36510 1556.206
2.195 0.56776 69.05054 0.36630 39.20431 0.28587 0.09315 0.25626 0.36472 1555.534
2.200 0.56749 68.96208 0.36566 39.13557 0.28615 0.09286 0.25664 0.36435 1554.862
2.205 0.56723 68.87375 0.36502 39.06704 0.28643 0.09256 0.25703 0.36398 1554.191
2.210 0.56696 68.78553 0.36438 38.99872 0.28671 0.09227 0.25742 0.36361 1553.520
2.215 0.56670 68.69742 0.36374 38.93060 0.28699 0.09198 0.25780 0.36323 1552.849
2.220 0.56643 68.60944 0.36311 38.86268 0.28727 0.09169 0.25819 0.36286 1552.179
2.225 0.56617 68.52157 0.36248 38.79496 0.28754 0.09139 0.25858 0.36249 1551.509
2.230 0.56591 68.43382 0.36184 38.72745 0.28782 0.09110 0.25896 0.36211 1550.840
2.235 0.56565 68.34619 0.36122 38.66014 0.28810 0.09081 0.25935 0.36174 1550.172
2.240 0.56539 68.25867 0.36059 38.59303 0.28838 0.09053 0.25974 0.36136 1549.503
2.245 0.56514 68.17128 0.35996 38.52611 0.28865 0.09024 0.26012 0.36099 1548.836
2.250 0.56488 68.08400 0.35934 38.45940 0.28893 0.08995 0.26051 0.36061 1548.168
2.255 0.56463 67.99684 0.35872 38.39288 0.28921 0.08966 0.26090 0.36023 1547.501
2.260 0.56437 67.90980 0.35810 38.32656 0.28948 0.08938 0.26128 0.35986 1546.835
2.265 0.56412 67.82288 0.35748 38.26044 0.28976 0.08909 0.26167 0.35948 1546.169
2.270 0.56387 67.73608 0.35687 38.19451 0.29003 0.08881 0.26206 0.35910 1545.504
2.275 0.56362 67.64940 0.35625 38.12878 0.29031 0.08852 0.26244 0.35873 1544.839
2.280 0.56338 67.56283 0.35564 38.06325 0.29058 0.08824 0.26283 0.35835 1544.174
2.285 0.56313 67.47639 0.35503 37.99790 0.29086 0.08796 0.26322 0.35797 1543.510
2.290 0.56288 67.39006 0.35442 37.93275 0.29113 0.08768 0.26360 0.35759 1542.847
2.295 0.56264 67.30386 0.35381 37.86779 0.29141 0.08739 0.26399 0.35721 1542.184
2.300 0.56240 67.21777 0.35321 37.80303 0.29168 0.08711 0.26438 0.35683 1541.521
2.305 0.56215 67.13181 0.35260 37.73845 0.29195 0.08683 0.26476 0.35645 1540.859
2.310 0.56191 67.04596 0.35200 37.67407 0.29222 0.08656 0.26515 0.35607 1540.197
2.315 0.56167 66.96023 0.35140 37.60987 0.29250 0.08628 0.26554 0.35569 1539.536
2.320 0.56144 66.87462 0.35080 37.54587 0.29277 0.08600 0.26592 0.35531 1538.875
2.325 0.56120 66.78914 0.35021 37.48205 0.29304 0.08572 0.26631 0.35493 1538.215
2.330 0.56096 66.70377 0.34961 37.41842 0.29331 0.08545 0.26670 0.35455 1537.556
2.335 0.56073 66.61852 0.34902 37.35497 0.29358 0.08517 0.26708 0.35416 1536.896
2.340 0.56050 66.53340 0.34843 37.29172 0.29385 0.08490 0.26747 0.35378 1536.238
2.345 0.56026 66.44839 0.34784 37.22864 0.29412 0.08462 0.26786 0.35340 1535.580
2.350 0.56003 66.36350 0.34725 37.16576 0.29439 0.08435 0.26825 0.35302 1534.922
2.355 0.55980 66.27874 0.34667 37.10306 0.29466 0.08408 0.26863 0.35263 1534.265
2.360 0.55957 66.19409 0.34608 37.04054 0.29493 0.08380 0.26902 0.35225 1533.608
2.365 0.55935 66.10957 0.34550 36.97820 0.29520 0.08353 0.26941 0.35187 1532.952
2.370 0.55912 66.02517 0.34492 36.91605 0.29546 0.08326 0.26979 0.35148 1532.296
2.375 0.55890 65.94088 0.34434 36.85407 0.29573 0.08299 0.27018 0.35110 1531.641
2.380 0.55867 65.85672 0.34376 36.79228 0.29600 0.08272 0.27057 0.35071 1530.986
2.385 0.55845 65.77268 0.34319 36.73067 0.29626 0.08246 0.27095 0.35033 1530.332
2.390 0.55823 65.68876 0.34261 36.66924 0.29653 0.08219 0.27134 0.34994 1529.678
2.395 0.55801 65.60496 0.34204 36.60799 0.29680 0.08192 0.27173 0.34955 1529.025
2.400 0.55779 65.52128 0.34147 36.54692 0.29706 0.08166 0.27211 0.34917 1528.372
2.405 0.55757 65.43772 0.34090 36.48602 0.29733 0.08139 0.27250 0.34878 1527.720
2.410 0.55735 65.35428 0.34033 36.42530 0.29759 0.08112 0.27289 0.34840 1527.069
2.415 0.55714 65.27097 0.33977 36.36476 0.29786 0.08086 0.27327 0.34801 1526.418
2.420 0.55692 65.18777 0.33921 36.30439 0.29812 0.08060 0.27366 0.34762 1525.767
2.425 0.55671 65.10470 0.33864 36.24420 0.29839 0.08033 0.27405 0.34723 1525.117
2.430 0.55649 65.02175 0.33808 36.18419 0.29865 0.08007 0.27443 0.34685 1524.467
2.435 0.55628 64.93892 0.33752 36.12434 0.29891 0.07981 0.27482 0.34646 1523.818
2.440 0.55607 64.85621 0.33697 36.06467 0.29917 0.07955 0.27521 0.34607 1523.170
2.445 0.55586 64.77362 0.33641 36.00518 0.29944 0.07929 0.27559 0.34568 1522.522
2.450 0.55565 64.69115 0.33586 35.94585 0.29970 0.07903 0.27598 0.34529 1521.874
2.455 0.55545 64.60880 0.33530 35.88670 0.29996 0.07877 0.27637 0.34490 1521.227
2.460 0.55524 64.52658 0.33475 35.82772 0.30022 0.07851 0.27675 0.34451 1520.581
2.465 0.55503 64.44447 0.33420 35.76891 0.30048 0.07826 0.27714 0.34412 1519.935
2.470 0.55483 64.36249 0.33365 35.71027 0.30074 0.07800 0.27753 0.34373 1519.289
2.475 0.55463 64.28063 0.33311 35.65180 0.30100 0.07774 0.27791 0.34334 1518.644
2.480 0.55443 64.19889 0.33256 35.59349 0.30126 0.07749 0.27830 0.34295 1518.000
2.485 0.55422 64.11727 0.33202 35.53536 0.30152 0.07723 0.27868 0.34256 1517.356
2.490 0.55402 64.03577 0.33148 35.47739 0.30178 0.07698 0.27907 0.34217 1516.713
2.495 0.55383 63.95440 0.33094 35.41959 0.30204 0.07673 0.27946 0.34178 1516.070
2.500 0.55363 63.87314 0.33040 35.36195 0.30230 0.07648 0.27984 0.34139 1515.428
2.505 0.55343 63.79201 0.32986 35.30448 0.30255 0.07622 0.28023 0.34099 1514.786
2.510 0.55324 63.71100 0.32933 35.24718 0.30281 0.07597 0.28062 0.34060 1514.145
2.515 0.55304 63.63011 0.32879 35.19004 0.30307 0.07572 0.28100 0.34021 1513.504
2.520 0.55285 63.54934 0.32826 35.13306 0.30332 0.07547 0.28139 0.33982 1512.864
2.525 0.55265 63.46869 0.32773 35.07625 0.30358 0.07522 0.28177 0.33942 1512.225
2.530 0.55246 63.38816 0.32720 35.01960 0.30383 0.07497 0.28216 0.33903 1511.586
2.535 0.55227 63.30776 0.32667 34.96311 0.30409 0.07473 0.28255 0.33864 1510.947
2.540 0.55208 63.22748 0.32615 34.90678 0.30434 0.07448 0.28293 0.33824 1510.309
2.545 0.55189 63.14731 0.32562 34.85061 0.30460 0.07423 0.28332 0.33785 1509.672
2.550 0.55171 63.06727 0.32510 34.79461 0.30485 0.07399 0.28370 0.33746 1509.035
2.555 0.55152 62.98735 0.32458 34.73876 0.30511 0.07374 0.28409 0.33706 1508.399
2.560 0.55133 62.90755 0.32406 34.68308 0.30536 0.07350 0.28447 0.33667 1507.763
2.565 0.55115 62.82788 0.32354 34.62755 0.30561 0.07325 0.28486 0.33627 1507.128
2.570 0.55097 62.74832 0.32302 34.57218 0.30586 0.07301 0.28525 0.33588 1506.493
2.575 0.55078 62.66888 0.32250 34.51697 0.30612 0.07277 0.28563 0.33548 1505.859
2.580 0.55060 62.58957 0.32199 34.46191 0.30637 0.07253 0.28602 0.33509 1505.225
2.585 0.55042 62.51038 0.32148 34.40701 0.30662 0.07229 0.28640 0.33469 1504.592
2.590 0.55024 62.43130 0.32097 34.35227 0.30687 0.07204 0.28679 0.33430 1503.960
2.595 0.55006 62.35235 0.32046 34.29768 0.30712 0.07180 0.28717 0.33390 1503.328
2.600 0.54988 62.27352 0.31995 34.24325 0.30737 0.07157 0.28756 0.33351 1502.696
2.605 0.54971 62.19482 0.31944 34.18897 0.30762 0.07133 0.28794 0.33311 1502.065
2.610 0.54953 62.11623 0.31893 34.13485 0.30787 0.07109 0.28833 0.33271 1501.435
2.615 0.54936 62.03776 0.31843 34.08088 0.30812 0.07085 0.28871 0.33232 1500.805
2.620 0.54918 61.95941 0.31793 34.02706 0.30837 0.07062 0.28910 0.33192 1500.176
2.625 0.54901 61.88119 0.31743 33.97339 0.30861 0.07038 0.28948 0.33152 1499.548
2.630 0.54884 61.80308 0.31693 33.91988 0.30886 0.07014 0.28987 0.33113 1498.920
2.635 0.54867 61.72510 0.31643 33.86651 0.30911 0.06991 0.29025 0.33073 1498.292
2.640 0.54850 61.64724 0.31593 33.81330 0.30935 0.06968 0.29064 0.33033 1497.665
2.645 0.54833 61.56949 0.31543 33.76024 0.30960 0.06944 0.29102 0.32993 1497.039
2.650 0.54816 61.49187 0.31494 33.70733 0.30985 0.06921 0.29141 0.32954 1496.413
2.655 0.54799 61.41437 0.31445 33.65456 0.31009 0.06898 0.29179 0.32914 1495.787
2.660 0.54783 61.33699 0.31396 33.60195 0.31034 0.06875 0.29218 0.32874 1495.163
2.665 0.54766 61.25973 0.31346 33.54948 0.31058 0.06852 0.29256 0.32834 1494.538
2.670 0.54749 61.18259 0.31298 33.49716 0.31083 0.06829 0.29295 0.32794 1493.915
2.675 0.54733 61.10557 0.31249 33.44498 0.31107 0.06806 0.29333 0.32754 1493.292
2.680 0.54717 61.02867 0.31200 33.39296 0.31131 0.06783 0.29371 0.32715 1492.669
2.685 0.54701 60.95189 0.31152 33.34108 0.31156 0.06760 0.29410 0.32675 1492.047
2.690 0.54685 60.87523 0.31103 33.28934 0.31180 0.06737 0.29448 0.32635 1491.426
2.695 0.54669 60.79869 0.31055 33.23775 0.31204 0.06714 0.29487 0.32595 1490.805
2.700 0.54653 60.72227 0.31007 33.18630 0.31228 0.06692 0.29525 0.32555 1490.185
2.705 0.54637 60.64597 0.30959 33.13500 0.31252 0.06669 0.29564 0.32515 1489.565
2.710 0.54621 60.56979 0.30911 33.08384 0.31276 0.06647 0.29602 0.32475 1488.946
2.715 0.54605 60.49373 0.30864 33.03282 0.31300 0.06624 0.29640 0.32435 1488.327
2.720 0.54590 60.41779 0.30816 32.98195 0.31324 0.06602 0.29679 0.32395 1487.709
2.725 0.54574 60.34197 0.30769 32.93122 0.31348 0.06580 0.29717 0.32355 1487.092
2.730 0.54559 60.26627 0.30722 32.88063 0.31372 0.06557 0.29755 0.32315 1486.475
2.735 0.54544 60.19069 0.30674 32.83018 0.31396 0.06535 0.29794 0.32275 1485.859
2.740 0.54528 60.11523 0.30627 32.77987 0.31420 0.06513 0.29832 0.32235 1485.243
2.745 0.54513 60.03988 0.30581 32.72970 0.31444 0.06491 0.29870 0.32195 1484.628
2.750 0.54498 59.96466 0.30534 32.67967 0.31467 0.06469 0.29909 0.32155 1484.013
2.755 0.54483 59.88956 0.30487 32.62978 0.31491 0.06447 0.29947 0.32115 1483.399
2.760 0.54468 59.81457 0.30441 32.58003 0.31515 0.06425 0.29985 0.32075 1482.786
2.765 0.54454 59.73971 0.30394 32.53041 0.31538 0.06403 0.30024 0.32035 1482.173
2.770 0.54439 59.66496 0.30348 32.48093 0.31562 0.06382 0.30062 0.31994 1481.560
2.775 0.54424 59.59033 0.30302 32.43159 0.31586 0.06360 0.30100 0.31954 1480.949
2.780 0.54410 59.51582 0.30256 32.38239 0.31609 0.06338 0.30139 0.31914 1480.337
2.785 0.54395 59.44143 0.30210 32.33332 0.31632 0.06317 0.30177 0.31874 1479.727
2.790 0.54381 59.36716 0.30164 32.28439 0.31656 0.06295 0.30215 0.31834 1479.117
2.795 0.54367 59.29301 0.30119 32.23560 0.31679 0.06274 0.30253 0.31794 1478.507
2.800 0.54352 59.21897 0.30073 32.18693 0.31703 0.06252 0.30292 0.31754 1477.898
2.805 0.54338 59.14506 0.30028 32.13841 0.31726 0.06231 0.30330 0.31713 1477.290
2.810 0.54324 59.07126 0.29983 32.09001 0.31749 0.06210 0.30368 0.31673 1476.682
2.815 0.54310 58.99758 0.29938 32.04175 0.31772 0.06189 0.30406 0.31633 1476.075
2.820 0.54296 58.92402 0.29893 31.99363 0.31795 0.06167 0.30444 0.31593 1475.468
2.825 0.54283 58.85057 0.29848 31.94563 0.31818 0.06146 0.30483 0.31553 1474.862
2.830 0.54269 58.77725 0.29803 31.89777 0.31841 0.06125 0.30521 0.31512 1474.257
2.835 0.54255 58.70404 0.29759 31.85004 0.31865 0.06104 0.30559 0.31472 1473.652
2.840 0.54242 58.63095 0.29714 31.80244 0.31887 0.06083 0.30597 0.31432 1473.048
2.845 0.54228 58.55798 0.29670 31.75497 0.31910 0.06063 0.30635 0.31392 1472.444
2.850 0.54215 58.48512 0.29626 31.70763 0.31933 0.06042 0.30673 0.31351 1471.841
2.855 0.54202 58.41238 0.29581 31.66042 0.31956 0.06021 0.30712 0.31311 1471.238
2.860 0.54188 58.33976 0.29537 31.61334 0.31979 0.06000 0.30750 0.31271 1470.636
2.865 0.54175 58.26726 0.29494 31.56638 0.32002 0.05980 0.30788 0.31231 1470.035
2.870 0.54162 58.19488 0.29450 31.51956 0.32024 0.05959 0.30826 0.31190 1469.434
2.875 0.54149 58.12261 0.29406 31.47286 0.32047 0.05939 0.30864 0.31150 1468.833
2.880 0.54136 58.05045 0.29363 31.42630 0.32070 0.05918 0.30902 0.31110 1468.234
2.885 0.54123 57.97842 0.29319 31.37985 0.32092 0.05898 0.30940 0.31069 1467.635
2.890 0.54111 57.90650 0.29276 31.33354 0.32115 0.05878 0.30978 0.31029 1467.036
2.895 0.54098 57.83470 0.29233 31.28735 0.32137 0.05858 0.31016 0.30989 1466.438
2.900 0.54085 57.76301 0.29190 31.24129 0.32160 0.05837 0.31054 0.30949 1465.841
2.905 0.54073 57.69145 0.29147 31.19535 0.32182 0.05817 0.31092 0.30908 1465.244
2.910 0.54060 57.61999 0.29104 31.14954 0.32205 0.05797 0.31130 0.30868 1464.647
2.915 0.54048 57.54866 0.29061 31.10385 0.32227 0.05777 0.31168 0.30828 1464.052
2.920 0.54036 57.47744 0.29019 31.05829 0.32249 0.05757 0.31206 0.30787 1463.457
2.925 0.54023 57.40633 0.28976 31.01285 0.32271 0.05737 0.31244 0.30747 1462.862
2.930 0.54011 57.33534 0.28934 30.96753 0.32294 0.05717 0.31282 0.30707 1462.268
2.935 0.53999 57.26447 0.28892 30.92233 0.32316 0.05698 0.31320 0.30666 1461.675
2.940 0.53987 57.19371 0.28850 30.87726 0.32338 0.05678 0.31358 0.30626 1461.082
2.945 0.53975 57.12307 0.28808 30.83231 0.32360 0.05658 0.31396 0.30586 1460.490
2.950 0.53963 57.05255 0.28766 30.78748 0.32382 0.05639 0.31434 0.30545 1459.898
2.955 0.53952 56.98213 0.28724 30.74278 0.32404 0.05619 0.31472 0.30505 1459.307
2.960 0.53940 56.91184 0.28682 30.69819 0.32426 0.05600 0.31510 0.30465 1458.717
2.965 0.53928 56.84166 0.28641 30.65372 0.32448 0.05580 0.31548 0.30424 1458.127
2.970 0.53917 56.77159 0.28599 30.60938 0.32469 0.05561 0.31586 0.30384 1457.537
2.975 0.53905 56.70164 0.28558 30.56515 0.32491 0.05542 0.31624 0.30343 1456.949
2.980 0.53894 56.63180 0.28517 30.52104 0.32513 0.05522 0.31662 0.30303 1456.360
2.985 0.53882 56.56208 0.28476 30.47705 0.32535 0.05503 0.31699 0.30263 1455.773
2.990 0.53871 56.49248 0.28435 30.43318 0.32556 0.05484 0.31737 0.30222 1455.186
2.995 0.53860 56.42298 0.28394 30.38943 0.32578 0.05465 0.31775 0.30182 1454.599
3.000 0.53849 56.35360 0.28353 30.34579 0.32600 0.05446 0.31813 0.30142 1454.014
3.005 0.53838 56.28434 0.28313 30.30227 0.32621 0.05427 0.31851 0.30101 1453.428
3.010 0.53827 56.21519 0.28272 30.25887 0.32643 0.05408 0.31888 0.30061 1452.844
3.015 0.53816 56.14615 0.28232 30.21558 0.32664 0.05389 0.31926 0.30021 1452.260
3.020 0.53805 56.07723 0.28191 30.17241 0.32685 0.05370 0.31964 0.29980 1451.676
3.025 0.53794 56.00842 0.28151 30.12936 0.32707 0.05352 0.32002 0.29940 1451.093
3.030 0.53784 55.93972 0.28111 30.08642 0.32728 0.05333 0.32040 0.29900 1450.511
3.035 0.53773 55.87114 0.28071 30.04360 0.32749 0.05314 0.32077 0.29859 1449.929
3.040 0.53762 55.80267 0.28031 30.00088 0.32771 0.05296 0.32115 0.29819 1449.348
3.045 0.53752 55.73431 0.27991 29.95829 0.32792 0.05277 0.32153 0.29778 1448.767
3.050 0.53742 55.66607 0.27951 29.91581 0.32813 0.05259 0.32190 0.29738 1448.187
3.055 0.53731 55.59794 0.27912 29.87344 0.32834 0.05240 0.32228 0.29698 1447.608
3.060 0.53721 55.52992 0.27872 29.83118 0.32855 0.05222 0.32266 0.29657 1447.029
3.065 0.53711 55.46202 0.27833 29.78903 0.32876 0.05204 0.32303 0.29617 1446.450
3.070 0.53701 55.39422 0.27794 29.74700 0.32897 0.05185 0.32341 0.29577 1445.873
3.075 0.53690 55.32654 0.27755 29.70508 0.32918 0.05167 0.32379 0.29536 1445.296
3.080 0.53680 55.25897 0.27715 29.66327 0.32939 0.05149 0.32416 0.29496 1444.719
3.085 0.53671 55.19152 0.27677 29.62157 0.32959 0.05131 0.32454 0.29456 1444.143
3.090 0.53661 55.12417 0.27638 29.57998 0.32980 0.05113 0.32491 0.29415 1443.568
3.095 0.53651 55.05694 0.27599 29.53850 0.33001 0.05095 0.32529 0.29375 1442.993
3.100 0.53641 54.98982 0.27560 29.49714 0.33022 0.05077 0.32567 0.29335 1442.419
3.105 0.53631 54.92281 0.27522 29.45588 0.33042 0.05059 0.32604 0.29294 1441.845
3.110 0.53622 54.85591 0.27483 29.41473 0.33063 0.05041 0.32642 0.29254 1441.272
3.115 0.53612 54.78912 0.27445 29.37369 0.33083 0.05024 0.32679 0.29214 1440.699
3.120 0.53603 54.72245 0.27407 29.33275 0.33104 0.05006 0.32717 0.29174 1440.127
3.125 0.53593 54.65588 0.27369 29.29193 0.33124 0.04988 0.32754 0.29133 1439.556
3.130 0.53584 54.58943 0.27330 29.25121 0.33145 0.04971 0.32792 0.29093 1438.985
3.135 0.53575 54.52309 0.27293 29.21060 0.33165 0.04953 0.32829 0.29053 1438.415
3.140 0.53566 54.45685 0.27255 29.17010 0.33185 0.04936 0.32867 0.29012 1437.845
3.145 0.53556 54.39073 0.27217 29.12970 0.33206 0.04918 0.32904 0.28972 1437.276
3.150 0.53547 54.32472 0.27179 29.08941 0.33226 0.04901 0.32941 0.28932 1436.708
3.155 0.53538 54.25882 0.27142 29.04922 0.33246 0.04883 0.32979 0.28892 1436.140
3.160 0.53529 54.19302 0.27104 29.00914 0.33266 0.04866 0.33016 0.28851 1435.573
3.165 0.53520 54.12734 0.27067 28.96917 0.33286 0.04849 0.33054 0.28811 1435.006
3.170 0.53512 54.06177 0.27030 28.92930 0.33306 0.04832 0.33091 0.28771 1434.440
3.175 0.53503 53.99631 0.26993 28.88953 0.33326 0.04815 0.33128 0.28731 1433.874
3.180 0.53494 53.93095 0.26955 28.84987 0.33346 0.04798 0.33166 0.28690 1433.310
3.185 0.53485 53.86571 0.26919 28.81031 0.33366 0.04781 0.33203 0.28650 1432.745
3.190 0.53477 53.80057 0.26882 28.77086 0.33386 0.04764 0.33240 0.28610 1432.181
3.195 0.53468 53.73555 0.26845 28.73151 0.33406 0.04747 0.33278 0.28570 1431.618
3.200 0.53460 53.67063 0.26808 28.69226 0.33426 0.04730 0.33315 0.28530 1431.055
3.205 0.53451 53.60582 0.26772 28.65311 0.33446 0.04713 0.33352 0.28489 1430.493
3.210 0.53443 53.54112 0.26735 28.61407 0.33465 0.04696 0.33389 0.28449 1429.932
3.215 0.53435 53.47653 0.26699 28.57512 0.33485 0.04680 0.33427 0.28409 1429.371
3.220 0.53427 53.41205 0.26662 28.53628 0.33505 0.04663 0.33464 0.28369 1428.811
3.225 0.53419 53.34767 0.26626 28.49754 0.33524 0.04646 0.33501 0.28329 1428.251
3.230 0.53410 53.28341 0.26590 28.45890 0.33544 0.04630 0.33538 0.28289 1427.692
3.235 0.53402 53.21925 0.26554 28.42036 0.33563 0.04613 0.33575 0.28248 1427.133
3.240 0.53394 53.15519 0.26518 28.38192 0.33582 0.04597 0.33612 0.28208 1426.575
3.245 0.53387 53.09125 0.26482 28.34358 0.33602 0.04580 0.33650 0.28168 1426.018
3.250 0.53379 53.02741 0.26447 28.30534 0.33621 0.04564 0.33687 0.28128 1425.461
3.255 0.53371 52.96369 0.26411 28.26720 0.33640 0.04548 0.33724 0.28088 1424.904
3.260 0.53363 52.90006 0.26376 28.22915 0.33660 0.04532 0.33761 0.28048 1424.349
3.265 0.53356 52.83655 0.26340 28.19121 0.33679 0.04515 0.33798 0.28008 1423.793
3.270 0.53348 52.77314 0.26305 28.15336 0.33698 0.04499 0.33835 0.27968 1423.239
3.275 0.53340 52.70984 0.26269 28.11561 0.33717 0.04483 0.33872 0.27928 1422.685
3.280 0.53333 52.64664 0.26234 28.07796 0.33736 0.04467 0.33909 0.27888 1422.131
3.285 0.53325 52.58356 0.26199 28.04040 0.33755 0.04451 0.33946 0.27848 1421.579
3.290 0.53318 52.52057 0.26164 28.00294 0.33774 0.04435 0.33983 0.27808 1421.026
3.295 0.53311 52.45770 0.26129 27.96558 0.33793 0.04419 0.34020 0.27768 1420.475
3.300 0.53303 52.39493 0.26094 27.92832 0.33812 0.04403 0.34057 0.27728 1419.923
3.305 0.53296 52.33226 0.26060 27.89115 0.33831 0.04388 0.34094 0.27688 1419.373
3.310 0.53289 52.26970 0.26025 27.85407 0.33850 0.04372 0.34131 0.27648 1418.823
3.315 0.53282 52.20725 0.25991 27.81709 0.33868 0.04356 0.34168 0.27608 1418.274
3.320 0.53275 52.14490 0.25956 27.78020 0.33887 0.04341 0.34205 0.27568 1417.725
3.325 0.53268 52.08266 0.25922 27.74341 0.33906 0.04325 0.34242 0.27528 1417.176
3.330 0.53261 52.02052 0.25887 27.70672 0.33924 0.04309 0.34279 0.27488 1416.629
3.335 0.53254 51.95849 0.25853 27.67011 0.33943 0.04294 0.34315 0.27448 1416.082
3.340 0.53247 51.89656 0.25819 27.63360 0.33961 0.04278 0.34352 0.27408 1415.535
3.345 0.53241 51.83474 0.25785 27.59719 0.33980 0.04263 0.34389 0.27368 1414.989
3.350 0.53234 51.77302 0.25751 27.56087 0.33998 0.04248 0.34426 0.27328 1414.444
3.355 0.53227 51.71140 0.25717 27.52463 0.34017 0.04232 0.34463 0.27288 1413.899
3.360 0.53221 51.64989 0.25684 27.48850 0.34035 0.04217 0.34499 0.27249 1413.355
3.365 0.53214 51.58849 0.25650 27.45245 0.34053 0.04202 0.34536 0.27209 1412.811
3.370 0.53208 51.52718 0.25616 27.41650 0.34072 0.04187 0.34573 0.27169 1412.268
3.375 0.53201 51.46598 0.25583 27.38063 0.34090 0.04172 0.34610 0.27129 1411.725
3.380 0.53195 51.40489 0.25549 27.34486 0.34108 0.04157 0.34646 0.27089 1411.183
3.385 0.53189 51.34390 0.25516 27.30918 0.34126 0.04142 0.34683 0.27049 1410.642
3.390 0.53183 51.28301 0.25483 27.27359 0.34144 0.04127 0.34720 0.27010 1410.101
3.395 0.53176 51.22222 0.25450 27.23809 0.34162 0.04112 0.34756 0.26970 1409.561
3.400 0.53170 51.16154 0.25416 27.20268 0.34180 0.04097 0.34793 0.26930 1409.021
3.405 0.53164 51.10096 0.25383 27.16736 0.34198 0.04082 0.34830 0.26891 1408.482
3.410 0.53158 51.04048 0.25351 27.13212 0.34216 0.04067 0.34866 0.26851 1407.944
3.415 0.53152 50.98011 0.25318 27.09698 0.34234 0.04052 0.34903 0.26811 1407.406
3.420 0.53146 50.91983 0.25285 27.06193 0.34251 0.04038 0.34939 0.26772 1406.868
3.425 0.53140 50.85966 0.25252 27.02696 0.34269 0.04023 0.34976 0.26732 1406.331
3.430 0.53134 50.79959 0.25220 26.99208 0.34287 0.04009 0.35012 0.26692 1405.795
3.435 0.53129 50.73963 0.25187 26.95729 0.34305 0.03994 0.35049 0.26653 1405.259
3.440 0.53123 50.67976 0.25155 26.92259 0.34322 0.03979 0.35085 0.26613 1404.724
3.445 0.53117 50.62000 0.25122 26.88798 0.34340 0.03965 0.35122 0.26573 1404.190
3.450 0.53112 50.56033 0.25090 26.85345 0.34357 0.03951 0.35158 0.26534 1403.656
3.455 0.53106 50.50077 0.25058 26.81901 0.34375 0.03936 0.35195 0.26494 1403.122
3.460 0.53101 50.44131 0.25026 26.78465 0.34392 0.03922 0.35231 0.26455 1402.589
3.465 0.53095 50.38195 0.24994 26.75039 0.34409 0.03908 0.35268 0.26415 1402.057
3.470 0.53090 50.32270 0.24962 26.71620 0.34427 0.03893 0.35304 0.26376 1401.525
3.475 0.53084 50.26354 0.24930 26.68211 0.34444 0.03879 0.35340 0.26336 1400.994
3.480 0.53079 50.20448 0.24898 26.64809 0.34461 0.03865 0.35377 0.26297 1400.463
3.485 0.53074 50.14552 0.24867 26.61417 0.34479 0.03851 0.35413 0.26257 1399.933
3.490 0.53069 50.08667 0.24835 26.58033 0.34496 0.03837 0.35449 0.26218 1399.404
3.495 0.53064 50.02791 0.24803 26.54657 0.34513 0.03823 0.35486 0.26179 1398.875
3.500 0.53058 49.96925 0.24772 26.51289 0.34530 0.03809 0.35522 0.26139 1398.346
3.505 0.53053 49.91070 0.24741 26.47931 0.34547 0.03795 0.35558 0.26100 1397.819
3.510 0.53048 49.85224 0.24709 26.44580 0.34564 0.03781 0.35594 0.26060 1397.291
3.515 0.53043 49.79388 0.24678 26.41238 0.34581 0.03767 0.35631 0.26021 1396.765
3.520 0.53039 49.73562 0.24647 26.37904 0.34598 0.03754 0.35667 0.25982 1396.239
3.525 0.53034 49.67746 0.24616 26.34578 0.34615 0.03740 0.35703 0.25943 1395.713
3.530 0.53029 49.61940 0.24585 26.31261 0.34631 0.03726 0.35739 0.25903 1395.188
3.535 0.53024 49.56144 0.24554 26.27952 0.34648 0.03713 0.35775 0.25864 1394.664
3.540 0.53019 49.50357 0.24523 26.24651 0.34665 0.03699 0.35811 0.25825 1394.140
3.545 0.53015 49.44581 0.24492 26.21358 0.34681 0.03686 0.35848 0.25786 1393.616
3.550 0.53010 49.38814 0.24462 26.18074 0.34698 0.03672 0.35884 0.25746 1393.094
3.555 0.53006 49.33057 0.24431 26.14797 0.34715 0.03659 0.35920 0.25707 1392.571
3.560 0.53001 49.27310 0.24400 26.11529 0.34731 0.03645 0.35956 0.25668 1392.050
3.565 0.52997 49.21572 0.24370 26.08268 0.34748 0.03632 0.35992 0.25629 1391.529
3.570 0.52992 49.15845 0.24340 26.05016 0.34764 0.03618 0.36028 0.25590 1391.008
3.575 0.52988 49.10127 0.24309 26.01772 0.34780 0.03605 0.36064 0.25551 1390.488
3.580 0.52984 49.04419 0.24279 25.98536 0.34797 0.03592 0.36100 0.25512 1389.969
3.585 0.52979 48.98720 0.24249 25.95307 0.34813 0.03579 0.36136 0.25473 1389.450
3.590 0.52975 48.93032 0.24219 25.92087 0.34829 0.03566 0.36172 0.25434 1388.932
3.595 0.52971 48.87353 0.24189 25.88875 0.34845 0.03552 0.36208 0.25395 1388.414
3.600 0.52967 48.81683 0.24159 25.85670 0.34862 0.03539 0.36243 0.25356 1387.897
3.605 0.52963 48.76024 0.24129 25.82474 0.34878 0.03526 0.36279 0.25317 1387.380
3.610 0.52959 48.70373 0.24099 25.79285 0.34894 0.03513 0.36315 0.25278 1386.864
3.615 0.52955 48.64733 0.24069 25.76104 0.34910 0.03500 0.36351 0.25239 1386.348
3.620 0.52951 48.59102 0.24040 25.72931 0.34926 0.03488 0.36387 0.25200 1385.833
3.625 0.52947 48.53481 0.24010 25.69765 0.34942 0.03475 0.36423 0.25161 1385.319
3.630 0.52943 48.47869 0.23981 25.66608 0.34958 0.03462 0.36459 0.25122 1384.805
3.635 0.52939 48.42267 0.23951 25.63458 0.34973 0.03449 0.36494 0.25083 1384.292
3.640 0.52935 48.36675 0.23922 25.60315 0.34989 0.03436 0.36530 0.25044 1383.779
3.645 0.52932 48.31092 0.23893 25.57181 0.35005 0.03424 0.36566 0.25006 1383.267
3.650 0.52928 48.25518 0.23863 25.54054 0.35021 0.03411 0.36601 0.24967 1382.755
3.655 0.52924 48.19954 0.23834 25.50934 0.35036 0.03398 0.36637 0.24928 1382.244
3.660 0.52921 48.14399 0.23805 25.47823 0.35052 0.03386 0.36673 0.24889 1381.733
3.665 0.52917 48.08854 0.23776 25.44718 0.35068 0.03373 0.36708 0.24851 1381.223
3.670 0.52914 48.03319 0.23747 25.41622 0.35083 0.03361 0.36744 0.24812 1380.714
3.675 0.52910 47.97792 0.23718 25.38533 0.35099 0.03348 0.36780 0.24773 1380.205
3.680 0.52907 47.92276 0.23690 25.35451 0.35114 0.03336 0.36815 0.24735 1379.697
3.685 0.52904 47.86768 0.23661 25.32377 0.35129 0.03324 0.36851 0.24696 1379.189
3.690 0.52900 47.81270 0.23632 25.29310 0.35145 0.03311 0.36886 0.24658 1378.682
3.695 0.52897 47.75782 0.23604 25.26251 0.35160 0.03299 0.36922 0.24619 1378.175
3.700 0.52894 47.70302 0.23575 25.23199 0.35175 0.03287 0.36957 0.24581 1377.669
3.705 0.52891 47.64832 0.23547 25.20155 0.35190 0.03275 0.36993 0.24542 1377.163
3.710 0.52888 47.59372 0.23518 25.17117 0.35206 0.03262 0.37028 0.24504 1376.658
3.715 0.52885 47.53920 0.23490 25.14088 0.35221 0.03250 0.37064 0.24465 1376.153
3.720 0.52881 47.48478 0.23462 25.11065 0.35236 0.03238 0.37099 0.24427 1375.649
3.725 0.52878 47.43046 0.23434 25.08050 0.35251 0.03226 0.37135 0.24388 1375.146
3.730 0.52876 47.37622 0.23406 25.05042 0.35266 0.03214 0.37170 0.24350 1374.643
3.735 0.52873 47.32208 0.23377 25.02041 0.35281 0.03202 0.37205 0.24311 1374.141
3.740 0.52870 47.26803 0.23350 24.99048 0.35296 0.03190 0.37241 0.24273 1373.639
3.745 0.52867 47.21407 0.23322 24.96061 0.35311 0.03178 0.37276 0.24235 1373.138
3.750 0.52864 47.16020 0.23294 24.93082 0.35325 0.03167 0.37311 0.24197 1372.637
3.755 0.52861 47.10643 0.23266 24.90110 0.35340 0.03155 0.37347 0.24158 1372.137
3.760 0.52859 47.05275 0.23238 24.87145 0.35355 0.03143 0.37382 0.24120 1371.637
3.765 0.52856 46.99916 0.23211 24.84188 0.35370 0.03131 0.37417 0.24082 1371.138
3.770 0.52853 46.94566 0.23183 24.81237 0.35384 0.03120 0.37452 0.24044 1370.639
3.775 0.52851 46.89225 0.23156 24.78293 0.35399 0.03108 0.37488 0.24006 1370.141
3.780 0.52848 46.83893 0.23128 24.75357 0.35413 0.03096 0.37523 0.23967 1369.644
3.785 0.52846 46.78570 0.23101 24.72427 0.35428 0.03085 0.37558 0.23929 1369.147
3.790 0.52843 46.73257 0.23073 24.69505 0.35442 0.03073 0.37593 0.23891 1368.651
3.795 0.52841 46.67952 0.23046 24.66589 0.35457 0.03062 0.37628 0.23853 1368.155
3.800 0.52839 46.62657 0.23019 24.63680 0.35471 0.03050 0.37663 0.23815 1367.659
3.805 0.52836 46.57370 0.22992 24.60778 0.35485 0.03039 0.37698 0.23777 1367.165
3.810 0.52834 46.52093 0.22965 24.57884 0.35500 0.03028 0.37734 0.23739 1366.670
3.815 0.52832 46.46824 0.22938 24.54996 0.35514 0.03016 0.37769 0.23701 1366.177
3.820 0.52829 46.41565 0.22911 24.52114 0.35528 0.03005 0.37804 0.23663 1365.683
3.825 0.52827 46.36314 0.22884 24.49240 0.35542 0.02994 0.37839 0.23626 1365.191
3.830 0.52825 46.31072 0.22857 24.46373 0.35556 0.02983 0.37874 0.23588 1364.699
3.835 0.52823 46.25840 0.22831 24.43512 0.35570 0.02971 0.37909 0.23550 1364.207
3.840 0.52821 46.20616 0.22804 24.40658 0.35584 0.02960 0.37943 0.23512 1363.716
3.845 0.52819 46.15401 0.22777 24.37811 0.35598 0.02949 0.37978 0.23474 1363.225
3.850 0.52817 46.10195 0.22751 24.34970 0.35612 0.02938 0.38013 0.23437 1362.735
3.855 0.52815 46.04998 0.22724 24.32137 0.35626 0.02927 0.38048 0.23399 1362.246
3.860 0.52813 45.99810 0.22698 24.29310 0.35640 0.02916 0.38083 0.23361 1361.757
3.865 0.52811 45.94630 0.22672 24.26489 0.35654 0.02905 0.38118 0.23323 1361.269
3.870 0.52810 45.89460 0.22645 24.23676 0.35667 0.02894 0.38153 0.23286 1360.781
3.875 0.52808 45.84298 0.22619 24.20868 0.35681 0.02883 0.38187 0.23248 1360.294
3.880 0.52806 45.79145 0.22593 24.18068 0.35695 0.02872 0.38222 0.23211 1359.807
3.885 0.52804 45.74001 0.22567 24.15274 0.35708 0.02862 0.38257 0.23173 1359.320
3.890 0.52803 45.68865 0.22541 24.12487 0.35722 0.02851 0.38292 0.23136 1358.835
3.895 0.52801 45.63739 0.22515 24.09706 0.35735 0.02840 0.38326 0.23098 1358.349
3.900 0.52800 45.58621 0.22489 24.06932 0.35749 0.02829 0.38361 0.23061 1357.865
3.905 0.52798 45.53512 0.22463 24.04164 0.35762 0.02819 0.38396 0.23023 1357.381
3.910 0.52797 45.48411 0.22437 24.01402 0.35776 0.02808 0.38430 0.22986 1356.897
3.915 0.52795 45.43319 0.22411 23.98648 0.35789 0.02798 0.38465 0.22948 1356.414
3.920 0.52794 45.38236 0.22386 23.95899 0.35802 0.02787 0.38500 0.22911 1355.931
3.925 0.52792 45.33161 0.22360 23.93157 0.35816 0.02777 0.38534 0.22874 1355.449
3.930 0.52791 45.28095 0.22335 23.90421 0.35829 0.02766 0.38569 0.22837 1354.968
3.935 0.52790 45.23038 0.22309 23.87692 0.35842 0.02756 0.38603 0.22799 1354.487
3.940 0.52788 45.17989 0.22284 23.84969 0.35855 0.02745 0.38638 0.22762 1354.006
3.945 0.52787 45.12949 0.22258 23.82253 0.35868 0.02735 0.38672 0.22725 1353.526
3.950 0.52786 45.07918 0.22233 23.79543 0.35881 0.02724 0.38707 0.22688 1353.047
3.955 0.52785 45.02895 0.22208 23.76839 0.35894 0.02714 0.38741 0.22651 1352.568
3.960 0.52784 44.97880 0.22182 23.74141 0.35907 0.02704 0.38776 0.22613 1352.090
3.965 0.52782 44.92875 0.22157 23.71450 0.35920 0.02694 0.38810 0.22576 1351.612
3.970 0.52781 44.87877 0.22132 23.68765 0.35933 0.02683 0.38844 0.22539 1351.134
3.975 0.52780 44.82888 0.22107 23.66086 0.35946 0.02673 0.38879 0.22502 1350.658
3.980 0.52779 44.77908 0.22082 23.63413 0.35958 0.02663 0.38913 0.22465 1350.181
3.985 0.52778 44.72936 0.22057 23.60746 0.35971 0.02653 0.38947 0.22428 1349.705
3.990 0.52778 44.67973 0.22032 23.58086 0.35984 0.02643 0.38982 0.22391 1349.230
3.995 0.52777 44.63018 0.22008 23.55432 0.35997 0.02633 0.39016 0.22355 1348.755
4.000 0.52776 44.58071 0.21983 23.52784 0.36009 0.02623 0.39050 0.22318 1348.281
4.005 0.52775 44.53133 0.21958 23.50142 0.36022 0.02613 0.39084 0.22281 1347.808
4.010 0.52774 44.48203 0.21934 23.47506 0.36034 0.02603 0.39119 0.22244 1347.334
4.015 0.52774 44.43281 0.21909 23.44876 0.36047 0.02593 0.39153 0.22207 1346.862
4.020 0.52773 44.38368 0.21885 23.42252 0.36059 0.02583 0.39187 0.22171 1346.389
4.025 0.52772 44.33464 0.21860 23.39634 0.36071 0.02574 0.39221 0.22134 1345.918
4.030 0.52772 44.28567 0.21836 23.37023 0.36084 0.02564 0.39255 0.22097 1345.447
4.035 0.52771 44.23679 0.21811 23.34417 0.36096 0.02554 0.39289 0.22061 1344.976
4.040 0.52770 44.18799 0.21787 23.31817 0.36108 0.02544 0.39323 0.22024 1344.506
4.045 0.52770 44.13928 0.21763 23.29223 0.36121 0.02535 0.39357 0.21987 1344.036
4.050 0.52769 44.09065 0.21739 23.26635 0.36133 0.02525 0.39391 0.21951 1343.567
4.055 0.52769 44.04210 0.21714 23.24053 0.36145 0.02515 0.39425 0.21914 1343.099
4.060 0.52768 43.99363 0.21690 23.21477 0.36157 0.02506 0.39459 0.21878 1342.631
4.065 0.52768 43.94525 0.21666 23.18907 0.36169 0.02496 0.39493 0.21841 1342.163
4.070 0.52768 43.89694 0.21642 23.16343 0.36181 0.02487 0.39527 0.21805 1341.696
4.075 0.52767 43.84872 0.21619 23.13784 0.36193 0.02477 0.39561 0.21769 1341.230
4.080 0.52767 43.80058 0.21595 23.11232 0.36205 0.02468 0.39595 0.21732 1340.764
4.085 0.52767 43.75253 0.21571 23.08685 0.36217 0.02458 0.39629 0.21696 1340.298
4.090 0.52767 43.70455 0.21547 23.06144 0.36228 0.02449 0.39663 0.21660 1339.833
4.095 0.52766 43.65666 0.21523 23.03608 0.36240 0.02440 0.39697 0.21623 1339.369
4.100 0.52766 43.60884 0.21500 23.01079 0.36252 0.02430 0.39730 0.21587 1338.905
4.105 0.52766 43.56111 0.21476 22.98555 0.36264 0.02421 0.39764 0.21551 1338.441
4.110 0.52766 43.51346 0.21453 22.96037 0.36275 0.02412 0.39798 0.21515 1337.978
4.115 0.52766 43.46589 0.21429 22.93525 0.36287 0.02403 0.39832 0.21479 1337.516
4.120 0.52766 43.41840 0.21406 22.91018 0.36298 0.02393 0.39865 0.21443 1337.054
4.125 0.52766 43.37099 0.21382 22.88517 0.36310 0.02384 0.39899 0.21407 1336.592
4.130 0.52766 43.32366 0.21359 22.86022 0.36321 0.02375 0.39933 0.21371 1336.131
4.135 0.52766 43.27641 0.21336 22.83532 0.36333 0.02366 0.39966 0.21335 1335.671
4.140 0.52766 43.22924 0.21313 22.81048 0.36344 0.02357 0.40000 0.21299 1335.211
4.145 0.52766 43.18216 0.21290 22.78569 0.36356 0.02348 0.40034 0.21263 1334.751
4.150 0.52767 43.13515 0.21266 22.76096 0.36367 0.02339 0.40067 0.21227 1334.292
4.155 0.52767 43.08822 0.21243 22.73629 0.36378 0.02330 0.40101 0.21191 1333.834
4.160 0.52767 43.04137 0.21220 22.71167 0.36389 0.02321 0.40134 0.21155 1333.376
4.165 0.52767 42.99460 0.21197 22.68711 0.36401 0.02312 0.40168 0.21119 1332.919
4.170 0.52768 42.94790 0.21174 22.66260 0.36412 0.02303 0.40201 0.21084 1332.462
4.175 0.52768 42.90129 0.21152 22.63815 0.36423 0.02294 0.40235 0.21048 1332.005
4.180 0.52768 42.85476 0.21129 22.61375 0.36434 0.02286 0.40268 0.21012 1331.549
4.185 0.52769 42.80830 0.21106 22.58941 0.36445 0.02277 0.40302 0.20977 1331.094
4.190 0.52769 42.76193 0.21083 22.56512 0.36456 0.02268 0.40335 0.20941 1330.639
4.195 0.52770 42.71563 0.21061 22.54088 0.36467 0.02259 0.40368 0.20905 1330.184
4.200 0.52770 42.66941 0.21038 22.51670 0.36478 0.02251 0.40402 0.20870 1329.731
4.205 0.52771 42.62327 0.21016 22.49258 0.36488 0.02242 0.40435 0.20834 1329.277
4.210 0.52771 42.57720 0.20993 22.46850 0.36499 0.02233 0.40468 0.20799 1328.824
4.215 0.52772 42.53122 0.20971 22.44449 0.36510 0.02225 0.40502 0.20763 1328.372
4.220 0.52772 42.48531 0.20948 22.42052 0.36521 0.02216 0.40535 0.20728 1327.920
4.225 0.52773 42.43948 0.20926 22.39661 0.36531 0.02208 0.40568 0.20693 1327.468
4.230 0.52774 42.39373 0.20904 22.37275 0.36542 0.02199 0.40601 0.20657 1327.017
4.235 0.52774 42.34805 0.20881 22.34894 0.36553 0.02191 0.40635 0.20622 1326.567
4.240 0.52775 42.30245 0.20859 22.32519 0.36563 0.02182 0.40668 0.20587 1326.117
4.245 0.52776 42.25693 0.20837 22.30149 0.36574 0.02174 0.40701 0.20552 1325.667
4.250 0.52777 42.21148 0.20815 22.27784 0.36584 0.02166 0.40734 0.20516 1325.218
4.255 0.52778 42.16612 0.20793 22.25425 0.36595 0.02157 0.40767 0.20481 1324.770
4.260 0.52778 42.12082 0.20771 22.23070 0.36605 0.02149 0.40800 0.20446 1324.322
4.265 0.52779 42.07561 0.20749 22.20721 0.36615 0.02141 0.40833 0.20411 1323.874
4.270 0.52780 42.03047 0.20727 22.18377 0.36626 0.02132 0.40866 0.20376 1323.427
4.275 0.52781 41.98541 0.20705 22.16038 0.36636 0.02124 0.40899 0.20341 1322.980
4.280 0.52782 41.94042 0.20683 22.13705 0.36646 0.02116 0.40932 0.20306 1322.534
4.285 0.52783 41.89551 0.20662 22.11376 0.36656 0.02108 0.40965 0.20271 1322.089
4.290 0.52784 41.85067 0.20640 22.09053 0.36666 0.02100 0.40998 0.20236 1321.644
4.295 0.52785 41.80591 0.20618 22.06735 0.36676 0.02091 0.41031 0.20201 1321.199
4.300 0.52786 41.76123 0.20597 22.04422 0.36686 0.02083 0.41064 0.20166 1320.755
4.305 0.52787 41.71662 0.20575 22.02113 0.36696 0.02075 0.41097 0.20132 1320.311
4.310 0.52789 41.67208 0.20554 21.99810 0.36706 0.02067 0.41130 0.20097 1319.868
4.315 0.52790 41.62762 0.20532 21.97512 0.36716 0.02059 0.41162 0.20062 1319.425
4.320 0.52791 41.58324 0.20511 21.95220 0.36726 0.02051 0.41195 0.20027 1318.983
4.325 0.52792 41.53893 0.20489 21.92932 0.36736 0.02043 0.41228 0.19993 1318.541
4.330 0.52793 41.49469 0.20468 21.90649 0.36746 0.02035 0.41261 0.19958 1318.100
4.335 0.52795 41.45053 0.20447 21.88371 0.36756 0.02027 0.41293 0.19923 1317.659
4.340 0.52796 41.40645 0.20426 21.86098 0.36765 0.02020 0.41326 0.19889 1317.219
4.345 0.52797 41.36244 0.20404 21.83830 0.36775 0.02012 0.41359 0.19854 1316.779
4.350 0.52799 41.31850 0.20383 21.81567 0.36785 0.02004 0.41392 0.19820 1316.340
4.355 0.52800 41.27463 0.20362 21.79309 0.36794 0.01996 0.41424 0.19785 1315.901
4.360 0.52802 41.23084 0.20341 21.77055 0.36804 0.01988 0.41457 0.19751 1315.463
4.365 0.52803 41.18712 0.20320 21.74807 0.36813 0.01981 0.41489 0.19717 1315.025
4.370 0.52805 41.14348 0.20299 21.72564 0.36823 0.01973 0.41522 0.19682 1314.588
4.375 0.52806 41.09991 0.20278 21.70325 0.36832 0.01965 0.41554 0.19648 1314.151
4.380 0.52808 41.05641 0.20257 21.68091 0.36841 0.01958 0.41587 0.19614 1313.714
4.385 0.52809 41.01299 0.20236 21.65862 0.36851 0.01950 0.41619 0.19580 1313.278
4.390 0.52811 40.96964 0.20216 21.63638 0.36860 0.01943 0.41652 0.19545 1312.843
4.395 0.52812 40.92636 0.20195 21.61419 0.36869 0.01935 0.41684 0.19511 1312.408
4.400 0.52814 40.88315 0.20174 21.59205 0.36879 0.01927 0.41717 0.19477 1311.973
4.405 0.52816 40.84002 0.20154 21.56995 0.36888 0.01920 0.41749 0.19443 1311.539
4.410 0.52817 40.79696 0.20133 21.54790 0.36897 0.01912 0.41782 0.19409 1311.105
4.415 0.52819 40.75397 0.20112 21.52590 0.36906 0.01905 0.41814 0.19375 1310.672
4.420 0.52821 40.71105 0.20092 21.50395 0.36915 0.01898 0.41846 0.19341 1310.240
4.425 0.52823 40.66820 0.20071 21.48204 0.36924 0.01890 0.41879 0.19307 1309.808
4.430 0.52824 40.62543 0.20051 21.46018 0.36933 0.01883 0.41911 0.19273 1309.376
4.435 0.52826 40.58273 0.20031 21.43837 0.36942 0.01875 0.41943 0.19239 1308.945
4.440 0.52828 40.54010 0.20010 21.41660 0.36951 0.01868 0.41975 0.19206 1308.514
4.445 0.52830 40.49754 0.19990 21.39488 0.36960 0.01861 0.42008 0.19172 1308.083
4.450 0.52832 40.45505 0.19970 21.37321 0.36969 0.01854 0.42040 0.19138 1307.654
4.455 0.52834 40.41263 0.19950 21.35158 0.36977 0.01846 0.42072 0.19104 1307.224
4.460 0.52836 40.37029 0.19929 21.33000 0.36986 0.01839 0.42104 0.19071 1306.795
4.465 0.52838 40.32801 0.19909 21.30847 0.36995 0.01832 0.42136 0.19037 1306.367
4.470 0.52840 40.28581 0.19889 21.28698 0.37003 0.01825 0.42168 0.19003 1305.939
4.475 0.52842 40.24368 0.19869 21.26554 0.37012 0.01818 0.42200 0.18970 1305.512
4.480 0.52844 40.20161 0.19849 21.24414 0.37021 0.01811 0.42232 0.18936 1305.084
4.485 0.52846 40.15962 0.19829 21.22279 0.37029 0.01803 0.42264 0.18903 1304.658
4.490 0.52848 40.11770 0.19809 21.20149 0.37038 0.01796 0.42296 0.18869 1304.232
4.495 0.52850 40.07584 0.19789 21.18023 0.37046 0.01789 0.42328 0.18836 1303.806
4.500 0.52853 40.03406 0.19770 21.15901 0.37055 0.01782 0.42360 0.18803 1303.381
4.505 0.52855 39.99235 0.19750 21.13784 0.37063 0.01775 0.42392 0.18769 1302.956
4.510 0.52857 39.95070 0.19730 21.11672 0.37071 0.01768 0.42424 0.18736 1302.532
4.515 0.52859 39.90913 0.19710 21.09564 0.37080 0.01762 0.42456 0.18703 1302.108
4.520 0.52861 39.86762 0.19691 21.07460 0.37088 0.01755 0.42488 0.18670 1301.685
4.525 0.52864 39.82619 0.19671 21.05361 0.37096 0.01748 0.42520 0.18636 1301.262
4.530 0.52866 39.78482 0.19652 21.03266 0.37104 0.01741 0.42552 0.18603 1300.840
4.535 0.52868 39.74352 0.19632 21.01176 0.37112 0.01734 0.42583 0.18570 1300.418
4.540 0.52871 39.70230 0.19613 20.99090 0.37120 0.01727 0.42615 0.18537 1299.996
4.545 0.52873 39.66114 0.19593 20.97009 0.37128 0.01720 0.42647 0.18504 1299.575
4.550 0.52876 39.62004 0.19574 20.94932 0.37136 0.01714 0.42679 0.18471 1299.155
4.555 0.52878 39.57902 0.19554 20.92859 0.37144 0.01707 0.42710 0.18438 1298.735
4.560 0.52880 39.53807 0.19535 20.90791 0.37152 0.01700 0.42742 0.18405 1298.315
4.565 0.52883 39.49718 0.19516 20.88727 0.37160 0.01694 0.42774 0.18372 1297.896
4.570 0.52885 39.45636 0.19496 20.86667 0.37168 0.01687 0.42805 0.18340 1297.477
4.575 0.52888 39.41561 0.19477 20.84612 0.37176 0.01680 0.42837 0.18307 1297.059
4.580 0.52891 39.37493 0.19458 20.82561 0.37184 0.01674 0.42868 0.18274 1296.641
4.585 0.52893 39.33431 0.19439 20.80514 0.37192 0.01667 0.42900 0.18241 1296.223
4.590 0.52896 39.29376 0.19420 20.78472 0.37199 0.01661 0.42932 0.18209 1295.806
4.595 0.52898 39.25328 0.19401 20.76434 0.37207 0.01654 0.42963 0.18176 1295.390
4.600 0.52901 39.21287 0.19382 20.74400 0.37215 0.01648 0.42995 0.18143 1294.974
4.605 0.52904 39.17252 0.19363 20.72370 0.37222 0.01641 0.43026 0.18111 1294.558
