timeGa Urey Qt heat/H0 heatTW 1HPE 2HPE 3HPE 4HPE TempC
0.000 0.52000 36.00000 1.00000 18.72000 0.37200 0.01640 0.43000 0.18100 1351.850
0.005 0.52020 36.00000 1.00038 18.72709 0.37215 0.01647 0.42994 0.18143 1352.239
0.010 0.52012 36.04064 1.00136 18.74545 0.37207 0.01654 0.42963 0.18176 1352.629
0.015 0.52004 36.08135 1.00234 18.76385 0.37199 0.01661 0.42931 0.18209 1353.019
0.020 0.51997 36.12215 1.00333 18.78229 0.37192 0.01667 0.42900 0.18241 1353.409
0.025 0.51989 36.16303 1.00431 18.80077 0.37184 0.01674 0.42868 0.18274 1353.800
0.030 0.51981 36.20399 1.00530 18.81928 0.37176 0.01680 0.42837 0.18307 1354.192
0.035 0.51974 36.24504 1.00629 18.83784 0.37168 0.01687 0.42805 0.18340 1354.584
0.040 0.51966 36.28617 1.00729 18.85643 0.37161 0.01694 0.42773 0.18372 1354.977
0.045 0.51958 36.32738 1.00828 18.87506 0.37153 0.01700 0.42742 0.18405 1355.370
0.050 0.51951 36.36867 1.00928 18.89374 0.37145 0.01707 0.42710 0.18438 1355.764
0.055 0.51943 36.41004 1.01028 18.91245 0.37137 0.01714 0.42678 0.18471 1356.158
0.060 0.51935 36.45150 1.01128 18.93120 0.37129 0.01720 0.42647 0.18504 1356.552
0.065 0.51928 36.49304 1.01229 18.94999 0.37121 0.01727 0.42615 0.18537 1356.948
0.070 0.51920 36.53467 1.01329 18.96882 0.37113 0.01734 0.42583 0.18570 1357.343
0.075 0.51912 36.57638 1.01430 18.98769 0.37104 0.01741 0.42551 0.18603 1357.739
0.080 0.51905 36.61817 1.01531 19.00660 0.37096 0.01748 0.42520 0.18636 1358.136
0.085 0.51897 36.66005 1.01632 19.02555 0.37088 0.01755 0.42488 0.18670 1358.533
0.090 0.51890 36.70201 1.01734 19.04454 0.37080 0.01761 0.42456 0.18703 1358.931
0.095 0.51882 36.74406 1.01835 19.06357 0.37071 0.01768 0.42424 0.18736 1359.329
0.100 0.51874 36.78619 1.01937 19.08264 0.37063 0.01775 0.42392 0.18769 1359.728
0.105 0.51867 36.82841 1.02039 19.10175 0.37055 0.01782 0.42360 0.18803 1360.127
0.110 0.51859 36.87071 1.02142 19.12090 0.37046 0.01789 0.42328 0.18836 1360.527
0.115 0.51852 36.91310 1.02244 19.14010 0.37038 0.01796 0.42296 0.18869 1360.928
0.120 0.51844 36.95558 1.02347 19.15933 0.37029 0.01803 0.42264 0.18903 1361.328
0.125 0.51837 36.99814 1.02450 19.17861 0.37021 0.01811 0.42232 0.18936 1361.730
0.130 0.51829 37.04079 1.02553 19.19792 0.37012 0.01818 0.42200 0.18970 1362.132
0.135 0.51822 37.08352 1.02656 19.21728 0.37004 0.01825 0.42168 0.19003 1362.534
0.140 0.51814 37.12634 1.02760 19.23668 0.36995 0.01832 0.42136 0.19037 1362.937
0.145 0.51807 37.16925 1.02864 19.25612 0.36986 0.01839 0.42104 0.19071 1363.341
0.150 0.51799 37.21224 1.02968 19.27560 0.36978 0.01846 0.42072 0.19104 1363.745
0.155 0.51792 37.25533 1.03072 19.29512 0.36969 0.01854 0.42040 0.19138 1364.149
0.160 0.51784 37.29850 1.03177 19.31469 0.36960 0.01861 0.42007 0.19172 1364.554
0.165 0.51777 37.34176 1.03281 19.33430 0.36951 0.01868 0.41975 0.19206 1364.960
0.170 0.51769 37.38511 1.03386 19.35395 0.36942 0.01875 0.41943 0.19239 1365.366
0.175 0.51762 37.42854 1.03492 19.37364 0.36933 0.01883 0.41911 0.19273 1365.773
0.180 0.51754 37.47207 1.03597 19.39337 0.36924 0.01890 0.41878 0.19307 1366.180
0.185 0.51747 37.51568 1.03703 19.41315 0.36915 0.01898 0.41846 0.19341 1366.588
0.190 0.51739 37.55939 1.03809 19.43297 0.36906 0.01905 0.41814 0.19375 1366.996
0.195 0.51732 37.60318 1.03915 19.45283 0.36897 0.01912 0.41781 0.19409 1367.405
0.200 0.51724 37.64706 1.04021 19.47274 0.36888 0.01920 0.41749 0.19443 1367.814
0.205 0.51717 37.69103 1.04128 19.49268 0.36879 0.01927 0.41717 0.19477 1368.224
0.210 0.51710 37.73510 1.04234 19.51268 0.36870 0.01935 0.41684 0.19511 1368.635
0.215 0.51702 37.77925 1.04341 19.53271 0.36860 0.01942 0.41652 0.19545 1369.046
0.220 0.51695 37.82350 1.04449 19.55279 0.36851 0.01950 0.41619 0.19580 1369.457
0.225 0.51687 37.86783 1.04556 19.57291 0.36842 0.01958 0.41587 0.19614 1369.870
0.230 0.51680 37.91226 1.04664 19.59307 0.36832 0.01965 0.41554 0.19648 1370.282
0.235 0.51673 37.95678 1.04772 19.61328 0.36823 0.01973 0.41522 0.19682 1370.695
0.240 0.51665 38.00139 1.04880 19.63354 0.36813 0.01981 0.41489 0.19717 1371.109
0.245 0.51658 38.04609 1.04988 19.65383 0.36804 0.01988 0.41457 0.19751 1371.523
0.250 0.51651 38.09088 1.05097 19.67418 0.36794 0.01996 0.41424 0.19785 1371.938
0.255 0.51643 38.13577 1.05206 19.69456 0.36785 0.02004 0.41391 0.19820 1372.354
0.260 0.51636 38.18075 1.05315 19.71499 0.36775 0.02012 0.41359 0.19854 1372.770
0.265 0.51629 38.22582 1.05424 19.73547 0.36765 0.02020 0.41326 0.19889 1373.186
0.270 0.51621 38.27099 1.05534 19.75599 0.36756 0.02027 0.41293 0.19923 1373.603
0.275 0.51614 38.31625 1.05644 19.77655 0.36746 0.02035 0.41261 0.19958 1374.021
0.280 0.51607 38.36160 1.05754 19.79716 0.36736 0.02043 0.41228 0.19993 1374.439
0.285 0.51599 38.40705 1.05864 19.81781 0.36726 0.02051 0.41195 0.20027 1374.858
0.290 0.51592 38.45259 1.05975 19.83851 0.36716 0.02059 0.41162 0.20062 1375.277
0.295 0.51585 38.49823 1.06086 19.85926 0.36707 0.02067 0.41129 0.20097 1375.697
0.300 0.51578 38.54396 1.06197 19.88005 0.36697 0.02075 0.41097 0.20132 1376.117
0.305 0.51570 38.58979 1.06308 19.90089 0.36687 0.02083 0.41064 0.20166 1376.538
0.310 0.51563 38.63571 1.06420 19.92177 0.36677 0.02091 0.41031 0.20201 1376.960
0.315 0.51556 38.68173 1.06532 19.94270 0.36666 0.02100 0.40998 0.20236 1377.382
0.320 0.51549 38.72785 1.06644 19.96367 0.36656 0.02108 0.40965 0.20271 1377.805
0.325 0.51541 38.77406 1.06756 19.98469 0.36646 0.02116 0.40932 0.20306 1378.228
0.330 0.51534 38.82036 1.06868 20.00576 0.36636 0.02124 0.40899 0.20341 1378.652
0.335 0.51527 38.86677 1.06981 20.02687 0.36626 0.02132 0.40866 0.20376 1379.076
0.340 0.51520 38.91327 1.07094 20.04804 0.36615 0.02141 0.40833 0.20411 1379.501
0.345 0.51513 38.95986 1.07207 20.06924 0.36605 0.02149 0.40800 0.20446 1379.927
0.350 0.51505 39.00656 1.07321 20.09050 0.36595 0.02157 0.40767 0.20481 1380.353
0.355 0.51498 39.05335 1.07435 20.11180 0.36584 0.02166 0.40734 0.20516 1380.779
0.360 0.51491 39.10025 1.07549 20.13315 0.36574 0.02174 0.40701 0.20552 1381.207
0.365 0.51484 39.14723 1.07663 20.15454 0.36563 0.02182 0.40668 0.20587 1381.634
0.370 0.51477 39.19432 1.07778 20.17599 0.36553 0.02191 0.40634 0.20622 1382.063
0.375 0.51470 39.24151 1.07893 20.19748 0.36542 0.02199 0.40601 0.20657 1382.492
0.380 0.51463 39.28880 1.08008 20.21902 0.36532 0.02208 0.40568 0.20693 1382.921
0.385 0.51455 39.33618 1.08123 20.24060 0.36521 0.02216 0.40535 0.20728 1383.352
0.390 0.51448 39.38367 1.08238 20.26224 0.36510 0.02225 0.40501 0.20763 1383.782
0.395 0.51441 39.43126 1.08354 20.28392 0.36499 0.02233 0.40468 0.20799 1384.214
0.400 0.51434 39.47894 1.08470 20.30566 0.36489 0.02242 0.40435 0.20834 1384.645
0.405 0.51427 39.52673 1.08587 20.32744 0.36478 0.02251 0.40402 0.20870 1385.078
0.410 0.51420 39.57462 1.08703 20.34927 0.36467 0.02259 0.40368 0.20905 1385.511
0.415 0.51413 39.62261 1.08820 20.37114 0.36456 0.02268 0.40335 0.20941 1385.945
0.420 0.51406 39.67070 1.08937 20.39307 0.36445 0.02277 0.40301 0.20977 1386.379
0.425 0.51399 39.71889 1.09055 20.41505 0.36434 0.02286 0.40268 0.21012 1386.814
0.430 0.51392 39.76718 1.09172 20.43707 0.36423 0.02294 0.40235 0.21048 1387.249
0.435 0.51385 39.81558 1.09290 20.45915 0.36412 0.02303 0.40201 0.21084 1387.685
0.440 0.51378 39.86408 1.09409 20.48127 0.36401 0.02312 0.40168 0.21119 1388.122
0.445 0.51371 39.91268 1.09527 20.50345 0.36390 0.02321 0.40134 0.21155 1388.559
0.450 0.51364 39.96139 1.09646 20.52567 0.36378 0.02330 0.40101 0.21191 1388.997
0.455 0.51357 40.01020 1.09765 20.54795 0.36367 0.02339 0.40067 0.21227 1389.435
0.460 0.51350 40.05911 1.09884 20.57027 0.36356 0.02348 0.40033 0.21263 1389.874
0.465 0.51343 40.10813 1.10003 20.59265 0.36344 0.02357 0.40000 0.21299 1390.314
0.470 0.51336 40.15725 1.10123 20.61507 0.36333 0.02366 0.39966 0.21335 1390.754
0.475 0.51329 40.20648 1.10243 20.63755 0.36322 0.02375 0.39933 0.21371 1391.195
0.480 0.51322 40.25581 1.10364 20.66008 0.36310 0.02384 0.39899 0.21407 1391.636
0.485 0.51315 40.30524 1.10484 20.68265 0.36299 0.02393 0.39865 0.21443 1392.078
0.490 0.51308 40.35478 1.10605 20.70528 0.36287 0.02403 0.39832 0.21479 1392.521
0.495 0.51301 40.40443 1.10726 20.72796 0.36275 0.02412 0.39798 0.21515 1392.964
0.500 0.51294 40.45419 1.10848 20.75070 0.36264 0.02421 0.39764 0.21551 1393.408
0.505 0.51287 40.50405 1.10969 20.77348 0.36252 0.02430 0.39730 0.21587 1393.852
0.510 0.51281 40.55401 1.11091 20.79632 0.36240 0.02440 0.39696 0.21623 1394.297
0.515 0.51274 40.60409 1.11214 20.81920 0.36229 0.02449 0.39663 0.21660 1394.743
0.520 0.51267 40.65427 1.11336 20.84214 0.36217 0.02458 0.39629 0.21696 1395.189
0.525 0.51260 40.70456 1.11459 20.86514 0.36205 0.02468 0.39595 0.21732 1395.636
0.530 0.51253 40.75496 1.11582 20.88818 0.36193 0.02477 0.39561 0.21769 1396.084
0.535 0.51246 40.80546 1.11706 20.91128 0.36181 0.02487 0.39527 0.21805 1396.532
0.540 0.51239 40.85608 1.11829 20.93443 0.36169 0.02496 0.39493 0.21841 1396.981
0.545 0.51233 40.90680 1.11953 20.95763 0.36157 0.02506 0.39459 0.21878 1397.430
0.550 0.51226 40.95763 1.12077 20.98089 0.36145 0.02515 0.39425 0.21914 1397.880
0.555 0.51219 41.00858 1.12202 21.00420 0.36133 0.02525 0.39391 0.21951 1398.331
0.560 0.51212 41.05963 1.12327 21.02756 0.36121 0.02535 0.39357 0.21987 1398.782
0.565 0.51205 41.11079 1.12452 21.05098 0.36109 0.02544 0.39323 0.22024 1399.234
0.570 0.51199 41.16206 1.12577 21.07445 0.36096 0.02554 0.39289 0.22061 1399.686
0.575 0.51192 41.21345 1.12703 21.09797 0.36084 0.02564 0.39255 0.22097 1400.139
0.580 0.51185 41.26494 1.12829 21.12155 0.36072 0.02574 0.39221 0.22134 1400.593
0.585 0.51178 41.31655 1.12955 21.14518 0.36059 0.02583 0.39187 0.22171 1401.047
0.590 0.51172 41.36827 1.13082 21.16887 0.36047 0.02593 0.39153 0.22207 1401.502
0.595 0.51165 41.42010 1.13208 21.19261 0.36034 0.02603 0.39118 0.22244 1401.958
0.600 0.51158 41.47204 1.13335 21.21641 0.36022 0.02613 0.39084 0.22281 1402.414
0.605 0.51152 41.52409 1.13463 21.24026 0.36009 0.02623 0.39050 0.22318 1402.871
0.610 0.51145 41.57626 1.13591 21.26416 0.35997 0.02633 0.39016 0.22355 1403.329
0.615 0.51138 41.62854 1.13719 21.28812 0.35984 0.02643 0.38981 0.22391 1403.787
0.620 0.51132 41.68094 1.13847 21.31214 0.35971 0.02653 0.38947 0.22428 1404.246
0.625 0.51125 41.73345 1.13976 21.33621 0.35959 0.02663 0.38913 0.22465 1404.705
0.630 0.51118 41.78607 1.14104 21.36034 0.35946 0.02673 0.38879 0.22502 1405.165
0.635 0.51112 41.83881 1.14234 21.38453 0.35933 0.02683 0.38844 0.22539 1405.626
0.640 0.51105 41.89167 1.14363 21.40877 0.35920 0.02694 0.38810 0.22576 1406.088
0.645 0.51098 41.94463 1.14493 21.43306 0.35907 0.02704 0.38775 0.22613 1406.550
0.650 0.51092 41.99772 1.14623 21.45742 0.35894 0.02714 0.38741 0.22651 1407.012
0.655 0.51085 42.05092 1.14753 21.48183 0.35881 0.02724 0.38707 0.22688 1407.476
0.660 0.51079 42.10424 1.14884 21.50630 0.35868 0.02735 0.38672 0.22725 1407.940
0.665 0.51072 42.15767 1.15015 21.53082 0.35855 0.02745 0.38638 0.22762 1408.404
0.670 0.51066 42.21122 1.15146 21.55540 0.35842 0.02756 0.38603 0.22799 1408.869
0.675 0.51059 42.26489 1.15278 21.58004 0.35829 0.02766 0.38569 0.22837 1409.335
0.680 0.51052 42.31868 1.15410 21.60474 0.35816 0.02776 0.38534 0.22874 1409.802
0.685 0.51046 42.37258 1.15542 21.62949 0.35803 0.02787 0.38499 0.22911 1410.269
0.690 0.51039 42.42661 1.15675 21.65430 0.35789 0.02798 0.38465 0.22948 1410.737
0.695 0.51033 42.48075 1.15808 21.67917 0.35776 0.02808 0.38430 0.22986 1411.206
0.700 0.51026 42.53501 1.15941 21.70410 0.35763 0.02819 0.38396 0.23023 1411.675
0.705 0.51020 42.58939 1.16074 21.72909 0.35749 0.02829 0.38361 0.23061 1412.145
0.710 0.51013 42.64389 1.16208 21.75413 0.35736 0.02840 0.38326 0.23098 1412.615
0.715 0.51007 42.69851 1.16342 21.77924 0.35722 0.02851 0.38292 0.23136 1413.087
0.720 0.51001 42.75325 1.16477 21.80440 0.35709 0.02862 0.38257 0.23173 1413.559
0.725 0.50994 42.80811 1.16611 21.82962 0.35695 0.02872 0.38222 0.23211 1414.031
0.730 0.50988 42.86310 1.16746 21.85491 0.35681 0.02883 0.38187 0.23248 1414.504
0.735 0.50981 42.91820 1.16882 21.88025 0.35668 0.02894 0.38152 0.23286 1414.978
0.740 0.50975 42.97343 1.17017 21.90565 0.35654 0.02905 0.38118 0.23323 1415.453
0.745 0.50968 43.02878 1.17153 21.93111 0.35640 0.02916 0.38083 0.23361 1415.928
0.750 0.50962 43.08425 1.17290 21.95663 0.35626 0.02927 0.38048 0.23399 1416.404
0.755 0.50956 43.13984 1.17426 21.98221 0.35612 0.02938 0.38013 0.23437 1416.881
0.760 0.50949 43.19556 1.17563 22.00786 0.35598 0.02949 0.37978 0.23474 1417.358
0.765 0.50943 43.25140 1.17701 22.03356 0.35584 0.02960 0.37943 0.23512 1417.836
0.770 0.50937 43.30737 1.17838 22.05933 0.35570 0.02971 0.37908 0.23550 1418.314
0.775 0.50930 43.36346 1.17976 22.08515 0.35556 0.02982 0.37873 0.23588 1418.794
0.780 0.50924 43.41968 1.18115 22.11104 0.35542 0.02994 0.37838 0.23626 1419.274
0.785 0.50918 43.47602 1.18253 22.13699 0.35528 0.03005 0.37803 0.23663 1419.754
0.790 0.50911 43.53248 1.18392 22.16300 0.35514 0.03016 0.37768 0.23701 1420.236
0.795 0.50905 43.58908 1.18531 22.18907 0.35500 0.03028 0.37733 0.23739 1420.718
0.800 0.50899 43.64579 1.18671 22.21520 0.35486 0.03039 0.37698 0.23777 1421.200
0.805 0.50893 43.70264 1.18811 22.24140 0.35471 0.03050 0.37663 0.23815 1421.684
0.810 0.50886 43.75961 1.18951 22.26766 0.35457 0.03062 0.37628 0.23853 1422.168
0.815 0.50880 43.81671 1.19092 22.29398 0.35442 0.03073 0.37593 0.23891 1422.653
0.820 0.50874 43.87394 1.19233 22.32036 0.35428 0.03085 0.37558 0.23929 1423.138
0.825 0.50868 43.93130 1.19374 22.34681 0.35413 0.03096 0.37523 0.23967 1423.625
0.830 0.50861 43.98878 1.19516 22.37332 0.35399 0.03108 0.37488 0.24006 1424.111
0.835 0.50855 44.04640 1.19658 22.39989 0.35384 0.03120 0.37452 0.24044 1424.599
0.840 0.50849 44.10414 1.19800 22.42653 0.35370 0.03131 0.37417 0.24082 1425.087
0.845 0.50843 44.16201 1.19942 22.45323 0.35355 0.03143 0.37382 0.24120 1425.576
0.850 0.50837 44.22001 1.20085 22.48000 0.35340 0.03155 0.37347 0.24158 1426.066
0.855 0.50831 44.27815 1.20229 22.50683 0.35326 0.03167 0.37311 0.24197 1426.557
0.860 0.50824 44.33641 1.20372 22.53373 0.35311 0.03178 0.37276 0.24235 1427.048
0.865 0.50818 44.39481 1.20516 22.56069 0.35296 0.03190 0.37241 0.24273 1427.539
0.870 0.50812 44.45334 1.20661 22.58771 0.35281 0.03202 0.37205 0.24311 1428.032
0.875 0.50806 44.51200 1.20806 22.61480 0.35266 0.03214 0.37170 0.24350 1428.525
0.880 0.50800 44.57079 1.20951 22.64195 0.35251 0.03226 0.37135 0.24388 1429.019
0.885 0.50794 44.62971 1.21096 22.66917 0.35236 0.03238 0.37099 0.24427 1429.514
0.890 0.50788 44.68877 1.21242 22.69646 0.35221 0.03250 0.37064 0.24465 1430.009
0.895 0.50782 44.74796 1.21388 22.72381 0.35206 0.03262 0.37028 0.24504 1430.505
0.900 0.50776 44.80729 1.21534 22.75123 0.35191 0.03275 0.36993 0.24542 1431.002
0.905 0.50770 44.86675 1.21681 22.77872 0.35175 0.03287 0.36957 0.24580 1431.500
0.910 0.50764 44.92635 1.21828 22.80627 0.35160 0.03299 0.36922 0.24619 1431.998
0.915 0.50758 44.98608 1.21976 22.83389 0.35145 0.03311 0.36886 0.24658 1432.497
0.920 0.50752 45.04594 1.22124 22.86157 0.35130 0.03324 0.36851 0.24696 1432.997
0.925 0.50746 45.10595 1.22272 22.88932 0.35114 0.03336 0.36815 0.24735 1433.497
0.930 0.50740 45.16609 1.22421 22.91714 0.35099 0.03348 0.36780 0.24773 1433.998
0.935 0.50734 45.22636 1.22570 22.94503 0.35083 0.03361 0.36744 0.24812 1434.500
0.940 0.50728 45.28678 1.22719 22.97299 0.35068 0.03373 0.36708 0.24851 1435.003
0.945 0.50722 45.34733 1.22869 23.00101 0.35052 0.03386 0.36673 0.24889 1435.506
0.950 0.50716 45.40802 1.23019 23.02910 0.35037 0.03398 0.36637 0.24928 1436.010
0.955 0.50710 45.46885 1.23169 23.05726 0.35021 0.03411 0.36601 0.24967 1436.515
0.960 0.50704 45.52981 1.23320 23.08549 0.35005 0.03424 0.36566 0.25006 1437.021
0.965 0.50698 45.59092 1.23471 23.11379 0.34989 0.03436 0.36530 0.25044 1437.527
0.970 0.50692 45.65217 1.23623 23.14216 0.34974 0.03449 0.36494 0.25083 1438.034
0.975 0.50686 45.71356 1.23775 23.17059 0.34958 0.03462 0.36458 0.25122 1438.542
0.980 0.50681 45.77508 1.23927 23.19910 0.34942 0.03475 0.36423 0.25161 1439.050
0.985 0.50675 45.83675 1.24079 23.22768 0.34926 0.03487 0.36387 0.25200 1439.560
0.990 0.50669 45.89856 1.24232 23.25632 0.34910 0.03500 0.36351 0.25239 1440.070
0.995 0.50663 45.96052 1.24386 23.28504 0.34894 0.03513 0.36315 0.25278 1440.581
1.000 0.50657 46.02261 1.24540 23.31383 0.34878 0.03526 0.36279 0.25317 1441.092
1.005 0.50652 46.08485 1.24694 23.34269 0.34862 0.03539 0.36243 0.25356 1441.604
1.010 0.50646 46.14723 1.24848 23.37162 0.34846 0.03552 0.36207 0.25394 1442.117
1.015 0.50640 46.20976 1.25003 23.40062 0.34829 0.03565 0.36172 0.25433 1442.631
1.020 0.50634 46.27242 1.25159 23.42969 0.34813 0.03579 0.36136 0.25473 1443.146
1.025 0.50628 46.33524 1.25314 23.45883 0.34797 0.03592 0.36100 0.25512 1443.661
1.030 0.50623 46.39820 1.25470 23.48805 0.34781 0.03605 0.36064 0.25551 1444.177
1.035 0.50617 46.46130 1.25627 23.51734 0.34764 0.03618 0.36028 0.25590 1444.694
1.040 0.50611 46.52455 1.25784 23.54670 0.34748 0.03632 0.35992 0.25629 1445.212
1.045 0.50606 46.58795 1.25941 23.57613 0.34731 0.03645 0.35956 0.25668 1445.730
1.050 0.50600 46.65149 1.26098 23.60563 0.34715 0.03659 0.35920 0.25707 1446.249
1.055 0.50594 46.71518 1.26256 23.63521 0.34698 0.03672 0.35883 0.25746 1446.769
1.060 0.50589 46.77902 1.26415 23.66487 0.34682 0.03685 0.35847 0.25786 1447.290
1.065 0.50583 46.84301 1.26574 23.69459 0.34665 0.03699 0.35811 0.25825 1447.811
1.070 0.50577 46.90715 1.26733 23.72439 0.34648 0.03713 0.35775 0.25864 1448.333
1.075 0.50572 46.97143 1.26892 23.75427 0.34632 0.03726 0.35739 0.25903 1448.856
1.080 0.50566 47.03586 1.27052 23.78421 0.34615 0.03740 0.35703 0.25942 1449.380
1.085 0.50561 47.10045 1.27213 23.81424 0.34598 0.03754 0.35667 0.25982 1449.905
1.090 0.50555 47.16518 1.27374 23.84433 0.34581 0.03767 0.35630 0.26021 1450.430
1.095 0.50549 47.23007 1.27535 23.87451 0.34564 0.03781 0.35594 0.26060 1450.956
1.100 0.50544 47.29511 1.27696 23.90475 0.34547 0.03795 0.35558 0.26100 1451.483
1.105 0.50538 47.36030 1.27858 23.93508 0.34530 0.03809 0.35522 0.26139 1452.011
1.110 0.50533 47.42564 1.28021 23.96548 0.34513 0.03823 0.35485 0.26179 1452.539
1.115 0.50527 47.49113 1.28183 23.99595 0.34496 0.03837 0.35449 0.26218 1453.068
1.120 0.50522 47.55678 1.28347 24.02650 0.34479 0.03851 0.35413 0.26257 1453.598
1.125 0.50516 47.62258 1.28510 24.05713 0.34462 0.03865 0.35377 0.26297 1454.129
1.130 0.50511 47.68854 1.28674 24.08784 0.34444 0.03879 0.35340 0.26336 1454.661
1.135 0.50505 47.75465 1.28839 24.11862 0.34427 0.03893 0.35304 0.26376 1455.193
1.140 0.50500 47.82091 1.29004 24.14948 0.34410 0.03908 0.35267 0.26415 1455.726
1.145 0.50494 47.88734 1.29169 24.18041 0.34392 0.03922 0.35231 0.26455 1456.260
1.150 0.50489 47.95391 1.29335 24.21143 0.34375 0.03936 0.35195 0.26494 1456.795
1.155 0.50484 48.02065 1.29501 24.24252 0.34357 0.03951 0.35158 0.26534 1457.331
1.160 0.50478 48.08754 1.29667 24.27369 0.34340 0.03965 0.35122 0.26573 1457.867
1.165 0.50473 48.15459 1.29834 24.30494 0.34322 0.03979 0.35085 0.26613 1458.404
1.170 0.50467 48.22180 1.30001 24.33627 0.34305 0.03994 0.35049 0.26653 1458.942
1.175 0.50462 48.28916 1.30169 24.36767 0.34287 0.04008 0.35012 0.26692 1459.481
1.180 0.50457 48.35669 1.30337 24.39916 0.34269 0.04023 0.34976 0.26732 1460.021
1.185 0.50451 48.42437 1.30506 24.43073 0.34252 0.04038 0.34939 0.26771 1460.561
1.190 0.50446 48.49222 1.30675 24.46237 0.34234 0.04052 0.34903 0.26811 1461.103
1.195 0.50441 48.56022 1.30845 24.49410 0.34216 0.04067 0.34866 0.26851 1461.645
1.200 0.50435 48.62839 1.31014 24.52590 0.34198 0.04082 0.34829 0.26891 1462.188
1.205 0.50430 48.69672 1.31185 24.55779 0.34180 0.04097 0.34793 0.26930 1462.732
1.210 0.50425 48.76521 1.31356 24.58976 0.34162 0.04112 0.34756 0.26970 1463.276
1.215 0.50420 48.83386 1.31527 24.62181 0.34144 0.04127 0.34720 0.27010 1463.821
1.220 0.50414 48.90268 1.31698 24.65394 0.34126 0.04141 0.34683 0.27049 1464.368
1.225 0.50409 48.97166 1.31870 24.68615 0.34108 0.04156 0.34646 0.27089 1464.915
1.230 0.50404 49.04081 1.32043 24.71844 0.34090 0.04172 0.34609 0.27129 1465.463
1.235 0.50399 49.11011 1.32216 24.75082 0.34072 0.04187 0.34573 0.27169 1466.011
1.240 0.50393 49.17959 1.32389 24.78328 0.34053 0.04202 0.34536 0.27209 1466.561
1.245 0.50388 49.24923 1.32563 24.81582 0.34035 0.04217 0.34499 0.27248 1467.111
1.250 0.50383 49.31904 1.32737 24.84844 0.34017 0.04232 0.34463 0.27288 1467.662
1.255 0.50378 49.38901 1.32912 24.88115 0.33998 0.04248 0.34426 0.27328 1468.215
1.260 0.50373 49.45915 1.33087 24.91394 0.33980 0.04263 0.34389 0.27368 1468.767
1.265 0.50368 49.52946 1.33263 24.94682 0.33962 0.04278 0.34352 0.27408 1469.321
1.270 0.50363 49.59993 1.33439 24.97978 0.33943 0.04294 0.34315 0.27448 1469.876
1.275 0.50357 49.67058 1.33616 25.01282 0.33925 0.04309 0.34278 0.27488 1470.431
1.280 0.50352 49.74140 1.33792 25.04595 0.33906 0.04325 0.34242 0.27528 1470.987
1.285 0.50347 49.81238 1.33970 25.07917 0.33887 0.04340 0.34205 0.27568 1471.545
1.290 0.50342 49.88354 1.34148 25.11246 0.33869 0.04356 0.34168 0.27608 1472.103
1.295 0.50337 49.95486 1.34326 25.14585 0.33850 0.04372 0.34131 0.27648 1472.661
1.300 0.50332 50.02636 1.34505 25.17932 0.33831 0.04388 0.34094 0.27688 1473.221
1.305 0.50327 50.09803 1.34684 25.21288 0.33812 0.04403 0.34057 0.27727 1473.782
1.310 0.50322 50.16988 1.34864 25.24652 0.33793 0.04419 0.34020 0.27767 1474.343
1.315 0.50317 50.24189 1.35044 25.28025 0.33774 0.04435 0.33983 0.27808 1474.905
1.320 0.50312 50.31408 1.35225 25.31406 0.33755 0.04451 0.33946 0.27848 1475.469
1.325 0.50307 50.38645 1.35406 25.34797 0.33736 0.04467 0.33909 0.27888 1476.033
1.330 0.50302 50.45899 1.35587 25.38196 0.33717 0.04483 0.33872 0.27928 1476.597
1.335 0.50297 50.53170 1.35769 25.41604 0.33698 0.04499 0.33835 0.27968 1477.163
1.340 0.50292 50.60459 1.35952 25.45021 0.33679 0.04515 0.33798 0.28008 1477.730
1.345 0.50287 50.67766 1.36135 25.48446 0.33660 0.04531 0.33761 0.28048 1478.297
1.350 0.50282 50.75091 1.36318 25.51881 0.33641 0.04548 0.33724 0.28088 1478.866
1.355 0.50278 50.82433 1.36502 25.55324 0.33621 0.04564 0.33687 0.28128 1479.435
1.360 0.50273 50.89793 1.36687 25.58776 0.33602 0.04580 0.33650 0.28168 1480.005
1.365 0.50268 50.97171 1.36872 25.62238 0.33583 0.04597 0.33612 0.28208 1480.576
1.370 0.50263 51.04567 1.37057 25.65708 0.33563 0.04613 0.33575 0.28248 1481.148
1.375 0.50258 51.11981 1.37243 25.69187 0.33544 0.04630 0.33538 0.28288 1481.721
1.380 0.50253 51.19413 1.37429 25.72675 0.33524 0.04646 0.33501 0.28329 1482.294
1.385 0.50249 51.26863 1.37616 25.76173 0.33505 0.04663 0.33464 0.28369 1482.869
1.390 0.50244 51.34331 1.37803 25.79679 0.33485 0.04679 0.33426 0.28409 1483.444
1.395 0.50239 51.41818 1.37991 25.83195 0.33465 0.04696 0.33389 0.28449 1484.021
1.400 0.50234 51.49323 1.38179 25.86720 0.33446 0.04713 0.33352 0.28489 1484.598
1.405 0.50229 51.56846 1.38368 25.90254 0.33426 0.04730 0.33315 0.28529 1485.176
1.410 0.50225 51.64387 1.38558 25.93797 0.33406 0.04747 0.33277 0.28570 1485.755
1.415 0.50220 51.71948 1.38747 25.97350 0.33386 0.04764 0.33240 0.28610 1486.335
1.420 0.50215 51.79526 1.38938 26.00911 0.33367 0.04780 0.33203 0.28650 1486.916
1.425 0.50211 51.87123 1.39128 26.04483 0.33347 0.04797 0.33166 0.28690 1487.498
1.430 0.50206 51.94739 1.39320 26.08063 0.33327 0.04815 0.33128 0.28731 1488.080
1.435 0.50201 52.02374 1.39511 26.11653 0.33307 0.04832 0.33091 0.28771 1488.664
1.440 0.50197 52.10027 1.39704 26.15252 0.33287 0.04849 0.33053 0.28811 1489.249
1.445 0.50192 52.17699 1.39896 26.18861 0.33267 0.04866 0.33016 0.28851 1489.834
1.450 0.50187 52.25390 1.40090 26.22479 0.33246 0.04883 0.32979 0.28892 1490.420
1.455 0.50183 52.33100 1.40284 26.26107 0.33226 0.04901 0.32941 0.28932 1491.007
1.460 0.50178 52.40829 1.40478 26.29745 0.33206 0.04918 0.32904 0.28972 1491.596
1.465 0.50173 52.48578 1.40673 26.33392 0.33186 0.04936 0.32866 0.29012 1492.185
1.470 0.50169 52.56345 1.40868 26.37048 0.33165 0.04953 0.32829 0.29053 1492.775
1.475 0.50164 52.64131 1.41064 26.40714 0.33145 0.04971 0.32792 0.29093 1493.366
1.480 0.50160 52.71937 1.41260 26.44390 0.33125 0.04988 0.32754 0.29133 1493.958
1.485 0.50155 52.79762 1.41457 26.48076 0.33104 0.05006 0.32717 0.29174 1494.550
1.490 0.50151 52.87607 1.41654 26.51771 0.33084 0.05023 0.32679 0.29214 1495.144
1.495 0.50146 52.95471 1.41852 26.55476 0.33063 0.05041 0.32642 0.29254 1495.739
1.500 0.50142 53.03354 1.42051 26.59191 0.33042 0.05059 0.32604 0.29294 1496.334
1.505 0.50137 53.11257 1.42250 26.62916 0.33022 0.05077 0.32566 0.29335 1496.931
1.510 0.50133 53.19180 1.42449 26.66650 0.33001 0.05095 0.32529 0.29375 1497.528
1.515 0.50128 53.27122 1.42649 26.70395 0.32980 0.05113 0.32491 0.29415 1498.127
1.520 0.50124 53.35084 1.42850 26.74149 0.32960 0.05131 0.32454 0.29456 1498.726
1.525 0.50119 53.43067 1.43051 26.77914 0.32939 0.05149 0.32416 0.29496 1499.327
1.530 0.50115 53.51068 1.43253 26.81688 0.32918 0.05167 0.32379 0.29536 1499.928
1.535 0.50111 53.59090 1.43455 26.85473 0.32897 0.05185 0.32341 0.29577 1500.530
1.540 0.50106 53.67132 1.43657 26.89267 0.32876 0.05204 0.32303 0.29617 1501.133
1.545 0.50102 53.75194 1.43861 26.93072 0.32855 0.05222 0.32266 0.29657 1501.738
1.550 0.50097 53.83277 1.44064 26.96887 0.32834 0.05240 0.32228 0.29698 1502.343
1.555 0.50093 53.91379 1.44269 27.00712 0.32813 0.05259 0.32190 0.29738 1502.949
1.560 0.50089 53.99502 1.44474 27.04547 0.32792 0.05277 0.32153 0.29778 1503.556
1.565 0.50085 54.07645 1.44679 27.08393 0.32771 0.05296 0.32115 0.29819 1504.164
1.570 0.50080 54.15809 1.44885 27.12248 0.32750 0.05314 0.32077 0.29859 1504.773
1.575 0.50076 54.23993 1.45092 27.16114 0.32728 0.05333 0.32039 0.29900 1505.383
1.580 0.50072 54.32198 1.45299 27.19991 0.32707 0.05351 0.32002 0.29940 1505.994
1.585 0.50067 54.40423 1.45506 27.23878 0.32686 0.05370 0.31964 0.29980 1506.606
1.590 0.50063 54.48669 1.45714 27.27775 0.32664 0.05389 0.31926 0.30021 1507.219
1.595 0.50059 54.56936 1.45923 27.31683 0.32643 0.05408 0.31888 0.30061 1507.832
1.600 0.50055 54.65224 1.46133 27.35601 0.32621 0.05427 0.31851 0.30101 1508.447
1.605 0.50050 54.73532 1.46342 27.39530 0.32600 0.05446 0.31813 0.30142 1509.063
1.610 0.50046 54.81862 1.46553 27.43469 0.32578 0.05465 0.31775 0.30182 1509.680
1.615 0.50042 54.90213 1.46764 27.47419 0.32557 0.05484 0.31737 0.30222 1510.298
1.620 0.50038 54.98584 1.46975 27.51379 0.32535 0.05503 0.31699 0.30263 1510.917
1.625 0.50034 55.06977 1.47188 27.55351 0.32513 0.05522 0.31661 0.30303 1511.537
1.630 0.50030 55.15392 1.47400 27.59333 0.32491 0.05541 0.31624 0.30343 1512.157
1.635 0.50026 55.23827 1.47614 27.63325 0.32470 0.05561 0.31586 0.30384 1512.779
1.640 0.50021 55.32284 1.47827 27.67329 0.32448 0.05580 0.31548 0.30424 1513.402
1.645 0.50017 55.40763 1.48042 27.71343 0.32426 0.05600 0.31510 0.30465 1514.026
1.650 0.50013 55.49263 1.48257 27.75368 0.32404 0.05619 0.31472 0.30505 1514.651
1.655 0.50009 55.57785 1.48472 27.79404 0.32382 0.05639 0.31434 0.30545 1515.277
1.660 0.50005 55.66328 1.48689 27.83451 0.32360 0.05658 0.31396 0.30586 1515.903
1.665 0.50001 55.74894 1.48905 27.87509 0.32338 0.05678 0.31358 0.30626 1516.531
1.670 0.49997 55.83481 1.49123 27.91578 0.32316 0.05698 0.31320 0.30666 1517.160
1.675 0.49993 55.92090 1.49341 27.95658 0.32294 0.05717 0.31282 0.30707 1517.790
1.680 0.49989 56.00721 1.49559 27.99749 0.32272 0.05737 0.31244 0.30747 1518.421
1.685 0.49985 56.09374 1.49778 28.03852 0.32249 0.05757 0.31206 0.30787 1519.053
1.690 0.49981 56.18049 1.49998 28.07965 0.32227 0.05777 0.31168 0.30828 1519.686
1.695 0.49977 56.26746 1.50218 28.12089 0.32205 0.05797 0.31130 0.30868 1520.320
1.700 0.49973 56.35466 1.50439 28.16225 0.32182 0.05817 0.31092 0.30908 1520.955
1.705 0.49969 56.44208 1.50661 28.20372 0.32160 0.05837 0.31054 0.30949 1521.591
1.710 0.49965 56.52973 1.50883 28.24531 0.32138 0.05857 0.31016 0.30989 1522.228
1.715 0.49962 56.61760 1.51106 28.28700 0.32115 0.05878 0.30978 0.31029 1522.866
1.720 0.49958 56.70570 1.51329 28.32882 0.32092 0.05898 0.30940 0.31069 1523.506
1.725 0.49954 56.79402 1.51553 28.37074 0.32070 0.05918 0.30902 0.31110 1524.146
1.730 0.49950 56.88257 1.51778 28.41278 0.32047 0.05939 0.30864 0.31150 1524.787
1.735 0.49946 56.97135 1.52003 28.45494 0.32025 0.05959 0.30826 0.31190 1525.430
1.740 0.49942 57.06036 1.52229 28.49721 0.32002 0.05980 0.30788 0.31231 1526.073
1.745 0.49938 57.14960 1.52455 28.53960 0.31979 0.06000 0.30750 0.31271 1526.717
1.750 0.49935 57.23907 1.52682 28.58210 0.31956 0.06021 0.30711 0.31311 1527.363
1.755 0.49931 57.32877 1.52910 28.62472 0.31933 0.06042 0.30673 0.31351 1528.010
1.760 0.49927 57.41870 1.53138 28.66746 0.31911 0.06063 0.30635 0.31392 1528.657
1.765 0.49923 57.50887 1.53367 28.71031 0.31888 0.06083 0.30597 0.31432 1529.306
1.770 0.49920 57.59927 1.53597 28.75328 0.31865 0.06104 0.30559 0.31472 1529.956
1.775 0.49916 57.68991 1.53827 28.79637 0.31842 0.06125 0.30521 0.31512 1530.606
1.780 0.49912 57.78078 1.54058 28.83958 0.31819 0.06146 0.30483 0.31553 1531.258
1.785 0.49908 57.87188 1.54289 28.88291 0.31796 0.06167 0.30444 0.31593 1531.911
1.790 0.49905 57.96323 1.54521 28.92636 0.31772 0.06188 0.30406 0.31633 1532.565
1.795 0.49901 58.05481 1.54754 28.96993 0.31749 0.06210 0.30368 0.31673 1533.221
1.800 0.49897 58.14663 1.54987 29.01361 0.31726 0.06231 0.30330 0.31713 1533.877
1.805 0.49894 58.23869 1.55221 29.05742 0.31703 0.06252 0.30291 0.31754 1534.534
1.810 0.49890 58.33099 1.55456 29.10135 0.31679 0.06274 0.30253 0.31794 1535.193
1.815 0.49886 58.42353 1.55691 29.14540 0.31656 0.06295 0.30215 0.31834 1535.852
1.820 0.49883 58.51631 1.55927 29.18958 0.31633 0.06317 0.30177 0.31874 1536.513
1.825 0.49879 58.60934 1.56164 29.23387 0.31609 0.06338 0.30138 0.31914 1537.174
1.830 0.49876 58.70261 1.56401 29.27829 0.31586 0.06360 0.30100 0.31954 1537.837
1.835 0.49872 58.79612 1.56639 29.32284 0.31562 0.06381 0.30062 0.31994 1538.501
1.840 0.49869 58.88988 1.56878 29.36750 0.31539 0.06403 0.30024 0.32035 1539.166
1.845 0.49865 58.98389 1.57117 29.41229 0.31515 0.06425 0.29985 0.32075 1539.832
1.850 0.49861 59.07814 1.57357 29.45721 0.31491 0.06447 0.29947 0.32115 1540.500
1.855 0.49858 59.17264 1.57597 29.50225 0.31468 0.06469 0.29909 0.32155 1541.168
1.860 0.49854 59.26739 1.57839 29.54741 0.31444 0.06491 0.29870 0.32195 1541.837
1.865 0.49851 59.36239 1.58081 29.59270 0.31420 0.06513 0.29832 0.32235 1542.508
1.870 0.49847 59.45764 1.58323 29.63812 0.31396 0.06535 0.29794 0.32275 1543.180
1.875 0.49844 59.55314 1.58567 29.68367 0.31372 0.06557 0.29755 0.32315 1543.852
1.880 0.49841 59.64890 1.58811 29.72934 0.31349 0.06579 0.29717 0.32355 1544.526
1.885 0.49837 59.74491 1.59055 29.77514 0.31325 0.06602 0.29679 0.32395 1545.202
1.890 0.49834 59.84117 1.59301 29.82106 0.31301 0.06624 0.29640 0.32435 1545.878
1.895 0.49830 59.93768 1.59547 29.86712 0.31277 0.06647 0.29602 0.32475 1546.555
1.900 0.49827 60.03446 1.59793 29.91331 0.31252 0.06669 0.29563 0.32515 1547.234
1.905 0.49824 60.13148 1.60041 29.95962 0.31228 0.06692 0.29525 0.32555 1547.913
1.910 0.49820 60.22877 1.60289 30.00606 0.31204 0.06714 0.29487 0.32595 1548.594
1.915 0.49817 60.32632 1.60538 30.05264 0.31180 0.06737 0.29448 0.32635 1549.276
1.920 0.49813 60.42412 1.60787 30.09934 0.31156 0.06760 0.29410 0.32675 1549.959
1.925 0.49810 60.52218 1.61037 30.14618 0.31131 0.06783 0.29371 0.32715 1550.643
1.930 0.49807 60.62051 1.61288 30.19315 0.31107 0.06805 0.29333 0.32754 1551.329
1.935 0.49804 60.71910 1.61540 30.24025 0.31083 0.06828 0.29295 0.32794 1552.015
1.940 0.49800 60.81795 1.61792 30.28748 0.31058 0.06851 0.29256 0.32834 1552.703
1.945 0.49797 60.91707 1.62045 30.33485 0.31034 0.06874 0.29218 0.32874 1553.392
1.950 0.49794 61.01645 1.62299 30.38235 0.31009 0.06898 0.29179 0.32914 1554.082
1.955 0.49790 61.11609 1.62553 30.42998 0.30985 0.06921 0.29141 0.32954 1554.773
1.960 0.49787 61.21601 1.62809 30.47775 0.30960 0.06944 0.29102 0.32993 1555.466
1.965 0.49784 61.31619 1.63064 30.52566 0.30936 0.06967 0.29064 0.33033 1556.159
1.970 0.49781 61.41664 1.63321 30.57369 0.30911 0.06991 0.29025 0.33073 1556.854
1.975 0.49778 61.51736 1.63578 30.62187 0.30886 0.07014 0.28987 0.33113 1557.550
1.980 0.49774 61.61835 1.63836 30.67018 0.30862 0.07038 0.28948 0.33152 1558.247
1.985 0.49771 61.71961 1.64095 30.71863 0.30837 0.07061 0.28910 0.33192 1558.945
1.990 0.49768 61.82114 1.64355 30.76721 0.30812 0.07085 0.28871 0.33232 1559.645
1.995 0.49765 61.92295 1.64615 30.81594 0.30787 0.07109 0.28833 0.33271 1560.345
2.000 0.49762 62.02503 1.64876 30.86480 0.30762 0.07133 0.28794 0.33311 1561.047
2.005 0.49759 62.12739 1.65138 30.91380 0.30737 0.07156 0.28756 0.33351 1561.751
2.010 0.49756 62.23003 1.65400 30.96294 0.30712 0.07180 0.28717 0.33390 1562.455
2.015 0.49753 62.33294 1.65664 31.01222 0.30687 0.07204 0.28679 0.33430 1563.160
2.020 0.49749 62.43613 1.65928 31.06164 0.30662 0.07228 0.28640 0.33469 1563.867
2.025 0.49746 62.53960 1.66192 31.11120 0.30637 0.07252 0.28602 0.33509 1564.575
2.030 0.49743 62.64335 1.66458 31.16090 0.30612 0.07277 0.28563 0.33548 1565.284
2.035 0.49740 62.74738 1.66724 31.21074 0.30587 0.07301 0.28524 0.33588 1565.995
2.040 0.49737 62.85170 1.66991 31.26073 0.30561 0.07325 0.28486 0.33627 1566.706
2.045 0.49734 62.95630 1.67259 31.31086 0.30536 0.07350 0.28447 0.33667 1567.419
2.050 0.49731 63.06118 1.67527 31.36113 0.30511 0.07374 0.28409 0.33706 1568.133
2.055 0.49728 63.16635 1.67797 31.41155 0.30485 0.07399 0.28370 0.33746 1568.848
2.060 0.49725 63.27180 1.68067 31.46211 0.30460 0.07423 0.28332 0.33785 1569.565
2.065 0.49722 63.37754 1.68338 31.51281 0.30435 0.07448 0.28293 0.33824 1570.283
2.070 0.49719 63.48358 1.68609 31.56366 0.30409 0.07473 0.28254 0.33864 1571.002
2.075 0.49716 63.58990 1.68882 31.61466 0.30384 0.07497 0.28216 0.33903 1571.722
2.080 0.49714 63.69651 1.69155 31.66580 0.30358 0.07522 0.28177 0.33942 1572.443
2.085 0.49711 63.80341 1.69429 31.71709 0.30333 0.07547 0.28139 0.33982 1573.166
2.090 0.49708 63.91061 1.69704 31.76853 0.30307 0.07572 0.28100 0.34021 1573.890
2.095 0.49705 64.01810 1.69979 31.82011 0.30281 0.07597 0.28061 0.34060 1574.616
2.100 0.49702 64.12588 1.70256 31.87184 0.30256 0.07622 0.28023 0.34099 1575.342
2.105 0.49699 64.23397 1.70533 31.92373 0.30230 0.07647 0.27984 0.34139 1576.070
2.110 0.49696 64.34234 1.70811 31.97576 0.30204 0.07673 0.27946 0.34178 1576.799
2.115 0.49693 64.45102 1.71089 32.02794 0.30178 0.07698 0.27907 0.34217 1577.529
2.120 0.49691 64.56000 1.71369 32.08027 0.30152 0.07723 0.27868 0.34256 1578.261
2.125 0.49688 64.66927 1.71649 32.13275 0.30126 0.07749 0.27830 0.34295 1578.994
2.130 0.49685 64.77885 1.71930 32.18539 0.30100 0.07774 0.27791 0.34334 1579.728
2.135 0.49682 64.88873 1.72212 32.23818 0.30074 0.07800 0.27752 0.34373 1580.464
2.140 0.49679 64.99892 1.72495 32.29112 0.30048 0.07826 0.27714 0.34412 1581.200
2.145 0.49677 65.10941 1.72779 32.34421 0.30022 0.07851 0.27675 0.34451 1581.938
2.150 0.49674 65.22020 1.73063 32.39745 0.29996 0.07877 0.27637 0.34490 1582.678
2.155 0.49671 65.33130 1.73349 32.45086 0.29970 0.07903 0.27598 0.34529 1583.418
2.160 0.49668 65.44271 1.73635 32.50441 0.29944 0.07929 0.27559 0.34568 1584.160
2.165 0.49666 65.55443 1.73922 32.55812 0.29918 0.07955 0.27521 0.34607 1584.904
2.170 0.49663 65.66647 1.74209 32.61199 0.29891 0.07981 0.27482 0.34646 1585.648
2.175 0.49660 65.77881 1.74498 32.66601 0.29865 0.08007 0.27443 0.34685 1586.394
2.180 0.49658 65.89146 1.74787 32.72019 0.29839 0.08033 0.27405 0.34723 1587.141
2.185 0.49655 66.00443 1.75078 32.77453 0.29812 0.08060 0.27366 0.34762 1587.890
2.190 0.49652 66.11771 1.75369 32.82903 0.29786 0.08086 0.27327 0.34801 1588.640
2.195 0.49650 66.23131 1.75661 32.88368 0.29760 0.08112 0.27289 0.34840 1589.391
2.200 0.49647 66.34523 1.75954 32.93850 0.29733 0.08139 0.27250 0.34878 1590.143
2.205 0.49645 66.45947 1.76247 32.99347 0.29707 0.08165 0.27211 0.34917 1590.897
2.210 0.49642 66.57402 1.76542 33.04861 0.29680 0.08192 0.27173 0.34955 1591.652
2.215 0.49639 66.68890 1.76837 33.10391 0.29653 0.08219 0.27134 0.34994 1592.409
2.220 0.49637 66.80410 1.77133 33.15936 0.29627 0.08245 0.27095 0.35033 1593.167
2.225 0.49634 66.91962 1.77430 33.21498 0.29600 0.08272 0.27057 0.35071 1593.926
2.230 0.49632 67.03547 1.77728 33.27077 0.29573 0.08299 0.27018 0.35110 1594.687
2.235 0.49629 67.15164 1.78027 33.32671 0.29547 0.08326 0.26979 0.35148 1595.449
2.240 0.49627 67.26814 1.78327 33.38282 0.29520 0.08353 0.26941 0.35187 1596.212
2.245 0.49624 67.38497 1.78628 33.43910 0.29493 0.08380 0.26902 0.35225 1596.976
2.250 0.49621 67.50212 1.78929 33.49554 0.29466 0.08408 0.26863 0.35263 1597.742
2.255 0.49619 67.61961 1.79232 33.55214 0.29439 0.08435 0.26824 0.35302 1598.510
2.260 0.49616 67.73743 1.79535 33.60892 0.29412 0.08462 0.26786 0.35340 1599.279
2.265 0.49614 67.85558 1.79839 33.66586 0.29385 0.08489 0.26747 0.35378 1600.049
2.270 0.49612 67.97407 1.80144 33.72296 0.29358 0.08517 0.26708 0.35416 1600.820
2.275 0.49609 68.09289 1.80450 33.78024 0.29331 0.08544 0.26670 0.35455 1601.593
2.280 0.49607 68.21205 1.80757 33.83768 0.29304 0.08572 0.26631 0.35493 1602.368
2.285 0.49604 68.33155 1.81065 33.89529 0.29277 0.08600 0.26592 0.35531 1603.143
2.290 0.49602 68.45139 1.81373 33.95308 0.29250 0.08628 0.26554 0.35569 1603.920
2.295 0.49599 68.57157 1.81683 34.01103 0.29223 0.08655 0.26515 0.35607 1604.699
2.300 0.49597 68.69209 1.81993 34.06915 0.29195 0.08683 0.26476 0.35645 1605.479
2.305 0.49595 68.81295 1.82305 34.12745 0.29168 0.08711 0.26438 0.35683 1606.260
2.310 0.49592 68.93416 1.82617 34.18592 0.29141 0.08739 0.26399 0.35721 1607.043
2.315 0.49590 69.05571 1.82930 34.24456 0.29113 0.08767 0.26360 0.35759 1607.827
2.320 0.49587 69.17761 1.83245 34.30338 0.29086 0.08796 0.26322 0.35797 1608.613
2.325 0.49585 69.29986 1.83560 34.36237 0.29059 0.08824 0.26283 0.35835 1609.400
2.330 0.49583 69.42246 1.83876 34.42153 0.29031 0.08852 0.26244 0.35873 1610.188
2.335 0.49580 69.54541 1.84193 34.48087 0.29004 0.08881 0.26206 0.35910 1610.978
2.340 0.49578 69.66872 1.84511 34.54039 0.28976 0.08909 0.26167 0.35948 1611.769
2.345 0.49576 69.79238 1.84829 34.60008 0.28949 0.08938 0.26128 0.35986 1612.562
2.350 0.49573 69.91639 1.85149 34.65995 0.28921 0.08966 0.26089 0.36023 1613.356
2.355 0.49571 70.04076 1.85470 34.72000 0.28893 0.08995 0.26051 0.36061 1614.152
2.360 0.49569 70.16548 1.85792 34.78023 0.28866 0.09024 0.26012 0.36099 1614.949
2.365 0.49567 70.29057 1.86115 34.84064 0.28838 0.09052 0.25973 0.36136 1615.747
2.370 0.49564 70.41602 1.86438 34.90122 0.28810 0.09081 0.25935 0.36174 1616.547
2.375 0.49562 70.54183 1.86763 34.96199 0.28782 0.09110 0.25896 0.36211 1617.349
2.380 0.49560 70.66800 1.87088 35.02294 0.28755 0.09139 0.25857 0.36249 1618.152
2.385 0.49558 70.79454 1.87415 35.08407 0.28727 0.09168 0.25819 0.36286 1618.956
2.390 0.49555 70.92144 1.87742 35.14538 0.28699 0.09198 0.25780 0.36323 1619.762
2.395 0.49553 71.04871 1.88071 35.20688 0.28671 0.09227 0.25741 0.36361 1620.569
2.400 0.49551 71.17635 1.88400 35.26856 0.28643 0.09256 0.25703 0.36398 1621.378
2.405 0.49549 71.30436 1.88731 35.33043 0.28615 0.09286 0.25664 0.36435 1622.188
2.410 0.49547 71.43275 1.89062 35.39248 0.28587 0.09315 0.25626 0.36472 1623.000
2.415 0.49544 71.56150 1.89395 35.45472 0.28559 0.09345 0.25587 0.36510 1623.814
2.420 0.49542 71.69063 1.89728 35.51714 0.28531 0.09374 0.25548 0.36547 1624.628
2.425 0.49540 71.82014 1.90063 35.57975 0.28503 0.09404 0.25510 0.36584 1625.445
2.430 0.49538 71.95003 1.90398 35.64255 0.28475 0.09434 0.25471 0.36621 1626.263
2.435 0.49536 72.08029 1.90735 35.70554 0.28446 0.09464 0.25432 0.36658 1627.082
2.440 0.49534 72.21094 1.91072 35.76871 0.28418 0.09494 0.25394 0.36695 1627.903
2.445 0.49532 72.34196 1.91411 35.83208 0.28390 0.09524 0.25355 0.36732 1628.725
2.450 0.49529 72.47337 1.91750 35.89564 0.28362 0.09554 0.25316 0.36768 1629.549
2.455 0.49527 72.60517 1.92091 35.95939 0.28333 0.09584 0.25278 0.36805 1630.375
2.460 0.49525 72.73735 1.92432 36.02333 0.28305 0.09614 0.25239 0.36842 1631.202
2.465 0.49523 72.86992 1.92775 36.08747 0.28276 0.09644 0.25201 0.36879 1632.030
2.470 0.49521 73.00289 1.93119 36.15179 0.28248 0.09675 0.25162 0.36915 1632.860
2.475 0.49519 73.13624 1.93463 36.21632 0.28220 0.09705 0.25123 0.36952 1633.692
2.480 0.49517 73.26998 1.93809 36.28103 0.28191 0.09736 0.25085 0.36989 1634.525
2.485 0.49515 73.40412 1.94156 36.34595 0.28163 0.09766 0.25046 0.37025 1635.360
2.490 0.49513 73.53866 1.94504 36.41106 0.28134 0.09797 0.25007 0.37062 1636.196
2.495 0.49511 73.67359 1.94852 36.47636 0.28105 0.09828 0.24969 0.37098 1637.034
2.500 0.49509 73.80892 1.95202 36.54187 0.28077 0.09858 0.24930 0.37134 1637.874
2.505 0.49507 73.94465 1.95553 36.60757 0.28048 0.09889 0.24892 0.37171 1638.715
2.510 0.49505 74.08078 1.95905 36.67348 0.28019 0.09920 0.24853 0.37207 1639.557
2.515 0.49503 74.21732 1.96258 36.73958 0.27991 0.09951 0.24815 0.37243 1640.402
2.520 0.49501 74.35427 1.96613 36.80588 0.27962 0.09982 0.24776 0.37280 1641.247
2.525 0.49499 74.49162 1.96968 36.87239 0.27933 0.10014 0.24737 0.37316 1642.095
2.530 0.49497 74.62937 1.97324 36.93909 0.27904 0.10045 0.24699 0.37352 1642.944
2.535 0.49495 74.76754 1.97682 37.00600 0.27875 0.10076 0.24660 0.37388 1643.794
2.540 0.49493 74.90612 1.98040 37.07312 0.27847 0.10108 0.24622 0.37424 1644.647
2.545 0.49491 75.04512 1.98400 37.14044 0.27818 0.10139 0.24583 0.37460 1645.500
2.550 0.49489 75.18452 1.98760 37.20796 0.27789 0.10171 0.24545 0.37496 1646.356
2.555 0.49487 75.32435 1.99122 37.27569 0.27760 0.10202 0.24506 0.37532 1647.213
2.560 0.49485 75.46459 1.99485 37.34363 0.27731 0.10234 0.24468 0.37568 1648.072
2.565 0.49483 75.60526 1.99849 37.41177 0.27702 0.10266 0.24429 0.37603 1648.932
2.570 0.49481 75.74634 2.00214 37.48012 0.27673 0.10298 0.24391 0.37639 1649.794
2.575 0.49479 75.88785 2.00581 37.54868 0.27643 0.10330 0.24352 0.37675 1650.658
2.580 0.49477 76.02979 2.00948 37.61746 0.27614 0.10362 0.24314 0.37710 1651.523
2.585 0.49475 76.17215 2.01316 37.68644 0.27585 0.10394 0.24275 0.37746 1652.390
2.590 0.49473 76.31494 2.01686 37.75563 0.27556 0.10426 0.24237 0.37782 1653.258
2.595 0.49472 76.45816 2.02057 37.82504 0.27527 0.10458 0.24198 0.37817 1654.129
2.600 0.49470 76.60181 2.02429 37.89465 0.27497 0.10491 0.24160 0.37852 1655.000
2.605 0.49468 76.74589 2.02802 37.96449 0.27468 0.10523 0.24121 0.37888 1655.874
2.610 0.49466 76.89042 2.03176 38.03453 0.27439 0.10555 0.24083 0.37923 1656.749
2.615 0.49464 77.03537 2.03551 38.10479 0.27409 0.10588 0.24044 0.37958 1657.626
2.620 0.49462 77.18077 2.03928 38.17527 0.27380 0.10621 0.24006 0.37994 1658.505
2.625 0.49460 77.32661 2.04305 38.24597 0.27351 0.10653 0.23967 0.38029 1659.385
2.630 0.49458 77.47289 2.04684 38.31688 0.27321 0.10686 0.23929 0.38064 1660.267
2.635 0.49457 77.61962 2.05064 38.38801 0.27292 0.10719 0.23890 0.38099 1661.151
2.640 0.49455 77.76679 2.05445 38.45936 0.27262 0.10752 0.23852 0.38134 1662.036
2.645 0.49453 77.91441 2.05828 38.53093 0.27233 0.10785 0.23814 0.38169 1662.923
2.650 0.49451 78.06248 2.06211 38.60272 0.27203 0.10818 0.23775 0.38204 1663.812
2.655 0.49449 78.21100 2.06596 38.67473 0.27173 0.10851 0.23737 0.38239 1664.703
2.660 0.49447 78.35997 2.06982 38.74697 0.27144 0.10884 0.23698 0.38273 1665.595
2.665 0.49446 78.50940 2.07369 38.81943 0.27114 0.10918 0.23660 0.38308 1666.489
2.670 0.49444 78.65929 2.07757 38.89211 0.27084 0.10951 0.23622 0.38343 1667.385
2.675 0.49442 78.80963 2.08146 38.96502 0.27055 0.10985 0.23583 0.38377 1668.283
2.680 0.49440 78.96044 2.08537 39.03815 0.27025 0.11018 0.23545 0.38412 1669.182
2.685 0.49438 79.11171 2.08929 39.11151 0.26995 0.11052 0.23507 0.38446 1670.083
2.690 0.49437 79.26344 2.09322 39.18510 0.26965 0.11086 0.23468 0.38481 1670.986
2.695 0.49435 79.41565 2.09716 39.25892 0.26936 0.11119 0.23430 0.38515 1671.890
2.700 0.49433 79.56832 2.10112 39.33296 0.26906 0.11153 0.23392 0.38549 1672.797
2.705 0.49431 79.72146 2.10509 39.40724 0.26876 0.11187 0.23353 0.38584 1673.705
2.710 0.49429 79.87507 2.10907 39.48174 0.26846 0.11221 0.23315 0.38618 1674.615
2.715 0.49428 80.02916 2.11306 39.55648 0.26816 0.11255 0.23277 0.38652 1675.526
2.720 0.49426 80.18372 2.11706 39.63145 0.26786 0.11289 0.23238 0.38686 1676.440
2.725 0.49424 80.33876 2.12108 39.70666 0.26756 0.11324 0.23200 0.38720 1677.355
2.730 0.49422 80.49429 2.12511 39.78210 0.26726 0.11358 0.23162 0.38754 1678.272
2.735 0.49420 80.65029 2.12915 39.85777 0.26696 0.11392 0.23124 0.38788 1679.191
2.740 0.49419 80.80678 2.13321 39.93368 0.26666 0.11427 0.23085 0.38822 1680.112
2.745 0.49417 80.96376 2.13728 40.00983 0.26636 0.11461 0.23047 0.38856 1681.034
2.750 0.49415 81.12122 2.14136 40.08621 0.26606 0.11496 0.23009 0.38889 1681.959
2.755 0.49413 81.27918 2.14545 40.16284 0.26575 0.11531 0.22971 0.38923 1682.885
2.760 0.49412 81.43762 2.14956 40.23970 0.26545 0.11566 0.22933 0.38957 1683.813
2.765 0.49410 81.59657 2.15368 40.31681 0.26515 0.11600 0.22894 0.38990 1684.743
2.770 0.49408 81.75601 2.15781 40.39415 0.26485 0.11635 0.22856 0.39024 1685.674
2.775 0.49406 81.91594 2.16195 40.47174 0.26454 0.11670 0.22818 0.39057 1686.608
2.780 0.49405 82.07638 2.16611 40.54957 0.26424 0.11706 0.22780 0.39090 1687.543
2.785 0.49403 82.23732 2.17028 40.62765 0.26394 0.11741 0.22742 0.39124 1688.481
2.790 0.49401 82.39877 2.17446 40.70597 0.26363 0.11776 0.22704 0.39157 1689.420
2.795 0.49399 82.56072 2.17866 40.78454 0.26333 0.11811 0.22665 0.39190 1690.361
2.800 0.49398 82.72319 2.18287 40.86335 0.26303 0.11847 0.22627 0.39223 1691.304
2.805 0.49396 82.88616 2.18709 40.94241 0.26272 0.11882 0.22589 0.39256 1692.248
2.810 0.49394 83.04965 2.19133 41.02172 0.26242 0.11918 0.22551 0.39289 1693.195
2.815 0.49392 83.21365 2.19558 41.10128 0.26211 0.11954 0.22513 0.39322 1694.144
2.820 0.49391 83.37818 2.19984 41.18109 0.26181 0.11989 0.22475 0.39355 1695.094
2.825 0.49389 83.54322 2.20412 41.26116 0.26150 0.12025 0.22437 0.39388 1696.047
2.830 0.49387 83.70878 2.20841 41.34147 0.26120 0.12061 0.22399 0.39421 1697.001
2.835 0.49386 83.87487 2.21272 41.42204 0.26089 0.12097 0.22361 0.39453 1697.957
2.840 0.49384 84.04149 2.21703 41.50286 0.26058 0.12133 0.22323 0.39486 1698.916
2.845 0.49382 84.20864 2.22136 41.58394 0.26028 0.12169 0.22285 0.39518 1699.876
2.850 0.49380 84.37631 2.22571 41.66528 0.25997 0.12205 0.22247 0.39551 1700.838
2.855 0.49379 84.54452 2.23007 41.74687 0.25966 0.12242 0.22209 0.39583 1701.802
2.860 0.49377 84.71327 2.23444 41.82872 0.25936 0.12278 0.22171 0.39616 1702.768
2.865 0.49375 84.88256 2.23883 41.91083 0.25905 0.12314 0.22133 0.39648 1703.736
2.870 0.49373 85.05238 2.24323 41.99320 0.25874 0.12351 0.22095 0.39680 1704.706
2.875 0.49372 85.22275 2.24764 42.07583 0.25843 0.12388 0.22057 0.39712 1705.678
2.880 0.49370 85.39366 2.25207 42.15872 0.25813 0.12424 0.22019 0.39744 1706.652
2.885 0.49368 85.56513 2.25651 42.24188 0.25782 0.12461 0.21981 0.39776 1707.627
2.890 0.49366 85.73714 2.26097 42.32530 0.25751 0.12498 0.21943 0.39808 1708.605
2.895 0.49365 85.90970 2.26544 42.40899 0.25720 0.12535 0.21905 0.39840 1709.585
2.900 0.49363 86.08282 2.26992 42.49294 0.25689 0.12572 0.21868 0.39872 1710.567
2.905 0.49361 86.25650 2.27442 42.57716 0.25658 0.12609 0.21830 0.39903 1711.551
2.910 0.49359 86.43073 2.27893 42.66165 0.25627 0.12646 0.21792 0.39935 1712.537
2.915 0.49358 86.60553 2.28346 42.74640 0.25596 0.12683 0.21754 0.39967 1713.525
2.920 0.49356 86.78090 2.28800 42.83143 0.25565 0.12721 0.21716 0.39998 1714.515
2.925 0.49354 86.95682 2.29256 42.91673 0.25534 0.12758 0.21678 0.40030 1715.507
2.930 0.49352 87.13332 2.29713 43.00230 0.25503 0.12795 0.21641 0.40061 1716.501
2.935 0.49351 87.31039 2.30172 43.08814 0.25472 0.12833 0.21603 0.40092 1717.497
2.940 0.49349 87.48804 2.30632 43.17426 0.25441 0.12871 0.21565 0.40123 1718.495
2.945 0.49347 87.66626 2.31093 43.26065 0.25410 0.12908 0.21527 0.40155 1719.496
2.950 0.49345 87.84506 2.31556 43.34732 0.25379 0.12946 0.21490 0.40186 1720.498
2.955 0.49343 88.02445 2.32021 43.43427 0.25347 0.12984 0.21452 0.40217 1721.502
2.960 0.49342 88.20442 2.32487 43.52149 0.25316 0.13022 0.21414 0.40248 1722.509
2.965 0.49340 88.38497 2.32954 43.60900 0.25285 0.13060 0.21377 0.40278 1723.518
2.970 0.49338 88.56612 2.33423 43.69678 0.25254 0.13098 0.21339 0.40309 1724.528
2.975 0.49336 88.74786 2.33893 43.78485 0.25223 0.13136 0.21301 0.40340 1725.541
2.980 0.49334 88.93019 2.34365 43.87320 0.25191 0.13175 0.21264 0.40371 1726.556
2.985 0.49333 89.11312 2.34839 43.96183 0.25160 0.13213 0.21226 0.40401 1727.573
2.990 0.49331 89.29665 2.35314 44.05075 0.25129 0.13251 0.21188 0.40432 1728.592
2.995 0.49329 89.48079 2.35790 44.13996 0.25097 0.13290 0.21151 0.40462 1729.614
3.000 0.49327 89.66552 2.36268 44.22945 0.25066 0.13328 0.21113 0.40492 1730.637
3.005 0.49325 89.85087 2.36748 44.31923 0.25035 0.13367 0.21076 0.40523 1731.663
3.010 0.49323 90.03683 2.37229 44.40930 0.25003 0.13406 0.21038 0.40553 1732.691
3.015 0.49322 90.22340 2.37712 44.49966 0.24972 0.13445 0.21001 0.40583 1733.720
3.020 0.49320 90.41059 2.38196 44.59031 0.24940 0.13484 0.20963 0.40613 1734.753
3.025 0.49318 90.59840 2.38682 44.68125 0.24909 0.13523 0.20926 0.40643 1735.787
3.030 0.49316 90.78683 2.39169 44.77249 0.24877 0.13562 0.20888 0.40673 1736.823
3.035 0.49314 90.97589 2.39658 44.86402 0.24846 0.13601 0.20851 0.40703 1737.862
3.040 0.49312 91.16557 2.40149 44.95585 0.24814 0.13640 0.20813 0.40732 1738.903
3.045 0.49310 91.35589 2.40641 45.04797 0.24783 0.13679 0.20776 0.40762 1739.946
3.050 0.49309 91.54684 2.41135 45.14040 0.24751 0.13719 0.20738 0.40792 1740.992
3.055 0.49307 91.73842 2.41630 45.23312 0.24720 0.13758 0.20701 0.40821 1742.039
3.060 0.49305 91.93064 2.42127 45.32614 0.24688 0.13798 0.20664 0.40851 1743.089
3.065 0.49303 92.12351 2.42625 45.41947 0.24656 0.13837 0.20626 0.40880 1744.141
3.070 0.49301 92.31702 2.43125 45.51309 0.24625 0.13877 0.20589 0.40909 1745.195
3.075 0.49299 92.51117 2.43627 45.60702 0.24593 0.13917 0.20552 0.40938 1746.252
3.080 0.49297 92.70598 2.44131 45.70126 0.24561 0.13957 0.20514 0.40967 1747.311
3.085 0.49295 92.90145 2.44636 45.79580 0.24530 0.13997 0.20477 0.40997 1748.372
3.090 0.49293 93.09756 2.45142 45.89065 0.24498 0.14037 0.20440 0.41025 1749.435
3.095 0.49291 93.29434 2.45651 45.98581 0.24466 0.14077 0.20403 0.41054 1750.501
3.100 0.49289 93.49178 2.46161 46.08128 0.24434 0.14117 0.20365 0.41083 1751.569
3.105 0.49287 93.68989 2.46672 46.17705 0.24403 0.14157 0.20328 0.41112 1752.639
3.110 0.49285 93.88867 2.47186 46.27314 0.24371 0.14198 0.20291 0.41140 1753.711
3.115 0.49283 94.08812 2.47701 46.36955 0.24339 0.14238 0.20254 0.41169 1754.786
3.120 0.49281 94.28824 2.48217 46.46627 0.24307 0.14279 0.20217 0.41198 1755.864
3.125 0.49279 94.48904 2.48736 46.56330 0.24275 0.14319 0.20180 0.41226 1756.943
3.130 0.49277 94.69053 2.49256 46.66065 0.24244 0.14360 0.20142 0.41254 1758.025
3.135 0.49275 94.89269 2.49777 46.75832 0.24212 0.14401 0.20105 0.41282 1759.109
3.140 0.49273 95.09555 2.50301 46.85631 0.24180 0.14441 0.20068 0.41311 1760.196
3.145 0.49271 95.29909 2.50826 46.95462 0.24148 0.14482 0.20031 0.41339 1761.285
3.150 0.49269 95.50333 2.51353 47.05325 0.24116 0.14523 0.19994 0.41367 1762.376
3.155 0.49267 95.70827 2.51881 47.15220 0.24084 0.14564 0.19957 0.41395 1763.470
3.160 0.49264 95.91391 2.52412 47.25148 0.24052 0.14606 0.19920 0.41422 1764.566
3.165 0.49262 96.12025 2.52944 47.35109 0.24020 0.14647 0.19883 0.41450 1765.665
3.170 0.49260 96.32730 2.53478 47.45102 0.23988 0.14688 0.19846 0.41478 1766.766
3.175 0.49258 96.53506 2.54013 47.55127 0.23956 0.14730 0.19809 0.41505 1767.869
3.180 0.49256 96.74353 2.54551 47.65186 0.23924 0.14771 0.19772 0.41533 1768.975
3.185 0.49254 96.95272 2.55090 47.75278 0.23892 0.14813 0.19735 0.41560 1770.083
3.190 0.49251 97.16263 2.55631 47.85403 0.23860 0.14854 0.19698 0.41587 1771.194
3.195 0.49249 97.37326 2.56173 47.95561 0.23828 0.14896 0.19662 0.41615 1772.307
3.200 0.49247 97.58463 2.56718 48.05753 0.23796 0.14938 0.19625 0.41642 1773.423
3.205 0.49245 97.79672 2.57264 48.15979 0.23764 0.14980 0.19588 0.41669 1774.541
3.210 0.49243 98.00954 2.57812 48.26238 0.23731 0.15022 0.19551 0.41696 1775.661
3.215 0.49240 98.22311 2.58362 48.36530 0.23699 0.15064 0.19514 0.41723 1776.785
3.220 0.49238 98.43741 2.58913 48.46857 0.23667 0.15106 0.19478 0.41750 1777.910
3.225 0.49236 98.65246 2.59467 48.57218 0.23635 0.15148 0.19441 0.41776 1779.038
3.230 0.49233 98.86826 2.60022 48.67613 0.23603 0.15190 0.19404 0.41803 1780.169
3.235 0.49231 99.08481 2.60579 48.78043 0.23571 0.15233 0.19367 0.41829 1781.302
3.240 0.49229 99.30211 2.61138 48.88507 0.23538 0.15275 0.19331 0.41856 1782.438
3.245 0.49226 99.52017 2.61699 48.99005 0.23506 0.15318 0.19294 0.41882 1783.576
3.250 0.49224 99.73900 2.62262 49.09539 0.23474 0.15360 0.19258 0.41909 1784.717
3.255 0.49221 99.95859 2.62826 49.20107 0.23442 0.15403 0.19221 0.41935 1785.860
3.260 0.49219 100.17895 2.63393 49.30710 0.23409 0.15446 0.19184 0.41961 1787.006
3.265 0.49217 100.40009 2.63961 49.41349 0.23377 0.15488 0.19148 0.41987 1788.154
3.270 0.49214 100.62200 2.64531 49.52022 0.23345 0.15531 0.19111 0.42013 1789.306
3.275 0.49212 100.84469 2.65103 49.62731 0.23312 0.15574 0.19075 0.42039 1790.459
3.280 0.49209 101.06817 2.65677 49.73476 0.23280 0.15617 0.19038 0.42064 1791.616
3.285 0.49207 101.29244 2.66253 49.84256 0.23248 0.15661 0.19002 0.42090 1792.775
3.290 0.49204 101.51750 2.66831 49.95073 0.23215 0.15704 0.18965 0.42116 1793.936
3.295 0.49201 101.74336 2.67411 50.05925 0.23183 0.15747 0.18929 0.42141 1795.100
3.300 0.49199 101.97001 2.67992 50.16813 0.23151 0.15791 0.18892 0.42166 1796.267
3.305 0.49196 102.19747 2.68576 50.27738 0.23118 0.15834 0.18856 0.42192 1797.437
3.310 0.49194 102.42574 2.69161 50.38699 0.23086 0.15878 0.18820 0.42217 1798.609
3.315 0.49191 102.65482 2.69749 50.49696 0.23053 0.15921 0.18783 0.42242 1799.784
3.320 0.49188 102.88472 2.70338 50.60731 0.23021 0.15965 0.18747 0.42267 1800.961
3.325 0.49186 103.11543 2.70930 50.71802 0.22989 0.16009 0.18711 0.42292 1802.142
3.330 0.49183 103.34697 2.71523 50.82910 0.22956 0.16053 0.18674 0.42317 1803.325
3.335 0.49180 103.57934 2.72118 50.94055 0.22924 0.16097 0.18638 0.42342 1804.510
3.340 0.49177 103.81254 2.72716 51.05237 0.22891 0.16141 0.18602 0.42366 1805.699
3.345 0.49175 104.04657 2.73315 51.16457 0.22859 0.16185 0.18566 0.42391 1806.890
3.350 0.49172 104.28145 2.73916 51.27714 0.22826 0.16229 0.18530 0.42415 1808.084
3.355 0.49169 104.51717 2.74520 51.39009 0.22794 0.16273 0.18494 0.42440 1809.281
3.360 0.49166 104.75374 2.75125 51.50342 0.22761 0.16318 0.18457 0.42464 1810.480
3.365 0.49163 104.99116 2.75733 51.61713 0.22729 0.16362 0.18421 0.42488 1811.683
3.370 0.49160 105.22944 2.76342 51.73122 0.22696 0.16406 0.18385 0.42512 1812.888
3.375 0.49157 105.46858 2.76953 51.84569 0.22663 0.16451 0.18349 0.42536 1814.096
3.380 0.49155 105.70859 2.77567 51.96055 0.22631 0.16496 0.18313 0.42560 1815.306
3.385 0.49152 105.94946 2.78183 52.07579 0.22598 0.16541 0.18277 0.42584 1816.520
3.390 0.49149 106.19121 2.78800 52.19142 0.22566 0.16585 0.18241 0.42608 1817.736
3.395 0.49145 106.43384 2.79420 52.30744 0.22533 0.16630 0.18205 0.42631 1818.955
3.400 0.49142 106.67735 2.80042 52.42385 0.22501 0.16675 0.18169 0.42655 1820.178
3.405 0.49139 106.92175 2.80666 52.54065 0.22468 0.16720 0.18133 0.42678 1821.403
3.410 0.49136 107.16705 2.81292 52.65785 0.22435 0.16766 0.18097 0.42702 1822.630
3.415 0.49133 107.41323 2.81920 52.77544 0.22403 0.16811 0.18062 0.42725 1823.861
3.420 0.49130 107.66032 2.82550 52.89342 0.22370 0.16856 0.18026 0.42748 1825.095
3.425 0.49127 107.90832 2.83183 53.01181 0.22337 0.16901 0.17990 0.42771 1826.331
3.430 0.49123 108.15722 2.83817 53.13059 0.22305 0.16947 0.17954 0.42794 1827.571
