timeGa Urey Qt heat/H0 heatTW 1HPE 2HPE 3HPE 4HPE TempC
0.000 0.44000 36.00000 1.00000 15.84000 0.37200 0.01640 0.43000 0.18100 1351.850
0.005 0.44017 36.00000 1.00038 15.84600 0.37215 0.01647 0.42994 0.18143 1352.304
0.010 0.44013 36.03807 1.00136 15.86154 0.37207 0.01654 0.42963 0.18176 1352.758
0.015 0.44010 36.07621 1.00234 15.87711 0.37199 0.01661 0.42931 0.18209 1353.213
0.020 0.44007 36.11441 1.00333 15.89271 0.37192 0.01667 0.42900 0.18241 1353.669
0.025 0.44003 36.15268 1.00431 15.90834 0.37184 0.01674 0.42868 0.18274 1354.125
0.030 0.44000 36.19102 1.00530 15.92401 0.37176 0.01680 0.42837 0.18307 1354.582
0.035 0.43997 36.22941 1.00629 15.93971 0.37168 0.01687 0.42805 0.18340 1355.039
0.040 0.43993 36.26788 1.00729 15.95544 0.37161 0.01694 0.42773 0.18372 1355.496
0.045 0.43990 36.30641 1.00828 15.97121 0.37153 0.01700 0.42742 0.18405 1355.954
0.050 0.43987 36.34500 1.00928 15.98701 0.37145 0.01707 0.42710 0.18438 1356.413
0.055 0.43984 36.38366 1.01028 16.00284 0.37137 0.01714 0.42678 0.18471 1356.872
0.060 0.43980 36.42239 1.01128 16.01871 0.37129 0.01720 0.42647 0.18504 1357.331
0.065 0.43977 36.46118 1.01229 16.03461 0.37121 0.01727 0.42615 0.18537 1357.792
0.070 0.43974 36.50004 1.01329 16.05054 0.37113 0.01734 0.42583 0.18570 1358.252
0.075 0.43971 36.53897 1.01430 16.06651 0.37104 0.01741 0.42551 0.18603 1358.713
0.080 0.43968 36.57796 1.01531 16.08251 0.37096 0.01748 0.42520 0.18636 1359.175
0.085 0.43965 36.61702 1.01632 16.09854 0.37088 0.01755 0.42488 0.18670 1359.637
0.090 0.43962 36.65614 1.01734 16.11461 0.37080 0.01761 0.42456 0.18703 1360.100
0.095 0.43958 36.69534 1.01835 16.13071 0.37071 0.01768 0.42424 0.18736 1360.563
0.100 0.43955 36.73460 1.01937 16.14685 0.37063 0.01775 0.42392 0.18769 1361.027
0.105 0.43952 36.77392 1.02039 16.16302 0.37055 0.01782 0.42360 0.18803 1361.491
0.110 0.43949 36.81332 1.02142 16.17923 0.37046 0.01789 0.42328 0.18836 1361.956
0.115 0.43946 36.85278 1.02244 16.19547 0.37038 0.01796 0.42296 0.18869 1362.421
0.120 0.43943 36.89231 1.02347 16.21174 0.37029 0.01803 0.42264 0.18903 1362.887
0.125 0.43940 36.93190 1.02450 16.22805 0.37021 0.01811 0.42232 0.18936 1363.354
0.130 0.43938 36.97157 1.02553 16.24440 0.37012 0.01818 0.42200 0.18970 1363.820
0.135 0.43935 37.01130 1.02656 16.26077 0.37004 0.01825 0.42168 0.19003 1364.288
0.140 0.43932 37.05110 1.02760 16.27719 0.36995 0.01832 0.42136 0.19037 1364.756
0.145 0.43929 37.09097 1.02864 16.29364 0.36986 0.01839 0.42104 0.19071 1365.224
0.150 0.43926 37.13091 1.02968 16.31012 0.36978 0.01846 0.42072 0.19104 1365.693
0.155 0.43923 37.17092 1.03072 16.32664 0.36969 0.01854 0.42040 0.19138 1366.163
0.160 0.43920 37.21099 1.03177 16.34320 0.36960 0.01861 0.42007 0.19172 1366.633
0.165 0.43918 37.25114 1.03281 16.35979 0.36951 0.01868 0.41975 0.19206 1367.103
0.170 0.43915 37.29135 1.03386 16.37642 0.36942 0.01875 0.41943 0.19239 1367.575
0.175 0.43912 37.33163 1.03492 16.39308 0.36933 0.01883 0.41911 0.19273 1368.046
0.180 0.43909 37.37198 1.03597 16.40978 0.36924 0.01890 0.41878 0.19307 1368.518
0.185 0.43907 37.41240 1.03703 16.42651 0.36915 0.01898 0.41846 0.19341 1368.991
0.190 0.43904 37.45289 1.03809 16.44328 0.36906 0.01905 0.41814 0.19375 1369.464
0.195 0.43901 37.49345 1.03915 16.46009 0.36897 0.01912 0.41781 0.19409 1369.938
0.200 0.43899 37.53409 1.04021 16.47693 0.36888 0.01920 0.41749 0.19443 1370.413
0.205 0.43896 37.57479 1.04128 16.49381 0.36879 0.01927 0.41717 0.19477 1370.887
0.210 0.43893 37.61556 1.04234 16.51073 0.36870 0.01935 0.41684 0.19511 1371.363
0.215 0.43891 37.65640 1.04341 16.52768 0.36860 0.01942 0.41652 0.19545 1371.839
0.220 0.43888 37.69731 1.04449 16.54467 0.36851 0.01950 0.41619 0.19580 1372.315
0.225 0.43886 37.73829 1.04556 16.56169 0.36842 0.01958 0.41587 0.19614 1372.792
0.230 0.43883 37.77934 1.04664 16.57876 0.36832 0.01965 0.41554 0.19648 1373.270
0.235 0.43881 37.82047 1.04772 16.59586 0.36823 0.01973 0.41522 0.19682 1373.748
0.240 0.43878 37.86166 1.04880 16.61299 0.36813 0.01981 0.41489 0.19717 1374.227
0.245 0.43876 37.90293 1.04988 16.63017 0.36804 0.01988 0.41457 0.19751 1374.706
0.250 0.43873 37.94427 1.05097 16.64738 0.36794 0.01996 0.41424 0.19785 1375.185
0.255 0.43871 37.98568 1.05206 16.66463 0.36785 0.02004 0.41391 0.19820 1375.666
0.260 0.43868 38.02716 1.05315 16.68192 0.36775 0.02012 0.41359 0.19854 1376.147
0.265 0.43866 38.06871 1.05424 16.69924 0.36765 0.02020 0.41326 0.19889 1376.628
0.270 0.43864 38.11033 1.05534 16.71660 0.36756 0.02027 0.41293 0.19923 1377.110
0.275 0.43861 38.15203 1.05644 16.73400 0.36746 0.02035 0.41261 0.19958 1377.592
0.280 0.43859 38.19380 1.05754 16.75144 0.36736 0.02043 0.41228 0.19993 1378.075
0.285 0.43857 38.23564 1.05864 16.76892 0.36726 0.02051 0.41195 0.20027 1378.559
0.290 0.43855 38.27755 1.05975 16.78644 0.36716 0.02059 0.41162 0.20062 1379.043
0.295 0.43852 38.31954 1.06086 16.80399 0.36707 0.02067 0.41129 0.20097 1379.528
0.300 0.43850 38.36160 1.06197 16.82158 0.36697 0.02075 0.41097 0.20132 1380.013
0.305 0.43848 38.40373 1.06308 16.83921 0.36687 0.02083 0.41064 0.20166 1380.499
0.310 0.43846 38.44594 1.06420 16.85688 0.36677 0.02091 0.41031 0.20201 1380.985
0.315 0.43844 38.48822 1.06532 16.87459 0.36666 0.02100 0.40998 0.20236 1381.472
0.320 0.43841 38.53057 1.06644 16.89234 0.36656 0.02108 0.40965 0.20271 1381.959
0.325 0.43839 38.57300 1.06756 16.91013 0.36646 0.02116 0.40932 0.20306 1382.447
0.330 0.43837 38.61550 1.06868 16.92795 0.36636 0.02124 0.40899 0.20341 1382.936
0.335 0.43835 38.65807 1.06981 16.94582 0.36626 0.02132 0.40866 0.20376 1383.425
0.340 0.43833 38.70072 1.07094 16.96372 0.36615 0.02141 0.40833 0.20411 1383.914
0.345 0.43831 38.74344 1.07207 16.98167 0.36605 0.02149 0.40800 0.20446 1384.405
0.350 0.43829 38.78624 1.07321 16.99965 0.36595 0.02157 0.40767 0.20481 1384.895
0.355 0.43827 38.82911 1.07435 17.01768 0.36584 0.02166 0.40734 0.20516 1385.387
0.360 0.43825 38.87206 1.07549 17.03574 0.36574 0.02174 0.40701 0.20552 1385.879
0.365 0.43823 38.91508 1.07663 17.05384 0.36563 0.02182 0.40668 0.20587 1386.371
0.370 0.43821 38.95817 1.07778 17.07199 0.36553 0.02191 0.40634 0.20622 1386.864
0.375 0.43819 39.00134 1.07893 17.09017 0.36542 0.02199 0.40601 0.20657 1387.358
0.380 0.43818 39.04459 1.08008 17.10840 0.36532 0.02208 0.40568 0.20693 1387.852
0.385 0.43816 39.08791 1.08123 17.12667 0.36521 0.02216 0.40535 0.20728 1388.346
0.390 0.43814 39.13131 1.08238 17.14497 0.36510 0.02225 0.40501 0.20763 1388.842
0.395 0.43812 39.17478 1.08354 17.16332 0.36499 0.02233 0.40468 0.20799 1389.337
0.400 0.43810 39.21833 1.08470 17.18171 0.36489 0.02242 0.40435 0.20834 1389.834
0.405 0.43809 39.26196 1.08587 17.20014 0.36478 0.02251 0.40402 0.20870 1390.331
0.410 0.43807 39.30566 1.08703 17.21861 0.36467 0.02259 0.40368 0.20905 1390.828
0.415 0.43805 39.34944 1.08820 17.23712 0.36456 0.02268 0.40335 0.20941 1391.326
0.420 0.43804 39.39330 1.08937 17.25568 0.36445 0.02277 0.40301 0.20977 1391.825
0.425 0.43802 39.43723 1.09055 17.27427 0.36434 0.02286 0.40268 0.21012 1392.324
0.430 0.43800 39.48124 1.09172 17.29291 0.36423 0.02294 0.40235 0.21048 1392.824
0.435 0.43799 39.52532 1.09290 17.31159 0.36412 0.02303 0.40201 0.21084 1393.324
0.440 0.43797 39.56948 1.09409 17.33031 0.36401 0.02312 0.40168 0.21119 1393.825
0.445 0.43796 39.61373 1.09527 17.34907 0.36390 0.02321 0.40134 0.21155 1394.327
0.450 0.43794 39.65804 1.09646 17.36788 0.36378 0.02330 0.40101 0.21191 1394.829
0.455 0.43793 39.70244 1.09765 17.38672 0.36367 0.02339 0.40067 0.21227 1395.332
0.460 0.43791 39.74691 1.09884 17.40561 0.36356 0.02348 0.40033 0.21263 1395.835
0.465 0.43790 39.79146 1.10003 17.42455 0.36344 0.02357 0.40000 0.21299 1396.339
0.470 0.43788 39.83609 1.10123 17.44352 0.36333 0.02366 0.39966 0.21335 1396.843
0.475 0.43787 39.88080 1.10243 17.46254 0.36322 0.02375 0.39933 0.21371 1397.348
0.480 0.43785 39.92559 1.10364 17.48160 0.36310 0.02384 0.39899 0.21407 1397.854
0.485 0.43784 39.97046 1.10484 17.50071 0.36299 0.02393 0.39865 0.21443 1398.360
0.490 0.43783 40.01540 1.10605 17.51986 0.36287 0.02403 0.39832 0.21479 1398.867
0.495 0.43781 40.06042 1.10726 17.53905 0.36275 0.02412 0.39798 0.21515 1399.374
0.500 0.43780 40.10553 1.10848 17.55828 0.36264 0.02421 0.39764 0.21551 1399.882
0.505 0.43779 40.15071 1.10969 17.57756 0.36252 0.02430 0.39730 0.21587 1400.390
0.510 0.43778 40.19597 1.11091 17.59688 0.36240 0.02440 0.39696 0.21623 1400.899
0.515 0.43777 40.24131 1.11214 17.61625 0.36229 0.02449 0.39663 0.21660 1401.409
0.520 0.43775 40.28673 1.11336 17.63566 0.36217 0.02458 0.39629 0.21696 1401.919
0.525 0.43774 40.33223 1.11459 17.65512 0.36205 0.02468 0.39595 0.21732 1402.430
0.530 0.43773 40.37782 1.11582 17.67461 0.36193 0.02477 0.39561 0.21769 1402.942
0.535 0.43772 40.42348 1.11706 17.69416 0.36181 0.02487 0.39527 0.21805 1403.454
0.540 0.43771 40.46922 1.11829 17.71375 0.36169 0.02496 0.39493 0.21841 1403.966
0.545 0.43770 40.51504 1.11953 17.73338 0.36157 0.02506 0.39459 0.21878 1404.479
0.550 0.43769 40.56095 1.12077 17.75306 0.36145 0.02515 0.39425 0.21914 1404.993
0.555 0.43768 40.60693 1.12202 17.77278 0.36133 0.02525 0.39391 0.21951 1405.507
0.560 0.43767 40.65300 1.12327 17.79255 0.36121 0.02535 0.39357 0.21987 1406.022
0.565 0.43766 40.69915 1.12452 17.81236 0.36109 0.02544 0.39323 0.22024 1406.538
0.570 0.43765 40.74537 1.12577 17.83222 0.36096 0.02554 0.39289 0.22061 1407.054
0.575 0.43764 40.79169 1.12703 17.85213 0.36084 0.02564 0.39255 0.22097 1407.571
0.580 0.43763 40.83808 1.12829 17.87208 0.36072 0.02574 0.39221 0.22134 1408.088
0.585 0.43762 40.88455 1.12955 17.89208 0.36059 0.02583 0.39187 0.22171 1408.606
0.590 0.43762 40.93111 1.13082 17.91212 0.36047 0.02593 0.39153 0.22207 1409.125
0.595 0.43761 40.97775 1.13208 17.93221 0.36034 0.02603 0.39118 0.22244 1409.644
0.600 0.43760 41.02447 1.13335 17.95234 0.36022 0.02613 0.39084 0.22281 1410.163
0.605 0.43759 41.07128 1.13463 17.97252 0.36009 0.02623 0.39050 0.22318 1410.684
0.610 0.43759 41.11816 1.13591 17.99275 0.35997 0.02633 0.39016 0.22355 1411.205
0.615 0.43758 41.16513 1.13719 18.01303 0.35984 0.02643 0.38981 0.22391 1411.726
0.620 0.43757 41.21219 1.13847 18.03335 0.35971 0.02653 0.38947 0.22428 1412.248
0.625 0.43757 41.25932 1.13976 18.05372 0.35959 0.02663 0.38913 0.22465 1412.771
0.630 0.43756 41.30655 1.14104 18.07414 0.35946 0.02673 0.38879 0.22502 1413.294
0.635 0.43756 41.35385 1.14234 18.09460 0.35933 0.02683 0.38844 0.22539 1413.818
0.640 0.43755 41.40124 1.14363 18.11511 0.35920 0.02694 0.38810 0.22576 1414.343
0.645 0.43754 41.44871 1.14493 18.13567 0.35907 0.02704 0.38775 0.22613 1414.868
0.650 0.43754 41.49627 1.14623 18.15628 0.35894 0.02714 0.38741 0.22651 1415.394
0.655 0.43754 41.54391 1.14753 18.17693 0.35881 0.02724 0.38707 0.22688 1415.920
0.660 0.43753 41.59164 1.14884 18.19763 0.35868 0.02735 0.38672 0.22725 1416.447
0.665 0.43753 41.63945 1.15015 18.21839 0.35855 0.02745 0.38638 0.22762 1416.975
0.670 0.43752 41.68734 1.15146 18.23919 0.35842 0.02756 0.38603 0.22799 1417.503
0.675 0.43752 41.73532 1.15278 18.26003 0.35829 0.02766 0.38569 0.22837 1418.032
0.680 0.43752 41.78339 1.15410 18.28093 0.35816 0.02776 0.38534 0.22874 1418.561
0.685 0.43751 41.83154 1.15542 18.30188 0.35803 0.02787 0.38499 0.22911 1419.091
0.690 0.43751 41.87978 1.15675 18.32287 0.35789 0.02798 0.38465 0.22948 1419.622
0.695 0.43751 41.92810 1.15808 18.34391 0.35776 0.02808 0.38430 0.22986 1420.153
0.700 0.43751 41.97651 1.15941 18.36501 0.35763 0.02819 0.38396 0.23023 1420.685
0.705 0.43750 42.02501 1.16074 18.38615 0.35749 0.02829 0.38361 0.23061 1421.217
0.710 0.43750 42.07359 1.16208 18.40734 0.35736 0.02840 0.38326 0.23098 1421.750
0.715 0.43750 42.12226 1.16342 18.42859 0.35722 0.02851 0.38292 0.23136 1422.284
0.720 0.43750 42.17101 1.16477 18.44988 0.35709 0.02862 0.38257 0.23173 1422.818
0.725 0.43750 42.21986 1.16611 18.47122 0.35695 0.02872 0.38222 0.23211 1423.353
0.730 0.43750 42.26879 1.16746 18.49261 0.35681 0.02883 0.38187 0.23248 1423.889
0.735 0.43750 42.31780 1.16882 18.51406 0.35668 0.02894 0.38152 0.23286 1424.425
0.740 0.43750 42.36691 1.17017 18.53555 0.35654 0.02905 0.38118 0.23323 1424.962
0.745 0.43750 42.41610 1.17153 18.55709 0.35640 0.02916 0.38083 0.23361 1425.499
0.750 0.43750 42.46538 1.17290 18.57869 0.35626 0.02927 0.38048 0.23399 1426.037
0.755 0.43750 42.51475 1.17426 18.60034 0.35612 0.02938 0.38013 0.23437 1426.576
0.760 0.43750 42.56420 1.17563 18.62203 0.35598 0.02949 0.37978 0.23474 1427.115
0.765 0.43751 42.61375 1.17701 18.64378 0.35584 0.02960 0.37943 0.23512 1427.655
0.770 0.43751 42.66338 1.17838 18.66558 0.35570 0.02971 0.37908 0.23550 1428.196
0.775 0.43751 42.71310 1.17976 18.68743 0.35556 0.02982 0.37873 0.23588 1428.737
0.780 0.43751 42.76291 1.18115 18.70934 0.35542 0.02994 0.37838 0.23626 1429.279
0.785 0.43752 42.81281 1.18253 18.73130 0.35528 0.03005 0.37803 0.23663 1429.821
0.790 0.43752 42.86280 1.18392 18.75330 0.35514 0.03016 0.37768 0.23701 1430.364
0.795 0.43752 42.91288 1.18531 18.77536 0.35500 0.03028 0.37733 0.23739 1430.908
0.800 0.43753 42.96305 1.18671 18.79748 0.35486 0.03039 0.37698 0.23777 1431.453
0.805 0.43753 43.01331 1.18811 18.81964 0.35471 0.03050 0.37663 0.23815 1431.997
0.810 0.43754 43.06366 1.18951 18.84186 0.35457 0.03062 0.37628 0.23853 1432.543
0.815 0.43754 43.11409 1.19092 18.86414 0.35442 0.03073 0.37593 0.23891 1433.089
0.820 0.43754 43.16462 1.19233 18.88646 0.35428 0.03085 0.37558 0.23929 1433.636
0.825 0.43755 43.21524 1.19374 18.90884 0.35413 0.03096 0.37523 0.23967 1434.184
0.830 0.43756 43.26595 1.19516 18.93127 0.35399 0.03108 0.37488 0.24006 1434.732
0.835 0.43756 43.31675 1.19658 18.95376 0.35384 0.03120 0.37452 0.24044 1435.281
0.840 0.43757 43.36765 1.19800 18.97630 0.35370 0.03131 0.37417 0.24082 1435.830
0.845 0.43757 43.41863 1.19942 18.99889 0.35355 0.03143 0.37382 0.24120 1436.380
0.850 0.43758 43.46970 1.20085 19.02154 0.35340 0.03155 0.37347 0.24158 1436.931
0.855 0.43759 43.52087 1.20229 19.04424 0.35326 0.03167 0.37311 0.24197 1437.482
0.860 0.43760 43.57213 1.20372 19.06700 0.35311 0.03178 0.37276 0.24235 1438.034
0.865 0.43760 43.62348 1.20516 19.08981 0.35296 0.03190 0.37241 0.24273 1438.587
0.870 0.43761 43.67493 1.20661 19.11268 0.35281 0.03202 0.37205 0.24311 1439.140
0.875 0.43762 43.72646 1.20806 19.13560 0.35266 0.03214 0.37170 0.24350 1439.694
0.880 0.43763 43.77809 1.20951 19.15858 0.35251 0.03226 0.37135 0.24388 1440.249
0.885 0.43764 43.82981 1.21096 19.18161 0.35236 0.03238 0.37099 0.24427 1440.804
0.890 0.43765 43.88162 1.21242 19.20470 0.35221 0.03250 0.37064 0.24465 1441.360
0.895 0.43766 43.93353 1.21388 19.22784 0.35206 0.03262 0.37028 0.24504 1441.916
0.900 0.43767 43.98553 1.21534 19.25104 0.35191 0.03275 0.36993 0.24542 1442.473
0.905 0.43768 44.03763 1.21681 19.27430 0.35175 0.03287 0.36957 0.24580 1443.031
0.910 0.43769 44.08982 1.21828 19.29761 0.35160 0.03299 0.36922 0.24619 1443.590
0.915 0.43770 44.14210 1.21976 19.32098 0.35145 0.03311 0.36886 0.24658 1444.149
0.920 0.43771 44.19448 1.22124 19.34441 0.35130 0.03324 0.36851 0.24696 1444.709
0.925 0.43772 44.24695 1.22272 19.36789 0.35114 0.03336 0.36815 0.24735 1445.269
0.930 0.43773 44.29951 1.22421 19.39143 0.35099 0.03348 0.36780 0.24773 1445.830
0.935 0.43775 44.35217 1.22570 19.41503 0.35083 0.03361 0.36744 0.24812 1446.392
0.940 0.43776 44.40493 1.22719 19.43868 0.35068 0.03373 0.36708 0.24851 1446.954
0.945 0.43777 44.45778 1.22869 19.46239 0.35052 0.03386 0.36673 0.24889 1447.517
0.950 0.43779 44.51072 1.23019 19.48616 0.35037 0.03398 0.36637 0.24928 1448.081
0.955 0.43780 44.56377 1.23169 19.50999 0.35021 0.03411 0.36601 0.24967 1448.645
0.960 0.43781 44.61690 1.23320 19.53388 0.35005 0.03424 0.36566 0.25006 1449.210
0.965 0.43783 44.67014 1.23471 19.55782 0.34989 0.03436 0.36530 0.25044 1449.776
0.970 0.43784 44.72347 1.23623 19.58183 0.34974 0.03449 0.36494 0.25083 1450.342
0.975 0.43786 44.77689 1.23775 19.60589 0.34958 0.03462 0.36458 0.25122 1450.909
0.980 0.43787 44.83041 1.23927 19.63001 0.34942 0.03475 0.36423 0.25161 1451.477
0.985 0.43789 44.88403 1.24079 19.65419 0.34926 0.03487 0.36387 0.25200 1452.045
0.990 0.43790 44.93775 1.24232 19.67843 0.34910 0.03500 0.36351 0.25239 1452.614
0.995 0.43792 44.99156 1.24386 19.70273 0.34894 0.03513 0.36315 0.25278 1453.184
1.000 0.43794 45.04547 1.24540 19.72709 0.34878 0.03526 0.36279 0.25317 1453.754
1.005 0.43795 45.09948 1.24694 19.75150 0.34862 0.03539 0.36243 0.25356 1454.325
1.010 0.43797 45.15359 1.24848 19.77598 0.34846 0.03552 0.36207 0.25394 1454.897
1.015 0.43799 45.20779 1.25003 19.80052 0.34829 0.03565 0.36172 0.25433 1455.469
1.020 0.43801 45.26209 1.25159 19.82512 0.34813 0.03579 0.36136 0.25473 1456.042
1.025 0.43803 45.31649 1.25314 19.84978 0.34797 0.03592 0.36100 0.25512 1456.616
1.030 0.43804 45.37099 1.25470 19.87450 0.34781 0.03605 0.36064 0.25551 1457.190
1.035 0.43806 45.42559 1.25627 19.89928 0.34764 0.03618 0.36028 0.25590 1457.765
1.040 0.43808 45.48028 1.25784 19.92413 0.34748 0.03632 0.35992 0.25629 1458.341
1.045 0.43810 45.53508 1.25941 19.94903 0.34731 0.03645 0.35956 0.25668 1458.917
1.050 0.43812 45.58997 1.26098 19.97400 0.34715 0.03659 0.35920 0.25707 1459.494
1.055 0.43814 45.64497 1.26256 19.99903 0.34698 0.03672 0.35883 0.25746 1460.072
1.060 0.43816 45.70006 1.26415 20.02412 0.34682 0.03685 0.35847 0.25786 1460.650
1.065 0.43819 45.75525 1.26574 20.04927 0.34665 0.03699 0.35811 0.25825 1461.229
1.070 0.43821 45.81055 1.26733 20.07449 0.34648 0.03713 0.35775 0.25864 1461.809
1.075 0.43823 45.86594 1.26892 20.09976 0.34632 0.03726 0.35739 0.25903 1462.389
1.080 0.43825 45.92144 1.27052 20.12510 0.34615 0.03740 0.35703 0.25942 1462.970
1.085 0.43827 45.97703 1.27213 20.15051 0.34598 0.03754 0.35667 0.25982 1463.552
1.090 0.43830 46.03273 1.27374 20.17597 0.34581 0.03767 0.35630 0.26021 1464.135
1.095 0.43832 46.08853 1.27535 20.20150 0.34564 0.03781 0.35594 0.26060 1464.718
1.100 0.43834 46.14442 1.27696 20.22710 0.34547 0.03795 0.35558 0.26100 1465.302
1.105 0.43837 46.20042 1.27858 20.25276 0.34530 0.03809 0.35522 0.26139 1465.886
1.110 0.43839 46.25653 1.28021 20.27848 0.34513 0.03823 0.35485 0.26179 1466.471
1.115 0.43842 46.31273 1.28183 20.30427 0.34496 0.03837 0.35449 0.26218 1467.057
1.120 0.43844 46.36904 1.28347 20.33012 0.34479 0.03851 0.35413 0.26257 1467.644
1.125 0.43847 46.42545 1.28510 20.35603 0.34462 0.03865 0.35377 0.26297 1468.231
1.130 0.43849 46.48196 1.28674 20.38201 0.34444 0.03879 0.35340 0.26336 1468.819
1.135 0.43852 46.53857 1.28839 20.40806 0.34427 0.03893 0.35304 0.26376 1469.407
1.140 0.43855 46.59529 1.29004 20.43417 0.34410 0.03908 0.35267 0.26415 1469.997
1.145 0.43857 46.65211 1.29169 20.46035 0.34392 0.03922 0.35231 0.26455 1470.587
1.150 0.43860 46.70903 1.29335 20.48659 0.34375 0.03936 0.35195 0.26494 1471.177
1.155 0.43863 46.76606 1.29501 20.51290 0.34357 0.03951 0.35158 0.26534 1471.769
1.160 0.43866 46.82319 1.29667 20.53928 0.34340 0.03965 0.35122 0.26573 1472.361
1.165 0.43868 46.88043 1.29834 20.56572 0.34322 0.03979 0.35085 0.26613 1472.954
1.170 0.43871 46.93777 1.30001 20.59223 0.34305 0.03994 0.35049 0.26653 1473.547
1.175 0.43874 46.99521 1.30169 20.61880 0.34287 0.04008 0.35012 0.26692 1474.141
1.180 0.43877 47.05276 1.30337 20.64544 0.34269 0.04023 0.34976 0.26732 1474.736
1.185 0.43880 47.11041 1.30506 20.67215 0.34252 0.04038 0.34939 0.26771 1475.332
1.190 0.43883 47.16817 1.30675 20.69893 0.34234 0.04052 0.34903 0.26811 1475.928
1.195 0.43886 47.22603 1.30845 20.72577 0.34216 0.04067 0.34866 0.26851 1476.525
1.200 0.43889 47.28400 1.31014 20.75269 0.34198 0.04082 0.34829 0.26891 1477.122
1.205 0.43893 47.34208 1.31185 20.77967 0.34180 0.04097 0.34793 0.26930 1477.721
1.210 0.43896 47.40026 1.31356 20.80672 0.34162 0.04112 0.34756 0.26970 1478.320
1.215 0.43899 47.45855 1.31527 20.83384 0.34144 0.04127 0.34720 0.27010 1478.920
1.220 0.43902 47.51694 1.31698 20.86102 0.34126 0.04141 0.34683 0.27049 1479.520
1.225 0.43906 47.57544 1.31870 20.88828 0.34108 0.04156 0.34646 0.27089 1480.121
1.230 0.43909 47.63405 1.32043 20.91561 0.34090 0.04172 0.34609 0.27129 1480.723
1.235 0.43912 47.69276 1.32216 20.94300 0.34072 0.04187 0.34573 0.27169 1481.326
1.240 0.43916 47.75158 1.32389 20.97047 0.34053 0.04202 0.34536 0.27209 1481.929
1.245 0.43919 47.81051 1.32563 20.99800 0.34035 0.04217 0.34499 0.27248 1482.533
1.250 0.43923 47.86954 1.32737 21.02561 0.34017 0.04232 0.34463 0.27288 1483.137
1.255 0.43926 47.92869 1.32912 21.05328 0.33998 0.04248 0.34426 0.27328 1483.743
1.260 0.43930 47.98794 1.33087 21.08103 0.33980 0.04263 0.34389 0.27368 1484.349
1.265 0.43933 48.04730 1.33263 21.10885 0.33962 0.04278 0.34352 0.27408 1484.956
1.270 0.43937 48.10677 1.33439 21.13674 0.33943 0.04294 0.34315 0.27448 1485.563
1.275 0.43941 48.16635 1.33616 21.16470 0.33925 0.04309 0.34278 0.27488 1486.171
1.280 0.43945 48.22603 1.33792 21.19273 0.33906 0.04325 0.34242 0.27528 1486.780
1.285 0.43948 48.28583 1.33970 21.22083 0.33887 0.04340 0.34205 0.27568 1487.390
1.290 0.43952 48.34573 1.34148 21.24901 0.33869 0.04356 0.34168 0.27608 1488.000
1.295 0.43956 48.40575 1.34326 21.27726 0.33850 0.04372 0.34131 0.27648 1488.612
1.300 0.43960 48.46587 1.34505 21.30558 0.33831 0.04388 0.34094 0.27688 1489.223
1.305 0.43964 48.52610 1.34684 21.33397 0.33812 0.04403 0.34057 0.27727 1489.836
1.310 0.43968 48.58645 1.34864 21.36244 0.33793 0.04419 0.34020 0.27767 1490.449
1.315 0.43972 48.64690 1.35044 21.39098 0.33774 0.04435 0.33983 0.27808 1491.063
1.320 0.43976 48.70747 1.35225 21.41959 0.33755 0.04451 0.33946 0.27848 1491.678
1.325 0.43980 48.76814 1.35406 21.44828 0.33736 0.04467 0.33909 0.27888 1492.293
1.330 0.43984 48.82893 1.35587 21.47704 0.33717 0.04483 0.33872 0.27928 1492.909
1.335 0.43988 48.88983 1.35769 21.50588 0.33698 0.04499 0.33835 0.27968 1493.526
1.340 0.43993 48.95084 1.35952 21.53479 0.33679 0.04515 0.33798 0.28008 1494.144
1.345 0.43997 49.01196 1.36135 21.56378 0.33660 0.04531 0.33761 0.28048 1494.762
1.350 0.44001 49.07320 1.36318 21.59284 0.33641 0.04548 0.33724 0.28088 1495.381
1.355 0.44006 49.13454 1.36502 21.62197 0.33621 0.04564 0.33687 0.28128 1496.001
1.360 0.44010 49.19600 1.36687 21.65118 0.33602 0.04580 0.33650 0.28168 1496.621
1.365 0.44014 49.25757 1.36872 21.68047 0.33583 0.04597 0.33612 0.28208 1497.242
1.370 0.44019 49.31926 1.37057 21.70984 0.33563 0.04613 0.33575 0.28248 1497.864
1.375 0.44024 49.38105 1.37243 21.73928 0.33544 0.04630 0.33538 0.28288 1498.487
1.380 0.44028 49.44296 1.37429 21.76879 0.33524 0.04646 0.33501 0.28329 1499.110
1.385 0.44033 49.50499 1.37616 21.79839 0.33505 0.04663 0.33464 0.28369 1499.734
1.390 0.44037 49.56712 1.37803 21.82806 0.33485 0.04679 0.33426 0.28409 1500.359
1.395 0.44042 49.62937 1.37991 21.85780 0.33465 0.04696 0.33389 0.28449 1500.985
1.400 0.44047 49.69174 1.38179 21.88763 0.33446 0.04713 0.33352 0.28489 1501.611
1.405 0.44052 49.75422 1.38368 21.91753 0.33426 0.04730 0.33315 0.28529 1502.238
1.410 0.44056 49.81681 1.38558 21.94751 0.33406 0.04747 0.33277 0.28570 1502.866
1.415 0.44061 49.87952 1.38747 21.97757 0.33386 0.04764 0.33240 0.28610 1503.494
1.420 0.44066 49.94235 1.38938 22.00771 0.33367 0.04780 0.33203 0.28650 1504.124
1.425 0.44071 50.00529 1.39128 22.03793 0.33347 0.04797 0.33166 0.28690 1504.754
1.430 0.44076 50.06834 1.39320 22.06823 0.33327 0.04815 0.33128 0.28731 1505.384
1.435 0.44081 50.13151 1.39511 22.09860 0.33307 0.04832 0.33091 0.28771 1506.016
1.440 0.44086 50.19480 1.39704 22.12906 0.33287 0.04849 0.33053 0.28811 1506.648
1.445 0.44091 50.25820 1.39896 22.15959 0.33267 0.04866 0.33016 0.28851 1507.281
1.450 0.44097 50.32172 1.40090 22.19021 0.33246 0.04883 0.32979 0.28892 1507.915
1.455 0.44102 50.38536 1.40284 22.22091 0.33226 0.04901 0.32941 0.28932 1508.549
1.460 0.44107 50.44911 1.40478 22.25169 0.33206 0.04918 0.32904 0.28972 1509.184
1.465 0.44113 50.51298 1.40673 22.28254 0.33186 0.04936 0.32866 0.29012 1509.820
1.470 0.44118 50.57697 1.40868 22.31348 0.33165 0.04953 0.32829 0.29053 1510.457
1.475 0.44123 50.64108 1.41064 22.34451 0.33145 0.04971 0.32792 0.29093 1511.094
1.480 0.44129 50.70530 1.41260 22.37561 0.33125 0.04988 0.32754 0.29133 1511.732
1.485 0.44134 50.76964 1.41457 22.40679 0.33104 0.05006 0.32717 0.29174 1512.371
1.490 0.44140 50.83410 1.41654 22.43806 0.33084 0.05023 0.32679 0.29214 1513.011
1.495 0.44145 50.89868 1.41852 22.46941 0.33063 0.05041 0.32642 0.29254 1513.651
1.500 0.44151 50.96337 1.42051 22.50085 0.33042 0.05059 0.32604 0.29294 1514.293
1.505 0.44157 51.02819 1.42250 22.53236 0.33022 0.05077 0.32566 0.29335 1514.934
1.510 0.44162 51.09312 1.42449 22.56396 0.33001 0.05095 0.32529 0.29375 1515.577
1.515 0.44168 51.15817 1.42649 22.59565 0.32980 0.05113 0.32491 0.29415 1516.220
1.520 0.44174 51.22335 1.42850 22.62742 0.32960 0.05131 0.32454 0.29456 1516.865
1.525 0.44180 51.28864 1.43051 22.65927 0.32939 0.05149 0.32416 0.29496 1517.509
1.530 0.44186 51.35405 1.43253 22.69121 0.32918 0.05167 0.32379 0.29536 1518.155
1.535 0.44192 51.41959 1.43455 22.72323 0.32897 0.05185 0.32341 0.29577 1518.802
1.540 0.44198 51.48524 1.43657 22.75534 0.32876 0.05204 0.32303 0.29617 1519.449
1.545 0.44204 51.55101 1.43861 22.78753 0.32855 0.05222 0.32266 0.29657 1520.097
1.550 0.44210 51.61691 1.44064 22.81981 0.32834 0.05240 0.32228 0.29698 1520.745
1.555 0.44216 51.68292 1.44269 22.85218 0.32813 0.05259 0.32190 0.29738 1521.395
1.560 0.44222 51.74906 1.44474 22.88463 0.32792 0.05277 0.32153 0.29778 1522.045
1.565 0.44229 51.81532 1.44679 22.91717 0.32771 0.05296 0.32115 0.29819 1522.696
1.570 0.44235 51.88170 1.44885 22.94979 0.32750 0.05314 0.32077 0.29859 1523.348
1.575 0.44241 51.94821 1.45092 22.98251 0.32728 0.05333 0.32039 0.29900 1524.000
1.580 0.44248 52.01483 1.45299 23.01531 0.32707 0.05351 0.32002 0.29940 1524.653
1.585 0.44254 52.08158 1.45506 23.04820 0.32686 0.05370 0.31964 0.29980 1525.307
1.590 0.44261 52.14845 1.45714 23.08117 0.32664 0.05389 0.31926 0.30021 1525.962
1.595 0.44267 52.21545 1.45923 23.11424 0.32643 0.05408 0.31888 0.30061 1526.618
1.600 0.44274 52.28256 1.46133 23.14739 0.32621 0.05427 0.31851 0.30101 1527.274
1.605 0.44280 52.34980 1.46342 23.18064 0.32600 0.05446 0.31813 0.30142 1527.931
1.610 0.44287 52.41717 1.46553 23.21397 0.32578 0.05465 0.31775 0.30182 1528.589
1.615 0.44294 52.48466 1.46764 23.24739 0.32557 0.05484 0.31737 0.30222 1529.247
1.620 0.44300 52.55227 1.46975 23.28090 0.32535 0.05503 0.31699 0.30263 1529.907
1.625 0.44307 52.62001 1.47188 23.31451 0.32513 0.05522 0.31661 0.30303 1530.567
1.630 0.44314 52.68787 1.47400 23.34820 0.32491 0.05541 0.31624 0.30343 1531.228
1.635 0.44321 52.75586 1.47614 23.38198 0.32470 0.05561 0.31586 0.30384 1531.889
1.640 0.44328 52.82397 1.47827 23.41586 0.32448 0.05580 0.31548 0.30424 1532.552
1.645 0.44335 52.89221 1.48042 23.44983 0.32426 0.05600 0.31510 0.30465 1533.215
1.650 0.44342 52.96057 1.48257 23.48389 0.32404 0.05619 0.31472 0.30505 1533.879
1.655 0.44349 53.02906 1.48472 23.51804 0.32382 0.05639 0.31434 0.30545 1534.544
1.660 0.44357 53.09767 1.48689 23.55228 0.32360 0.05658 0.31396 0.30586 1535.209
1.665 0.44364 53.16641 1.48905 23.58662 0.32338 0.05678 0.31358 0.30626 1535.876
1.670 0.44371 53.23528 1.49123 23.62105 0.32316 0.05698 0.31320 0.30666 1536.543
1.675 0.44378 53.30427 1.49341 23.65557 0.32294 0.05717 0.31282 0.30707 1537.211
1.680 0.44386 53.37340 1.49559 23.69019 0.32272 0.05737 0.31244 0.30747 1537.879
1.685 0.44393 53.44264 1.49778 23.72490 0.32249 0.05757 0.31206 0.30787 1538.549
1.690 0.44401 53.51202 1.49998 23.75970 0.32227 0.05777 0.31168 0.30828 1539.219
1.695 0.44408 53.58152 1.50218 23.79460 0.32205 0.05797 0.31130 0.30868 1539.890
1.700 0.44416 53.65115 1.50439 23.82960 0.32182 0.05817 0.31092 0.30908 1540.561
1.705 0.44423 53.72091 1.50661 23.86469 0.32160 0.05837 0.31054 0.30949 1541.234
1.710 0.44431 53.79080 1.50883 23.89988 0.32138 0.05857 0.31016 0.30989 1541.907
1.715 0.44439 53.86082 1.51106 23.93516 0.32115 0.05878 0.30978 0.31029 1542.581
1.720 0.44447 53.93096 1.51329 23.97054 0.32092 0.05898 0.30940 0.31069 1543.256
1.725 0.44455 54.00124 1.51553 24.00601 0.32070 0.05918 0.30902 0.31110 1543.932
1.730 0.44462 54.07164 1.51778 24.04158 0.32047 0.05939 0.30864 0.31150 1544.608
1.735 0.44470 54.14218 1.52003 24.07725 0.32025 0.05959 0.30826 0.31190 1545.286
1.740 0.44478 54.21284 1.52229 24.11302 0.32002 0.05980 0.30788 0.31231 1545.964
1.745 0.44487 54.28363 1.52455 24.14889 0.31979 0.06000 0.30750 0.31271 1546.642
1.750 0.44495 54.35456 1.52682 24.18485 0.31956 0.06021 0.30711 0.31311 1547.322
1.755 0.44503 54.42561 1.52910 24.22092 0.31933 0.06042 0.30673 0.31351 1548.002
1.760 0.44511 54.49680 1.53138 24.25708 0.31911 0.06063 0.30635 0.31392 1548.684
1.765 0.44519 54.56811 1.53367 24.29334 0.31888 0.06083 0.30597 0.31432 1549.366
1.770 0.44528 54.63956 1.53597 24.32970 0.31865 0.06104 0.30559 0.31472 1550.048
1.775 0.44536 54.71114 1.53827 24.36616 0.31842 0.06125 0.30521 0.31512 1550.732
1.780 0.44544 54.78285 1.54058 24.40272 0.31819 0.06146 0.30483 0.31553 1551.416
1.785 0.44553 54.85469 1.54289 24.43939 0.31796 0.06167 0.30444 0.31593 1552.101
1.790 0.44562 54.92666 1.54521 24.47615 0.31772 0.06188 0.30406 0.31633 1552.787
1.795 0.44570 54.99877 1.54754 24.51301 0.31749 0.06210 0.30368 0.31673 1553.474
1.800 0.44579 55.07101 1.54987 24.54998 0.31726 0.06231 0.30330 0.31713 1554.161
1.805 0.44587 55.14338 1.55221 24.58705 0.31703 0.06252 0.30291 0.31754 1554.850
1.810 0.44596 55.21589 1.55456 24.62422 0.31679 0.06274 0.30253 0.31794 1555.539
1.815 0.44605 55.28853 1.55691 24.66150 0.31656 0.06295 0.30215 0.31834 1556.229
1.820 0.44614 55.36130 1.55927 24.69887 0.31633 0.06317 0.30177 0.31874 1556.919
1.825 0.44623 55.43420 1.56164 24.73636 0.31609 0.06338 0.30138 0.31914 1557.611
1.830 0.44632 55.50724 1.56401 24.77394 0.31586 0.06360 0.30100 0.31954 1558.303
1.835 0.44641 55.58042 1.56639 24.81163 0.31562 0.06381 0.30062 0.31994 1558.996
1.840 0.44650 55.65373 1.56878 24.84943 0.31539 0.06403 0.30024 0.32035 1559.690
1.845 0.44659 55.72717 1.57117 24.88732 0.31515 0.06425 0.29985 0.32075 1560.385
1.850 0.44668 55.80075 1.57357 24.92533 0.31491 0.06447 0.29947 0.32115 1561.080
1.855 0.44678 55.87446 1.57597 24.96344 0.31468 0.06469 0.29909 0.32155 1561.777
1.860 0.44687 55.94831 1.57839 25.00166 0.31444 0.06491 0.29870 0.32195 1562.474
1.865 0.44696 56.02230 1.58081 25.03998 0.31420 0.06513 0.29832 0.32235 1563.172
1.870 0.44706 56.09642 1.58323 25.07841 0.31396 0.06535 0.29794 0.32275 1563.870
1.875 0.44715 56.17068 1.58567 25.11695 0.31372 0.06557 0.29755 0.32315 1564.570
1.880 0.44725 56.24507 1.58811 25.15559 0.31349 0.06579 0.29717 0.32355 1565.270
1.885 0.44735 56.31960 1.59055 25.19435 0.31325 0.06602 0.29679 0.32395 1565.971
1.890 0.44744 56.39427 1.59301 25.23321 0.31301 0.06624 0.29640 0.32435 1566.673
1.895 0.44754 56.46907 1.59547 25.27218 0.31277 0.06647 0.29602 0.32475 1567.376
1.900 0.44764 56.54401 1.59793 25.31126 0.31252 0.06669 0.29563 0.32515 1568.080
1.905 0.44774 56.61909 1.60041 25.35045 0.31228 0.06692 0.29525 0.32555 1568.784
1.910 0.44784 56.69431 1.60289 25.38975 0.31204 0.06714 0.29487 0.32595 1569.489
1.915 0.44794 56.76967 1.60538 25.42916 0.31180 0.06737 0.29448 0.32635 1570.195
1.920 0.44804 56.84516 1.60787 25.46868 0.31156 0.06760 0.29410 0.32675 1570.902
1.925 0.44814 56.92079 1.61037 25.50831 0.31131 0.06783 0.29371 0.32715 1571.609
1.930 0.44824 56.99656 1.61288 25.54805 0.31107 0.06805 0.29333 0.32754 1572.318
1.935 0.44834 57.07247 1.61540 25.58790 0.31083 0.06828 0.29295 0.32794 1573.027
1.940 0.44844 57.14852 1.61792 25.62787 0.31058 0.06851 0.29256 0.32834 1573.737
1.945 0.44855 57.22471 1.62045 25.66795 0.31034 0.06874 0.29218 0.32874 1574.448
1.950 0.44865 57.30104 1.62299 25.70814 0.31009 0.06898 0.29179 0.32914 1575.160
1.955 0.44876 57.37751 1.62553 25.74845 0.30985 0.06921 0.29141 0.32954 1575.872
1.960 0.44886 57.45412 1.62809 25.78887 0.30960 0.06944 0.29102 0.32993 1576.585
1.965 0.44897 57.53087 1.63064 25.82940 0.30936 0.06967 0.29064 0.33033 1577.299
1.970 0.44907 57.60776 1.63321 25.87005 0.30911 0.06991 0.29025 0.33073 1578.014
1.975 0.44918 57.68479 1.63578 25.91081 0.30886 0.07014 0.28987 0.33113 1578.730
1.980 0.44929 57.76196 1.63836 25.95169 0.30862 0.07038 0.28948 0.33152 1579.447
1.985 0.44940 57.83928 1.64095 25.99269 0.30837 0.07061 0.28910 0.33192 1580.164
1.990 0.44950 57.91673 1.64355 26.03380 0.30812 0.07085 0.28871 0.33232 1580.882
1.995 0.44961 57.99433 1.64615 26.07502 0.30787 0.07109 0.28833 0.33271 1581.601
2.000 0.44972 58.07207 1.64876 26.11637 0.30762 0.07133 0.28794 0.33311 1582.321
2.005 0.44983 58.14995 1.65138 26.15783 0.30737 0.07156 0.28756 0.33351 1583.042
2.010 0.44995 58.22797 1.65400 26.19941 0.30712 0.07180 0.28717 0.33390 1583.763
2.015 0.45006 58.30614 1.65664 26.24111 0.30687 0.07204 0.28679 0.33430 1584.485
2.020 0.45017 58.38445 1.65928 26.28292 0.30662 0.07228 0.28640 0.33469 1585.208
2.025 0.45028 58.46290 1.66192 26.32486 0.30637 0.07252 0.28602 0.33509 1585.932
2.030 0.45040 58.54150 1.66458 26.36692 0.30612 0.07277 0.28563 0.33548 1586.657
2.035 0.45051 58.62024 1.66724 26.40909 0.30587 0.07301 0.28524 0.33588 1587.383
2.040 0.45063 58.69912 1.66991 26.45139 0.30561 0.07325 0.28486 0.33627 1588.109
2.045 0.45074 58.77815 1.67259 26.49380 0.30536 0.07350 0.28447 0.33667 1588.836
2.050 0.45086 58.85733 1.67527 26.53634 0.30511 0.07374 0.28409 0.33706 1589.564
2.055 0.45098 58.93665 1.67797 26.57900 0.30485 0.07399 0.28370 0.33746 1590.293
2.060 0.45109 59.01611 1.68067 26.62178 0.30460 0.07423 0.28332 0.33785 1591.023
2.065 0.45121 59.09572 1.68338 26.66469 0.30435 0.07448 0.28293 0.33824 1591.754
2.070 0.45133 59.17547 1.68609 26.70771 0.30409 0.07473 0.28254 0.33864 1592.485
2.075 0.45145 59.25537 1.68882 26.75086 0.30384 0.07497 0.28216 0.33903 1593.217
2.080 0.45157 59.33541 1.69155 26.79414 0.30358 0.07522 0.28177 0.33942 1593.950
2.085 0.45169 59.41561 1.69429 26.83754 0.30333 0.07547 0.28139 0.33982 1594.684
2.090 0.45181 59.49594 1.69704 26.88106 0.30307 0.07572 0.28100 0.34021 1595.419
2.095 0.45194 59.57643 1.69979 26.92471 0.30281 0.07597 0.28061 0.34060 1596.154
2.100 0.45206 59.65706 1.70256 26.96848 0.30256 0.07622 0.28023 0.34099 1596.890
2.105 0.45218 59.73784 1.70533 27.01238 0.30230 0.07647 0.27984 0.34139 1597.628
2.110 0.45231 59.81876 1.70811 27.05641 0.30204 0.07673 0.27946 0.34178 1598.366
2.115 0.45243 59.89983 1.71089 27.10056 0.30178 0.07698 0.27907 0.34217 1599.104
2.120 0.45256 59.98105 1.71369 27.14484 0.30152 0.07723 0.27868 0.34256 1599.844
2.125 0.45268 60.06242 1.71649 27.18925 0.30126 0.07749 0.27830 0.34295 1600.585
2.130 0.45281 60.14394 1.71930 27.23379 0.30100 0.07774 0.27791 0.34334 1601.326
2.135 0.45294 60.22560 1.72212 27.27846 0.30074 0.07800 0.27752 0.34373 1602.068
2.140 0.45307 60.30742 1.72495 27.32325 0.30048 0.07826 0.27714 0.34412 1602.811
2.145 0.45320 60.38938 1.72779 27.36818 0.30022 0.07851 0.27675 0.34451 1603.555
2.150 0.45332 60.47149 1.73063 27.41323 0.29996 0.07877 0.27637 0.34490 1604.300
2.155 0.45346 60.55375 1.73349 27.45842 0.29970 0.07903 0.27598 0.34529 1605.045
2.160 0.45359 60.63616 1.73635 27.50373 0.29944 0.07929 0.27559 0.34568 1605.791
2.165 0.45372 60.71872 1.73922 27.54918 0.29918 0.07955 0.27521 0.34607 1606.539
2.170 0.45385 60.80143 1.74209 27.59476 0.29891 0.07981 0.27482 0.34646 1607.287
2.175 0.45398 60.88429 1.74498 27.64047 0.29865 0.08007 0.27443 0.34685 1608.035
2.180 0.45412 60.96731 1.74787 27.68632 0.29839 0.08033 0.27405 0.34723 1608.785
2.185 0.45425 61.05047 1.75078 27.73230 0.29812 0.08060 0.27366 0.34762 1609.536
2.190 0.45439 61.13378 1.75369 27.77841 0.29786 0.08086 0.27327 0.34801 1610.287
2.195 0.45452 61.21724 1.75661 27.82466 0.29760 0.08112 0.27289 0.34840 1611.039
2.200 0.45466 61.30086 1.75954 27.87104 0.29733 0.08139 0.27250 0.34878 1611.792
2.205 0.45480 61.38463 1.76247 27.91756 0.29707 0.08165 0.27211 0.34917 1612.546
2.210 0.45494 61.46854 1.76542 27.96421 0.29680 0.08192 0.27173 0.34955 1613.301
2.215 0.45507 61.55262 1.76837 28.01100 0.29653 0.08219 0.27134 0.34994 1614.056
2.220 0.45521 61.63684 1.77133 28.05792 0.29627 0.08245 0.27095 0.35033 1614.813
2.225 0.45535 61.72121 1.77430 28.10499 0.29600 0.08272 0.27057 0.35071 1615.570
2.230 0.45549 61.80574 1.77728 28.15219 0.29573 0.08299 0.27018 0.35110 1616.328
2.235 0.45564 61.89042 1.78027 28.19953 0.29547 0.08326 0.26979 0.35148 1617.087
2.240 0.45578 61.97526 1.78327 28.24700 0.29520 0.08353 0.26941 0.35187 1617.847
2.245 0.45592 62.06025 1.78628 28.29462 0.29493 0.08380 0.26902 0.35225 1618.607
2.250 0.45607 62.14539 1.78929 28.34238 0.29466 0.08408 0.26863 0.35263 1619.369
2.255 0.45621 62.23068 1.79232 28.39028 0.29439 0.08435 0.26824 0.35302 1620.131
2.260 0.45636 62.31613 1.79535 28.43831 0.29412 0.08462 0.26786 0.35340 1620.894
2.265 0.45650 62.40174 1.79839 28.48649 0.29385 0.08489 0.26747 0.35378 1621.658
2.270 0.45665 62.48750 1.80144 28.53481 0.29358 0.08517 0.26708 0.35416 1622.423
2.275 0.45680 62.57341 1.80450 28.58328 0.29331 0.08544 0.26670 0.35455 1623.188
2.280 0.45694 62.65948 1.80757 28.63188 0.29304 0.08572 0.26631 0.35493 1623.955
2.285 0.45709 62.74570 1.81065 28.68063 0.29277 0.08600 0.26592 0.35531 1624.722
2.290 0.45724 62.83208 1.81373 28.72953 0.29250 0.08628 0.26554 0.35569 1625.491
2.295 0.45739 62.91861 1.81683 28.77856 0.29223 0.08655 0.26515 0.35607 1626.260
2.300 0.45754 63.00530 1.81993 28.82775 0.29195 0.08683 0.26476 0.35645 1627.029
2.305 0.45770 63.09215 1.82305 28.87707 0.29168 0.08711 0.26438 0.35683 1627.800
2.310 0.45785 63.17915 1.82617 28.92655 0.29141 0.08739 0.26399 0.35721 1628.572
2.315 0.45800 63.26631 1.82930 28.97617 0.29113 0.08767 0.26360 0.35759 1629.344
2.320 0.45816 63.35363 1.83245 29.02593 0.29086 0.08796 0.26322 0.35797 1630.117
2.325 0.45831 63.44110 1.83560 29.07585 0.29059 0.08824 0.26283 0.35835 1630.891
2.330 0.45847 63.52873 1.83876 29.12591 0.29031 0.08852 0.26244 0.35873 1631.666
2.335 0.45862 63.61652 1.84193 29.17612 0.29004 0.08881 0.26206 0.35910 1632.442
2.340 0.45878 63.70446 1.84511 29.22648 0.28976 0.08909 0.26167 0.35948 1633.219
2.345 0.45894 63.79256 1.84829 29.27699 0.28949 0.08938 0.26128 0.35986 1633.996
2.350 0.45910 63.88082 1.85149 29.32765 0.28921 0.08966 0.26089 0.36023 1634.775
2.355 0.45926 63.96924 1.85470 29.37846 0.28893 0.08995 0.26051 0.36061 1635.554
2.360 0.45942 64.05782 1.85792 29.42942 0.28866 0.09024 0.26012 0.36099 1636.334
2.365 0.45958 64.14655 1.86115 29.48054 0.28838 0.09052 0.25973 0.36136 1637.115
2.370 0.45974 64.23545 1.86438 29.53180 0.28810 0.09081 0.25935 0.36174 1637.896
2.375 0.45991 64.32450 1.86763 29.58322 0.28782 0.09110 0.25896 0.36211 1638.679
2.380 0.46007 64.41371 1.87088 29.63479 0.28755 0.09139 0.25857 0.36249 1639.462
2.385 0.46023 64.50309 1.87415 29.68652 0.28727 0.09168 0.25819 0.36286 1640.247
2.390 0.46040 64.59262 1.87742 29.73840 0.28699 0.09198 0.25780 0.36323 1641.032
2.395 0.46057 64.68231 1.88071 29.79044 0.28671 0.09227 0.25741 0.36361 1641.818
2.400 0.46073 64.77216 1.88400 29.84263 0.28643 0.09256 0.25703 0.36398 1642.605
2.405 0.46090 64.86217 1.88731 29.89498 0.28615 0.09286 0.25664 0.36435 1643.392
2.410 0.46107 64.95234 1.89062 29.94748 0.28587 0.09315 0.25626 0.36472 1644.181
2.415 0.46124 65.04268 1.89395 30.00014 0.28559 0.09345 0.25587 0.36510 1644.970
2.420 0.46141 65.13317 1.89728 30.05296 0.28531 0.09374 0.25548 0.36547 1645.760
2.425 0.46158 65.22383 1.90063 30.10594 0.28503 0.09404 0.25510 0.36584 1646.551
2.430 0.46175 65.31464 1.90398 30.15908 0.28475 0.09434 0.25471 0.36621 1647.343
2.435 0.46192 65.40562 1.90735 30.21238 0.28446 0.09464 0.25432 0.36658 1648.136
2.440 0.46210 65.49676 1.91072 30.26584 0.28418 0.09494 0.25394 0.36695 1648.930
2.445 0.46227 65.58806 1.91411 30.31945 0.28390 0.09524 0.25355 0.36732 1649.724
2.450 0.46245 65.67952 1.91750 30.37323 0.28362 0.09554 0.25316 0.36768 1650.519
2.455 0.46262 65.77115 1.92091 30.42718 0.28333 0.09584 0.25278 0.36805 1651.316
2.460 0.46280 65.86293 1.92432 30.48128 0.28305 0.09614 0.25239 0.36842 1652.113
2.465 0.46298 65.95489 1.92775 30.53555 0.28276 0.09644 0.25201 0.36879 1652.910
2.470 0.46315 66.04700 1.93119 30.58998 0.28248 0.09675 0.25162 0.36915 1653.709
2.475 0.46333 66.13927 1.93463 30.64458 0.28220 0.09705 0.25123 0.36952 1654.509
2.480 0.46351 66.23171 1.93809 30.69934 0.28191 0.09736 0.25085 0.36989 1655.309
2.485 0.46370 66.32432 1.94156 30.75426 0.28163 0.09766 0.25046 0.37025 1656.110
2.490 0.46388 66.41708 1.94504 30.80936 0.28134 0.09797 0.25007 0.37062 1656.912
2.495 0.46406 66.51001 1.94852 30.86462 0.28105 0.09828 0.24969 0.37098 1657.715
2.500 0.46424 66.60311 1.95202 30.92004 0.28077 0.09858 0.24930 0.37134 1658.519
2.505 0.46443 66.69636 1.95553 30.97564 0.28048 0.09889 0.24892 0.37171 1659.324
2.510 0.46461 66.78979 1.95905 31.03140 0.28019 0.09920 0.24853 0.37207 1660.129
2.515 0.46480 66.88337 1.96258 31.08734 0.27991 0.09951 0.24815 0.37243 1660.936
2.520 0.46499 66.97713 1.96613 31.14344 0.27962 0.09982 0.24776 0.37280 1661.743
2.525 0.46517 67.07104 1.96968 31.19971 0.27933 0.10014 0.24737 0.37316 1662.551
2.530 0.46536 67.16512 1.97324 31.25616 0.27904 0.10045 0.24699 0.37352 1663.360
2.535 0.46555 67.25937 1.97682 31.31277 0.27875 0.10076 0.24660 0.37388 1664.169
2.540 0.46574 67.35378 1.98040 31.36956 0.27847 0.10108 0.24622 0.37424 1664.980
2.545 0.46593 67.44836 1.98400 31.42652 0.27818 0.10139 0.24583 0.37460 1665.791
2.550 0.46613 67.54310 1.98760 31.48366 0.27789 0.10171 0.24545 0.37496 1666.604
2.555 0.46632 67.63801 1.99122 31.54097 0.27760 0.10202 0.24506 0.37532 1667.417
2.560 0.46651 67.73309 1.99485 31.59845 0.27731 0.10234 0.24468 0.37568 1668.231
2.565 0.46671 67.82833 1.99849 31.65611 0.27702 0.10266 0.24429 0.37603 1669.045
2.570 0.46691 67.92374 2.00214 31.71395 0.27673 0.10298 0.24391 0.37639 1669.861
2.575 0.46710 68.01931 2.00581 31.77196 0.27643 0.10330 0.24352 0.37675 1670.678
2.580 0.46730 68.11506 2.00948 31.83015 0.27614 0.10362 0.24314 0.37710 1671.495
2.585 0.46750 68.21096 2.01316 31.88852 0.27585 0.10394 0.24275 0.37746 1672.313
2.590 0.46770 68.30704 2.01686 31.94707 0.27556 0.10426 0.24237 0.37782 1673.132
2.595 0.46790 68.40328 2.02057 32.00580 0.27527 0.10458 0.24198 0.37817 1673.952
2.600 0.46810 68.49969 2.02429 32.06471 0.27497 0.10491 0.24160 0.37852 1674.773
2.605 0.46830 68.59627 2.02802 32.12380 0.27468 0.10523 0.24121 0.37888 1675.594
2.610 0.46851 68.69302 2.03176 32.18307 0.27439 0.10555 0.24083 0.37923 1676.417
2.615 0.46871 68.78993 2.03551 32.24252 0.27409 0.10588 0.24044 0.37958 1677.240
2.620 0.46891 68.88701 2.03928 32.30215 0.27380 0.10621 0.24006 0.37994 1678.064
2.625 0.46912 68.98426 2.04305 32.36197 0.27351 0.10653 0.23967 0.38029 1678.889
2.630 0.46933 69.08168 2.04684 32.42197 0.27321 0.10686 0.23929 0.38064 1679.715
2.635 0.46954 69.17927 2.05064 32.48216 0.27292 0.10719 0.23890 0.38099 1680.542
2.640 0.46974 69.27703 2.05445 32.54253 0.27262 0.10752 0.23852 0.38134 1681.369
2.645 0.46995 69.37495 2.05828 32.60309 0.27233 0.10785 0.23814 0.38169 1682.197
2.650 0.47017 69.47304 2.06211 32.66384 0.27203 0.10818 0.23775 0.38204 1683.026
2.655 0.47038 69.57131 2.06596 32.72477 0.27173 0.10851 0.23737 0.38239 1683.856
2.660 0.47059 69.66974 2.06982 32.78590 0.27144 0.10884 0.23698 0.38273 1684.687
2.665 0.47080 69.76834 2.07369 32.84721 0.27114 0.10918 0.23660 0.38308 1685.519
2.670 0.47102 69.86711 2.07757 32.90871 0.27084 0.10951 0.23622 0.38343 1686.351
2.675 0.47123 69.96605 2.08146 32.97040 0.27055 0.10985 0.23583 0.38377 1687.185
2.680 0.47145 70.06517 2.08537 33.03228 0.27025 0.11018 0.23545 0.38412 1688.019
2.685 0.47167 70.16445 2.08929 33.09436 0.26995 0.11052 0.23507 0.38446 1688.854
2.690 0.47189 70.26390 2.09322 33.15662 0.26965 0.11086 0.23468 0.38481 1689.690
2.695 0.47211 70.36352 2.09716 33.21908 0.26936 0.11119 0.23430 0.38515 1690.527
2.700 0.47233 70.46331 2.10112 33.28174 0.26906 0.11153 0.23392 0.38549 1691.364
2.705 0.47255 70.56327 2.10509 33.34459 0.26876 0.11187 0.23353 0.38584 1692.203
2.710 0.47277 70.66341 2.10907 33.40763 0.26846 0.11221 0.23315 0.38618 1693.042
2.715 0.47299 70.76371 2.11306 33.47087 0.26816 0.11255 0.23277 0.38652 1693.882
2.720 0.47322 70.86418 2.11706 33.53431 0.26786 0.11289 0.23238 0.38686 1694.723
2.725 0.47344 70.96483 2.12108 33.59794 0.26756 0.11324 0.23200 0.38720 1695.564
2.730 0.47367 71.06565 2.12511 33.66177 0.26726 0.11358 0.23162 0.38754 1696.407
2.735 0.47390 71.16664 2.12915 33.72581 0.26696 0.11392 0.23124 0.38788 1697.250
2.740 0.47413 71.26780 2.13321 33.79004 0.26666 0.11427 0.23085 0.38822 1698.095
2.745 0.47436 71.36913 2.13728 33.85447 0.26636 0.11461 0.23047 0.38856 1698.940
2.750 0.47459 71.47063 2.14136 33.91910 0.26606 0.11496 0.23009 0.38889 1699.785
2.755 0.47482 71.57231 2.14545 33.98394 0.26575 0.11531 0.22971 0.38923 1700.632
2.760 0.47505 71.67415 2.14956 34.04898 0.26545 0.11566 0.22933 0.38957 1701.480
2.765 0.47529 71.77617 2.15368 34.11422 0.26515 0.11600 0.22894 0.38990 1702.328
2.770 0.47552 71.87836 2.15781 34.17967 0.26485 0.11635 0.22856 0.39024 1703.177
2.775 0.47576 71.98073 2.16195 34.24532 0.26454 0.11670 0.22818 0.39057 1704.027
2.780 0.47599 72.08326 2.16611 34.31118 0.26424 0.11706 0.22780 0.39090 1704.878
2.785 0.47623 72.18597 2.17028 34.37724 0.26394 0.11741 0.22742 0.39124 1705.730
2.790 0.47647 72.28885 2.17446 34.44351 0.26363 0.11776 0.22704 0.39157 1706.582
2.795 0.47671 72.39190 2.17866 34.50999 0.26333 0.11811 0.22665 0.39190 1707.436
2.800 0.47695 72.49513 2.18287 34.57668 0.26303 0.11847 0.22627 0.39223 1708.290
2.805 0.47719 72.59853 2.18709 34.64358 0.26272 0.11882 0.22589 0.39256 1709.145
2.810 0.47744 72.70210 2.19133 34.71069 0.26242 0.11918 0.22551 0.39289 1710.000
2.815 0.47768 72.80585 2.19558 34.77801 0.26211 0.11954 0.22513 0.39322 1710.857
2.820 0.47793 72.90976 2.19984 34.84554 0.26181 0.11989 0.22475 0.39355 1711.715
2.825 0.47817 73.01386 2.20412 34.91329 0.26150 0.12025 0.22437 0.39388 1712.573
2.830 0.47842 73.11812 2.20841 34.98125 0.26120 0.12061 0.22399 0.39421 1713.432
2.835 0.47867 73.22256 2.21272 35.04942 0.26089 0.12097 0.22361 0.39453 1714.292
2.840 0.47892 73.32717 2.21703 35.11781 0.26058 0.12133 0.22323 0.39486 1715.152
2.845 0.47917 73.43195 2.22136 35.18641 0.26028 0.12169 0.22285 0.39518 1716.014
2.850 0.47942 73.53691 2.22571 35.25523 0.25997 0.12205 0.22247 0.39551 1716.876
2.855 0.47968 73.64205 2.23007 35.32427 0.25966 0.12242 0.22209 0.39583 1717.739
2.860 0.47993 73.74735 2.23444 35.39353 0.25936 0.12278 0.22171 0.39616 1718.603
2.865 0.48018 73.85283 2.23883 35.46301 0.25905 0.12314 0.22133 0.39648 1719.468
2.870 0.48044 73.95849 2.24323 35.53271 0.25874 0.12351 0.22095 0.39680 1720.334
2.875 0.48070 74.06431 2.24764 35.60263 0.25843 0.12388 0.22057 0.39712 1721.200
2.880 0.48096 74.17031 2.25207 35.67277 0.25813 0.12424 0.22019 0.39744 1722.067
2.885 0.48122 74.27649 2.25651 35.74313 0.25782 0.12461 0.21981 0.39776 1722.935
2.890 0.48148 74.38284 2.26097 35.81372 0.25751 0.12498 0.21943 0.39808 1723.804
2.895 0.48174 74.48936 2.26544 35.88453 0.25720 0.12535 0.21905 0.39840 1724.674
2.900 0.48200 74.59606 2.26992 35.95556 0.25689 0.12572 0.21868 0.39872 1725.544
2.905 0.48227 74.70294 2.27442 36.02683 0.25658 0.12609 0.21830 0.39903 1726.415
2.910 0.48253 74.80998 2.27893 36.09832 0.25627 0.12646 0.21792 0.39935 1727.287
2.915 0.48280 74.91720 2.28346 36.17003 0.25596 0.12683 0.21754 0.39967 1728.160
2.920 0.48307 75.02460 2.28800 36.24198 0.25565 0.12721 0.21716 0.39998 1729.034
2.925 0.48334 75.13217 2.29256 36.31415 0.25534 0.12758 0.21678 0.40030 1729.908
2.930 0.48361 75.23992 2.29713 36.38656 0.25503 0.12795 0.21641 0.40061 1730.783
2.935 0.48388 75.34784 2.30172 36.45920 0.25472 0.12833 0.21603 0.40092 1731.659
2.940 0.48415 75.45593 2.30632 36.53206 0.25441 0.12871 0.21565 0.40123 1732.536
2.945 0.48442 75.56420 2.31093 36.60517 0.25410 0.12908 0.21527 0.40155 1733.414
2.950 0.48470 75.67264 2.31556 36.67850 0.25379 0.12946 0.21490 0.40186 1734.292
2.955 0.48498 75.78126 2.32021 36.75207 0.25347 0.12984 0.21452 0.40217 1735.171
2.960 0.48525 75.89005 2.32487 36.82588 0.25316 0.13022 0.21414 0.40248 1736.051
2.965 0.48553 75.99902 2.32954 36.89992 0.25285 0.13060 0.21377 0.40278 1736.932
2.970 0.48581 76.10816 2.33423 36.97420 0.25254 0.13098 0.21339 0.40309 1737.813
2.975 0.48609 76.21748 2.33893 37.04872 0.25223 0.13136 0.21301 0.40340 1738.696
2.980 0.48637 76.32697 2.34365 37.12348 0.25191 0.13175 0.21264 0.40371 1739.579
2.985 0.48666 76.43664 2.34839 37.19848 0.25160 0.13213 0.21226 0.40401 1740.463
2.990 0.48694 76.54648 2.35314 37.27371 0.25129 0.13251 0.21188 0.40432 1741.347
2.995 0.48723 76.65649 2.35790 37.34920 0.25097 0.13290 0.21151 0.40462 1742.233
3.000 0.48752 76.76668 2.36268 37.42492 0.25066 0.13328 0.21113 0.40492 1743.119
3.005 0.48780 76.87705 2.36748 37.50089 0.25035 0.13367 0.21076 0.40523 1744.006
3.010 0.48809 76.98759 2.37229 37.57710 0.25003 0.13406 0.21038 0.40553 1744.894
3.015 0.48838 77.09830 2.37712 37.65356 0.24972 0.13445 0.21001 0.40583 1745.782
3.020 0.48868 77.20919 2.38196 37.73026 0.24940 0.13484 0.20963 0.40613 1746.671
3.025 0.48897 77.32026 2.38682 37.80721 0.24909 0.13523 0.20926 0.40643 1747.561
3.030 0.48926 77.43150 2.39169 37.88441 0.24877 0.13562 0.20888 0.40673 1748.452
3.035 0.48956 77.54291 2.39658 37.96186 0.24846 0.13601 0.20851 0.40703 1749.344
3.040 0.48986 77.65450 2.40149 38.03956 0.24814 0.13640 0.20813 0.40732 1750.236
3.045 0.49015 77.76626 2.40641 38.11752 0.24783 0.13679 0.20776 0.40762 1751.129
3.050 0.49045 77.87820 2.41135 38.19572 0.24751 0.13719 0.20738 0.40792 1752.023
3.055 0.49076 77.99031 2.41630 38.27418 0.24720 0.13758 0.20701 0.40821 1752.918
3.060 0.49106 78.10260 2.42127 38.35289 0.24688 0.13798 0.20664 0.40851 1753.813
3.065 0.49136 78.21506 2.42625 38.43186 0.24656 0.13837 0.20626 0.40880 1754.709
3.070 0.49167 78.32769 2.43125 38.51108 0.24625 0.13877 0.20589 0.40909 1755.606
3.075 0.49197 78.44050 2.43627 38.59056 0.24593 0.13917 0.20552 0.40938 1756.504
3.080 0.49228 78.55348 2.44131 38.67030 0.24561 0.13957 0.20514 0.40967 1757.402
3.085 0.49259 78.66664 2.44636 38.75029 0.24530 0.13997 0.20477 0.40997 1758.301
3.090 0.49290 78.77997 2.45142 38.83055 0.24498 0.14037 0.20440 0.41025 1759.201
3.095 0.49321 78.89348 2.45651 38.91107 0.24466 0.14077 0.20403 0.41054 1760.102
3.100 0.49352 79.00716 2.46161 38.99185 0.24434 0.14117 0.20365 0.41083 1761.003
3.105 0.49384 79.12101 2.46672 39.07289 0.24403 0.14157 0.20328 0.41112 1761.905
3.110 0.49415 79.23504 2.47186 39.15420 0.24371 0.14198 0.20291 0.41140 1762.808
3.115 0.49447 79.34924 2.47701 39.23577 0.24339 0.14238 0.20254 0.41169 1763.712
3.120 0.49479 79.46362 2.48217 39.31761 0.24307 0.14279 0.20217 0.41198 1764.616
3.125 0.49511 79.57817 2.48736 39.39972 0.24275 0.14319 0.20180 0.41226 1765.521
3.130 0.49543 79.69289 2.49256 39.48209 0.24244 0.14360 0.20142 0.41254 1766.427
3.135 0.49575 79.80779 2.49777 39.56473 0.24212 0.14401 0.20105 0.41282 1767.334
3.140 0.49607 79.92286 2.50301 39.64765 0.24180 0.14441 0.20068 0.41311 1768.241
3.145 0.49640 80.03810 2.50826 39.73083 0.24148 0.14482 0.20031 0.41339 1769.149
3.150 0.49673 80.15351 2.51353 39.81429 0.24116 0.14523 0.19994 0.41367 1770.057
3.155 0.49705 80.26910 2.51881 39.89802 0.24084 0.14564 0.19957 0.41395 1770.967
3.160 0.49738 80.38486 2.52412 39.98202 0.24052 0.14606 0.19920 0.41422 1771.877
3.165 0.49771 80.50080 2.52944 40.06630 0.24020 0.14647 0.19883 0.41450 1772.788
3.170 0.49805 80.61690 2.53478 40.15086 0.23988 0.14688 0.19846 0.41478 1773.699
3.175 0.49838 80.73318 2.54013 40.23569 0.23956 0.14730 0.19809 0.41505 1774.611
3.180 0.49871 80.84964 2.54551 40.32081 0.23924 0.14771 0.19772 0.41533 1775.524
3.185 0.49905 80.96626 2.55090 40.40620 0.23892 0.14813 0.19735 0.41560 1776.438
3.190 0.49939 81.08306 2.55631 40.49187 0.23860 0.14854 0.19698 0.41587 1777.352
3.195 0.49973 81.20002 2.56173 40.57783 0.23828 0.14896 0.19662 0.41615 1778.267
3.200 0.50007 81.31716 2.56718 40.66407 0.23796 0.14938 0.19625 0.41642 1779.183
3.205 0.50041 81.43448 2.57264 40.75059 0.23764 0.14980 0.19588 0.41669 1780.100
3.210 0.50075 81.55196 2.57812 40.83740 0.23731 0.15022 0.19551 0.41696 1781.017
3.215 0.50110 81.66961 2.58362 40.92449 0.23699 0.15064 0.19514 0.41723 1781.935
3.220 0.50144 81.78744 2.58913 41.01187 0.23667 0.15106 0.19478 0.41750 1782.853
3.225 0.50179 81.90543 2.59467 41.09954 0.23635 0.15148 0.19441 0.41776 1783.772
3.230 0.50214 82.02360 2.60022 41.18750 0.23603 0.15190 0.19404 0.41803 1784.692
3.235 0.50249 82.14194 2.60579 41.27575 0.23571 0.15233 0.19367 0.41829 1785.613
3.240 0.50285 82.26045 2.61138 41.36429 0.23538 0.15275 0.19331 0.41856 1786.534
3.245 0.50320 82.37913 2.61699 41.45312 0.23506 0.15318 0.19294 0.41882 1787.456
3.250 0.50355 82.49798 2.62262 41.54225 0.23474 0.15360 0.19258 0.41909 1788.378
3.255 0.50391 82.61699 2.62826 41.63167 0.23442 0.15403 0.19221 0.41935 1789.302
3.260 0.50427 82.73618 2.63393 41.72139 0.23409 0.15446 0.19184 0.41961 1790.225
3.265 0.50463 82.85554 2.63961 41.81141 0.23377 0.15488 0.19148 0.41987 1791.150
3.270 0.50499 82.97507 2.64531 41.90173 0.23345 0.15531 0.19111 0.42013 1792.075
3.275 0.50535 83.09476 2.65103 41.99234 0.23312 0.15574 0.19075 0.42039 1793.001
3.280 0.50572 83.21463 2.65677 42.08326 0.23280 0.15617 0.19038 0.42064 1793.928
3.285 0.50609 83.33466 2.66253 42.17448 0.23248 0.15661 0.19002 0.42090 1794.855
3.290 0.50645 83.45486 2.66831 42.26600 0.23215 0.15704 0.18965 0.42116 1795.782
3.295 0.50682 83.57523 2.67411 42.35783 0.23183 0.15747 0.18929 0.42141 1796.711
3.300 0.50719 83.69577 2.67992 42.44996 0.23151 0.15791 0.18892 0.42166 1797.640
3.305 0.50757 83.81647 2.68576 42.54240 0.23118 0.15834 0.18856 0.42192 1798.570
3.310 0.50794 83.93734 2.69161 42.63514 0.23086 0.15878 0.18820 0.42217 1799.500
3.315 0.50832 84.05838 2.69749 42.72820 0.23053 0.15921 0.18783 0.42242 1800.431
3.320 0.50869 84.17959 2.70338 42.82157 0.23021 0.15965 0.18747 0.42267 1801.363
3.325 0.50907 84.30096 2.70930 42.91524 0.22989 0.16009 0.18711 0.42292 1802.295
3.330 0.50945 84.42250 2.71523 43.00923 0.22956 0.16053 0.18674 0.42317 1803.228
3.335 0.50983 84.54421 2.72118 43.10354 0.22924 0.16097 0.18638 0.42342 1804.161
3.340 0.51022 84.66608 2.72716 43.19816 0.22891 0.16141 0.18602 0.42366 1805.095
3.345 0.51060 84.78811 2.73315 43.29310 0.22859 0.16185 0.18566 0.42391 1806.030
3.350 0.51099 84.91031 2.73916 43.38835 0.22826 0.16229 0.18530 0.42415 1806.965
3.355 0.51138 85.03268 2.74520 43.48392 0.22794 0.16273 0.18494 0.42440 1807.901
3.360 0.51177 85.15521 2.75125 43.57982 0.22761 0.16318 0.18457 0.42464 1808.838
3.365 0.51216 85.27790 2.75733 43.67603 0.22729 0.16362 0.18421 0.42488 1809.775
3.370 0.51255 85.40076 2.76342 43.77257 0.22696 0.16406 0.18385 0.42512 1810.713
3.375 0.51295 85.52378 2.76953 43.86943 0.22663 0.16451 0.18349 0.42536 1811.651
3.380 0.51335 85.64696 2.77567 43.96662 0.22631 0.16496 0.18313 0.42560 1812.590
3.385 0.51375 85.77031 2.78183 44.06413 0.22598 0.16541 0.18277 0.42584 1813.529
3.390 0.51415 85.89382 2.78800 44.16197 0.22566 0.16585 0.18241 0.42608 1814.469
3.395 0.51455 86.01749 2.79420 44.26014 0.22533 0.16630 0.18205 0.42631 1815.410
3.400 0.51495 86.14132 2.80042 44.35864 0.22501 0.16675 0.18169 0.42655 1816.351
3.405 0.51536 86.26532 2.80666 44.45748 0.22468 0.16720 0.18133 0.42678 1817.293
3.410 0.51576 86.38947 2.81292 44.55664 0.22435 0.16766 0.18097 0.42702 1818.235
3.415 0.51617 86.51379 2.81920 44.65614 0.22403 0.16811 0.18062 0.42725 1819.178
3.420 0.51658 86.63827 2.82550 44.75597 0.22370 0.16856 0.18026 0.42748 1820.122
3.425 0.51700 86.76290 2.83183 44.85615 0.22337 0.16901 0.17990 0.42771 1821.066
3.430 0.51741 86.88770 2.83817 44.95666 0.22305 0.16947 0.17954 0.42794 1822.010
3.435 0.51783 87.01265 2.84454 45.05750 0.22272 0.16992 0.17918 0.42817 1822.955
3.440 0.51824 87.13777 2.85093 45.15869 0.22239 0.17038 0.17883 0.42840 1823.901
3.445 0.51866 87.26304 2.85734 45.26023 0.22207 0.17084 0.17847 0.42862 1824.847
3.450 0.51909 87.38847 2.86377 45.36210 0.22174 0.17130 0.17811 0.42885 1825.794
3.455 0.51951 87.51405 2.87022 45.46432 0.22141 0.17175 0.17776 0.42908 1826.741
3.460 0.51993 87.63980 2.87670 45.56689 0.22109 0.17221 0.17740 0.42930 1827.688
