timeGa Urey Qt heat/H0 heatTW 1HPE 2HPE 3HPE 4HPE TempC
0.000 0.40000 36.00000 1.00000 14.40000 0.37200 0.01640 0.43000 0.18100 1351.850
0.005 0.40015 36.00000 1.00038 14.40545 0.37215 0.01647 0.42994 0.18143 1352.336
0.010 0.40003 36.04580 1.00136 14.41958 0.37207 0.01654 0.42963 0.18176 1352.824
0.015 0.39992 36.09170 1.00234 14.43373 0.37199 0.01661 0.42931 0.18209 1353.311
0.020 0.39980 36.13771 1.00333 14.44792 0.37192 0.01667 0.42900 0.18241 1353.800
0.025 0.39968 36.18382 1.00431 14.46213 0.37184 0.01674 0.42868 0.18274 1354.289
0.030 0.39957 36.23003 1.00530 14.47637 0.37176 0.01680 0.42837 0.18307 1354.779
0.035 0.39945 36.27634 1.00629 14.49064 0.37168 0.01687 0.42805 0.18340 1355.270
0.040 0.39933 36.32276 1.00729 14.50495 0.37161 0.01694 0.42773 0.18372 1355.762
0.045 0.39922 36.36928 1.00828 14.51928 0.37153 0.01700 0.42742 0.18405 1356.254
0.050 0.39910 36.41590 1.00928 14.53364 0.37145 0.01707 0.42710 0.18438 1356.747
0.055 0.39898 36.46263 1.01028 14.54804 0.37137 0.01714 0.42678 0.18471 1357.240
0.060 0.39887 36.50946 1.01128 14.56246 0.37129 0.01720 0.42647 0.18504 1357.735
0.065 0.39875 36.55640 1.01229 14.57691 0.37121 0.01727 0.42615 0.18537 1358.230
0.070 0.39863 36.60344 1.01329 14.59140 0.37113 0.01734 0.42583 0.18570 1358.726
0.075 0.39852 36.65059 1.01430 14.60591 0.37104 0.01741 0.42551 0.18603 1359.222
0.080 0.39840 36.69785 1.01531 14.62046 0.37096 0.01748 0.42520 0.18636 1359.719
0.085 0.39828 36.74521 1.01632 14.63504 0.37088 0.01755 0.42488 0.18670 1360.218
0.090 0.39817 36.79267 1.01734 14.64965 0.37080 0.01761 0.42456 0.18703 1360.716
0.095 0.39805 36.84025 1.01835 14.66428 0.37071 0.01768 0.42424 0.18736 1361.216
0.100 0.39793 36.88793 1.01937 14.67895 0.37063 0.01775 0.42392 0.18769 1361.716
0.105 0.39782 36.93572 1.02039 14.69366 0.37055 0.01782 0.42360 0.18803 1362.217
0.110 0.39770 36.98361 1.02142 14.70839 0.37046 0.01789 0.42328 0.18836 1362.719
0.115 0.39758 37.03162 1.02244 14.72315 0.37038 0.01796 0.42296 0.18869 1363.221
0.120 0.39747 37.07973 1.02347 14.73795 0.37029 0.01803 0.42264 0.18903 1363.725
0.125 0.39735 37.12795 1.02450 14.75277 0.37021 0.01811 0.42232 0.18936 1364.229
0.130 0.39723 37.17629 1.02553 14.76763 0.37012 0.01818 0.42200 0.18970 1364.733
0.135 0.39712 37.22473 1.02656 14.78252 0.37004 0.01825 0.42168 0.19003 1365.239
0.140 0.39700 37.27328 1.02760 14.79744 0.36995 0.01832 0.42136 0.19037 1365.745
0.145 0.39688 37.32194 1.02864 14.81240 0.36986 0.01839 0.42104 0.19071 1366.252
0.150 0.39676 37.37071 1.02968 14.82738 0.36978 0.01846 0.42072 0.19104 1366.760
0.155 0.39665 37.41959 1.03072 14.84240 0.36969 0.01854 0.42040 0.19138 1367.269
0.160 0.39653 37.46859 1.03177 14.85745 0.36960 0.01861 0.42007 0.19172 1367.778
0.165 0.39641 37.51769 1.03281 14.87254 0.36951 0.01868 0.41975 0.19206 1368.288
0.170 0.39630 37.56691 1.03386 14.88765 0.36942 0.01875 0.41943 0.19239 1368.799
0.175 0.39618 37.61624 1.03492 14.90280 0.36933 0.01883 0.41911 0.19273 1369.311
0.180 0.39606 37.66568 1.03597 14.91798 0.36924 0.01890 0.41878 0.19307 1369.823
0.185 0.39595 37.71523 1.03703 14.93319 0.36915 0.01898 0.41846 0.19341 1370.336
0.190 0.39583 37.76490 1.03809 14.94844 0.36906 0.01905 0.41814 0.19375 1370.850
0.195 0.39571 37.81468 1.03915 14.96372 0.36897 0.01912 0.41781 0.19409 1371.365
0.200 0.39559 37.86458 1.04021 14.97903 0.36888 0.01920 0.41749 0.19443 1371.880
0.205 0.39548 37.91459 1.04128 14.99437 0.36879 0.01927 0.41717 0.19477 1372.397
0.210 0.39536 37.96471 1.04234 15.00975 0.36870 0.01935 0.41684 0.19511 1372.914
0.215 0.39524 38.01495 1.04341 15.02516 0.36860 0.01942 0.41652 0.19545 1373.432
0.220 0.39513 38.06531 1.04449 15.04061 0.36851 0.01950 0.41619 0.19580 1373.950
0.225 0.39501 38.11578 1.04556 15.05608 0.36842 0.01958 0.41587 0.19614 1374.470
0.230 0.39489 38.16637 1.04664 15.07160 0.36832 0.01965 0.41554 0.19648 1374.990
0.235 0.39477 38.21707 1.04772 15.08714 0.36823 0.01973 0.41522 0.19682 1375.511
0.240 0.39466 38.26789 1.04880 15.10272 0.36813 0.01981 0.41489 0.19717 1376.033
0.245 0.39454 38.31883 1.04988 15.11833 0.36804 0.01988 0.41457 0.19751 1376.555
0.250 0.39442 38.36989 1.05097 15.13398 0.36794 0.01996 0.41424 0.19785 1377.079
0.255 0.39431 38.42106 1.05206 15.14966 0.36785 0.02004 0.41391 0.19820 1377.603
0.260 0.39419 38.47236 1.05315 15.16538 0.36775 0.02012 0.41359 0.19854 1378.128
0.265 0.39407 38.52377 1.05424 15.18113 0.36765 0.02020 0.41326 0.19889 1378.654
0.270 0.39395 38.57530 1.05534 15.19691 0.36756 0.02027 0.41293 0.19923 1379.180
0.275 0.39384 38.62695 1.05644 15.21273 0.36746 0.02035 0.41261 0.19958 1379.708
0.280 0.39372 38.67872 1.05754 15.22858 0.36736 0.02043 0.41228 0.19993 1380.236
0.285 0.39360 38.73061 1.05864 15.24447 0.36726 0.02051 0.41195 0.20027 1380.765
0.290 0.39349 38.78262 1.05975 15.26040 0.36716 0.02059 0.41162 0.20062 1381.295
0.295 0.39337 38.83475 1.06086 15.27635 0.36707 0.02067 0.41129 0.20097 1381.826
0.300 0.39325 38.88700 1.06197 15.29235 0.36697 0.02075 0.41097 0.20132 1382.357
0.305 0.39313 38.93938 1.06308 15.30837 0.36687 0.02083 0.41064 0.20166 1382.889
0.310 0.39302 38.99188 1.06420 15.32444 0.36677 0.02091 0.41031 0.20201 1383.423
0.315 0.39290 39.04450 1.06532 15.34054 0.36666 0.02100 0.40998 0.20236 1383.957
0.320 0.39278 39.09724 1.06644 15.35667 0.36656 0.02108 0.40965 0.20271 1384.491
0.325 0.39266 39.15010 1.06756 15.37284 0.36646 0.02116 0.40932 0.20306 1385.027
0.330 0.39255 39.20310 1.06868 15.38905 0.36636 0.02124 0.40899 0.20341 1385.563
0.335 0.39243 39.25621 1.06981 15.40529 0.36626 0.02132 0.40866 0.20376 1386.101
0.340 0.39231 39.30945 1.07094 15.42157 0.36615 0.02141 0.40833 0.20411 1386.639
0.345 0.39219 39.36281 1.07207 15.43788 0.36605 0.02149 0.40800 0.20446 1387.178
0.350 0.39208 39.41630 1.07321 15.45423 0.36595 0.02157 0.40767 0.20481 1387.717
0.355 0.39196 39.46992 1.07435 15.47061 0.36584 0.02166 0.40734 0.20516 1388.258
0.360 0.39184 39.52366 1.07549 15.48704 0.36574 0.02174 0.40701 0.20552 1388.799
0.365 0.39172 39.57753 1.07663 15.50349 0.36563 0.02182 0.40668 0.20587 1389.342
0.370 0.39161 39.63152 1.07778 15.51999 0.36553 0.02191 0.40634 0.20622 1389.885
0.375 0.39149 39.68564 1.07893 15.53652 0.36542 0.02199 0.40601 0.20657 1390.429
0.380 0.39137 39.73989 1.08008 15.55309 0.36532 0.02208 0.40568 0.20693 1390.974
0.385 0.39125 39.79427 1.08123 15.56970 0.36521 0.02216 0.40535 0.20728 1391.519
0.390 0.39114 39.84878 1.08238 15.58634 0.36510 0.02225 0.40501 0.20763 1392.066
0.395 0.39102 39.90341 1.08354 15.60302 0.36499 0.02233 0.40468 0.20799 1392.613
0.400 0.39090 39.95818 1.08470 15.61974 0.36489 0.02242 0.40435 0.20834 1393.161
0.405 0.39078 40.01307 1.08587 15.63649 0.36478 0.02251 0.40402 0.20870 1393.711
0.410 0.39067 40.06810 1.08703 15.65328 0.36467 0.02259 0.40368 0.20905 1394.261
0.415 0.39055 40.12325 1.08820 15.67011 0.36456 0.02268 0.40335 0.20941 1394.811
0.420 0.39043 40.17854 1.08937 15.68698 0.36445 0.02277 0.40301 0.20977 1395.363
0.425 0.39031 40.23396 1.09055 15.70388 0.36434 0.02286 0.40268 0.21012 1395.916
0.430 0.39020 40.28951 1.09172 15.72083 0.36423 0.02294 0.40235 0.21048 1396.469
0.435 0.39008 40.34520 1.09290 15.73781 0.36412 0.02303 0.40201 0.21084 1397.023
0.440 0.38996 40.40101 1.09409 15.75483 0.36401 0.02312 0.40168 0.21119 1397.578
0.445 0.38984 40.45696 1.09527 15.77188 0.36390 0.02321 0.40134 0.21155 1398.135
0.450 0.38973 40.51304 1.09646 15.78898 0.36378 0.02330 0.40101 0.21191 1398.691
0.455 0.38961 40.56926 1.09765 15.80611 0.36367 0.02339 0.40067 0.21227 1399.249
0.460 0.38949 40.62561 1.09884 15.82329 0.36356 0.02348 0.40033 0.21263 1399.808
0.465 0.38937 40.68210 1.10003 15.84050 0.36344 0.02357 0.40000 0.21299 1400.368
0.470 0.38925 40.73872 1.10123 15.85775 0.36333 0.02366 0.39966 0.21335 1400.928
0.475 0.38914 40.79548 1.10243 15.87504 0.36322 0.02375 0.39933 0.21371 1401.489
0.480 0.38902 40.85238 1.10364 15.89237 0.36310 0.02384 0.39899 0.21407 1402.052
0.485 0.38890 40.90941 1.10484 15.90973 0.36299 0.02393 0.39865 0.21443 1402.615
0.490 0.38878 40.96658 1.10605 15.92714 0.36287 0.02403 0.39832 0.21479 1403.179
0.495 0.38867 41.02388 1.10726 15.94459 0.36275 0.02412 0.39798 0.21515 1403.744
0.500 0.38855 41.08133 1.10848 15.96207 0.36264 0.02421 0.39764 0.21551 1404.310
0.505 0.38843 41.13891 1.10969 15.97960 0.36252 0.02430 0.39730 0.21587 1404.876
0.510 0.38831 41.19663 1.11091 15.99717 0.36240 0.02440 0.39696 0.21623 1405.444
0.515 0.38819 41.25450 1.11214 16.01477 0.36229 0.02449 0.39663 0.21660 1406.012
0.520 0.38808 41.31250 1.11336 16.03242 0.36217 0.02458 0.39629 0.21696 1406.582
0.525 0.38796 41.37064 1.11459 16.05011 0.36205 0.02468 0.39595 0.21732 1407.152
0.530 0.38784 41.42892 1.11582 16.06783 0.36193 0.02477 0.39561 0.21769 1407.724
0.535 0.38772 41.48735 1.11706 16.08560 0.36181 0.02487 0.39527 0.21805 1408.296
0.540 0.38761 41.54592 1.11829 16.10341 0.36169 0.02496 0.39493 0.21841 1408.869
0.545 0.38749 41.60463 1.11953 16.12125 0.36157 0.02506 0.39459 0.21878 1409.443
0.550 0.38737 41.66348 1.12077 16.13914 0.36145 0.02515 0.39425 0.21914 1410.018
0.555 0.38725 41.72247 1.12202 16.15707 0.36133 0.02525 0.39391 0.21951 1410.594
0.560 0.38713 41.78161 1.12327 16.17505 0.36121 0.02535 0.39357 0.21987 1411.170
0.565 0.38702 41.84089 1.12452 16.19306 0.36109 0.02544 0.39323 0.22024 1411.748
0.570 0.38690 41.90032 1.12577 16.21111 0.36096 0.02554 0.39289 0.22061 1412.327
0.575 0.38678 41.95989 1.12703 16.22921 0.36084 0.02564 0.39255 0.22097 1412.906
0.580 0.38666 42.01961 1.12829 16.24734 0.36072 0.02574 0.39221 0.22134 1413.487
0.585 0.38654 42.07948 1.12955 16.26552 0.36059 0.02583 0.39187 0.22171 1414.069
0.590 0.38642 42.13949 1.13082 16.28374 0.36047 0.02593 0.39153 0.22207 1414.651
0.595 0.38631 42.19965 1.13208 16.30201 0.36034 0.02603 0.39118 0.22244 1415.234
0.600 0.38619 42.25995 1.13335 16.32031 0.36022 0.02613 0.39084 0.22281 1415.819
0.605 0.38607 42.32041 1.13463 16.33866 0.36009 0.02623 0.39050 0.22318 1416.404
0.610 0.38595 42.38101 1.13591 16.35705 0.35997 0.02633 0.39016 0.22355 1416.990
0.615 0.38583 42.44176 1.13719 16.37548 0.35984 0.02643 0.38981 0.22391 1417.577
0.620 0.38572 42.50267 1.13847 16.39395 0.35971 0.02653 0.38947 0.22428 1418.165
0.625 0.38560 42.56372 1.13976 16.41247 0.35959 0.02663 0.38913 0.22465 1418.754
0.630 0.38548 42.62492 1.14104 16.43103 0.35946 0.02673 0.38879 0.22502 1419.344
0.635 0.38536 42.68627 1.14234 16.44964 0.35933 0.02683 0.38844 0.22539 1419.935
0.640 0.38524 42.74778 1.14363 16.46828 0.35920 0.02694 0.38810 0.22576 1420.527
0.645 0.38512 42.80944 1.14493 16.48697 0.35907 0.02704 0.38775 0.22613 1421.120
0.650 0.38501 42.87125 1.14623 16.50571 0.35894 0.02714 0.38741 0.22651 1421.714
0.655 0.38489 42.93321 1.14753 16.52448 0.35881 0.02724 0.38707 0.22688 1422.309
0.660 0.38477 42.99533 1.14884 16.54330 0.35868 0.02735 0.38672 0.22725 1422.905
0.665 0.38465 43.05760 1.15015 16.56217 0.35855 0.02745 0.38638 0.22762 1423.502
0.670 0.38453 43.12002 1.15146 16.58108 0.35842 0.02756 0.38603 0.22799 1424.100
0.675 0.38441 43.18260 1.15278 16.60003 0.35829 0.02766 0.38569 0.22837 1424.698
0.680 0.38430 43.24534 1.15410 16.61903 0.35816 0.02776 0.38534 0.22874 1425.298
0.685 0.38418 43.30823 1.15542 16.63807 0.35803 0.02787 0.38499 0.22911 1425.899
0.690 0.38406 43.37128 1.15675 16.65716 0.35789 0.02798 0.38465 0.22948 1426.501
0.695 0.38394 43.43449 1.15808 16.67629 0.35776 0.02808 0.38430 0.22986 1427.103
0.700 0.38382 43.49786 1.15941 16.69546 0.35763 0.02819 0.38396 0.23023 1427.707
0.705 0.38370 43.56138 1.16074 16.71468 0.35749 0.02829 0.38361 0.23061 1428.312
0.710 0.38359 43.62506 1.16208 16.73395 0.35736 0.02840 0.38326 0.23098 1428.918
0.715 0.38347 43.68890 1.16342 16.75326 0.35722 0.02851 0.38292 0.23136 1429.524
0.720 0.38335 43.75291 1.16477 16.77262 0.35709 0.02862 0.38257 0.23173 1430.132
0.725 0.38323 43.81707 1.16611 16.79202 0.35695 0.02872 0.38222 0.23211 1430.741
0.730 0.38311 43.88139 1.16746 16.81147 0.35681 0.02883 0.38187 0.23248 1431.351
0.735 0.38299 43.94588 1.16882 16.83096 0.35668 0.02894 0.38152 0.23286 1431.961
0.740 0.38287 44.01053 1.17017 16.85050 0.35654 0.02905 0.38118 0.23323 1432.573
0.745 0.38276 44.07534 1.17153 16.87009 0.35640 0.02916 0.38083 0.23361 1433.186
0.750 0.38264 44.14031 1.17290 16.88972 0.35626 0.02927 0.38048 0.23399 1433.800
0.755 0.38252 44.20545 1.17426 16.90940 0.35612 0.02938 0.38013 0.23437 1434.415
0.760 0.38240 44.27075 1.17563 16.92912 0.35598 0.02949 0.37978 0.23474 1435.031
0.765 0.38228 44.33622 1.17701 16.94889 0.35584 0.02960 0.37943 0.23512 1435.648
0.770 0.38216 44.40185 1.17838 16.96871 0.35570 0.02971 0.37908 0.23550 1436.266
0.775 0.38204 44.46765 1.17976 16.98858 0.35556 0.02982 0.37873 0.23588 1436.885
0.780 0.38192 44.53362 1.18115 17.00849 0.35542 0.02994 0.37838 0.23626 1437.505
0.785 0.38181 44.59975 1.18253 17.02845 0.35528 0.03005 0.37803 0.23663 1438.126
0.790 0.38169 44.66606 1.18392 17.04846 0.35514 0.03016 0.37768 0.23701 1438.748
0.795 0.38157 44.73253 1.18531 17.06851 0.35500 0.03028 0.37733 0.23739 1439.371
0.800 0.38145 44.79917 1.18671 17.08862 0.35486 0.03039 0.37698 0.23777 1439.995
0.805 0.38133 44.86598 1.18811 17.10877 0.35471 0.03050 0.37663 0.23815 1440.620
0.810 0.38121 44.93296 1.18951 17.12897 0.35457 0.03062 0.37628 0.23853 1441.247
0.815 0.38109 45.00011 1.19092 17.14921 0.35442 0.03073 0.37593 0.23891 1441.874
0.820 0.38097 45.06743 1.19233 17.16951 0.35428 0.03085 0.37558 0.23929 1442.502
0.825 0.38085 45.13492 1.19374 17.18985 0.35413 0.03096 0.37523 0.23967 1443.132
0.830 0.38074 45.20259 1.19516 17.21025 0.35399 0.03108 0.37488 0.24006 1443.762
0.835 0.38062 45.27043 1.19658 17.23069 0.35384 0.03120 0.37452 0.24044 1444.394
0.840 0.38050 45.33844 1.19800 17.25118 0.35370 0.03131 0.37417 0.24082 1445.027
0.845 0.38038 45.40663 1.19942 17.27172 0.35355 0.03143 0.37382 0.24120 1445.661
0.850 0.38026 45.47499 1.20085 17.29231 0.35340 0.03155 0.37347 0.24158 1446.295
0.855 0.38014 45.54353 1.20229 17.31295 0.35326 0.03167 0.37311 0.24197 1446.931
0.860 0.38002 45.61225 1.20372 17.33364 0.35311 0.03178 0.37276 0.24235 1447.568
0.865 0.37990 45.68114 1.20516 17.35437 0.35296 0.03190 0.37241 0.24273 1448.206
0.870 0.37978 45.75021 1.20661 17.37516 0.35281 0.03202 0.37205 0.24311 1448.846
0.875 0.37966 45.81946 1.20806 17.39600 0.35266 0.03214 0.37170 0.24350 1449.486
0.880 0.37954 45.88888 1.20951 17.41689 0.35251 0.03226 0.37135 0.24388 1450.127
0.885 0.37943 45.95849 1.21096 17.43783 0.35236 0.03238 0.37099 0.24427 1450.770
0.890 0.37931 46.02828 1.21242 17.45882 0.35221 0.03250 0.37064 0.24465 1451.413
0.895 0.37919 46.09824 1.21388 17.47986 0.35206 0.03262 0.37028 0.24504 1452.058
0.900 0.37907 46.16839 1.21534 17.50095 0.35191 0.03275 0.36993 0.24542 1452.704
0.905 0.37895 46.23872 1.21681 17.52209 0.35175 0.03287 0.36957 0.24580 1453.350
0.910 0.37883 46.30924 1.21828 17.54328 0.35160 0.03299 0.36922 0.24619 1453.998
0.915 0.37871 46.37993 1.21976 17.56453 0.35145 0.03311 0.36886 0.24658 1454.647
0.920 0.37859 46.45081 1.22124 17.58582 0.35130 0.03324 0.36851 0.24696 1455.298
0.925 0.37847 46.52188 1.22272 17.60717 0.35114 0.03336 0.36815 0.24735 1455.949
0.930 0.37835 46.59313 1.22421 17.62857 0.35099 0.03348 0.36780 0.24773 1456.601
0.935 0.37823 46.66456 1.22570 17.65002 0.35083 0.03361 0.36744 0.24812 1457.255
0.940 0.37811 46.73619 1.22719 17.67153 0.35068 0.03373 0.36708 0.24851 1457.910
0.945 0.37799 46.80800 1.22869 17.69308 0.35052 0.03386 0.36673 0.24889 1458.566
0.950 0.37787 46.87999 1.23019 17.71469 0.35037 0.03398 0.36637 0.24928 1459.223
0.955 0.37775 46.95218 1.23169 17.73636 0.35021 0.03411 0.36601 0.24967 1459.881
0.960 0.37763 47.02455 1.23320 17.75807 0.35005 0.03424 0.36566 0.25006 1460.540
0.965 0.37751 47.09712 1.23471 17.77984 0.34989 0.03436 0.36530 0.25044 1461.200
0.970 0.37739 47.16988 1.23623 17.80166 0.34974 0.03449 0.36494 0.25083 1461.862
0.975 0.37727 47.24282 1.23775 17.82353 0.34958 0.03462 0.36458 0.25122 1462.524
0.980 0.37716 47.31596 1.23927 17.84546 0.34942 0.03475 0.36423 0.25161 1463.188
0.985 0.37704 47.38929 1.24079 17.86744 0.34926 0.03487 0.36387 0.25200 1463.853
0.990 0.37692 47.46282 1.24232 17.88948 0.34910 0.03500 0.36351 0.25239 1464.519
0.995 0.37680 47.53654 1.24386 17.91157 0.34894 0.03513 0.36315 0.25278 1465.187
1.000 0.37668 47.61045 1.24540 17.93371 0.34878 0.03526 0.36279 0.25317 1465.855
1.005 0.37656 47.68456 1.24694 17.95591 0.34862 0.03539 0.36243 0.25356 1466.525
1.010 0.37644 47.75887 1.24848 17.97817 0.34846 0.03552 0.36207 0.25394 1467.196
1.015 0.37632 47.83337 1.25003 18.00047 0.34829 0.03565 0.36172 0.25433 1467.868
1.020 0.37620 47.90807 1.25159 18.02284 0.34813 0.03579 0.36136 0.25473 1468.541
1.025 0.37608 47.98296 1.25314 18.04526 0.34797 0.03592 0.36100 0.25512 1469.215
1.030 0.37596 48.05806 1.25470 18.06773 0.34781 0.03605 0.36064 0.25551 1469.891
1.035 0.37584 48.13336 1.25627 18.09026 0.34764 0.03618 0.36028 0.25590 1470.568
1.040 0.37572 48.20886 1.25784 18.11284 0.34748 0.03632 0.35992 0.25629 1471.246
1.045 0.37560 48.28455 1.25941 18.13548 0.34731 0.03645 0.35956 0.25668 1471.925
1.050 0.37548 48.36045 1.26098 18.15818 0.34715 0.03659 0.35920 0.25707 1472.605
1.055 0.37536 48.43656 1.26256 18.18093 0.34698 0.03672 0.35883 0.25746 1473.287
1.060 0.37524 48.51286 1.26415 18.20374 0.34682 0.03685 0.35847 0.25786 1473.969
1.065 0.37512 48.58937 1.26574 18.22661 0.34665 0.03699 0.35811 0.25825 1474.653
1.070 0.37499 48.66609 1.26733 18.24953 0.34648 0.03713 0.35775 0.25864 1475.338
1.075 0.37487 48.74301 1.26892 18.27251 0.34632 0.03726 0.35739 0.25903 1476.025
1.080 0.37475 48.82013 1.27052 18.29555 0.34615 0.03740 0.35703 0.25942 1476.712
1.085 0.37463 48.89747 1.27213 18.31864 0.34598 0.03754 0.35667 0.25982 1477.401
1.090 0.37451 48.97501 1.27374 18.34179 0.34581 0.03767 0.35630 0.26021 1478.091
1.095 0.37439 49.05276 1.27535 18.36500 0.34564 0.03781 0.35594 0.26060 1478.782
1.100 0.37427 49.13072 1.27696 18.38827 0.34547 0.03795 0.35558 0.26100 1479.475
1.105 0.37415 49.20889 1.27858 18.41160 0.34530 0.03809 0.35522 0.26139 1480.169
1.110 0.37403 49.28727 1.28021 18.43498 0.34513 0.03823 0.35485 0.26179 1480.864
1.115 0.37391 49.36586 1.28183 18.45842 0.34496 0.03837 0.35449 0.26218 1481.560
1.120 0.37379 49.44466 1.28347 18.48193 0.34479 0.03851 0.35413 0.26257 1482.257
1.125 0.37367 49.52368 1.28510 18.50548 0.34462 0.03865 0.35377 0.26297 1482.956
1.130 0.37355 49.60291 1.28674 18.52910 0.34444 0.03879 0.35340 0.26336 1483.656
1.135 0.37343 49.68236 1.28839 18.55278 0.34427 0.03893 0.35304 0.26376 1484.357
1.140 0.37331 49.76202 1.29004 18.57652 0.34410 0.03908 0.35267 0.26415 1485.060
1.145 0.37319 49.84190 1.29169 18.60032 0.34392 0.03922 0.35231 0.26455 1485.763
1.150 0.37307 49.92200 1.29335 18.62417 0.34375 0.03936 0.35195 0.26494 1486.468
1.155 0.37294 50.00231 1.29501 18.64809 0.34357 0.03951 0.35158 0.26534 1487.175
1.160 0.37282 50.08284 1.29667 18.67207 0.34340 0.03965 0.35122 0.26573 1487.882
1.165 0.37270 50.16359 1.29834 18.69611 0.34322 0.03979 0.35085 0.26613 1488.591
1.170 0.37258 50.24457 1.30001 18.72021 0.34305 0.03994 0.35049 0.26653 1489.301
1.175 0.37246 50.32576 1.30169 18.74436 0.34287 0.04008 0.35012 0.26692 1490.013
1.180 0.37234 50.40718 1.30337 18.76858 0.34269 0.04023 0.34976 0.26732 1490.725
1.185 0.37222 50.48882 1.30506 18.79287 0.34252 0.04038 0.34939 0.26771 1491.439
1.190 0.37210 50.57068 1.30675 18.81721 0.34234 0.04052 0.34903 0.26811 1492.155
1.195 0.37198 50.65276 1.30845 18.84161 0.34216 0.04067 0.34866 0.26851 1492.871
1.200 0.37185 50.73508 1.31014 18.86608 0.34198 0.04082 0.34829 0.26891 1493.589
1.205 0.37173 50.81762 1.31185 18.89061 0.34180 0.04097 0.34793 0.26930 1494.308
1.210 0.37161 50.90038 1.31356 18.91520 0.34162 0.04112 0.34756 0.26970 1495.029
1.215 0.37149 50.98338 1.31527 18.93985 0.34144 0.04127 0.34720 0.27010 1495.750
1.220 0.37137 51.06660 1.31698 18.96457 0.34126 0.04141 0.34683 0.27049 1496.474
1.225 0.37125 51.15005 1.31870 18.98935 0.34108 0.04156 0.34646 0.27089 1497.198
1.230 0.37113 51.23373 1.32043 19.01419 0.34090 0.04172 0.34609 0.27129 1497.924
1.235 0.37100 51.31765 1.32216 19.03909 0.34072 0.04187 0.34573 0.27169 1498.651
1.240 0.37088 51.40179 1.32389 19.06406 0.34053 0.04202 0.34536 0.27209 1499.379
1.245 0.37076 51.48617 1.32563 19.08909 0.34035 0.04217 0.34499 0.27248 1500.109
1.250 0.37064 51.57079 1.32737 19.11419 0.34017 0.04232 0.34463 0.27288 1500.840
1.255 0.37052 51.65564 1.32912 19.13935 0.33998 0.04248 0.34426 0.27328 1501.573
1.260 0.37040 51.74072 1.33087 19.16457 0.33980 0.04263 0.34389 0.27368 1502.306
1.265 0.37027 51.82604 1.33263 19.18986 0.33962 0.04278 0.34352 0.27408 1503.042
1.270 0.37015 51.91160 1.33439 19.21521 0.33943 0.04294 0.34315 0.27448 1503.778
1.275 0.37003 51.99740 1.33616 19.24063 0.33925 0.04309 0.34278 0.27488 1504.516
1.280 0.36991 52.08343 1.33792 19.26612 0.33906 0.04325 0.34242 0.27528 1505.255
1.285 0.36979 52.16971 1.33970 19.29167 0.33887 0.04340 0.34205 0.27568 1505.996
1.290 0.36966 52.25623 1.34148 19.31728 0.33869 0.04356 0.34168 0.27608 1506.738
1.295 0.36954 52.34299 1.34326 19.34296 0.33850 0.04372 0.34131 0.27648 1507.481
1.300 0.36942 52.42999 1.34505 19.36871 0.33831 0.04388 0.34094 0.27688 1508.226
1.305 0.36930 52.51724 1.34684 19.39452 0.33812 0.04403 0.34057 0.27727 1508.972
1.310 0.36918 52.60473 1.34864 19.42040 0.33793 0.04419 0.34020 0.27767 1509.719
1.315 0.36905 52.69247 1.35044 19.44634 0.33774 0.04435 0.33983 0.27808 1510.468
1.320 0.36893 52.78045 1.35225 19.47236 0.33755 0.04451 0.33946 0.27848 1511.219
1.325 0.36881 52.86868 1.35406 19.49844 0.33736 0.04467 0.33909 0.27888 1511.970
1.330 0.36869 52.95716 1.35587 19.52458 0.33717 0.04483 0.33872 0.27928 1512.723
1.335 0.36856 53.04590 1.35769 19.55080 0.33698 0.04499 0.33835 0.27968 1513.478
1.340 0.36844 53.13488 1.35952 19.57708 0.33679 0.04515 0.33798 0.28008 1514.234
1.345 0.36832 53.22411 1.36135 19.60343 0.33660 0.04531 0.33761 0.28048 1514.991
1.350 0.36820 53.31360 1.36318 19.62985 0.33641 0.04548 0.33724 0.28088 1515.750
1.355 0.36807 53.40333 1.36502 19.65634 0.33621 0.04564 0.33687 0.28128 1516.510
1.360 0.36795 53.49333 1.36687 19.68289 0.33602 0.04580 0.33650 0.28168 1517.272
1.365 0.36783 53.58358 1.36872 19.70952 0.33583 0.04597 0.33612 0.28208 1518.035
1.370 0.36770 53.67408 1.37057 19.73621 0.33563 0.04613 0.33575 0.28248 1518.799
1.375 0.36758 53.76484 1.37243 19.76298 0.33544 0.04630 0.33538 0.28288 1519.565
1.380 0.36746 53.85587 1.37429 19.78981 0.33524 0.04646 0.33501 0.28329 1520.332
1.385 0.36734 53.94715 1.37616 19.81671 0.33505 0.04663 0.33464 0.28369 1521.101
1.390 0.36721 54.03869 1.37803 19.84369 0.33485 0.04679 0.33426 0.28409 1521.872
1.395 0.36709 54.13049 1.37991 19.87073 0.33465 0.04696 0.33389 0.28449 1522.643
1.400 0.36697 54.22255 1.38179 19.89784 0.33446 0.04713 0.33352 0.28489 1523.416
1.405 0.36684 54.31488 1.38368 19.92503 0.33426 0.04730 0.33315 0.28529 1524.191
1.410 0.36672 54.40748 1.38558 19.95229 0.33406 0.04747 0.33277 0.28570 1524.967
1.415 0.36660 54.50034 1.38747 19.97961 0.33386 0.04764 0.33240 0.28610 1525.745
1.420 0.36647 54.59346 1.38938 20.00701 0.33367 0.04780 0.33203 0.28650 1526.524
1.425 0.36635 54.68685 1.39128 20.03448 0.33347 0.04797 0.33166 0.28690 1527.305
1.430 0.36623 54.78052 1.39320 20.06202 0.33327 0.04815 0.33128 0.28731 1528.087
1.435 0.36610 54.87445 1.39511 20.08964 0.33307 0.04832 0.33091 0.28771 1528.870
1.440 0.36598 54.96865 1.39704 20.11733 0.33287 0.04849 0.33053 0.28811 1529.655
1.445 0.36585 55.06312 1.39896 20.14509 0.33267 0.04866 0.33016 0.28851 1530.442
1.450 0.36573 55.15787 1.40090 20.17292 0.33246 0.04883 0.32979 0.28892 1531.230
1.455 0.36561 55.25289 1.40284 20.20083 0.33226 0.04901 0.32941 0.28932 1532.019
1.460 0.36548 55.34819 1.40478 20.22880 0.33206 0.04918 0.32904 0.28972 1532.810
1.465 0.36536 55.44376 1.40673 20.25686 0.33186 0.04936 0.32866 0.29012 1533.603
1.470 0.36523 55.53961 1.40868 20.28499 0.33165 0.04953 0.32829 0.29053 1534.397
1.475 0.36511 55.63574 1.41064 20.31319 0.33145 0.04971 0.32792 0.29093 1535.193
1.480 0.36499 55.73214 1.41260 20.34146 0.33125 0.04988 0.32754 0.29133 1535.990
1.485 0.36486 55.82883 1.41457 20.36981 0.33104 0.05006 0.32717 0.29174 1536.789
1.490 0.36474 55.92580 1.41654 20.39824 0.33084 0.05023 0.32679 0.29214 1537.589
1.495 0.36461 56.02306 1.41852 20.42674 0.33063 0.05041 0.32642 0.29254 1538.391
1.500 0.36449 56.12059 1.42051 20.45532 0.33042 0.05059 0.32604 0.29294 1539.194
1.505 0.36436 56.21841 1.42250 20.48397 0.33022 0.05077 0.32566 0.29335 1539.999
1.510 0.36424 56.31652 1.42449 20.51270 0.33001 0.05095 0.32529 0.29375 1540.806
1.515 0.36411 56.41492 1.42649 20.54150 0.32980 0.05113 0.32491 0.29415 1541.614
1.520 0.36399 56.51360 1.42850 20.57038 0.32960 0.05131 0.32454 0.29456 1542.423
1.525 0.36387 56.61257 1.43051 20.59934 0.32939 0.05149 0.32416 0.29496 1543.235
1.530 0.36374 56.71184 1.43253 20.62837 0.32918 0.05167 0.32379 0.29536 1544.048
1.535 0.36362 56.81139 1.43455 20.65748 0.32897 0.05185 0.32341 0.29577 1544.862
1.540 0.36349 56.91124 1.43657 20.68667 0.32876 0.05204 0.32303 0.29617 1545.678
1.545 0.36336 57.01139 1.43861 20.71594 0.32855 0.05222 0.32266 0.29657 1546.495
1.550 0.36324 57.11182 1.44064 20.74528 0.32834 0.05240 0.32228 0.29698 1547.315
1.555 0.36311 57.21256 1.44269 20.77471 0.32813 0.05259 0.32190 0.29738 1548.135
1.560 0.36299 57.31359 1.44474 20.80421 0.32792 0.05277 0.32153 0.29778 1548.958
1.565 0.36286 57.41493 1.44679 20.83379 0.32771 0.05296 0.32115 0.29819 1549.782
1.570 0.36274 57.51656 1.44885 20.86345 0.32750 0.05314 0.32077 0.29859 1550.607
1.575 0.36261 57.61849 1.45092 20.89319 0.32728 0.05333 0.32039 0.29900 1551.435
1.580 0.36249 57.72073 1.45299 20.92301 0.32707 0.05351 0.32002 0.29940 1552.264
1.585 0.36236 57.82327 1.45506 20.95291 0.32686 0.05370 0.31964 0.29980 1553.094
1.590 0.36224 57.92612 1.45714 20.98288 0.32664 0.05389 0.31926 0.30021 1553.926
1.595 0.36211 58.02927 1.45923 21.01294 0.32643 0.05408 0.31888 0.30061 1554.760
1.600 0.36198 58.13273 1.46133 21.04308 0.32621 0.05427 0.31851 0.30101 1555.596
1.605 0.36186 58.23650 1.46342 21.07331 0.32600 0.05446 0.31813 0.30142 1556.433
1.610 0.36173 58.34058 1.46553 21.10361 0.32578 0.05465 0.31775 0.30182 1557.272
1.615 0.36160 58.44497 1.46764 21.13399 0.32557 0.05484 0.31737 0.30222 1558.112
1.620 0.36148 58.54967 1.46975 21.16446 0.32535 0.05503 0.31699 0.30263 1558.954
1.625 0.36135 58.65469 1.47188 21.19501 0.32513 0.05522 0.31661 0.30303 1559.798
1.630 0.36123 58.76002 1.47400 21.22564 0.32491 0.05541 0.31624 0.30343 1560.643
1.635 0.36110 58.86567 1.47614 21.25635 0.32470 0.05561 0.31586 0.30384 1561.491
1.640 0.36097 58.97164 1.47827 21.28714 0.32448 0.05580 0.31548 0.30424 1562.339
1.645 0.36085 59.07793 1.48042 21.31802 0.32426 0.05600 0.31510 0.30465 1563.190
1.650 0.36072 59.18453 1.48257 21.34899 0.32404 0.05619 0.31472 0.30505 1564.042
1.655 0.36059 59.29146 1.48472 21.38003 0.32382 0.05639 0.31434 0.30545 1564.896
1.660 0.36047 59.39871 1.48689 21.41116 0.32360 0.05658 0.31396 0.30586 1565.752
1.665 0.36034 59.50629 1.48905 21.44238 0.32338 0.05678 0.31358 0.30626 1566.609
1.670 0.36021 59.61419 1.49123 21.47368 0.32316 0.05698 0.31320 0.30666 1567.469
1.675 0.36008 59.72242 1.49341 21.50506 0.32294 0.05717 0.31282 0.30707 1568.329
1.680 0.35996 59.83098 1.49559 21.53653 0.32272 0.05737 0.31244 0.30747 1569.192
1.685 0.35983 59.93986 1.49778 21.56809 0.32249 0.05757 0.31206 0.30787 1570.056
1.690 0.35970 60.04908 1.49998 21.59973 0.32227 0.05777 0.31168 0.30828 1570.922
1.695 0.35957 60.15863 1.50218 21.63146 0.32205 0.05797 0.31130 0.30868 1571.790
1.700 0.35945 60.26852 1.50439 21.66327 0.32182 0.05817 0.31092 0.30908 1572.660
1.705 0.35932 60.37874 1.50661 21.69517 0.32160 0.05837 0.31054 0.30949 1573.531
1.710 0.35919 60.48930 1.50883 21.72716 0.32138 0.05857 0.31016 0.30989 1574.404
1.715 0.35906 60.60019 1.51106 21.75923 0.32115 0.05878 0.30978 0.31029 1575.279
1.720 0.35893 60.71143 1.51329 21.79140 0.32092 0.05898 0.30940 0.31069 1576.156
1.725 0.35881 60.82300 1.51553 21.82365 0.32070 0.05918 0.30902 0.31110 1577.035
1.730 0.35868 60.93492 1.51778 21.85599 0.32047 0.05939 0.30864 0.31150 1577.915
1.735 0.35855 61.04718 1.52003 21.88841 0.32025 0.05959 0.30826 0.31190 1578.797
1.740 0.35842 61.15979 1.52229 21.92093 0.32002 0.05980 0.30788 0.31231 1579.681
1.745 0.35829 61.27274 1.52455 21.95353 0.31979 0.06000 0.30750 0.31271 1580.567
1.750 0.35816 61.38604 1.52682 21.98623 0.31956 0.06021 0.30711 0.31311 1581.454
1.755 0.35803 61.49969 1.52910 22.01901 0.31933 0.06042 0.30673 0.31351 1582.343
1.760 0.35791 61.61370 1.53138 22.05189 0.31911 0.06063 0.30635 0.31392 1583.235
1.765 0.35778 61.72805 1.53367 22.08485 0.31888 0.06083 0.30597 0.31432 1584.128
1.770 0.35765 61.84276 1.53597 22.11791 0.31865 0.06104 0.30559 0.31472 1585.022
1.775 0.35752 61.95783 1.53827 22.15106 0.31842 0.06125 0.30521 0.31512 1585.919
1.780 0.35739 62.07325 1.54058 22.18429 0.31819 0.06146 0.30483 0.31553 1586.818
1.785 0.35726 62.18903 1.54289 22.21762 0.31796 0.06167 0.30444 0.31593 1587.718
1.790 0.35713 62.30517 1.54521 22.25104 0.31772 0.06188 0.30406 0.31633 1588.620
1.795 0.35700 62.42167 1.54754 22.28456 0.31749 0.06210 0.30368 0.31673 1589.524
1.800 0.35687 62.53854 1.54987 22.31816 0.31726 0.06231 0.30330 0.31713 1590.430
1.805 0.35674 62.65577 1.55221 22.35186 0.31703 0.06252 0.30291 0.31754 1591.338
1.810 0.35661 62.77336 1.55456 22.38566 0.31679 0.06274 0.30253 0.31794 1592.248
1.815 0.35648 62.89133 1.55691 22.41954 0.31656 0.06295 0.30215 0.31834 1593.160
1.820 0.35635 63.00966 1.55927 22.45352 0.31633 0.06317 0.30177 0.31874 1594.073
1.825 0.35622 63.12837 1.56164 22.48760 0.31609 0.06338 0.30138 0.31914 1594.989
1.830 0.35609 63.24744 1.56401 22.52176 0.31586 0.06360 0.30100 0.31954 1595.906
1.835 0.35596 63.36689 1.56639 22.55603 0.31562 0.06381 0.30062 0.31994 1596.825
1.840 0.35583 63.48672 1.56878 22.59039 0.31539 0.06403 0.30024 0.32035 1597.746
1.845 0.35570 63.60693 1.57117 22.62484 0.31515 0.06425 0.29985 0.32075 1598.670
1.850 0.35557 63.72751 1.57357 22.65939 0.31491 0.06447 0.29947 0.32115 1599.595
1.855 0.35544 63.84847 1.57597 22.69404 0.31468 0.06469 0.29909 0.32155 1600.522
1.860 0.35530 63.96982 1.57839 22.72878 0.31444 0.06491 0.29870 0.32195 1601.451
1.865 0.35517 64.09155 1.58081 22.76362 0.31420 0.06513 0.29832 0.32235 1602.382
1.870 0.35504 64.21366 1.58323 22.79856 0.31396 0.06535 0.29794 0.32275 1603.315
1.875 0.35491 64.33617 1.58567 22.83359 0.31372 0.06557 0.29755 0.32315 1604.249
1.880 0.35478 64.45906 1.58811 22.86872 0.31349 0.06579 0.29717 0.32355 1605.186
1.885 0.35465 64.58234 1.59055 22.90395 0.31325 0.06602 0.29679 0.32395 1606.125
1.890 0.35452 64.70602 1.59301 22.93928 0.31301 0.06624 0.29640 0.32435 1607.066
1.895 0.35438 64.83008 1.59547 22.97471 0.31277 0.06647 0.29602 0.32475 1608.009
1.900 0.35425 64.95455 1.59793 23.01024 0.31252 0.06669 0.29563 0.32515 1608.954
1.905 0.35412 65.07941 1.60041 23.04586 0.31228 0.06692 0.29525 0.32555 1609.900
1.910 0.35399 65.20467 1.60289 23.08159 0.31204 0.06714 0.29487 0.32595 1610.849
1.915 0.35385 65.33033 1.60538 23.11741 0.31180 0.06737 0.29448 0.32635 1611.800
1.920 0.35372 65.45640 1.60787 23.15334 0.31156 0.06760 0.29410 0.32675 1612.753
1.925 0.35359 65.58287 1.61037 23.18937 0.31131 0.06783 0.29371 0.32715 1613.708
1.930 0.35346 65.70974 1.61288 23.22550 0.31107 0.06805 0.29333 0.32754 1614.665
1.935 0.35332 65.83702 1.61540 23.26173 0.31083 0.06828 0.29295 0.32794 1615.624
1.940 0.35319 65.96472 1.61792 23.29806 0.31058 0.06851 0.29256 0.32834 1616.585
1.945 0.35306 66.09282 1.62045 23.33450 0.31034 0.06874 0.29218 0.32874 1617.548
1.950 0.35292 66.22134 1.62299 23.37104 0.31009 0.06898 0.29179 0.32914 1618.514
1.955 0.35279 66.35027 1.62553 23.40768 0.30985 0.06921 0.29141 0.32954 1619.481
1.960 0.35266 66.47962 1.62809 23.44442 0.30960 0.06944 0.29102 0.32993 1620.450
1.965 0.35252 66.60939 1.63064 23.48127 0.30936 0.06967 0.29064 0.33033 1621.422
1.970 0.35239 66.73958 1.63321 23.51823 0.30911 0.06991 0.29025 0.33073 1622.395
1.975 0.35225 66.87019 1.63578 23.55528 0.30886 0.07014 0.28987 0.33113 1623.371
1.980 0.35212 67.00123 1.63836 23.59245 0.30862 0.07038 0.28948 0.33152 1624.349
1.985 0.35199 67.13269 1.64095 23.62971 0.30837 0.07061 0.28910 0.33192 1625.329
1.990 0.35185 67.26458 1.64355 23.66709 0.30812 0.07085 0.28871 0.33232 1626.311
1.995 0.35172 67.39690 1.64615 23.70457 0.30787 0.07109 0.28833 0.33271 1627.295
2.000 0.35158 67.52965 1.64876 23.74215 0.30762 0.07133 0.28794 0.33311 1628.281
2.005 0.35145 67.66284 1.65138 23.77985 0.30737 0.07156 0.28756 0.33351 1629.270
2.010 0.35131 67.79646 1.65400 23.81765 0.30712 0.07180 0.28717 0.33390 1630.261
2.015 0.35118 67.93052 1.65664 23.85555 0.30687 0.07204 0.28679 0.33430 1631.253
2.020 0.35104 68.06502 1.65928 23.89357 0.30662 0.07228 0.28640 0.33469 1632.248
2.025 0.35090 68.19997 1.66192 23.93169 0.30637 0.07252 0.28602 0.33509 1633.246
2.030 0.35077 68.33535 1.66458 23.96992 0.30612 0.07277 0.28563 0.33548 1634.245
2.035 0.35063 68.47118 1.66724 24.00827 0.30587 0.07301 0.28524 0.33588 1635.246
2.040 0.35050 68.60746 1.66991 24.04672 0.30561 0.07325 0.28486 0.33627 1636.250
2.045 0.35036 68.74419 1.67259 24.08528 0.30536 0.07350 0.28447 0.33667 1637.256
2.050 0.35022 68.88137 1.67527 24.12395 0.30511 0.07374 0.28409 0.33706 1638.264
2.055 0.35009 69.01901 1.67797 24.16273 0.30485 0.07399 0.28370 0.33746 1639.275
2.060 0.34995 69.15710 1.68067 24.20162 0.30460 0.07423 0.28332 0.33785 1640.287
2.065 0.34981 69.29565 1.68338 24.24062 0.30435 0.07448 0.28293 0.33824 1641.302
2.070 0.34968 69.43466 1.68609 24.27974 0.30409 0.07473 0.28254 0.33864 1642.320
2.075 0.34954 69.57413 1.68882 24.31897 0.30384 0.07497 0.28216 0.33903 1643.339
2.080 0.34940 69.71406 1.69155 24.35831 0.30358 0.07522 0.28177 0.33942 1644.361
2.085 0.34927 69.85446 1.69429 24.39776 0.30333 0.07547 0.28139 0.33982 1645.385
2.090 0.34913 69.99533 1.69704 24.43733 0.30307 0.07572 0.28100 0.34021 1646.411
2.095 0.34899 70.13667 1.69979 24.47701 0.30281 0.07597 0.28061 0.34060 1647.439
2.100 0.34885 70.27848 1.70256 24.51680 0.30256 0.07622 0.28023 0.34099 1648.470
2.105 0.34871 70.42077 1.70533 24.55671 0.30230 0.07647 0.27984 0.34139 1649.503
2.110 0.34858 70.56354 1.70811 24.59674 0.30204 0.07673 0.27946 0.34178 1650.539
2.115 0.34844 70.70678 1.71089 24.63688 0.30178 0.07698 0.27907 0.34217 1651.576
2.120 0.34830 70.85051 1.71369 24.67713 0.30152 0.07723 0.27868 0.34256 1652.617
2.125 0.34816 70.99471 1.71649 24.71750 0.30126 0.07749 0.27830 0.34295 1653.659
2.130 0.34802 71.13941 1.71930 24.75799 0.30100 0.07774 0.27791 0.34334 1654.704
2.135 0.34788 71.28459 1.72212 24.79860 0.30074 0.07800 0.27752 0.34373 1655.751
2.140 0.34774 71.43027 1.72495 24.83932 0.30048 0.07826 0.27714 0.34412 1656.800
2.145 0.34760 71.57643 1.72779 24.88016 0.30022 0.07851 0.27675 0.34451 1657.852
2.150 0.34746 71.72309 1.73063 24.92112 0.29996 0.07877 0.27637 0.34490 1658.906
2.155 0.34732 71.87025 1.73349 24.96220 0.29970 0.07903 0.27598 0.34529 1659.963
2.160 0.34718 72.01791 1.73635 25.00339 0.29944 0.07929 0.27559 0.34568 1661.022
2.165 0.34704 72.16607 1.73922 25.04471 0.29918 0.07955 0.27521 0.34607 1662.084
2.170 0.34690 72.31473 1.74209 25.08615 0.29891 0.07981 0.27482 0.34646 1663.147
2.175 0.34676 72.46390 1.74498 25.12770 0.29865 0.08007 0.27443 0.34685 1664.214
2.180 0.34662 72.61358 1.74787 25.16938 0.29839 0.08033 0.27405 0.34723 1665.282
2.185 0.34648 72.76377 1.75078 25.21118 0.29812 0.08060 0.27366 0.34762 1666.354
2.190 0.34634 72.91447 1.75369 25.25310 0.29786 0.08086 0.27327 0.34801 1667.427
2.195 0.34620 73.06569 1.75661 25.29514 0.29760 0.08112 0.27289 0.34840 1668.503
2.200 0.34606 73.21743 1.75954 25.33731 0.29733 0.08139 0.27250 0.34878 1669.582
2.205 0.34591 73.36969 1.76247 25.37960 0.29707 0.08165 0.27211 0.34917 1670.663
2.210 0.34577 73.52247 1.76542 25.42201 0.29680 0.08192 0.27173 0.34955 1671.746
2.215 0.34563 73.67578 1.76837 25.46454 0.29653 0.08219 0.27134 0.34994 1672.832
2.220 0.34549 73.82961 1.77133 25.50720 0.29627 0.08245 0.27095 0.35033 1673.921
2.225 0.34534 73.98398 1.77430 25.54999 0.29600 0.08272 0.27057 0.35071 1675.012
2.230 0.34520 74.13888 1.77728 25.59290 0.29573 0.08299 0.27018 0.35110 1676.105
2.235 0.34506 74.29431 1.78027 25.63593 0.29547 0.08326 0.26979 0.35148 1677.201
2.240 0.34492 74.45029 1.78327 25.67910 0.29520 0.08353 0.26941 0.35187 1678.300
2.245 0.34477 74.60680 1.78628 25.72238 0.29493 0.08380 0.26902 0.35225 1679.401
2.250 0.34463 74.76386 1.78929 25.76580 0.29466 0.08408 0.26863 0.35263 1680.505
2.255 0.34449 74.92146 1.79232 25.80934 0.29439 0.08435 0.26824 0.35302 1681.611
2.260 0.34434 75.07961 1.79535 25.85301 0.29412 0.08462 0.26786 0.35340 1682.720
2.265 0.34420 75.23832 1.79839 25.89681 0.29385 0.08489 0.26747 0.35378 1683.831
2.270 0.34405 75.39757 1.80144 25.94074 0.29358 0.08517 0.26708 0.35416 1684.946
2.275 0.34391 75.55738 1.80450 25.98480 0.29331 0.08544 0.26670 0.35455 1686.062
2.280 0.34376 75.71776 1.80757 26.02899 0.29304 0.08572 0.26631 0.35493 1687.181
2.285 0.34362 75.87869 1.81065 26.07330 0.29277 0.08600 0.26592 0.35531 1688.303
2.290 0.34347 76.04019 1.81373 26.11775 0.29250 0.08628 0.26554 0.35569 1689.428
2.295 0.34333 76.20225 1.81683 26.16233 0.29223 0.08655 0.26515 0.35607 1690.555
2.300 0.34318 76.36489 1.81993 26.20704 0.29195 0.08683 0.26476 0.35645 1691.685
2.305 0.34304 76.52810 1.82305 26.25189 0.29168 0.08711 0.26438 0.35683 1692.817
2.310 0.34289 76.69188 1.82617 26.29686 0.29141 0.08739 0.26399 0.35721 1693.953
2.315 0.34274 76.85624 1.82930 26.34197 0.29113 0.08767 0.26360 0.35759 1695.090
2.320 0.34260 77.02118 1.83245 26.38721 0.29086 0.08796 0.26322 0.35797 1696.231
2.325 0.34245 77.18671 1.83560 26.43259 0.29059 0.08824 0.26283 0.35835 1697.374
2.330 0.34230 77.35282 1.83876 26.47810 0.29031 0.08852 0.26244 0.35873 1698.520
2.335 0.34216 77.51952 1.84193 26.52375 0.29004 0.08881 0.26206 0.35910 1699.669
2.340 0.34201 77.68682 1.84511 26.56953 0.28976 0.08909 0.26167 0.35948 1700.820
2.345 0.34186 77.85471 1.84829 26.61545 0.28949 0.08938 0.26128 0.35986 1701.975
2.350 0.34171 78.02319 1.85149 26.66150 0.28921 0.08966 0.26089 0.36023 1703.132
2.355 0.34156 78.19228 1.85470 26.70769 0.28893 0.08995 0.26051 0.36061 1704.291
2.360 0.34142 78.36197 1.85792 26.75402 0.28866 0.09024 0.26012 0.36099 1705.454
2.365 0.34127 78.53227 1.86115 26.80049 0.28838 0.09052 0.25973 0.36136 1706.619
2.370 0.34112 78.70318 1.86438 26.84709 0.28810 0.09081 0.25935 0.36174 1707.787
2.375 0.34097 78.87470 1.86763 26.89384 0.28782 0.09110 0.25896 0.36211 1708.958
2.380 0.34082 79.04684 1.87088 26.94072 0.28755 0.09139 0.25857 0.36249 1710.132
2.385 0.34067 79.21959 1.87415 26.98775 0.28727 0.09168 0.25819 0.36286 1711.308
2.390 0.34052 79.39297 1.87742 27.03491 0.28699 0.09198 0.25780 0.36323 1712.488
2.395 0.34037 79.56697 1.88071 27.08222 0.28671 0.09227 0.25741 0.36361 1713.670
2.400 0.34022 79.74160 1.88400 27.12966 0.28643 0.09256 0.25703 0.36398 1714.855
2.405 0.34007 79.91686 1.88731 27.17725 0.28615 0.09286 0.25664 0.36435 1716.043
2.410 0.33992 80.09276 1.89062 27.22498 0.28587 0.09315 0.25626 0.36472 1717.234
2.415 0.33977 80.26929 1.89395 27.27286 0.28559 0.09345 0.25587 0.36510 1718.428
2.420 0.33962 80.44646 1.89728 27.32088 0.28531 0.09374 0.25548 0.36547 1719.625
2.425 0.33946 80.62428 1.90063 27.36904 0.28503 0.09404 0.25510 0.36584 1720.824
2.430 0.33931 80.80274 1.90398 27.41735 0.28475 0.09434 0.25471 0.36621 1722.027
2.435 0.33916 80.98186 1.90735 27.46580 0.28446 0.09464 0.25432 0.36658 1723.232
2.440 0.33901 81.16162 1.91072 27.51440 0.28418 0.09494 0.25394 0.36695 1724.441
2.445 0.33885 81.34205 1.91411 27.56314 0.28390 0.09524 0.25355 0.36732 1725.652
2.450 0.33870 81.52313 1.91750 27.61203 0.28362 0.09554 0.25316 0.36768 1726.866
2.455 0.33855 81.70488 1.92091 27.66107 0.28333 0.09584 0.25278 0.36805 1728.084
2.460 0.33840 81.88729 1.92432 27.71026 0.28305 0.09614 0.25239 0.36842 1729.304
2.465 0.33824 82.07037 1.92775 27.75959 0.28276 0.09644 0.25201 0.36879 1730.528
2.470 0.33809 82.25413 1.93119 27.80907 0.28248 0.09675 0.25162 0.36915 1731.754
2.475 0.33793 82.43856 1.93463 27.85871 0.28220 0.09705 0.25123 0.36952 1732.983
2.480 0.33778 82.62367 1.93809 27.90849 0.28191 0.09736 0.25085 0.36989 1734.216
2.485 0.33762 82.80947 1.94156 27.95842 0.28163 0.09766 0.25046 0.37025 1735.452
2.490 0.33747 82.99595 1.94504 28.00851 0.28134 0.09797 0.25007 0.37062 1736.690
2.495 0.33731 83.18313 1.94852 28.05874 0.28105 0.09828 0.24969 0.37098 1737.932
2.500 0.33716 83.37099 1.95202 28.10913 0.28077 0.09858 0.24930 0.37134 1739.177
2.505 0.33700 83.55956 1.95553 28.15967 0.28048 0.09889 0.24892 0.37171 1740.425
2.510 0.33684 83.74882 1.95905 28.21037 0.28019 0.09920 0.24853 0.37207 1741.676
2.515 0.33669 83.93879 1.96258 28.26121 0.27991 0.09951 0.24815 0.37243 1742.930
2.520 0.33653 84.12947 1.96613 28.31222 0.27962 0.09982 0.24776 0.37280 1744.187
2.525 0.33637 84.32086 1.96968 28.36337 0.27933 0.10014 0.24737 0.37316 1745.448
2.530 0.33622 84.51296 1.97324 28.41469 0.27904 0.10045 0.24699 0.37352 1746.711
2.535 0.33606 84.70579 1.97682 28.46616 0.27875 0.10076 0.24660 0.37388 1747.978
2.540 0.33590 84.89933 1.98040 28.51778 0.27847 0.10108 0.24622 0.37424 1749.248
2.545 0.33574 85.09360 1.98400 28.56957 0.27818 0.10139 0.24583 0.37460 1750.521
2.550 0.33558 85.28861 1.98760 28.62151 0.27789 0.10171 0.24545 0.37496 1751.798
2.555 0.33543 85.48434 1.99122 28.67361 0.27760 0.10202 0.24506 0.37532 1753.078
2.560 0.33527 85.68082 1.99485 28.72587 0.27731 0.10234 0.24468 0.37568 1754.361
2.565 0.33511 85.87803 1.99849 28.77829 0.27702 0.10266 0.24429 0.37603 1755.647
2.570 0.33495 86.07599 2.00214 28.83086 0.27673 0.10298 0.24391 0.37639 1756.936
2.575 0.33479 86.27470 2.00581 28.88360 0.27643 0.10330 0.24352 0.37675 1758.229
2.580 0.33463 86.47416 2.00948 28.93650 0.27614 0.10362 0.24314 0.37710 1759.525
2.585 0.33447 86.67438 2.01316 28.98957 0.27585 0.10394 0.24275 0.37746 1760.824
2.590 0.33430 86.87536 2.01686 29.04279 0.27556 0.10426 0.24237 0.37782 1762.127
2.595 0.33414 87.07711 2.02057 29.09618 0.27527 0.10458 0.24198 0.37817 1763.433
2.600 0.33398 87.27962 2.02429 29.14973 0.27497 0.10491 0.24160 0.37852 1764.743
2.605 0.33382 87.48291 2.02802 29.20345 0.27468 0.10523 0.24121 0.37888 1766.055
2.610 0.33366 87.68697 2.03176 29.25733 0.27439 0.10555 0.24083 0.37923 1767.372
2.615 0.33349 87.89181 2.03551 29.31138 0.27409 0.10588 0.24044 0.37958 1768.691
2.620 0.33333 88.09744 2.03928 29.36559 0.27380 0.10621 0.24006 0.37994 1770.014
2.625 0.33317 88.30386 2.04305 29.41997 0.27351 0.10653 0.23967 0.38029 1771.341
2.630 0.33300 88.51107 2.04684 29.47452 0.27321 0.10686 0.23929 0.38064 1772.670
2.635 0.33284 88.71908 2.05064 29.52924 0.27292 0.10719 0.23890 0.38099 1774.004
2.640 0.33268 88.92789 2.05445 29.58412 0.27262 0.10752 0.23852 0.38134 1775.340
2.645 0.33251 89.13751 2.05828 29.63918 0.27233 0.10785 0.23814 0.38169 1776.681
2.650 0.33235 89.34793 2.06211 29.69440 0.27203 0.10818 0.23775 0.38204 1778.024
2.655 0.33218 89.55917 2.06596 29.74979 0.27173 0.10851 0.23737 0.38239 1779.372
2.660 0.33201 89.77123 2.06982 29.80536 0.27144 0.10884 0.23698 0.38273 1780.722
2.665 0.33185 89.98411 2.07369 29.86110 0.27114 0.10918 0.23660 0.38308 1782.077
2.670 0.33168 90.19782 2.07757 29.91701 0.27084 0.10951 0.23622 0.38343 1783.435
2.675 0.33152 90.41236 2.08146 29.97309 0.27055 0.10985 0.23583 0.38377 1784.796
2.680 0.33135 90.62774 2.08537 30.02935 0.27025 0.11018 0.23545 0.38412 1786.161
2.685 0.33118 90.84396 2.08929 30.08578 0.26995 0.11052 0.23507 0.38446 1787.530
2.690 0.33101 91.06102 2.09322 30.14238 0.26965 0.11086 0.23468 0.38481 1788.902
2.695 0.33084 91.27893 2.09716 30.19917 0.26936 0.11119 0.23430 0.38515 1790.278
2.700 0.33068 91.49770 2.10112 30.25612 0.26906 0.11153 0.23392 0.38549 1791.657
2.705 0.33051 91.71733 2.10509 30.31326 0.26876 0.11187 0.23353 0.38584 1793.041
2.710 0.33034 91.93782 2.10907 30.37057 0.26846 0.11221 0.23315 0.38618 1794.427
2.715 0.33017 92.15917 2.11306 30.42806 0.26816 0.11255 0.23277 0.38652 1795.818
2.720 0.33000 92.38140 2.11706 30.48573 0.26786 0.11289 0.23238 0.38686 1797.212
2.725 0.32983 92.60451 2.12108 30.54358 0.26756 0.11324 0.23200 0.38720 1798.610
2.730 0.32966 92.82850 2.12511 30.60161 0.26726 0.11358 0.23162 0.38754 1800.012
2.735 0.32949 93.05338 2.12915 30.65982 0.26696 0.11392 0.23124 0.38788 1801.417
2.740 0.32931 93.27915 2.13321 30.71822 0.26666 0.11427 0.23085 0.38822 1802.827
2.745 0.32914 93.50581 2.13728 30.77679 0.26636 0.11461 0.23047 0.38856 1804.240
2.750 0.32897 93.73338 2.14136 30.83555 0.26606 0.11496 0.23009 0.38889 1805.656
2.755 0.32880 93.96185 2.14545 30.89449 0.26575 0.11531 0.22971 0.38923 1807.077
2.760 0.32863 94.19124 2.14956 30.95362 0.26545 0.11566 0.22933 0.38957 1808.501
2.765 0.32845 94.42154 2.15368 31.01293 0.26515 0.11600 0.22894 0.38990 1809.930
2.770 0.32828 94.65276 2.15781 31.07243 0.26485 0.11635 0.22856 0.39024 1811.362
2.775 0.32810 94.88491 2.16195 31.13211 0.26454 0.11670 0.22818 0.39057 1812.798
2.780 0.32793 95.11799 2.16611 31.19198 0.26424 0.11706 0.22780 0.39090 1814.238
2.785 0.32775 95.35201 2.17028 31.25204 0.26394 0.11741 0.22742 0.39124 1815.682
2.790 0.32758 95.58696 2.17446 31.31228 0.26363 0.11776 0.22704 0.39157 1817.130
2.795 0.32740 95.82287 2.17866 31.37272 0.26333 0.11811 0.22665 0.39190 1818.582
2.800 0.32723 96.05973 2.18287 31.43335 0.26303 0.11847 0.22627 0.39223 1820.037
2.805 0.32705 96.29754 2.18709 31.49416 0.26272 0.11882 0.22589 0.39256 1821.497
2.810 0.32687 96.53632 2.19133 31.55517 0.26242 0.11918 0.22551 0.39289 1822.961
2.815 0.32670 96.77607 2.19558 31.61637 0.26211 0.11954 0.22513 0.39322 1824.429
2.820 0.32652 97.01679 2.19984 31.67777 0.26181 0.11989 0.22475 0.39355 1825.900
2.825 0.32634 97.25849 2.20412 31.73935 0.26150 0.12025 0.22437 0.39388 1827.376
