timeGa Urey Qt heat/H0 heatTW 1HPE 2HPE 3HPE 4HPE TempC
0.000 0.58000 36.00000 1.00000 20.88000 0.37200 0.01640 0.43000 0.18100 1351.850
0.005 0.58022 36.00000 1.00038 20.88791 0.37215 0.01647 0.42994 0.18143 1352.190
0.010 0.58022 36.03555 1.00136 20.90839 0.37207 0.01654 0.42963 0.18176 1352.531
0.015 0.58021 36.07116 1.00234 20.92891 0.37199 0.01661 0.42931 0.18209 1352.872
0.020 0.58021 36.10683 1.00333 20.94948 0.37192 0.01667 0.42900 0.18241 1353.214
0.025 0.58020 36.14255 1.00431 20.97009 0.37184 0.01674 0.42868 0.18274 1353.555
0.030 0.58020 36.17833 1.00530 20.99074 0.37176 0.01680 0.42837 0.18307 1353.898
0.035 0.58020 36.21417 1.00629 21.01143 0.37168 0.01687 0.42805 0.18340 1354.240
0.040 0.58020 36.25007 1.00729 21.03217 0.37161 0.01694 0.42773 0.18372 1354.583
0.045 0.58019 36.28602 1.00828 21.05296 0.37153 0.01700 0.42742 0.18405 1354.926
0.050 0.58019 36.32204 1.00928 21.07378 0.37145 0.01707 0.42710 0.18438 1355.269
0.055 0.58019 36.35811 1.01028 21.09465 0.37137 0.01714 0.42678 0.18471 1355.613
0.060 0.58019 36.39424 1.01128 21.11557 0.37129 0.01720 0.42647 0.18504 1355.957
0.065 0.58019 36.43043 1.01229 21.13653 0.37121 0.01727 0.42615 0.18537 1356.302
0.070 0.58019 36.46668 1.01329 21.15753 0.37113 0.01734 0.42583 0.18570 1356.647
0.075 0.58019 36.50299 1.01430 21.17858 0.37104 0.01741 0.42551 0.18603 1356.992
0.080 0.58019 36.53935 1.01531 21.19967 0.37096 0.01748 0.42520 0.18636 1357.337
0.085 0.58019 36.57578 1.01632 21.22080 0.37088 0.01755 0.42488 0.18670 1357.683
0.090 0.58019 36.61226 1.01734 21.24199 0.37080 0.01761 0.42456 0.18703 1358.030
0.095 0.58019 36.64880 1.01835 21.26321 0.37071 0.01768 0.42424 0.18736 1358.376
0.100 0.58019 36.68541 1.01937 21.28448 0.37063 0.01775 0.42392 0.18769 1358.723
0.105 0.58019 36.72207 1.02039 21.30580 0.37055 0.01782 0.42360 0.18803 1359.070
0.110 0.58019 36.75879 1.02142 21.32716 0.37046 0.01789 0.42328 0.18836 1359.418
0.115 0.58019 36.79557 1.02244 21.34857 0.37038 0.01796 0.42296 0.18869 1359.766
0.120 0.58020 36.83241 1.02347 21.37002 0.37029 0.01803 0.42264 0.18903 1360.114
0.125 0.58020 36.86931 1.02450 21.39152 0.37021 0.01811 0.42232 0.18936 1360.463
0.130 0.58020 36.90627 1.02553 21.41307 0.37012 0.01818 0.42200 0.18970 1360.812
0.135 0.58020 36.94329 1.02656 21.43466 0.37004 0.01825 0.42168 0.19003 1361.161
0.140 0.58021 36.98037 1.02760 21.45629 0.36995 0.01832 0.42136 0.19037 1361.511
0.145 0.58021 37.01751 1.02864 21.47798 0.36986 0.01839 0.42104 0.19071 1361.861
0.150 0.58022 37.05471 1.02968 21.49971 0.36978 0.01846 0.42072 0.19104 1362.211
0.155 0.58022 37.09198 1.03072 21.52148 0.36969 0.01854 0.42040 0.19138 1362.562
0.160 0.58022 37.12930 1.03177 21.54331 0.36960 0.01861 0.42007 0.19172 1362.913
0.165 0.58023 37.16668 1.03281 21.56518 0.36951 0.01868 0.41975 0.19206 1363.265
0.170 0.58023 37.20413 1.03386 21.58709 0.36942 0.01875 0.41943 0.19239 1363.616
0.175 0.58024 37.24163 1.03492 21.60906 0.36933 0.01883 0.41911 0.19273 1363.968
0.180 0.58025 37.27920 1.03597 21.63107 0.36924 0.01890 0.41878 0.19307 1364.321
0.185 0.58025 37.31682 1.03703 21.65313 0.36915 0.01898 0.41846 0.19341 1364.674
0.190 0.58026 37.35451 1.03809 21.67523 0.36906 0.01905 0.41814 0.19375 1365.027
0.195 0.58026 37.39226 1.03915 21.69739 0.36897 0.01912 0.41781 0.19409 1365.381
0.200 0.58027 37.43007 1.04021 21.71959 0.36888 0.01920 0.41749 0.19443 1365.734
0.205 0.58028 37.46794 1.04128 21.74184 0.36879 0.01927 0.41717 0.19477 1366.089
0.210 0.58029 37.50588 1.04234 21.76414 0.36870 0.01935 0.41684 0.19511 1366.443
0.215 0.58029 37.54388 1.04341 21.78648 0.36860 0.01942 0.41652 0.19545 1366.798
0.220 0.58030 37.58193 1.04449 21.80888 0.36851 0.01950 0.41619 0.19580 1367.154
0.225 0.58031 37.62005 1.04556 21.83132 0.36842 0.01958 0.41587 0.19614 1367.509
0.230 0.58032 37.65823 1.04664 21.85381 0.36832 0.01965 0.41554 0.19648 1367.865
0.235 0.58033 37.69648 1.04772 21.87636 0.36823 0.01973 0.41522 0.19682 1368.222
0.240 0.58034 37.73479 1.04880 21.89895 0.36813 0.01981 0.41489 0.19717 1368.578
0.245 0.58035 37.77315 1.04988 21.92158 0.36804 0.01988 0.41457 0.19751 1368.935
0.250 0.58036 37.81159 1.05097 21.94427 0.36794 0.01996 0.41424 0.19785 1369.293
0.255 0.58037 37.85008 1.05206 21.96701 0.36785 0.02004 0.41391 0.19820 1369.651
0.260 0.58038 37.88864 1.05315 21.98980 0.36775 0.02012 0.41359 0.19854 1370.009
0.265 0.58039 37.92726 1.05424 22.01264 0.36765 0.02020 0.41326 0.19889 1370.367
0.270 0.58040 37.96594 1.05534 22.03552 0.36756 0.02027 0.41293 0.19923 1370.726
0.275 0.58041 38.00468 1.05644 22.05846 0.36746 0.02035 0.41261 0.19958 1371.085
0.280 0.58043 38.04349 1.05754 22.08145 0.36736 0.02043 0.41228 0.19993 1371.445
0.285 0.58044 38.08237 1.05864 22.10449 0.36726 0.02051 0.41195 0.20027 1371.805
0.290 0.58045 38.12130 1.05975 22.12757 0.36716 0.02059 0.41162 0.20062 1372.165
0.295 0.58046 38.16030 1.06086 22.15071 0.36707 0.02067 0.41129 0.20097 1372.526
0.300 0.58048 38.19936 1.06197 22.17390 0.36697 0.02075 0.41097 0.20132 1372.887
0.305 0.58049 38.23849 1.06308 22.19714 0.36687 0.02083 0.41064 0.20166 1373.248
0.310 0.58051 38.27768 1.06420 22.22044 0.36677 0.02091 0.41031 0.20201 1373.610
0.315 0.58052 38.31694 1.06532 22.24378 0.36666 0.02100 0.40998 0.20236 1373.972
0.320 0.58054 38.35625 1.06644 22.26717 0.36656 0.02108 0.40965 0.20271 1374.334
0.325 0.58055 38.39564 1.06756 22.29062 0.36646 0.02116 0.40932 0.20306 1374.697
0.330 0.58057 38.43508 1.06868 22.31412 0.36636 0.02124 0.40899 0.20341 1375.060
0.335 0.58058 38.47459 1.06981 22.33767 0.36626 0.02132 0.40866 0.20376 1375.423
0.340 0.58060 38.51417 1.07094 22.36127 0.36615 0.02141 0.40833 0.20411 1375.787
0.345 0.58062 38.55381 1.07207 22.38492 0.36605 0.02149 0.40800 0.20446 1376.152
0.350 0.58063 38.59352 1.07321 22.40863 0.36595 0.02157 0.40767 0.20481 1376.516
0.355 0.58065 38.63329 1.07435 22.43239 0.36584 0.02166 0.40734 0.20516 1376.881
0.360 0.58067 38.67312 1.07549 22.45620 0.36574 0.02174 0.40701 0.20552 1377.246
0.365 0.58068 38.71302 1.07663 22.48007 0.36563 0.02182 0.40668 0.20587 1377.612
0.370 0.58070 38.75299 1.07778 22.50399 0.36553 0.02191 0.40634 0.20622 1377.978
0.375 0.58072 38.79302 1.07893 22.52796 0.36542 0.02199 0.40601 0.20657 1378.344
0.380 0.58074 38.83311 1.08008 22.55198 0.36532 0.02208 0.40568 0.20693 1378.711
0.385 0.58076 38.87327 1.08123 22.57606 0.36521 0.02216 0.40535 0.20728 1379.078
0.390 0.58078 38.91350 1.08238 22.60019 0.36510 0.02225 0.40501 0.20763 1379.446
0.395 0.58080 38.95379 1.08354 22.62438 0.36499 0.02233 0.40468 0.20799 1379.814
0.400 0.58082 38.99415 1.08470 22.64862 0.36489 0.02242 0.40435 0.20834 1380.182
0.405 0.58084 39.03458 1.08587 22.67291 0.36478 0.02251 0.40402 0.20870 1380.550
0.410 0.58086 39.07507 1.08703 22.69726 0.36467 0.02259 0.40368 0.20905 1380.919
0.415 0.58088 39.11562 1.08820 22.72166 0.36456 0.02268 0.40335 0.20941 1381.289
0.420 0.58091 39.15625 1.08937 22.74612 0.36445 0.02277 0.40301 0.20977 1381.658
0.425 0.58093 39.19694 1.09055 22.77063 0.36434 0.02286 0.40268 0.21012 1382.028
0.430 0.58095 39.23769 1.09172 22.79520 0.36423 0.02294 0.40235 0.21048 1382.399
0.435 0.58097 39.27851 1.09290 22.81982 0.36412 0.02303 0.40201 0.21084 1382.769
0.440 0.58100 39.31940 1.09409 22.84450 0.36401 0.02312 0.40168 0.21119 1383.140
0.445 0.58102 39.36036 1.09527 22.86923 0.36390 0.02321 0.40134 0.21155 1383.512
0.450 0.58105 39.40138 1.09646 22.89402 0.36378 0.02330 0.40101 0.21191 1383.884
0.455 0.58107 39.44247 1.09765 22.91886 0.36367 0.02339 0.40067 0.21227 1384.256
0.460 0.58110 39.48363 1.09884 22.94376 0.36356 0.02348 0.40033 0.21263 1384.629
0.465 0.58112 39.52486 1.10003 22.96872 0.36344 0.02357 0.40000 0.21299 1385.001
0.470 0.58115 39.56615 1.10123 22.99373 0.36333 0.02366 0.39966 0.21335 1385.375
0.475 0.58117 39.60751 1.10243 23.01880 0.36322 0.02375 0.39933 0.21371 1385.748
0.480 0.58120 39.64893 1.10364 23.04393 0.36310 0.02384 0.39899 0.21407 1386.122
0.485 0.58123 39.69043 1.10484 23.06911 0.36299 0.02393 0.39865 0.21443 1386.497
0.490 0.58125 39.73199 1.10605 23.09436 0.36287 0.02403 0.39832 0.21479 1386.872
0.495 0.58128 39.77362 1.10726 23.11965 0.36275 0.02412 0.39798 0.21515 1387.247
0.500 0.58131 39.81532 1.10848 23.14501 0.36264 0.02421 0.39764 0.21551 1387.622
0.505 0.58134 39.85709 1.10969 23.17042 0.36252 0.02430 0.39730 0.21587 1387.998
0.510 0.58137 39.89892 1.11091 23.19589 0.36240 0.02440 0.39696 0.21623 1388.374
0.515 0.58140 39.94083 1.11214 23.22142 0.36229 0.02449 0.39663 0.21660 1388.751
0.520 0.58143 39.98280 1.11336 23.24701 0.36217 0.02458 0.39629 0.21696 1389.128
0.525 0.58146 40.02484 1.11459 23.27265 0.36205 0.02468 0.39595 0.21732 1389.505
0.530 0.58149 40.06695 1.11582 23.29836 0.36193 0.02477 0.39561 0.21769 1389.883
0.535 0.58152 40.10913 1.11706 23.32412 0.36181 0.02487 0.39527 0.21805 1390.261
0.540 0.58155 40.15137 1.11829 23.34994 0.36169 0.02496 0.39493 0.21841 1390.640
0.545 0.58158 40.19369 1.11953 23.37582 0.36157 0.02506 0.39459 0.21878 1391.018
0.550 0.58161 40.23607 1.12077 23.40176 0.36145 0.02515 0.39425 0.21914 1391.398
0.555 0.58164 40.27853 1.12202 23.42776 0.36133 0.02525 0.39391 0.21951 1391.777
0.560 0.58168 40.32105 1.12327 23.45382 0.36121 0.02535 0.39357 0.21987 1392.157
0.565 0.58171 40.36365 1.12452 23.47993 0.36109 0.02544 0.39323 0.22024 1392.538
0.570 0.58174 40.40631 1.12577 23.50611 0.36096 0.02554 0.39289 0.22061 1392.918
0.575 0.58178 40.44904 1.12703 23.53235 0.36084 0.02564 0.39255 0.22097 1393.299
0.580 0.58181 40.49184 1.12829 23.55865 0.36072 0.02574 0.39221 0.22134 1393.681
0.585 0.58185 40.53472 1.12955 23.58501 0.36059 0.02583 0.39187 0.22171 1394.063
0.590 0.58188 40.57766 1.13082 23.61143 0.36047 0.02593 0.39153 0.22207 1394.445
0.595 0.58192 40.62067 1.13208 23.63791 0.36034 0.02603 0.39118 0.22244 1394.827
0.600 0.58195 40.66376 1.13335 23.66445 0.36022 0.02613 0.39084 0.22281 1395.210
0.605 0.58199 40.70691 1.13463 23.69106 0.36009 0.02623 0.39050 0.22318 1395.593
0.610 0.58203 40.75013 1.13591 23.71772 0.35997 0.02633 0.39016 0.22355 1395.977
0.615 0.58207 40.79343 1.13719 23.74445 0.35984 0.02643 0.38981 0.22391 1396.361
0.620 0.58210 40.83679 1.13847 23.77123 0.35971 0.02653 0.38947 0.22428 1396.746
0.625 0.58214 40.88023 1.13976 23.79808 0.35959 0.02663 0.38913 0.22465 1397.130
0.630 0.58218 40.92374 1.14104 23.82500 0.35946 0.02673 0.38879 0.22502 1397.516
0.635 0.58222 40.96731 1.14234 23.85197 0.35933 0.02683 0.38844 0.22539 1397.901
0.640 0.58226 41.01096 1.14363 23.87901 0.35920 0.02694 0.38810 0.22576 1398.287
0.645 0.58230 41.05468 1.14493 23.90611 0.35907 0.02704 0.38775 0.22613 1398.673
0.650 0.58234 41.09848 1.14623 23.93327 0.35894 0.02714 0.38741 0.22651 1399.060
0.655 0.58238 41.14234 1.14753 23.96050 0.35881 0.02724 0.38707 0.22688 1399.447
0.660 0.58242 41.18628 1.14884 23.98779 0.35868 0.02735 0.38672 0.22725 1399.834
0.665 0.58246 41.23028 1.15015 24.01514 0.35855 0.02745 0.38638 0.22762 1400.222
0.670 0.58251 41.27436 1.15146 24.04256 0.35842 0.02756 0.38603 0.22799 1400.610
0.675 0.58255 41.31851 1.15278 24.07004 0.35829 0.02766 0.38569 0.22837 1400.999
0.680 0.58259 41.36273 1.15410 24.09759 0.35816 0.02776 0.38534 0.22874 1401.388
0.685 0.58264 41.40703 1.15542 24.12520 0.35803 0.02787 0.38499 0.22911 1401.777
0.690 0.58268 41.45140 1.15675 24.15288 0.35789 0.02798 0.38465 0.22948 1402.167
0.695 0.58272 41.49584 1.15808 24.18062 0.35776 0.02808 0.38430 0.22986 1402.557
0.700 0.58277 41.54035 1.15941 24.20842 0.35763 0.02819 0.38396 0.23023 1402.947
0.705 0.58281 41.58493 1.16074 24.23629 0.35749 0.02829 0.38361 0.23061 1403.338
0.710 0.58286 41.62959 1.16208 24.26423 0.35736 0.02840 0.38326 0.23098 1403.729
0.715 0.58291 41.67432 1.16342 24.29223 0.35722 0.02851 0.38292 0.23136 1404.121
0.720 0.58295 41.71912 1.16477 24.32029 0.35709 0.02862 0.38257 0.23173 1404.513
0.725 0.58300 41.76400 1.16611 24.34843 0.35695 0.02872 0.38222 0.23211 1404.905
0.730 0.58305 41.80895 1.16746 24.37663 0.35681 0.02883 0.38187 0.23248 1405.298
0.735 0.58310 41.85397 1.16882 24.40489 0.35668 0.02894 0.38152 0.23286 1405.691
0.740 0.58314 41.89907 1.17017 24.43322 0.35654 0.02905 0.38118 0.23323 1406.084
0.745 0.58319 41.94424 1.17153 24.46162 0.35640 0.02916 0.38083 0.23361 1406.478
0.750 0.58324 41.98948 1.17290 24.49009 0.35626 0.02927 0.38048 0.23399 1406.872
0.755 0.58329 42.03480 1.17426 24.51862 0.35612 0.02938 0.38013 0.23437 1407.267
0.760 0.58334 42.08019 1.17563 24.54723 0.35598 0.02949 0.37978 0.23474 1407.662
0.765 0.58340 42.12565 1.17701 24.57589 0.35584 0.02960 0.37943 0.23512 1408.057
0.770 0.58345 42.17119 1.17838 24.60463 0.35570 0.02971 0.37908 0.23550 1408.453
0.775 0.58350 42.21680 1.17976 24.63344 0.35556 0.02982 0.37873 0.23588 1408.849
0.780 0.58355 42.26249 1.18115 24.66231 0.35542 0.02994 0.37838 0.23626 1409.245
0.785 0.58360 42.30825 1.18253 24.69125 0.35528 0.03005 0.37803 0.23663 1409.642
0.790 0.58366 42.35409 1.18392 24.72026 0.35514 0.03016 0.37768 0.23701 1410.039
0.795 0.58371 42.40000 1.18531 24.74934 0.35500 0.03028 0.37733 0.23739 1410.437
0.800 0.58377 42.44598 1.18671 24.77849 0.35486 0.03039 0.37698 0.23777 1410.835
0.805 0.58382 42.49204 1.18811 24.80771 0.35471 0.03050 0.37663 0.23815 1411.233
0.810 0.58388 42.53817 1.18951 24.83700 0.35457 0.03062 0.37628 0.23853 1411.632
0.815 0.58393 42.58438 1.19092 24.86636 0.35442 0.03073 0.37593 0.23891 1412.031
0.820 0.58399 42.63067 1.19233 24.89579 0.35428 0.03085 0.37558 0.23929 1412.430
0.825 0.58404 42.67703 1.19374 24.92529 0.35413 0.03096 0.37523 0.23967 1412.830
0.830 0.58410 42.72346 1.19516 24.95486 0.35399 0.03108 0.37488 0.24006 1413.231
0.835 0.58416 42.76997 1.19658 24.98450 0.35384 0.03120 0.37452 0.24044 1413.631
0.840 0.58422 42.81656 1.19800 25.01421 0.35370 0.03131 0.37417 0.24082 1414.032
0.845 0.58428 42.86322 1.19942 25.04399 0.35355 0.03143 0.37382 0.24120 1414.434
0.850 0.58434 42.90996 1.20085 25.07385 0.35340 0.03155 0.37347 0.24158 1414.835
0.855 0.58440 42.95677 1.20229 25.10377 0.35326 0.03167 0.37311 0.24197 1415.237
0.860 0.58446 43.00366 1.20372 25.13377 0.35311 0.03178 0.37276 0.24235 1415.640
0.865 0.58452 43.05063 1.20516 25.16384 0.35296 0.03190 0.37241 0.24273 1416.043
0.870 0.58458 43.09767 1.20661 25.19398 0.35281 0.03202 0.37205 0.24311 1416.446
0.875 0.58464 43.14478 1.20806 25.22420 0.35266 0.03214 0.37170 0.24350 1416.850
0.880 0.58470 43.19198 1.20951 25.25449 0.35251 0.03226 0.37135 0.24388 1417.254
0.885 0.58477 43.23925 1.21096 25.28485 0.35236 0.03238 0.37099 0.24427 1417.658
0.890 0.58483 43.28660 1.21242 25.31528 0.35221 0.03250 0.37064 0.24465 1418.063
0.895 0.58489 43.33402 1.21388 25.34579 0.35206 0.03262 0.37028 0.24504 1418.468
0.900 0.58496 43.38152 1.21534 25.37637 0.35191 0.03275 0.36993 0.24542 1418.874
0.905 0.58502 43.42910 1.21681 25.40703 0.35175 0.03287 0.36957 0.24580 1419.280
0.910 0.58509 43.47675 1.21828 25.43776 0.35160 0.03299 0.36922 0.24619 1419.686
0.915 0.58515 43.52448 1.21976 25.46856 0.35145 0.03311 0.36886 0.24658 1420.093
0.920 0.58522 43.57229 1.22124 25.49944 0.35130 0.03324 0.36851 0.24696 1420.500
0.925 0.58529 43.62018 1.22272 25.53040 0.35114 0.03336 0.36815 0.24735 1420.908
0.930 0.58536 43.66814 1.22421 25.56143 0.35099 0.03348 0.36780 0.24773 1421.315
0.935 0.58542 43.71618 1.22570 25.59253 0.35083 0.03361 0.36744 0.24812 1421.724
0.940 0.58549 43.76430 1.22719 25.62372 0.35068 0.03373 0.36708 0.24851 1422.132
0.945 0.58556 43.81250 1.22869 25.65497 0.35052 0.03386 0.36673 0.24889 1422.541
0.950 0.58563 43.86077 1.23019 25.68631 0.35037 0.03398 0.36637 0.24928 1422.951
0.955 0.58570 43.90912 1.23169 25.71772 0.35021 0.03411 0.36601 0.24967 1423.360
0.960 0.58577 43.95755 1.23320 25.74920 0.35005 0.03424 0.36566 0.25006 1423.771
0.965 0.58585 44.00606 1.23471 25.78077 0.34989 0.03436 0.36530 0.25044 1424.181
0.970 0.58592 44.05465 1.23623 25.81241 0.34974 0.03449 0.36494 0.25083 1424.592
0.975 0.58599 44.10331 1.23775 25.84412 0.34958 0.03462 0.36458 0.25122 1425.003
0.980 0.58606 44.15206 1.23927 25.87592 0.34942 0.03475 0.36423 0.25161 1425.415
0.985 0.58614 44.20088 1.24079 25.90779 0.34926 0.03487 0.36387 0.25200 1425.827
0.990 0.58621 44.24978 1.24232 25.93975 0.34910 0.03500 0.36351 0.25239 1426.240
0.995 0.58629 44.29876 1.24386 25.97178 0.34894 0.03513 0.36315 0.25278 1426.652
1.000 0.58636 44.34781 1.24540 26.00389 0.34878 0.03526 0.36279 0.25317 1427.066
1.005 0.58644 44.39695 1.24694 26.03607 0.34862 0.03539 0.36243 0.25356 1427.479
1.010 0.58651 44.44617 1.24848 26.06834 0.34846 0.03552 0.36207 0.25394 1427.893
1.015 0.58659 44.49546 1.25003 26.10069 0.34829 0.03565 0.36172 0.25433 1428.308
1.020 0.58667 44.54484 1.25159 26.13311 0.34813 0.03579 0.36136 0.25473 1428.722
1.025 0.58675 44.59429 1.25314 26.16562 0.34797 0.03592 0.36100 0.25512 1429.137
1.030 0.58683 44.64382 1.25470 26.19821 0.34781 0.03605 0.36064 0.25551 1429.553
1.035 0.58691 44.69343 1.25627 26.23087 0.34764 0.03618 0.36028 0.25590 1429.969
1.040 0.58699 44.74313 1.25784 26.26362 0.34748 0.03632 0.35992 0.25629 1430.385
1.045 0.58707 44.79290 1.25941 26.29645 0.34731 0.03645 0.35956 0.25668 1430.802
1.050 0.58715 44.84275 1.26098 26.32936 0.34715 0.03659 0.35920 0.25707 1431.219
1.055 0.58723 44.89268 1.26256 26.36235 0.34698 0.03672 0.35883 0.25746 1431.636
1.060 0.58731 44.94269 1.26415 26.39543 0.34682 0.03685 0.35847 0.25786 1432.054
1.065 0.58740 44.99278 1.26574 26.42858 0.34665 0.03699 0.35811 0.25825 1432.472
1.070 0.58748 45.04295 1.26733 26.46182 0.34648 0.03713 0.35775 0.25864 1432.891
1.075 0.58756 45.09321 1.26892 26.49514 0.34632 0.03726 0.35739 0.25903 1433.310
1.080 0.58765 45.14354 1.27052 26.52855 0.34615 0.03740 0.35703 0.25942 1433.729
1.085 0.58773 45.19395 1.27213 26.56203 0.34598 0.03754 0.35667 0.25982 1434.149
1.090 0.58782 45.24444 1.27374 26.59560 0.34581 0.03767 0.35630 0.26021 1434.569
1.095 0.58791 45.29502 1.27535 26.62926 0.34564 0.03781 0.35594 0.26060 1434.989
1.100 0.58799 45.34567 1.27696 26.66299 0.34547 0.03795 0.35558 0.26100 1435.410
1.105 0.58808 45.39641 1.27858 26.69682 0.34530 0.03809 0.35522 0.26139 1435.831
1.110 0.58817 45.44722 1.28021 26.73072 0.34513 0.03823 0.35485 0.26179 1436.253
1.115 0.58826 45.49812 1.28183 26.76471 0.34496 0.03837 0.35449 0.26218 1436.675
1.120 0.58835 45.54910 1.28347 26.79879 0.34479 0.03851 0.35413 0.26257 1437.097
1.125 0.58844 45.60016 1.28510 26.83295 0.34462 0.03865 0.35377 0.26297 1437.520
1.130 0.58853 45.65130 1.28674 26.86720 0.34444 0.03879 0.35340 0.26336 1437.943
1.135 0.58862 45.70252 1.28839 26.90153 0.34427 0.03893 0.35304 0.26376 1438.367
1.140 0.58871 45.75382 1.29004 26.93595 0.34410 0.03908 0.35267 0.26415 1438.790
1.145 0.58881 45.80521 1.29169 26.97046 0.34392 0.03922 0.35231 0.26455 1439.215
1.150 0.58890 45.85668 1.29335 27.00505 0.34375 0.03936 0.35195 0.26494 1439.639
1.155 0.58900 45.90822 1.29501 27.03973 0.34357 0.03951 0.35158 0.26534 1440.064
1.160 0.58909 45.95985 1.29667 27.07450 0.34340 0.03965 0.35122 0.26573 1440.490
1.165 0.58919 46.01157 1.29834 27.10935 0.34322 0.03979 0.35085 0.26613 1440.916
1.170 0.58928 46.06336 1.30001 27.14430 0.34305 0.03994 0.35049 0.26653 1441.342
1.175 0.58938 46.11524 1.30169 27.17933 0.34287 0.04008 0.35012 0.26692 1441.768
1.180 0.58948 46.16719 1.30337 27.21445 0.34269 0.04023 0.34976 0.26732 1442.195
1.185 0.58957 46.21924 1.30506 27.24966 0.34252 0.04038 0.34939 0.26771 1442.622
1.190 0.58967 46.27136 1.30675 27.28495 0.34234 0.04052 0.34903 0.26811 1443.050
1.195 0.58977 46.32356 1.30845 27.32034 0.34216 0.04067 0.34866 0.26851 1443.478
1.200 0.58987 46.37585 1.31014 27.35582 0.34198 0.04082 0.34829 0.26891 1443.907
1.205 0.58997 46.42822 1.31185 27.39138 0.34180 0.04097 0.34793 0.26930 1444.335
1.210 0.59007 46.48067 1.31356 27.42704 0.34162 0.04112 0.34756 0.26970 1444.765
1.215 0.59018 46.53321 1.31527 27.46278 0.34144 0.04127 0.34720 0.27010 1445.194
1.220 0.59028 46.58583 1.31698 27.49862 0.34126 0.04141 0.34683 0.27049 1445.624
1.225 0.59038 46.63853 1.31870 27.53455 0.34108 0.04156 0.34646 0.27089 1446.055
1.230 0.59049 46.69131 1.32043 27.57057 0.34090 0.04172 0.34609 0.27129 1446.485
1.235 0.59059 46.74418 1.32216 27.60668 0.34072 0.04187 0.34573 0.27169 1446.916
1.240 0.59070 46.79713 1.32389 27.64289 0.34053 0.04202 0.34536 0.27209 1447.348
1.245 0.59080 46.85016 1.32563 27.67918 0.34035 0.04217 0.34499 0.27248 1447.780
1.250 0.59091 46.90328 1.32737 27.71557 0.34017 0.04232 0.34463 0.27288 1448.212
1.255 0.59102 46.95648 1.32912 27.75205 0.33998 0.04248 0.34426 0.27328 1448.644
1.260 0.59112 47.00977 1.33087 27.78863 0.33980 0.04263 0.34389 0.27368 1449.077
1.265 0.59123 47.06313 1.33263 27.82530 0.33962 0.04278 0.34352 0.27408 1449.511
1.270 0.59134 47.11658 1.33439 27.86206 0.33943 0.04294 0.34315 0.27448 1449.944
1.275 0.59145 47.17012 1.33616 27.89892 0.33925 0.04309 0.34278 0.27488 1450.379
1.280 0.59156 47.22374 1.33792 27.93587 0.33906 0.04325 0.34242 0.27528 1450.813
1.285 0.59168 47.27744 1.33970 27.97291 0.33887 0.04340 0.34205 0.27568 1451.248
1.290 0.59179 47.33122 1.34148 28.01006 0.33869 0.04356 0.34168 0.27608 1451.683
1.295 0.59190 47.38509 1.34326 28.04729 0.33850 0.04372 0.34131 0.27648 1452.119
1.300 0.59201 47.43905 1.34505 28.08462 0.33831 0.04388 0.34094 0.27688 1452.555
1.305 0.59213 47.49308 1.34684 28.12205 0.33812 0.04403 0.34057 0.27727 1452.991
1.310 0.59224 47.54721 1.34864 28.15958 0.33793 0.04419 0.34020 0.27767 1453.428
1.315 0.59236 47.60141 1.35044 28.19720 0.33774 0.04435 0.33983 0.27808 1453.865
1.320 0.59248 47.65570 1.35225 28.23492 0.33755 0.04451 0.33946 0.27848 1454.302
1.325 0.59259 47.71008 1.35406 28.27273 0.33736 0.04467 0.33909 0.27888 1454.740
1.330 0.59271 47.76454 1.35587 28.31065 0.33717 0.04483 0.33872 0.27928 1455.178
1.335 0.59283 47.81908 1.35769 28.34866 0.33698 0.04499 0.33835 0.27968 1455.617
1.340 0.59295 47.87371 1.35952 28.38677 0.33679 0.04515 0.33798 0.28008 1456.056
1.345 0.59307 47.92842 1.36135 28.42498 0.33660 0.04531 0.33761 0.28048 1456.495
1.350 0.59319 47.98322 1.36318 28.46328 0.33641 0.04548 0.33724 0.28088 1456.935
1.355 0.59331 48.03810 1.36502 28.50169 0.33621 0.04564 0.33687 0.28128 1457.375
1.360 0.59344 48.09307 1.36687 28.54020 0.33602 0.04580 0.33650 0.28168 1457.815
1.365 0.59356 48.14812 1.36872 28.57880 0.33583 0.04597 0.33612 0.28208 1458.256
1.370 0.59368 48.20326 1.37057 28.61751 0.33563 0.04613 0.33575 0.28248 1458.697
1.375 0.59381 48.25848 1.37243 28.65632 0.33544 0.04630 0.33538 0.28288 1459.139
1.380 0.59393 48.31379 1.37429 28.69523 0.33524 0.04646 0.33501 0.28329 1459.581
1.385 0.59406 48.36918 1.37616 28.73423 0.33505 0.04663 0.33464 0.28369 1460.023
1.390 0.59419 48.42466 1.37803 28.77335 0.33485 0.04679 0.33426 0.28409 1460.466
1.395 0.59432 48.48022 1.37991 28.81256 0.33465 0.04696 0.33389 0.28449 1460.909
1.400 0.59444 48.53587 1.38179 28.85187 0.33446 0.04713 0.33352 0.28489 1461.352
1.405 0.59457 48.59160 1.38368 28.89129 0.33426 0.04730 0.33315 0.28529 1461.796
1.410 0.59470 48.64742 1.38558 28.93081 0.33406 0.04747 0.33277 0.28570 1462.240
1.415 0.59483 48.70332 1.38747 28.97044 0.33386 0.04764 0.33240 0.28610 1462.685
1.420 0.59497 48.75931 1.38938 29.01017 0.33367 0.04780 0.33203 0.28650 1463.130
1.425 0.59510 48.81539 1.39128 29.05000 0.33347 0.04797 0.33166 0.28690 1463.575
1.430 0.59523 48.87155 1.39320 29.08994 0.33327 0.04815 0.33128 0.28731 1464.020
1.435 0.59537 48.92779 1.39511 29.12998 0.33307 0.04832 0.33091 0.28771 1464.466
1.440 0.59550 48.98412 1.39704 29.17012 0.33287 0.04849 0.33053 0.28811 1464.913
1.445 0.59564 49.04054 1.39896 29.21037 0.33267 0.04866 0.33016 0.28851 1465.359
1.450 0.59577 49.09705 1.40090 29.25073 0.33246 0.04883 0.32979 0.28892 1465.806
1.455 0.59591 49.15363 1.40284 29.29120 0.33226 0.04901 0.32941 0.28932 1466.254
1.460 0.59605 49.21031 1.40478 29.33177 0.33206 0.04918 0.32904 0.28972 1466.702
1.465 0.59619 49.26707 1.40673 29.37244 0.33186 0.04936 0.32866 0.29012 1467.150
1.470 0.59633 49.32392 1.40868 29.41323 0.33165 0.04953 0.32829 0.29053 1467.598
1.475 0.59647 49.38085 1.41064 29.45412 0.33145 0.04971 0.32792 0.29093 1468.047
1.480 0.59661 49.43787 1.41260 29.49512 0.33125 0.04988 0.32754 0.29133 1468.496
1.485 0.59675 49.49498 1.41457 29.53623 0.33104 0.05006 0.32717 0.29174 1468.946
1.490 0.59690 49.55217 1.41654 29.57745 0.33084 0.05023 0.32679 0.29214 1469.396
1.495 0.59704 49.60944 1.41852 29.61877 0.33063 0.05041 0.32642 0.29254 1469.846
1.500 0.59718 49.66681 1.42051 29.66021 0.33042 0.05059 0.32604 0.29294 1470.297
1.505 0.59733 49.72426 1.42250 29.70175 0.33022 0.05077 0.32566 0.29335 1470.748
1.510 0.59748 49.78180 1.42449 29.74341 0.33001 0.05095 0.32529 0.29375 1471.199
1.515 0.59762 49.83942 1.42649 29.78517 0.32980 0.05113 0.32491 0.29415 1471.651
1.520 0.59777 49.89713 1.42850 29.82705 0.32960 0.05131 0.32454 0.29456 1472.103
1.525 0.59792 49.95492 1.43051 29.86904 0.32939 0.05149 0.32416 0.29496 1472.556
1.530 0.59807 50.01280 1.43253 29.91114 0.32918 0.05167 0.32379 0.29536 1473.008
1.535 0.59822 50.07077 1.43455 29.95335 0.32897 0.05185 0.32341 0.29577 1473.461
1.540 0.59837 50.12883 1.43657 29.99567 0.32876 0.05204 0.32303 0.29617 1473.915
1.545 0.59852 50.18697 1.43861 30.03811 0.32855 0.05222 0.32266 0.29657 1474.369
1.550 0.59868 50.24520 1.44064 30.08066 0.32834 0.05240 0.32228 0.29698 1474.823
1.555 0.59883 50.30351 1.44269 30.12333 0.32813 0.05259 0.32190 0.29738 1475.278
1.560 0.59899 50.36191 1.44474 30.16610 0.32792 0.05277 0.32153 0.29778 1475.733
1.565 0.59914 50.42040 1.44679 30.20899 0.32771 0.05296 0.32115 0.29819 1476.188
1.570 0.59930 50.47897 1.44885 30.25200 0.32750 0.05314 0.32077 0.29859 1476.643
1.575 0.59946 50.53763 1.45092 30.29512 0.32728 0.05333 0.32039 0.29900 1477.099
1.580 0.59962 50.59638 1.45299 30.33836 0.32707 0.05351 0.32002 0.29940 1477.556
1.585 0.59977 50.65522 1.45506 30.38171 0.32686 0.05370 0.31964 0.29980 1478.012
1.590 0.59993 50.71414 1.45714 30.42518 0.32664 0.05389 0.31926 0.30021 1478.469
1.595 0.60010 50.77314 1.45923 30.46877 0.32643 0.05408 0.31888 0.30061 1478.927
1.600 0.60026 50.83224 1.46133 30.51247 0.32621 0.05427 0.31851 0.30101 1479.385
1.605 0.60042 50.89142 1.46342 30.55629 0.32600 0.05446 0.31813 0.30142 1479.843
1.610 0.60059 50.95069 1.46553 30.60023 0.32578 0.05465 0.31775 0.30182 1480.301
1.615 0.60075 51.01004 1.46764 30.64429 0.32557 0.05484 0.31737 0.30222 1480.760
1.620 0.60092 51.06948 1.46975 30.68846 0.32535 0.05503 0.31699 0.30263 1481.219
1.625 0.60108 51.12901 1.47188 30.73276 0.32513 0.05522 0.31661 0.30303 1481.678
1.630 0.60125 51.18863 1.47400 30.77717 0.32491 0.05541 0.31624 0.30343 1482.138
1.635 0.60142 51.24833 1.47614 30.82171 0.32470 0.05561 0.31586 0.30384 1482.598
1.640 0.60159 51.30812 1.47827 30.86636 0.32448 0.05580 0.31548 0.30424 1483.059
1.645 0.60176 51.36799 1.48042 30.91113 0.32426 0.05600 0.31510 0.30465 1483.520
1.650 0.60193 51.42795 1.48257 30.95603 0.32404 0.05619 0.31472 0.30505 1483.981
1.655 0.60210 51.48800 1.48472 31.00105 0.32382 0.05639 0.31434 0.30545 1484.442
1.660 0.60228 51.54814 1.48689 31.04619 0.32360 0.05658 0.31396 0.30586 1484.904
1.665 0.60245 51.60836 1.48905 31.09145 0.32338 0.05678 0.31358 0.30626 1485.366
1.670 0.60263 51.66867 1.49123 31.13683 0.32316 0.05698 0.31320 0.30666 1485.829
1.675 0.60280 51.72907 1.49341 31.18234 0.32294 0.05717 0.31282 0.30707 1486.291
1.680 0.60298 51.78955 1.49559 31.22797 0.32272 0.05737 0.31244 0.30747 1486.755
1.685 0.60316 51.85012 1.49778 31.27373 0.32249 0.05757 0.31206 0.30787 1487.218
1.690 0.60334 51.91077 1.49998 31.31961 0.32227 0.05777 0.31168 0.30828 1487.682
1.695 0.60352 51.97152 1.50218 31.36561 0.32205 0.05797 0.31130 0.30868 1488.146
1.700 0.60370 52.03235 1.50439 31.41174 0.32182 0.05817 0.31092 0.30908 1488.611
1.705 0.60388 52.09326 1.50661 31.45800 0.32160 0.05837 0.31054 0.30949 1489.075
1.710 0.60406 52.15427 1.50883 31.50438 0.32138 0.05857 0.31016 0.30989 1489.541
1.715 0.60425 52.21536 1.51106 31.55089 0.32115 0.05878 0.30978 0.31029 1490.006
1.720 0.60443 52.27653 1.51329 31.59753 0.32092 0.05898 0.30940 0.31069 1490.472
1.725 0.60462 52.33780 1.51553 31.64429 0.32070 0.05918 0.30902 0.31110 1490.938
1.730 0.60480 52.39915 1.51778 31.69118 0.32047 0.05939 0.30864 0.31150 1491.404
1.735 0.60499 52.46058 1.52003 31.73820 0.32025 0.05959 0.30826 0.31190 1491.871
1.740 0.60518 52.52211 1.52229 31.78535 0.32002 0.05980 0.30788 0.31231 1492.338
1.745 0.60537 52.58372 1.52455 31.83263 0.31979 0.06000 0.30750 0.31271 1492.806
1.750 0.60556 52.64541 1.52682 31.88003 0.31956 0.06021 0.30711 0.31311 1493.274
1.755 0.60575 52.70720 1.52910 31.92757 0.31933 0.06042 0.30673 0.31351 1493.742
1.760 0.60595 52.76907 1.53138 31.97524 0.31911 0.06063 0.30635 0.31392 1494.210
1.765 0.60614 52.83102 1.53367 32.02304 0.31888 0.06083 0.30597 0.31432 1494.679
1.770 0.60634 52.89306 1.53597 32.07097 0.31865 0.06104 0.30559 0.31472 1495.148
1.775 0.60653 52.95519 1.53827 32.11903 0.31842 0.06125 0.30521 0.31512 1495.617
1.780 0.60673 53.01741 1.54058 32.16723 0.31819 0.06146 0.30483 0.31553 1496.087
1.785 0.60693 53.07971 1.54289 32.21555 0.31796 0.06167 0.30444 0.31593 1496.557
1.790 0.60713 53.14209 1.54521 32.26401 0.31772 0.06188 0.30406 0.31633 1497.027
1.795 0.60733 53.20457 1.54754 32.31261 0.31749 0.06210 0.30368 0.31673 1497.498
1.800 0.60753 53.26713 1.54987 32.36134 0.31726 0.06231 0.30330 0.31713 1497.969
1.805 0.60773 53.32977 1.55221 32.41020 0.31703 0.06252 0.30291 0.31754 1498.440
1.810 0.60794 53.39250 1.55456 32.45920 0.31679 0.06274 0.30253 0.31794 1498.911
1.815 0.60814 53.45532 1.55691 32.50834 0.31656 0.06295 0.30215 0.31834 1499.383
1.820 0.60835 53.51823 1.55927 32.55761 0.31633 0.06317 0.30177 0.31874 1499.855
1.825 0.60855 53.58122 1.56164 32.60701 0.31609 0.06338 0.30138 0.31914 1500.328
1.830 0.60876 53.64429 1.56401 32.65656 0.31586 0.06360 0.30100 0.31954 1500.801
1.835 0.60897 53.70745 1.56639 32.70624 0.31562 0.06381 0.30062 0.31994 1501.274
1.840 0.60918 53.77070 1.56878 32.75606 0.31539 0.06403 0.30024 0.32035 1501.747
1.845 0.60939 53.83403 1.57117 32.80602 0.31515 0.06425 0.29985 0.32075 1502.221
1.850 0.60960 53.89745 1.57357 32.85612 0.31491 0.06447 0.29947 0.32115 1502.695
1.855 0.60982 53.96095 1.57597 32.90635 0.31468 0.06469 0.29909 0.32155 1503.169
1.860 0.61003 54.02454 1.57839 32.95673 0.31444 0.06491 0.29870 0.32195 1503.643
1.865 0.61025 54.08821 1.58081 33.00725 0.31420 0.06513 0.29832 0.32235 1504.118
1.870 0.61047 54.15197 1.58323 33.05791 0.31396 0.06535 0.29794 0.32275 1504.594
1.875 0.61068 54.21582 1.58567 33.10871 0.31372 0.06557 0.29755 0.32315 1505.069
1.880 0.61090 54.27975 1.58811 33.15965 0.31349 0.06579 0.29717 0.32355 1505.545
1.885 0.61112 54.34376 1.59055 33.21073 0.31325 0.06602 0.29679 0.32395 1506.021
1.890 0.61134 54.40786 1.59301 33.26196 0.31301 0.06624 0.29640 0.32435 1506.497
1.895 0.61157 54.47205 1.59547 33.31333 0.31277 0.06647 0.29602 0.32475 1506.974
1.900 0.61179 54.53632 1.59793 33.36484 0.31252 0.06669 0.29563 0.32515 1507.451
1.905 0.61202 54.60067 1.60041 33.41650 0.31228 0.06692 0.29525 0.32555 1507.928
1.910 0.61224 54.66511 1.60289 33.46830 0.31204 0.06714 0.29487 0.32595 1508.405
1.915 0.61247 54.72963 1.60538 33.52025 0.31180 0.06737 0.29448 0.32635 1508.883
1.920 0.61270 54.79424 1.60787 33.57235 0.31156 0.06760 0.29410 0.32675 1509.361
1.925 0.61293 54.85893 1.61037 33.62459 0.31131 0.06783 0.29371 0.32715 1509.839
1.930 0.61316 54.92371 1.61288 33.67697 0.31107 0.06805 0.29333 0.32754 1510.318
1.935 0.61339 54.98857 1.61540 33.72951 0.31083 0.06828 0.29295 0.32794 1510.797
1.940 0.61362 55.05351 1.61792 33.78219 0.31058 0.06851 0.29256 0.32834 1511.276
1.945 0.61386 55.11854 1.62045 33.83502 0.31034 0.06874 0.29218 0.32874 1511.755
1.950 0.61410 55.18365 1.62299 33.88801 0.31009 0.06898 0.29179 0.32914 1512.235
1.955 0.61433 55.24884 1.62553 33.94114 0.30985 0.06921 0.29141 0.32954 1512.715
1.960 0.61457 55.31412 1.62809 33.99442 0.30960 0.06944 0.29102 0.32993 1513.195
1.965 0.61481 55.37949 1.63064 34.04785 0.30936 0.06967 0.29064 0.33033 1513.676
1.970 0.61505 55.44493 1.63321 34.10143 0.30911 0.06991 0.29025 0.33073 1514.157
1.975 0.61529 55.51046 1.63578 34.15516 0.30886 0.07014 0.28987 0.33113 1514.638
1.980 0.61554 55.57607 1.63836 34.20905 0.30862 0.07038 0.28948 0.33152 1515.119
1.985 0.61578 55.64177 1.64095 34.26309 0.30837 0.07061 0.28910 0.33192 1515.601
1.990 0.61603 55.70754 1.64355 34.31728 0.30812 0.07085 0.28871 0.33232 1516.082
1.995 0.61627 55.77340 1.64615 34.37162 0.30787 0.07109 0.28833 0.33271 1516.564
2.000 0.61652 55.83935 1.64876 34.42612 0.30762 0.07133 0.28794 0.33311 1517.047
2.005 0.61677 55.90537 1.65138 34.48078 0.30737 0.07156 0.28756 0.33351 1517.529
2.010 0.61702 55.97148 1.65400 34.53559 0.30712 0.07180 0.28717 0.33390 1518.012
2.015 0.61727 56.03767 1.65664 34.59055 0.30687 0.07204 0.28679 0.33430 1518.495
2.020 0.61753 56.10394 1.65928 34.64567 0.30662 0.07228 0.28640 0.33469 1518.979
2.025 0.61778 56.17029 1.66192 34.70095 0.30637 0.07252 0.28602 0.33509 1519.462
2.030 0.61804 56.23673 1.66458 34.75639 0.30612 0.07277 0.28563 0.33548 1519.946
2.035 0.61829 56.30325 1.66724 34.81198 0.30587 0.07301 0.28524 0.33588 1520.430
2.040 0.61855 56.36984 1.66991 34.86774 0.30561 0.07325 0.28486 0.33627 1520.915
2.045 0.61881 56.43652 1.67259 34.92365 0.30536 0.07350 0.28447 0.33667 1521.399
2.050 0.61907 56.50328 1.67527 34.97972 0.30511 0.07374 0.28409 0.33706 1521.884
2.055 0.61934 56.57012 1.67797 35.03596 0.30485 0.07399 0.28370 0.33746 1522.369
2.060 0.61960 56.63704 1.68067 35.09235 0.30460 0.07423 0.28332 0.33785 1522.854
2.065 0.61987 56.70405 1.68338 35.14891 0.30435 0.07448 0.28293 0.33824 1523.340
2.070 0.62013 56.77113 1.68609 35.20562 0.30409 0.07473 0.28254 0.33864 1523.826
2.075 0.62040 56.83829 1.68882 35.26250 0.30384 0.07497 0.28216 0.33903 1524.312
2.080 0.62067 56.90553 1.69155 35.31955 0.30358 0.07522 0.28177 0.33942 1524.798
2.085 0.62094 56.97286 1.69429 35.37675 0.30333 0.07547 0.28139 0.33982 1525.285
2.090 0.62121 57.04026 1.69704 35.43413 0.30307 0.07572 0.28100 0.34021 1525.771
2.095 0.62149 57.10774 1.69979 35.49166 0.30281 0.07597 0.28061 0.34060 1526.258
2.100 0.62176 57.17530 1.70256 35.54936 0.30256 0.07622 0.28023 0.34099 1526.745
2.105 0.62204 57.24294 1.70533 35.60723 0.30230 0.07647 0.27984 0.34139 1527.233
2.110 0.62231 57.31066 1.70811 35.66527 0.30204 0.07673 0.27946 0.34178 1527.720
2.115 0.62259 57.37845 1.71089 35.72347 0.30178 0.07698 0.27907 0.34217 1528.208
2.120 0.62287 57.44633 1.71369 35.78184 0.30152 0.07723 0.27868 0.34256 1528.696
2.125 0.62316 57.51428 1.71649 35.84038 0.30126 0.07749 0.27830 0.34295 1529.184
2.130 0.62344 57.58231 1.71930 35.89909 0.30100 0.07774 0.27791 0.34334 1529.673
2.135 0.62372 57.65042 1.72212 35.95797 0.30074 0.07800 0.27752 0.34373 1530.161
2.140 0.62401 57.71861 1.72495 36.01701 0.30048 0.07826 0.27714 0.34412 1530.650
2.145 0.62430 57.78687 1.72779 36.07623 0.30022 0.07851 0.27675 0.34451 1531.139
2.150 0.62459 57.85521 1.73063 36.13562 0.29996 0.07877 0.27637 0.34490 1531.628
2.155 0.62488 57.92363 1.73349 36.19518 0.29970 0.07903 0.27598 0.34529 1532.118
2.160 0.62517 57.99213 1.73635 36.25492 0.29944 0.07929 0.27559 0.34568 1532.608
2.165 0.62546 58.06070 1.73922 36.31483 0.29918 0.07955 0.27521 0.34607 1533.097
2.170 0.62576 58.12934 1.74209 36.37491 0.29891 0.07981 0.27482 0.34646 1533.587
2.175 0.62605 58.19807 1.74498 36.43517 0.29865 0.08007 0.27443 0.34685 1534.078
2.180 0.62635 58.26687 1.74787 36.49560 0.29839 0.08033 0.27405 0.34723 1534.568
2.185 0.62665 58.33574 1.75078 36.55621 0.29812 0.08060 0.27366 0.34762 1535.059
2.190 0.62695 58.40469 1.75369 36.61699 0.29786 0.08086 0.27327 0.34801 1535.549
2.195 0.62726 58.47371 1.75661 36.67796 0.29760 0.08112 0.27289 0.34840 1536.040
2.200 0.62756 58.54281 1.75954 36.73910 0.29733 0.08139 0.27250 0.34878 1536.532
2.205 0.62786 58.61199 1.76247 36.80041 0.29707 0.08165 0.27211 0.34917 1537.023
2.210 0.62817 58.68123 1.76542 36.86191 0.29680 0.08192 0.27173 0.34955 1537.514
2.215 0.62848 58.75055 1.76837 36.92359 0.29653 0.08219 0.27134 0.34994 1538.006
2.220 0.62879 58.81995 1.77133 36.98544 0.29627 0.08245 0.27095 0.35033 1538.498
2.225 0.62910 58.88942 1.77430 37.04748 0.29600 0.08272 0.27057 0.35071 1538.990
2.230 0.62942 58.95896 1.77728 37.10970 0.29573 0.08299 0.27018 0.35110 1539.482
2.235 0.62973 59.02857 1.78027 37.17210 0.29547 0.08326 0.26979 0.35148 1539.974
2.240 0.63005 59.09826 1.78327 37.23469 0.29520 0.08353 0.26941 0.35187 1540.467
2.245 0.63037 59.16801 1.78628 37.29746 0.29493 0.08380 0.26902 0.35225 1540.960
2.250 0.63068 59.23784 1.78929 37.36041 0.29466 0.08408 0.26863 0.35263 1541.452
2.255 0.63101 59.30775 1.79232 37.42355 0.29439 0.08435 0.26824 0.35302 1541.945
2.260 0.63133 59.37772 1.79535 37.48687 0.29412 0.08462 0.26786 0.35340 1542.438
2.265 0.63165 59.44776 1.79839 37.55038 0.29385 0.08489 0.26747 0.35378 1542.932
2.270 0.63198 59.51788 1.80144 37.61407 0.29358 0.08517 0.26708 0.35416 1543.425
2.275 0.63231 59.58806 1.80450 37.67796 0.29331 0.08544 0.26670 0.35455 1543.919
2.280 0.63264 59.65831 1.80757 37.74203 0.29304 0.08572 0.26631 0.35493 1544.412
2.285 0.63297 59.72864 1.81065 37.80629 0.29277 0.08600 0.26592 0.35531 1544.906
2.290 0.63330 59.79903 1.81373 37.87074 0.29250 0.08628 0.26554 0.35569 1545.400
2.295 0.63363 59.86949 1.81683 37.93538 0.29223 0.08655 0.26515 0.35607 1545.894
2.300 0.63397 59.94002 1.81993 38.00021 0.29195 0.08683 0.26476 0.35645 1546.388
2.305 0.63431 60.01062 1.82305 38.06523 0.29168 0.08711 0.26438 0.35683 1546.883
2.310 0.63465 60.08129 1.82617 38.13045 0.29141 0.08739 0.26399 0.35721 1547.377
2.315 0.63499 60.15202 1.82930 38.19586 0.29113 0.08767 0.26360 0.35759 1547.872
2.320 0.63533 60.22282 1.83245 38.26146 0.29086 0.08796 0.26322 0.35797 1548.366
2.325 0.63568 60.29369 1.83560 38.32726 0.29059 0.08824 0.26283 0.35835 1548.861
2.330 0.63602 60.36462 1.83876 38.39325 0.29031 0.08852 0.26244 0.35873 1549.356
2.335 0.63637 60.43562 1.84193 38.45943 0.29004 0.08881 0.26206 0.35910 1549.851
2.340 0.63672 60.50669 1.84511 38.52582 0.28976 0.08909 0.26167 0.35948 1550.346
2.345 0.63707 60.57782 1.84829 38.59240 0.28949 0.08938 0.26128 0.35986 1550.842
2.350 0.63742 60.64901 1.85149 38.65918 0.28921 0.08966 0.26089 0.36023 1551.337
2.355 0.63778 60.72027 1.85470 38.72616 0.28893 0.08995 0.26051 0.36061 1551.832
2.360 0.63814 60.79160 1.85792 38.79333 0.28866 0.09024 0.26012 0.36099 1552.328
2.365 0.63849 60.86299 1.86115 38.86071 0.28838 0.09052 0.25973 0.36136 1552.823
2.370 0.63886 60.93444 1.86438 38.92829 0.28810 0.09081 0.25935 0.36174 1553.319
2.375 0.63922 61.00595 1.86763 38.99607 0.28782 0.09110 0.25896 0.36211 1553.815
2.380 0.63958 61.07753 1.87088 39.06405 0.28755 0.09139 0.25857 0.36249 1554.311
2.385 0.63995 61.14917 1.87415 39.13223 0.28727 0.09168 0.25819 0.36286 1554.807
2.390 0.64031 61.22087 1.87742 39.20062 0.28699 0.09198 0.25780 0.36323 1555.303
2.395 0.64068 61.29263 1.88071 39.26921 0.28671 0.09227 0.25741 0.36361 1555.799
2.400 0.64106 61.36445 1.88400 39.33801 0.28643 0.09256 0.25703 0.36398 1556.295
2.405 0.64143 61.43633 1.88731 39.40702 0.28615 0.09286 0.25664 0.36435 1556.791
2.410 0.64180 61.50827 1.89062 39.47623 0.28587 0.09315 0.25626 0.36472 1557.288
2.415 0.64218 61.58027 1.89395 39.54564 0.28559 0.09345 0.25587 0.36510 1557.784
2.420 0.64256 61.65233 1.89728 39.61527 0.28531 0.09374 0.25548 0.36547 1558.280
2.425 0.64294 61.72445 1.90063 39.68511 0.28503 0.09404 0.25510 0.36584 1558.777
2.430 0.64332 61.79663 1.90398 39.75515 0.28475 0.09434 0.25471 0.36621 1559.273
2.435 0.64371 61.86886 1.90735 39.82541 0.28446 0.09464 0.25432 0.36658 1559.770
2.440 0.64409 61.94115 1.91072 39.89587 0.28418 0.09494 0.25394 0.36695 1560.266
2.445 0.64448 62.01350 1.91411 39.96655 0.28390 0.09524 0.25355 0.36732 1560.763
2.450 0.64487 62.08590 1.91750 40.03745 0.28362 0.09554 0.25316 0.36768 1561.260
2.455 0.64526 62.15836 1.92091 40.10855 0.28333 0.09584 0.25278 0.36805 1561.756
2.460 0.64566 62.23088 1.92432 40.17987 0.28305 0.09614 0.25239 0.36842 1562.253
2.465 0.64605 62.30345 1.92775 40.25140 0.28276 0.09644 0.25201 0.36879 1562.750
2.470 0.64645 62.37607 1.93119 40.32316 0.28248 0.09675 0.25162 0.36915 1563.247
2.475 0.64685 62.44874 1.93463 40.39512 0.28220 0.09705 0.25123 0.36952 1563.743
2.480 0.64725 62.52147 1.93809 40.46731 0.28191 0.09736 0.25085 0.36989 1564.240
2.485 0.64766 62.59425 1.94156 40.53971 0.28163 0.09766 0.25046 0.37025 1564.737
2.490 0.64806 62.66709 1.94504 40.61233 0.28134 0.09797 0.25007 0.37062 1565.234
2.495 0.64847 62.73997 1.94852 40.68518 0.28105 0.09828 0.24969 0.37098 1565.730
2.500 0.64888 62.81291 1.95202 40.75824 0.28077 0.09858 0.24930 0.37134 1566.227
2.505 0.64930 62.88589 1.95553 40.83152 0.28048 0.09889 0.24892 0.37171 1566.724
2.510 0.64971 62.95893 1.95905 40.90503 0.28019 0.09920 0.24853 0.37207 1567.221
2.515 0.65013 63.03201 1.96258 40.97876 0.27991 0.09951 0.24815 0.37243 1567.718
2.520 0.65054 63.10515 1.96613 41.05271 0.27962 0.09982 0.24776 0.37280 1568.214
2.525 0.65097 63.17833 1.96968 41.12689 0.27933 0.10014 0.24737 0.37316 1568.711
2.530 0.65139 63.25155 1.97324 41.20130 0.27904 0.10045 0.24699 0.37352 1569.208
2.535 0.65181 63.32483 1.97682 41.27593 0.27875 0.10076 0.24660 0.37388 1569.704
2.540 0.65224 63.39815 1.98040 41.35079 0.27847 0.10108 0.24622 0.37424 1570.201
2.545 0.65267 63.47152 1.98400 41.42587 0.27818 0.10139 0.24583 0.37460 1570.698
2.550 0.65310 63.54493 1.98760 41.50119 0.27789 0.10171 0.24545 0.37496 1571.194
2.555 0.65353 63.61838 1.99122 41.57673 0.27760 0.10202 0.24506 0.37532 1571.691
2.560 0.65397 63.69188 1.99485 41.65251 0.27731 0.10234 0.24468 0.37568 1572.187
2.565 0.65441 63.76543 1.99849 41.72851 0.27702 0.10266 0.24429 0.37603 1572.684
2.570 0.65485 63.83901 2.00214 41.80475 0.27673 0.10298 0.24391 0.37639 1573.180
2.575 0.65529 63.91264 2.00581 41.88122 0.27643 0.10330 0.24352 0.37675 1573.676
2.580 0.65573 63.98630 2.00948 41.95793 0.27614 0.10362 0.24314 0.37710 1574.172
2.585 0.65618 64.06001 2.01316 42.03487 0.27585 0.10394 0.24275 0.37746 1574.669
2.590 0.65663 64.13376 2.01686 42.11205 0.27556 0.10426 0.24237 0.37782 1575.165
2.595 0.65708 64.20755 2.02057 42.18946 0.27527 0.10458 0.24198 0.37817 1575.661
2.600 0.65753 64.28137 2.02429 42.26711 0.27497 0.10491 0.24160 0.37852 1576.156
2.605 0.65799 64.35524 2.02802 42.34500 0.27468 0.10523 0.24121 0.37888 1576.652
2.610 0.65845 64.42914 2.03176 42.42313 0.27439 0.10555 0.24083 0.37923 1577.148
2.615 0.65891 64.50307 2.03551 42.50150 0.27409 0.10588 0.24044 0.37958 1577.644
2.620 0.65937 64.57705 2.03928 42.58011 0.27380 0.10621 0.24006 0.37994 1578.139
2.625 0.65983 64.65105 2.04305 42.65896 0.27351 0.10653 0.23967 0.38029 1578.634
2.630 0.66030 64.72510 2.04684 42.73806 0.27321 0.10686 0.23929 0.38064 1579.130
2.635 0.66077 64.79917 2.05064 42.81739 0.27292 0.10719 0.23890 0.38099 1579.625
2.640 0.66124 64.87328 2.05445 42.89698 0.27262 0.10752 0.23852 0.38134 1580.120
2.645 0.66172 64.94742 2.05828 42.97681 0.27233 0.10785 0.23814 0.38169 1580.615
2.650 0.66219 65.02159 2.06211 43.05688 0.27203 0.10818 0.23775 0.38204 1581.110
2.655 0.66267 65.09579 2.06596 43.13720 0.27173 0.10851 0.23737 0.38239 1581.604
2.660 0.66315 65.17002 2.06982 43.21777 0.27144 0.10884 0.23698 0.38273 1582.099
2.665 0.66364 65.24428 2.07369 43.29859 0.27114 0.10918 0.23660 0.38308 1582.593
2.670 0.66412 65.31857 2.07757 43.37966 0.27084 0.10951 0.23622 0.38343 1583.087
2.675 0.66461 65.39289 2.08146 43.46098 0.27055 0.10985 0.23583 0.38377 1583.581
2.680 0.66510 65.46723 2.08537 43.54255 0.27025 0.11018 0.23545 0.38412 1584.075
2.685 0.66560 65.54160 2.08929 43.62438 0.26995 0.11052 0.23507 0.38446 1584.569
2.690 0.66609 65.61599 2.09322 43.70646 0.26965 0.11086 0.23468 0.38481 1585.062
2.695 0.66659 65.69040 2.09716 43.78879 0.26936 0.11119 0.23430 0.38515 1585.556
2.700 0.66709 65.76485 2.10112 43.87138 0.26906 0.11153 0.23392 0.38549 1586.049
2.705 0.66760 65.83931 2.10509 43.95423 0.26876 0.11187 0.23353 0.38584 1586.542
2.710 0.66810 65.91379 2.10907 44.03733 0.26846 0.11221 0.23315 0.38618 1587.035
2.715 0.66861 65.98830 2.11306 44.12069 0.26816 0.11255 0.23277 0.38652 1587.527
2.720 0.66913 66.06282 2.11706 44.20431 0.26786 0.11289 0.23238 0.38686 1588.020
2.725 0.66964 66.13737 2.12108 44.28820 0.26756 0.11324 0.23200 0.38720 1588.512
2.730 0.67016 66.21193 2.12511 44.37234 0.26726 0.11358 0.23162 0.38754 1589.004
2.735 0.67068 66.28651 2.12915 44.45675 0.26696 0.11392 0.23124 0.38788 1589.495
2.740 0.67120 66.36110 2.13321 44.54141 0.26666 0.11427 0.23085 0.38822 1589.987
2.745 0.67172 66.43571 2.13728 44.62635 0.26636 0.11461 0.23047 0.38856 1590.478
2.750 0.67225 66.51034 2.14136 44.71155 0.26606 0.11496 0.23009 0.38889 1590.969
2.755 0.67278 66.58498 2.14545 44.79701 0.26575 0.11531 0.22971 0.38923 1591.460
2.760 0.67331 66.65963 2.14956 44.88275 0.26545 0.11566 0.22933 0.38957 1591.951
2.765 0.67385 66.73429 2.15368 44.96875 0.26515 0.11600 0.22894 0.38990 1592.441
2.770 0.67439 66.80897 2.15781 45.05502 0.26485 0.11635 0.22856 0.39024 1592.931
2.775 0.67493 66.88365 2.16195 45.14156 0.26454 0.11670 0.22818 0.39057 1593.421
2.780 0.67547 66.95834 2.16611 45.22837 0.26424 0.11706 0.22780 0.39090 1593.910
2.785 0.67602 67.03304 2.17028 45.31545 0.26394 0.11741 0.22742 0.39124 1594.399
2.790 0.67657 67.10775 2.17446 45.40281 0.26363 0.11776 0.22704 0.39157 1594.888
2.795 0.67712 67.18246 2.17866 45.49045 0.26333 0.11811 0.22665 0.39190 1595.377
2.800 0.67767 67.25718 2.18287 45.57835 0.26303 0.11847 0.22627 0.39223 1595.865
2.805 0.67823 67.33190 2.18709 45.66654 0.26272 0.11882 0.22589 0.39256 1596.353
2.810 0.67879 67.40663 2.19133 45.75500 0.26242 0.11918 0.22551 0.39289 1596.841
2.815 0.67935 67.48135 2.19558 45.84374 0.26211 0.11954 0.22513 0.39322 1597.328
2.820 0.67992 67.55608 2.19984 45.93276 0.26181 0.11989 0.22475 0.39355 1597.815
2.825 0.68049 67.63081 2.20412 46.02206 0.26150 0.12025 0.22437 0.39388 1598.302
2.830 0.68106 67.70553 2.20841 46.11164 0.26120 0.12061 0.22399 0.39421 1598.789
2.835 0.68164 67.78026 2.21272 46.20151 0.26089 0.12097 0.22361 0.39453 1599.275
2.840 0.68221 67.85498 2.21703 46.29166 0.26058 0.12133 0.22323 0.39486 1599.760
2.845 0.68280 67.92969 2.22136 46.38209 0.26028 0.12169 0.22285 0.39518 1600.246
2.850 0.68338 68.00440 2.22571 46.47281 0.25997 0.12205 0.22247 0.39551 1600.731
2.855 0.68397 68.07910 2.23007 46.56382 0.25966 0.12242 0.22209 0.39583 1601.215
2.860 0.68456 68.15380 2.23444 46.65511 0.25936 0.12278 0.22171 0.39616 1601.700
2.865 0.68515 68.22848 2.23883 46.74669 0.25905 0.12314 0.22133 0.39648 1602.184
2.870 0.68575 68.30315 2.24323 46.83857 0.25874 0.12351 0.22095 0.39680 1602.667
2.875 0.68634 68.37782 2.24764 46.93073 0.25843 0.12388 0.22057 0.39712 1603.150
2.880 0.68695 68.45247 2.25207 47.02319 0.25813 0.12424 0.22019 0.39744 1603.633
2.885 0.68755 68.52711 2.25651 47.11594 0.25782 0.12461 0.21981 0.39776 1604.115
2.890 0.68816 68.60173 2.26097 47.20899 0.25751 0.12498 0.21943 0.39808 1604.597
2.895 0.68877 68.67633 2.26544 47.30233 0.25720 0.12535 0.21905 0.39840 1605.079
2.900 0.68939 68.75092 2.26992 47.39597 0.25689 0.12572 0.21868 0.39872 1605.560
2.905 0.69000 68.82549 2.27442 47.48991 0.25658 0.12609 0.21830 0.39903 1606.040
2.910 0.69063 68.90004 2.27893 47.58414 0.25627 0.12646 0.21792 0.39935 1606.520
2.915 0.69125 68.97457 2.28346 47.67868 0.25596 0.12683 0.21754 0.39967 1607.000
2.920 0.69188 69.04908 2.28800 47.77352 0.25565 0.12721 0.21716 0.39998 1607.479
2.925 0.69251 69.12356 2.29256 47.86866 0.25534 0.12758 0.21678 0.40030 1607.958
2.930 0.69314 69.19802 2.29713 47.96410 0.25503 0.12795 0.21641 0.40061 1608.436
2.935 0.69378 69.27245 2.30172 48.05985 0.25472 0.12833 0.21603 0.40092 1608.914
2.940 0.69442 69.34686 2.30632 48.15590 0.25441 0.12871 0.21565 0.40123 1609.392
2.945 0.69506 69.42123 2.31093 48.25226 0.25410 0.12908 0.21527 0.40155 1609.868
2.950 0.69571 69.49558 2.31556 48.34893 0.25379 0.12946 0.21490 0.40186 1610.345
2.955 0.69636 69.56989 2.32021 48.44591 0.25347 0.12984 0.21452 0.40217 1610.821
2.960 0.69702 69.64417 2.32487 48.54320 0.25316 0.13022 0.21414 0.40248 1611.296
2.965 0.69768 69.71842 2.32954 48.64081 0.25285 0.13060 0.21377 0.40278 1611.771
2.970 0.69834 69.79263 2.33423 48.73872 0.25254 0.13098 0.21339 0.40309 1612.245
2.975 0.69900 69.86681 2.33893 48.83695 0.25223 0.13136 0.21301 0.40340 1612.719
2.980 0.69967 69.94095 2.34365 48.93549 0.25191 0.13175 0.21264 0.40371 1613.192
2.985 0.70034 70.01504 2.34839 49.03435 0.25160 0.13213 0.21226 0.40401 1613.664
2.990 0.70102 70.08910 2.35314 49.13353 0.25129 0.13251 0.21188 0.40432 1614.137
2.995 0.70169 70.16311 2.35790 49.23303 0.25097 0.13290 0.21151 0.40462 1614.608
3.000 0.70238 70.23708 2.36268 49.33285 0.25066 0.13328 0.21113 0.40492 1615.079
3.005 0.70306 70.31101 2.36748 49.43299 0.25035 0.13367 0.21076 0.40523 1615.549
3.010 0.70375 70.38489 2.37229 49.53345 0.25003 0.13406 0.21038 0.40553 1616.019
3.015 0.70444 70.45872 2.37712 49.63423 0.24972 0.13445 0.21001 0.40583 1616.488
3.020 0.70514 70.53250 2.38196 49.73534 0.24940 0.13484 0.20963 0.40613 1616.956
3.025 0.70584 70.60623 2.38682 49.83678 0.24909 0.13523 0.20926 0.40643 1617.424
3.030 0.70655 70.67990 2.39169 49.93855 0.24877 0.13562 0.20888 0.40673 1617.891
3.035 0.70725 70.75352 2.39658 50.04064 0.24846 0.13601 0.20851 0.40703 1618.358
3.040 0.70796 70.82709 2.40149 50.14306 0.24814 0.13640 0.20813 0.40732 1618.824
3.045 0.70868 70.90060 2.40641 50.24582 0.24783 0.13679 0.20776 0.40762 1619.289
3.050 0.70940 70.97405 2.41135 50.34890 0.24751 0.13719 0.20738 0.40792 1619.754
3.055 0.71012 71.04743 2.41630 50.45232 0.24720 0.13758 0.20701 0.40821 1620.218
3.060 0.71085 71.12076 2.42127 50.55608 0.24688 0.13798 0.20664 0.40851 1620.681
3.065 0.71158 71.19402 2.42625 50.66017 0.24656 0.13837 0.20626 0.40880 1621.144
3.070 0.71231 71.26722 2.43125 50.76460 0.24625 0.13877 0.20589 0.40909 1621.605
3.075 0.71305 71.34035 2.43627 50.86937 0.24593 0.13917 0.20552 0.40938 1622.066
3.080 0.71379 71.41341 2.44131 50.97448 0.24561 0.13957 0.20514 0.40967 1622.527
3.085 0.71454 71.48640 2.44636 51.07993 0.24530 0.13997 0.20477 0.40997 1622.987
3.090 0.71529 71.55932 2.45142 51.18572 0.24498 0.14037 0.20440 0.41025 1623.445
3.095 0.71605 71.63217 2.45651 51.29186 0.24466 0.14077 0.20403 0.41054 1623.904
3.100 0.71680 71.70494 2.46161 51.39835 0.24434 0.14117 0.20365 0.41083 1624.361
3.105 0.71757 71.77763 2.46672 51.50518 0.24403 0.14157 0.20328 0.41112 1624.818
3.110 0.71833 71.85024 2.47186 51.61235 0.24371 0.14198 0.20291 0.41140 1625.274
3.115 0.71910 71.92278 2.47701 51.71988 0.24339 0.14238 0.20254 0.41169 1625.729
3.120 0.71988 71.99523 2.48217 51.82776 0.24307 0.14279 0.20217 0.41198 1626.183
3.125 0.72066 72.06759 2.48736 51.93599 0.24275 0.14319 0.20180 0.41226 1626.636
3.130 0.72144 72.13988 2.49256 52.04457 0.24244 0.14360 0.20142 0.41254 1627.089
3.135 0.72223 72.21207 2.49777 52.15351 0.24212 0.14401 0.20105 0.41282 1627.541
3.140 0.72302 72.28417 2.50301 52.26281 0.24180 0.14441 0.20068 0.41311 1627.992
3.145 0.72381 72.35618 2.50826 52.37246 0.24148 0.14482 0.20031 0.41339 1628.442
3.150 0.72461 72.42810 2.51353 52.48247 0.24116 0.14523 0.19994 0.41367 1628.891
3.155 0.72542 72.49993 2.51881 52.59284 0.24084 0.14564 0.19957 0.41395 1629.340
3.160 0.72623 72.57165 2.52412 52.70358 0.24052 0.14606 0.19920 0.41422 1629.787
3.165 0.72704 72.64328 2.52944 52.81467 0.24020 0.14647 0.19883 0.41450 1630.234
3.170 0.72786 72.71481 2.53478 52.92613 0.23988 0.14688 0.19846 0.41478 1630.680
3.175 0.72868 72.78623 2.54013 53.03796 0.23956 0.14730 0.19809 0.41505 1631.125
3.180 0.72951 72.85755 2.54551 53.15015 0.23924 0.14771 0.19772 0.41533 1631.569
3.185 0.73034 72.92877 2.55090 53.26272 0.23892 0.14813 0.19735 0.41560 1632.011
3.190 0.73117 72.99987 2.55631 53.37565 0.23860 0.14854 0.19698 0.41587 1632.454
3.195 0.73201 73.07086 2.56173 53.48895 0.23828 0.14896 0.19662 0.41615 1632.895
3.200 0.73286 73.14175 2.56718 53.60263 0.23796 0.14938 0.19625 0.41642 1633.335
3.205 0.73371 73.21251 2.57264 53.71668 0.23764 0.14980 0.19588 0.41669 1633.774
3.210 0.73456 73.28316 2.57812 53.83111 0.23731 0.15022 0.19551 0.41696 1634.212
3.215 0.73542 73.35369 2.58362 53.94592 0.23699 0.15064 0.19514 0.41723 1634.649
3.220 0.73629 73.42411 2.58913 54.06110 0.23667 0.15106 0.19478 0.41750 1635.085
3.225 0.73715 73.49439 2.59467 54.17666 0.23635 0.15148 0.19441 0.41776 1635.521
3.230 0.73803 73.56456 2.60022 54.29261 0.23603 0.15190 0.19404 0.41803 1635.955
3.235 0.73890 73.63459 2.60579 54.40894 0.23571 0.15233 0.19367 0.41829 1636.388
3.240 0.73979 73.70450 2.61138 54.52565 0.23538 0.15275 0.19331 0.41856 1636.820
3.245 0.74067 73.77428 2.61699 54.64275 0.23506 0.15318 0.19294 0.41882 1637.251
3.250 0.74157 73.84392 2.62262 54.76024 0.23474 0.15360 0.19258 0.41909 1637.681
3.255 0.74246 73.91342 2.62826 54.87812 0.23442 0.15403 0.19221 0.41935 1638.109
3.260 0.74337 73.98279 2.63393 54.99638 0.23409 0.15446 0.19184 0.41961 1638.537
3.265 0.74427 74.05202 2.63961 55.11504 0.23377 0.15488 0.19148 0.41987 1638.964
3.270 0.74519 74.12111 2.64531 55.23409 0.23345 0.15531 0.19111 0.42013 1639.389
3.275 0.74610 74.19005 2.65103 55.35354 0.23312 0.15574 0.19075 0.42039 1639.813
3.280 0.74703 74.25884 2.65677 55.47339 0.23280 0.15617 0.19038 0.42064 1640.237
3.285 0.74796 74.32749 2.66253 55.59363 0.23248 0.15661 0.19002 0.42090 1640.659
3.290 0.74889 74.39598 2.66831 55.71427 0.23215 0.15704 0.18965 0.42116 1641.079
3.295 0.74983 74.46432 2.67411 55.83532 0.23183 0.15747 0.18929 0.42141 1641.499
3.300 0.75077 74.53251 2.67992 55.95676 0.23151 0.15791 0.18892 0.42166 1641.917
3.305 0.75172 74.60053 2.68576 56.07861 0.23118 0.15834 0.18856 0.42192 1642.335
3.310 0.75267 74.66840 2.69161 56.20087 0.23086 0.15878 0.18820 0.42217 1642.751
3.315 0.75363 74.73610 2.69749 56.32354 0.23053 0.15921 0.18783 0.42242 1643.165
3.320 0.75460 74.80364 2.70338 56.44661 0.23021 0.15965 0.18747 0.42267 1643.579
3.325 0.75557 74.87101 2.70930 56.57009 0.22989 0.16009 0.18711 0.42292 1643.991
3.330 0.75654 74.93820 2.71523 56.69399 0.22956 0.16053 0.18674 0.42317 1644.402
3.335 0.75752 75.00523 2.72118 56.81830 0.22924 0.16097 0.18638 0.42342 1644.812
3.340 0.75851 75.07208 2.72716 56.94303 0.22891 0.16141 0.18602 0.42366 1645.220
3.345 0.75950 75.13875 2.73315 57.06817 0.22859 0.16185 0.18566 0.42391 1645.627
3.350 0.76050 75.20524 2.73916 57.19374 0.22826 0.16229 0.18530 0.42415 1646.033
3.355 0.76151 75.27155 2.74520 57.31972 0.22794 0.16273 0.18494 0.42440 1646.437
3.360 0.76252 75.33767 2.75125 57.44612 0.22761 0.16318 0.18457 0.42464 1646.840
3.365 0.76353 75.40361 2.75733 57.57295 0.22729 0.16362 0.18421 0.42488 1647.242
3.370 0.76455 75.46935 2.76342 57.70021 0.22696 0.16406 0.18385 0.42512 1647.642
3.375 0.76558 75.53490 2.76953 57.82789 0.22663 0.16451 0.18349 0.42536 1648.041
3.380 0.76661 75.60025 2.77567 57.95600 0.22631 0.16496 0.18313 0.42560 1648.439
3.385 0.76765 75.66541 2.78183 58.08454 0.22598 0.16541 0.18277 0.42584 1648.835
3.390 0.76869 75.73036 2.78800 58.21351 0.22566 0.16585 0.18241 0.42608 1649.229
3.395 0.76975 75.79511 2.79420 58.34292 0.22533 0.16630 0.18205 0.42631 1649.622
3.400 0.77080 75.85966 2.80042 58.47276 0.22501 0.16675 0.18169 0.42655 1650.014
3.405 0.77186 75.92399 2.80666 58.60304 0.22468 0.16720 0.18133 0.42678 1650.404
3.410 0.77293 75.98811 2.81292 58.73375 0.22435 0.16766 0.18097 0.42702 1650.793
3.415 0.77401 76.05202 2.81920 58.86491 0.22403 0.16811 0.18062 0.42725 1651.180
3.420 0.77509 76.11571 2.82550 58.99651 0.22370 0.16856 0.18026 0.42748 1651.566
3.425 0.77618 76.17918 2.83183 59.12856 0.22337 0.16901 0.17990 0.42771 1651.950
3.430 0.77727 76.24242 2.83817 59.26105 0.22305 0.16947 0.17954 0.42794 1652.332
3.435 0.77837 76.30544 2.84454 59.39398 0.22272 0.16992 0.17918 0.42817 1652.713
3.440 0.77948 76.36823 2.85093 59.52737 0.22239 0.17038 0.17883 0.42840 1653.092
3.445 0.78059 76.43079 2.85734 59.66121 0.22207 0.17084 0.17847 0.42862 1653.470
3.450 0.78171 76.49311 2.86377 59.79550 0.22174 0.17130 0.17811 0.42885 1653.846
3.455 0.78284 76.55520 2.87022 59.93024 0.22141 0.17175 0.17776 0.42908 1654.221
3.460 0.78397 76.61704 2.87670 60.06544 0.22109 0.17221 0.17740 0.42930 1654.594
3.465 0.78511 76.67864 2.88319 60.20110 0.22076 0.17267 0.17704 0.42952 1654.965
3.470 0.78626 76.74000 2.88971 60.33722 0.22043 0.17314 0.17669 0.42974 1655.334
3.475 0.78741 76.80110 2.89626 60.47380 0.22010 0.17360 0.17633 0.42996 1655.702
3.480 0.78857 76.86195 2.90282 60.61085 0.21978 0.17406 0.17598 0.43018 1656.068
3.485 0.78973 76.92255 2.90940 60.74836 0.21945 0.17452 0.17562 0.43040 1656.432
3.490 0.79091 76.98288 2.91601 60.88634 0.21912 0.17499 0.17527 0.43062 1656.795
3.495 0.79209 77.04296 2.92264 61.02478 0.21879 0.17545 0.17491 0.43084 1657.156
3.500 0.79328 77.10276 2.92930 61.16370 0.21847 0.17592 0.17456 0.43105 1657.515
3.505 0.79447 77.16230 2.93597 61.30309 0.21814 0.17638 0.17421 0.43127 1657.872
3.510 0.79567 77.22157 2.94267 61.44295 0.21781 0.17685 0.17385 0.43148 1658.228
3.515 0.79688 77.28057 2.94939 61.58329 0.21748 0.17732 0.17350 0.43170 1658.581
3.520 0.79810 77.33928 2.95614 61.72411 0.21715 0.17779 0.17315 0.43191 1658.933
3.525 0.79932 77.39772 2.96290 61.86541 0.21683 0.17826 0.17279 0.43212 1659.283
3.530 0.80055 77.45587 2.96969 62.00719 0.21650 0.17873 0.17244 0.43233 1659.631
3.535 0.80179 77.51373 2.97651 62.14946 0.21617 0.17920 0.17209 0.43254 1659.977
3.540 0.80303 77.57130 2.98334 62.29221 0.21584 0.17967 0.17174 0.43275 1660.321
3.545 0.80428 77.62858 2.99020 62.43545 0.21551 0.18015 0.17139 0.43295 1660.663
3.550 0.80554 77.68556 2.99709 62.57917 0.21519 0.18062 0.17104 0.43316 1661.004
3.555 0.80681 77.74223 3.00399 62.72339 0.21486 0.18109 0.17068 0.43336 1661.342
3.560 0.80809 77.79861 3.01092 62.86811 0.21453 0.18157 0.17033 0.43357 1661.678
3.565 0.80937 77.85467 3.01788 63.01332 0.21420 0.18204 0.16998 0.43377 1662.013
3.570 0.81066 77.91043 3.02486 63.15902 0.21387 0.18252 0.16963 0.43397 1662.345
3.575 0.81196 77.96587 3.03186 63.30523 0.21354 0.18300 0.16928 0.43417 1662.675
3.580 0.81327 78.02099 3.03889 63.45194 0.21322 0.18348 0.16893 0.43437 1663.003
3.585 0.81458 78.07579 3.04594 63.59915 0.21289 0.18396 0.16858 0.43457 1663.329
3.590 0.81590 78.13026 3.05301 63.74686 0.21256 0.18444 0.16824 0.43477 1663.653
3.595 0.81724 78.18441 3.06011 63.89509 0.21223 0.18492 0.16789 0.43497 1663.975
3.600 0.81857 78.23822 3.06723 64.04382 0.21190 0.18540 0.16754 0.43516 1664.295
3.605 0.81992 78.29170 3.07438 64.19307 0.21157 0.18588 0.16719 0.43536 1664.612
3.610 0.82128 78.34484 3.08155 64.34282 0.21124 0.18636 0.16684 0.43555 1664.928
3.615 0.82264 78.39763 3.08875 64.49310 0.21091 0.18685 0.16649 0.43574 1665.241
3.620 0.82401 78.45008 3.09597 64.64389 0.21059 0.18733 0.16615 0.43594 1665.552
3.625 0.82539 78.50217 3.10322 64.79520 0.21026 0.18782 0.16580 0.43613 1665.861
3.630 0.82678 78.55392 3.11049 64.94703 0.20993 0.18830 0.16545 0.43632 1666.167
3.635 0.82818 78.60530 3.11779 65.09939 0.20960 0.18879 0.16511 0.43650 1666.472
3.640 0.82959 78.65632 3.12511 65.25227 0.20927 0.18928 0.16476 0.43669 1666.774
3.645 0.83100 78.70698 3.13246 65.40568 0.20894 0.18977 0.16442 0.43688 1667.073
3.650 0.83243 78.75726 3.13983 65.55962 0.20861 0.19025 0.16407 0.43706 1667.370
3.655 0.83386 78.80718 3.14723 65.71409 0.20828 0.19074 0.16372 0.43725 1667.665
3.660 0.83530 78.85671 3.15465 65.86910 0.20795 0.19124 0.16338 0.43743 1667.958
3.665 0.83675 78.90587 3.16210 66.02464 0.20762 0.19173 0.16304 0.43761 1668.248
3.670 0.83821 78.95464 3.16957 66.18072 0.20730 0.19222 0.16269 0.43779 1668.536
3.675 0.83968 79.00302 3.17708 66.33734 0.20697 0.19271 0.16235 0.43797 1668.821
3.680 0.84116 79.05101 3.18460 66.49450 0.20664 0.19321 0.16200 0.43815 1669.104
3.685 0.84265 79.09860 3.19216 66.65221 0.20631 0.19370 0.16166 0.43833 1669.384
3.690 0.84414 79.14579 3.19974 66.81047 0.20598 0.19420 0.16132 0.43851 1669.662
3.695 0.84565 79.19258 3.20734 66.96927 0.20565 0.19469 0.16097 0.43868 1669.938
3.700 0.84717 79.23895 3.21497 67.12863 0.20532 0.19519 0.16063 0.43886 1670.210
3.705 0.84869 79.28492 3.22263 67.28854 0.20499 0.19569 0.16029 0.43903 1670.481
3.710 0.85023 79.33046 3.23032 67.44900 0.20466 0.19618 0.15995 0.43921 1670.748
3.715 0.85177 79.37559 3.23803 67.61003 0.20433 0.19668 0.15961 0.43938 1671.013
3.720 0.85333 79.42029 3.24577 67.77161 0.20400 0.19718 0.15927 0.43955 1671.276
3.725 0.85489 79.46456 3.25353 67.93376 0.20368 0.19768 0.15892 0.43972 1671.535
3.730 0.85647 79.50840 3.26133 68.09647 0.20335 0.19818 0.15858 0.43989 1671.792
3.735 0.85805 79.55180 3.26915 68.25975 0.20302 0.19869 0.15824 0.44005 1672.047
3.740 0.85965 79.59475 3.27699 68.42360 0.20269 0.19919 0.15790 0.44022 1672.298
3.745 0.86126 79.63726 3.28487 68.58802 0.20236 0.19969 0.15756 0.44038 1672.547
3.750 0.86287 79.67932 3.29277 68.75301 0.20203 0.20020 0.15723 0.44055 1672.793
3.755 0.86450 79.72092 3.30070 68.91858 0.20170 0.20070 0.15689 0.44071 1673.037
3.760 0.86614 79.76207 3.30866 69.08473 0.20137 0.20121 0.15655 0.44087 1673.277
3.765 0.86778 79.80275 3.31664 69.25145 0.20104 0.20171 0.15621 0.44103 1673.515
3.770 0.86944 79.84296 3.32465 69.41876 0.20071 0.20222 0.15587 0.44119 1673.750
3.775 0.87111 79.88270 3.33269 69.58666 0.20038 0.20273 0.15553 0.44135 1673.982
3.780 0.87279 79.92196 3.34076 69.75515 0.20006 0.20324 0.15520 0.44151 1674.211
3.785 0.87448 79.96074 3.34886 69.92422 0.19973 0.20375 0.15486 0.44167 1674.437
3.790 0.87618 79.99904 3.35699 70.09389 0.19940 0.20426 0.15452 0.44182 1674.660
3.795 0.87790 80.03684 3.36514 70.26415 0.19907 0.20477 0.15419 0.44197 1674.880
3.800 0.87962 80.07415 3.37332 70.43501 0.19874 0.20528 0.15385 0.44213 1675.097
3.805 0.88136 80.11095 3.38154 70.60647 0.19841 0.20579 0.15352 0.44228 1675.311
3.810 0.88311 80.14726 3.38978 70.77853 0.19808 0.20631 0.15318 0.44243 1675.522
3.815 0.88487 80.18305 3.39805 70.95119 0.19775 0.20682 0.15285 0.44258 1675.730
3.820 0.88664 80.21833 3.40634 71.12446 0.19742 0.20734 0.15251 0.44273 1675.935
3.825 0.88842 80.25309 3.41467 71.29834 0.19710 0.20785 0.15218 0.44288 1676.137
3.830 0.89021 80.28733 3.42303 71.47284 0.19677 0.20837 0.15184 0.44302 1676.335
3.835 0.89202 80.32104 3.43141 71.64794 0.19644 0.20888 0.15151 0.44317 1676.531
3.840 0.89384 80.35422 3.43983 71.82367 0.19611 0.20940 0.15118 0.44331 1676.723
3.845 0.89567 80.38686 3.44828 72.00001 0.19578 0.20992 0.15084 0.44346 1676.912
3.850 0.89751 80.41896 3.45675 72.17697 0.19545 0.21044 0.15051 0.44360 1677.097
3.855 0.89937 80.45051 3.46526 72.35456 0.19512 0.21096 0.15018 0.44374 1677.280
3.860 0.90124 80.48151 3.47379 72.53278 0.19479 0.21148 0.14985 0.44388 1677.459
3.865 0.90312 80.51195 3.48236 72.71162 0.19447 0.21200 0.14951 0.44402 1677.635
3.870 0.90501 80.54183 3.49095 72.89110 0.19414 0.21252 0.14918 0.44415 1677.807
3.875 0.90692 80.57115 3.49958 73.07121 0.19381 0.21305 0.14885 0.44429 1677.976
3.880 0.90883 80.59989 3.50824 73.25195 0.19348 0.21357 0.14852 0.44443 1678.141
3.885 0.91077 80.62805 3.51692 73.43334 0.19315 0.21410 0.14819 0.44456 1678.303
3.890 0.91271 80.65564 3.52564 73.61537 0.19282 0.21462 0.14786 0.44469 1678.462
3.895 0.91467 80.68263 3.53439 73.79804 0.19250 0.21515 0.14753 0.44483 1678.617
3.900 0.91664 80.70904 3.54317 73.98136 0.19217 0.21567 0.14720 0.44496 1678.769
3.905 0.91863 80.73485 3.55198 74.16533 0.19184 0.21620 0.14687 0.44509 1678.917
3.910 0.92063 80.76005 3.56082 74.34995 0.19151 0.21673 0.14655 0.44521 1679.061
3.915 0.92264 80.78465 3.56969 74.53523 0.19118 0.21726 0.14622 0.44534 1679.202
3.920 0.92467 80.80864 3.57860 74.72116 0.19086 0.21779 0.14589 0.44547 1679.339
3.925 0.92671 80.83200 3.58754 74.90776 0.19053 0.21832 0.14556 0.44559 1679.472
3.930 0.92876 80.85475 3.59650 75.09501 0.19020 0.21885 0.14524 0.44572 1679.602
3.935 0.93083 80.87687 3.60550 75.28294 0.18987 0.21938 0.14491 0.44584 1679.728
3.940 0.93292 80.89835 3.61454 75.47153 0.18955 0.21991 0.14458 0.44596 1679.850
3.945 0.93502 80.91920 3.62360 75.66079 0.18922 0.22044 0.14426 0.44608 1679.969
3.950 0.93713 80.93940 3.63270 75.85073 0.18889 0.22098 0.14393 0.44620 1680.083
3.955 0.93926 80.95895 3.64183 76.04134 0.18856 0.22151 0.14361 0.44632 1680.194
3.960 0.94140 80.97785 3.65099 76.23263 0.18824 0.22205 0.14328 0.44644 1680.301
3.965 0.94356 80.99609 3.66018 76.42461 0.18791 0.22258 0.14296 0.44655 1680.404
3.970 0.94573 81.01366 3.66941 76.61727 0.18758 0.22312 0.14263 0.44667 1680.503
3.975 0.94792 81.03056 3.67867 76.81061 0.18725 0.22366 0.14231 0.44678 1680.598
3.980 0.95013 81.04679 3.68796 77.00465 0.18693 0.22419 0.14198 0.44689 1680.689
3.985 0.95235 81.06233 3.69729 77.19938 0.18660 0.22473 0.14166 0.44701 1680.776
3.990 0.95458 81.07718 3.70665 77.39480 0.18627 0.22527 0.14134 0.44712 1680.859
3.995 0.95683 81.09135 3.71604 77.59093 0.18595 0.22581 0.14102 0.44723 1680.938
4.000 0.95910 81.10481 3.72547 77.78775 0.18562 0.22635 0.14069 0.44733 1681.013
4.005 0.96139 81.11757 3.73493 77.98528 0.18529 0.22689 0.14037 0.44744 1681.083
4.010 0.96369 81.12962 3.74442 78.18352 0.18497 0.22743 0.14005 0.44755 1681.150
4.015 0.96600 81.14096 3.75395 78.38247 0.18464 0.22798 0.13973 0.44765 1681.212
4.020 0.96834 81.15157 3.76351 78.58213 0.18431 0.22852 0.13941 0.44775 1681.270
4.025 0.97069 81.16146 3.77311 78.78250 0.18399 0.22907 0.13909 0.44786 1681.323
4.030 0.97306 81.17061 3.78274 78.98360 0.18366 0.22961 0.13877 0.44796 1681.373
4.035 0.97544 81.17903 3.79240 79.18541 0.18334 0.23016 0.13845 0.44806 1681.417
4.040 0.97784 81.18670 3.80211 79.38795 0.18301 0.23070 0.13813 0.44816 1681.458
4.045 0.98026 81.19363 3.81184 79.59122 0.18268 0.23125 0.13781 0.44825 1681.494
4.050 0.98270 81.19979 3.82161 79.79522 0.18236 0.23180 0.13750 0.44835 1681.526
4.055 0.98516 81.20520 3.83142 79.99996 0.18203 0.23234 0.13718 0.44845 1681.553
4.060 0.98763 81.20984 3.84126 80.20542 0.18171 0.23289 0.13686 0.44854 1681.576
4.065 0.99012 81.21371 3.85113 80.41163 0.18138 0.23344 0.13654 0.44863 1681.594
4.070 0.99263 81.21680 3.86104 80.61859 0.18106 0.23399 0.13623 0.44872 1681.607
4.075 0.99516 81.21910 3.87099 80.82628 0.18073 0.23454 0.13591 0.44882 1681.616
4.080 0.99771 81.22061 3.88097 81.03473 0.18041 0.23510 0.13559 0.44890 1681.620
4.085 1.00028 81.22133 3.89099 81.24393 0.18008 0.23565 0.13528 0.44899 1681.620
4.090 1.00286 81.22124 3.90105 81.45388 0.17976 0.23620 0.13496 0.44908 1681.614
4.095 1.00547 81.22034 3.91114 81.66459 0.17943 0.23676 0.13465 0.44917 1681.604
4.100 1.00809 81.21863 3.92127 81.87606 0.17911 0.23731 0.13433 0.44925 1681.590
4.105 1.01074 81.21610 3.93143 82.08829 0.17878 0.23786 0.13402 0.44933 1681.570
4.110 1.01340 81.21274 3.94163 82.30130 0.17846 0.23842 0.13370 0.44942 1681.545
4.115 1.01609 81.20855 3.95187 82.51507 0.17813 0.23898 0.13339 0.44950 1681.516
4.120 1.01879 81.20352 3.96215 82.72961 0.17781 0.23953 0.13308 0.44958 1681.482
4.125 1.02152 81.19765 3.97246 82.94494 0.17748 0.24009 0.13277 0.44966 1681.442
4.130 1.02427 81.19092 3.98281 83.16104 0.17716 0.24065 0.13245 0.44974 1681.398
4.135 1.02703 81.18334 3.99320 83.37792 0.17684 0.24121 0.13214 0.44981 1681.348
4.140 1.02982 81.17490 4.00362 83.59560 0.17651 0.24177 0.13183 0.44989 1681.294
4.145 1.03263 81.16558 4.01408 83.81406 0.17619 0.24233 0.13152 0.44996 1681.234
4.150 1.03546 81.15539 4.02458 84.03331 0.17587 0.24289 0.13121 0.45004 1681.169
4.155 1.03832 81.14431 4.03512 84.25336 0.17554 0.24345 0.13090 0.45011 1681.099
4.160 1.04119 81.13235 4.04570 84.47421 0.17522 0.24401 0.13059 0.45018 1681.024
4.165 1.04409 81.11949 4.05632 84.69586 0.17490 0.24458 0.13028 0.45025 1680.943
4.170 1.04701 81.10574 4.06697 84.91831 0.17457 0.24514 0.12997 0.45032 1680.858
4.175 1.04995 81.09107 4.07766 85.14158 0.17425 0.24571 0.12966 0.45038 1680.766
4.180 1.05292 81.07549 4.08839 85.36566 0.17393 0.24627 0.12935 0.45045 1680.670
4.185 1.05590 81.05900 4.09916 85.59055 0.17361 0.24684 0.12904 0.45051 1680.568
4.190 1.05892 81.04157 4.10997 85.81626 0.17328 0.24740 0.12874 0.45058 1680.460
4.195 1.06195 81.02321 4.12082 86.04280 0.17296 0.24797 0.12843 0.45064 1680.347
4.200 1.06501 81.00392 4.13171 86.27016 0.17264 0.24854 0.12812 0.45070 1680.228
4.205 1.06810 80.98368 4.14264 86.49835 0.17232 0.24910 0.12782 0.45076 1680.104
4.210 1.07120 80.96248 4.15361 86.72737 0.17200 0.24967 0.12751 0.45082 1679.974
4.215 1.07434 80.94033 4.16462 86.95723 0.17167 0.25024 0.12721 0.45088 1679.839
4.220 1.07750 80.91722 4.17567 87.18792 0.17135 0.25081 0.12690 0.45093 1679.698
4.225 1.08068 80.89313 4.18676 87.41946 0.17103 0.25138 0.12660 0.45099 1679.551
4.230 1.08389 80.86807 4.19789 87.65185 0.17071 0.25195 0.12629 0.45104 1679.398
4.235 1.08712 80.84202 4.20906 87.88509 0.17039 0.25253 0.12599 0.45110 1679.239
4.240 1.09038 80.81498 4.22027 88.11918 0.17007 0.25310 0.12568 0.45115 1679.075
4.245 1.09367 80.78695 4.23152 88.35412 0.16975 0.25367 0.12538 0.45120 1678.904
4.250 1.09698 80.75791 4.24281 88.58993 0.16943 0.25425 0.12508 0.45125 1678.728
4.255 1.10032 80.72786 4.25415 88.82660 0.16911 0.25482 0.12478 0.45130 1678.545
4.260 1.10369 80.69679 4.26552 89.06414 0.16879 0.25540 0.12447 0.45135 1678.357
4.265 1.10708 80.66471 4.27694 89.30255 0.16847 0.25597 0.12417 0.45139 1678.162
4.270 1.11051 80.63159 4.28840 89.54183 0.16815 0.25655 0.12387 0.45144 1677.961
4.275 1.11396 80.59743 4.29990 89.78199 0.16783 0.25713 0.12357 0.45148 1677.755
4.280 1.11743 80.56224 4.31145 90.02303 0.16751 0.25770 0.12327 0.45152 1677.541
4.285 1.12094 80.52599 4.32303 90.26496 0.16719 0.25828 0.12297 0.45156 1677.322
4.290 1.12448 80.48869 4.33466 90.50778 0.16687 0.25886 0.12267 0.45160 1677.096
4.295 1.12804 80.45033 4.34634 90.75149 0.16655 0.25944 0.12237 0.45164 1676.864
4.300 1.13164 80.41089 4.35805 90.99610 0.16623 0.26002 0.12207 0.45168 1676.626
4.305 1.13526 80.37039 4.36981 91.24161 0.16591 0.26060 0.12177 0.45172 1676.381
4.310 1.13892 80.32880 4.38161 91.48802 0.16559 0.26118 0.12148 0.45175 1676.130
4.315 1.14261 80.28612 4.39345 91.73534 0.16527 0.26176 0.12118 0.45178 1675.872
4.320 1.14632 80.24234 4.40534 91.98357 0.16496 0.26235 0.12088 0.45182 1675.607
4.325 1.15007 80.19747 4.41728 92.23271 0.16464 0.26293 0.12058 0.45185 1675.336
4.330 1.15385 80.15148 4.42925 92.48278 0.16432 0.26351 0.12029 0.45188 1675.058
4.335 1.15766 80.10438 4.44127 92.73376 0.16400 0.26410 0.11999 0.45191 1674.774
4.340 1.16151 80.05616 4.45334 92.98568 0.16368 0.26468 0.11970 0.45194 1674.483
4.345 1.16538 80.00681 4.46545 93.23852 0.16337 0.26527 0.11940 0.45196 1674.185
4.350 1.16929 79.95632 4.47760 93.49230 0.16305 0.26585 0.11911 0.45199 1673.880
4.355 1.17324 79.90470 4.48980 93.74702 0.16273 0.26644 0.11881 0.45201 1673.568
4.360 1.17721 79.85192 4.50204 94.00267 0.16242 0.26703 0.11852 0.45204 1673.249
4.365 1.18122 79.79799 4.51433 94.25928 0.16210 0.26761 0.11823 0.45206 1672.923
4.370 1.18527 79.74290 4.52667 94.51683 0.16178 0.26820 0.11793 0.45208 1672.591
4.375 1.18935 79.68664 4.53905 94.77534 0.16147 0.26879 0.11764 0.45210 1672.251
4.380 1.19347 79.62920 4.55148 95.03481 0.16115 0.26938 0.11735 0.45212 1671.904
4.385 1.19762 79.57059 4.56395 95.29523 0.16084 0.26997 0.11706 0.45214 1671.549
4.390 1.20181 79.51078 4.57647 95.55663 0.16052 0.27056 0.11676 0.45215 1671.188
4.395 1.20603 79.44978 4.58903 95.81899 0.16020 0.27115 0.11647 0.45217 1670.819
4.400 1.21029 79.38758 4.60164 96.08233 0.15989 0.27175 0.11618 0.45218 1670.443
4.405 1.21459 79.32418 4.61430 96.34664 0.15957 0.27234 0.11589 0.45219 1670.060
4.410 1.21893 79.25955 4.62701 96.61194 0.15926 0.27293 0.11560 0.45221 1669.669
4.415 1.22331 79.19371 4.63976 96.87822 0.15894 0.27353 0.11531 0.45222 1669.271
4.420 1.22772 79.12664 4.65256 97.14549 0.15863 0.27412 0.11503 0.45222 1668.865
4.425 1.23218 79.05834 4.66541 97.41376 0.15832 0.27471 0.11474 0.45223 1668.451
4.430 1.23667 78.98879 4.67831 97.68302 0.15800 0.27531 0.11445 0.45224 1668.030
4.435 1.24120 78.91800 4.69125 97.95329 0.15769 0.27591 0.11416 0.45224 1667.601
4.440 1.24578 78.84596 4.70424 98.22457 0.15737 0.27650 0.11387 0.45225 1667.165
4.445 1.25039 78.77265 4.71728 98.49685 0.15706 0.27710 0.11359 0.45225 1666.721
4.450 1.25505 78.69808 4.73037 98.77015 0.15675 0.27770 0.11330 0.45225 1666.268
4.455 1.25975 78.62224 4.74351 99.04447 0.15644 0.27829 0.11302 0.45225 1665.808
4.460 1.26449 78.54512 4.75670 99.31981 0.15612 0.27889 0.11273 0.45225 1665.340
4.465 1.26928 78.46671 4.76993 99.59618 0.15581 0.27949 0.11245 0.45225 1664.864
4.470 1.27411 78.38701 4.78322 99.87358 0.15550 0.28009 0.11216 0.45225 1664.380
4.475 1.27898 78.30601 4.79655 100.15202 0.15519 0.28069 0.11188 0.45225 1663.888
4.480 1.28390 78.22370 4.80994 100.43150 0.15487 0.28129 0.11159 0.45224 1663.388
4.485 1.28887 78.14009 4.82337 100.71203 0.15456 0.28189 0.11131 0.45223 1662.880
4.490 1.29387 78.05515 4.83686 100.99360 0.15425 0.28250 0.11103 0.45223 1662.363
4.495 1.29893 77.96890 4.85039 101.27623 0.15394 0.28310 0.11074 0.45222 1661.838
4.500 1.30403 77.88131 4.86398 101.55991 0.15363 0.28370 0.11046 0.45221 1661.305
4.505 1.30919 77.79239 4.87762 101.84466 0.15332 0.28431 0.11018 0.45220 1660.763
4.510 1.31438 77.70212 4.89131 102.13048 0.15301 0.28491 0.10990 0.45218 1660.212
4.515 1.31963 77.61051 4.90505 102.41736 0.15270 0.28551 0.10962 0.45217 1659.654
4.520 1.32493 77.51754 4.91884 102.70533 0.15239 0.28612 0.10934 0.45215 1659.086
4.525 1.33028 77.42321 4.93268 102.99437 0.15208 0.28673 0.10906 0.45214 1658.510
4.530 1.33568 77.32752 4.94658 103.28450 0.15177 0.28733 0.10878 0.45212 1657.926
4.535 1.34113 77.23045 4.96052 103.57572 0.15146 0.28794 0.10850 0.45210 1657.332
4.540 1.34663 77.13200 4.97452 103.86803 0.15115 0.28855 0.10822 0.45208 1656.730
4.545 1.35218 77.03216 4.98857 104.16144 0.15084 0.28915 0.10794 0.45206 1656.119
4.550 1.35779 76.93094 5.00268 104.45595 0.15053 0.28976 0.10767 0.45204 1655.499
4.555 1.36345 76.82832 5.01684 104.75157 0.15022 0.29037 0.10739 0.45202 1654.870
