timeGa Urey Qt heat/H0 heatTW 1HPE 2HPE 3HPE 4HPE TempC
0.005 0.91738 104.92925 0.99715 96.25995 0.14746 0.29588 0.10491 0.45175 1799.805
0.010 0.91520 104.87935 0.99431 95.98602 0.14776 0.29526 0.10519 0.45179 1799.604
0.015 0.91305 104.82819 0.99149 95.71313 0.14807 0.29465 0.10546 0.45182 1799.399
0.020 0.91091 104.77576 0.98867 95.44126 0.14838 0.29404 0.10573 0.45185 1799.189
0.025 0.90879 104.72209 0.98587 95.17041 0.14868 0.29343 0.10601 0.45188 1798.974
0.030 0.90669 104.66718 0.98307 94.90058 0.14899 0.29281 0.10628 0.45191 1798.754
0.035 0.90461 104.61107 0.98029 94.63177 0.14930 0.29220 0.10656 0.45194 1798.529
0.040 0.90254 104.55375 0.97751 94.36396 0.14960 0.29159 0.10684 0.45197 1798.299
0.045 0.90049 104.49524 0.97475 94.09716 0.14991 0.29098 0.10711 0.45199 1798.065
0.050 0.89846 104.43556 0.97199 93.83136 0.15022 0.29037 0.10739 0.45202 1797.826
0.055 0.89645 104.37471 0.96925 93.56655 0.15053 0.28976 0.10767 0.45204 1797.583
0.060 0.89445 104.31273 0.96652 93.30274 0.15084 0.28916 0.10794 0.45206 1797.335
0.065 0.89247 104.24960 0.96380 93.03992 0.15115 0.28855 0.10822 0.45208 1797.082
0.070 0.89051 104.18536 0.96108 92.77808 0.15146 0.28794 0.10850 0.45210 1796.825
0.075 0.88856 104.12002 0.95838 92.51722 0.15177 0.28733 0.10878 0.45212 1796.564
0.080 0.88663 104.05358 0.95569 92.25733 0.15208 0.28673 0.10906 0.45214 1796.298
0.085 0.88472 103.98606 0.95301 91.99842 0.15239 0.28612 0.10934 0.45215 1796.028
0.090 0.88282 103.91747 0.95033 91.74048 0.15270 0.28552 0.10962 0.45217 1795.754
0.095 0.88094 103.84784 0.94767 91.48350 0.15301 0.28491 0.10990 0.45218 1795.475
0.100 0.87907 103.77716 0.94502 91.22748 0.15332 0.28431 0.11018 0.45219 1795.193
0.105 0.87722 103.70545 0.94238 90.97241 0.15363 0.28371 0.11046 0.45221 1794.906
0.110 0.87538 103.63273 0.93975 90.71830 0.15394 0.28310 0.11074 0.45222 1794.615
0.115 0.87356 103.55901 0.93712 90.46513 0.15425 0.28250 0.11103 0.45222 1794.320
0.120 0.87175 103.48430 0.93451 90.21291 0.15456 0.28190 0.11131 0.45223 1794.021
0.125 0.86996 103.40861 0.93191 89.96163 0.15487 0.28130 0.11159 0.45224 1793.718
0.130 0.86819 103.33196 0.92931 89.71129 0.15518 0.28070 0.11188 0.45224 1793.411
0.135 0.86642 103.25435 0.92673 89.46188 0.15550 0.28010 0.11216 0.45225 1793.101
0.140 0.86467 103.17581 0.92416 89.21339 0.15581 0.27950 0.11245 0.45225 1792.786
0.145 0.86294 103.09633 0.92159 88.96583 0.15612 0.27890 0.11273 0.45225 1792.468
0.150 0.86122 103.01594 0.91904 88.71919 0.15643 0.27830 0.11302 0.45225 1792.146
0.155 0.85951 102.93465 0.91649 88.47347 0.15675 0.27770 0.11330 0.45225 1791.820
0.160 0.85782 102.85246 0.91396 88.22866 0.15706 0.27710 0.11359 0.45225 1791.491
0.165 0.85614 102.76940 0.91143 87.98476 0.15737 0.27651 0.11387 0.45225 1791.158
0.170 0.85447 102.68546 0.90891 87.74176 0.15769 0.27591 0.11416 0.45224 1790.821
0.175 0.85282 102.60067 0.90640 87.49967 0.15800 0.27531 0.11445 0.45224 1790.481
0.180 0.85118 102.51503 0.90391 87.25848 0.15831 0.27472 0.11474 0.45223 1790.137
0.185 0.84955 102.42856 0.90142 87.01817 0.15863 0.27412 0.11503 0.45222 1789.790
0.190 0.84794 102.34126 0.89894 86.77876 0.15894 0.27353 0.11531 0.45221 1789.439
0.195 0.84633 102.25315 0.89647 86.54024 0.15926 0.27294 0.11560 0.45220 1789.086
0.200 0.84474 102.16424 0.89400 86.30260 0.15957 0.27234 0.11589 0.45219 1788.728
0.205 0.84317 102.07453 0.89155 86.06584 0.15989 0.27175 0.11618 0.45218 1788.368
0.210 0.84160 101.98405 0.88911 85.82995 0.16020 0.27116 0.11647 0.45217 1788.004
0.215 0.84005 101.89280 0.88667 85.59494 0.16052 0.27057 0.11676 0.45215 1787.637
0.220 0.83851 101.80079 0.88425 85.36080 0.16083 0.26998 0.11706 0.45213 1787.266
0.225 0.83698 101.70804 0.88183 85.12752 0.16115 0.26939 0.11735 0.45212 1786.893
0.230 0.83546 101.61455 0.87942 84.89510 0.16147 0.26880 0.11764 0.45210 1786.516
0.235 0.83396 101.52033 0.87703 84.66354 0.16178 0.26821 0.11793 0.45208 1786.136
0.240 0.83246 101.42539 0.87464 84.43284 0.16210 0.26762 0.11823 0.45206 1785.754
0.245 0.83098 101.32975 0.87225 84.20298 0.16241 0.26703 0.11852 0.45204 1785.368
0.250 0.82951 101.23342 0.86988 83.97397 0.16273 0.26644 0.11881 0.45201 1784.979
0.255 0.82805 101.13639 0.86752 83.74581 0.16305 0.26586 0.11911 0.45199 1784.587
0.260 0.82660 101.03869 0.86516 83.51849 0.16337 0.26527 0.11940 0.45196 1784.193
0.265 0.82516 100.94033 0.86282 83.29200 0.16368 0.26469 0.11970 0.45194 1783.795
0.270 0.82373 100.84131 0.86048 83.06635 0.16400 0.26410 0.11999 0.45191 1783.395
0.275 0.82232 100.74164 0.85815 82.84152 0.16432 0.26352 0.12029 0.45188 1782.992
0.280 0.82091 100.64134 0.85583 82.61753 0.16464 0.26293 0.12058 0.45185 1782.586
0.285 0.81951 100.54041 0.85352 82.39435 0.16495 0.26235 0.12088 0.45182 1782.177
0.290 0.81813 100.43886 0.85122 82.17200 0.16527 0.26177 0.12118 0.45178 1781.765
0.295 0.81675 100.33671 0.84892 81.95046 0.16559 0.26118 0.12148 0.45175 1781.351
0.300 0.81539 100.23395 0.84663 81.72974 0.16591 0.26060 0.12177 0.45171 1780.934
0.305 0.81404 100.13061 0.84436 81.50983 0.16623 0.26002 0.12207 0.45168 1780.515
0.310 0.81269 100.02668 0.84209 81.29072 0.16655 0.25944 0.12237 0.45164 1780.093
0.315 0.81136 99.92218 0.83982 81.07241 0.16687 0.25886 0.12267 0.45160 1779.668
0.320 0.81003 99.81712 0.83757 80.85491 0.16718 0.25828 0.12297 0.45156 1779.241
0.325 0.80872 99.71151 0.83533 80.63820 0.16750 0.25771 0.12327 0.45152 1778.812
0.330 0.80741 99.60535 0.83309 80.42228 0.16782 0.25713 0.12357 0.45148 1778.379
0.335 0.80611 99.49866 0.83086 80.20716 0.16814 0.25655 0.12387 0.45143 1777.945
0.340 0.80483 99.39143 0.82864 79.99282 0.16846 0.25598 0.12417 0.45139 1777.508
0.345 0.80355 99.28369 0.82643 79.77926 0.16878 0.25540 0.12447 0.45134 1777.069
0.350 0.80228 99.17544 0.82423 79.56649 0.16910 0.25482 0.12478 0.45130 1776.627
0.355 0.80102 99.06668 0.82203 79.35449 0.16942 0.25425 0.12508 0.45125 1776.183
0.360 0.79977 98.95743 0.81984 79.14326 0.16975 0.25368 0.12538 0.45120 1775.736
0.365 0.79853 98.84770 0.81766 78.93281 0.17007 0.25310 0.12568 0.45115 1775.288
0.370 0.79730 98.73749 0.81549 78.72312 0.17039 0.25253 0.12599 0.45110 1774.837
0.375 0.79607 98.62681 0.81332 78.51420 0.17071 0.25196 0.12629 0.45104 1774.384
0.380 0.79486 98.51566 0.81117 78.30604 0.17103 0.25139 0.12660 0.45099 1773.929
0.385 0.79365 98.40407 0.80902 78.09864 0.17135 0.25082 0.12690 0.45093 1773.471
0.390 0.79245 98.29203 0.80688 77.89199 0.17167 0.25025 0.12721 0.45088 1773.012
0.395 0.79127 98.17955 0.80475 77.68609 0.17199 0.24968 0.12751 0.45082 1772.550
0.400 0.79008 98.06664 0.80262 77.48095 0.17232 0.24911 0.12782 0.45076 1772.086
0.405 0.78891 97.95330 0.80050 77.27654 0.17264 0.24854 0.12812 0.45070 1771.621
0.410 0.78775 97.83956 0.79839 77.07288 0.17296 0.24797 0.12843 0.45064 1771.153
0.415 0.78659 97.72540 0.79629 76.86997 0.17328 0.24741 0.12874 0.45058 1770.683
0.420 0.78544 97.61084 0.79420 76.66778 0.17360 0.24684 0.12904 0.45051 1770.211
0.425 0.78430 97.49590 0.79211 76.46633 0.17393 0.24627 0.12935 0.45045 1769.738
0.430 0.78317 97.38056 0.79003 76.26562 0.17425 0.24571 0.12966 0.45038 1769.262
0.435 0.78205 97.26485 0.78796 76.06562 0.17457 0.24514 0.12997 0.45031 1768.785
0.440 0.78093 97.14877 0.78590 75.86636 0.17489 0.24458 0.13028 0.45025 1768.305
0.445 0.77982 97.03232 0.78384 75.66781 0.17522 0.24402 0.13059 0.45018 1767.824
0.450 0.77872 96.91552 0.78179 75.46999 0.17554 0.24346 0.13090 0.45011 1767.341
0.455 0.77763 96.79836 0.77975 75.27288 0.17586 0.24289 0.13121 0.45003 1766.856
0.460 0.77654 96.68086 0.77771 75.07648 0.17619 0.24233 0.13152 0.44996 1766.369
0.465 0.77546 96.56303 0.77569 74.88079 0.17651 0.24177 0.13183 0.44989 1765.881
0.470 0.77439 96.44486 0.77367 74.68581 0.17683 0.24121 0.13214 0.44981 1765.391
0.475 0.77332 96.32638 0.77165 74.49154 0.17716 0.24065 0.13245 0.44973 1764.899
0.480 0.77227 96.20757 0.76965 74.29796 0.17748 0.24009 0.13277 0.44966 1764.405
0.485 0.77122 96.08846 0.76765 74.10509 0.17781 0.23954 0.13308 0.44958 1763.910
0.490 0.77017 95.96904 0.76566 73.91291 0.17813 0.23898 0.13339 0.44950 1763.413
0.495 0.76914 95.84932 0.76368 73.72142 0.17846 0.23842 0.13370 0.44942 1762.915
0.500 0.76811 95.72931 0.76170 73.53062 0.17878 0.23787 0.13402 0.44933 1762.415
0.505 0.76709 95.60902 0.75973 73.34051 0.17910 0.23731 0.13433 0.44925 1761.913
0.510 0.76607 95.48845 0.75777 73.15109 0.17943 0.23676 0.13465 0.44916 1761.410
0.515 0.76506 95.36761 0.75581 72.96234 0.17975 0.23620 0.13496 0.44908 1760.905
0.520 0.76406 95.24650 0.75386 72.77428 0.18008 0.23565 0.13528 0.44899 1760.399
0.525 0.76307 95.12513 0.75192 72.58689 0.18040 0.23510 0.13559 0.44890 1759.891
0.530 0.76208 95.00350 0.74999 72.40017 0.18073 0.23455 0.13591 0.44881 1759.382
0.535 0.76110 94.88163 0.74806 72.21413 0.18105 0.23400 0.13623 0.44872 1758.872
0.540 0.76012 94.75951 0.74614 72.02875 0.18138 0.23345 0.13654 0.44863 1758.360
0.545 0.75915 94.63716 0.74423 71.84403 0.18171 0.23290 0.13686 0.44854 1757.846
0.550 0.75819 94.51457 0.74232 71.65998 0.18203 0.23235 0.13718 0.44844 1757.331
0.555 0.75723 94.39176 0.74042 71.47659 0.18236 0.23180 0.13750 0.44835 1756.815
0.560 0.75628 94.26873 0.73853 71.29386 0.18268 0.23125 0.13781 0.44825 1756.298
0.565 0.75534 94.14548 0.73664 71.11178 0.18301 0.23071 0.13813 0.44816 1755.779
0.570 0.75440 94.02203 0.73476 70.93035 0.18333 0.23016 0.13845 0.44806 1755.259
0.575 0.75347 93.89837 0.73289 70.74958 0.18366 0.22961 0.13877 0.44796 1754.737
0.580 0.75254 93.77451 0.73103 70.56945 0.18399 0.22907 0.13909 0.44786 1754.215
0.585 0.75162 93.65046 0.72917 70.38996 0.18431 0.22852 0.13941 0.44775 1753.691
0.590 0.75071 93.52622 0.72731 70.21111 0.18464 0.22798 0.13973 0.44765 1753.165
0.595 0.74980 93.40180 0.72547 70.03290 0.18497 0.22744 0.14005 0.44754 1752.639
0.600 0.74890 93.27720 0.72363 69.85533 0.18529 0.22690 0.14037 0.44744 1752.111
0.605 0.74800 93.15242 0.72179 69.67839 0.18562 0.22635 0.14069 0.44733 1751.583
0.610 0.74711 93.02748 0.71997 69.50209 0.18594 0.22581 0.14102 0.44722 1751.053
0.615 0.74623 92.90238 0.71815 69.32641 0.18627 0.22527 0.14134 0.44712 1750.522
0.620 0.74535 92.77712 0.71634 69.15136 0.18660 0.22473 0.14166 0.44700 1749.989
0.625 0.74448 92.65170 0.71453 68.97693 0.18693 0.22420 0.14198 0.44689 1749.456
0.630 0.74361 92.52614 0.71273 68.80312 0.18725 0.22366 0.14231 0.44678 1748.922
0.635 0.74274 92.40043 0.71093 68.62993 0.18758 0.22312 0.14263 0.44667 1748.386
0.640 0.74189 92.27458 0.70915 68.45735 0.18791 0.22258 0.14296 0.44655 1747.850
0.645 0.74104 92.14860 0.70736 68.28539 0.18823 0.22205 0.14328 0.44644 1747.312
0.650 0.74019 92.02249 0.70559 68.11404 0.18856 0.22151 0.14361 0.44632 1746.774
0.655 0.73935 91.89626 0.70382 67.94330 0.18889 0.22098 0.14393 0.44620 1746.234
0.660 0.73851 91.76990 0.70206 67.77316 0.18922 0.22045 0.14426 0.44608 1745.694
0.665 0.73768 91.64343 0.70030 67.60363 0.18954 0.21991 0.14458 0.44596 1745.152
0.670 0.73686 91.51684 0.69855 67.43470 0.18987 0.21938 0.14491 0.44584 1744.610
0.675 0.73604 91.39015 0.69681 67.26637 0.19020 0.21885 0.14524 0.44572 1744.066
0.680 0.73522 91.26336 0.69507 67.09863 0.19053 0.21832 0.14556 0.44559 1743.522
0.685 0.73441 91.13646 0.69334 66.93149 0.19085 0.21779 0.14589 0.44547 1742.977
0.690 0.73360 91.00947 0.69161 66.76493 0.19118 0.21726 0.14622 0.44534 1742.431
0.695 0.73280 90.88239 0.68990 66.59897 0.19151 0.21673 0.14655 0.44521 1741.884
0.700 0.73201 90.75523 0.68818 66.43360 0.19184 0.21620 0.14687 0.44508 1741.336
0.705 0.73122 90.62798 0.68648 66.26881 0.19217 0.21568 0.14720 0.44495 1740.787
0.710 0.73043 90.50065 0.68477 66.10460 0.19249 0.21515 0.14753 0.44482 1740.238
0.715 0.72965 90.37325 0.68308 65.94097 0.19282 0.21462 0.14786 0.44469 1739.687
0.720 0.72888 90.24577 0.68139 65.77791 0.19315 0.21410 0.14819 0.44456 1739.136
0.725 0.72810 90.11823 0.67971 65.61544 0.19348 0.21357 0.14852 0.44442 1738.584
0.730 0.72734 89.99063 0.67803 65.45353 0.19381 0.21305 0.14885 0.44429 1738.031
0.735 0.72658 89.86297 0.67636 65.29220 0.19414 0.21253 0.14918 0.44415 1737.478
0.740 0.72582 89.73525 0.67469 65.13143 0.19446 0.21201 0.14951 0.44402 1736.924
0.745 0.72506 89.60748 0.67303 64.97123 0.19479 0.21148 0.14985 0.44388 1736.369
0.750 0.72432 89.47966 0.67138 64.81159 0.19512 0.21096 0.15018 0.44374 1735.813
0.755 0.72357 89.35180 0.66973 64.65252 0.19545 0.21044 0.15051 0.44360 1735.257
0.760 0.72283 89.22389 0.66809 64.49400 0.19578 0.20992 0.15084 0.44345 1734.700
0.765 0.72210 89.09595 0.66645 64.33604 0.19611 0.20941 0.15118 0.44331 1734.142
0.770 0.72137 88.96797 0.66482 64.17864 0.19644 0.20889 0.15151 0.44317 1733.583
0.775 0.72064 88.83997 0.66320 64.02179 0.19676 0.20837 0.15184 0.44302 1733.024
0.780 0.71992 88.71193 0.66158 63.86548 0.19709 0.20785 0.15218 0.44288 1732.465
0.785 0.71920 88.58387 0.65997 63.70973 0.19742 0.20734 0.15251 0.44273 1731.904
0.790 0.71849 88.45579 0.65836 63.55452 0.19775 0.20682 0.15285 0.44258 1731.344
0.795 0.71778 88.32770 0.65676 63.39985 0.19808 0.20631 0.15318 0.44243 1730.782
0.800 0.71708 88.19959 0.65516 63.24573 0.19841 0.20580 0.15352 0.44228 1730.220
0.805 0.71637 88.07147 0.65357 63.09215 0.19874 0.20528 0.15385 0.44213 1729.657
0.810 0.71568 87.94334 0.65198 62.93910 0.19907 0.20477 0.15419 0.44197 1729.094
0.815 0.71499 87.81521 0.65040 62.78659 0.19940 0.20426 0.15452 0.44182 1728.530
0.820 0.71430 87.68707 0.64883 62.63461 0.19972 0.20375 0.15486 0.44166 1727.966
0.825 0.71361 87.55894 0.64726 62.48316 0.20005 0.20324 0.15520 0.44151 1727.401
0.830 0.71293 87.43081 0.64570 62.33224 0.20038 0.20273 0.15553 0.44135 1726.836
0.835 0.71226 87.30269 0.64414 62.18184 0.20071 0.20222 0.15587 0.44119 1726.270
0.840 0.71158 87.17458 0.64259 62.03197 0.20104 0.20172 0.15621 0.44103 1725.703
0.845 0.71091 87.04648 0.64104 61.88263 0.20137 0.20121 0.15655 0.44087 1725.137
0.850 0.71025 86.91840 0.63950 61.73380 0.20170 0.20071 0.15689 0.44071 1724.569
0.855 0.70959 86.79033 0.63796 61.58549 0.20203 0.20020 0.15723 0.44055 1724.002
0.860 0.70893 86.66229 0.63643 61.43770 0.20236 0.19970 0.15756 0.44038 1723.433
0.865 0.70828 86.53428 0.63490 61.29042 0.20269 0.19919 0.15790 0.44022 1722.865
0.870 0.70763 86.40629 0.63338 61.14365 0.20302 0.19869 0.15824 0.44005 1722.296
0.875 0.70698 86.27833 0.63187 60.99739 0.20334 0.19819 0.15858 0.43988 1721.726
0.880 0.70634 86.15040 0.63036 60.85164 0.20367 0.19769 0.15892 0.43972 1721.156
0.885 0.70570 86.02251 0.62885 60.70640 0.20400 0.19719 0.15927 0.43955 1720.586
0.890 0.70507 85.89466 0.62736 60.56166 0.20433 0.19669 0.15961 0.43938 1720.015
0.895 0.70444 85.76685 0.62586 60.41742 0.20466 0.19619 0.15995 0.43920 1719.444
0.900 0.70381 85.63908 0.62437 60.27369 0.20499 0.19569 0.16029 0.43903 1718.873
0.905 0.70319 85.51135 0.62289 60.13045 0.20532 0.19519 0.16063 0.43886 1718.301
0.910 0.70257 85.38368 0.62141 59.98770 0.20565 0.19469 0.16097 0.43868 1717.729
0.915 0.70195 85.25605 0.61994 59.84545 0.20598 0.19420 0.16132 0.43851 1717.157
0.920 0.70134 85.12848 0.61847 59.70369 0.20631 0.19370 0.16166 0.43833 1716.584
0.925 0.70073 85.00096 0.61700 59.56243 0.20664 0.19321 0.16200 0.43815 1716.011
0.930 0.70012 84.87350 0.61555 59.42165 0.20696 0.19271 0.16235 0.43797 1715.438
0.935 0.69952 84.74610 0.61409 59.28135 0.20729 0.19222 0.16269 0.43779 1714.864
0.940 0.69892 84.61876 0.61264 59.14154 0.20762 0.19173 0.16304 0.43761 1714.290
0.945 0.69832 84.49148 0.61120 59.00222 0.20795 0.19124 0.16338 0.43743 1713.716
0.950 0.69773 84.36428 0.60976 58.86337 0.20828 0.19075 0.16372 0.43725 1713.142
0.955 0.69714 84.23714 0.60833 58.72500 0.20861 0.19026 0.16407 0.43706 1712.567
0.960 0.69655 84.11007 0.60690 58.58711 0.20894 0.18977 0.16442 0.43688 1711.992
0.965 0.69597 83.98307 0.60548 58.44969 0.20927 0.18928 0.16476 0.43669 1711.417
0.970 0.69539 83.85615 0.60406 58.31275 0.20960 0.18879 0.16511 0.43650 1710.842
0.975 0.69481 83.72931 0.60264 58.17627 0.20993 0.18831 0.16545 0.43632 1710.266
0.980 0.69424 83.60255 0.60124 58.04027 0.21025 0.18782 0.16580 0.43613 1709.690
0.985 0.69367 83.47587 0.59983 57.90473 0.21058 0.18733 0.16615 0.43593 1709.114
0.990 0.69310 83.34927 0.59843 57.76966 0.21091 0.18685 0.16649 0.43574 1708.538
0.995 0.69254 83.22275 0.59704 57.63505 0.21124 0.18637 0.16684 0.43555 1707.962
1.000 0.69198 83.09633 0.59565 57.50091 0.21157 0.18588 0.16719 0.43536 1707.385
1.005 0.69142 82.96999 0.59426 57.36722 0.21190 0.18540 0.16754 0.43516 1706.808
1.010 0.69087 82.84374 0.59288 57.23399 0.21223 0.18492 0.16789 0.43497 1706.231
1.015 0.69032 82.71759 0.59151 57.10122 0.21256 0.18444 0.16824 0.43477 1705.654
1.020 0.68977 82.59153 0.59014 56.96890 0.21288 0.18396 0.16858 0.43457 1705.077
1.025 0.68922 82.46557 0.58877 56.83704 0.21321 0.18348 0.16893 0.43437 1704.500
1.030 0.68868 82.33970 0.58741 56.70563 0.21354 0.18300 0.16928 0.43417 1703.922
1.035 0.68814 82.21394 0.58605 56.57466 0.21387 0.18252 0.16963 0.43397 1703.345
1.040 0.68760 82.08828 0.58470 56.44414 0.21420 0.18205 0.16998 0.43377 1702.767
1.045 0.68707 81.96272 0.58335 56.31407 0.21453 0.18157 0.17033 0.43357 1702.190
1.050 0.68654 81.83727 0.58201 56.18444 0.21486 0.18110 0.17068 0.43336 1701.612
1.055 0.68601 81.71192 0.58067 56.05526 0.21518 0.18062 0.17104 0.43316 1701.034
1.060 0.68549 81.58668 0.57934 55.92651 0.21551 0.18015 0.17139 0.43295 1700.456
1.065 0.68496 81.46156 0.57801 55.79821 0.21584 0.17968 0.17174 0.43275 1699.878
1.070 0.68444 81.33654 0.57669 55.67034 0.21617 0.17920 0.17209 0.43254 1699.299
1.075 0.68393 81.21164 0.57537 55.54290 0.21650 0.17873 0.17244 0.43233 1698.721
1.080 0.68341 81.08685 0.57405 55.41590 0.21682 0.17826 0.17279 0.43212 1698.143
1.085 0.68290 80.96218 0.57274 55.28933 0.21715 0.17779 0.17315 0.43191 1697.565
1.090 0.68240 80.83763 0.57143 55.16319 0.21748 0.17732 0.17350 0.43170 1696.986
1.095 0.68189 80.71319 0.57013 55.03748 0.21781 0.17685 0.17385 0.43148 1696.408
1.100 0.68139 80.58888 0.56883 54.91220 0.21814 0.17639 0.17421 0.43127 1695.830
1.105 0.68089 80.46469 0.56754 54.78734 0.21846 0.17592 0.17456 0.43105 1695.251
1.110 0.68039 80.34062 0.56625 54.66291 0.21879 0.17546 0.17492 0.43084 1694.673
1.115 0.67989 80.21668 0.56497 54.53889 0.21912 0.17499 0.17527 0.43062 1694.094
1.120 0.67940 80.09287 0.56369 54.41530 0.21945 0.17453 0.17562 0.43040 1693.516
1.125 0.67891 79.96918 0.56241 54.29213 0.21977 0.17406 0.17598 0.43018 1692.938
1.130 0.67843 79.84563 0.56114 54.16937 0.22010 0.17360 0.17633 0.42996 1692.359
1.135 0.67794 79.72220 0.55987 54.04702 0.22043 0.17314 0.17669 0.42974 1691.781
1.140 0.67746 79.59890 0.55861 53.92510 0.22076 0.17268 0.17705 0.42952 1691.203
1.145 0.67698 79.47574 0.55735 53.80358 0.22108 0.17222 0.17740 0.42930 1690.624
1.150 0.67650 79.35272 0.55609 53.68247 0.22141 0.17176 0.17776 0.42907 1690.046
1.155 0.67603 79.22982 0.55484 53.56177 0.22174 0.17130 0.17811 0.42885 1689.468
1.160 0.67556 79.10707 0.55360 53.44148 0.22206 0.17084 0.17847 0.42862 1688.890
1.165 0.67509 78.98445 0.55236 53.32160 0.22239 0.17038 0.17883 0.42840 1688.312
1.170 0.67462 78.86198 0.55112 53.20212 0.22272 0.16993 0.17918 0.42817 1687.734
1.175 0.67416 78.73964 0.54988 53.08304 0.22305 0.16947 0.17954 0.42794 1687.156
1.180 0.67370 78.61744 0.54865 52.96436 0.22337 0.16902 0.17990 0.42771 1686.578
1.185 0.67324 78.49539 0.54743 52.84608 0.22370 0.16856 0.18026 0.42748 1686.000
1.190 0.67278 78.37348 0.54621 52.72820 0.22402 0.16811 0.18062 0.42725 1685.422
1.195 0.67233 78.25172 0.54499 52.61071 0.22435 0.16766 0.18097 0.42702 1684.845
1.200 0.67187 78.13010 0.54378 52.49362 0.22468 0.16721 0.18133 0.42678 1684.267
1.205 0.67142 78.00863 0.54257 52.37692 0.22500 0.16676 0.18169 0.42655 1683.690
1.210 0.67098 77.88731 0.54136 52.26062 0.22533 0.16631 0.18205 0.42631 1683.113
1.215 0.67053 77.76614 0.54016 52.14470 0.22566 0.16586 0.18241 0.42608 1682.536
1.220 0.67009 77.64512 0.53897 52.02918 0.22598 0.16541 0.18277 0.42584 1681.959
1.225 0.66965 77.52425 0.53777 51.91404 0.22631 0.16496 0.18313 0.42560 1681.382
1.230 0.66921 77.40353 0.53659 51.79928 0.22663 0.16451 0.18349 0.42536 1680.805
1.235 0.66877 77.28296 0.53540 51.68491 0.22696 0.16407 0.18385 0.42512 1680.228
1.240 0.66834 77.16255 0.53422 51.57092 0.22728 0.16362 0.18421 0.42488 1679.652
1.245 0.66791 77.04229 0.53304 51.45731 0.22761 0.16318 0.18457 0.42464 1679.076
1.250 0.66748 76.92219 0.53187 51.34409 0.22793 0.16273 0.18494 0.42440 1678.499
1.255 0.66705 76.80225 0.53070 51.23124 0.22826 0.16229 0.18530 0.42415 1677.923
1.260 0.66663 76.68246 0.52954 51.11876 0.22858 0.16185 0.18566 0.42391 1677.347
1.265 0.66621 76.56283 0.52838 51.00667 0.22891 0.16141 0.18602 0.42366 1676.772
1.270 0.66579 76.44337 0.52722 50.89494 0.22923 0.16097 0.18638 0.42342 1676.196
1.275 0.66537 76.32406 0.52606 50.78359 0.22956 0.16053 0.18675 0.42317 1675.621
1.280 0.66495 76.20491 0.52491 50.67261 0.22988 0.16009 0.18711 0.42292 1675.046
1.285 0.66454 76.08593 0.52377 50.56200 0.23021 0.15965 0.18747 0.42267 1674.471
1.290 0.66413 75.96710 0.52263 50.45175 0.23053 0.15921 0.18783 0.42242 1673.896
1.295 0.66372 75.84845 0.52149 50.34188 0.23086 0.15878 0.18820 0.42217 1673.322
1.300 0.66331 75.72995 0.52035 50.23236 0.23118 0.15834 0.18856 0.42192 1672.747
1.305 0.66290 75.61162 0.51922 50.12321 0.23150 0.15791 0.18892 0.42166 1672.173
1.310 0.66250 75.49346 0.51810 50.01443 0.23183 0.15747 0.18929 0.42141 1671.599
1.315 0.66210 75.37546 0.51697 49.90600 0.23215 0.15704 0.18965 0.42115 1671.025
1.320 0.66170 75.25763 0.51585 49.79794 0.23248 0.15661 0.19002 0.42090 1670.452
1.325 0.66130 75.13997 0.51474 49.69023 0.23280 0.15618 0.19038 0.42064 1669.879
1.330 0.66091 75.02247 0.51363 49.58288 0.23312 0.15575 0.19075 0.42039 1669.306
1.335 0.66051 74.90515 0.51252 49.47588 0.23345 0.15532 0.19111 0.42013 1668.733
1.340 0.66012 74.78800 0.51141 49.36924 0.23377 0.15489 0.19148 0.41987 1668.160
1.345 0.65973 74.67101 0.51031 49.26295 0.23409 0.15446 0.19184 0.41961 1667.588
1.350 0.65935 74.55420 0.50921 49.15701 0.23441 0.15403 0.19221 0.41935 1667.016
1.355 0.65896 74.43756 0.50812 49.05143 0.23474 0.15360 0.19258 0.41908 1666.444
1.360 0.65858 74.32109 0.50703 48.94619 0.23506 0.15318 0.19294 0.41882 1665.872
1.365 0.65820 74.20479 0.50594 48.84129 0.23538 0.15275 0.19331 0.41856 1665.301
1.370 0.65782 74.08867 0.50486 48.73675 0.23570 0.15233 0.19368 0.41829 1664.730
1.375 0.65744 73.97273 0.50378 48.63255 0.23603 0.15190 0.19404 0.41803 1664.159
1.380 0.65706 73.85695 0.50271 48.52869 0.23635 0.15148 0.19441 0.41776 1663.589
1.385 0.65669 73.74135 0.50163 48.42517 0.23667 0.15106 0.19478 0.41749 1663.018
1.390 0.65632 73.62593 0.50056 48.32200 0.23699 0.15064 0.19514 0.41723 1662.448
1.395 0.65595 73.51069 0.49950 48.21916 0.23731 0.15022 0.19551 0.41696 1661.879
1.400 0.65558 73.39562 0.49844 48.11666 0.23763 0.14980 0.19588 0.41669 1661.309
1.405 0.65521 73.28073 0.49738 48.01450 0.23795 0.14938 0.19625 0.41642 1660.740
1.410 0.65485 73.16601 0.49632 47.91267 0.23828 0.14896 0.19662 0.41615 1660.171
1.415 0.65449 73.05148 0.49527 47.81118 0.23860 0.14854 0.19699 0.41587 1659.603
1.420 0.65413 72.93712 0.49423 47.71002 0.23892 0.14813 0.19735 0.41560 1659.034
1.425 0.65377 72.82294 0.49318 47.60919 0.23924 0.14771 0.19772 0.41533 1658.467
1.430 0.65341 72.70895 0.49214 47.50869 0.23956 0.14730 0.19809 0.41505 1657.899
1.435 0.65305 72.59513 0.49110 47.40852 0.23988 0.14688 0.19846 0.41478 1657.332
1.440 0.65270 72.48149 0.49007 47.30868 0.24020 0.14647 0.19883 0.41450 1656.764
1.445 0.65235 72.36804 0.48904 47.20917 0.24052 0.14606 0.19920 0.41422 1656.198
1.450 0.65200 72.25476 0.48801 47.10998 0.24084 0.14565 0.19957 0.41394 1655.631
1.455 0.65165 72.14167 0.48699 47.01111 0.24116 0.14524 0.19994 0.41367 1655.065
1.460 0.65130 72.02876 0.48596 46.91257 0.24148 0.14483 0.20031 0.41339 1654.500
1.465 0.65096 71.91603 0.48495 46.81435 0.24180 0.14442 0.20068 0.41311 1653.934
1.470 0.65062 71.80349 0.48393 46.71644 0.24211 0.14401 0.20105 0.41282 1653.369
1.475 0.65027 71.69113 0.48292 46.61886 0.24243 0.14360 0.20142 0.41254 1652.804
1.480 0.64993 71.57895 0.48191 46.52160 0.24275 0.14319 0.20180 0.41226 1652.240
1.485 0.64960 71.46695 0.48091 46.42465 0.24307 0.14279 0.20217 0.41197 1651.676
1.490 0.64926 71.35514 0.47991 46.32802 0.24339 0.14238 0.20254 0.41169 1651.112
1.495 0.64892 71.24352 0.47891 46.23170 0.24371 0.14198 0.20291 0.41140 1650.549
1.500 0.64859 71.13208 0.47792 46.13570 0.24402 0.14158 0.20328 0.41112 1649.985
1.505 0.64826 71.02083 0.47693 46.04000 0.24434 0.14117 0.20365 0.41083 1649.423
1.510 0.64793 70.90976 0.47594 45.94462 0.24466 0.14077 0.20403 0.41054 1648.860
1.515 0.64760 70.79887 0.47495 45.84955 0.24498 0.14037 0.20440 0.41025 1648.298
1.520 0.64728 70.68818 0.47397 45.75478 0.24529 0.13997 0.20477 0.40996 1647.737
1.525 0.64695 70.57767 0.47299 45.66032 0.24561 0.13957 0.20514 0.40967 1647.175
1.530 0.64663 70.46734 0.47202 45.56617 0.24593 0.13917 0.20552 0.40938 1646.615
1.535 0.64631 70.35720 0.47105 45.47233 0.24625 0.13877 0.20589 0.40909 1646.054
1.540 0.64599 70.24725 0.47008 45.37878 0.24656 0.13838 0.20626 0.40880 1645.494
1.545 0.64567 70.13749 0.46911 45.28554 0.24688 0.13798 0.20664 0.40851 1644.934
1.550 0.64535 70.02792 0.46815 45.19260 0.24719 0.13758 0.20701 0.40821 1644.375
1.555 0.64504 69.91853 0.46719 45.09996 0.24751 0.13719 0.20738 0.40792 1643.816
1.560 0.64472 69.80933 0.46623 45.00762 0.24783 0.13680 0.20776 0.40762 1643.257
1.565 0.64441 69.70032 0.46528 44.91558 0.24814 0.13640 0.20813 0.40732 1642.699
1.570 0.64410 69.59150 0.46433 44.82383 0.24846 0.13601 0.20851 0.40703 1642.141
1.575 0.64379 69.48286 0.46338 44.73238 0.24877 0.13562 0.20888 0.40673 1641.583
1.580 0.64348 69.37442 0.46244 44.64123 0.24909 0.13523 0.20926 0.40643 1641.026
1.585 0.64318 69.26616 0.46149 44.55037 0.24940 0.13484 0.20963 0.40613 1640.469
1.590 0.64287 69.15810 0.46056 44.45980 0.24972 0.13445 0.21001 0.40583 1639.913
1.595 0.64257 69.05022 0.45962 44.36952 0.25003 0.13406 0.21038 0.40553 1639.357
1.600 0.64227 68.94253 0.45869 44.27953 0.25034 0.13367 0.21076 0.40523 1638.801
1.605 0.64197 68.83504 0.45776 44.18983 0.25066 0.13329 0.21113 0.40492 1638.246
1.610 0.64167 68.72773 0.45683 44.10042 0.25097 0.13290 0.21151 0.40462 1637.691
1.615 0.64137 68.62061 0.45591 44.01129 0.25128 0.13252 0.21188 0.40432 1637.137
1.620 0.64108 68.51368 0.45499 43.92245 0.25160 0.13213 0.21226 0.40401 1636.583
1.625 0.64078 68.40694 0.45407 43.83390 0.25191 0.13175 0.21264 0.40371 1636.030
1.630 0.64049 68.30040 0.45316 43.74563 0.25222 0.13136 0.21301 0.40340 1635.477
1.635 0.64020 68.19404 0.45225 43.65764 0.25254 0.13098 0.21339 0.40309 1634.924
1.640 0.63991 68.08787 0.45134 43.56993 0.25285 0.13060 0.21377 0.40278 1634.372
1.645 0.63962 67.98190 0.45043 43.48250 0.25316 0.13022 0.21414 0.40248 1633.820
1.650 0.63933 67.87611 0.44953 43.39536 0.25347 0.12984 0.21452 0.40217 1633.268
1.655 0.63905 67.77052 0.44863 43.30849 0.25378 0.12946 0.21490 0.40186 1632.717
1.660 0.63876 67.66511 0.44773 43.22189 0.25410 0.12908 0.21527 0.40155 1632.167
1.665 0.63848 67.55990 0.44684 43.13558 0.25441 0.12871 0.21565 0.40123 1631.616
1.670 0.63820 67.45488 0.44595 43.04954 0.25472 0.12833 0.21603 0.40092 1631.067
1.675 0.63792 67.35005 0.44506 42.96377 0.25503 0.12796 0.21641 0.40061 1630.517
1.680 0.63764 67.24541 0.44417 42.87828 0.25534 0.12758 0.21678 0.40030 1629.969
1.685 0.63736 67.14096 0.44329 42.79305 0.25565 0.12721 0.21716 0.39998 1629.420
1.690 0.63709 67.03670 0.44241 42.70810 0.25596 0.12683 0.21754 0.39967 1628.872
1.695 0.63681 66.93264 0.44153 42.62342 0.25627 0.12646 0.21792 0.39935 1628.324
1.700 0.63654 66.82876 0.44066 42.53901 0.25658 0.12609 0.21830 0.39903 1627.777
1.705 0.63627 66.72508 0.43979 42.45487 0.25689 0.12572 0.21868 0.39872 1627.231
1.710 0.63599 66.62159 0.43892 42.37099 0.25720 0.12535 0.21905 0.39840 1626.684
1.715 0.63573 66.51829 0.43805 42.28738 0.25751 0.12498 0.21943 0.39808 1626.139
1.720 0.63546 66.41518 0.43719 42.20403 0.25781 0.12461 0.21981 0.39776 1625.593
1.725 0.63519 66.31226 0.43633 42.12095 0.25812 0.12424 0.22019 0.39744 1625.048
1.730 0.63493 66.20953 0.43547 42.03813 0.25843 0.12388 0.22057 0.39712 1624.504
1.735 0.63466 66.10700 0.43462 41.95557 0.25874 0.12351 0.22095 0.39680 1623.960
1.740 0.63440 66.00465 0.43376 41.87328 0.25905 0.12315 0.22133 0.39648 1623.416
1.745 0.63414 65.90250 0.43291 41.79124 0.25935 0.12278 0.22171 0.39615 1622.873
1.750 0.63388 65.80054 0.43207 41.70946 0.25966 0.12242 0.22209 0.39583 1622.330
1.755 0.63362 65.69877 0.43122 41.62794 0.25997 0.12205 0.22247 0.39551 1621.788
1.760 0.63336 65.59719 0.43038 41.54668 0.26028 0.12169 0.22285 0.39518 1621.246
1.765 0.63310 65.49580 0.42954 41.46568 0.26058 0.12133 0.22323 0.39486 1620.705
1.770 0.63285 65.39460 0.42870 41.38492 0.26089 0.12097 0.22361 0.39453 1620.164
1.775 0.63260 65.29360 0.42787 41.30443 0.26119 0.12061 0.22399 0.39421 1619.624
1.780 0.63234 65.19278 0.42704 41.22418 0.26150 0.12025 0.22437 0.39388 1619.084
1.785 0.63209 65.09216 0.42621 41.14419 0.26180 0.11989 0.22475 0.39355 1618.545
1.790 0.63184 64.99173 0.42538 41.06445 0.26211 0.11954 0.22513 0.39322 1618.006
1.795 0.63159 64.89148 0.42456 40.98496 0.26241 0.11918 0.22551 0.39289 1617.467
1.800 0.63134 64.79143 0.42374 40.90572 0.26272 0.11882 0.22589 0.39256 1616.929
1.805 0.63110 64.69157 0.42292 40.82673 0.26302 0.11847 0.22627 0.39223 1616.391
1.810 0.63085 64.59190 0.42211 40.74799 0.26333 0.11812 0.22666 0.39190 1615.854
1.815 0.63061 64.49242 0.42129 40.66949 0.26363 0.11776 0.22704 0.39157 1615.318
1.820 0.63037 64.39314 0.42048 40.59124 0.26394 0.11741 0.22742 0.39124 1614.782
1.825 0.63012 64.29404 0.41967 40.51324 0.26424 0.11706 0.22780 0.39090 1614.246
1.830 0.62988 64.19513 0.41887 40.43547 0.26454 0.11671 0.22818 0.39057 1613.711
1.835 0.62964 64.09641 0.41807 40.35795 0.26484 0.11636 0.22856 0.39024 1613.176
1.840 0.62941 63.99789 0.41727 40.28068 0.26515 0.11601 0.22894 0.38990 1612.642
1.845 0.62917 63.89955 0.41647 40.20364 0.26545 0.11566 0.22933 0.38957 1612.108
1.850 0.62893 63.80140 0.41567 40.12685 0.26575 0.11531 0.22971 0.38923 1611.575
1.855 0.62870 63.70344 0.41488 40.05029 0.26605 0.11496 0.23009 0.38889 1611.042
1.860 0.62847 63.60568 0.41409 39.97397 0.26635 0.11462 0.23047 0.38856 1610.510
1.865 0.62823 63.50810 0.41330 39.89789 0.26666 0.11427 0.23085 0.38822 1609.978
1.870 0.62800 63.41071 0.41251 39.82205 0.26696 0.11393 0.23124 0.38788 1609.446
1.875 0.62777 63.31351 0.41173 39.74644 0.26726 0.11358 0.23162 0.38754 1608.915
1.880 0.62754 63.21650 0.41095 39.67107 0.26756 0.11324 0.23200 0.38720 1608.385
1.885 0.62732 63.11968 0.41017 39.59594 0.26786 0.11290 0.23239 0.38686 1607.855
1.890 0.62709 63.02305 0.40940 39.52103 0.26816 0.11255 0.23277 0.38652 1607.326
1.895 0.62686 62.92660 0.40862 39.44636 0.26846 0.11221 0.23315 0.38618 1606.797
1.900 0.62664 62.83035 0.40785 39.37192 0.26876 0.11187 0.23353 0.38584 1606.268
1.905 0.62642 62.73428 0.40708 39.29771 0.26906 0.11153 0.23392 0.38549 1605.741
1.910 0.62619 62.63840 0.40632 39.22373 0.26935 0.11120 0.23430 0.38515 1605.213
1.915 0.62597 62.54272 0.40555 39.14998 0.26965 0.11086 0.23468 0.38481 1604.686
1.920 0.62575 62.44721 0.40479 39.07646 0.26995 0.11052 0.23507 0.38446 1604.160
1.925 0.62553 62.35190 0.40403 39.00316 0.27025 0.11018 0.23545 0.38412 1603.634
1.930 0.62531 62.25677 0.40327 38.93009 0.27055 0.10985 0.23583 0.38377 1603.108
1.935 0.62510 62.16184 0.40252 38.85725 0.27084 0.10951 0.23622 0.38343 1602.583
1.940 0.62488 62.06709 0.40177 38.78463 0.27114 0.10918 0.23660 0.38308 1602.059
1.945 0.62467 61.97252 0.40102 38.71224 0.27144 0.10885 0.23699 0.38273 1601.535
1.950 0.62445 61.87815 0.40027 38.64007 0.27173 0.10851 0.23737 0.38238 1601.012
1.955 0.62424 61.78396 0.39953 38.56812 0.27203 0.10818 0.23775 0.38204 1600.489
1.960 0.62403 61.68995 0.39878 38.49639 0.27232 0.10785 0.23814 0.38169 1599.966
1.965 0.62382 61.59614 0.39804 38.42489 0.27262 0.10752 0.23852 0.38134 1599.444
1.970 0.62361 61.50251 0.39730 38.35360 0.27291 0.10719 0.23891 0.38099 1598.923
1.975 0.62340 61.40906 0.39657 38.28253 0.27321 0.10686 0.23929 0.38064 1598.402
1.980 0.62319 61.31581 0.39583 38.21168 0.27350 0.10654 0.23967 0.38029 1597.881
1.985 0.62299 61.22274 0.39510 38.14105 0.27380 0.10621 0.24006 0.37994 1597.361
1.990 0.62278 61.12985 0.39437 38.07064 0.27409 0.10588 0.24044 0.37958 1596.842
1.995 0.62258 61.03715 0.39364 38.00044 0.27439 0.10556 0.24083 0.37923 1596.323
2.000 0.62238 60.94463 0.39292 37.93046 0.27468 0.10523 0.24121 0.37888 1595.805
2.005 0.62217 60.85230 0.39220 37.86069 0.27497 0.10491 0.24160 0.37852 1595.287
2.010 0.62197 60.76016 0.39148 37.79113 0.27526 0.10458 0.24198 0.37817 1594.769
2.015 0.62177 60.66820 0.39076 37.72179 0.27556 0.10426 0.24237 0.37781 1594.252
2.020 0.62157 60.57642 0.39004 37.65266 0.27585 0.10394 0.24275 0.37746 1593.736
2.025 0.62137 60.48483 0.38933 37.58374 0.27614 0.10362 0.24314 0.37710 1593.220
2.030 0.62118 60.39342 0.38862 37.51503 0.27643 0.10330 0.24352 0.37675 1592.705
2.035 0.62098 60.30220 0.38791 37.44653 0.27672 0.10298 0.24391 0.37639 1592.190
2.040 0.62079 60.21115 0.38720 37.37823 0.27701 0.10266 0.24429 0.37603 1591.676
2.045 0.62059 60.12030 0.38649 37.31015 0.27730 0.10234 0.24468 0.37568 1591.162
2.050 0.62040 60.02962 0.38579 37.24228 0.27759 0.10203 0.24506 0.37532 1590.649
2.055 0.62021 59.93913 0.38509 37.17461 0.27788 0.10171 0.24545 0.37496 1590.136
2.060 0.62001 59.84882 0.38439 37.10714 0.27817 0.10139 0.24583 0.37460 1589.624
2.065 0.61982 59.75870 0.38369 37.03988 0.27846 0.10108 0.24622 0.37424 1589.112
2.070 0.61963 59.66875 0.38300 36.97283 0.27875 0.10076 0.24660 0.37388 1588.601
2.075 0.61945 59.57899 0.38231 36.90598 0.27904 0.10045 0.24699 0.37352 1588.090
2.080 0.61926 59.48941 0.38162 36.83933 0.27933 0.10014 0.24737 0.37316 1587.580
2.085 0.61907 59.40001 0.38093 36.77289 0.27962 0.09983 0.24776 0.37280 1587.070
2.090 0.61889 59.31079 0.38024 36.70664 0.27990 0.09952 0.24815 0.37243 1586.561
2.095 0.61870 59.22176 0.37956 36.64060 0.28019 0.09920 0.24853 0.37207 1586.052
2.100 0.61852 59.13290 0.37888 36.57475 0.28048 0.09890 0.24892 0.37171 1585.544
2.105 0.61833 59.04423 0.37820 36.50911 0.28077 0.09859 0.24930 0.37134 1585.036
2.110 0.61815 58.95573 0.37752 36.44366 0.28105 0.09828 0.24969 0.37098 1584.529
2.115 0.61797 58.86742 0.37684 36.37842 0.28134 0.09797 0.25008 0.37062 1584.023
2.120 0.61779 58.77928 0.37617 36.31336 0.28162 0.09766 0.25046 0.37025 1583.517
2.125 0.61761 58.69133 0.37550 36.24851 0.28191 0.09736 0.25085 0.36989 1583.011
2.130 0.61743 58.60355 0.37483 36.18385 0.28219 0.09705 0.25123 0.36952 1582.506
2.135 0.61726 58.51596 0.37416 36.11938 0.28248 0.09675 0.25162 0.36915 1582.002
2.140 0.61708 58.42854 0.37349 36.05511 0.28276 0.09644 0.25201 0.36879 1581.498
2.145 0.61690 58.34130 0.37283 35.99104 0.28305 0.09614 0.25239 0.36842 1580.994
2.150 0.61673 58.25424 0.37217 35.92715 0.28333 0.09584 0.25278 0.36805 1580.491
2.155 0.61656 58.16736 0.37151 35.86346 0.28361 0.09554 0.25316 0.36768 1579.989
2.160 0.61638 58.08065 0.37085 35.79996 0.28390 0.09524 0.25355 0.36732 1579.487
2.165 0.61621 57.99413 0.37019 35.73665 0.28418 0.09494 0.25394 0.36695 1578.985
2.170 0.61604 57.90778 0.36954 35.67353 0.28446 0.09464 0.25432 0.36658 1578.485
2.175 0.61587 57.82160 0.36889 35.61059 0.28474 0.09434 0.25471 0.36621 1577.984
2.180 0.61570 57.73561 0.36824 35.54785 0.28503 0.09404 0.25510 0.36584 1577.485
2.185 0.61553 57.64979 0.36759 35.48530 0.28531 0.09374 0.25548 0.36547 1576.985
2.190 0.61536 57.56415 0.36694 35.42293 0.28559 0.09345 0.25587 0.36510 1576.487
2.195 0.61520 57.47868 0.36630 35.36075 0.28587 0.09315 0.25626 0.36472 1575.988
2.200 0.61503 57.39339 0.36566 35.29875 0.28615 0.09286 0.25664 0.36435 1575.491
2.205 0.61487 57.30827 0.36502 35.23694 0.28643 0.09256 0.25703 0.36398 1574.993
2.210 0.61470 57.22333 0.36438 35.17531 0.28671 0.09227 0.25742 0.36361 1574.497
2.215 0.61454 57.13857 0.36374 35.11387 0.28699 0.09198 0.25780 0.36323 1574.001
2.220 0.61438 57.05397 0.36311 35.05261 0.28727 0.09169 0.25819 0.36286 1573.505
2.225 0.61421 56.96956 0.36248 34.99154 0.28754 0.09139 0.25858 0.36249 1573.010
2.230 0.61405 56.88532 0.36184 34.93064 0.28782 0.09110 0.25896 0.36211 1572.515
2.235 0.61389 56.80125 0.36122 34.86993 0.28810 0.09081 0.25935 0.36174 1572.021
2.240 0.61373 56.71735 0.36059 34.80940 0.28838 0.09053 0.25974 0.36136 1571.528
2.245 0.61358 56.63363 0.35996 34.74904 0.28865 0.09024 0.26012 0.36099 1571.035
2.250 0.61342 56.55008 0.35934 34.68887 0.28893 0.08995 0.26051 0.36061 1570.543
2.255 0.61326 56.46670 0.35872 34.62887 0.28921 0.08966 0.26090 0.36023 1570.051
2.260 0.61311 56.38350 0.35810 34.56906 0.28948 0.08938 0.26128 0.35986 1569.559
2.265 0.61295 56.30047 0.35748 34.50942 0.28976 0.08909 0.26167 0.35948 1569.068
2.270 0.61280 56.21761 0.35687 34.44995 0.29003 0.08881 0.26206 0.35910 1568.578
2.275 0.61264 56.13492 0.35625 34.39067 0.29031 0.08852 0.26244 0.35873 1568.088
2.280 0.61249 56.05240 0.35564 34.33155 0.29058 0.08824 0.26283 0.35835 1567.599
2.285 0.61234 55.97006 0.35503 34.27262 0.29086 0.08796 0.26322 0.35797 1567.110
2.290 0.61219 55.88788 0.35442 34.21385 0.29113 0.08768 0.26360 0.35759 1566.622
2.295 0.61204 55.80588 0.35381 34.15527 0.29141 0.08739 0.26399 0.35721 1566.134
2.300 0.61189 55.72404 0.35321 34.09685 0.29168 0.08711 0.26438 0.35683 1565.647
2.305 0.61174 55.64238 0.35260 34.03860 0.29195 0.08683 0.26476 0.35645 1565.160
2.310 0.61159 55.56088 0.35200 33.98053 0.29222 0.08656 0.26515 0.35607 1564.674
2.315 0.61144 55.47956 0.35140 33.92263 0.29250 0.08628 0.26554 0.35569 1564.189
2.320 0.61130 55.39840 0.35080 33.86490 0.29277 0.08600 0.26592 0.35531 1563.704
2.325 0.61115 55.31741 0.35021 33.80734 0.29304 0.08572 0.26631 0.35493 1563.219
2.330 0.61101 55.23659 0.34961 33.74995 0.29331 0.08545 0.26670 0.35455 1562.735
2.335 0.61086 55.15594 0.34902 33.69272 0.29358 0.08517 0.26708 0.35416 1562.252
2.340 0.61072 55.07546 0.34843 33.63567 0.29385 0.08490 0.26747 0.35378 1561.769
2.345 0.61058 54.99514 0.34784 33.57878 0.29412 0.08462 0.26786 0.35340 1561.286
2.350 0.61044 54.91499 0.34725 33.52206 0.29439 0.08435 0.26825 0.35302 1560.804
2.355 0.61029 54.83501 0.34667 33.46550 0.29466 0.08408 0.26863 0.35263 1560.323
2.360 0.61015 54.75519 0.34608 33.40911 0.29493 0.08380 0.26902 0.35225 1559.842
2.365 0.61001 54.67554 0.34550 33.35289 0.29520 0.08353 0.26941 0.35187 1559.362
2.370 0.60988 54.59606 0.34492 33.29683 0.29546 0.08326 0.26979 0.35148 1558.882
2.375 0.60974 54.51674 0.34434 33.24093 0.29573 0.08299 0.27018 0.35110 1558.403
2.380 0.60960 54.43759 0.34376 33.18520 0.29600 0.08272 0.27057 0.35071 1557.924
2.385 0.60946 54.35860 0.34319 33.12963 0.29626 0.08246 0.27095 0.35033 1557.446
2.390 0.60933 54.27978 0.34261 33.07422 0.29653 0.08219 0.27134 0.34994 1556.968
2.395 0.60919 54.20112 0.34204 33.01897 0.29680 0.08192 0.27173 0.34955 1556.491
2.400 0.60906 54.12263 0.34147 32.96388 0.29706 0.08166 0.27211 0.34917 1556.015
2.405 0.60893 54.04430 0.34090 32.90896 0.29733 0.08139 0.27250 0.34878 1555.538
2.410 0.60879 53.96613 0.34033 32.85419 0.29759 0.08112 0.27289 0.34840 1555.063
2.415 0.60866 53.88813 0.33977 32.79959 0.29786 0.08086 0.27327 0.34801 1554.588
2.420 0.60853 53.81029 0.33921 32.74514 0.29812 0.08060 0.27366 0.34762 1554.113
2.425 0.60840 53.73261 0.33864 32.69085 0.29839 0.08033 0.27405 0.34723 1553.639
2.430 0.60827 53.65510 0.33808 32.63672 0.29865 0.08007 0.27443 0.34685 1553.166
2.435 0.60814 53.57774 0.33752 32.58274 0.29891 0.07981 0.27482 0.34646 1552.693
2.440 0.60801 53.50055 0.33697 32.52892 0.29917 0.07955 0.27521 0.34607 1552.221
2.445 0.60788 53.42352 0.33641 32.47526 0.29944 0.07929 0.27559 0.34568 1551.749
2.450 0.60776 53.34666 0.33586 32.42175 0.29970 0.07903 0.27598 0.34529 1551.277
2.455 0.60763 53.26995 0.33530 32.36840 0.29996 0.07877 0.27637 0.34490 1550.807
2.460 0.60750 53.19340 0.33475 32.31520 0.30022 0.07851 0.27675 0.34451 1550.336
2.465 0.60738 53.11701 0.33420 32.26215 0.30048 0.07826 0.27714 0.34412 1549.866
2.470 0.60725 53.04079 0.33365 32.20926 0.30074 0.07800 0.27753 0.34373 1549.397
2.475 0.60713 52.96472 0.33311 32.15652 0.30100 0.07774 0.27791 0.34334 1548.929
2.480 0.60701 52.88881 0.33256 32.10393 0.30126 0.07749 0.27830 0.34295 1548.460
2.485 0.60689 52.81306 0.33202 32.05150 0.30152 0.07723 0.27868 0.34256 1547.993
2.490 0.60676 52.73747 0.33148 31.99921 0.30178 0.07698 0.27907 0.34217 1547.526
2.495 0.60664 52.66204 0.33094 31.94708 0.30204 0.07673 0.27946 0.34178 1547.059
2.500 0.60652 52.58677 0.33040 31.89509 0.30230 0.07648 0.27984 0.34139 1546.593
2.505 0.60640 52.51165 0.32986 31.84326 0.30255 0.07622 0.28023 0.34099 1546.127
2.510 0.60628 52.43670 0.32933 31.79157 0.30281 0.07597 0.28062 0.34060 1545.662
2.515 0.60617 52.36189 0.32879 31.74003 0.30307 0.07572 0.28100 0.34021 1545.198
2.520 0.60605 52.28725 0.32826 31.68864 0.30332 0.07547 0.28139 0.33982 1544.734
2.525 0.60593 52.21276 0.32773 31.63740 0.30358 0.07522 0.28177 0.33942 1544.270
2.530 0.60582 52.13843 0.32720 31.58630 0.30383 0.07497 0.28216 0.33903 1543.807
2.535 0.60570 52.06426 0.32667 31.53535 0.30409 0.07473 0.28255 0.33864 1543.345
2.540 0.60559 51.99024 0.32615 31.48455 0.30434 0.07448 0.28293 0.33824 1542.883
2.545 0.60547 51.91637 0.32562 31.43389 0.30460 0.07423 0.28332 0.33785 1542.422
2.550 0.60536 51.84266 0.32510 31.38337 0.30485 0.07399 0.28370 0.33746 1541.961
2.555 0.60525 51.76911 0.32458 31.33300 0.30511 0.07374 0.28409 0.33706 1541.500
2.560 0.60513 51.69571 0.32406 31.28277 0.30536 0.07350 0.28447 0.33667 1541.041
2.565 0.60502 51.62246 0.32354 31.23269 0.30561 0.07325 0.28486 0.33627 1540.581
2.570 0.60491 51.54937 0.32302 31.18275 0.30586 0.07301 0.28525 0.33588 1540.122
2.575 0.60480 51.47643 0.32250 31.13295 0.30612 0.07277 0.28563 0.33548 1539.664
2.580 0.60469 51.40364 0.32199 31.08329 0.30637 0.07253 0.28602 0.33509 1539.206
2.585 0.60458 51.33101 0.32148 31.03378 0.30662 0.07229 0.28640 0.33469 1538.749
2.590 0.60447 51.25853 0.32097 30.98440 0.30687 0.07204 0.28679 0.33430 1538.293
2.595 0.60437 51.18620 0.32046 30.93516 0.30712 0.07180 0.28717 0.33390 1537.836
2.600 0.60426 51.11402 0.31995 30.88607 0.30737 0.07157 0.28756 0.33351 1537.381
2.605 0.60415 51.04200 0.31944 30.83711 0.30762 0.07133 0.28794 0.33311 1536.926
2.610 0.60405 50.97012 0.31893 30.78829 0.30787 0.07109 0.28833 0.33271 1536.471
2.615 0.60394 50.89840 0.31843 30.73961 0.30812 0.07085 0.28871 0.33232 1536.017
2.620 0.60384 50.82683 0.31793 30.69107 0.30837 0.07062 0.28910 0.33192 1535.563
2.625 0.60373 50.75541 0.31743 30.64267 0.30861 0.07038 0.28948 0.33152 1535.110
2.630 0.60363 50.68414 0.31693 30.59440 0.30886 0.07014 0.28987 0.33113 1534.658
2.635 0.60353 50.61301 0.31643 30.54627 0.30911 0.06991 0.29025 0.33073 1534.206
2.640 0.60342 50.54204 0.31593 30.49827 0.30935 0.06968 0.29064 0.33033 1533.754
2.645 0.60332 50.47122 0.31543 30.45041 0.30960 0.06944 0.29102 0.32993 1533.303
2.650 0.60322 50.40054 0.31494 30.40269 0.30985 0.06921 0.29141 0.32954 1532.853
2.655 0.60312 50.33002 0.31445 30.35509 0.31009 0.06898 0.29179 0.32914 1532.403
2.660 0.60302 50.25964 0.31396 30.30764 0.31034 0.06875 0.29218 0.32874 1531.953
2.665 0.60292 50.18941 0.31346 30.26031 0.31058 0.06852 0.29256 0.32834 1531.504
2.670 0.60282 50.11932 0.31298 30.21312 0.31083 0.06829 0.29295 0.32794 1531.056
2.675 0.60273 50.04939 0.31249 30.16606 0.31107 0.06806 0.29333 0.32754 1530.608
2.680 0.60263 49.97960 0.31200 30.11914 0.31131 0.06783 0.29371 0.32715 1530.161
2.685 0.60253 49.90996 0.31152 30.07234 0.31156 0.06760 0.29410 0.32675 1529.714
2.690 0.60244 49.84046 0.31103 30.02568 0.31180 0.06737 0.29448 0.32635 1529.268
2.695 0.60234 49.77111 0.31055 29.97915 0.31204 0.06714 0.29487 0.32595 1528.822
2.700 0.60225 49.70191 0.31007 29.93274 0.31228 0.06692 0.29525 0.32555 1528.376
2.705 0.60215 49.63285 0.30959 29.88647 0.31252 0.06669 0.29564 0.32515 1527.932
2.710 0.60206 49.56393 0.30911 29.84033 0.31276 0.06647 0.29602 0.32475 1527.487
2.715 0.60196 49.49517 0.30864 29.79431 0.31300 0.06624 0.29640 0.32435 1527.044
2.720 0.60187 49.42654 0.30816 29.74843 0.31324 0.06602 0.29679 0.32395 1526.600
2.725 0.60178 49.35806 0.30769 29.70267 0.31348 0.06580 0.29717 0.32355 1526.158
2.730 0.60169 49.28972 0.30722 29.65704 0.31372 0.06557 0.29755 0.32315 1525.715
2.735 0.60160 49.22153 0.30674 29.61153 0.31396 0.06535 0.29794 0.32275 1525.274
2.740 0.60151 49.15348 0.30627 29.56616 0.31420 0.06513 0.29832 0.32235 1524.832
2.745 0.60142 49.08557 0.30581 29.52090 0.31444 0.06491 0.29870 0.32195 1524.392
2.750 0.60133 49.01781 0.30534 29.47578 0.31467 0.06469 0.29909 0.32155 1523.952
2.755 0.60124 48.95019 0.30487 29.43078 0.31491 0.06447 0.29947 0.32115 1523.512
2.760 0.60115 48.88271 0.30441 29.38591 0.31515 0.06425 0.29985 0.32075 1523.073
2.765 0.60106 48.81537 0.30394 29.34116 0.31538 0.06403 0.30024 0.32035 1522.634
2.770 0.60098 48.74817 0.30348 29.29653 0.31562 0.06382 0.30062 0.31994 1522.196
2.775 0.60089 48.68112 0.30302 29.25203 0.31586 0.06360 0.30100 0.31954 1521.758
2.780 0.60080 48.61420 0.30256 29.20765 0.31609 0.06338 0.30139 0.31914 1521.321
2.785 0.60072 48.54743 0.30210 29.16339 0.31632 0.06317 0.30177 0.31874 1520.884
2.790 0.60063 48.48079 0.30164 29.11926 0.31656 0.06295 0.30215 0.31834 1520.448
2.795 0.60055 48.41430 0.30119 29.07524 0.31679 0.06274 0.30253 0.31794 1520.013
2.800 0.60047 48.34794 0.30073 29.03135 0.31703 0.06252 0.30292 0.31754 1519.578
2.805 0.60038 48.28172 0.30028 28.98758 0.31726 0.06231 0.30330 0.31713 1519.143
2.810 0.60030 48.21565 0.29983 28.94393 0.31749 0.06210 0.30368 0.31673 1518.709
2.815 0.60022 48.14971 0.29938 28.90040 0.31772 0.06189 0.30406 0.31633 1518.275
2.820 0.60014 48.08391 0.29893 28.85700 0.31795 0.06167 0.30444 0.31593 1517.842
2.825 0.60006 48.01824 0.29848 28.81371 0.31818 0.06146 0.30483 0.31553 1517.409
2.830 0.59998 47.95272 0.29803 28.77054 0.31841 0.06125 0.30521 0.31512 1516.977
2.835 0.59990 47.88733 0.29759 28.72748 0.31865 0.06104 0.30559 0.31472 1516.546
2.840 0.59982 47.82208 0.29714 28.68455 0.31887 0.06083 0.30597 0.31432 1516.115
2.845 0.59974 47.75697 0.29670 28.64173 0.31910 0.06063 0.30635 0.31392 1515.684
2.850 0.59966 47.69199 0.29626 28.59904 0.31933 0.06042 0.30673 0.31351 1515.254
2.855 0.59958 47.62715 0.29581 28.55645 0.31956 0.06021 0.30712 0.31311 1514.824
2.860 0.59951 47.56245 0.29537 28.51399 0.31979 0.06000 0.30750 0.31271 1514.395
2.865 0.59943 47.49788 0.29494 28.47164 0.32002 0.05980 0.30788 0.31231 1513.967
2.870 0.59935 47.43344 0.29450 28.42941 0.32024 0.05959 0.30826 0.31190 1513.539
2.875 0.59928 47.36914 0.29406 28.38729 0.32047 0.05939 0.30864 0.31150 1513.111
2.880 0.59920 47.30498 0.29363 28.34529 0.32070 0.05918 0.30902 0.31110 1512.684
2.885 0.59913 47.24095 0.29319 28.30340 0.32092 0.05898 0.30940 0.31069 1512.257
2.890 0.59905 47.17705 0.29276 28.26162 0.32115 0.05878 0.30978 0.31029 1511.831
2.895 0.59898 47.11329 0.29233 28.21996 0.32137 0.05858 0.31016 0.30989 1511.406
2.900 0.59891 47.04966 0.29190 28.17842 0.32160 0.05837 0.31054 0.30949 1510.981
2.905 0.59884 46.98616 0.29147 28.13698 0.32182 0.05817 0.31092 0.30908 1510.556
2.910 0.59876 46.92280 0.29104 28.09566 0.32205 0.05797 0.31130 0.30868 1510.132
2.915 0.59869 46.85957 0.29061 28.05445 0.32227 0.05777 0.31168 0.30828 1509.708
2.920 0.59862 46.79647 0.29019 28.01336 0.32249 0.05757 0.31206 0.30787 1509.285
2.925 0.59855 46.73351 0.28976 27.97237 0.32271 0.05737 0.31244 0.30747 1508.863
2.930 0.59848 46.67067 0.28934 27.93150 0.32294 0.05717 0.31282 0.30707 1508.441
2.935 0.59841 46.60797 0.28892 27.89073 0.32316 0.05698 0.31320 0.30666 1508.019
2.940 0.59834 46.54540 0.28850 27.85008 0.32338 0.05678 0.31358 0.30626 1507.598
2.945 0.59827 46.48296 0.28808 27.80954 0.32360 0.05658 0.31396 0.30586 1507.177
2.950 0.59821 46.42065 0.28766 27.76910 0.32382 0.05639 0.31434 0.30545 1506.757
2.955 0.59814 46.35847 0.28724 27.72878 0.32404 0.05619 0.31472 0.30505 1506.337
2.960 0.59807 46.29642 0.28682 27.68856 0.32426 0.05600 0.31510 0.30465 1505.918
2.965 0.59800 46.23449 0.28641 27.64846 0.32448 0.05580 0.31548 0.30424 1505.500
2.970 0.59794 46.17270 0.28599 27.60846 0.32469 0.05561 0.31586 0.30384 1505.081
2.975 0.59787 46.11104 0.28558 27.56857 0.32491 0.05542 0.31624 0.30343 1504.664
2.980 0.59781 46.04951 0.28517 27.52878 0.32513 0.05522 0.31662 0.30303 1504.247
2.985 0.59774 45.98810 0.28476 27.48911 0.32535 0.05503 0.31699 0.30263 1503.830
2.990 0.59768 45.92682 0.28435 27.44954 0.32556 0.05484 0.31737 0.30222 1503.414
2.995 0.59762 45.86567 0.28394 27.41007 0.32578 0.05465 0.31775 0.30182 1502.998
3.000 0.59755 45.80465 0.28353 27.37071 0.32600 0.05446 0.31813 0.30142 1502.583
3.005 0.59749 45.74376 0.28313 27.33146 0.32621 0.05427 0.31851 0.30101 1502.168
3.010 0.59743 45.68299 0.28272 27.29231 0.32643 0.05408 0.31888 0.30061 1501.754
3.015 0.59737 45.62235 0.28232 27.25327 0.32664 0.05389 0.31926 0.30021 1501.340
3.020 0.59731 45.56183 0.28191 27.21433 0.32685 0.05370 0.31964 0.29980 1500.927
3.025 0.59724 45.50145 0.28151 27.17550 0.32707 0.05352 0.32002 0.29940 1500.514
3.030 0.59718 45.44118 0.28111 27.13677 0.32728 0.05333 0.32040 0.29900 1500.101
3.035 0.59712 45.38105 0.28071 27.09814 0.32749 0.05314 0.32077 0.29859 1499.690
3.040 0.59707 45.32103 0.28031 27.05962 0.32771 0.05296 0.32115 0.29819 1499.278
3.045 0.59701 45.26115 0.27991 27.02120 0.32792 0.05277 0.32153 0.29778 1498.867
3.050 0.59695 45.20138 0.27951 26.98288 0.32813 0.05259 0.32190 0.29738 1498.457
3.055 0.59689 45.14175 0.27912 26.94467 0.32834 0.05240 0.32228 0.29698 1498.047
3.060 0.59683 45.08223 0.27872 26.90655 0.32855 0.05222 0.32266 0.29657 1497.638
3.065 0.59678 45.02284 0.27833 26.86854 0.32876 0.05204 0.32303 0.29617 1497.229
3.070 0.59672 44.96358 0.27794 26.83063 0.32897 0.05185 0.32341 0.29577 1496.820
3.075 0.59666 44.90443 0.27755 26.79282 0.32918 0.05167 0.32379 0.29536 1496.412
3.080 0.59661 44.84541 0.27715 26.75511 0.32939 0.05149 0.32416 0.29496 1496.005
3.085 0.59655 44.78651 0.27677 26.71750 0.32959 0.05131 0.32454 0.29456 1495.598
3.090 0.59650 44.72774 0.27638 26.67998 0.32980 0.05113 0.32491 0.29415 1495.191
3.095 0.59644 44.66909 0.27599 26.64257 0.33001 0.05095 0.32529 0.29375 1494.785
3.100 0.59639 44.61055 0.27560 26.60526 0.33022 0.05077 0.32567 0.29335 1494.380
3.105 0.59634 44.55214 0.27522 26.56805 0.33042 0.05059 0.32604 0.29294 1493.975
3.110 0.59628 44.49386 0.27483 26.53093 0.33063 0.05041 0.32642 0.29254 1493.570
3.115 0.59623 44.43569 0.27445 26.49391 0.33083 0.05024 0.32679 0.29214 1493.166
3.120 0.59618 44.37764 0.27407 26.45699 0.33104 0.05006 0.32717 0.29174 1492.762
3.125 0.59613 44.31971 0.27369 26.42017 0.33124 0.04988 0.32754 0.29133 1492.359
3.130 0.59608 44.26191 0.27330 26.38344 0.33145 0.04971 0.32792 0.29093 1491.956
3.135 0.59602 44.20422 0.27293 26.34681 0.33165 0.04953 0.32829 0.29053 1491.554
3.140 0.59597 44.14665 0.27255 26.31028 0.33185 0.04936 0.32867 0.29012 1491.152
3.145 0.59592 44.08921 0.27217 26.27385 0.33206 0.04918 0.32904 0.28972 1490.751
3.150 0.59588 44.03188 0.27179 26.23750 0.33226 0.04901 0.32941 0.28932 1490.350
3.155 0.59583 43.97467 0.27142 26.20126 0.33246 0.04883 0.32979 0.28892 1489.950
3.160 0.59578 43.91758 0.27104 26.16511 0.33266 0.04866 0.33016 0.28851 1489.550
3.165 0.59573 43.86060 0.27067 26.12905 0.33286 0.04849 0.33054 0.28811 1489.150
3.170 0.59568 43.80375 0.27030 26.09309 0.33306 0.04832 0.33091 0.28771 1488.751
3.175 0.59563 43.74701 0.26993 26.05722 0.33326 0.04815 0.33128 0.28731 1488.353
3.180 0.59559 43.69039 0.26955 26.02145 0.33346 0.04798 0.33166 0.28690 1487.955
3.185 0.59554 43.63388 0.26919 25.98577 0.33366 0.04781 0.33203 0.28650 1487.557
3.190 0.59550 43.57750 0.26882 25.95019 0.33386 0.04764 0.33240 0.28610 1487.160
3.195 0.59545 43.52123 0.26845 25.91469 0.33406 0.04747 0.33278 0.28570 1486.764
3.200 0.59540 43.46507 0.26808 25.87929 0.33426 0.04730 0.33315 0.28530 1486.368
3.205 0.59536 43.40903 0.26772 25.84398 0.33446 0.04713 0.33352 0.28489 1485.972
3.210 0.59532 43.35311 0.26735 25.80877 0.33465 0.04696 0.33389 0.28449 1485.577
3.215 0.59527 43.29731 0.26699 25.77364 0.33485 0.04680 0.33427 0.28409 1485.182
3.220 0.59523 43.24161 0.26662 25.73861 0.33505 0.04663 0.33464 0.28369 1484.788
3.225 0.59518 43.18604 0.26626 25.70366 0.33524 0.04646 0.33501 0.28329 1484.394
3.230 0.59514 43.13058 0.26590 25.66881 0.33544 0.04630 0.33538 0.28289 1484.001
3.235 0.59510 43.07523 0.26554 25.63405 0.33563 0.04613 0.33575 0.28248 1483.608
3.240 0.59506 43.01999 0.26518 25.59938 0.33582 0.04597 0.33612 0.28208 1483.215
3.245 0.59502 42.96487 0.26482 25.56480 0.33602 0.04580 0.33650 0.28168 1482.823
3.250 0.59498 42.90987 0.26447 25.53031 0.33621 0.04564 0.33687 0.28128 1482.432
3.255 0.59493 42.85497 0.26411 25.49590 0.33640 0.04548 0.33724 0.28088 1482.041
3.260 0.59489 42.80019 0.26376 25.46159 0.33660 0.04532 0.33761 0.28048 1481.650
3.265 0.59485 42.74553 0.26340 25.42736 0.33679 0.04515 0.33798 0.28008 1481.260
3.270 0.59481 42.69097 0.26305 25.39323 0.33698 0.04499 0.33835 0.27968 1480.871
3.275 0.59478 42.63653 0.26269 25.35918 0.33717 0.04483 0.33872 0.27928 1480.481
3.280 0.59474 42.58220 0.26234 25.32522 0.33736 0.04467 0.33909 0.27888 1480.093
3.285 0.59470 42.52798 0.26199 25.29134 0.33755 0.04451 0.33946 0.27848 1479.704
3.290 0.59466 42.47387 0.26164 25.25756 0.33774 0.04435 0.33983 0.27808 1479.317
3.295 0.59462 42.41988 0.26129 25.22386 0.33793 0.04419 0.34020 0.27768 1478.929
3.300 0.59459 42.36599 0.26094 25.19025 0.33812 0.04403 0.34057 0.27728 1478.542
3.305 0.59455 42.31222 0.26060 25.15672 0.33831 0.04388 0.34094 0.27688 1478.156
3.310 0.59451 42.25855 0.26025 25.12328 0.33850 0.04372 0.34131 0.27648 1477.770
3.315 0.59448 42.20500 0.25991 25.08992 0.33868 0.04356 0.34168 0.27608 1477.384
3.320 0.59444 42.15155 0.25956 25.05666 0.33887 0.04341 0.34205 0.27568 1476.999
3.325 0.59441 42.09822 0.25922 25.02347 0.33906 0.04325 0.34242 0.27528 1476.615
3.330 0.59437 42.04499 0.25887 24.99037 0.33924 0.04309 0.34279 0.27488 1476.230
3.335 0.59434 41.99187 0.25853 24.95736 0.33943 0.04294 0.34315 0.27448 1475.847
3.340 0.59430 41.93887 0.25819 24.92443 0.33961 0.04278 0.34352 0.27408 1475.464
3.345 0.59427 41.88597 0.25785 24.89158 0.33980 0.04263 0.34389 0.27368 1475.081
3.350 0.59424 41.83318 0.25751 24.85882 0.33998 0.04248 0.34426 0.27328 1474.698
3.355 0.59420 41.78049 0.25717 24.82614 0.34017 0.04232 0.34463 0.27288 1474.316
3.360 0.59417 41.72792 0.25684 24.79355 0.34035 0.04217 0.34499 0.27249 1473.935
3.365 0.59414 41.67545 0.25650 24.76103 0.34053 0.04202 0.34536 0.27209 1473.554
3.370 0.59411 41.62309 0.25616 24.72860 0.34072 0.04187 0.34573 0.27169 1473.173
3.375 0.59408 41.57084 0.25583 24.69626 0.34090 0.04172 0.34610 0.27129 1472.793
3.380 0.59405 41.51869 0.25549 24.66399 0.34108 0.04157 0.34646 0.27089 1472.414
3.385 0.59401 41.46665 0.25516 24.63181 0.34126 0.04142 0.34683 0.27049 1472.034
3.390 0.59398 41.41472 0.25483 24.59971 0.34144 0.04127 0.34720 0.27010 1471.656
3.395 0.59395 41.36289 0.25450 24.56769 0.34162 0.04112 0.34756 0.26970 1471.277
3.400 0.59393 41.31117 0.25416 24.53575 0.34180 0.04097 0.34793 0.26930 1470.899
3.405 0.59390 41.25955 0.25383 24.50389 0.34198 0.04082 0.34830 0.26891 1470.522
3.410 0.59387 41.20804 0.25351 24.47211 0.34216 0.04067 0.34866 0.26851 1470.145
3.415 0.59384 41.15663 0.25318 24.44041 0.34234 0.04052 0.34903 0.26811 1469.768
3.420 0.59381 41.10533 0.25285 24.40880 0.34251 0.04038 0.34939 0.26772 1469.392
3.425 0.59378 41.05413 0.25252 24.37726 0.34269 0.04023 0.34976 0.26732 1469.017
3.430 0.59376 41.00304 0.25220 24.34580 0.34287 0.04009 0.35012 0.26692 1468.641
3.435 0.59373 40.95205 0.25187 24.31442 0.34305 0.03994 0.35049 0.26653 1468.267
3.440 0.59370 40.90117 0.25155 24.28312 0.34322 0.03979 0.35085 0.26613 1467.892
3.445 0.59368 40.85039 0.25122 24.25190 0.34340 0.03965 0.35122 0.26573 1467.518
3.450 0.59365 40.79971 0.25090 24.22076 0.34357 0.03951 0.35158 0.26534 1467.145
3.455 0.59362 40.74913 0.25058 24.18969 0.34375 0.03936 0.35195 0.26494 1466.772
3.460 0.59360 40.69866 0.25026 24.15871 0.34392 0.03922 0.35231 0.26455 1466.399
3.465 0.59357 40.64829 0.24994 24.12780 0.34409 0.03908 0.35268 0.26415 1466.027
3.470 0.59355 40.59802 0.24962 24.09697 0.34427 0.03893 0.35304 0.26376 1465.656
3.475 0.59353 40.54785 0.24930 24.06621 0.34444 0.03879 0.35340 0.26336 1465.284
3.480 0.59350 40.49779 0.24898 24.03554 0.34461 0.03865 0.35377 0.26297 1464.914
3.485 0.59348 40.44783 0.24867 24.00494 0.34479 0.03851 0.35413 0.26257 1464.543
3.490 0.59346 40.39797 0.24835 23.97441 0.34496 0.03837 0.35449 0.26218 1464.173
3.495 0.59343 40.34821 0.24803 23.94396 0.34513 0.03823 0.35486 0.26179 1463.804
3.500 0.59341 40.29855 0.24772 23.91359 0.34530 0.03809 0.35522 0.26139 1463.435
3.505 0.59339 40.24899 0.24741 23.88330 0.34547 0.03795 0.35558 0.26100 1463.066
3.510 0.59337 40.19953 0.24709 23.85307 0.34564 0.03781 0.35594 0.26060 1462.698
3.515 0.59335 40.15017 0.24678 23.82293 0.34581 0.03767 0.35631 0.26021 1462.330
3.520 0.59332 40.10091 0.24647 23.79286 0.34598 0.03754 0.35667 0.25982 1461.963
3.525 0.59330 40.05175 0.24616 23.76286 0.34615 0.03740 0.35703 0.25943 1461.596
3.530 0.59328 40.00269 0.24585 23.73294 0.34631 0.03726 0.35739 0.25903 1461.229
3.535 0.59326 39.95373 0.24554 23.70309 0.34648 0.03713 0.35775 0.25864 1460.863
3.540 0.59324 39.90487 0.24523 23.67332 0.34665 0.03699 0.35811 0.25825 1460.497
3.545 0.59322 39.85611 0.24492 23.64362 0.34681 0.03686 0.35848 0.25786 1460.132
3.550 0.59321 39.80744 0.24462 23.61400 0.34698 0.03672 0.35884 0.25746 1459.768
3.555 0.59319 39.75888 0.24431 23.58444 0.34715 0.03659 0.35920 0.25707 1459.403
3.560 0.59317 39.71041 0.24400 23.55496 0.34731 0.03645 0.35956 0.25668 1459.039
3.565 0.59315 39.66204 0.24370 23.52556 0.34748 0.03632 0.35992 0.25629 1458.676
3.570 0.59313 39.61376 0.24340 23.49622 0.34764 0.03618 0.36028 0.25590 1458.313
3.575 0.59312 39.56559 0.24309 23.46696 0.34780 0.03605 0.36064 0.25551 1457.950
3.580 0.59310 39.51751 0.24279 23.43777 0.34797 0.03592 0.36100 0.25512 1457.588
3.585 0.59308 39.46953 0.24249 23.40866 0.34813 0.03579 0.36136 0.25473 1457.226
3.590 0.59307 39.42164 0.24219 23.37961 0.34829 0.03566 0.36172 0.25434 1456.865
3.595 0.59305 39.37385 0.24189 23.35063 0.34845 0.03552 0.36208 0.25395 1456.504
3.600 0.59303 39.32616 0.24159 23.32173 0.34862 0.03539 0.36243 0.25356 1456.143
3.605 0.59302 39.27856 0.24129 23.29290 0.34878 0.03526 0.36279 0.25317 1455.783
3.610 0.59300 39.23106 0.24099 23.26414 0.34894 0.03513 0.36315 0.25278 1455.424
3.615 0.59299 39.18365 0.24069 23.23545 0.34910 0.03500 0.36351 0.25239 1455.064
3.620 0.59297 39.13634 0.24040 23.20683 0.34926 0.03488 0.36387 0.25200 1454.705
3.625 0.59296 39.08912 0.24010 23.17827 0.34942 0.03475 0.36423 0.25161 1454.347
3.630 0.59295 39.04200 0.23981 23.14979 0.34958 0.03462 0.36459 0.25122 1453.989
3.635 0.59293 38.99498 0.23951 23.12138 0.34973 0.03449 0.36494 0.25083 1453.632
3.640 0.59292 38.94804 0.23922 23.09304 0.34989 0.03436 0.36530 0.25044 1453.274
3.645 0.59291 38.90120 0.23893 23.06477 0.35005 0.03424 0.36566 0.25006 1452.918
3.650 0.59289 38.85446 0.23863 23.03656 0.35021 0.03411 0.36601 0.24967 1452.561
3.655 0.59288 38.80781 0.23834 23.00843 0.35036 0.03398 0.36637 0.24928 1452.205
3.660 0.59287 38.76125 0.23805 22.98036 0.35052 0.03386 0.36673 0.24889 1451.850
3.665 0.59286 38.71478 0.23776 22.95236 0.35068 0.03373 0.36708 0.24851 1451.495
3.670 0.59285 38.66841 0.23747 22.92443 0.35083 0.03361 0.36744 0.24812 1451.140
3.675 0.59284 38.62213 0.23718 22.89657 0.35099 0.03348 0.36780 0.24773 1450.786
3.680 0.59282 38.57594 0.23690 22.86877 0.35114 0.03336 0.36815 0.24735 1450.432
3.685 0.59281 38.52985 0.23661 22.84105 0.35129 0.03324 0.36851 0.24696 1450.079
3.690 0.59280 38.48385 0.23632 22.81339 0.35145 0.03311 0.36886 0.24658 1449.726
3.695 0.59279 38.43793 0.23604 22.78579 0.35160 0.03299 0.36922 0.24619 1449.373
3.700 0.59278 38.39211 0.23575 22.75827 0.35175 0.03287 0.36957 0.24581 1449.021
3.705 0.59278 38.34639 0.23547 22.73081 0.35190 0.03275 0.36993 0.24542 1448.669
3.710 0.59277 38.30075 0.23518 22.70341 0.35206 0.03262 0.37028 0.24504 1448.318
3.715 0.59276 38.25520 0.23490 22.67608 0.35221 0.03250 0.37064 0.24465 1447.967
3.720 0.59275 38.20975 0.23462 22.64882 0.35236 0.03238 0.37099 0.24427 1447.617
3.725 0.59274 38.16438 0.23434 22.62163 0.35251 0.03226 0.37135 0.24388 1447.266
3.730 0.59273 38.11911 0.23406 22.59450 0.35266 0.03214 0.37170 0.24350 1446.917
3.735 0.59273 38.07392 0.23377 22.56743 0.35281 0.03202 0.37205 0.24311 1446.567
3.740 0.59272 38.02883 0.23350 22.54043 0.35296 0.03190 0.37241 0.24273 1446.219
3.745 0.59271 37.98382 0.23322 22.51350 0.35311 0.03178 0.37276 0.24235 1445.870
3.750 0.59271 37.93890 0.23294 22.48662 0.35325 0.03167 0.37311 0.24197 1445.522
3.755 0.59270 37.89408 0.23266 22.45982 0.35340 0.03155 0.37347 0.24158 1445.174
3.760 0.59269 37.84934 0.23238 22.43308 0.35355 0.03143 0.37382 0.24120 1444.827
3.765 0.59269 37.80469 0.23211 22.40640 0.35370 0.03131 0.37417 0.24082 1444.480
3.770 0.59268 37.76013 0.23183 22.37978 0.35384 0.03120 0.37452 0.24044 1444.134
3.775 0.59268 37.71566 0.23156 22.35323 0.35399 0.03108 0.37488 0.24006 1443.788
3.780 0.59267 37.67127 0.23128 22.32675 0.35413 0.03096 0.37523 0.23967 1443.442
3.785 0.59267 37.62698 0.23101 22.30032 0.35428 0.03085 0.37558 0.23929 1443.097
3.790 0.59266 37.58277 0.23073 22.27396 0.35442 0.03073 0.37593 0.23891 1442.752
3.795 0.59266 37.53865 0.23046 22.24766 0.35457 0.03062 0.37628 0.23853 1442.408
3.800 0.59266 37.49461 0.23019 22.22143 0.35471 0.03050 0.37663 0.23815 1442.064
3.805 0.59265 37.45066 0.22992 22.19526 0.35485 0.03039 0.37698 0.23777 1441.720
3.810 0.59265 37.40680 0.22965 22.16915 0.35500 0.03028 0.37734 0.23739 1441.377
3.815 0.59265 37.36303 0.22938 22.14310 0.35514 0.03016 0.37769 0.23701 1441.034
3.820 0.59264 37.31934 0.22911 22.11711 0.35528 0.03005 0.37804 0.23663 1440.691
3.825 0.59264 37.27574 0.22884 22.09119 0.35542 0.02994 0.37839 0.23626 1440.349
3.830 0.59264 37.23223 0.22857 22.06532 0.35556 0.02983 0.37874 0.23588 1440.008
3.835 0.59264 37.18880 0.22831 22.03952 0.35570 0.02971 0.37909 0.23550 1439.666
3.840 0.59264 37.14545 0.22804 22.01378 0.35584 0.02960 0.37943 0.23512 1439.326
3.845 0.59264 37.10220 0.22777 21.98810 0.35598 0.02949 0.37978 0.23474 1438.985
3.850 0.59264 37.05902 0.22751 21.96248 0.35612 0.02938 0.38013 0.23437 1438.645
3.855 0.59263 37.01593 0.22724 21.93692 0.35626 0.02927 0.38048 0.23399 1438.305
3.860 0.59263 36.97293 0.22698 21.91142 0.35640 0.02916 0.38083 0.23361 1437.966
3.865 0.59263 36.93001 0.22672 21.88598 0.35654 0.02905 0.38118 0.23323 1437.627
3.870 0.59263 36.88718 0.22645 21.86060 0.35667 0.02894 0.38153 0.23286 1437.289
3.875 0.59263 36.84443 0.22619 21.83528 0.35681 0.02883 0.38187 0.23248 1436.951
3.880 0.59264 36.80176 0.22593 21.81002 0.35695 0.02872 0.38222 0.23211 1436.613
3.885 0.59264 36.75918 0.22567 21.78482 0.35708 0.02862 0.38257 0.23173 1436.276
3.890 0.59264 36.71668 0.22541 21.75968 0.35722 0.02851 0.38292 0.23136 1435.939
3.895 0.59264 36.67426 0.22515 21.73460 0.35735 0.02840 0.38326 0.23098 1435.602
3.900 0.59264 36.63193 0.22489 21.70958 0.35749 0.02829 0.38361 0.23061 1435.266
3.905 0.59264 36.58968 0.22463 21.68461 0.35762 0.02819 0.38396 0.23023 1434.930
3.910 0.59265 36.54751 0.22437 21.65971 0.35776 0.02808 0.38430 0.22986 1434.595
3.915 0.59265 36.50543 0.22411 21.63486 0.35789 0.02798 0.38465 0.22948 1434.260
3.920 0.59265 36.46343 0.22386 21.61007 0.35802 0.02787 0.38500 0.22911 1433.925
3.925 0.59265 36.42151 0.22360 21.58534 0.35816 0.02777 0.38534 0.22874 1433.591
3.930 0.59266 36.37967 0.22335 21.56066 0.35829 0.02766 0.38569 0.22837 1433.257
3.935 0.59266 36.33791 0.22309 21.53605 0.35842 0.02756 0.38603 0.22799 1432.924
3.940 0.59266 36.29624 0.22284 21.51149 0.35855 0.02745 0.38638 0.22762 1432.591
3.945 0.59267 36.25464 0.22258 21.48699 0.35868 0.02735 0.38672 0.22725 1432.258
3.950 0.59267 36.21313 0.22233 21.46254 0.35881 0.02724 0.38707 0.22688 1431.926
3.955 0.59268 36.17170 0.22208 21.43815 0.35894 0.02714 0.38741 0.22651 1431.594
3.960 0.59268 36.13035 0.22182 21.41382 0.35907 0.02704 0.38776 0.22613 1431.263
3.965 0.59269 36.08908 0.22157 21.38955 0.35920 0.02694 0.38810 0.22576 1430.932
3.970 0.59269 36.04789 0.22132 21.36533 0.35933 0.02683 0.38844 0.22539 1430.601
3.975 0.59270 36.00678 0.22107 21.34116 0.35946 0.02673 0.38879 0.22502 1430.270
3.980 0.59270 35.96575 0.22082 21.31706 0.35958 0.02663 0.38913 0.22465 1429.940
3.985 0.59271 35.92480 0.22057 21.29301 0.35971 0.02653 0.38947 0.22428 1429.611
3.990 0.59272 35.88393 0.22032 21.26901 0.35984 0.02643 0.38982 0.22391 1429.282
3.995 0.59272 35.84314 0.22008 21.24507 0.35997 0.02633 0.39016 0.22355 1428.953
4.000 0.59273 35.80243 0.21983 21.22119 0.36009 0.02623 0.39050 0.22318 1428.624
4.005 0.59274 35.76180 0.21958 21.19736 0.36022 0.02613 0.39084 0.22281 1428.296
4.010 0.59274 35.72124 0.21934 21.17358 0.36034 0.02603 0.39119 0.22244 1427.969
4.015 0.59275 35.68077 0.21909 21.14986 0.36047 0.02593 0.39153 0.22207 1427.641
4.020 0.59276 35.64037 0.21885 21.12620 0.36059 0.02583 0.39187 0.22171 1427.314
4.025 0.59277 35.60005 0.21860 21.10258 0.36071 0.02574 0.39221 0.22134 1426.988
4.030 0.59278 35.55981 0.21836 21.07903 0.36084 0.02564 0.39255 0.22097 1426.662
4.035 0.59279 35.51965 0.21811 21.05552 0.36096 0.02554 0.39289 0.22061 1426.336
4.040 0.59279 35.47957 0.21787 21.03207 0.36108 0.02544 0.39323 0.22024 1426.010
4.045 0.59280 35.43956 0.21763 21.00868 0.36121 0.02535 0.39357 0.21987 1425.685
4.050 0.59281 35.39963 0.21739 20.98534 0.36133 0.02525 0.39391 0.21951 1425.361
4.055 0.59282 35.35978 0.21714 20.96205 0.36145 0.02515 0.39425 0.21914 1425.036
4.060 0.59283 35.32000 0.21690 20.93881 0.36157 0.02506 0.39459 0.21878 1424.712
4.065 0.59284 35.28030 0.21666 20.91563 0.36169 0.02496 0.39493 0.21841 1424.389
4.070 0.59285 35.24068 0.21642 20.89250 0.36181 0.02487 0.39527 0.21805 1424.066
4.075 0.59286 35.20114 0.21619 20.86943 0.36193 0.02477 0.39561 0.21769 1423.743
4.080 0.59287 35.16167 0.21595 20.84640 0.36205 0.02468 0.39595 0.21732 1423.420
4.085 0.59288 35.12227 0.21571 20.82343 0.36217 0.02458 0.39629 0.21696 1423.098
4.090 0.59290 35.08296 0.21547 20.80051 0.36228 0.02449 0.39663 0.21660 1422.776
4.095 0.59291 35.04371 0.21523 20.77764 0.36240 0.02440 0.39697 0.21623 1422.455
4.100 0.59292 35.00455 0.21500 20.75483 0.36252 0.02430 0.39730 0.21587 1422.134
4.105 0.59293 34.96546 0.21476 20.73207 0.36264 0.02421 0.39764 0.21551 1421.813
4.110 0.59294 34.92644 0.21453 20.70935 0.36275 0.02412 0.39798 0.21515 1421.493
4.115 0.59295 34.88750 0.21429 20.68669 0.36287 0.02403 0.39832 0.21479 1421.173
4.120 0.59297 34.84863 0.21406 20.66408 0.36298 0.02393 0.39865 0.21443 1420.854
4.125 0.59298 34.80984 0.21382 20.64153 0.36310 0.02384 0.39899 0.21407 1420.535
4.130 0.59299 34.77113 0.21359 20.61902 0.36321 0.02375 0.39933 0.21371 1420.216
4.135 0.59301 34.73248 0.21336 20.59656 0.36333 0.02366 0.39966 0.21335 1419.897
4.140 0.59302 34.69391 0.21313 20.57416 0.36344 0.02357 0.40000 0.21299 1419.579
4.145 0.59303 34.65542 0.21290 20.55180 0.36356 0.02348 0.40034 0.21263 1419.262
4.150 0.59305 34.61700 0.21266 20.52950 0.36367 0.02339 0.40067 0.21227 1418.944
4.155 0.59306 34.57865 0.21243 20.50724 0.36378 0.02330 0.40101 0.21191 1418.627
4.160 0.59308 34.54038 0.21220 20.48504 0.36389 0.02321 0.40134 0.21155 1418.311
4.165 0.59309 34.50218 0.21197 20.46288 0.36401 0.02312 0.40168 0.21119 1417.995
4.170 0.59310 34.46405 0.21174 20.44078 0.36412 0.02303 0.40201 0.21084 1417.679
4.175 0.59312 34.42599 0.21152 20.41872 0.36423 0.02294 0.40235 0.21048 1417.363
4.180 0.59313 34.38801 0.21129 20.39672 0.36434 0.02286 0.40268 0.21012 1417.048
4.185 0.59315 34.35010 0.21106 20.37476 0.36445 0.02277 0.40302 0.20977 1416.733
4.190 0.59317 34.31226 0.21083 20.35285 0.36456 0.02268 0.40335 0.20941 1416.419
4.195 0.59318 34.27450 0.21061 20.33099 0.36467 0.02259 0.40368 0.20905 1416.105
4.200 0.59320 34.23680 0.21038 20.30918 0.36478 0.02251 0.40402 0.20870 1415.791
4.205 0.59321 34.19918 0.21016 20.28742 0.36488 0.02242 0.40435 0.20834 1415.478
4.210 0.59323 34.16163 0.20993 20.26571 0.36499 0.02233 0.40468 0.20799 1415.165
4.215 0.59325 34.12415 0.20971 20.24405 0.36510 0.02225 0.40502 0.20763 1414.852
4.220 0.59326 34.08674 0.20948 20.22243 0.36521 0.02216 0.40535 0.20728 1414.540
4.225 0.59328 34.04941 0.20926 20.20086 0.36531 0.02208 0.40568 0.20693 1414.228
4.230 0.59330 34.01214 0.20904 20.17934 0.36542 0.02199 0.40601 0.20657 1413.916
4.235 0.59332 33.97495 0.20881 20.15787 0.36553 0.02191 0.40635 0.20622 1413.605
4.240 0.59333 33.93782 0.20859 20.13645 0.36563 0.02182 0.40668 0.20587 1413.294
4.245 0.59335 33.90077 0.20837 20.11507 0.36574 0.02174 0.40701 0.20552 1412.983
4.250 0.59337 33.86378 0.20815 20.09374 0.36584 0.02166 0.40734 0.20516 1412.673
4.255 0.59339 33.82687 0.20793 20.07246 0.36595 0.02157 0.40767 0.20481 1412.363
4.260 0.59341 33.79003 0.20771 20.05122 0.36605 0.02149 0.40800 0.20446 1412.054
4.265 0.59343 33.75325 0.20749 20.03003 0.36615 0.02141 0.40833 0.20411 1411.745
4.270 0.59344 33.71655 0.20727 20.00889 0.36626 0.02132 0.40866 0.20376 1411.436
4.275 0.59346 33.67992 0.20705 19.98780 0.36636 0.02124 0.40899 0.20341 1411.128
4.280 0.59348 33.64335 0.20683 19.96675 0.36646 0.02116 0.40932 0.20306 1410.819
4.285 0.59350 33.60685 0.20662 19.94575 0.36656 0.02108 0.40965 0.20271 1410.512
4.290 0.59352 33.57043 0.20640 19.92479 0.36666 0.02100 0.40998 0.20236 1410.204
4.295 0.59354 33.53407 0.20618 19.90388 0.36676 0.02091 0.41031 0.20201 1409.897
4.300 0.59356 33.49778 0.20597 19.88302 0.36686 0.02083 0.41064 0.20166 1409.591
4.305 0.59358 33.46156 0.20575 19.86220 0.36696 0.02075 0.41097 0.20132 1409.284
4.310 0.59360 33.42540 0.20554 19.84143 0.36706 0.02067 0.41130 0.20097 1408.978
4.315 0.59362 33.38932 0.20532 19.82070 0.36716 0.02059 0.41162 0.20062 1408.673
4.320 0.59364 33.35330 0.20511 19.80002 0.36726 0.02051 0.41195 0.20027 1408.367
4.325 0.59367 33.31735 0.20489 19.77938 0.36736 0.02043 0.41228 0.19993 1408.062
4.330 0.59369 33.28147 0.20468 19.75879 0.36746 0.02035 0.41261 0.19958 1407.758
4.335 0.59371 33.24565 0.20447 19.73825 0.36756 0.02027 0.41293 0.19923 1407.454
4.340 0.59373 33.20991 0.20426 19.71774 0.36765 0.02020 0.41326 0.19889 1407.150
4.345 0.59375 33.17423 0.20404 19.69729 0.36775 0.02012 0.41359 0.19854 1406.846
4.350 0.59377 33.13861 0.20383 19.67688 0.36785 0.02004 0.41392 0.19820 1406.543
4.355 0.59380 33.10307 0.20362 19.65651 0.36794 0.01996 0.41424 0.19785 1406.240
4.360 0.59382 33.06759 0.20341 19.63619 0.36804 0.01988 0.41457 0.19751 1405.937
4.365 0.59384 33.03217 0.20320 19.61591 0.36813 0.01981 0.41489 0.19717 1405.635
4.370 0.59387 32.99683 0.20299 19.59567 0.36823 0.01973 0.41522 0.19682 1405.333
4.375 0.59389 32.96155 0.20278 19.57548 0.36832 0.01965 0.41554 0.19648 1405.032
4.380 0.59391 32.92633 0.20257 19.55533 0.36841 0.01958 0.41587 0.19614 1404.731
4.385 0.59394 32.89118 0.20236 19.53523 0.36851 0.01950 0.41619 0.19580 1404.430
4.390 0.59396 32.85610 0.20216 19.51517 0.36860 0.01943 0.41652 0.19545 1404.129
4.395 0.59398 32.82108 0.20195 19.49515 0.36869 0.01935 0.41684 0.19511 1403.829
4.400 0.59401 32.78613 0.20174 19.47518 0.36879 0.01927 0.41717 0.19477 1403.529
4.405 0.59403 32.75125 0.20154 19.45525 0.36888 0.01920 0.41749 0.19443 1403.230
4.410 0.59406 32.71642 0.20133 19.43536 0.36897 0.01912 0.41782 0.19409 1402.931
4.415 0.59408 32.68167 0.20112 19.41552 0.36906 0.01905 0.41814 0.19375 1402.632
4.420 0.59410 32.64698 0.20092 19.39572 0.36915 0.01898 0.41846 0.19341 1402.333
4.425 0.59413 32.61235 0.20071 19.37596 0.36924 0.01890 0.41879 0.19307 1402.035
4.430 0.59415 32.57779 0.20051 19.35624 0.36933 0.01883 0.41911 0.19273 1401.737
4.435 0.59418 32.54329 0.20031 19.33657 0.36942 0.01875 0.41943 0.19239 1401.440
4.440 0.59421 32.50885 0.20010 19.31693 0.36951 0.01868 0.41975 0.19206 1401.143
4.445 0.59423 32.47448 0.19990 19.29734 0.36960 0.01861 0.42008 0.19172 1400.846
4.450 0.59426 32.44018 0.19970 19.27780 0.36969 0.01854 0.42040 0.19138 1400.549
4.455 0.59428 32.40593 0.19950 19.25829 0.36977 0.01846 0.42072 0.19104 1400.253
4.460 0.59431 32.37175 0.19929 19.23883 0.36986 0.01839 0.42104 0.19071 1399.957
4.465 0.59434 32.33764 0.19909 19.21940 0.36995 0.01832 0.42136 0.19037 1399.662
4.470 0.59436 32.30359 0.19889 19.20002 0.37003 0.01825 0.42168 0.19003 1399.367
4.475 0.59439 32.26960 0.19869 19.18068 0.37012 0.01818 0.42200 0.18970 1399.072
4.480 0.59442 32.23567 0.19849 19.16138 0.37021 0.01811 0.42232 0.18936 1398.777
4.485 0.59444 32.20181 0.19829 19.14213 0.37029 0.01803 0.42264 0.18903 1398.483
4.490 0.59447 32.16801 0.19809 19.12291 0.37038 0.01796 0.42296 0.18869 1398.189
4.495 0.59450 32.13427 0.19789 19.10373 0.37046 0.01789 0.42328 0.18836 1397.896
4.500 0.59452 32.10059 0.19770 19.08460 0.37055 0.01782 0.42360 0.18803 1397.603
4.505 0.59455 32.06698 0.19750 19.06550 0.37063 0.01775 0.42392 0.18769 1397.310
4.510 0.59458 32.03343 0.19730 19.04645 0.37071 0.01768 0.42424 0.18736 1397.017
4.515 0.59461 31.99994 0.19710 19.02744 0.37080 0.01762 0.42456 0.18703 1396.725
4.520 0.59464 31.96651 0.19691 19.00846 0.37088 0.01755 0.42488 0.18670 1396.433
4.525 0.59467 31.93314 0.19671 18.98953 0.37096 0.01748 0.42520 0.18636 1396.141
4.530 0.59469 31.89984 0.19652 18.97064 0.37104 0.01741 0.42552 0.18603 1395.850
4.535 0.59472 31.86660 0.19632 18.95179 0.37112 0.01734 0.42583 0.18570 1395.559
4.540 0.59475 31.83341 0.19613 18.93297 0.37120 0.01727 0.42615 0.18537 1395.269
4.545 0.59478 31.80029 0.19593 18.91420 0.37128 0.01720 0.42647 0.18504 1394.978
4.550 0.59481 31.76723 0.19574 18.89546 0.37136 0.01714 0.42679 0.18471 1394.688
4.555 0.59484 31.73423 0.19554 18.87677 0.37144 0.01707 0.42710 0.18438 1394.399
4.560 0.59487 31.70129 0.19535 18.85811 0.37152 0.01700 0.42742 0.18405 1394.110
4.565 0.59490 31.66841 0.19516 18.83950 0.37160 0.01694 0.42774 0.18372 1393.821
4.570 0.59493 31.63560 0.19496 18.82092 0.37168 0.01687 0.42805 0.18340 1393.532
4.575 0.59496 31.60284 0.19477 18.80238 0.37176 0.01680 0.42837 0.18307 1393.244
4.580 0.59499 31.57014 0.19458 18.78388 0.37184 0.01674 0.42868 0.18274 1392.956
4.585 0.59502 31.53750 0.19439 18.76542 0.37192 0.01667 0.42900 0.18241 1392.668
4.590 0.59505 31.50492 0.19420 18.74700 0.37199 0.01661 0.42932 0.18209 1392.380
4.595 0.59508 31.47241 0.19401 18.72862 0.37207 0.01654 0.42963 0.18176 1392.093
4.600 0.59511 31.43995 0.19382 18.71027 0.37215 0.01648 0.42995 0.18143 1391.807
4.605 0.59514 31.40755 0.19363 18.69197 0.37222 0.01641 0.43026 0.18111 1391.520
