timeGa Urey Qt heat/H0 heatTW 1HPE 2HPE 3HPE 4HPE TempC
0.005 0.16006 36.00000 1.00038 5.76218 0.37215 0.01647 0.42994 0.18143 1350.681
0.010 0.15981 36.09239 1.00136 5.76783 0.37207 0.01654 0.42963 0.18176 1351.364
0.015 0.15955 36.18522 1.00234 5.77349 0.37199 0.01661 0.42931 0.18209 1352.049
0.020 0.15930 36.27848 1.00333 5.77917 0.37192 0.01667 0.42900 0.18241 1352.736
0.025 0.15905 36.37218 1.00431 5.78485 0.37184 0.01674 0.42868 0.18274 1353.425
0.030 0.15879 36.46632 1.00530 5.79055 0.37176 0.01680 0.42837 0.18307 1354.116
0.035 0.15854 36.56091 1.00629 5.79626 0.37168 0.01687 0.42805 0.18340 1354.809
0.040 0.15828 36.65594 1.00729 5.80198 0.37161 0.01694 0.42773 0.18372 1355.504
0.045 0.15803 36.75143 1.00828 5.80771 0.37153 0.01700 0.42742 0.18405 1356.201
0.050 0.15777 36.84737 1.00928 5.81346 0.37145 0.01707 0.42710 0.18438 1356.900
0.055 0.15752 36.94376 1.01028 5.81921 0.37137 0.01714 0.42678 0.18471 1357.601
0.060 0.15726 37.04062 1.01128 5.82498 0.37129 0.01720 0.42647 0.18504 1358.305
0.065 0.15700 37.13793 1.01229 5.83077 0.37121 0.01727 0.42615 0.18537 1359.010
0.070 0.15675 37.23572 1.01329 5.83656 0.37113 0.01734 0.42583 0.18570 1359.717
0.075 0.15649 37.33397 1.01430 5.84237 0.37104 0.01741 0.42551 0.18603 1360.426
0.080 0.15623 37.43270 1.01531 5.84818 0.37096 0.01748 0.42520 0.18636 1361.138
0.085 0.15597 37.53190 1.01632 5.85402 0.37088 0.01755 0.42488 0.18670 1361.852
0.090 0.15572 37.63158 1.01734 5.85986 0.37080 0.01761 0.42456 0.18703 1362.567
0.095 0.15546 37.73174 1.01835 5.86571 0.37071 0.01768 0.42424 0.18736 1363.285
0.100 0.15520 37.83239 1.01937 5.87158 0.37063 0.01775 0.42392 0.18769 1364.005
0.105 0.15494 37.93353 1.02039 5.87746 0.37055 0.01782 0.42360 0.18803 1364.727
0.110 0.15468 38.03516 1.02142 5.88336 0.37046 0.01789 0.42328 0.18836 1365.451
0.115 0.15442 38.13728 1.02244 5.88926 0.37038 0.01796 0.42296 0.18869 1366.178
0.120 0.15416 38.23991 1.02347 5.89518 0.37029 0.01803 0.42264 0.18903 1366.906
0.125 0.15390 38.34304 1.02450 5.90111 0.37021 0.01811 0.42232 0.18936 1367.637
0.130 0.15364 38.44667 1.02553 5.90705 0.37012 0.01818 0.42200 0.18970 1368.370
0.135 0.15338 38.55081 1.02656 5.91301 0.37004 0.01825 0.42168 0.19003 1369.105
0.140 0.15312 38.65547 1.02760 5.91898 0.36995 0.01832 0.42136 0.19037 1369.843
0.145 0.15286 38.76064 1.02864 5.92496 0.36986 0.01839 0.42104 0.19071 1370.582
0.150 0.15260 38.86634 1.02968 5.93095 0.36978 0.01846 0.42072 0.19104 1371.324
0.155 0.15234 38.97256 1.03072 5.93696 0.36969 0.01854 0.42040 0.19138 1372.068
0.160 0.15207 39.07930 1.03177 5.94298 0.36960 0.01861 0.42007 0.19172 1372.815
0.165 0.15181 39.18658 1.03281 5.94901 0.36951 0.01868 0.41975 0.19206 1373.563
0.170 0.15155 39.29439 1.03386 5.95506 0.36942 0.01875 0.41943 0.19239 1374.314
0.175 0.15129 39.40275 1.03492 5.96112 0.36933 0.01883 0.41911 0.19273 1375.068
0.180 0.15102 39.51164 1.03597 5.96719 0.36924 0.01890 0.41878 0.19307 1375.823
0.185 0.15076 39.62108 1.03703 5.97328 0.36915 0.01898 0.41846 0.19341 1376.581
0.190 0.15050 39.73108 1.03809 5.97937 0.36906 0.01905 0.41814 0.19375 1377.342
0.195 0.15023 39.84163 1.03915 5.98549 0.36897 0.01912 0.41781 0.19409 1378.104
0.200 0.14997 39.95273 1.04021 5.99161 0.36888 0.01920 0.41749 0.19443 1378.869
0.205 0.14970 40.06440 1.04128 5.99775 0.36879 0.01927 0.41717 0.19477 1379.637
0.210 0.14944 40.17664 1.04234 6.00390 0.36870 0.01935 0.41684 0.19511 1380.406
0.215 0.14917 40.28945 1.04341 6.01006 0.36860 0.01942 0.41652 0.19545 1381.179
0.220 0.14891 40.40283 1.04449 6.01624 0.36851 0.01950 0.41619 0.19580 1381.953
0.225 0.14864 40.51679 1.04556 6.02243 0.36842 0.01958 0.41587 0.19614 1382.730
0.230 0.14837 40.63134 1.04664 6.02864 0.36832 0.01965 0.41554 0.19648 1383.510
0.235 0.14811 40.74647 1.04772 6.03486 0.36823 0.01973 0.41522 0.19682 1384.291
0.240 0.14784 40.86219 1.04880 6.04109 0.36813 0.01981 0.41489 0.19717 1385.076
0.245 0.14757 40.97852 1.04988 6.04733 0.36804 0.01988 0.41457 0.19751 1385.863
0.250 0.14731 41.09544 1.05097 6.05359 0.36794 0.01996 0.41424 0.19785 1386.652
0.255 0.14704 41.21296 1.05206 6.05986 0.36785 0.02004 0.41391 0.19820 1387.444
0.260 0.14677 41.33110 1.05315 6.06615 0.36775 0.02012 0.41359 0.19854 1388.238
0.265 0.14650 41.44985 1.05424 6.07245 0.36765 0.02020 0.41326 0.19889 1389.035
0.270 0.14623 41.56922 1.05534 6.07876 0.36756 0.02027 0.41293 0.19923 1389.835
0.275 0.14596 41.68921 1.05644 6.08509 0.36746 0.02035 0.41261 0.19958 1390.637
0.280 0.14569 41.80983 1.05754 6.09143 0.36736 0.02043 0.41228 0.19993 1391.441
0.285 0.14542 41.93109 1.05864 6.09779 0.36726 0.02051 0.41195 0.20027 1392.248
0.290 0.14515 42.05298 1.05975 6.10416 0.36716 0.02059 0.41162 0.20062 1393.058
0.295 0.14488 42.17551 1.06086 6.11054 0.36707 0.02067 0.41129 0.20097 1393.871
0.300 0.14461 42.29869 1.06197 6.11694 0.36697 0.02075 0.41097 0.20132 1394.686
0.305 0.14434 42.42252 1.06308 6.12335 0.36687 0.02083 0.41064 0.20166 1395.503
0.310 0.14407 42.54700 1.06420 6.12978 0.36677 0.02091 0.41031 0.20201 1396.324
0.315 0.14380 42.67215 1.06532 6.13621 0.36666 0.02100 0.40998 0.20236 1397.147
0.320 0.14353 42.79797 1.06644 6.14267 0.36656 0.02108 0.40965 0.20271 1397.972
0.325 0.14325 42.92445 1.06756 6.14914 0.36646 0.02116 0.40932 0.20306 1398.801
0.330 0.14298 43.05162 1.06868 6.15562 0.36636 0.02124 0.40899 0.20341 1399.632
0.335 0.14271 43.17946 1.06981 6.16212 0.36626 0.02132 0.40866 0.20376 1400.466
0.340 0.14244 43.30799 1.07094 6.16863 0.36615 0.02141 0.40833 0.20411 1401.302
0.345 0.14216 43.43722 1.07207 6.17515 0.36605 0.02149 0.40800 0.20446 1402.141
0.350 0.14189 43.56714 1.07321 6.18169 0.36595 0.02157 0.40767 0.20481 1402.984
0.355 0.14161 43.69776 1.07435 6.18825 0.36584 0.02166 0.40734 0.20516 1403.829
0.360 0.14134 43.82909 1.07549 6.19481 0.36574 0.02174 0.40701 0.20552 1404.676
0.365 0.14107 43.96114 1.07663 6.20140 0.36563 0.02182 0.40668 0.20587 1405.527
0.370 0.14079 44.09390 1.07778 6.20800 0.36553 0.02191 0.40634 0.20622 1406.380
0.375 0.14051 44.22739 1.07893 6.21461 0.36542 0.02199 0.40601 0.20657 1407.237
0.380 0.14024 44.36161 1.08008 6.22124 0.36532 0.02208 0.40568 0.20693 1408.096
0.385 0.13996 44.49657 1.08123 6.22788 0.36521 0.02216 0.40535 0.20728 1408.958
0.390 0.13969 44.63227 1.08238 6.23454 0.36510 0.02225 0.40501 0.20763 1409.823
0.395 0.13941 44.76871 1.08354 6.24121 0.36499 0.02233 0.40468 0.20799 1410.690
0.400 0.13913 44.90591 1.08470 6.24789 0.36489 0.02242 0.40435 0.20834 1411.561
0.405 0.13886 45.04387 1.08587 6.25460 0.36478 0.02251 0.40402 0.20870 1412.435
0.410 0.13858 45.18259 1.08703 6.26131 0.36467 0.02259 0.40368 0.20905 1413.312
0.415 0.13830 45.32209 1.08820 6.26804 0.36456 0.02268 0.40335 0.20941 1414.192
0.420 0.13802 45.46236 1.08937 6.27479 0.36445 0.02277 0.40301 0.20977 1415.074
0.425 0.13774 45.60341 1.09055 6.28155 0.36434 0.02286 0.40268 0.21012 1415.960
0.430 0.13746 45.74526 1.09172 6.28833 0.36423 0.02294 0.40235 0.21048 1416.849
0.435 0.13718 45.88790 1.09290 6.29512 0.36412 0.02303 0.40201 0.21084 1417.741
0.440 0.13691 46.03134 1.09409 6.30193 0.36401 0.02312 0.40168 0.21119 1418.636
0.445 0.13663 46.17560 1.09527 6.30875 0.36390 0.02321 0.40134 0.21155 1419.534
0.450 0.13635 46.32066 1.09646 6.31559 0.36378 0.02330 0.40101 0.21191 1420.435
0.455 0.13606 46.46655 1.09765 6.32245 0.36367 0.02339 0.40067 0.21227 1421.339
0.460 0.13578 46.61327 1.09884 6.32931 0.36356 0.02348 0.40033 0.21263 1422.246
0.465 0.13550 46.76082 1.10003 6.33620 0.36344 0.02357 0.40000 0.21299 1423.157
0.470 0.13522 46.90922 1.10123 6.34310 0.36333 0.02366 0.39966 0.21335 1424.071
0.475 0.13494 47.05846 1.10243 6.35002 0.36322 0.02375 0.39933 0.21371 1424.988
0.480 0.13466 47.20856 1.10364 6.35695 0.36310 0.02384 0.39899 0.21407 1425.908
0.485 0.13437 47.35952 1.10484 6.36389 0.36299 0.02393 0.39865 0.21443 1426.831
0.490 0.13409 47.51135 1.10605 6.37086 0.36287 0.02403 0.39832 0.21479 1427.758
0.495 0.13381 47.66406 1.10726 6.37784 0.36275 0.02412 0.39798 0.21515 1428.688
0.500 0.13352 47.81765 1.10848 6.38483 0.36264 0.02421 0.39764 0.21551 1429.621
0.505 0.13324 47.97213 1.10969 6.39184 0.36252 0.02430 0.39730 0.21587 1430.558
0.510 0.13296 48.12751 1.11091 6.39887 0.36240 0.02440 0.39696 0.21623 1431.498
0.515 0.13267 48.28380 1.11214 6.40591 0.36229 0.02449 0.39663 0.21660 1432.441
0.520 0.13239 48.44100 1.11336 6.41297 0.36217 0.02458 0.39629 0.21696 1433.388
0.525 0.13210 48.59912 1.11459 6.42004 0.36205 0.02468 0.39595 0.21732 1434.338
0.530 0.13182 48.75816 1.11582 6.42713 0.36193 0.02477 0.39561 0.21769 1435.292
0.535 0.13153 48.91815 1.11706 6.43424 0.36181 0.02487 0.39527 0.21805 1436.249
0.540 0.13124 49.07908 1.11829 6.44136 0.36169 0.02496 0.39493 0.21841 1437.209
0.545 0.13096 49.24096 1.11953 6.44850 0.36157 0.02506 0.39459 0.21878 1438.173
0.550 0.13067 49.40380 1.12077 6.45566 0.36145 0.02515 0.39425 0.21914 1439.141
0.555 0.13038 49.56761 1.12202 6.46283 0.36133 0.02525 0.39391 0.21951 1440.112
0.560 0.13010 49.73239 1.12327 6.47002 0.36121 0.02535 0.39357 0.21987 1441.086
0.565 0.12981 49.89816 1.12452 6.47722 0.36109 0.02544 0.39323 0.22024 1442.064
0.570 0.12952 50.06492 1.12577 6.48444 0.36096 0.02554 0.39289 0.22061 1443.046
0.575 0.12923 50.23268 1.12703 6.49168 0.36084 0.02564 0.39255 0.22097 1444.031
0.580 0.12894 50.40145 1.12829 6.49894 0.36072 0.02574 0.39221 0.22134 1445.020
0.585 0.12865 50.57124 1.12955 6.50621 0.36059 0.02583 0.39187 0.22171 1446.013
0.590 0.12836 50.74206 1.13082 6.51350 0.36047 0.02593 0.39153 0.22207 1447.009
0.595 0.12808 50.91391 1.13208 6.52080 0.36034 0.02603 0.39118 0.22244 1448.009
0.600 0.12778 51.08681 1.13335 6.52812 0.36022 0.02613 0.39084 0.22281 1449.013
0.605 0.12749 51.26076 1.13463 6.53546 0.36009 0.02623 0.39050 0.22318 1450.020
0.610 0.12720 51.43577 1.13591 6.54282 0.35997 0.02633 0.39016 0.22355 1451.031
0.615 0.12691 51.61186 1.13719 6.55019 0.35984 0.02643 0.38981 0.22391 1452.046
0.620 0.12662 51.78902 1.13847 6.55758 0.35971 0.02653 0.38947 0.22428 1453.065
0.625 0.12633 51.96728 1.13976 6.56499 0.35959 0.02663 0.38913 0.22465 1454.088
0.630 0.12604 52.14664 1.14104 6.57241 0.35946 0.02673 0.38879 0.22502 1455.115
0.635 0.12574 52.32710 1.14234 6.57985 0.35933 0.02683 0.38844 0.22539 1456.145
0.640 0.12545 52.50869 1.14363 6.58731 0.35920 0.02694 0.38810 0.22576 1457.179
0.645 0.12516 52.69141 1.14493 6.59479 0.35907 0.02704 0.38775 0.22613 1458.218
0.650 0.12487 52.87526 1.14623 6.60228 0.35894 0.02714 0.38741 0.22651 1459.260
0.655 0.12457 53.06026 1.14753 6.60979 0.35881 0.02724 0.38707 0.22688 1460.306
0.660 0.12428 53.24643 1.14884 6.61732 0.35868 0.02735 0.38672 0.22725 1461.357
0.665 0.12398 53.43376 1.15015 6.62487 0.35855 0.02745 0.38638 0.22762 1462.411
0.670 0.12369 53.62227 1.15146 6.63243 0.35842 0.02756 0.38603 0.22799 1463.470
0.675 0.12339 53.81197 1.15278 6.64001 0.35829 0.02766 0.38569 0.22837 1464.532
0.680 0.12310 54.00288 1.15410 6.64761 0.35816 0.02776 0.38534 0.22874 1465.599
0.685 0.12280 54.19499 1.15542 6.65523 0.35803 0.02787 0.38499 0.22911 1466.670
0.690 0.12251 54.38833 1.15675 6.66286 0.35789 0.02798 0.38465 0.22948 1467.745
0.695 0.12221 54.58291 1.15808 6.67051 0.35776 0.02808 0.38430 0.22986 1468.824
0.700 0.12191 54.77872 1.15941 6.67818 0.35763 0.02819 0.38396 0.23023 1469.908
0.705 0.12161 54.97580 1.16074 6.68587 0.35749 0.02829 0.38361 0.23061 1470.995
0.710 0.12132 55.17414 1.16208 6.69358 0.35736 0.02840 0.38326 0.23098 1472.088
0.715 0.12102 55.37376 1.16342 6.70130 0.35722 0.02851 0.38292 0.23136 1473.184
0.720 0.12072 55.57467 1.16477 6.70905 0.35709 0.02862 0.38257 0.23173 1474.285
0.725 0.12042 55.77689 1.16611 6.71681 0.35695 0.02872 0.38222 0.23211 1475.390
0.730 0.12012 55.98041 1.16746 6.72459 0.35681 0.02883 0.38187 0.23248 1476.499
0.735 0.11982 56.18527 1.16882 6.73238 0.35668 0.02894 0.38152 0.23286 1477.613
0.740 0.11953 56.39146 1.17017 6.74020 0.35654 0.02905 0.38118 0.23323 1478.732
0.745 0.11923 56.59901 1.17153 6.74803 0.35640 0.02916 0.38083 0.23361 1479.855
0.750 0.11893 56.80792 1.17290 6.75589 0.35626 0.02927 0.38048 0.23399 1480.982
0.755 0.11862 57.01821 1.17426 6.76376 0.35612 0.02938 0.38013 0.23437 1482.114
0.760 0.11832 57.22988 1.17563 6.77165 0.35598 0.02949 0.37978 0.23474 1483.251
0.765 0.11802 57.44296 1.17701 6.77956 0.35584 0.02960 0.37943 0.23512 1484.392
0.770 0.11772 57.65745 1.17838 6.78748 0.35570 0.02971 0.37908 0.23550 1485.538
0.775 0.11742 57.87337 1.17976 6.79543 0.35556 0.02982 0.37873 0.23588 1486.688
0.780 0.11712 58.09074 1.18115 6.80340 0.35542 0.02994 0.37838 0.23626 1487.844
0.785 0.11681 58.30956 1.18253 6.81138 0.35528 0.03005 0.37803 0.23663 1489.004
0.790 0.11651 58.52984 1.18392 6.81938 0.35514 0.03016 0.37768 0.23701 1490.168
0.795 0.11621 58.75162 1.18531 6.82741 0.35500 0.03028 0.37733 0.23739 1491.338
0.800 0.11590 58.97489 1.18671 6.83545 0.35486 0.03039 0.37698 0.23777 1492.513
0.805 0.11560 59.19967 1.18811 6.84351 0.35471 0.03050 0.37663 0.23815 1493.692
0.810 0.11530 59.42598 1.18951 6.85159 0.35457 0.03062 0.37628 0.23853 1494.876
0.815 0.11499 59.65382 1.19092 6.85969 0.35442 0.03073 0.37593 0.23891 1496.065
0.820 0.11469 59.88323 1.19233 6.86780 0.35428 0.03085 0.37558 0.23929 1497.260
0.825 0.11438 60.11420 1.19374 6.87594 0.35413 0.03096 0.37523 0.23967 1498.459
0.830 0.11408 60.34676 1.19516 6.88410 0.35399 0.03108 0.37488 0.24006 1499.663
0.835 0.11377 60.58093 1.19658 6.89228 0.35384 0.03120 0.37452 0.24044 1500.873
0.840 0.11346 60.81670 1.19800 6.90047 0.35370 0.03131 0.37417 0.24082 1502.087
0.845 0.11316 61.05412 1.19942 6.90869 0.35355 0.03143 0.37382 0.24120 1503.307
0.850 0.11285 61.29318 1.20085 6.91692 0.35340 0.03155 0.37347 0.24158 1504.532
0.855 0.11254 61.53390 1.20229 6.92518 0.35326 0.03167 0.37311 0.24197 1505.762
0.860 0.11223 61.77631 1.20372 6.93345 0.35311 0.03178 0.37276 0.24235 1506.997
0.865 0.11193 62.02041 1.20516 6.94175 0.35296 0.03190 0.37241 0.24273 1508.238
0.870 0.11162 62.26623 1.20661 6.95006 0.35281 0.03202 0.37205 0.24311 1509.484
0.875 0.11131 62.51378 1.20806 6.95840 0.35266 0.03214 0.37170 0.24350 1510.735
0.880 0.11100 62.76307 1.20951 6.96676 0.35251 0.03226 0.37135 0.24388 1511.992
0.885 0.11069 63.01414 1.21096 6.97513 0.35236 0.03238 0.37099 0.24427 1513.254
0.890 0.11038 63.26698 1.21242 6.98353 0.35221 0.03250 0.37064 0.24465 1514.522
0.895 0.11007 63.52163 1.21388 6.99194 0.35206 0.03262 0.37028 0.24504 1515.796
0.900 0.10976 63.77810 1.21534 7.00038 0.35191 0.03275 0.36993 0.24542 1517.075
0.905 0.10945 64.03641 1.21681 7.00884 0.35175 0.03287 0.36957 0.24580 1518.359
0.910 0.10914 64.29657 1.21828 7.01731 0.35160 0.03299 0.36922 0.24619 1519.649
0.915 0.10883 64.55861 1.21976 7.02581 0.35145 0.03311 0.36886 0.24658 1520.945
0.920 0.10852 64.82254 1.22124 7.03433 0.35130 0.03324 0.36851 0.24696 1522.247
0.925 0.10820 65.08839 1.22272 7.04287 0.35114 0.03336 0.36815 0.24735 1523.555
0.930 0.10789 65.35617 1.22421 7.05143 0.35099 0.03348 0.36780 0.24773 1524.868
0.935 0.10758 65.62590 1.22570 7.06001 0.35083 0.03361 0.36744 0.24812 1526.187
0.940 0.10727 65.89761 1.22719 7.06861 0.35068 0.03373 0.36708 0.24851 1527.512
0.945 0.10695 66.17130 1.22869 7.07723 0.35052 0.03386 0.36673 0.24889 1528.843
0.950 0.10664 66.44702 1.23019 7.08588 0.35037 0.03398 0.36637 0.24928 1530.181
0.955 0.10633 66.72477 1.23169 7.09454 0.35021 0.03411 0.36601 0.24967 1531.524
0.960 0.10601 67.00457 1.23320 7.10323 0.35005 0.03424 0.36566 0.25006 1532.873
0.965 0.10570 67.28645 1.23471 7.11194 0.34989 0.03436 0.36530 0.25044 1534.229
0.970 0.10538 67.57043 1.23623 7.12066 0.34974 0.03449 0.36494 0.25083 1535.590
0.975 0.10507 67.85654 1.23775 7.12941 0.34958 0.03462 0.36458 0.25122 1536.958
0.980 0.10475 68.14478 1.23927 7.13818 0.34942 0.03475 0.36423 0.25161 1538.332
0.985 0.10443 68.43519 1.24079 7.14698 0.34926 0.03487 0.36387 0.25200 1539.713
0.990 0.10412 68.72780 1.24232 7.15579 0.34910 0.03500 0.36351 0.25239 1541.100
0.995 0.10380 69.02261 1.24386 7.16463 0.34894 0.03513 0.36315 0.25278 1542.493
1.000 0.10348 69.31966 1.24540 7.17349 0.34878 0.03526 0.36279 0.25317 1543.893
1.005 0.10317 69.61897 1.24694 7.18237 0.34862 0.03539 0.36243 0.25356 1545.300
1.010 0.10285 69.92057 1.24848 7.19127 0.34846 0.03552 0.36207 0.25394 1546.713
1.015 0.10253 70.22447 1.25003 7.20019 0.34829 0.03565 0.36172 0.25433 1548.132
1.020 0.10221 70.53071 1.25159 7.20913 0.34813 0.03579 0.36136 0.25473 1549.559
1.025 0.10189 70.83930 1.25314 7.21810 0.34797 0.03592 0.36100 0.25512 1550.992
1.030 0.10158 71.15028 1.25470 7.22709 0.34781 0.03605 0.36064 0.25551 1552.432
1.035 0.10126 71.46367 1.25627 7.23610 0.34764 0.03618 0.36028 0.25590 1553.879
1.040 0.10094 71.77950 1.25784 7.24514 0.34748 0.03632 0.35992 0.25629 1555.332
1.045 0.10062 72.09778 1.25941 7.25419 0.34731 0.03645 0.35956 0.25668 1556.793
1.050 0.10030 72.41856 1.26098 7.26327 0.34715 0.03659 0.35920 0.25707 1558.261
1.055 0.09998 72.74186 1.26256 7.27237 0.34698 0.03672 0.35883 0.25746 1559.735
1.060 0.09965 73.06770 1.26415 7.28150 0.34682 0.03685 0.35847 0.25786 1561.217
1.065 0.09933 73.39612 1.26574 7.29064 0.34665 0.03699 0.35811 0.25825 1562.706
1.070 0.09901 73.72714 1.26733 7.29981 0.34648 0.03713 0.35775 0.25864 1564.203
1.075 0.09869 74.06079 1.26892 7.30900 0.34632 0.03726 0.35739 0.25903 1565.706
1.080 0.09837 74.39710 1.27052 7.31822 0.34615 0.03740 0.35703 0.25942 1567.217
1.085 0.09804 74.73610 1.27213 7.32746 0.34598 0.03754 0.35667 0.25982 1568.736
1.090 0.09772 75.07782 1.27374 7.33672 0.34581 0.03767 0.35630 0.26021 1570.262
1.095 0.09740 75.42229 1.27535 7.34600 0.34564 0.03781 0.35594 0.26060 1571.795
1.100 0.09707 75.76955 1.27696 7.35531 0.34547 0.03795 0.35558 0.26100 1573.336
1.105 0.09675 76.11961 1.27858 7.36464 0.34530 0.03809 0.35522 0.26139 1574.885
1.110 0.09643 76.47253 1.28021 7.37399 0.34513 0.03823 0.35485 0.26179 1576.441
1.115 0.09610 76.82832 1.28183 7.38337 0.34496 0.03837 0.35449 0.26218 1578.006
1.120 0.09578 77.18703 1.28347 7.39277 0.34479 0.03851 0.35413 0.26257 1579.578
1.125 0.09545 77.54868 1.28510 7.40219 0.34462 0.03865 0.35377 0.26297 1581.158
1.130 0.09513 77.91331 1.28674 7.41164 0.34444 0.03879 0.35340 0.26336 1582.746
1.135 0.09480 78.28095 1.28839 7.42111 0.34427 0.03893 0.35304 0.26376 1584.342
1.140 0.09447 78.65164 1.29004 7.43061 0.34410 0.03908 0.35267 0.26415 1585.946
1.145 0.09415 79.02542 1.29169 7.44013 0.34392 0.03922 0.35231 0.26455 1587.559
1.150 0.09382 79.40232 1.29335 7.44967 0.34375 0.03936 0.35195 0.26494 1589.180
1.155 0.09349 79.78237 1.29501 7.45924 0.34357 0.03951 0.35158 0.26534 1590.809
1.160 0.09317 80.16561 1.29667 7.46883 0.34340 0.03965 0.35122 0.26573 1592.446
1.165 0.09284 80.55209 1.29834 7.47844 0.34322 0.03979 0.35085 0.26613 1594.092
1.170 0.09251 80.94184 1.30001 7.48808 0.34305 0.03994 0.35049 0.26653 1595.747
1.175 0.09218 81.33490 1.30169 7.49775 0.34287 0.04008 0.35012 0.26692 1597.410
1.180 0.09186 81.73130 1.30337 7.50743 0.34269 0.04023 0.34976 0.26732 1599.082
1.185 0.09153 82.13109 1.30506 7.51715 0.34252 0.04038 0.34939 0.26771 1600.763
1.190 0.09120 82.53431 1.30675 7.52688 0.34234 0.04052 0.34903 0.26811 1602.453
1.195 0.09087 82.94100 1.30845 7.53665 0.34216 0.04067 0.34866 0.26851 1604.151
1.200 0.09054 83.35121 1.31014 7.54643 0.34198 0.04082 0.34829 0.26891 1605.859
1.205 0.09021 83.76496 1.31185 7.55624 0.34180 0.04097 0.34793 0.26930 1607.575
1.210 0.08988 84.18232 1.31356 7.56608 0.34162 0.04112 0.34756 0.26970 1609.301
1.215 0.08955 84.60331 1.31527 7.57594 0.34144 0.04127 0.34720 0.27010 1611.036
1.220 0.08922 85.02800 1.31698 7.58583 0.34126 0.04141 0.34683 0.27049 1612.781
1.225 0.08888 85.45641 1.31870 7.59574 0.34108 0.04156 0.34646 0.27089 1614.535
1.230 0.08855 85.88860 1.32043 7.60567 0.34090 0.04172 0.34609 0.27129 1616.298
1.235 0.08822 86.32462 1.32216 7.61564 0.34072 0.04187 0.34573 0.27169 1618.071
1.240 0.08789 86.76450 1.32389 7.62562 0.34053 0.04202 0.34536 0.27209 1619.854
1.245 0.08756 87.20831 1.32563 7.63564 0.34035 0.04217 0.34499 0.27248 1621.646
1.250 0.08722 87.65608 1.32737 7.64568 0.34017 0.04232 0.34463 0.27288 1623.448
1.255 0.08689 88.10787 1.32912 7.65574 0.33998 0.04248 0.34426 0.27328 1625.261
1.260 0.08656 88.56374 1.33087 7.66583 0.33980 0.04263 0.34389 0.27368 1627.083
1.265 0.08622 89.02372 1.33263 7.67594 0.33962 0.04278 0.34352 0.27408 1628.915
1.270 0.08589 89.48787 1.33439 7.68609 0.33943 0.04294 0.34315 0.27448 1630.758
1.275 0.08556 89.95625 1.33616 7.69625 0.33925 0.04309 0.34278 0.27488 1632.611
1.280 0.08522 90.42891 1.33792 7.70645 0.33906 0.04325 0.34242 0.27528 1634.474
1.285 0.08489 90.90590 1.33970 7.71667 0.33887 0.04340 0.34205 0.27568 1636.348
1.290 0.08455 91.38729 1.34148 7.72691 0.33869 0.04356 0.34168 0.27608 1638.233
1.295 0.08422 91.87312 1.34326 7.73718 0.33850 0.04372 0.34131 0.27648 1640.128
1.300 0.08388 92.36345 1.34505 7.74748 0.33831 0.04388 0.34094 0.27688 1642.034
1.305 0.08354 92.85834 1.34684 7.75781 0.33812 0.04403 0.34057 0.27727 1643.951
1.310 0.08321 93.35786 1.34864 7.76816 0.33793 0.04419 0.34020 0.27767 1645.879
1.315 0.08287 93.86206 1.35044 7.77854 0.33774 0.04435 0.33983 0.27808 1647.818
1.320 0.08254 94.37100 1.35225 7.78894 0.33755 0.04451 0.33946 0.27848 1649.768
1.325 0.08220 94.88475 1.35406 7.79937 0.33736 0.04467 0.33909 0.27888 1651.730
1.330 0.08186 95.40337 1.35587 7.80983 0.33717 0.04483 0.33872 0.27928 1653.703
1.335 0.08152 95.92693 1.35769 7.82032 0.33698 0.04499 0.33835 0.27968 1655.688
1.340 0.08119 96.45548 1.35952 7.83083 0.33679 0.04515 0.33798 0.28008 1657.684
1.345 0.08085 96.98910 1.36135 7.84137 0.33660 0.04531 0.33761 0.28048 1659.692
1.350 0.08051 97.52785 1.36318 7.85194 0.33641 0.04548 0.33724 0.28088 1661.712
1.355 0.08017 98.07181 1.36502 7.86254 0.33621 0.04564 0.33687 0.28128 1663.744
1.360 0.07983 98.62104 1.36687 7.87316 0.33602 0.04580 0.33650 0.28168 1665.788
1.365 0.07949 99.17562 1.36872 7.88381 0.33583 0.04597 0.33612 0.28208 1667.845
1.370 0.07915 99.73562 1.37057 7.89449 0.33563 0.04613 0.33575 0.28248 1669.914
1.375 0.07881 100.30111 1.37243 7.90519 0.33544 0.04630 0.33538 0.28288 1671.995
1.380 0.07847 100.87217 1.37429 7.91592 0.33524 0.04646 0.33501 0.28329 1674.089
1.385 0.07813 101.44887 1.37616 7.92669 0.33505 0.04663 0.33464 0.28369 1676.195
1.390 0.07779 102.03129 1.37803 7.93747 0.33485 0.04679 0.33426 0.28409 1678.315
1.395 0.07745 102.61952 1.37991 7.94829 0.33465 0.04696 0.33389 0.28449 1680.447
1.400 0.07711 103.21363 1.38179 7.95914 0.33446 0.04713 0.33352 0.28489 1682.593
1.405 0.07677 103.81370 1.38368 7.97001 0.33426 0.04730 0.33315 0.28529 1684.752
1.410 0.07643 104.41982 1.38558 7.98091 0.33406 0.04747 0.33277 0.28570 1686.924
1.415 0.07609 105.03208 1.38747 7.99185 0.33386 0.04764 0.33240 0.28610 1689.110
1.420 0.07575 105.65055 1.38938 8.00280 0.33367 0.04780 0.33203 0.28650 1691.310
1.425 0.07541 106.27534 1.39128 8.01379 0.33347 0.04797 0.33166 0.28690 1693.523
1.430 0.07506 106.90652 1.39320 8.02481 0.33327 0.04815 0.33128 0.28731 1695.751
1.435 0.07472 107.54419 1.39511 8.03586 0.33307 0.04832 0.33091 0.28771 1697.992
1.440 0.07438 108.18845 1.39704 8.04693 0.33287 0.04849 0.33053 0.28811 1700.248
1.445 0.07404 108.83938 1.39896 8.05803 0.33267 0.04866 0.33016 0.28851 1702.518
1.450 0.07369 109.49709 1.40090 8.06917 0.33246 0.04883 0.32979 0.28892 1704.803
1.455 0.07335 110.16168 1.40284 8.08033 0.33226 0.04901 0.32941 0.28932 1707.102
1.460 0.07301 110.83323 1.40478 8.09152 0.33206 0.04918 0.32904 0.28972 1709.417
1.465 0.07266 111.51186 1.40673 8.10274 0.33186 0.04936 0.32866 0.29012 1711.746
1.470 0.07232 112.19767 1.40868 8.11399 0.33165 0.04953 0.32829 0.29053 1714.091
1.475 0.07197 112.89077 1.41064 8.12527 0.33145 0.04971 0.32792 0.29093 1716.450
1.480 0.07163 113.59126 1.41260 8.13658 0.33125 0.04988 0.32754 0.29133 1718.826
1.485 0.07129 114.29926 1.41457 8.14793 0.33104 0.05006 0.32717 0.29174 1721.217
1.490 0.07094 115.01487 1.41654 8.15930 0.33084 0.05023 0.32679 0.29214 1723.624
1.495 0.07060 115.73821 1.41852 8.17070 0.33063 0.05041 0.32642 0.29254 1726.047
1.500 0.07025 116.46939 1.42051 8.18213 0.33042 0.05059 0.32604 0.29294 1728.486
1.505 0.06991 117.20855 1.42250 8.19359 0.33022 0.05077 0.32566 0.29335 1730.942
1.510 0.06956 117.95579 1.42449 8.20508 0.33001 0.05095 0.32529 0.29375 1733.414
1.515 0.06922 118.71123 1.42649 8.21660 0.32980 0.05113 0.32491 0.29415 1735.903
1.520 0.06887 119.47502 1.42850 8.22815 0.32960 0.05131 0.32454 0.29456 1738.409
1.525 0.06852 120.24726 1.43051 8.23973 0.32939 0.05149 0.32416 0.29496 1740.932
1.530 0.06818 121.02810 1.43253 8.25135 0.32918 0.05167 0.32379 0.29536 1743.473
1.535 0.06783 121.81767 1.43455 8.26299 0.32897 0.05185 0.32341 0.29577 1746.030
1.540 0.06748 122.61610 1.43657 8.27467 0.32876 0.05204 0.32303 0.29617 1748.606
1.545 0.06714 123.42354 1.43861 8.28638 0.32855 0.05222 0.32266 0.29657 1751.200
1.550 0.06679 124.24011 1.44064 8.29811 0.32834 0.05240 0.32228 0.29698 1753.811
1.555 0.06644 125.06598 1.44269 8.30988 0.32813 0.05259 0.32190 0.29738 1756.441
1.560 0.06610 125.90128 1.44474 8.32168 0.32792 0.05277 0.32153 0.29778 1759.090
1.565 0.06575 126.74616 1.44679 8.33352 0.32771 0.05296 0.32115 0.29819 1761.757
1.570 0.06540 127.60078 1.44885 8.34538 0.32750 0.05314 0.32077 0.29859 1764.443
1.575 0.06505 128.46530 1.45092 8.35728 0.32728 0.05333 0.32039 0.29900 1767.149
1.580 0.06471 129.33987 1.45299 8.36920 0.32707 0.05351 0.32002 0.29940 1769.874
1.585 0.06436 130.22465 1.45506 8.38116 0.32686 0.05370 0.31964 0.29980 1772.619
1.590 0.06401 131.11982 1.45714 8.39315 0.32664 0.05389 0.31926 0.30021 1775.383
1.595 0.06366 132.02554 1.45923 8.40518 0.32643 0.05408 0.31888 0.30061 1778.168
1.600 0.06332 132.94198 1.46133 8.41723 0.32621 0.05427 0.31851 0.30101 1780.973
1.605 0.06297 133.86933 1.46342 8.42932 0.32600 0.05446 0.31813 0.30142 1783.798
1.610 0.06262 134.80776 1.46553 8.44144 0.32578 0.05465 0.31775 0.30182 1786.645
1.615 0.06227 135.75745 1.46764 8.45360 0.32557 0.05484 0.31737 0.30222 1789.512
1.620 0.06192 136.71860 1.46975 8.46578 0.32535 0.05503 0.31699 0.30263 1792.401
1.625 0.06157 137.69139 1.47188 8.47800 0.32513 0.05522 0.31661 0.30303 1795.312
1.630 0.06122 138.67603 1.47400 8.49025 0.32491 0.05541 0.31624 0.30343 1798.245
1.635 0.06087 139.67271 1.47614 8.50254 0.32470 0.05561 0.31586 0.30384 1801.199
1.640 0.06053 140.68164 1.47827 8.51486 0.32448 0.05580 0.31548 0.30424 1804.176
1.645 0.06018 141.70302 1.48042 8.52721 0.32426 0.05600 0.31510 0.30465 1807.176
1.650 0.05983 142.73708 1.48257 8.53959 0.32404 0.05619 0.31472 0.30505 1810.199
1.655 0.05948 143.78402 1.48472 8.55201 0.32382 0.05639 0.31434 0.30545 1813.245
1.660 0.05913 144.84408 1.48689 8.56447 0.32360 0.05658 0.31396 0.30586 1816.315
1.665 0.05878 145.91748 1.48905 8.57695 0.32338 0.05678 0.31358 0.30626 1819.409
1.670 0.05843 147.00444 1.49123 8.58947 0.32316 0.05698 0.31320 0.30666 1822.527
1.675 0.05808 148.10523 1.49341 8.60203 0.32294 0.05717 0.31282 0.30707 1825.669
1.680 0.05773 149.22006 1.49559 8.61461 0.32272 0.05737 0.31244 0.30747 1828.836
