timeGa Urey Qt heat/H0 heatTW 1HPE 2HPE 3HPE 4HPE TempC
0.000 0.60000 36.00000 1.00000 21.60000 0.37200 0.01640 0.43000 0.18100 1351.850
0.005 0.60023 36.00000 1.00038 21.60818 0.37215 0.01647 0.42994 0.18143 1352.174
0.010 0.60014 36.04053 1.00136 21.62937 0.37207 0.01654 0.42963 0.18176 1352.499
0.015 0.60005 36.08114 1.00234 21.65060 0.37199 0.01661 0.42931 0.18209 1352.824
0.020 0.59997 36.12184 1.00333 21.67187 0.37192 0.01667 0.42900 0.18241 1353.149
0.025 0.59988 36.16263 1.00431 21.69319 0.37184 0.01674 0.42868 0.18274 1353.475
0.030 0.59979 36.20350 1.00530 21.71456 0.37176 0.01680 0.42837 0.18307 1353.802
0.035 0.59970 36.24446 1.00629 21.73597 0.37168 0.01687 0.42805 0.18340 1354.128
0.040 0.59962 36.28550 1.00729 21.75742 0.37161 0.01694 0.42773 0.18372 1354.456
0.045 0.59953 36.32663 1.00828 21.77892 0.37153 0.01700 0.42742 0.18405 1354.783
0.050 0.59944 36.36785 1.00928 21.80046 0.37145 0.01707 0.42710 0.18438 1355.112
0.055 0.59936 36.40916 1.01028 21.82205 0.37137 0.01714 0.42678 0.18471 1355.440
0.060 0.59927 36.45056 1.01128 21.84369 0.37129 0.01720 0.42647 0.18504 1355.769
0.065 0.59918 36.49204 1.01229 21.86537 0.37121 0.01727 0.42615 0.18537 1356.099
0.070 0.59909 36.53362 1.01329 21.88710 0.37113 0.01734 0.42583 0.18570 1356.429
0.075 0.59901 36.57528 1.01430 21.90887 0.37104 0.01741 0.42551 0.18603 1356.759
0.080 0.59892 36.61703 1.01531 21.93069 0.37096 0.01748 0.42520 0.18636 1357.090
0.085 0.59883 36.65887 1.01632 21.95256 0.37088 0.01755 0.42488 0.18670 1357.421
0.090 0.59875 36.70080 1.01734 21.97447 0.37080 0.01761 0.42456 0.18703 1357.753
0.095 0.59866 36.74282 1.01835 21.99643 0.37071 0.01768 0.42424 0.18736 1358.085
0.100 0.59857 36.78493 1.01937 22.01843 0.37063 0.01775 0.42392 0.18769 1358.418
0.105 0.59849 36.82713 1.02039 22.04048 0.37055 0.01782 0.42360 0.18803 1358.751
0.110 0.59840 36.86942 1.02142 22.06258 0.37046 0.01789 0.42328 0.18836 1359.084
0.115 0.59831 36.91180 1.02244 22.08473 0.37038 0.01796 0.42296 0.18869 1359.418
0.120 0.59822 36.95427 1.02347 22.10692 0.37029 0.01803 0.42264 0.18903 1359.753
0.125 0.59814 36.99684 1.02450 22.12916 0.37021 0.01811 0.42232 0.18936 1360.088
0.130 0.59805 37.03949 1.02553 22.15145 0.37012 0.01818 0.42200 0.18970 1360.423
0.135 0.59796 37.08224 1.02656 22.17378 0.37004 0.01825 0.42168 0.19003 1360.759
0.140 0.59788 37.12508 1.02760 22.19617 0.36995 0.01832 0.42136 0.19037 1361.095
0.145 0.59779 37.16801 1.02864 22.21860 0.36986 0.01839 0.42104 0.19071 1361.432
0.150 0.59770 37.21104 1.02968 22.24108 0.36978 0.01846 0.42072 0.19104 1361.769
0.155 0.59761 37.25416 1.03072 22.26360 0.36969 0.01854 0.42040 0.19138 1362.107
0.160 0.59753 37.29737 1.03177 22.28618 0.36960 0.01861 0.42007 0.19172 1362.445
0.165 0.59744 37.34068 1.03281 22.30880 0.36951 0.01868 0.41975 0.19206 1362.783
0.170 0.59735 37.38408 1.03386 22.33148 0.36942 0.01875 0.41943 0.19239 1363.122
0.175 0.59727 37.42757 1.03492 22.35420 0.36933 0.01883 0.41911 0.19273 1363.462
0.180 0.59718 37.47116 1.03597 22.37697 0.36924 0.01890 0.41878 0.19307 1363.802
0.185 0.59709 37.51484 1.03703 22.39979 0.36915 0.01898 0.41846 0.19341 1364.142
0.190 0.59700 37.55862 1.03809 22.42266 0.36906 0.01905 0.41814 0.19375 1364.483
0.195 0.59692 37.60250 1.03915 22.44557 0.36897 0.01912 0.41781 0.19409 1364.825
0.200 0.59683 37.64647 1.04021 22.46854 0.36888 0.01920 0.41749 0.19443 1365.167
0.205 0.59674 37.69053 1.04128 22.49156 0.36879 0.01927 0.41717 0.19477 1365.509
0.210 0.59666 37.73470 1.04234 22.51463 0.36870 0.01935 0.41684 0.19511 1365.852
0.215 0.59657 37.77895 1.04341 22.53774 0.36860 0.01942 0.41652 0.19545 1366.195
0.220 0.59648 37.82331 1.04449 22.56091 0.36851 0.01950 0.41619 0.19580 1366.539
0.225 0.59639 37.86776 1.04556 22.58413 0.36842 0.01958 0.41587 0.19614 1366.883
0.230 0.59631 37.91231 1.04664 22.60739 0.36832 0.01965 0.41554 0.19648 1367.228
0.235 0.59622 37.95696 1.04772 22.63071 0.36823 0.01973 0.41522 0.19682 1367.573
0.240 0.59613 38.00171 1.04880 22.65408 0.36813 0.01981 0.41489 0.19717 1367.919
0.245 0.59605 38.04655 1.04988 22.67750 0.36804 0.01988 0.41457 0.19751 1368.265
0.250 0.59596 38.09150 1.05097 22.70097 0.36794 0.01996 0.41424 0.19785 1368.612
0.255 0.59587 38.13654 1.05206 22.72449 0.36785 0.02004 0.41391 0.19820 1368.959
0.260 0.59578 38.18168 1.05315 22.74807 0.36775 0.02012 0.41359 0.19854 1369.307
0.265 0.59570 38.22693 1.05424 22.77169 0.36765 0.02020 0.41326 0.19889 1369.655
0.270 0.59561 38.27227 1.05534 22.79537 0.36756 0.02027 0.41293 0.19923 1370.004
0.275 0.59552 38.31771 1.05644 22.81910 0.36746 0.02035 0.41261 0.19958 1370.353
0.280 0.59544 38.36325 1.05754 22.84288 0.36736 0.02043 0.41228 0.19993 1370.702
0.285 0.59535 38.40889 1.05864 22.86671 0.36726 0.02051 0.41195 0.20027 1371.052
0.290 0.59526 38.45464 1.05975 22.89059 0.36716 0.02059 0.41162 0.20062 1371.403
0.295 0.59518 38.50048 1.06086 22.91453 0.36707 0.02067 0.41129 0.20097 1371.754
0.300 0.59509 38.54643 1.06197 22.93852 0.36697 0.02075 0.41097 0.20132 1372.106
0.305 0.59500 38.59248 1.06308 22.96256 0.36687 0.02083 0.41064 0.20166 1372.458
0.310 0.59491 38.63863 1.06420 22.98666 0.36677 0.02091 0.41031 0.20201 1372.810
0.315 0.59483 38.68489 1.06532 23.01081 0.36666 0.02100 0.40998 0.20236 1373.163
0.320 0.59474 38.73125 1.06644 23.03501 0.36656 0.02108 0.40965 0.20271 1373.517
0.325 0.59465 38.77771 1.06756 23.05926 0.36646 0.02116 0.40932 0.20306 1373.871
0.330 0.59457 38.82427 1.06868 23.08357 0.36636 0.02124 0.40899 0.20341 1374.226
0.335 0.59448 38.87094 1.06981 23.10793 0.36626 0.02132 0.40866 0.20376 1374.581
0.340 0.59439 38.91772 1.07094 23.13235 0.36615 0.02141 0.40833 0.20411 1374.936
0.345 0.59430 38.96459 1.07207 23.15682 0.36605 0.02149 0.40800 0.20446 1375.292
0.350 0.59422 39.01158 1.07321 23.18134 0.36595 0.02157 0.40767 0.20481 1375.649
0.355 0.59413 39.05867 1.07435 23.20592 0.36584 0.02166 0.40734 0.20516 1376.006
0.360 0.59404 39.10586 1.07549 23.23055 0.36574 0.02174 0.40701 0.20552 1376.364
0.365 0.59396 39.15316 1.07663 23.25524 0.36563 0.02182 0.40668 0.20587 1376.722
0.370 0.59387 39.20057 1.07778 23.27999 0.36553 0.02191 0.40634 0.20622 1377.080
0.375 0.59378 39.24808 1.07893 23.30478 0.36542 0.02199 0.40601 0.20657 1377.439
0.380 0.59369 39.29570 1.08008 23.32964 0.36532 0.02208 0.40568 0.20693 1377.799
0.385 0.59361 39.34343 1.08123 23.35454 0.36521 0.02216 0.40535 0.20728 1378.159
0.390 0.59352 39.39126 1.08238 23.37951 0.36510 0.02225 0.40501 0.20763 1378.520
0.395 0.59343 39.43921 1.08354 23.40453 0.36499 0.02233 0.40468 0.20799 1378.881
0.400 0.59335 39.48726 1.08470 23.42960 0.36489 0.02242 0.40435 0.20834 1379.243
0.405 0.59326 39.53542 1.08587 23.45473 0.36478 0.02251 0.40402 0.20870 1379.605
0.410 0.59317 39.58369 1.08703 23.47992 0.36467 0.02259 0.40368 0.20905 1379.968
0.415 0.59308 39.63207 1.08820 23.50517 0.36456 0.02268 0.40335 0.20941 1380.331
0.420 0.59300 39.68056 1.08937 23.53047 0.36445 0.02277 0.40301 0.20977 1380.695
0.425 0.59291 39.72915 1.09055 23.55582 0.36434 0.02286 0.40268 0.21012 1381.059
0.430 0.59282 39.77786 1.09172 23.58124 0.36423 0.02294 0.40235 0.21048 1381.424
0.435 0.59274 39.82668 1.09290 23.60671 0.36412 0.02303 0.40201 0.21084 1381.789
0.440 0.59265 39.87561 1.09409 23.63224 0.36401 0.02312 0.40168 0.21119 1382.155
0.445 0.59256 39.92466 1.09527 23.65782 0.36390 0.02321 0.40134 0.21155 1382.522
0.450 0.59247 39.97381 1.09646 23.68347 0.36378 0.02330 0.40101 0.21191 1382.889
0.455 0.59239 40.02308 1.09765 23.70917 0.36367 0.02339 0.40067 0.21227 1383.256
0.460 0.59230 40.07246 1.09884 23.73493 0.36356 0.02348 0.40033 0.21263 1383.624
0.465 0.59221 40.12195 1.10003 23.76075 0.36344 0.02357 0.40000 0.21299 1383.993
0.470 0.59213 40.17155 1.10123 23.78662 0.36333 0.02366 0.39966 0.21335 1384.362
0.475 0.59204 40.22127 1.10243 23.81256 0.36322 0.02375 0.39933 0.21371 1384.731
0.480 0.59195 40.27111 1.10364 23.83855 0.36310 0.02384 0.39899 0.21407 1385.102
0.485 0.59186 40.32105 1.10484 23.86460 0.36299 0.02393 0.39865 0.21443 1385.472
0.490 0.59178 40.37112 1.10605 23.89071 0.36287 0.02403 0.39832 0.21479 1385.843
0.495 0.59169 40.42129 1.10726 23.91688 0.36275 0.02412 0.39798 0.21515 1386.215
0.500 0.59160 40.47159 1.10848 23.94311 0.36264 0.02421 0.39764 0.21551 1386.588
0.505 0.59152 40.52199 1.10969 23.96940 0.36252 0.02430 0.39730 0.21587 1386.960
0.510 0.59143 40.57252 1.11091 23.99575 0.36240 0.02440 0.39696 0.21623 1387.334
0.515 0.59134 40.62316 1.11214 24.02216 0.36229 0.02449 0.39663 0.21660 1387.708
0.520 0.59125 40.67392 1.11336 24.04863 0.36217 0.02458 0.39629 0.21696 1388.082
0.525 0.59117 40.72480 1.11459 24.07516 0.36205 0.02468 0.39595 0.21732 1388.457
0.530 0.59108 40.77579 1.11582 24.10175 0.36193 0.02477 0.39561 0.21769 1388.833
0.535 0.59099 40.82690 1.11706 24.12840 0.36181 0.02487 0.39527 0.21805 1389.209
0.540 0.59091 40.87813 1.11829 24.15511 0.36169 0.02496 0.39493 0.21841 1389.586
0.545 0.59082 40.92948 1.11953 24.18188 0.36157 0.02506 0.39459 0.21878 1389.963
0.550 0.59073 40.98095 1.12077 24.20872 0.36145 0.02515 0.39425 0.21914 1390.341
0.555 0.59064 41.03254 1.12202 24.23561 0.36133 0.02525 0.39391 0.21951 1390.719
0.560 0.59056 41.08424 1.12327 24.26257 0.36121 0.02535 0.39357 0.21987 1391.098
0.565 0.59047 41.13607 1.12452 24.28959 0.36109 0.02544 0.39323 0.22024 1391.478
0.570 0.59038 41.18802 1.12577 24.31667 0.36096 0.02554 0.39289 0.22061 1391.858
0.575 0.59029 41.24009 1.12703 24.34381 0.36084 0.02564 0.39255 0.22097 1392.238
0.580 0.59021 41.29229 1.12829 24.37102 0.36072 0.02574 0.39221 0.22134 1392.619
0.585 0.59012 41.34460 1.12955 24.39829 0.36059 0.02583 0.39187 0.22171 1393.001
0.590 0.59003 41.39704 1.13082 24.42562 0.36047 0.02593 0.39153 0.22207 1393.383
0.595 0.58995 41.44960 1.13208 24.45301 0.36034 0.02603 0.39118 0.22244 1393.766
0.600 0.58986 41.50228 1.13335 24.48047 0.36022 0.02613 0.39084 0.22281 1394.150
0.605 0.58977 41.55509 1.13463 24.50799 0.36009 0.02623 0.39050 0.22318 1394.534
0.610 0.58968 41.60802 1.13591 24.53557 0.35997 0.02633 0.39016 0.22355 1394.918
0.615 0.58960 41.66107 1.13719 24.56322 0.35984 0.02643 0.38981 0.22391 1395.303
0.620 0.58951 41.71425 1.13847 24.59093 0.35971 0.02653 0.38947 0.22428 1395.689
0.625 0.58942 41.76756 1.13976 24.61871 0.35959 0.02663 0.38913 0.22465 1396.075
0.630 0.58933 41.82099 1.14104 24.64655 0.35946 0.02673 0.38879 0.22502 1396.462
0.635 0.58925 41.87454 1.14234 24.67445 0.35933 0.02683 0.38844 0.22539 1396.850
0.640 0.58916 41.92823 1.14363 24.70242 0.35920 0.02694 0.38810 0.22576 1397.238
0.645 0.58907 41.98204 1.14493 24.73046 0.35907 0.02704 0.38775 0.22613 1397.626
0.650 0.58899 42.03597 1.14623 24.75856 0.35894 0.02714 0.38741 0.22651 1398.015
0.655 0.58890 42.09004 1.14753 24.78673 0.35881 0.02724 0.38707 0.22688 1398.405
0.660 0.58881 42.14423 1.14884 24.81496 0.35868 0.02735 0.38672 0.22725 1398.796
0.665 0.58872 42.19856 1.15015 24.84325 0.35855 0.02745 0.38638 0.22762 1399.187
0.670 0.58864 42.25301 1.15146 24.87162 0.35842 0.02756 0.38603 0.22799 1399.578
0.675 0.58855 42.30759 1.15278 24.90005 0.35829 0.02766 0.38569 0.22837 1399.970
0.680 0.58846 42.36230 1.15410 24.92854 0.35816 0.02776 0.38534 0.22874 1400.363
0.685 0.58837 42.41714 1.15542 24.95710 0.35803 0.02787 0.38499 0.22911 1400.756
0.690 0.58829 42.47211 1.15675 24.98573 0.35789 0.02798 0.38465 0.22948 1401.150
0.695 0.58820 42.52722 1.15808 25.01443 0.35776 0.02808 0.38430 0.22986 1401.545
0.700 0.58811 42.58245 1.15941 25.04319 0.35763 0.02819 0.38396 0.23023 1401.940
0.705 0.58802 42.63782 1.16074 25.07202 0.35749 0.02829 0.38361 0.23061 1402.335
0.710 0.58794 42.69332 1.16208 25.10092 0.35736 0.02840 0.38326 0.23098 1402.732
0.715 0.58785 42.74895 1.16342 25.12989 0.35722 0.02851 0.38292 0.23136 1403.129
0.720 0.58776 42.80472 1.16477 25.15892 0.35709 0.02862 0.38257 0.23173 1403.526
0.725 0.58767 42.86062 1.16611 25.18803 0.35695 0.02872 0.38222 0.23211 1403.924
0.730 0.58759 42.91665 1.16746 25.21720 0.35681 0.02883 0.38187 0.23248 1404.323
0.735 0.58750 42.97282 1.16882 25.24644 0.35668 0.02894 0.38152 0.23286 1404.722
0.740 0.58741 43.02912 1.17017 25.27575 0.35654 0.02905 0.38118 0.23323 1405.122
0.745 0.58732 43.08556 1.17153 25.30513 0.35640 0.02916 0.38083 0.23361 1405.523
0.750 0.58724 43.14214 1.17290 25.33458 0.35626 0.02927 0.38048 0.23399 1405.924
0.755 0.58715 43.19885 1.17426 25.36409 0.35612 0.02938 0.38013 0.23437 1406.325
0.760 0.58706 43.25570 1.17563 25.39368 0.35598 0.02949 0.37978 0.23474 1406.728
0.765 0.58697 43.31269 1.17701 25.42334 0.35584 0.02960 0.37943 0.23512 1407.131
0.770 0.58688 43.36981 1.17838 25.45307 0.35570 0.02971 0.37908 0.23550 1407.534
0.775 0.58680 43.42708 1.17976 25.48287 0.35556 0.02982 0.37873 0.23588 1407.938
0.780 0.58671 43.48448 1.18115 25.51274 0.35542 0.02994 0.37838 0.23626 1408.343
0.785 0.58662 43.54202 1.18253 25.54268 0.35528 0.03005 0.37803 0.23663 1408.749
0.790 0.58653 43.59971 1.18392 25.57269 0.35514 0.03016 0.37768 0.23701 1409.155
0.795 0.58645 43.65753 1.18531 25.60277 0.35500 0.03028 0.37733 0.23739 1409.562
0.800 0.58636 43.71549 1.18671 25.63292 0.35486 0.03039 0.37698 0.23777 1409.969
0.805 0.58627 43.77360 1.18811 25.66315 0.35471 0.03050 0.37663 0.23815 1410.377
0.810 0.58618 43.83184 1.18951 25.69345 0.35457 0.03062 0.37628 0.23853 1410.785
0.815 0.58609 43.89023 1.19092 25.72382 0.35442 0.03073 0.37593 0.23891 1411.195
0.820 0.58601 43.94877 1.19233 25.75426 0.35428 0.03085 0.37558 0.23929 1411.604
0.825 0.58592 44.00744 1.19374 25.78478 0.35413 0.03096 0.37523 0.23967 1412.015
0.830 0.58583 44.06626 1.19516 25.81537 0.35399 0.03108 0.37488 0.24006 1412.426
0.835 0.58574 44.12522 1.19658 25.84603 0.35384 0.03120 0.37452 0.24044 1412.838
0.840 0.58565 44.18433 1.19800 25.87677 0.35370 0.03131 0.37417 0.24082 1413.250
0.845 0.58557 44.24358 1.19942 25.90758 0.35355 0.03143 0.37382 0.24120 1413.663
0.850 0.58548 44.30298 1.20085 25.93846 0.35340 0.03155 0.37347 0.24158 1414.077
0.855 0.58539 44.36253 1.20229 25.96942 0.35326 0.03167 0.37311 0.24197 1414.491
0.860 0.58530 44.42222 1.20372 26.00045 0.35311 0.03178 0.37276 0.24235 1414.906
0.865 0.58521 44.48206 1.20516 26.03156 0.35296 0.03190 0.37241 0.24273 1415.322
0.870 0.58513 44.54205 1.20661 26.06274 0.35281 0.03202 0.37205 0.24311 1415.738
0.875 0.58504 44.60218 1.20806 26.09400 0.35266 0.03214 0.37170 0.24350 1416.155
0.880 0.58495 44.66247 1.20951 26.12533 0.35251 0.03226 0.37135 0.24388 1416.573
0.885 0.58486 44.72290 1.21096 26.15674 0.35236 0.03238 0.37099 0.24427 1416.991
0.890 0.58477 44.78349 1.21242 26.18822 0.35221 0.03250 0.37064 0.24465 1417.410
0.895 0.58469 44.84422 1.21388 26.21978 0.35206 0.03262 0.37028 0.24504 1417.829
0.900 0.58460 44.90511 1.21534 26.25142 0.35191 0.03275 0.36993 0.24542 1418.249
0.905 0.58451 44.96614 1.21681 26.28313 0.35175 0.03287 0.36957 0.24580 1418.670
0.910 0.58442 45.02733 1.21828 26.31492 0.35160 0.03299 0.36922 0.24619 1419.092
0.915 0.58433 45.08867 1.21976 26.34679 0.35145 0.03311 0.36886 0.24658 1419.514
0.920 0.58424 45.15017 1.22124 26.37874 0.35130 0.03324 0.36851 0.24696 1419.937
0.925 0.58416 45.21181 1.22272 26.41076 0.35114 0.03336 0.36815 0.24735 1420.360
0.930 0.58407 45.27362 1.22421 26.44286 0.35099 0.03348 0.36780 0.24773 1420.784
0.935 0.58398 45.33557 1.22570 26.47504 0.35083 0.03361 0.36744 0.24812 1421.209
0.940 0.58389 45.39769 1.22719 26.50729 0.35068 0.03373 0.36708 0.24851 1421.635
0.945 0.58380 45.45995 1.22869 26.53963 0.35052 0.03386 0.36673 0.24889 1422.061
0.950 0.58371 45.52238 1.23019 26.57204 0.35037 0.03398 0.36637 0.24928 1422.488
0.955 0.58363 45.58496 1.23169 26.60453 0.35021 0.03411 0.36601 0.24967 1422.915
0.960 0.58354 45.64770 1.23320 26.63711 0.35005 0.03424 0.36566 0.25006 1423.344
0.965 0.58345 45.71059 1.23471 26.66976 0.34989 0.03436 0.36530 0.25044 1423.772
0.970 0.58336 45.77365 1.23623 26.70249 0.34974 0.03449 0.36494 0.25083 1424.202
0.975 0.58327 45.83686 1.23775 26.73530 0.34958 0.03462 0.36458 0.25122 1424.632
0.980 0.58318 45.90024 1.23927 26.76819 0.34942 0.03475 0.36423 0.25161 1425.063
0.985 0.58309 45.96377 1.24079 26.80117 0.34926 0.03487 0.36387 0.25200 1425.495
0.990 0.58300 46.02746 1.24232 26.83422 0.34910 0.03500 0.36351 0.25239 1425.927
0.995 0.58292 46.09132 1.24386 26.86735 0.34894 0.03513 0.36315 0.25278 1426.360
1.000 0.58283 46.15534 1.24540 26.90057 0.34878 0.03526 0.36279 0.25317 1426.794
1.005 0.58274 46.21952 1.24694 26.93387 0.34862 0.03539 0.36243 0.25356 1427.228
1.010 0.58265 46.28386 1.24848 26.96725 0.34846 0.03552 0.36207 0.25394 1427.664
1.015 0.58256 46.34837 1.25003 27.00071 0.34829 0.03565 0.36172 0.25433 1428.099
1.020 0.58247 46.41304 1.25159 27.03426 0.34813 0.03579 0.36136 0.25473 1428.536
1.025 0.58238 46.47788 1.25314 27.06788 0.34797 0.03592 0.36100 0.25512 1428.973
1.030 0.58229 46.54288 1.25470 27.10159 0.34781 0.03605 0.36064 0.25551 1429.411
1.035 0.58220 46.60805 1.25627 27.13539 0.34764 0.03618 0.36028 0.25590 1429.850
1.040 0.58211 46.67339 1.25784 27.16926 0.34748 0.03632 0.35992 0.25629 1430.289
1.045 0.58203 46.73889 1.25941 27.20323 0.34731 0.03645 0.35956 0.25668 1430.729
1.050 0.58194 46.80456 1.26098 27.23727 0.34715 0.03659 0.35920 0.25707 1431.170
1.055 0.58185 46.87040 1.26256 27.27140 0.34698 0.03672 0.35883 0.25746 1431.611
1.060 0.58176 46.93640 1.26415 27.30561 0.34682 0.03685 0.35847 0.25786 1432.054
1.065 0.58167 47.00258 1.26574 27.33991 0.34665 0.03699 0.35811 0.25825 1432.497
1.070 0.58158 47.06893 1.26733 27.37430 0.34648 0.03713 0.35775 0.25864 1432.940
1.075 0.58149 47.13545 1.26892 27.40877 0.34632 0.03726 0.35739 0.25903 1433.384
1.080 0.58140 47.20214 1.27052 27.44332 0.34615 0.03740 0.35703 0.25942 1433.830
1.085 0.58131 47.26900 1.27213 27.47796 0.34598 0.03754 0.35667 0.25982 1434.275
1.090 0.58122 47.33604 1.27374 27.51269 0.34581 0.03767 0.35630 0.26021 1434.722
1.095 0.58113 47.40325 1.27535 27.54751 0.34564 0.03781 0.35594 0.26060 1435.169
1.100 0.58104 47.47063 1.27696 27.58241 0.34547 0.03795 0.35558 0.26100 1435.617
1.105 0.58095 47.53819 1.27858 27.61740 0.34530 0.03809 0.35522 0.26139 1436.066
1.110 0.58086 47.60592 1.28021 27.65247 0.34513 0.03823 0.35485 0.26179 1436.515
1.115 0.58077 47.67383 1.28183 27.68764 0.34496 0.03837 0.35449 0.26218 1436.966
1.120 0.58068 47.74191 1.28347 27.72289 0.34479 0.03851 0.35413 0.26257 1437.417
1.125 0.58059 47.81018 1.28510 27.75823 0.34462 0.03865 0.35377 0.26297 1437.868
1.130 0.58050 47.87862 1.28674 27.79366 0.34444 0.03879 0.35340 0.26336 1438.321
1.135 0.58041 47.94724 1.28839 27.82917 0.34427 0.03893 0.35304 0.26376 1438.774
1.140 0.58032 48.01604 1.29004 27.86478 0.34410 0.03908 0.35267 0.26415 1439.228
1.145 0.58023 48.08502 1.29169 27.90048 0.34392 0.03922 0.35231 0.26455 1439.682
1.150 0.58014 48.15418 1.29335 27.93626 0.34375 0.03936 0.35195 0.26494 1440.138
1.155 0.58005 48.22352 1.29501 27.97214 0.34357 0.03951 0.35158 0.26534 1440.594
1.160 0.57996 48.29304 1.29667 28.00810 0.34340 0.03965 0.35122 0.26573 1441.051
1.165 0.57987 48.36274 1.29834 28.04416 0.34322 0.03979 0.35085 0.26613 1441.509
1.170 0.57978 48.43263 1.30001 28.08031 0.34305 0.03994 0.35049 0.26653 1441.967
1.175 0.57969 48.50271 1.30169 28.11655 0.34287 0.04008 0.35012 0.26692 1442.426
1.180 0.57960 48.57296 1.30337 28.15288 0.34269 0.04023 0.34976 0.26732 1442.886
1.185 0.57951 48.64341 1.30506 28.18930 0.34252 0.04038 0.34939 0.26771 1443.347
1.190 0.57942 48.71403 1.30675 28.22581 0.34234 0.04052 0.34903 0.26811 1443.809
1.195 0.57933 48.78485 1.30845 28.26242 0.34216 0.04067 0.34866 0.26851 1444.271
1.200 0.57924 48.85585 1.31014 28.29912 0.34198 0.04082 0.34829 0.26891 1444.734
1.205 0.57915 48.92704 1.31185 28.33591 0.34180 0.04097 0.34793 0.26930 1445.198
1.210 0.57906 48.99842 1.31356 28.37280 0.34162 0.04112 0.34756 0.26970 1445.662
1.215 0.57896 49.06999 1.31527 28.40978 0.34144 0.04127 0.34720 0.27010 1446.128
1.220 0.57887 49.14175 1.31698 28.44685 0.34126 0.04141 0.34683 0.27049 1446.594
1.225 0.57878 49.21370 1.31870 28.48402 0.34108 0.04156 0.34646 0.27089 1447.061
1.230 0.57869 49.28585 1.32043 28.52128 0.34090 0.04172 0.34609 0.27129 1447.529
1.235 0.57860 49.35818 1.32216 28.55864 0.34072 0.04187 0.34573 0.27169 1447.997
1.240 0.57851 49.43071 1.32389 28.59609 0.34053 0.04202 0.34536 0.27209 1448.466
1.245 0.57842 49.50343 1.32563 28.63364 0.34035 0.04217 0.34499 0.27248 1448.936
1.250 0.57833 49.57635 1.32737 28.67128 0.34017 0.04232 0.34463 0.27288 1449.407
1.255 0.57823 49.64946 1.32912 28.70902 0.33998 0.04248 0.34426 0.27328 1449.879
1.260 0.57814 49.72277 1.33087 28.74686 0.33980 0.04263 0.34389 0.27368 1450.352
1.265 0.57805 49.79627 1.33263 28.78479 0.33962 0.04278 0.34352 0.27408 1450.825
1.270 0.57796 49.86998 1.33439 28.82282 0.33943 0.04294 0.34315 0.27448 1451.299
1.275 0.57787 49.94388 1.33616 28.86095 0.33925 0.04309 0.34278 0.27488 1451.774
1.280 0.57778 50.01798 1.33792 28.89917 0.33906 0.04325 0.34242 0.27528 1452.250
1.285 0.57768 50.09228 1.33970 28.93750 0.33887 0.04340 0.34205 0.27568 1452.726
1.290 0.57759 50.16678 1.34148 28.97592 0.33869 0.04356 0.34168 0.27608 1453.203
1.295 0.57750 50.24148 1.34326 29.01444 0.33850 0.04372 0.34131 0.27648 1453.682
1.300 0.57741 50.31638 1.34505 29.05306 0.33831 0.04388 0.34094 0.27688 1454.161
1.305 0.57732 50.39149 1.34684 29.09178 0.33812 0.04403 0.34057 0.27727 1454.640
1.310 0.57722 50.46680 1.34864 29.13060 0.33793 0.04419 0.34020 0.27767 1455.121
1.315 0.57713 50.54232 1.35044 29.16952 0.33774 0.04435 0.33983 0.27808 1455.602
1.320 0.57704 50.61804 1.35225 29.20854 0.33755 0.04451 0.33946 0.27848 1456.085
1.325 0.57695 50.69397 1.35406 29.24766 0.33736 0.04467 0.33909 0.27888 1456.568
1.330 0.57685 50.77010 1.35587 29.28688 0.33717 0.04483 0.33872 0.27928 1457.052
1.335 0.57676 50.84644 1.35769 29.32620 0.33698 0.04499 0.33835 0.27968 1457.536
1.340 0.57667 50.92299 1.35952 29.36562 0.33679 0.04515 0.33798 0.28008 1458.022
1.345 0.57657 50.99975 1.36135 29.40515 0.33660 0.04531 0.33761 0.28048 1458.509
1.350 0.57648 51.07672 1.36318 29.44478 0.33641 0.04548 0.33724 0.28088 1458.996
1.355 0.57639 51.15390 1.36502 29.48451 0.33621 0.04564 0.33687 0.28128 1459.484
1.360 0.57630 51.23129 1.36687 29.52434 0.33602 0.04580 0.33650 0.28168 1459.973
1.365 0.57620 51.30890 1.36872 29.56428 0.33583 0.04597 0.33612 0.28208 1460.463
1.370 0.57611 51.38672 1.37057 29.60432 0.33563 0.04613 0.33575 0.28248 1460.953
1.375 0.57601 51.46475 1.37243 29.64447 0.33544 0.04630 0.33538 0.28288 1461.445
1.380 0.57592 51.54300 1.37429 29.68472 0.33524 0.04646 0.33501 0.28329 1461.937
1.385 0.57583 51.62146 1.37616 29.72507 0.33505 0.04663 0.33464 0.28369 1462.430
1.390 0.57573 51.70014 1.37803 29.76553 0.33485 0.04679 0.33426 0.28409 1462.925
1.395 0.57564 51.77904 1.37991 29.80610 0.33465 0.04696 0.33389 0.28449 1463.420
1.400 0.57555 51.85816 1.38179 29.84677 0.33446 0.04713 0.33352 0.28489 1463.915
1.405 0.57545 51.93750 1.38368 29.88754 0.33426 0.04730 0.33315 0.28529 1464.412
1.410 0.57536 52.01705 1.38558 29.92843 0.33406 0.04747 0.33277 0.28570 1464.910
1.415 0.57526 52.09683 1.38747 29.96942 0.33386 0.04764 0.33240 0.28610 1465.408
1.420 0.57517 52.17683 1.38938 30.01052 0.33367 0.04780 0.33203 0.28650 1465.907
1.425 0.57507 52.25705 1.39128 30.05172 0.33347 0.04797 0.33166 0.28690 1466.408
1.430 0.57498 52.33750 1.39320 30.09304 0.33327 0.04815 0.33128 0.28731 1466.909
1.435 0.57489 52.41817 1.39511 30.13446 0.33307 0.04832 0.33091 0.28771 1467.411
1.440 0.57479 52.49907 1.39704 30.17599 0.33287 0.04849 0.33053 0.28811 1467.913
1.445 0.57470 52.58019 1.39896 30.21763 0.33267 0.04866 0.33016 0.28851 1468.417
1.450 0.57460 52.66154 1.40090 30.25938 0.33246 0.04883 0.32979 0.28892 1468.922
1.455 0.57451 52.74312 1.40284 30.30124 0.33226 0.04901 0.32941 0.28932 1469.427
1.460 0.57441 52.82493 1.40478 30.34321 0.33206 0.04918 0.32904 0.28972 1469.934
1.465 0.57432 52.90697 1.40673 30.38529 0.33186 0.04936 0.32866 0.29012 1470.441
1.470 0.57422 52.98924 1.40868 30.42748 0.33165 0.04953 0.32829 0.29053 1470.949
1.475 0.57412 53.07174 1.41064 30.46978 0.33145 0.04971 0.32792 0.29093 1471.458
1.480 0.57403 53.15447 1.41260 30.51219 0.33125 0.04988 0.32754 0.29133 1471.968
1.485 0.57393 53.23744 1.41457 30.55472 0.33104 0.05006 0.32717 0.29174 1472.479
1.490 0.57384 53.32064 1.41654 30.59736 0.33084 0.05023 0.32679 0.29214 1472.991
1.495 0.57374 53.40408 1.41852 30.64011 0.33063 0.05041 0.32642 0.29254 1473.504
1.500 0.57364 53.48776 1.42051 30.68297 0.33042 0.05059 0.32604 0.29294 1474.018
1.505 0.57355 53.57167 1.42250 30.72595 0.33022 0.05077 0.32566 0.29335 1474.532
1.510 0.57345 53.65582 1.42449 30.76904 0.33001 0.05095 0.32529 0.29375 1475.048
1.515 0.57336 53.74021 1.42649 30.81225 0.32980 0.05113 0.32491 0.29415 1475.564
1.520 0.57326 53.82484 1.42850 30.85557 0.32960 0.05131 0.32454 0.29456 1476.082
1.525 0.57316 53.90972 1.43051 30.89901 0.32939 0.05149 0.32416 0.29496 1476.600
1.530 0.57307 53.99483 1.43253 30.94256 0.32918 0.05167 0.32379 0.29536 1477.119
1.535 0.57297 54.08019 1.43455 30.98622 0.32897 0.05185 0.32341 0.29577 1477.640
1.540 0.57287 54.16580 1.43657 31.03001 0.32876 0.05204 0.32303 0.29617 1478.161
1.545 0.57277 54.25165 1.43861 31.07391 0.32855 0.05222 0.32266 0.29657 1478.683
1.550 0.57268 54.33774 1.44064 31.11793 0.32834 0.05240 0.32228 0.29698 1479.206
1.555 0.57258 54.42409 1.44269 31.16206 0.32813 0.05259 0.32190 0.29738 1479.730
1.560 0.57248 54.51068 1.44474 31.20631 0.32792 0.05277 0.32153 0.29778 1480.255
1.565 0.57238 54.59752 1.44679 31.25068 0.32771 0.05296 0.32115 0.29819 1480.781
1.570 0.57228 54.68461 1.44885 31.29517 0.32750 0.05314 0.32077 0.29859 1481.307
1.575 0.57219 54.77196 1.45092 31.33978 0.32728 0.05333 0.32039 0.29900 1481.835
1.580 0.57209 54.85955 1.45299 31.38451 0.32707 0.05351 0.32002 0.29940 1482.364
1.585 0.57199 54.94740 1.45506 31.42936 0.32686 0.05370 0.31964 0.29980 1482.894
1.590 0.57189 55.03551 1.45714 31.47433 0.32664 0.05389 0.31926 0.30021 1483.425
1.595 0.57179 55.12387 1.45923 31.51942 0.32643 0.05408 0.31888 0.30061 1483.956
1.600 0.57169 55.21249 1.46133 31.56463 0.32621 0.05427 0.31851 0.30101 1484.489
1.605 0.57159 55.30136 1.46342 31.60996 0.32600 0.05446 0.31813 0.30142 1485.023
1.610 0.57150 55.39050 1.46553 31.65541 0.32578 0.05465 0.31775 0.30182 1485.557
1.615 0.57140 55.47989 1.46764 31.70099 0.32557 0.05484 0.31737 0.30222 1486.093
1.620 0.57130 55.56955 1.46975 31.74669 0.32535 0.05503 0.31699 0.30263 1486.630
1.625 0.57120 55.65947 1.47188 31.79251 0.32513 0.05522 0.31661 0.30303 1487.167
1.630 0.57110 55.74965 1.47400 31.83845 0.32491 0.05541 0.31624 0.30343 1487.706
1.635 0.57100 55.84010 1.47614 31.88452 0.32470 0.05561 0.31586 0.30384 1488.245
1.640 0.57090 55.93081 1.47827 31.93072 0.32448 0.05580 0.31548 0.30424 1488.786
1.645 0.57080 56.02179 1.48042 31.97704 0.32426 0.05600 0.31510 0.30465 1489.328
1.650 0.57070 56.11304 1.48257 32.02348 0.32404 0.05619 0.31472 0.30505 1489.870
1.655 0.57060 56.20456 1.48472 32.07005 0.32382 0.05639 0.31434 0.30545 1490.414
1.660 0.57049 56.29634 1.48689 32.11675 0.32360 0.05658 0.31396 0.30586 1490.959
1.665 0.57039 56.38840 1.48905 32.16357 0.32338 0.05678 0.31358 0.30626 1491.504
1.670 0.57029 56.48073 1.49123 32.21052 0.32316 0.05698 0.31320 0.30666 1492.051
1.675 0.57019 56.57334 1.49341 32.25759 0.32294 0.05717 0.31282 0.30707 1492.599
1.680 0.57009 56.66622 1.49559 32.30480 0.32272 0.05737 0.31244 0.30747 1493.147
1.685 0.56999 56.75937 1.49778 32.35213 0.32249 0.05757 0.31206 0.30787 1493.697
1.690 0.56989 56.85281 1.49998 32.39959 0.32227 0.05777 0.31168 0.30828 1494.248
1.695 0.56978 56.94652 1.50218 32.44719 0.32205 0.05797 0.31130 0.30868 1494.800
1.700 0.56968 57.04051 1.50439 32.49491 0.32182 0.05817 0.31092 0.30908 1495.353
1.705 0.56958 57.13478 1.50661 32.54276 0.32160 0.05837 0.31054 0.30949 1495.907
1.710 0.56948 57.22933 1.50883 32.59074 0.32138 0.05857 0.31016 0.30989 1496.462
1.715 0.56937 57.32417 1.51106 32.63885 0.32115 0.05878 0.30978 0.31029 1497.018
1.720 0.56927 57.41929 1.51329 32.68710 0.32092 0.05898 0.30940 0.31069 1497.575
1.725 0.56917 57.51470 1.51553 32.73547 0.32070 0.05918 0.30902 0.31110 1498.133
1.730 0.56906 57.61039 1.51778 32.78398 0.32047 0.05939 0.30864 0.31150 1498.692
1.735 0.56896 57.70637 1.52003 32.83262 0.32025 0.05959 0.30826 0.31190 1499.253
1.740 0.56886 57.80265 1.52229 32.88139 0.32002 0.05980 0.30788 0.31231 1499.814
1.745 0.56875 57.89921 1.52455 32.93030 0.31979 0.06000 0.30750 0.31271 1500.377
1.750 0.56865 57.99606 1.52682 32.97934 0.31956 0.06021 0.30711 0.31311 1500.940
1.755 0.56854 58.09321 1.52910 33.02852 0.31933 0.06042 0.30673 0.31351 1501.505
1.760 0.56844 58.19065 1.53138 33.07783 0.31911 0.06063 0.30635 0.31392 1502.070
1.765 0.56833 58.28839 1.53367 33.12728 0.31888 0.06083 0.30597 0.31432 1502.637
1.770 0.56823 58.38642 1.53597 33.17686 0.31865 0.06104 0.30559 0.31472 1503.205
1.775 0.56812 58.48476 1.53827 33.22658 0.31842 0.06125 0.30521 0.31512 1503.774
1.780 0.56802 58.58339 1.54058 33.27644 0.31819 0.06146 0.30483 0.31553 1504.344
1.785 0.56791 58.68232 1.54289 33.32643 0.31796 0.06167 0.30444 0.31593 1504.915
1.790 0.56781 58.78156 1.54521 33.37657 0.31772 0.06188 0.30406 0.31633 1505.487
1.795 0.56770 58.88110 1.54754 33.42684 0.31749 0.06210 0.30368 0.31673 1506.061
1.800 0.56759 58.98095 1.54987 33.47725 0.31726 0.06231 0.30330 0.31713 1506.635
1.805 0.56749 59.08110 1.55221 33.52780 0.31703 0.06252 0.30291 0.31754 1507.211
1.810 0.56738 59.18156 1.55456 33.57848 0.31679 0.06274 0.30253 0.31794 1507.788
1.815 0.56727 59.28233 1.55691 33.62931 0.31656 0.06295 0.30215 0.31834 1508.365
1.820 0.56717 59.38340 1.55927 33.68028 0.31633 0.06317 0.30177 0.31874 1508.944
1.825 0.56706 59.48480 1.56164 33.73139 0.31609 0.06338 0.30138 0.31914 1509.525
1.830 0.56695 59.58650 1.56401 33.78265 0.31586 0.06360 0.30100 0.31954 1510.106
1.835 0.56684 59.68852 1.56639 33.83404 0.31562 0.06381 0.30062 0.31994 1510.688
1.840 0.56674 59.79085 1.56878 33.88558 0.31539 0.06403 0.30024 0.32035 1511.272
1.845 0.56663 59.89351 1.57117 33.93726 0.31515 0.06425 0.29985 0.32075 1511.856
1.850 0.56652 59.99648 1.57357 33.98909 0.31491 0.06447 0.29947 0.32115 1512.442
1.855 0.56641 60.09977 1.57597 34.04106 0.31468 0.06469 0.29909 0.32155 1513.029
1.860 0.56630 60.20338 1.57839 34.09317 0.31444 0.06491 0.29870 0.32195 1513.617
1.865 0.56619 60.30732 1.58081 34.14543 0.31420 0.06513 0.29832 0.32235 1514.207
1.870 0.56608 60.41158 1.58323 34.19783 0.31396 0.06535 0.29794 0.32275 1514.797
1.875 0.56597 60.51617 1.58567 34.25038 0.31372 0.06557 0.29755 0.32315 1515.389
1.880 0.56586 60.62109 1.58811 34.30308 0.31349 0.06579 0.29717 0.32355 1515.982
1.885 0.56575 60.72633 1.59055 34.35593 0.31325 0.06602 0.29679 0.32395 1516.576
1.890 0.56564 60.83191 1.59301 34.40892 0.31301 0.06624 0.29640 0.32435 1517.171
1.895 0.56553 60.93782 1.59547 34.46206 0.31277 0.06647 0.29602 0.32475 1517.767
1.900 0.56542 61.04406 1.59793 34.51535 0.31252 0.06669 0.29563 0.32515 1518.365
1.905 0.56531 61.15063 1.60041 34.56879 0.31228 0.06692 0.29525 0.32555 1518.964
1.910 0.56519 61.25755 1.60289 34.62238 0.31204 0.06714 0.29487 0.32595 1519.564
1.915 0.56508 61.36480 1.60538 34.67612 0.31180 0.06737 0.29448 0.32635 1520.165
1.920 0.56497 61.47239 1.60787 34.73001 0.31156 0.06760 0.29410 0.32675 1520.767
1.925 0.56486 61.58033 1.61037 34.78406 0.31131 0.06783 0.29371 0.32715 1521.371
1.930 0.56474 61.68860 1.61288 34.83825 0.31107 0.06805 0.29333 0.32754 1521.976
1.935 0.56463 61.79723 1.61540 34.89260 0.31083 0.06828 0.29295 0.32794 1522.582
1.940 0.56452 61.90619 1.61792 34.94710 0.31058 0.06851 0.29256 0.32834 1523.189
1.945 0.56440 62.01551 1.62045 35.00175 0.31034 0.06874 0.29218 0.32874 1523.797
1.950 0.56429 62.12518 1.62299 35.05656 0.31009 0.06898 0.29179 0.32914 1524.407
1.955 0.56417 62.23519 1.62553 35.11152 0.30985 0.06921 0.29141 0.32954 1525.018
1.960 0.56406 62.34556 1.62809 35.16664 0.30960 0.06944 0.29102 0.32993 1525.630
1.965 0.56395 62.45628 1.63064 35.22191 0.30936 0.06967 0.29064 0.33033 1526.244
1.970 0.56383 62.56736 1.63321 35.27734 0.30911 0.06991 0.29025 0.33073 1526.859
1.975 0.56371 62.67880 1.63578 35.33293 0.30886 0.07014 0.28987 0.33113 1527.475
1.980 0.56360 62.79060 1.63836 35.38867 0.30862 0.07038 0.28948 0.33152 1528.092
1.985 0.56348 62.90276 1.64095 35.44457 0.30837 0.07061 0.28910 0.33192 1528.710
1.990 0.56337 63.01528 1.64355 35.50063 0.30812 0.07085 0.28871 0.33232 1529.330
1.995 0.56325 63.12816 1.64615 35.55685 0.30787 0.07109 0.28833 0.33271 1529.951
2.000 0.56313 63.24141 1.64876 35.61323 0.30762 0.07133 0.28794 0.33311 1530.574
2.005 0.56301 63.35503 1.65138 35.66977 0.30737 0.07156 0.28756 0.33351 1531.197
2.010 0.56290 63.46902 1.65400 35.72647 0.30712 0.07180 0.28717 0.33390 1531.822
2.015 0.56278 63.58339 1.65664 35.78333 0.30687 0.07204 0.28679 0.33430 1532.448
2.020 0.56266 63.69812 1.65928 35.84035 0.30662 0.07228 0.28640 0.33469 1533.076
2.025 0.56254 63.81323 1.66192 35.89754 0.30637 0.07252 0.28602 0.33509 1533.705
2.030 0.56242 63.92872 1.66458 35.95489 0.30612 0.07277 0.28563 0.33548 1534.335
2.035 0.56230 64.04458 1.66724 36.01240 0.30587 0.07301 0.28524 0.33588 1534.966
2.040 0.56218 64.16083 1.66991 36.07007 0.30561 0.07325 0.28486 0.33627 1535.599
2.045 0.56206 64.27745 1.67259 36.12791 0.30536 0.07350 0.28447 0.33667 1536.233
2.050 0.56194 64.39447 1.67527 36.18592 0.30511 0.07374 0.28409 0.33706 1536.868
2.055 0.56182 64.51186 1.67797 36.24409 0.30485 0.07399 0.28370 0.33746 1537.505
2.060 0.56170 64.62965 1.68067 36.30243 0.30460 0.07423 0.28332 0.33785 1538.143
2.065 0.56158 64.74782 1.68338 36.36094 0.30435 0.07448 0.28293 0.33824 1538.783
2.070 0.56146 64.86639 1.68609 36.41961 0.30409 0.07473 0.28254 0.33864 1539.424
2.075 0.56133 64.98535 1.68882 36.47845 0.30384 0.07497 0.28216 0.33903 1540.066
2.080 0.56121 65.10471 1.69155 36.53746 0.30358 0.07522 0.28177 0.33942 1540.709
2.085 0.56109 65.22446 1.69429 36.59664 0.30333 0.07547 0.28139 0.33982 1541.354
2.090 0.56096 65.34462 1.69704 36.65599 0.30307 0.07572 0.28100 0.34021 1542.000
2.095 0.56084 65.46517 1.69979 36.71551 0.30281 0.07597 0.28061 0.34060 1542.648
2.100 0.56072 65.58613 1.70256 36.77520 0.30256 0.07622 0.28023 0.34099 1543.297
2.105 0.56059 65.70749 1.70533 36.83507 0.30230 0.07647 0.27984 0.34139 1543.947
2.110 0.56047 65.82926 1.70811 36.89510 0.30204 0.07673 0.27946 0.34178 1544.599
2.115 0.56034 65.95144 1.71089 36.95531 0.30178 0.07698 0.27907 0.34217 1545.252
2.120 0.56022 66.07403 1.71369 37.01570 0.30152 0.07723 0.27868 0.34256 1545.907
2.125 0.56009 66.19704 1.71649 37.07625 0.30126 0.07749 0.27830 0.34295 1546.563
2.130 0.55996 66.32046 1.71930 37.13699 0.30100 0.07774 0.27791 0.34334 1547.220
2.135 0.55984 66.44429 1.72212 37.19789 0.30074 0.07800 0.27752 0.34373 1547.879
2.140 0.55971 66.56855 1.72495 37.25898 0.30048 0.07826 0.27714 0.34412 1548.539
2.145 0.55958 66.69323 1.72779 37.32024 0.30022 0.07851 0.27675 0.34451 1549.201
2.150 0.55945 66.81833 1.73063 37.38168 0.29996 0.07877 0.27637 0.34490 1549.864
2.155 0.55932 66.94386 1.73349 37.44329 0.29970 0.07903 0.27598 0.34529 1550.528
2.160 0.55919 67.06981 1.73635 37.50509 0.29944 0.07929 0.27559 0.34568 1551.194
2.165 0.55907 67.19620 1.73922 37.56706 0.29918 0.07955 0.27521 0.34607 1551.862
2.170 0.55894 67.32301 1.74209 37.62922 0.29891 0.07981 0.27482 0.34646 1552.531
2.175 0.55881 67.45027 1.74498 37.69155 0.29865 0.08007 0.27443 0.34685 1553.201
2.180 0.55867 67.57796 1.74787 37.75407 0.29839 0.08033 0.27405 0.34723 1553.873
2.185 0.55854 67.70608 1.75078 37.81677 0.29812 0.08060 0.27366 0.34762 1554.546
2.190 0.55841 67.83465 1.75369 37.87965 0.29786 0.08086 0.27327 0.34801 1555.221
2.195 0.55828 67.96367 1.75661 37.94271 0.29760 0.08112 0.27289 0.34840 1555.897
2.200 0.55815 68.09312 1.75954 38.00596 0.29733 0.08139 0.27250 0.34878 1556.575
2.205 0.55801 68.22303 1.76247 38.06939 0.29707 0.08165 0.27211 0.34917 1557.254
2.210 0.55788 68.35339 1.76542 38.13301 0.29680 0.08192 0.27173 0.34955 1557.935
2.215 0.55775 68.48419 1.76837 38.19681 0.29653 0.08219 0.27134 0.34994 1558.617
2.220 0.55761 68.61546 1.77133 38.26080 0.29627 0.08245 0.27095 0.35033 1559.301
2.225 0.55748 68.74718 1.77430 38.32498 0.29600 0.08272 0.27057 0.35071 1559.986
2.230 0.55734 68.87936 1.77728 38.38935 0.29573 0.08299 0.27018 0.35110 1560.673
2.235 0.55721 69.01200 1.78027 38.45390 0.29547 0.08326 0.26979 0.35148 1561.361
2.240 0.55707 69.14510 1.78327 38.51864 0.29520 0.08353 0.26941 0.35187 1562.051
2.245 0.55693 69.27868 1.78628 38.58358 0.29493 0.08380 0.26902 0.35225 1562.742
2.250 0.55680 69.41272 1.78929 38.64870 0.29466 0.08408 0.26863 0.35263 1563.435
2.255 0.55666 69.54723 1.79232 38.71401 0.29439 0.08435 0.26824 0.35302 1564.130
2.260 0.55652 69.68222 1.79535 38.77952 0.29412 0.08462 0.26786 0.35340 1564.826
2.265 0.55638 69.81768 1.79839 38.84522 0.29385 0.08489 0.26747 0.35378 1565.524
2.270 0.55624 69.95362 1.80144 38.91111 0.29358 0.08517 0.26708 0.35416 1566.223
2.275 0.55610 70.09005 1.80450 38.97720 0.29331 0.08544 0.26670 0.35455 1566.924
2.280 0.55596 70.22696 1.80757 39.04348 0.29304 0.08572 0.26631 0.35493 1567.626
2.285 0.55582 70.36435 1.81065 39.10995 0.29277 0.08600 0.26592 0.35531 1568.330
2.290 0.55568 70.50223 1.81373 39.17663 0.29250 0.08628 0.26554 0.35569 1569.036
2.295 0.55554 70.64061 1.81683 39.24350 0.29223 0.08655 0.26515 0.35607 1569.743
2.300 0.55539 70.77948 1.81993 39.31056 0.29195 0.08683 0.26476 0.35645 1570.452
2.305 0.55525 70.91884 1.82305 39.37783 0.29168 0.08711 0.26438 0.35683 1571.163
2.310 0.55511 71.05871 1.82617 39.44529 0.29141 0.08739 0.26399 0.35721 1571.875
2.315 0.55496 71.19908 1.82930 39.51296 0.29113 0.08767 0.26360 0.35759 1572.588
2.320 0.55482 71.33995 1.83245 39.58082 0.29086 0.08796 0.26322 0.35797 1573.304
2.325 0.55467 71.48133 1.83560 39.64889 0.29059 0.08824 0.26283 0.35835 1574.021
2.330 0.55453 71.62322 1.83876 39.71715 0.29031 0.08852 0.26244 0.35873 1574.740
2.335 0.55438 71.76562 1.84193 39.78562 0.29004 0.08881 0.26206 0.35910 1575.460
2.340 0.55424 71.90854 1.84511 39.85429 0.28976 0.08909 0.26167 0.35948 1576.182
2.345 0.55409 72.05198 1.84829 39.92317 0.28949 0.08938 0.26128 0.35986 1576.906
2.350 0.55394 72.19594 1.85149 39.99225 0.28921 0.08966 0.26089 0.36023 1577.631
2.355 0.55379 72.34042 1.85470 40.06154 0.28893 0.08995 0.26051 0.36061 1578.358
2.360 0.55364 72.48543 1.85792 40.13103 0.28866 0.09024 0.26012 0.36099 1579.087
2.365 0.55349 72.63097 1.86115 40.20073 0.28838 0.09052 0.25973 0.36136 1579.818
2.370 0.55334 72.77704 1.86438 40.27064 0.28810 0.09081 0.25935 0.36174 1580.550
2.375 0.55319 72.92365 1.86763 40.34076 0.28782 0.09110 0.25896 0.36211 1581.284
2.380 0.55304 73.07080 1.87088 40.41108 0.28755 0.09139 0.25857 0.36249 1582.019
2.385 0.55289 73.21848 1.87415 40.48162 0.28727 0.09168 0.25819 0.36286 1582.757
2.390 0.55274 73.36672 1.87742 40.55237 0.28699 0.09198 0.25780 0.36323 1583.496
2.395 0.55258 73.51550 1.88071 40.62332 0.28671 0.09227 0.25741 0.36361 1584.237
2.400 0.55243 73.66483 1.88400 40.69449 0.28643 0.09256 0.25703 0.36398 1584.980
2.405 0.55227 73.81471 1.88731 40.76588 0.28615 0.09286 0.25664 0.36435 1585.724
2.410 0.55212 73.96515 1.89062 40.83748 0.28587 0.09315 0.25626 0.36472 1586.470
2.415 0.55196 74.11615 1.89395 40.90929 0.28559 0.09345 0.25587 0.36510 1587.218
2.420 0.55181 74.26772 1.89728 40.98132 0.28531 0.09374 0.25548 0.36547 1587.968
2.425 0.55165 74.41985 1.90063 41.05356 0.28503 0.09404 0.25510 0.36584 1588.720
2.430 0.55149 74.57254 1.90398 41.12602 0.28475 0.09434 0.25471 0.36621 1589.473
2.435 0.55133 74.72581 1.90735 41.19870 0.28446 0.09464 0.25432 0.36658 1590.228
2.440 0.55117 74.87966 1.91072 41.27159 0.28418 0.09494 0.25394 0.36695 1590.985
2.445 0.55101 75.03408 1.91411 41.34471 0.28390 0.09524 0.25355 0.36732 1591.744
2.450 0.55085 75.18909 1.91750 41.41805 0.28362 0.09554 0.25316 0.36768 1592.505
2.455 0.55069 75.34468 1.92091 41.49160 0.28333 0.09584 0.25278 0.36805 1593.267
2.460 0.55053 75.50086 1.92432 41.56538 0.28305 0.09614 0.25239 0.36842 1594.032
2.465 0.55037 75.65763 1.92775 41.63938 0.28276 0.09644 0.25201 0.36879 1594.798
2.470 0.55020 75.81500 1.93119 41.71361 0.28248 0.09675 0.25162 0.36915 1595.566
2.475 0.55004 75.97297 1.93463 41.78806 0.28220 0.09705 0.25123 0.36952 1596.336
2.480 0.54987 76.13153 1.93809 41.86273 0.28191 0.09736 0.25085 0.36989 1597.108
2.485 0.54971 76.29071 1.94156 41.93763 0.28163 0.09766 0.25046 0.37025 1597.882
2.490 0.54954 76.45049 1.94504 42.01276 0.28134 0.09797 0.25007 0.37062 1598.658
2.495 0.54938 76.61088 1.94852 42.08811 0.28105 0.09828 0.24969 0.37098 1599.436
2.500 0.54921 76.77190 1.95202 42.16370 0.28077 0.09858 0.24930 0.37134 1600.215
2.505 0.54904 76.93353 1.95553 42.23951 0.28048 0.09889 0.24892 0.37171 1600.997
2.510 0.54887 77.09578 1.95905 42.31555 0.28019 0.09920 0.24853 0.37207 1601.780
2.515 0.54870 77.25866 1.96258 42.39182 0.27991 0.09951 0.24815 0.37243 1602.565
2.520 0.54853 77.42217 1.96613 42.46833 0.27962 0.09982 0.24776 0.37280 1603.353
2.525 0.54836 77.58631 1.96968 42.54506 0.27933 0.10014 0.24737 0.37316 1604.142
2.530 0.54819 77.75109 1.97324 42.62203 0.27904 0.10045 0.24699 0.37352 1604.933
2.535 0.54801 77.91652 1.97682 42.69924 0.27875 0.10076 0.24660 0.37388 1605.727
2.540 0.54784 78.08258 1.98040 42.77667 0.27847 0.10108 0.24622 0.37424 1606.522
2.545 0.54766 78.24930 1.98400 42.85435 0.27818 0.10139 0.24583 0.37460 1607.319
2.550 0.54749 78.41667 1.98760 42.93226 0.27789 0.10171 0.24545 0.37496 1608.119
2.555 0.54731 78.58469 1.99122 43.01041 0.27760 0.10202 0.24506 0.37532 1608.920
2.560 0.54714 78.75338 1.99485 43.08880 0.27731 0.10234 0.24468 0.37568 1609.723
2.565 0.54696 78.92273 1.99849 43.16743 0.27702 0.10266 0.24429 0.37603 1610.529
2.570 0.54678 79.09275 2.00214 43.24630 0.27673 0.10298 0.24391 0.37639 1611.336
2.575 0.54660 79.26344 2.00581 43.32541 0.27643 0.10330 0.24352 0.37675 1612.146
2.580 0.54642 79.43481 2.00948 43.40476 0.27614 0.10362 0.24314 0.37710 1612.957
2.585 0.54624 79.60686 2.01316 43.48435 0.27585 0.10394 0.24275 0.37746 1613.771
2.590 0.54606 79.77959 2.01686 43.56419 0.27556 0.10426 0.24237 0.37782 1614.587
2.595 0.54587 79.95301 2.02057 43.64427 0.27527 0.10458 0.24198 0.37817 1615.405
2.600 0.54569 80.12712 2.02429 43.72460 0.27497 0.10491 0.24160 0.37852 1616.225
2.605 0.54551 80.30193 2.02802 43.80518 0.27468 0.10523 0.24121 0.37888 1617.047
2.610 0.54532 80.47744 2.03176 43.88600 0.27439 0.10555 0.24083 0.37923 1617.871
2.615 0.54513 80.65365 2.03551 43.96707 0.27409 0.10588 0.24044 0.37958 1618.697
2.620 0.54495 80.83058 2.03928 44.04839 0.27380 0.10621 0.24006 0.37994 1619.526
2.625 0.54476 81.00822 2.04305 44.12996 0.27351 0.10653 0.23967 0.38029 1620.357
2.630 0.54457 81.18657 2.04684 44.21178 0.27321 0.10686 0.23929 0.38064 1621.190
2.635 0.54438 81.36565 2.05064 44.29386 0.27292 0.10719 0.23890 0.38099 1622.025
2.640 0.54419 81.54546 2.05445 44.37618 0.27262 0.10752 0.23852 0.38134 1622.862
2.645 0.54400 81.72599 2.05828 44.45876 0.27233 0.10785 0.23814 0.38169 1623.701
2.650 0.54381 81.90726 2.06211 44.54160 0.27203 0.10818 0.23775 0.38204 1624.543
2.655 0.54361 82.08928 2.06596 44.62469 0.27173 0.10851 0.23737 0.38239 1625.387
2.660 0.54342 82.27203 2.06982 44.70804 0.27144 0.10884 0.23698 0.38273 1626.233
2.665 0.54322 82.45554 2.07369 44.79165 0.27114 0.10918 0.23660 0.38308 1627.082
2.670 0.54303 82.63980 2.07757 44.87551 0.27084 0.10951 0.23622 0.38343 1627.932
2.675 0.54283 82.82482 2.08146 44.95964 0.27055 0.10985 0.23583 0.38377 1628.785
2.680 0.54263 83.01061 2.08537 45.04402 0.27025 0.11018 0.23545 0.38412 1629.640
2.685 0.54243 83.19716 2.08929 45.12867 0.26995 0.11052 0.23507 0.38446 1630.498
2.690 0.54223 83.38448 2.09322 45.21358 0.26965 0.11086 0.23468 0.38481 1631.358
2.695 0.54203 83.57259 2.09716 45.29875 0.26936 0.11119 0.23430 0.38515 1632.220
2.700 0.54183 83.76147 2.10112 45.38419 0.26906 0.11153 0.23392 0.38549 1633.084
2.705 0.54162 83.95114 2.10509 45.46989 0.26876 0.11187 0.23353 0.38584 1633.951
2.710 0.54142 84.14161 2.10907 45.55586 0.26846 0.11221 0.23315 0.38618 1634.820
2.715 0.54121 84.33287 2.11306 45.64210 0.26816 0.11255 0.23277 0.38652 1635.692
2.720 0.54101 84.52494 2.11706 45.72860 0.26786 0.11289 0.23238 0.38686 1636.566
2.725 0.54080 84.71781 2.12108 45.81537 0.26756 0.11324 0.23200 0.38720 1637.442
2.730 0.54059 84.91150 2.12511 45.90242 0.26726 0.11358 0.23162 0.38754 1638.321
2.735 0.54038 85.10601 2.12915 45.98974 0.26696 0.11392 0.23124 0.38788 1639.202
2.740 0.54017 85.30134 2.13321 46.07733 0.26666 0.11427 0.23085 0.38822 1640.085
2.745 0.53996 85.49749 2.13728 46.16519 0.26636 0.11461 0.23047 0.38856 1640.971
2.750 0.53975 85.69449 2.14136 46.25332 0.26606 0.11496 0.23009 0.38889 1641.860
2.755 0.53953 85.89232 2.14545 46.34174 0.26575 0.11531 0.22971 0.38923 1642.751
2.760 0.53932 86.09099 2.14956 46.43043 0.26545 0.11566 0.22933 0.38957 1643.644
2.765 0.53910 86.29052 2.15368 46.51939 0.26515 0.11600 0.22894 0.38990 1644.540
2.770 0.53888 86.49090 2.15781 46.60864 0.26485 0.11635 0.22856 0.39024 1645.438
2.775 0.53867 86.69215 2.16195 46.69816 0.26454 0.11670 0.22818 0.39057 1646.339
2.780 0.53845 86.89426 2.16611 46.78797 0.26424 0.11706 0.22780 0.39090 1647.243
2.785 0.53823 87.09724 2.17028 46.87806 0.26394 0.11741 0.22742 0.39124 1648.149
2.790 0.53800 87.30110 2.17446 46.96843 0.26363 0.11776 0.22704 0.39157 1649.057
2.795 0.53778 87.50585 2.17866 47.05908 0.26333 0.11811 0.22665 0.39190 1649.968
2.800 0.53756 87.71148 2.18287 47.15002 0.26303 0.11847 0.22627 0.39223 1650.882
2.805 0.53733 87.91802 2.18709 47.24125 0.26272 0.11882 0.22589 0.39256 1651.798
2.810 0.53711 88.12545 2.19133 47.33276 0.26242 0.11918 0.22551 0.39289 1652.717
2.815 0.53688 88.33379 2.19558 47.42456 0.26211 0.11954 0.22513 0.39322 1653.639
2.820 0.53665 88.54305 2.19984 47.51665 0.26181 0.11989 0.22475 0.39355 1654.563
2.825 0.53642 88.75322 2.20412 47.60903 0.26150 0.12025 0.22437 0.39388 1655.490
2.830 0.53619 88.96433 2.20841 47.70170 0.26120 0.12061 0.22399 0.39421 1656.419
2.835 0.53596 89.17636 2.21272 47.79466 0.26089 0.12097 0.22361 0.39453 1657.351
2.840 0.53572 89.38933 2.21703 47.88792 0.26058 0.12133 0.22323 0.39486 1658.286
2.845 0.53549 89.60325 2.22136 47.98147 0.26028 0.12169 0.22285 0.39518 1659.224
2.850 0.53525 89.81812 2.22571 48.07532 0.25997 0.12205 0.22247 0.39551 1660.164
2.855 0.53501 90.03395 2.23007 48.16946 0.25966 0.12242 0.22209 0.39583 1661.107
2.860 0.53478 90.25074 2.23444 48.26391 0.25936 0.12278 0.22171 0.39616 1662.053
2.865 0.53454 90.46850 2.23883 48.35865 0.25905 0.12314 0.22133 0.39648 1663.001
2.870 0.53429 90.68724 2.24323 48.45369 0.25874 0.12351 0.22095 0.39680 1663.953
2.875 0.53405 90.90696 2.24764 48.54904 0.25843 0.12388 0.22057 0.39712 1664.907
2.880 0.53381 91.12768 2.25207 48.64468 0.25813 0.12424 0.22019 0.39744 1665.864
2.885 0.53356 91.34939 2.25651 48.74063 0.25782 0.12461 0.21981 0.39776 1666.824
2.890 0.53332 91.57210 2.26097 48.83689 0.25751 0.12498 0.21943 0.39808 1667.786
2.895 0.53307 91.79583 2.26544 48.93345 0.25720 0.12535 0.21905 0.39840 1668.752
2.900 0.53282 92.02058 2.26992 49.03031 0.25689 0.12572 0.21868 0.39872 1669.720
2.905 0.53257 92.24635 2.27442 49.12749 0.25658 0.12609 0.21830 0.39903 1670.691
2.910 0.53232 92.47315 2.27893 49.22498 0.25627 0.12646 0.21792 0.39935 1671.666
2.915 0.53206 92.70100 2.28346 49.32277 0.25596 0.12683 0.21754 0.39967 1672.643
2.920 0.53181 92.92989 2.28800 49.42088 0.25565 0.12721 0.21716 0.39998 1673.623
2.925 0.53155 93.15984 2.29256 49.51930 0.25534 0.12758 0.21678 0.40030 1674.606
2.930 0.53129 93.39084 2.29713 49.61803 0.25503 0.12795 0.21641 0.40061 1675.592
2.935 0.53104 93.62292 2.30172 49.71708 0.25472 0.12833 0.21603 0.40092 1676.581
2.940 0.53077 93.85608 2.30632 49.81645 0.25441 0.12871 0.21565 0.40123 1677.573
2.945 0.53051 94.09031 2.31093 49.91614 0.25410 0.12908 0.21527 0.40155 1678.568
2.950 0.53025 94.32564 2.31556 50.01614 0.25379 0.12946 0.21490 0.40186 1679.566
2.955 0.52998 94.56207 2.32021 50.11646 0.25347 0.12984 0.21452 0.40217 1680.567
2.960 0.52972 94.79961 2.32487 50.21711 0.25316 0.13022 0.21414 0.40248 1681.571
2.965 0.52945 95.03827 2.32954 50.31807 0.25285 0.13060 0.21377 0.40278 1682.579
2.970 0.52918 95.27805 2.33423 50.41937 0.25254 0.13098 0.21339 0.40309 1683.589
2.975 0.52891 95.51896 2.33893 50.52098 0.25223 0.13136 0.21301 0.40340 1684.603
2.980 0.52864 95.76101 2.34365 50.62292 0.25191 0.13175 0.21264 0.40371 1685.620
2.985 0.52836 96.00420 2.34839 50.72519 0.25160 0.13213 0.21226 0.40401 1686.640
2.990 0.52809 96.24856 2.35314 50.82779 0.25129 0.13251 0.21188 0.40432 1687.663
2.995 0.52781 96.49408 2.35790 50.93072 0.25097 0.13290 0.21151 0.40462 1688.689
3.000 0.52753 96.74077 2.36268 51.03398 0.25066 0.13328 0.21113 0.40492 1689.719
3.005 0.52725 96.98865 2.36748 51.13757 0.25035 0.13367 0.21076 0.40523 1690.751
3.010 0.52697 97.23771 2.37229 51.24150 0.25003 0.13406 0.21038 0.40553 1691.788
3.015 0.52669 97.48798 2.37712 51.34576 0.24972 0.13445 0.21001 0.40583 1692.827
3.020 0.52640 97.73945 2.38196 51.45036 0.24940 0.13484 0.20963 0.40613 1693.870
3.025 0.52612 97.99214 2.38682 51.55529 0.24909 0.13523 0.20926 0.40643 1694.916
3.030 0.52583 98.24606 2.39169 51.66056 0.24877 0.13562 0.20888 0.40673 1695.965
3.035 0.52554 98.50121 2.39658 51.76618 0.24846 0.13601 0.20851 0.40703 1697.018
3.040 0.52525 98.75761 2.40149 51.87213 0.24814 0.13640 0.20813 0.40732 1698.074
3.045 0.52495 99.01526 2.40641 51.97843 0.24783 0.13679 0.20776 0.40762 1699.133
3.050 0.52466 99.27418 2.41135 52.08507 0.24751 0.13719 0.20738 0.40792 1700.196
3.055 0.52436 99.53436 2.41630 52.19206 0.24720 0.13758 0.20701 0.40821 1701.263
3.060 0.52406 99.79583 2.42127 52.29939 0.24688 0.13798 0.20664 0.40851 1702.333
3.065 0.52376 100.05859 2.42625 52.40708 0.24656 0.13837 0.20626 0.40880 1703.406
3.070 0.52346 100.32265 2.43125 52.51511 0.24625 0.13877 0.20589 0.40909 1704.483
3.075 0.52316 100.58803 2.43627 52.62349 0.24593 0.13917 0.20552 0.40938 1705.563
3.080 0.52285 100.85472 2.44131 52.73222 0.24561 0.13957 0.20514 0.40967 1706.647
3.085 0.52255 101.12275 2.44636 52.84131 0.24530 0.13997 0.20477 0.40997 1707.735
3.090 0.52224 101.39212 2.45142 52.95075 0.24498 0.14037 0.20440 0.41025 1708.826
3.095 0.52193 101.66284 2.45651 53.06055 0.24466 0.14077 0.20403 0.41054 1709.921
3.100 0.52161 101.93492 2.46161 53.17070 0.24434 0.14117 0.20365 0.41083 1711.019
3.105 0.52130 102.20838 2.46672 53.28122 0.24403 0.14157 0.20328 0.41112 1712.122
3.110 0.52098 102.48322 2.47186 53.39209 0.24371 0.14198 0.20291 0.41140 1713.227
3.115 0.52067 102.75945 2.47701 53.50333 0.24339 0.14238 0.20254 0.41169 1714.337
3.120 0.52035 103.03709 2.48217 53.61492 0.24307 0.14279 0.20217 0.41198 1715.450
3.125 0.52002 103.31615 2.48736 53.72689 0.24275 0.14319 0.20180 0.41226 1716.567
3.130 0.51970 103.59663 2.49256 53.83921 0.24244 0.14360 0.20142 0.41254 1717.688
3.135 0.51937 103.87855 2.49777 53.95191 0.24212 0.14401 0.20105 0.41282 1718.813
3.140 0.51905 104.16192 2.50301 54.06497 0.24180 0.14441 0.20068 0.41311 1719.941
3.145 0.51872 104.44675 2.50826 54.17841 0.24148 0.14482 0.20031 0.41339 1721.073
3.150 0.51839 104.73305 2.51353 54.29221 0.24116 0.14523 0.19994 0.41367 1722.210
3.155 0.51805 105.02084 2.51881 54.40639 0.24084 0.14564 0.19957 0.41395 1723.350
3.160 0.51772 105.31012 2.52412 54.52094 0.24052 0.14606 0.19920 0.41422 1724.494
3.165 0.51738 105.60091 2.52944 54.63587 0.24020 0.14647 0.19883 0.41450 1725.642
3.170 0.51704 105.89323 2.53478 54.75117 0.23988 0.14688 0.19846 0.41478 1726.794
3.175 0.51670 106.18707 2.54013 54.86686 0.23956 0.14730 0.19809 0.41505 1727.950
3.180 0.51636 106.48246 2.54551 54.98292 0.23924 0.14771 0.19772 0.41533 1729.110
3.185 0.51601 106.77940 2.55090 55.09936 0.23892 0.14813 0.19735 0.41560 1730.274
3.190 0.51566 107.07791 2.55631 55.21619 0.23860 0.14854 0.19698 0.41587 1731.442
3.195 0.51531 107.37801 2.56173 55.33340 0.23828 0.14896 0.19662 0.41615 1732.615
3.200 0.51496 107.67970 2.56718 55.45100 0.23796 0.14938 0.19625 0.41642 1733.791
3.205 0.51461 107.98300 2.57264 55.56898 0.23764 0.14980 0.19588 0.41669 1734.972
3.210 0.51425 108.28792 2.57812 55.68736 0.23731 0.15022 0.19551 0.41696 1736.157
3.215 0.51389 108.59447 2.58362 55.80612 0.23699 0.15064 0.19514 0.41723 1737.346
3.220 0.51353 108.90267 2.58913 55.92528 0.23667 0.15106 0.19478 0.41750 1738.539
3.225 0.51317 109.21254 2.59467 56.04483 0.23635 0.15148 0.19441 0.41776 1739.737
3.230 0.51281 109.52408 2.60022 56.16477 0.23603 0.15190 0.19404 0.41803 1740.939
3.235 0.51244 109.83730 2.60579 56.28511 0.23571 0.15233 0.19367 0.41829 1742.145
3.240 0.51207 110.15223 2.61138 56.40585 0.23538 0.15275 0.19331 0.41856 1743.356
3.245 0.51170 110.46888 2.61699 56.52698 0.23506 0.15318 0.19294 0.41882 1744.571
3.250 0.51133 110.78726 2.62262 56.64852 0.23474 0.15360 0.19258 0.41909 1745.790
3.255 0.51095 111.10738 2.62826 56.77046 0.23442 0.15403 0.19221 0.41935 1747.014
3.260 0.51057 111.42927 2.63393 56.89281 0.23409 0.15446 0.19184 0.41961 1748.243
3.265 0.51019 111.75293 2.63961 57.01556 0.23377 0.15488 0.19148 0.41987 1749.476
3.270 0.50981 112.07838 2.64531 57.13872 0.23345 0.15531 0.19111 0.42013 1750.713
3.275 0.50943 112.40564 2.65103 57.26228 0.23312 0.15574 0.19075 0.42039 1751.955
3.280 0.50904 112.73472 2.65677 57.38626 0.23280 0.15617 0.19038 0.42064 1753.202
3.285 0.50865 113.06563 2.66253 57.51065 0.23248 0.15661 0.19002 0.42090 1754.454
3.290 0.50826 113.39840 2.66831 57.63545 0.23215 0.15704 0.18965 0.42116 1755.710
3.295 0.50786 113.73304 2.67411 57.76067 0.23183 0.15747 0.18929 0.42141 1756.971
3.300 0.50746 114.06955 2.67992 57.88631 0.23151 0.15791 0.18892 0.42166 1758.236
3.305 0.50707 114.40797 2.68576 58.01236 0.23118 0.15834 0.18856 0.42192 1759.506
3.310 0.50666 114.74831 2.69161 58.13883 0.23086 0.15878 0.18820 0.42217 1760.782
3.315 0.50626 115.09058 2.69749 58.26573 0.23053 0.15921 0.18783 0.42242 1762.062
3.320 0.50585 115.43480 2.70338 58.39304 0.23021 0.15965 0.18747 0.42267 1763.347
3.325 0.50544 115.78099 2.70930 58.52079 0.22989 0.16009 0.18711 0.42292 1764.636
3.330 0.50503 116.12917 2.71523 58.64896 0.22956 0.16053 0.18674 0.42317 1765.931
3.335 0.50462 116.47934 2.72118 58.77755 0.22924 0.16097 0.18638 0.42342 1767.231
3.340 0.50420 116.83154 2.72716 58.90658 0.22891 0.16141 0.18602 0.42366 1768.536
3.345 0.50378 117.18577 2.73315 59.03604 0.22859 0.16185 0.18566 0.42391 1769.846
3.350 0.50336 117.54206 2.73916 59.16593 0.22826 0.16229 0.18530 0.42415 1771.161
3.355 0.50294 117.90042 2.74520 59.29626 0.22794 0.16273 0.18494 0.42440 1772.481
3.360 0.50251 118.26087 2.75125 59.42702 0.22761 0.16318 0.18457 0.42464 1773.806
3.365 0.50208 118.62344 2.75733 59.55823 0.22729 0.16362 0.18421 0.42488 1775.136
3.370 0.50165 118.98813 2.76342 59.68987 0.22696 0.16406 0.18385 0.42512 1776.472
3.375 0.50121 119.35498 2.76953 59.82195 0.22663 0.16451 0.18349 0.42536 1777.813
3.380 0.50077 119.72399 2.77567 59.95448 0.22631 0.16496 0.18313 0.42560 1779.160
3.385 0.50033 120.09519 2.78183 60.08745 0.22598 0.16541 0.18277 0.42584 1780.511
3.390 0.49989 120.46860 2.78800 60.22087 0.22566 0.16585 0.18241 0.42608 1781.868
3.395 0.49944 120.84423 2.79420 60.35474 0.22533 0.16630 0.18205 0.42631 1783.231
3.400 0.49899 121.22212 2.80042 60.48906 0.22501 0.16675 0.18169 0.42655 1784.599
3.405 0.49854 121.60227 2.80666 60.62383 0.22468 0.16720 0.18133 0.42678 1785.973
3.410 0.49809 121.98472 2.81292 60.75906 0.22435 0.16766 0.18097 0.42702 1787.352
3.415 0.49763 122.36947 2.81920 60.89474 0.22403 0.16811 0.18062 0.42725 1788.737
3.420 0.49717 122.75656 2.82550 61.03087 0.22370 0.16856 0.18026 0.42748 1790.127
3.425 0.49671 123.14600 2.83183 61.16747 0.22337 0.16901 0.17990 0.42771 1791.523
3.430 0.49624 123.53782 2.83817 61.30453 0.22305 0.16947 0.17954 0.42794 1792.925
3.435 0.49577 123.93203 2.84454 61.44205 0.22272 0.16992 0.17918 0.42817 1794.333
3.440 0.49530 124.32867 2.85093 61.58004 0.22239 0.17038 0.17883 0.42840 1795.746
3.445 0.49483 124.72775 2.85734 61.71849 0.22207 0.17084 0.17847 0.42862 1797.165
3.450 0.49435 125.12929 2.86377 61.85741 0.22174 0.17130 0.17811 0.42885 1798.591
3.455 0.49387 125.53332 2.87022 61.99680 0.22141 0.17175 0.17776 0.42908 1800.022
3.460 0.49338 125.93987 2.87670 62.13667 0.22109 0.17221 0.17740 0.42930 1801.459
3.465 0.49290 126.34895 2.88319 62.27700 0.22076 0.17267 0.17704 0.42952 1802.902
3.470 0.49241 126.76060 2.88971 62.41782 0.22043 0.17314 0.17669 0.42974 1804.352
3.475 0.49191 127.17483 2.89626 62.55911 0.22010 0.17360 0.17633 0.42996 1805.807
3.480 0.49142 127.59167 2.90282 62.70088 0.21978 0.17406 0.17598 0.43018 1807.269
3.485 0.49092 128.01114 2.90940 62.84313 0.21945 0.17452 0.17562 0.43040 1808.737
3.490 0.49042 128.43328 2.91601 62.98586 0.21912 0.17499 0.17527 0.43062 1810.211
3.495 0.48991 128.85810 2.92264 63.12908 0.21879 0.17545 0.17491 0.43084 1811.692
3.500 0.48940 129.28564 2.92930 63.27279 0.21847 0.17592 0.17456 0.43105 1813.179
3.505 0.48889 129.71591 2.93597 63.41699 0.21814 0.17638 0.17421 0.43127 1814.672
3.510 0.48838 130.14895 2.94267 63.56167 0.21781 0.17685 0.17385 0.43148 1816.172
3.515 0.48786 130.58478 2.94939 63.70685 0.21748 0.17732 0.17350 0.43170 1817.678
3.520 0.48734 131.02344 2.95614 63.85253 0.21715 0.17779 0.17315 0.43191 1819.192
3.525 0.48681 131.46494 2.96290 63.99870 0.21683 0.17826 0.17279 0.43212 1820.711
3.530 0.48628 131.90932 2.96969 64.14537 0.21650 0.17873 0.17244 0.43233 1822.238
3.535 0.48575 132.35660 2.97651 64.29254 0.21617 0.17920 0.17209 0.43254 1823.771
3.540 0.48522 132.80682 2.98334 64.44021 0.21584 0.17967 0.17174 0.43275 1825.311
3.545 0.48468 133.25999 2.99020 64.58839 0.21551 0.18015 0.17139 0.43295 1826.858
