0.000 1350.000 0.37200 0.01640 0.43000 0.181000.37200 0.01640 0.43000 0.18100 1.00000 5.400e+12 0.15000
0.005 1350.689 0.37229 0.01648 0.43011 0.18150 0.37215 0.01647 0.42994 0.18143 1.00038 5.402e+120.14977
0.010 1351.380 0.37258 0.01656 0.43021 0.18201 0.37207 0.01654 0.42963 0.18176 1.00136 5.407e+120.14963
0.015 1352.072 0.37287 0.01664 0.43032 0.18251 0.37199 0.01661 0.42931 0.18209 1.00234 5.413e+120.14949
0.020 1352.766 0.37315 0.01673 0.43043 0.18302 0.37192 0.01667 0.42900 0.18241 1.00333 5.418e+120.14936
0.025 1353.461 0.37344 0.01681 0.43053 0.18353 0.37184 0.01674 0.42868 0.18274 1.00431 5.423e+120.14922
0.030 1354.158 0.37373 0.01689 0.43064 0.18404 0.37176 0.01680 0.42837 0.18307 1.00530 5.429e+120.14908
0.035 1354.856 0.37402 0.01698 0.43075 0.18455 0.37168 0.01687 0.42805 0.18340 1.00629 5.434e+120.14894
0.040 1355.555 0.37431 0.01706 0.43085 0.18506 0.37161 0.01694 0.42773 0.18372 1.00729 5.439e+120.14880
0.045 1356.256 0.37460 0.01714 0.43096 0.18558 0.37153 0.01700 0.42742 0.18405 1.00828 5.445e+120.14866
0.050 1356.958 0.37489 0.01723 0.43107 0.18609 0.37145 0.01707 0.42710 0.18438 1.00928 5.450e+120.14852
0.055 1357.662 0.37518 0.01731 0.43117 0.18661 0.37137 0.01714 0.42678 0.18471 1.01028 5.456e+120.14838
0.060 1358.367 0.37548 0.01740 0.43128 0.18713 0.37129 0.01720 0.42647 0.18504 1.01128 5.461e+120.14824
0.065 1359.074 0.37577 0.01748 0.43139 0.18765 0.37121 0.01727 0.42615 0.18537 1.01229 5.466e+120.14810
0.070 1359.783 0.37606 0.01757 0.43149 0.18817 0.37113 0.01734 0.42583 0.18570 1.01329 5.472e+120.14796
0.075 1360.492 0.37635 0.01766 0.43160 0.18869 0.37104 0.01741 0.42551 0.18603 1.01430 5.477e+120.14782
0.080 1361.204 0.37664 0.01774 0.43171 0.18922 0.37096 0.01748 0.42520 0.18636 1.01531 5.483e+120.14768
0.085 1361.916 0.37693 0.01783 0.43181 0.18974 0.37088 0.01755 0.42488 0.18670 1.01632 5.488e+120.14754
0.090 1362.631 0.37723 0.01792 0.43192 0.19027 0.37080 0.01761 0.42456 0.18703 1.01734 5.494e+120.14740
0.095 1363.346 0.37752 0.01801 0.43203 0.19080 0.37071 0.01768 0.42424 0.18736 1.01835 5.499e+120.14726
0.100 1364.064 0.37781 0.01810 0.43213 0.19133 0.37063 0.01775 0.42392 0.18769 1.01937 5.505e+120.14712
0.105 1364.782 0.37810 0.01819 0.43224 0.19186 0.37055 0.01782 0.42360 0.18803 1.02039 5.510e+120.14698
0.110 1365.503 0.37840 0.01828 0.43235 0.19239 0.37046 0.01789 0.42328 0.18836 1.02142 5.516e+120.14684
0.115 1366.225 0.37869 0.01837 0.43245 0.19293 0.37038 0.01796 0.42296 0.18869 1.02244 5.521e+120.14670
0.120 1366.948 0.37898 0.01846 0.43256 0.19347 0.37029 0.01803 0.42264 0.18903 1.02347 5.527e+120.14656
0.125 1367.673 0.37928 0.01855 0.43267 0.19400 0.37021 0.01811 0.42232 0.18936 1.02450 5.532e+120.14642
0.130 1368.400 0.37957 0.01864 0.43278 0.19454 0.37012 0.01818 0.42200 0.18970 1.02553 5.538e+120.14628
0.135 1369.128 0.37987 0.01873 0.43288 0.19508 0.37004 0.01825 0.42168 0.19003 1.02656 5.543e+120.14614
0.140 1369.857 0.38016 0.01882 0.43299 0.19562 0.36995 0.01832 0.42136 0.19037 1.02760 5.549e+120.14600
0.145 1370.588 0.38046 0.01892 0.43310 0.19617 0.36986 0.01839 0.42104 0.19071 1.02864 5.555e+120.14585
0.150 1371.321 0.38075 0.01901 0.43320 0.19671 0.36978 0.01846 0.42072 0.19104 1.02968 5.560e+120.14571
0.155 1372.055 0.38105 0.01911 0.43331 0.19726 0.36969 0.01854 0.42040 0.19138 1.03072 5.566e+120.14557
0.160 1372.791 0.38134 0.01920 0.43342 0.19781 0.36960 0.01861 0.42007 0.19172 1.03177 5.572e+120.14543
0.165 1373.529 0.38164 0.01929 0.43353 0.19836 0.36951 0.01868 0.41975 0.19206 1.03281 5.577e+120.14529
0.170 1374.268 0.38193 0.01939 0.43363 0.19891 0.36942 0.01875 0.41943 0.19239 1.03386 5.583e+120.14515
0.175 1375.008 0.38223 0.01949 0.43374 0.19946 0.36933 0.01883 0.41911 0.19273 1.03492 5.589e+120.14501
0.180 1375.751 0.38252 0.01958 0.43385 0.20002 0.36924 0.01890 0.41878 0.19307 1.03597 5.594e+120.14486
0.185 1376.495 0.38282 0.01968 0.43396 0.20057 0.36915 0.01898 0.41846 0.19341 1.03703 5.600e+120.14472
0.190 1377.240 0.38312 0.01978 0.43406 0.20113 0.36906 0.01905 0.41814 0.19375 1.03809 5.606e+120.14458
0.195 1377.987 0.38342 0.01987 0.43417 0.20169 0.36897 0.01912 0.41781 0.19409 1.03915 5.611e+120.14444
0.200 1378.736 0.38371 0.01997 0.43428 0.20225 0.36888 0.01920 0.41749 0.19443 1.04021 5.617e+120.14430
0.205 1379.486 0.38401 0.02007 0.43439 0.20281 0.36879 0.01927 0.41717 0.19477 1.04128 5.623e+120.14415
0.210 1380.238 0.38431 0.02017 0.43449 0.20337 0.36870 0.01935 0.41684 0.19511 1.04234 5.629e+120.14401
0.215 1380.992 0.38461 0.02027 0.43460 0.20394 0.36860 0.01942 0.41652 0.19545 1.04341 5.634e+120.14387
0.220 1381.747 0.38490 0.02037 0.43471 0.20451 0.36851 0.01950 0.41619 0.19580 1.04449 5.640e+120.14373
0.225 1382.504 0.38520 0.02047 0.43482 0.20507 0.36842 0.01958 0.41587 0.19614 1.04556 5.646e+120.14358
0.230 1383.263 0.38550 0.02057 0.43492 0.20564 0.36832 0.01965 0.41554 0.19648 1.04664 5.652e+120.14344
0.235 1384.023 0.38580 0.02067 0.43503 0.20622 0.36823 0.01973 0.41522 0.19682 1.04772 5.658e+120.14330
0.240 1384.785 0.38610 0.02077 0.43514 0.20679 0.36813 0.01981 0.41489 0.19717 1.04880 5.664e+120.14316
0.245 1385.548 0.38640 0.02088 0.43525 0.20736 0.36804 0.01988 0.41457 0.19751 1.04988 5.669e+120.14301
0.250 1386.314 0.38670 0.02098 0.43535 0.20794 0.36794 0.01996 0.41424 0.19785 1.05097 5.675e+120.14287
0.255 1387.080 0.38700 0.02108 0.43546 0.20852 0.36785 0.02004 0.41391 0.19820 1.05206 5.681e+120.14273
0.260 1387.849 0.38730 0.02119 0.43557 0.20910 0.36775 0.02012 0.41359 0.19854 1.05315 5.687e+120.14258
0.265 1388.619 0.38760 0.02129 0.43568 0.20968 0.36765 0.02020 0.41326 0.19889 1.05424 5.693e+120.14244
0.270 1389.391 0.38790 0.02140 0.43579 0.21026 0.36756 0.02027 0.41293 0.19923 1.05534 5.699e+120.14230
0.275 1390.165 0.38820 0.02150 0.43589 0.21084 0.36746 0.02035 0.41261 0.19958 1.05644 5.705e+120.14215
0.280 1390.941 0.38850 0.02161 0.43600 0.21143 0.36736 0.02043 0.41228 0.19993 1.05754 5.711e+120.14201
0.285 1391.718 0.38880 0.02172 0.43611 0.21202 0.36726 0.02051 0.41195 0.20027 1.05864 5.717e+120.14187
0.290 1392.497 0.38910 0.02182 0.43622 0.21261 0.36716 0.02059 0.41162 0.20062 1.05975 5.723e+120.14172
0.295 1393.277 0.38940 0.02193 0.43633 0.21320 0.36707 0.02067 0.41129 0.20097 1.06086 5.729e+120.14158
0.300 1394.060 0.38971 0.02204 0.43643 0.21379 0.36697 0.02075 0.41097 0.20132 1.06197 5.735e+120.14143
0.305 1394.844 0.39001 0.02215 0.43654 0.21438 0.36687 0.02083 0.41064 0.20166 1.06308 5.741e+120.14129
0.310 1395.630 0.39031 0.02226 0.43665 0.21498 0.36677 0.02091 0.41031 0.20201 1.06420 5.747e+120.14115
0.315 1396.418 0.39061 0.02237 0.43676 0.21558 0.36666 0.02100 0.40998 0.20236 1.06532 5.753e+120.14100
0.320 1397.207 0.39092 0.02248 0.43687 0.21618 0.36656 0.02108 0.40965 0.20271 1.06644 5.759e+120.14086
0.325 1397.998 0.39122 0.02259 0.43697 0.21678 0.36646 0.02116 0.40932 0.20306 1.06756 5.765e+120.14071
0.330 1398.791 0.39152 0.02270 0.43708 0.21738 0.36636 0.02124 0.40899 0.20341 1.06868 5.771e+120.14057
0.335 1399.586 0.39183 0.02281 0.43719 0.21798 0.36626 0.02132 0.40866 0.20376 1.06981 5.777e+120.14042
0.340 1400.383 0.39213 0.02292 0.43730 0.21859 0.36615 0.02141 0.40833 0.20411 1.07094 5.783e+120.14028
0.345 1401.181 0.39243 0.02304 0.43741 0.21920 0.36605 0.02149 0.40800 0.20446 1.07207 5.789e+120.14013
0.350 1401.981 0.39274 0.02315 0.43751 0.21981 0.36595 0.02157 0.40767 0.20481 1.07321 5.795e+120.13999
0.355 1402.783 0.39304 0.02327 0.43762 0.22042 0.36584 0.02166 0.40734 0.20516 1.07435 5.801e+120.13984
0.360 1403.587 0.39335 0.02338 0.43773 0.22103 0.36574 0.02174 0.40701 0.20552 1.07549 5.808e+120.13970
0.365 1404.393 0.39365 0.02350 0.43784 0.22164 0.36563 0.02182 0.40668 0.20587 1.07663 5.814e+120.13955
0.370 1405.200 0.39396 0.02361 0.43795 0.22226 0.36553 0.02191 0.40634 0.20622 1.07778 5.820e+120.13941
0.375 1406.009 0.39426 0.02373 0.43806 0.22288 0.36542 0.02199 0.40601 0.20657 1.07893 5.826e+120.13926
0.380 1406.820 0.39457 0.02385 0.43816 0.22350 0.36532 0.02208 0.40568 0.20693 1.08008 5.832e+120.13912
0.385 1407.633 0.39487 0.02396 0.43827 0.22412 0.36521 0.02216 0.40535 0.20728 1.08123 5.839e+120.13897
0.390 1408.448 0.39518 0.02408 0.43838 0.22474 0.36510 0.02225 0.40501 0.20763 1.08238 5.845e+120.13883
0.395 1409.265 0.39549 0.02420 0.43849 0.22537 0.36499 0.02233 0.40468 0.20799 1.08354 5.851e+120.13868
0.400 1410.084 0.39579 0.02432 0.43860 0.22599 0.36489 0.02242 0.40435 0.20834 1.08470 5.857e+120.13853
0.405 1410.904 0.39610 0.02444 0.43871 0.22662 0.36478 0.02251 0.40402 0.20870 1.08587 5.864e+120.13839
0.410 1411.726 0.39641 0.02456 0.43882 0.22725 0.36467 0.02259 0.40368 0.20905 1.08703 5.870e+120.13824
0.415 1412.551 0.39672 0.02468 0.43892 0.22788 0.36456 0.02268 0.40335 0.20941 1.08820 5.876e+120.13810
0.420 1413.377 0.39702 0.02480 0.43903 0.22851 0.36445 0.02277 0.40301 0.20977 1.08937 5.883e+120.13795
0.425 1414.205 0.39733 0.02493 0.43914 0.22915 0.36434 0.02286 0.40268 0.21012 1.09055 5.889e+120.13780
0.430 1415.035 0.39764 0.02505 0.43925 0.22979 0.36423 0.02294 0.40235 0.21048 1.09172 5.895e+120.13766
0.435 1415.867 0.39795 0.02517 0.43936 0.23042 0.36412 0.02303 0.40201 0.21084 1.09290 5.902e+120.13751
0.440 1416.701 0.39826 0.02530 0.43947 0.23106 0.36401 0.02312 0.40168 0.21119 1.09409 5.908e+120.13736
0.445 1417.536 0.39856 0.02542 0.43958 0.23171 0.36390 0.02321 0.40134 0.21155 1.09527 5.914e+120.13722
0.450 1418.374 0.39887 0.02555 0.43969 0.23235 0.36378 0.02330 0.40101 0.21191 1.09646 5.921e+120.13707
0.455 1419.214 0.39918 0.02567 0.43979 0.23300 0.36367 0.02339 0.40067 0.21227 1.09765 5.927e+120.13692
0.460 1420.055 0.39949 0.02580 0.43990 0.23364 0.36356 0.02348 0.40033 0.21263 1.09884 5.934e+120.13678
0.465 1420.899 0.39980 0.02593 0.44001 0.23429 0.36344 0.02357 0.40000 0.21299 1.10003 5.940e+120.13663
0.470 1421.744 0.40011 0.02606 0.44012 0.23494 0.36333 0.02366 0.39966 0.21335 1.10123 5.947e+120.13648
0.475 1422.592 0.40042 0.02618 0.44023 0.23560 0.36322 0.02375 0.39933 0.21371 1.10243 5.953e+120.13633
0.480 1423.441 0.40073 0.02631 0.44034 0.23625 0.36310 0.02384 0.39899 0.21407 1.10364 5.960e+120.13619
0.485 1424.293 0.40104 0.02644 0.44045 0.23691 0.36299 0.02393 0.39865 0.21443 1.10484 5.966e+120.13604
0.490 1425.146 0.40135 0.02657 0.44056 0.23757 0.36287 0.02403 0.39832 0.21479 1.10605 5.973e+120.13589
0.495 1426.002 0.40167 0.02671 0.44067 0.23823 0.36275 0.02412 0.39798 0.21515 1.10726 5.979e+120.13574
0.500 1426.860 0.40198 0.02684 0.44078 0.23889 0.36264 0.02421 0.39764 0.21551 1.10848 5.986e+120.13559
0.505 1427.719 0.40229 0.02697 0.44088 0.23955 0.36252 0.02430 0.39730 0.21587 1.10969 5.992e+120.13545
0.510 1428.581 0.40260 0.02710 0.44099 0.24022 0.36240 0.02440 0.39696 0.21623 1.11091 5.999e+120.13530
0.515 1429.444 0.40291 0.02724 0.44110 0.24089 0.36229 0.02449 0.39663 0.21660 1.11214 6.006e+120.13515
0.520 1430.310 0.40322 0.02737 0.44121 0.24155 0.36217 0.02458 0.39629 0.21696 1.11336 6.012e+120.13500
0.525 1431.178 0.40354 0.02751 0.44132 0.24223 0.36205 0.02468 0.39595 0.21732 1.11459 6.019e+120.13485
0.530 1432.048 0.40385 0.02764 0.44143 0.24290 0.36193 0.02477 0.39561 0.21769 1.11582 6.025e+120.13470
0.535 1432.919 0.40416 0.02778 0.44154 0.24357 0.36181 0.02487 0.39527 0.21805 1.11706 6.032e+120.13456
0.540 1433.793 0.40448 0.02792 0.44165 0.24425 0.36169 0.02496 0.39493 0.21841 1.11829 6.039e+120.13441
0.545 1434.669 0.40479 0.02805 0.44176 0.24493 0.36157 0.02506 0.39459 0.21878 1.11953 6.045e+120.13426
0.550 1435.548 0.40510 0.02819 0.44187 0.24561 0.36145 0.02515 0.39425 0.21914 1.12077 6.052e+120.13411
0.555 1436.428 0.40542 0.02833 0.44198 0.24629 0.36133 0.02525 0.39391 0.21951 1.12202 6.059e+120.13396
0.560 1437.310 0.40573 0.02847 0.44209 0.24698 0.36121 0.02535 0.39357 0.21987 1.12327 6.066e+120.13381
0.565 1438.195 0.40605 0.02861 0.44220 0.24766 0.36109 0.02544 0.39323 0.22024 1.12452 6.072e+120.13366
0.570 1439.081 0.40636 0.02875 0.44231 0.24835 0.36096 0.02554 0.39289 0.22061 1.12577 6.079e+120.13351
0.575 1439.970 0.40668 0.02889 0.44241 0.24904 0.36084 0.02564 0.39255 0.22097 1.12703 6.086e+120.13336
0.580 1440.861 0.40699 0.02904 0.44252 0.24973 0.36072 0.02574 0.39221 0.22134 1.12829 6.093e+120.13321
0.585 1441.754 0.40731 0.02918 0.44263 0.25043 0.36059 0.02583 0.39187 0.22171 1.12955 6.100e+120.13306
0.590 1442.649 0.40762 0.02932 0.44274 0.25112 0.36047 0.02593 0.39153 0.22207 1.13082 6.106e+120.13291
0.595 1443.546 0.40794 0.02947 0.44285 0.25182 0.36034 0.02603 0.39118 0.22244 1.13208 6.113e+120.13276
0.600 1444.446 0.40826 0.02962 0.44296 0.25252 0.36022 0.02613 0.39084 0.22281 1.13335 6.120e+120.13261
0.605 1445.348 0.40857 0.02976 0.44307 0.25322 0.36009 0.02623 0.39050 0.22318 1.13463 6.127e+120.13246
0.610 1446.251 0.40889 0.02991 0.44318 0.25393 0.35997 0.02633 0.39016 0.22355 1.13591 6.134e+120.13231
0.615 1447.158 0.40921 0.03006 0.44329 0.25463 0.35984 0.02643 0.38981 0.22391 1.13719 6.141e+120.13216
0.620 1448.066 0.40952 0.03020 0.44340 0.25534 0.35971 0.02653 0.38947 0.22428 1.13847 6.148e+120.13201
0.625 1448.976 0.40984 0.03035 0.44351 0.25605 0.35959 0.02663 0.38913 0.22465 1.13976 6.155e+120.13186
0.630 1449.889 0.41016 0.03050 0.44362 0.25676 0.35946 0.02673 0.38879 0.22502 1.14104 6.162e+120.13171
0.635 1450.804 0.41048 0.03065 0.44373 0.25747 0.35933 0.02683 0.38844 0.22539 1.14234 6.169e+120.13156
0.640 1451.721 0.41079 0.03081 0.44384 0.25819 0.35920 0.02694 0.38810 0.22576 1.14363 6.176e+120.13141
0.645 1452.641 0.41111 0.03096 0.44395 0.25891 0.35907 0.02704 0.38775 0.22613 1.14493 6.183e+120.13126
0.650 1453.563 0.41143 0.03111 0.44406 0.25963 0.35894 0.02714 0.38741 0.22651 1.14623 6.190e+120.13110
0.655 1454.487 0.41175 0.03126 0.44417 0.26035 0.35881 0.02724 0.38707 0.22688 1.14753 6.197e+120.13095
0.660 1455.413 0.41207 0.03142 0.44428 0.26107 0.35868 0.02735 0.38672 0.22725 1.14884 6.204e+120.13080
0.665 1456.342 0.41239 0.03157 0.44439 0.26180 0.35855 0.02745 0.38638 0.22762 1.15015 6.211e+120.13065
0.670 1457.273 0.41271 0.03173 0.44450 0.26253 0.35842 0.02756 0.38603 0.22799 1.15146 6.218e+120.13050
0.675 1458.206 0.41303 0.03189 0.44461 0.26325 0.35829 0.02766 0.38569 0.22837 1.15278 6.225e+120.13035
0.680 1459.141 0.41335 0.03204 0.44472 0.26399 0.35816 0.02776 0.38534 0.22874 1.15410 6.232e+120.13020
0.685 1460.079 0.41367 0.03220 0.44483 0.26472 0.35803 0.02787 0.38499 0.22911 1.15542 6.239e+120.13004
0.690 1461.019 0.41399 0.03236 0.44494 0.26546 0.35789 0.02798 0.38465 0.22948 1.15675 6.246e+120.12989
0.695 1461.962 0.41431 0.03252 0.44505 0.26619 0.35776 0.02808 0.38430 0.22986 1.15808 6.254e+120.12974
0.700 1462.907 0.41463 0.03268 0.44516 0.26693 0.35763 0.02819 0.38396 0.23023 1.15941 6.261e+120.12959
0.705 1463.854 0.41495 0.03284 0.44527 0.26767 0.35749 0.02829 0.38361 0.23061 1.16074 6.268e+120.12943
0.710 1464.804 0.41528 0.03300 0.44538 0.26842 0.35736 0.02840 0.38326 0.23098 1.16208 6.275e+120.12928
0.715 1465.756 0.41560 0.03317 0.44549 0.26916 0.35722 0.02851 0.38292 0.23136 1.16342 6.282e+120.12913
0.720 1466.710 0.41592 0.03333 0.44560 0.26991 0.35709 0.02862 0.38257 0.23173 1.16477 6.290e+120.12898
0.725 1467.667 0.41624 0.03350 0.44571 0.27066 0.35695 0.02872 0.38222 0.23211 1.16611 6.297e+120.12882
0.730 1468.626 0.41657 0.03366 0.44582 0.27141 0.35681 0.02883 0.38187 0.23248 1.16746 6.304e+120.12867
0.735 1469.588 0.41689 0.03383 0.44593 0.27217 0.35668 0.02894 0.38152 0.23286 1.16882 6.312e+120.12852
0.740 1470.552 0.41721 0.03399 0.44604 0.27292 0.35654 0.02905 0.38118 0.23323 1.17017 6.319e+120.12836
0.745 1471.519 0.41754 0.03416 0.44615 0.27368 0.35640 0.02916 0.38083 0.23361 1.17153 6.326e+120.12821
0.750 1472.488 0.41786 0.03433 0.44626 0.27444 0.35626 0.02927 0.38048 0.23399 1.17290 6.334e+120.12806
0.755 1473.459 0.41818 0.03450 0.44637 0.27521 0.35612 0.02938 0.38013 0.23437 1.17426 6.341e+120.12790
0.760 1474.433 0.41851 0.03467 0.44648 0.27597 0.35598 0.02949 0.37978 0.23474 1.17563 6.348e+120.12775
0.765 1475.409 0.41883 0.03484 0.44660 0.27674 0.35584 0.02960 0.37943 0.23512 1.17701 6.356e+120.12760
0.770 1476.388 0.41916 0.03501 0.44671 0.27751 0.35570 0.02971 0.37908 0.23550 1.17838 6.363e+120.12744
0.775 1477.370 0.41948 0.03519 0.44682 0.27828 0.35556 0.02982 0.37873 0.23588 1.17976 6.371e+120.12729
0.780 1478.353 0.41981 0.03536 0.44693 0.27905 0.35542 0.02994 0.37838 0.23626 1.18115 6.378e+120.12713
0.785 1479.340 0.42013 0.03553 0.44704 0.27983 0.35528 0.03005 0.37803 0.23663 1.18253 6.386e+120.12698
0.790 1480.329 0.42046 0.03571 0.44715 0.28060 0.35514 0.03016 0.37768 0.23701 1.18392 6.393e+120.12683
0.795 1481.320 0.42078 0.03589 0.44726 0.28138 0.35500 0.03028 0.37733 0.23739 1.18531 6.401e+120.12667
0.800 1482.314 0.42111 0.03606 0.44737 0.28217 0.35486 0.03039 0.37698 0.23777 1.18671 6.408e+120.12652
0.805 1483.311 0.42144 0.03624 0.44748 0.28295 0.35471 0.03050 0.37663 0.23815 1.18811 6.416e+120.12636
0.810 1484.310 0.42176 0.03642 0.44759 0.28374 0.35457 0.03062 0.37628 0.23853 1.18951 6.423e+120.12621
0.815 1485.312 0.42209 0.03660 0.44770 0.28453 0.35442 0.03073 0.37593 0.23891 1.19092 6.431e+120.12605
0.820 1486.316 0.42242 0.03678 0.44781 0.28532 0.35428 0.03085 0.37558 0.23929 1.19233 6.439e+120.12590
0.825 1487.323 0.42274 0.03696 0.44792 0.28611 0.35413 0.03096 0.37523 0.23967 1.19374 6.446e+120.12574
0.830 1488.333 0.42307 0.03715 0.44803 0.28690 0.35399 0.03108 0.37488 0.24006 1.19516 6.454e+120.12559
0.835 1489.345 0.42340 0.03733 0.44815 0.28770 0.35384 0.03120 0.37452 0.24044 1.19658 6.462e+120.12543
0.840 1490.360 0.42373 0.03751 0.44826 0.28850 0.35370 0.03131 0.37417 0.24082 1.19800 6.469e+120.12528
0.845 1491.377 0.42406 0.03770 0.44837 0.28930 0.35355 0.03143 0.37382 0.24120 1.19942 6.477e+120.12512
0.850 1492.397 0.42439 0.03788 0.44848 0.29011 0.35340 0.03155 0.37347 0.24158 1.20085 6.485e+120.12496
0.855 1493.420 0.42472 0.03807 0.44859 0.29091 0.35326 0.03167 0.37311 0.24197 1.20229 6.492e+120.12481
0.860 1494.446 0.42504 0.03826 0.44870 0.29172 0.35311 0.03178 0.37276 0.24235 1.20372 6.500e+120.12465
0.865 1495.474 0.42537 0.03845 0.44881 0.29253 0.35296 0.03190 0.37241 0.24273 1.20516 6.508e+120.12450
0.870 1496.505 0.42570 0.03864 0.44892 0.29334 0.35281 0.03202 0.37205 0.24311 1.20661 6.516e+120.12434
0.875 1497.538 0.42603 0.03883 0.44903 0.29416 0.35266 0.03214 0.37170 0.24350 1.20806 6.523e+120.12418
0.880 1498.575 0.42636 0.03902 0.44914 0.29498 0.35251 0.03226 0.37135 0.24388 1.20951 6.531e+120.12403
0.885 1499.614 0.42669 0.03921 0.44926 0.29580 0.35236 0.03238 0.37099 0.24427 1.21096 6.539e+120.12387
0.890 1500.656 0.42703 0.03941 0.44937 0.29662 0.35221 0.03250 0.37064 0.24465 1.21242 6.547e+120.12371
0.895 1501.700 0.42736 0.03960 0.44948 0.29744 0.35206 0.03262 0.37028 0.24504 1.21388 6.555e+120.12356
0.900 1502.748 0.42769 0.03980 0.44959 0.29827 0.35191 0.03275 0.36993 0.24542 1.21534 6.563e+120.12340
0.905 1503.798 0.42802 0.03999 0.44970 0.29910 0.35175 0.03287 0.36957 0.24580 1.21681 6.571e+120.12324
0.910 1504.851 0.42835 0.04019 0.44981 0.29993 0.35160 0.03299 0.36922 0.24619 1.21828 6.579e+120.12309
0.915 1505.907 0.42868 0.04039 0.44992 0.30076 0.35145 0.03311 0.36886 0.24658 1.21976 6.587e+120.12293
0.920 1506.965 0.42902 0.04059 0.45003 0.30160 0.35130 0.03324 0.36851 0.24696 1.22124 6.595e+120.12277
0.925 1508.027 0.42935 0.04079 0.45015 0.30244 0.35114 0.03336 0.36815 0.24735 1.22272 6.603e+120.12261
0.930 1509.091 0.42968 0.04099 0.45026 0.30328 0.35099 0.03348 0.36780 0.24773 1.22421 6.611e+120.12246
0.935 1510.158 0.43001 0.04119 0.45037 0.30412 0.35083 0.03361 0.36744 0.24812 1.22570 6.619e+120.12230
0.940 1511.228 0.43035 0.04140 0.45048 0.30497 0.35068 0.03373 0.36708 0.24851 1.22719 6.627e+120.12214
0.945 1512.301 0.43068 0.04160 0.45059 0.30581 0.35052 0.03386 0.36673 0.24889 1.22869 6.635e+120.12198
0.950 1513.377 0.43102 0.04181 0.45070 0.30666 0.35037 0.03398 0.36637 0.24928 1.23019 6.643e+120.12182
0.955 1514.455 0.43135 0.04201 0.45082 0.30751 0.35021 0.03411 0.36601 0.24967 1.23169 6.651e+120.12167
0.960 1515.537 0.43168 0.04222 0.45093 0.30837 0.35005 0.03424 0.36566 0.25006 1.23320 6.659e+120.12151
0.965 1516.621 0.43202 0.04243 0.45104 0.30923 0.34989 0.03436 0.36530 0.25044 1.23471 6.667e+120.12135
0.970 1517.709 0.43235 0.04264 0.45115 0.31009 0.34974 0.03449 0.36494 0.25083 1.23623 6.676e+120.12119
0.975 1518.799 0.43269 0.04285 0.45126 0.31095 0.34958 0.03462 0.36458 0.25122 1.23775 6.684e+120.12103
0.980 1519.893 0.43302 0.04306 0.45137 0.31181 0.34942 0.03475 0.36423 0.25161 1.23927 6.692e+120.12087
0.985 1520.989 0.43336 0.04327 0.45149 0.31268 0.34926 0.03487 0.36387 0.25200 1.24079 6.700e+120.12071
0.990 1522.088 0.43370 0.04349 0.45160 0.31355 0.34910 0.03500 0.36351 0.25239 1.24232 6.709e+120.12055
0.995 1523.191 0.43403 0.04370 0.45171 0.31442 0.34894 0.03513 0.36315 0.25278 1.24386 6.717e+120.12040
1.000 1524.296 0.43437 0.04392 0.45182 0.31529 0.34878 0.03526 0.36279 0.25317 1.24540 6.725e+120.12024
1.005 1525.405 0.43471 0.04413 0.45193 0.31617 0.34862 0.03539 0.36243 0.25356 1.24694 6.733e+120.12008
1.010 1526.516 0.43504 0.04435 0.45204 0.31705 0.34846 0.03552 0.36207 0.25394 1.24848 6.742e+120.11992
1.015 1527.631 0.43538 0.04457 0.45216 0.31793 0.34829 0.03565 0.36172 0.25433 1.25003 6.750e+120.11976
1.020 1528.748 0.43572 0.04479 0.45227 0.31881 0.34813 0.03579 0.36136 0.25473 1.25159 6.759e+120.11960
1.025 1529.869 0.43606 0.04501 0.45238 0.31970 0.34797 0.03592 0.36100 0.25512 1.25314 6.767e+120.11944
1.030 1530.993 0.43639 0.04523 0.45249 0.32058 0.34781 0.03605 0.36064 0.25551 1.25470 6.775e+120.11928
1.035 1532.120 0.43673 0.04546 0.45260 0.32148 0.34764 0.03618 0.36028 0.25590 1.25627 6.784e+120.11912
1.040 1533.250 0.43707 0.04568 0.45272 0.32237 0.34748 0.03632 0.35992 0.25629 1.25784 6.792e+120.11896
1.045 1534.383 0.43741 0.04591 0.45283 0.32326 0.34731 0.03645 0.35956 0.25668 1.25941 6.801e+120.11880
1.050 1535.519 0.43775 0.04613 0.45294 0.32416 0.34715 0.03659 0.35920 0.25707 1.26098 6.809e+120.11864
1.055 1536.659 0.43809 0.04636 0.45305 0.32506 0.34698 0.03672 0.35883 0.25746 1.26256 6.818e+120.11847
1.060 1537.802 0.43843 0.04659 0.45316 0.32597 0.34682 0.03685 0.35847 0.25786 1.26415 6.826e+120.11831
1.065 1538.948 0.43877 0.04682 0.45328 0.32687 0.34665 0.03699 0.35811 0.25825 1.26574 6.835e+120.11815
1.070 1540.097 0.43911 0.04705 0.45339 0.32778 0.34648 0.03713 0.35775 0.25864 1.26733 6.844e+120.11799
1.075 1541.249 0.43945 0.04728 0.45350 0.32869 0.34632 0.03726 0.35739 0.25903 1.26892 6.852e+120.11783
1.080 1542.405 0.43979 0.04752 0.45361 0.32961 0.34615 0.03740 0.35703 0.25942 1.27052 6.861e+120.11767
1.085 1543.563 0.44013 0.04775 0.45373 0.33052 0.34598 0.03754 0.35667 0.25982 1.27213 6.869e+120.11751
1.090 1544.726 0.44047 0.04799 0.45384 0.33144 0.34581 0.03767 0.35630 0.26021 1.27374 6.878e+120.11735
1.095 1545.891 0.44081 0.04822 0.45395 0.33236 0.34564 0.03781 0.35594 0.26060 1.27535 6.887e+120.11718
1.100 1547.060 0.44115 0.04846 0.45406 0.33328 0.34547 0.03795 0.35558 0.26100 1.27696 6.896e+120.11702
1.105 1548.232 0.44150 0.04870 0.45418 0.33421 0.34530 0.03809 0.35522 0.26139 1.27858 6.904e+120.11686
1.110 1549.407 0.44184 0.04894 0.45429 0.33514 0.34513 0.03823 0.35485 0.26179 1.28021 6.913e+120.11670
1.115 1550.586 0.44218 0.04918 0.45440 0.33607 0.34496 0.03837 0.35449 0.26218 1.28183 6.922e+120.11654
1.120 1551.768 0.44252 0.04943 0.45451 0.33700 0.34479 0.03851 0.35413 0.26257 1.28347 6.931e+120.11637
1.125 1552.953 0.44287 0.04967 0.45462 0.33794 0.34462 0.03865 0.35377 0.26297 1.28510 6.940e+120.11621
1.130 1554.142 0.44321 0.04992 0.45474 0.33888 0.34444 0.03879 0.35340 0.26336 1.28674 6.948e+120.11605
1.135 1555.334 0.44355 0.05016 0.45485 0.33982 0.34427 0.03893 0.35304 0.26376 1.28839 6.957e+120.11588
1.140 1556.530 0.44390 0.05041 0.45496 0.34077 0.34410 0.03908 0.35267 0.26415 1.29004 6.966e+120.11572
1.145 1557.729 0.44424 0.05066 0.45508 0.34171 0.34392 0.03922 0.35231 0.26455 1.29169 6.975e+120.11556
1.150 1558.931 0.44459 0.05091 0.45519 0.34266 0.34375 0.03936 0.35195 0.26494 1.29335 6.984e+120.11540
1.155 1560.137 0.44493 0.05116 0.45530 0.34362 0.34357 0.03951 0.35158 0.26534 1.29501 6.993e+120.11523
1.160 1561.347 0.44528 0.05141 0.45541 0.34457 0.34340 0.03965 0.35122 0.26573 1.29667 7.002e+120.11507
1.165 1562.560 0.44562 0.05167 0.45553 0.34553 0.34322 0.03979 0.35085 0.26613 1.29834 7.011e+120.11490
1.170 1563.776 0.44597 0.05192 0.45564 0.34649 0.34305 0.03994 0.35049 0.26653 1.30001 7.020e+120.11474
1.175 1564.996 0.44631 0.05218 0.45575 0.34745 0.34287 0.04008 0.35012 0.26692 1.30169 7.029e+120.11458
1.180 1566.220 0.44666 0.05244 0.45586 0.34842 0.34269 0.04023 0.34976 0.26732 1.30337 7.038e+120.11441
1.185 1567.447 0.44700 0.05269 0.45598 0.34938 0.34252 0.04038 0.34939 0.26771 1.30506 7.047e+120.11425
1.190 1568.678 0.44735 0.05295 0.45609 0.35036 0.34234 0.04052 0.34903 0.26811 1.30675 7.056e+120.11408
1.195 1569.912 0.44770 0.05322 0.45620 0.35133 0.34216 0.04067 0.34866 0.26851 1.30845 7.066e+120.11392
1.200 1571.150 0.44805 0.05348 0.45632 0.35230 0.34198 0.04082 0.34829 0.26891 1.31014 7.075e+120.11376
1.205 1572.392 0.44839 0.05374 0.45643 0.35328 0.34180 0.04097 0.34793 0.26930 1.31185 7.084e+120.11359
1.210 1573.637 0.44874 0.05401 0.45654 0.35427 0.34162 0.04112 0.34756 0.26970 1.31356 7.093e+120.11343
1.215 1574.886 0.44909 0.05427 0.45665 0.35525 0.34144 0.04127 0.34720 0.27010 1.31527 7.102e+120.11326
1.220 1576.138 0.44944 0.05454 0.45677 0.35624 0.34126 0.04141 0.34683 0.27049 1.31698 7.112e+120.11310
1.225 1577.395 0.44978 0.05481 0.45688 0.35723 0.34108 0.04156 0.34646 0.27089 1.31870 7.121e+120.11293
1.230 1578.655 0.45013 0.05508 0.45699 0.35822 0.34090 0.04172 0.34609 0.27129 1.32043 7.130e+120.11277
1.235 1579.918 0.45048 0.05535 0.45711 0.35922 0.34072 0.04187 0.34573 0.27169 1.32216 7.140e+120.11260
1.240 1581.186 0.45083 0.05563 0.45722 0.36021 0.34053 0.04202 0.34536 0.27209 1.32389 7.149e+120.11243
1.245 1582.457 0.45118 0.05590 0.45733 0.36121 0.34035 0.04217 0.34499 0.27248 1.32563 7.158e+120.11227
1.250 1583.732 0.45153 0.05618 0.45745 0.36222 0.34017 0.04232 0.34463 0.27288 1.32737 7.168e+120.11210
1.255 1585.011 0.45188 0.05646 0.45756 0.36322 0.33998 0.04248 0.34426 0.27328 1.32912 7.177e+120.11194
1.260 1586.294 0.45223 0.05673 0.45767 0.36423 0.33980 0.04263 0.34389 0.27368 1.33087 7.187e+120.11177
1.265 1587.580 0.45258 0.05701 0.45779 0.36525 0.33962 0.04278 0.34352 0.27408 1.33263 7.196e+120.11160
1.270 1588.870 0.45293 0.05730 0.45790 0.36626 0.33943 0.04294 0.34315 0.27448 1.33439 7.206e+120.11144
1.275 1590.165 0.45328 0.05758 0.45801 0.36728 0.33925 0.04309 0.34278 0.27488 1.33616 7.215e+120.11127
1.280 1591.463 0.45364 0.05786 0.45813 0.36830 0.33906 0.04325 0.34242 0.27528 1.33792 7.225e+120.11110
1.285 1592.765 0.45399 0.05815 0.45824 0.36932 0.33887 0.04340 0.34205 0.27568 1.33970 7.234e+120.11094
1.290 1594.071 0.45434 0.05844 0.45835 0.37035 0.33869 0.04356 0.34168 0.27608 1.34148 7.244e+120.11077
1.295 1595.381 0.45469 0.05872 0.45847 0.37138 0.33850 0.04372 0.34131 0.27648 1.34326 7.254e+120.11060
1.300 1596.695 0.45504 0.05901 0.45858 0.37241 0.33831 0.04388 0.34094 0.27688 1.34505 7.263e+120.11044
1.305 1598.012 0.45540 0.05931 0.45869 0.37345 0.33812 0.04403 0.34057 0.27727 1.34684 7.273e+120.11027
1.310 1599.334 0.45575 0.05960 0.45881 0.37448 0.33793 0.04419 0.34020 0.27767 1.34864 7.283e+120.11010
1.315 1600.660 0.45610 0.05989 0.45892 0.37552 0.33774 0.04435 0.33983 0.27808 1.35044 7.292e+120.10993
1.320 1601.990 0.45646 0.06019 0.45903 0.37657 0.33755 0.04451 0.33946 0.27848 1.35225 7.302e+120.10977
1.325 1603.324 0.45681 0.06049 0.45915 0.37761 0.33736 0.04467 0.33909 0.27888 1.35406 7.312e+120.10960
1.330 1604.662 0.45716 0.06078 0.45926 0.37866 0.33717 0.04483 0.33872 0.27928 1.35587 7.322e+120.10943
1.335 1606.005 0.45752 0.06108 0.45938 0.37972 0.33698 0.04499 0.33835 0.27968 1.35769 7.332e+120.10926
1.340 1607.351 0.45787 0.06139 0.45949 0.38077 0.33679 0.04515 0.33798 0.28008 1.35952 7.341e+120.10909
1.345 1608.701 0.45823 0.06169 0.45960 0.38183 0.33660 0.04531 0.33761 0.28048 1.36135 7.351e+120.10892
1.350 1610.056 0.45858 0.06199 0.45972 0.38289 0.33641 0.04548 0.33724 0.28088 1.36318 7.361e+120.10876
1.355 1611.415 0.45894 0.06230 0.45983 0.38395 0.33621 0.04564 0.33687 0.28128 1.36502 7.371e+120.10859
1.360 1612.778 0.45930 0.06261 0.45994 0.38502 0.33602 0.04580 0.33650 0.28168 1.36687 7.381e+120.10842
1.365 1614.145 0.45965 0.06292 0.46006 0.38609 0.33583 0.04597 0.33612 0.28208 1.36872 7.391e+120.10825
1.370 1615.517 0.46001 0.06323 0.46017 0.38716 0.33563 0.04613 0.33575 0.28248 1.37057 7.401e+120.10808
1.375 1616.893 0.46036 0.06354 0.46029 0.38824 0.33544 0.04630 0.33538 0.28288 1.37243 7.411e+120.10791
1.380 1618.273 0.46072 0.06385 0.46040 0.38932 0.33524 0.04646 0.33501 0.28329 1.37429 7.421e+120.10774
1.385 1619.657 0.46108 0.06417 0.46051 0.39040 0.33505 0.04663 0.33464 0.28369 1.37616 7.431e+120.10757
1.390 1621.046 0.46144 0.06448 0.46063 0.39148 0.33485 0.04679 0.33426 0.28409 1.37803 7.441e+120.10740
1.395 1622.439 0.46179 0.06480 0.46074 0.39257 0.33465 0.04696 0.33389 0.28449 1.37991 7.452e+120.10723
1.400 1623.836 0.46215 0.06512 0.46086 0.39366 0.33446 0.04713 0.33352 0.28489 1.38179 7.462e+120.10706
1.405 1625.238 0.46251 0.06544 0.46097 0.39476 0.33426 0.04730 0.33315 0.28529 1.38368 7.472e+120.10689
1.410 1626.645 0.46287 0.06577 0.46108 0.39585 0.33406 0.04747 0.33277 0.28570 1.38558 7.482e+120.10672
1.415 1628.055 0.46323 0.06609 0.46120 0.39695 0.33386 0.04764 0.33240 0.28610 1.38747 7.492e+120.10655
1.420 1629.470 0.46359 0.06642 0.46131 0.39806 0.33367 0.04780 0.33203 0.28650 1.38938 7.503e+120.10638
1.425 1630.890 0.46395 0.06675 0.46143 0.39916 0.33347 0.04797 0.33166 0.28690 1.39128 7.513e+120.10621
1.430 1632.314 0.46431 0.06708 0.46154 0.40027 0.33327 0.04815 0.33128 0.28731 1.39320 7.523e+120.10604
1.435 1633.743 0.46467 0.06741 0.46165 0.40139 0.33307 0.04832 0.33091 0.28771 1.39511 7.534e+120.10587
1.440 1635.176 0.46503 0.06774 0.46177 0.40250 0.33287 0.04849 0.33053 0.28811 1.39704 7.544e+120.10570
1.445 1636.614 0.46539 0.06807 0.46188 0.40362 0.33267 0.04866 0.33016 0.28851 1.39896 7.554e+120.10552
1.450 1638.056 0.46575 0.06841 0.46200 0.40474 0.33246 0.04883 0.32979 0.28892 1.40090 7.565e+120.10535
1.455 1639.504 0.46611 0.06875 0.46211 0.40587 0.33226 0.04901 0.32941 0.28932 1.40284 7.575e+120.10518
1.460 1640.955 0.46647 0.06909 0.46223 0.40699 0.33206 0.04918 0.32904 0.28972 1.40478 7.586e+120.10501
1.465 1642.412 0.46683 0.06943 0.46234 0.40812 0.33186 0.04936 0.32866 0.29012 1.40673 7.596e+120.10484
1.470 1643.873 0.46719 0.06977 0.46246 0.40926 0.33165 0.04953 0.32829 0.29053 1.40868 7.607e+120.10467
1.475 1645.338 0.46756 0.07012 0.46257 0.41040 0.33145 0.04971 0.32792 0.29093 1.41064 7.617e+120.10449
1.480 1646.809 0.46792 0.07046 0.46268 0.41154 0.33125 0.04988 0.32754 0.29133 1.41260 7.628e+120.10432
1.485 1648.284 0.46828 0.07081 0.46280 0.41268 0.33104 0.05006 0.32717 0.29174 1.41457 7.639e+120.10415
1.490 1649.764 0.46864 0.07116 0.46291 0.41383 0.33084 0.05023 0.32679 0.29214 1.41654 7.649e+120.10398
1.495 1651.249 0.46901 0.07151 0.46303 0.41498 0.33063 0.05041 0.32642 0.29254 1.41852 7.660e+120.10380
1.500 1652.739 0.46937 0.07186 0.46314 0.41613 0.33042 0.05059 0.32604 0.29294 1.42051 7.671e+120.10363
1.505 1654.233 0.46974 0.07222 0.46326 0.41729 0.33022 0.05077 0.32566 0.29335 1.42250 7.681e+120.10346
1.510 1655.733 0.47010 0.07258 0.46337 0.41845 0.33001 0.05095 0.32529 0.29375 1.42449 7.692e+120.10328
1.515 1657.237 0.47046 0.07293 0.46349 0.41961 0.32980 0.05113 0.32491 0.29415 1.42649 7.703e+120.10311
1.520 1658.747 0.47083 0.07329 0.46360 0.42077 0.32960 0.05131 0.32454 0.29456 1.42850 7.714e+120.10294
1.525 1660.261 0.47119 0.07366 0.46372 0.42194 0.32939 0.05149 0.32416 0.29496 1.43051 7.725e+120.10276
1.530 1661.780 0.47156 0.07402 0.46383 0.42312 0.32918 0.05167 0.32379 0.29536 1.43253 7.736e+120.10259
1.535 1663.304 0.47192 0.07439 0.46395 0.42429 0.32897 0.05185 0.32341 0.29577 1.43455 7.747e+120.10242
1.540 1664.834 0.47229 0.07475 0.46406 0.42547 0.32876 0.05204 0.32303 0.29617 1.43657 7.758e+120.10224
1.545 1666.368 0.47266 0.07512 0.46418 0.42665 0.32855 0.05222 0.32266 0.29657 1.43861 7.768e+120.10207
1.550 1667.907 0.47302 0.07549 0.46429 0.42784 0.32834 0.05240 0.32228 0.29698 1.44064 7.779e+120.10189
1.555 1669.452 0.47339 0.07587 0.46441 0.42903 0.32813 0.05259 0.32190 0.29738 1.44269 7.791e+120.10172
1.560 1671.002 0.47376 0.07624 0.46452 0.43022 0.32792 0.05277 0.32153 0.29778 1.44474 7.802e+120.10154
1.565 1672.557 0.47412 0.07662 0.46464 0.43142 0.32771 0.05296 0.32115 0.29819 1.44679 7.813e+120.10137
1.570 1674.117 0.47449 0.07699 0.46475 0.43261 0.32750 0.05314 0.32077 0.29859 1.44885 7.824e+120.10119
1.575 1675.682 0.47486 0.07737 0.46487 0.43382 0.32728 0.05333 0.32039 0.29900 1.45092 7.835e+120.10102
1.580 1677.253 0.47523 0.07776 0.46498 0.43502 0.32707 0.05351 0.32002 0.29940 1.45299 7.846e+120.10084
1.585 1678.829 0.47560 0.07814 0.46510 0.43623 0.32686 0.05370 0.31964 0.29980 1.45506 7.857e+120.10067
1.590 1680.410 0.47596 0.07853 0.46521 0.43744 0.32664 0.05389 0.31926 0.30021 1.45714 7.869e+120.10049
1.595 1681.996 0.47633 0.07891 0.46533 0.43866 0.32643 0.05408 0.31888 0.30061 1.45923 7.880e+120.10032
1.600 1683.588 0.47670 0.07930 0.46544 0.43988 0.32621 0.05427 0.31851 0.30101 1.46133 7.891e+120.10014
1.605 1685.186 0.47707 0.07969 0.46556 0.44110 0.32600 0.05446 0.31813 0.30142 1.46342 7.902e+120.09996
1.610 1686.788 0.47744 0.08009 0.46567 0.44233 0.32578 0.05465 0.31775 0.30182 1.46553 7.914e+120.09979
1.615 1688.396 0.47781 0.08048 0.46579 0.44356 0.32557 0.05484 0.31737 0.30222 1.46764 7.925e+120.09961
1.620 1690.010 0.47818 0.08088 0.46590 0.44479 0.32535 0.05503 0.31699 0.30263 1.46975 7.937e+120.09944
1.625 1691.629 0.47855 0.08128 0.46602 0.44602 0.32513 0.05522 0.31661 0.30303 1.47188 7.948e+120.09926
1.630 1693.254 0.47892 0.08168 0.46613 0.44726 0.32491 0.05541 0.31624 0.30343 1.47400 7.960e+120.09908
1.635 1694.884 0.47930 0.08209 0.46625 0.44851 0.32470 0.05561 0.31586 0.30384 1.47614 7.971e+120.09891
1.640 1696.520 0.47967 0.08249 0.46636 0.44975 0.32448 0.05580 0.31548 0.30424 1.47827 7.983e+120.09873
1.645 1698.162 0.48004 0.08290 0.46648 0.45100 0.32426 0.05600 0.31510 0.30465 1.48042 7.994e+120.09855
1.650 1699.809 0.48041 0.08331 0.46659 0.45226 0.32404 0.05619 0.31472 0.30505 1.48257 8.006e+120.09837
1.655 1701.462 0.48078 0.08372 0.46671 0.45351 0.32382 0.05639 0.31434 0.30545 1.48472 8.018e+120.09820
1.660 1703.120 0.48116 0.08413 0.46683 0.45477 0.32360 0.05658 0.31396 0.30586 1.48689 8.029e+120.09802
1.665 1704.784 0.48153 0.08455 0.46694 0.45604 0.32338 0.05678 0.31358 0.30626 1.48905 8.041e+120.09784
1.670 1706.455 0.48190 0.08496 0.46706 0.45730 0.32316 0.05698 0.31320 0.30666 1.49123 8.053e+120.09766
1.675 1708.130 0.48228 0.08538 0.46717 0.45857 0.32294 0.05717 0.31282 0.30707 1.49341 8.064e+120.09748
1.680 1709.812 0.48265 0.08581 0.46729 0.45985 0.32272 0.05737 0.31244 0.30747 1.49559 8.076e+120.09731
1.685 1711.500 0.48303 0.08623 0.46740 0.46113 0.32249 0.05757 0.31206 0.30787 1.49778 8.088e+120.09713
1.690 1713.193 0.48340 0.08665 0.46752 0.46241 0.32227 0.05777 0.31168 0.30828 1.49998 8.100e+120.09695
1.695 1714.893 0.48377 0.08708 0.46763 0.46369 0.32205 0.05797 0.31130 0.30868 1.50218 8.112e+120.09677
1.700 1716.598 0.48415 0.08751 0.46775 0.46498 0.32182 0.05817 0.31092 0.30908 1.50439 8.124e+120.09659
1.705 1718.310 0.48452 0.08794 0.46787 0.46627 0.32160 0.05837 0.31054 0.30949 1.50661 8.136e+120.09641
1.710 1720.027 0.48490 0.08838 0.46798 0.46757 0.32138 0.05857 0.31016 0.30989 1.50883 8.148e+120.09623
1.715 1721.751 0.48528 0.08882 0.46810 0.46887 0.32115 0.05878 0.30978 0.31029 1.51106 8.160e+120.09605
1.720 1723.481 0.48565 0.08925 0.46821 0.47017 0.32092 0.05898 0.30940 0.31069 1.51329 8.172e+120.09588
1.725 1725.217 0.48603 0.08969 0.46833 0.47148 0.32070 0.05918 0.30902 0.31110 1.51553 8.184e+120.09570
1.730 1726.959 0.48641 0.09014 0.46845 0.47279 0.32047 0.05939 0.30864 0.31150 1.51778 8.196e+120.09552
1.735 1728.707 0.48678 0.09058 0.46856 0.47410 0.32025 0.05959 0.30826 0.31190 1.52003 8.208e+120.09534
1.740 1730.461 0.48716 0.09103 0.46868 0.47542 0.32002 0.05980 0.30788 0.31231 1.52229 8.220e+120.09516
1.745 1732.222 0.48754 0.09148 0.46879 0.47674 0.31979 0.06000 0.30750 0.31271 1.52455 8.233e+120.09498
1.750 1733.989 0.48792 0.09193 0.46891 0.47807 0.31956 0.06021 0.30711 0.31311 1.52682 8.245e+120.09480
1.755 1735.763 0.48829 0.09238 0.46903 0.47939 0.31933 0.06042 0.30673 0.31351 1.52910 8.257e+120.09461
1.760 1737.543 0.48867 0.09284 0.46914 0.48073 0.31911 0.06063 0.30635 0.31392 1.53138 8.269e+120.09443
1.765 1739.329 0.48905 0.09330 0.46926 0.48206 0.31888 0.06083 0.30597 0.31432 1.53367 8.282e+120.09425
1.770 1741.122 0.48943 0.09376 0.46937 0.48340 0.31865 0.06104 0.30559 0.31472 1.53597 8.294e+120.09407
1.775 1742.921 0.48981 0.09422 0.46949 0.48474 0.31842 0.06125 0.30521 0.31512 1.53827 8.307e+120.09389
1.780 1744.727 0.49019 0.09469 0.46961 0.48609 0.31819 0.06146 0.30483 0.31553 1.54058 8.319e+120.09371
1.785 1746.539 0.49057 0.09515 0.46972 0.48744 0.31796 0.06167 0.30444 0.31593 1.54289 8.332e+120.09353
1.790 1748.358 0.49095 0.09562 0.46984 0.48880 0.31772 0.06188 0.30406 0.31633 1.54521 8.344e+120.09335
1.795 1750.183 0.49133 0.09610 0.46996 0.49016 0.31749 0.06210 0.30368 0.31673 1.54754 8.357e+120.09317
1.800 1752.016 0.49171 0.09657 0.47007 0.49152 0.31726 0.06231 0.30330 0.31713 1.54987 8.369e+120.09298
1.805 1753.855 0.49209 0.09705 0.47019 0.49288 0.31703 0.06252 0.30291 0.31754 1.55221 8.382e+120.09280
1.810 1755.700 0.49248 0.09753 0.47030 0.49425 0.31679 0.06274 0.30253 0.31794 1.55456 8.395e+120.09262
1.815 1757.553 0.49286 0.09801 0.47042 0.49563 0.31656 0.06295 0.30215 0.31834 1.55691 8.407e+120.09244
1.820 1759.412 0.49324 0.09849 0.47054 0.49700 0.31633 0.06317 0.30177 0.31874 1.55927 8.420e+120.09225
1.825 1761.279 0.49362 0.09898 0.47065 0.49838 0.31609 0.06338 0.30138 0.31914 1.56164 8.433e+120.09207
1.830 1763.152 0.49400 0.09947 0.47077 0.49977 0.31586 0.06360 0.30100 0.31954 1.56401 8.446e+120.09189
1.835 1765.032 0.49439 0.09996 0.47089 0.50116 0.31562 0.06381 0.30062 0.31994 1.56639 8.459e+120.09171
1.840 1766.919 0.49477 0.10045 0.47100 0.50255 0.31539 0.06403 0.30024 0.32035 1.56878 8.471e+120.09152
1.845 1768.813 0.49515 0.10095 0.47112 0.50395 0.31515 0.06425 0.29985 0.32075 1.57117 8.484e+120.09134
1.850 1770.715 0.49554 0.10145 0.47124 0.50535 0.31491 0.06447 0.29947 0.32115 1.57357 8.497e+120.09116
1.855 1772.623 0.49592 0.10195 0.47135 0.50675 0.31468 0.06469 0.29909 0.32155 1.57597 8.510e+120.09097
1.860 1774.538 0.49631 0.10245 0.47147 0.50816 0.31444 0.06491 0.29870 0.32195 1.57839 8.523e+120.09079
1.865 1776.461 0.49669 0.10296 0.47159 0.50957 0.31420 0.06513 0.29832 0.32235 1.58081 8.536e+120.09061
1.870 1778.391 0.49708 0.10346 0.47170 0.51099 0.31396 0.06535 0.29794 0.32275 1.58323 8.549e+120.09042
1.875 1780.328 0.49746 0.10398 0.47182 0.51241 0.31372 0.06557 0.29755 0.32315 1.58567 8.563e+120.09024
1.880 1782.273 0.49785 0.10449 0.47194 0.51383 0.31349 0.06579 0.29717 0.32355 1.58811 8.576e+120.09005
1.885 1784.225 0.49823 0.10500 0.47205 0.51526 0.31325 0.06602 0.29679 0.32395 1.59055 8.589e+120.08987
1.890 1786.184 0.49862 0.10552 0.47217 0.51669 0.31301 0.06624 0.29640 0.32435 1.59301 8.602e+120.08968
1.895 1788.151 0.49901 0.10604 0.47229 0.51813 0.31277 0.06647 0.29602 0.32475 1.59547 8.616e+120.08950
1.900 1790.125 0.49939 0.10657 0.47240 0.51957 0.31252 0.06669 0.29563 0.32515 1.59793 8.629e+120.08931
1.905 1792.107 0.49978 0.10709 0.47252 0.52101 0.31228 0.06692 0.29525 0.32555 1.60041 8.642e+120.08913
1.910 1794.097 0.50017 0.10762 0.47264 0.52246 0.31204 0.06714 0.29487 0.32595 1.60289 8.656e+120.08894
1.915 1796.094 0.50056 0.10815 0.47276 0.52391 0.31180 0.06737 0.29448 0.32635 1.60538 8.669e+120.08876
1.920 1798.099 0.50094 0.10869 0.47287 0.52537 0.31156 0.06760 0.29410 0.32675 1.60787 8.683e+120.08857
1.925 1800.111 0.50133 0.10922 0.47299 0.52683 0.31131 0.06783 0.29371 0.32715 1.61037 8.696e+120.08839
1.930 1802.132 0.50172 0.10976 0.47311 0.52829 0.31107 0.06805 0.29333 0.32754 1.61288 8.710e+120.08820
1.935 1804.160 0.50211 0.11031 0.47322 0.52976 0.31083 0.06828 0.29295 0.32794 1.61540 8.723e+120.08802
1.940 1806.196 0.50250 0.11085 0.47334 0.53123 0.31058 0.06851 0.29256 0.32834 1.61792 8.737e+120.08783
1.945 1808.240 0.50289 0.11140 0.47346 0.53271 0.31034 0.06874 0.29218 0.32874 1.62045 8.750e+120.08764
1.950 1810.292 0.50328 0.11195 0.47357 0.53419 0.31009 0.06898 0.29179 0.32914 1.62299 8.764e+120.08746
1.955 1812.352 0.50367 0.11250 0.47369 0.53567 0.30985 0.06921 0.29141 0.32954 1.62553 8.778e+120.08727
1.960 1814.420 0.50406 0.11306 0.47381 0.53716 0.30960 0.06944 0.29102 0.32993 1.62809 8.792e+120.08708
1.965 1816.496 0.50445 0.11361 0.47393 0.53865 0.30936 0.06967 0.29064 0.33033 1.63064 8.805e+120.08690
1.970 1818.580 0.50484 0.11417 0.47404 0.54015 0.30911 0.06991 0.29025 0.33073 1.63321 8.819e+120.08671
1.975 1820.672 0.50523 0.11474 0.47416 0.54165 0.30886 0.07014 0.28987 0.33113 1.63578 8.833e+120.08652
1.980 1822.773 0.50562 0.11531 0.47428 0.54316 0.30862 0.07038 0.28948 0.33152 1.63836 8.847e+120.08633
1.985 1824.882 0.50602 0.11587 0.47440 0.54467 0.30837 0.07061 0.28910 0.33192 1.64095 8.861e+120.08615
1.990 1827.000 0.50641 0.11645 0.47451 0.54618 0.30812 0.07085 0.28871 0.33232 1.64355 8.875e+120.08596
1.995 1829.125 0.50680 0.11702 0.47463 0.54770 0.30787 0.07109 0.28833 0.33271 1.64615 8.889e+120.08577
2.000 1831.260 0.50719 0.11760 0.47475 0.54922 0.30762 0.07133 0.28794 0.33311 1.64876 8.903e+120.08558
2.005 1833.402 0.50759 0.11818 0.47487 0.55075 0.30737 0.07156 0.28756 0.33351 1.65138 8.917e+120.08540
2.010 1835.554 0.50798 0.11876 0.47498 0.55228 0.30712 0.07180 0.28717 0.33390 1.65400 8.932e+120.08521
2.015 1837.714 0.50837 0.11935 0.47510 0.55381 0.30687 0.07204 0.28679 0.33430 1.65664 8.946e+120.08502
2.020 1839.883 0.50877 0.11994 0.47522 0.55535 0.30662 0.07228 0.28640 0.33469 1.65928 8.960e+120.08483
2.025 1842.060 0.50916 0.12053 0.47534 0.55689 0.30637 0.07252 0.28602 0.33509 1.66192 8.974e+120.08464
2.030 1844.246 0.50956 0.12113 0.47545 0.55844 0.30612 0.07277 0.28563 0.33548 1.66458 8.989e+120.08445
2.035 1846.441 0.50995 0.12172 0.47557 0.55999 0.30587 0.07301 0.28524 0.33588 1.66724 9.003e+120.08426
2.040 1848.645 0.51035 0.12232 0.47569 0.56155 0.30561 0.07325 0.28486 0.33627 1.66991 9.018e+120.08407
2.045 1850.858 0.51074 0.12293 0.47581 0.56311 0.30536 0.07350 0.28447 0.33667 1.67259 9.032e+120.08389
2.050 1853.080 0.51114 0.12354 0.47592 0.56467 0.30511 0.07374 0.28409 0.33706 1.67527 9.046e+120.08370
2.055 1855.311 0.51154 0.12415 0.47604 0.56624 0.30485 0.07399 0.28370 0.33746 1.67797 9.061e+120.08351
2.060 1857.551 0.51193 0.12476 0.47616 0.56782 0.30460 0.07423 0.28332 0.33785 1.68067 9.076e+120.08332
2.065 1859.800 0.51233 0.12537 0.47628 0.56939 0.30435 0.07448 0.28293 0.33824 1.68338 9.090e+120.08313
2.070 1862.059 0.51273 0.12599 0.47640 0.57098 0.30409 0.07473 0.28254 0.33864 1.68609 9.105e+120.08294
2.075 1864.327 0.51312 0.12662 0.47651 0.57256 0.30384 0.07497 0.28216 0.33903 1.68882 9.120e+120.08275
2.080 1866.604 0.51352 0.12724 0.47663 0.57415 0.30358 0.07522 0.28177 0.33942 1.69155 9.134e+120.08256
2.085 1868.890 0.51392 0.12787 0.47675 0.57575 0.30333 0.07547 0.28139 0.33982 1.69429 9.149e+120.08237
2.090 1871.186 0.51432 0.12850 0.47687 0.57735 0.30307 0.07572 0.28100 0.34021 1.69704 9.164e+120.08218
2.095 1873.492 0.51472 0.12913 0.47699 0.57895 0.30281 0.07597 0.28061 0.34060 1.69979 9.179e+120.08198
2.100 1875.807 0.51512 0.12977 0.47710 0.58056 0.30256 0.07622 0.28023 0.34099 1.70256 9.194e+120.08179
2.105 1878.132 0.51552 0.13041 0.47722 0.58218 0.30230 0.07647 0.27984 0.34139 1.70533 9.209e+120.08160
2.110 1880.467 0.51592 0.13106 0.47734 0.58379 0.30204 0.07673 0.27946 0.34178 1.70811 9.224e+120.08141
2.115 1882.811 0.51632 0.13170 0.47746 0.58542 0.30178 0.07698 0.27907 0.34217 1.71089 9.239e+120.08122
2.120 1885.165 0.51672 0.13235 0.47758 0.58704 0.30152 0.07723 0.27868 0.34256 1.71369 9.254e+120.08103
2.125 1887.529 0.51712 0.13301 0.47770 0.58867 0.30126 0.07749 0.27830 0.34295 1.71649 9.269e+120.08084
2.130 1889.903 0.51752 0.13366 0.47781 0.59031 0.30100 0.07774 0.27791 0.34334 1.71930 9.284e+120.08064
2.135 1892.287 0.51792 0.13432 0.47793 0.59195 0.30074 0.07800 0.27752 0.34373 1.72212 9.299e+120.08045
2.140 1894.682 0.51832 0.13499 0.47805 0.59359 0.30048 0.07826 0.27714 0.34412 1.72495 9.315e+120.08026
2.145 1897.086 0.51872 0.13565 0.47817 0.59524 0.30022 0.07851 0.27675 0.34451 1.72779 9.330e+120.08007
2.150 1899.501 0.51912 0.13632 0.47829 0.59690 0.29996 0.07877 0.27637 0.34490 1.73063 9.345e+120.07988
2.155 1901.926 0.51953 0.13700 0.47841 0.59856 0.29970 0.07903 0.27598 0.34529 1.73349 9.361e+120.07968
2.160 1904.361 0.51993 0.13767 0.47852 0.60022 0.29944 0.07929 0.27559 0.34568 1.73635 9.376e+120.07949
2.165 1906.807 0.52033 0.13835 0.47864 0.60189 0.29918 0.07955 0.27521 0.34607 1.73922 9.392e+120.07930
2.170 1909.263 0.52074 0.13904 0.47876 0.60356 0.29891 0.07981 0.27482 0.34646 1.74209 9.407e+120.07911
2.175 1911.730 0.52114 0.13972 0.47888 0.60524 0.29865 0.08007 0.27443 0.34685 1.74498 9.423e+120.07891
2.180 1914.208 0.52154 0.14041 0.47900 0.60692 0.29839 0.08033 0.27405 0.34723 1.74787 9.439e+120.07872
2.185 1916.696 0.52195 0.14111 0.47912 0.60861 0.29812 0.08060 0.27366 0.34762 1.75078 9.454e+120.07853
2.190 1919.195 0.52235 0.14180 0.47923 0.61030 0.29786 0.08086 0.27327 0.34801 1.75369 9.470e+120.07833
2.195 1921.705 0.52276 0.14250 0.47935 0.61199 0.29760 0.08112 0.27289 0.34840 1.75661 9.486e+120.07814
2.200 1924.226 0.52316 0.14321 0.47947 0.61369 0.29733 0.08139 0.27250 0.34878 1.75954 9.501e+120.07794
2.205 1926.757 0.52357 0.14391 0.47959 0.61540 0.29707 0.08165 0.27211 0.34917 1.76247 9.517e+120.07775
2.210 1929.300 0.52397 0.14462 0.47971 0.61711 0.29680 0.08192 0.27173 0.34955 1.76542 9.533e+120.07756
2.215 1931.855 0.52438 0.14534 0.47983 0.61882 0.29653 0.08219 0.27134 0.34994 1.76837 9.549e+120.07736
2.220 1934.420 0.52479 0.14605 0.47995 0.62054 0.29627 0.08245 0.27095 0.35033 1.77133 9.565e+120.07717
2.225 1936.997 0.52519 0.14678 0.48007 0.62227 0.29600 0.08272 0.27057 0.35071 1.77430 9.581e+120.07697
2.230 1939.585 0.52560 0.14750 0.48018 0.62400 0.29573 0.08299 0.27018 0.35110 1.77728 9.597e+120.07678
2.235 1942.184 0.52601 0.14823 0.48030 0.62573 0.29547 0.08326 0.26979 0.35148 1.78027 9.613e+120.07658
2.240 1944.795 0.52642 0.14896 0.48042 0.62747 0.29520 0.08353 0.26941 0.35187 1.78327 9.630e+120.07639
2.245 1947.418 0.52683 0.14970 0.48054 0.62921 0.29493 0.08380 0.26902 0.35225 1.78628 9.646e+120.07619
2.250 1950.052 0.52723 0.15044 0.48066 0.63096 0.29466 0.08408 0.26863 0.35263 1.78929 9.662e+120.07600
2.255 1952.698 0.52764 0.15118 0.48078 0.63272 0.29439 0.08435 0.26824 0.35302 1.79232 9.679e+120.07580
2.260 1955.357 0.52805 0.15192 0.48090 0.63447 0.29412 0.08462 0.26786 0.35340 1.79535 9.695e+120.07561
2.265 1958.027 0.52846 0.15267 0.48102 0.63624 0.29385 0.08489 0.26747 0.35378 1.79839 9.711e+120.07541
2.270 1960.709 0.52887 0.15343 0.48114 0.63801 0.29358 0.08517 0.26708 0.35416 1.80144 9.728e+120.07522
2.275 1963.403 0.52928 0.15419 0.48126 0.63978 0.29331 0.08544 0.26670 0.35455 1.80450 9.744e+120.07502
2.280 1966.109 0.52969 0.15495 0.48137 0.64156 0.29304 0.08572 0.26631 0.35493 1.80757 9.761e+120.07482
2.285 1968.828 0.53010 0.15571 0.48149 0.64334 0.29277 0.08600 0.26592 0.35531 1.81065 9.777e+120.07463
2.290 1971.559 0.53051 0.15648 0.48161 0.64513 0.29250 0.08628 0.26554 0.35569 1.81373 9.794e+120.07443
2.295 1974.302 0.53092 0.15725 0.48173 0.64692 0.29223 0.08655 0.26515 0.35607 1.81683 9.811e+120.07424
2.300 1977.058 0.53134 0.15803 0.48185 0.64872 0.29195 0.08683 0.26476 0.35645 1.81993 9.828e+120.07404
2.305 1979.826 0.53175 0.15881 0.48197 0.65052 0.29168 0.08711 0.26438 0.35683 1.82305 9.844e+120.07384
2.310 1982.608 0.53216 0.15959 0.48209 0.65233 0.29141 0.08739 0.26399 0.35721 1.82617 9.861e+120.07365
2.315 1985.402 0.53257 0.16038 0.48221 0.65414 0.29113 0.08767 0.26360 0.35759 1.82930 9.878e+120.07345
2.320 1988.209 0.53299 0.16117 0.48233 0.65596 0.29086 0.08796 0.26322 0.35797 1.83245 9.895e+120.07325
2.325 1991.029 0.53340 0.16197 0.48245 0.65778 0.29059 0.08824 0.26283 0.35835 1.83560 9.912e+120.07305
2.330 1993.862 0.53381 0.16277 0.48257 0.65961 0.29031 0.08852 0.26244 0.35873 1.83876 9.929e+120.07286
2.335 1996.708 0.53423 0.16357 0.48269 0.66144 0.29004 0.08881 0.26206 0.35910 1.84193 9.946e+120.07266
2.340 1999.568 0.53464 0.16438 0.48281 0.66328 0.28976 0.08909 0.26167 0.35948 1.84511 9.964e+120.07246
2.345 2002.441 0.53505 0.16519 0.48293 0.66512 0.28949 0.08938 0.26128 0.35986 1.84829 9.981e+120.07226
2.350 2005.327 0.53547 0.16601 0.48305 0.66697 0.28921 0.08966 0.26089 0.36023 1.85149 9.998e+120.07207
2.355 2008.227 0.53588 0.16683 0.48316 0.66882 0.28893 0.08995 0.26051 0.36061 1.85470 1.002e+130.07187
2.360 2011.140 0.53630 0.16765 0.48328 0.67068 0.28866 0.09024 0.26012 0.36099 1.85792 1.003e+130.07167
2.365 2014.067 0.53672 0.16848 0.48340 0.67255 0.28838 0.09052 0.25973 0.36136 1.86115 1.005e+130.07147
2.370 2017.009 0.53713 0.16931 0.48352 0.67442 0.28810 0.09081 0.25935 0.36174 1.86438 1.007e+130.07127
2.375 2019.964 0.53755 0.17015 0.48364 0.67629 0.28782 0.09110 0.25896 0.36211 1.86763 1.009e+130.07108
2.380 2022.933 0.53797 0.17099 0.48376 0.67817 0.28755 0.09139 0.25857 0.36249 1.87088 1.010e+130.07088
2.385 2025.916 0.53838 0.17183 0.48388 0.68005 0.28727 0.09168 0.25819 0.36286 1.87415 1.012e+130.07068
2.390 2028.913 0.53880 0.17268 0.48400 0.68194 0.28699 0.09198 0.25780 0.36323 1.87742 1.014e+130.07048
2.395 2031.925 0.53922 0.17353 0.48412 0.68384 0.28671 0.09227 0.25741 0.36361 1.88071 1.016e+130.07028
2.400 2034.952 0.53964 0.17439 0.48424 0.68574 0.28643 0.09256 0.25703 0.36398 1.88400 1.017e+130.07008
2.405 2037.992 0.54005 0.17525 0.48436 0.68764 0.28615 0.09286 0.25664 0.36435 1.88731 1.019e+130.06988
2.410 2041.048 0.54047 0.17611 0.48448 0.68956 0.28587 0.09315 0.25626 0.36472 1.89062 1.021e+130.06968
2.415 2044.118 0.54089 0.17698 0.48460 0.69147 0.28559 0.09345 0.25587 0.36510 1.89395 1.023e+130.06948
2.420 2047.204 0.54131 0.17786 0.48472 0.69339 0.28531 0.09374 0.25548 0.36547 1.89728 1.025e+130.06928
2.425 2050.304 0.54173 0.17874 0.48484 0.69532 0.28503 0.09404 0.25510 0.36584 1.90063 1.026e+130.06908
2.430 2053.419 0.54215 0.17962 0.48496 0.69725 0.28475 0.09434 0.25471 0.36621 1.90398 1.028e+130.06888
2.435 2056.550 0.54257 0.18050 0.48508 0.69919 0.28446 0.09464 0.25432 0.36658 1.90735 1.030e+130.06868
2.440 2059.695 0.54299 0.18140 0.48520 0.70113 0.28418 0.09494 0.25394 0.36695 1.91072 1.032e+130.06848
2.445 2062.857 0.54341 0.18229 0.48532 0.70308 0.28390 0.09524 0.25355 0.36732 1.91411 1.034e+130.06828
2.450 2066.034 0.54383 0.18319 0.48544 0.70503 0.28362 0.09554 0.25316 0.36768 1.91750 1.035e+130.06808
2.455 2069.226 0.54426 0.18410 0.48556 0.70699 0.28333 0.09584 0.25278 0.36805 1.92091 1.037e+130.06788
2.460 2072.435 0.54468 0.18500 0.48568 0.70896 0.28305 0.09614 0.25239 0.36842 1.92432 1.039e+130.06768
2.465 2075.659 0.54510 0.18592 0.48580 0.71093 0.28276 0.09644 0.25201 0.36879 1.92775 1.041e+130.06748
2.470 2078.899 0.54552 0.18684 0.48592 0.71290 0.28248 0.09675 0.25162 0.36915 1.93119 1.043e+130.06728
2.475 2082.156 0.54595 0.18776 0.48604 0.71489 0.28220 0.09705 0.25123 0.36952 1.93463 1.045e+130.06708
2.480 2085.429 0.54637 0.18869 0.48616 0.71687 0.28191 0.09736 0.25085 0.36989 1.93809 1.047e+130.06688
2.485 2088.718 0.54679 0.18962 0.48628 0.71886 0.28163 0.09766 0.25046 0.37025 1.94156 1.048e+130.06668
2.490 2092.024 0.54722 0.19055 0.48640 0.72086 0.28134 0.09797 0.25007 0.37062 1.94504 1.050e+130.06648
2.495 2095.346 0.54764 0.19149 0.48652 0.72286 0.28105 0.09828 0.24969 0.37098 1.94852 1.052e+130.06628
2.500 2098.685 0.54806 0.19244 0.48665 0.72487 0.28077 0.09858 0.24930 0.37134 1.95202 1.054e+130.06607
2.505 2102.041 0.54849 0.19339 0.48677 0.72689 0.28048 0.09889 0.24892 0.37171 1.95553 1.056e+130.06587
2.510 2105.414 0.54892 0.19434 0.48689 0.72891 0.28019 0.09920 0.24853 0.37207 1.95905 1.058e+130.06567
2.515 2108.805 0.54934 0.19530 0.48701 0.73093 0.27991 0.09951 0.24815 0.37243 1.96258 1.060e+130.06547
2.520 2112.212 0.54977 0.19627 0.48713 0.73296 0.27962 0.09982 0.24776 0.37280 1.96613 1.062e+130.06527
2.525 2115.637 0.55019 0.19724 0.48725 0.73500 0.27933 0.10014 0.24737 0.37316 1.96968 1.064e+130.06507
2.530 2119.080 0.55062 0.19821 0.48737 0.73704 0.27904 0.10045 0.24699 0.37352 1.97324 1.066e+130.06486
2.535 2122.540 0.55105 0.19919 0.48749 0.73909 0.27875 0.10076 0.24660 0.37388 1.97682 1.067e+130.06466
2.540 2126.019 0.55147 0.20017 0.48761 0.74115 0.27847 0.10108 0.24622 0.37424 1.98040 1.069e+130.06446
2.545 2129.515 0.55190 0.20116 0.48773 0.74321 0.27818 0.10139 0.24583 0.37460 1.98400 1.071e+130.06426
2.550 2133.029 0.55233 0.20215 0.48785 0.74527 0.27789 0.10171 0.24545 0.37496 1.98760 1.073e+130.06406
2.555 2136.562 0.55276 0.20315 0.48797 0.74734 0.27760 0.10202 0.24506 0.37532 1.99122 1.075e+130.06385
2.560 2140.113 0.55319 0.20416 0.48809 0.74942 0.27731 0.10234 0.24468 0.37568 1.99485 1.077e+130.06365
2.565 2143.682 0.55361 0.20516 0.48821 0.75150 0.27702 0.10266 0.24429 0.37603 1.99849 1.079e+130.06345
2.570 2147.271 0.55404 0.20618 0.48833 0.75359 0.27673 0.10298 0.24391 0.37639 2.00214 1.081e+130.06324
2.575 2150.878 0.55447 0.20719 0.48846 0.75568 0.27643 0.10330 0.24352 0.37675 2.00581 1.083e+130.06304
2.580 2154.504 0.55490 0.20822 0.48858 0.75778 0.27614 0.10362 0.24314 0.37710 2.00948 1.085e+130.06284
2.585 2158.149 0.55533 0.20925 0.48870 0.75989 0.27585 0.10394 0.24275 0.37746 2.01316 1.087e+130.06264
2.590 2161.814 0.55576 0.21028 0.48882 0.76200 0.27556 0.10426 0.24237 0.37782 2.01686 1.089e+130.06243
2.595 2165.498 0.55619 0.21132 0.48894 0.76412 0.27527 0.10458 0.24198 0.37817 2.02057 1.091e+130.06223
2.600 2169.202 0.55663 0.21236 0.48906 0.76624 0.27497 0.10491 0.24160 0.37852 2.02429 1.093e+130.06203
2.605 2172.926 0.55706 0.21341 0.48918 0.76837 0.27468 0.10523 0.24121 0.37888 2.02802 1.095e+130.06182
2.610 2176.669 0.55749 0.21446 0.48930 0.77051 0.27439 0.10555 0.24083 0.37923 2.03176 1.097e+130.06162
2.615 2180.433 0.55792 0.21552 0.48942 0.77265 0.27409 0.10588 0.24044 0.37958 2.03551 1.099e+130.06142
2.620 2184.217 0.55835 0.21658 0.48954 0.77479 0.27380 0.10621 0.24006 0.37994 2.03928 1.101e+130.06121
2.625 2188.021 0.55879 0.21765 0.48967 0.77695 0.27351 0.10653 0.23967 0.38029 2.04305 1.103e+130.06101
2.630 2191.846 0.55922 0.21873 0.48979 0.77911 0.27321 0.10686 0.23929 0.38064 2.04684 1.105e+130.06081
2.635 2195.691 0.55965 0.21981 0.48991 0.78127 0.27292 0.10719 0.23890 0.38099 2.05064 1.107e+130.06060
2.640 2199.558 0.56009 0.22089 0.49003 0.78344 0.27262 0.10752 0.23852 0.38134 2.05445 1.109e+130.06040
2.645 2203.446 0.56052 0.22198 0.49015 0.78562 0.27233 0.10785 0.23814 0.38169 2.05828 1.111e+130.06019
2.650 2207.355 0.56096 0.22308 0.49027 0.78780 0.27203 0.10818 0.23775 0.38204 2.06211 1.114e+130.05999
2.655 2211.285 0.56139 0.22418 0.49039 0.78999 0.27173 0.10851 0.23737 0.38239 2.06596 1.116e+130.05979
2.660 2215.237 0.56183 0.22529 0.49051 0.79219 0.27144 0.10884 0.23698 0.38273 2.06982 1.118e+130.05958
2.665 2219.211 0.56226 0.22640 0.49064 0.79439 0.27114 0.10918 0.23660 0.38308 2.07369 1.120e+130.05938
2.670 2223.207 0.56270 0.22752 0.49076 0.79660 0.27084 0.10951 0.23622 0.38343 2.07757 1.122e+130.05917
2.675 2227.225 0.56313 0.22864 0.49088 0.79881 0.27055 0.10985 0.23583 0.38377 2.08146 1.124e+130.05897
2.680 2231.266 0.56357 0.22977 0.49100 0.80103 0.27025 0.11018 0.23545 0.38412 2.08537 1.126e+130.05876
2.685 2235.329 0.56401 0.23090 0.49112 0.80325 0.26995 0.11052 0.23507 0.38446 2.08929 1.128e+130.05856
2.690 2239.414 0.56445 0.23205 0.49124 0.80549 0.26965 0.11086 0.23468 0.38481 2.09322 1.130e+130.05835
2.695 2243.523 0.56488 0.23319 0.49137 0.80773 0.26936 0.11119 0.23430 0.38515 2.09716 1.132e+130.05815
2.700 2247.655 0.56532 0.23434 0.49149 0.80997 0.26906 0.11153 0.23392 0.38549 2.10112 1.135e+130.05794
2.705 2251.810 0.56576 0.23550 0.49161 0.81222 0.26876 0.11187 0.23353 0.38584 2.10509 1.137e+130.05774
2.710 2255.989 0.56620 0.23666 0.49173 0.81448 0.26846 0.11221 0.23315 0.38618 2.10907 1.139e+130.05754
2.715 2260.191 0.56664 0.23783 0.49185 0.81674 0.26816 0.11255 0.23277 0.38652 2.11306 1.141e+130.05733
2.720 2264.417 0.56708 0.23900 0.49197 0.81901 0.26786 0.11289 0.23238 0.38686 2.11706 1.143e+130.05713
2.725 2268.668 0.56752 0.24018 0.49210 0.82129 0.26756 0.11324 0.23200 0.38720 2.12108 1.145e+130.05692
2.730 2272.943 0.56796 0.24137 0.49222 0.82357 0.26726 0.11358 0.23162 0.38754 2.12511 1.148e+130.05672
2.735 2277.242 0.56840 0.24256 0.49234 0.82586 0.26696 0.11392 0.23124 0.38788 2.12915 1.150e+130.05651
2.740 2281.566 0.56884 0.24376 0.49246 0.82815 0.26666 0.11427 0.23085 0.38822 2.13321 1.152e+130.05630
2.745 2285.915 0.56928 0.24496 0.49258 0.83045 0.26636 0.11461 0.23047 0.38856 2.13728 1.154e+130.05610
2.750 2290.289 0.56972 0.24617 0.49270 0.83276 0.26606 0.11496 0.23009 0.38889 2.14136 1.156e+130.05589
2.755 2294.689 0.57016 0.24739 0.49283 0.83508 0.26575 0.11531 0.22971 0.38923 2.14545 1.159e+130.05569
2.760 2299.114 0.57060 0.24861 0.49295 0.83740 0.26545 0.11566 0.22933 0.38957 2.14956 1.161e+130.05548
2.765 2303.565 0.57105 0.24984 0.49307 0.83972 0.26515 0.11600 0.22894 0.38990 2.15368 1.163e+130.05528
2.770 2308.042 0.57149 0.25107 0.49319 0.84206 0.26485 0.11635 0.22856 0.39024 2.15781 1.165e+130.05507
2.775 2312.546 0.57193 0.25231 0.49331 0.84440 0.26454 0.11670 0.22818 0.39057 2.16195 1.167e+130.05487
2.780 2317.076 0.57237 0.25356 0.49344 0.84674 0.26424 0.11706 0.22780 0.39090 2.16611 1.170e+130.05466
2.785 2321.632 0.57282 0.25481 0.49356 0.84910 0.26394 0.11741 0.22742 0.39124 2.17028 1.172e+130.05446
2.790 2326.216 0.57326 0.25607 0.49368 0.85146 0.26363 0.11776 0.22704 0.39157 2.17446 1.174e+130.05425
2.795 2330.827 0.57371 0.25733 0.49380 0.85382 0.26333 0.11811 0.22665 0.39190 2.17866 1.176e+130.05405
2.800 2335.466 0.57415 0.25860 0.49393 0.85619 0.26303 0.11847 0.22627 0.39223 2.18287 1.179e+130.05384
2.805 2340.132 0.57460 0.25988 0.49405 0.85857 0.26272 0.11882 0.22589 0.39256 2.18709 1.181e+130.05363
2.810 2344.826 0.57504 0.26116 0.49417 0.86096 0.26242 0.11918 0.22551 0.39289 2.19133 1.183e+130.05343
2.815 2349.548 0.57549 0.26245 0.49429 0.86335 0.26211 0.11954 0.22513 0.39322 2.19558 1.186e+130.05322
2.820 2354.299 0.57593 0.26374 0.49441 0.86575 0.26181 0.11989 0.22475 0.39355 2.19984 1.188e+130.05302
2.825 2359.079 0.57638 0.26505 0.49454 0.86816 0.26150 0.12025 0.22437 0.39388 2.20412 1.190e+130.05281
2.830 2363.888 0.57683 0.26636 0.49466 0.87057 0.26120 0.12061 0.22399 0.39421 2.20841 1.193e+130.05261
2.835 2368.725 0.57728 0.26767 0.49478 0.87299 0.26089 0.12097 0.22361 0.39453 2.21272 1.195e+130.05240
2.840 2373.593 0.57772 0.26899 0.49490 0.87541 0.26058 0.12133 0.22323 0.39486 2.21703 1.197e+130.05219
2.845 2378.490 0.57817 0.27032 0.49503 0.87785 0.26028 0.12169 0.22285 0.39518 2.22136 1.200e+130.05199
2.850 2383.417 0.57862 0.27165 0.49515 0.88029 0.25997 0.12205 0.22247 0.39551 2.22571 1.202e+130.05178
2.855 2388.375 0.57907 0.27300 0.49527 0.88273 0.25966 0.12242 0.22209 0.39583 2.23007 1.204e+130.05158
2.860 2393.363 0.57952 0.27434 0.49539 0.88519 0.25936 0.12278 0.22171 0.39616 2.23444 1.207e+130.05137
2.865 2398.382 0.57997 0.27570 0.49552 0.88765 0.25905 0.12314 0.22133 0.39648 2.23883 1.209e+130.05116
2.870 2403.432 0.58042 0.27706 0.49564 0.89011 0.25874 0.12351 0.22095 0.39680 2.24323 1.211e+130.05096
2.875 2408.514 0.58087 0.27843 0.49576 0.89259 0.25843 0.12388 0.22057 0.39712 2.24764 1.214e+130.05075
2.880 2413.627 0.58132 0.27980 0.49589 0.89507 0.25813 0.12424 0.22019 0.39744 2.25207 1.216e+130.05055
2.885 2418.773 0.58177 0.28118 0.49601 0.89755 0.25782 0.12461 0.21981 0.39776 2.25651 1.219e+130.05034
2.890 2423.951 0.58222 0.28257 0.49613 0.90005 0.25751 0.12498 0.21943 0.39808 2.26097 1.221e+130.05014
2.895 2429.161 0.58267 0.28397 0.49625 0.90255 0.25720 0.12535 0.21905 0.39840 2.26544 1.223e+130.04993
2.900 2434.405 0.58312 0.28537 0.49638 0.90506 0.25689 0.12572 0.21868 0.39872 2.26992 1.226e+130.04972
2.905 2439.682 0.58357 0.28678 0.49650 0.90757 0.25658 0.12609 0.21830 0.39903 2.27442 1.228e+130.04952
2.910 2444.992 0.58403 0.28819 0.49662 0.91009 0.25627 0.12646 0.21792 0.39935 2.27893 1.231e+130.04931
2.915 2450.336 0.58448 0.28962 0.49675 0.91262 0.25596 0.12683 0.21754 0.39967 2.28346 1.233e+130.04911
2.920 2455.715 0.58493 0.29105 0.49687 0.91516 0.25565 0.12721 0.21716 0.39998 2.28800 1.236e+130.04890
2.925 2461.127 0.58538 0.29248 0.49699 0.91770 0.25534 0.12758 0.21678 0.40030 2.29256 1.238e+130.04870
2.930 2466.575 0.58584 0.29393 0.49711 0.92025 0.25503 0.12795 0.21641 0.40061 2.29713 1.240e+130.04849
2.935 2472.058 0.58629 0.29538 0.49724 0.92281 0.25472 0.12833 0.21603 0.40092 2.30172 1.243e+130.04828
2.940 2477.577 0.58675 0.29684 0.49736 0.92537 0.25441 0.12871 0.21565 0.40123 2.30632 1.245e+130.04808
2.945 2483.132 0.58720 0.29830 0.49748 0.92794 0.25410 0.12908 0.21527 0.40155 2.31093 1.248e+130.04787
2.950 2488.722 0.58766 0.29977 0.49761 0.93052 0.25379 0.12946 0.21490 0.40186 2.31556 1.250e+130.04767
2.955 2494.350 0.58811 0.30125 0.49773 0.93311 0.25347 0.12984 0.21452 0.40217 2.32021 1.253e+130.04746
2.960 2500.014 0.58857 0.30274 0.49785 0.93570 0.25316 0.13022 0.21414 0.40248 2.32487 1.255e+130.04726
2.965 2505.715 0.58903 0.30424 0.49798 0.93830 0.25285 0.13060 0.21377 0.40278 2.32954 1.258e+130.04705
2.970 2511.454 0.58948 0.30574 0.49810 0.94091 0.25254 0.13098 0.21339 0.40309 2.33423 1.260e+130.04685
2.975 2517.232 0.58994 0.30725 0.49822 0.94352 0.25223 0.13136 0.21301 0.40340 2.33893 1.263e+130.04664
2.980 2523.047 0.59040 0.30877 0.49835 0.94615 0.25191 0.13175 0.21264 0.40371 2.34365 1.266e+130.04643
2.985 2528.901 0.59085 0.31029 0.49847 0.94878 0.25160 0.13213 0.21226 0.40401 2.34839 1.268e+130.04623
2.990 2534.795 0.59131 0.31182 0.49859 0.95141 0.25129 0.13251 0.21188 0.40432 2.35314 1.271e+130.04602
2.995 2540.728 0.59177 0.31336 0.49872 0.95406 0.25097 0.13290 0.21151 0.40462 2.35790 1.273e+130.04582
3.000 2546.701 0.59223 0.31491 0.49884 0.95671 0.25066 0.13328 0.21113 0.40492 2.36268 1.276e+130.04561
3.005 2552.714 0.59269 0.31646 0.49896 0.95937 0.25035 0.13367 0.21076 0.40523 2.36748 1.278e+130.04541
3.010 2558.768 0.59315 0.31803 0.49909 0.96203 0.25003 0.13406 0.21038 0.40553 2.37229 1.281e+130.04520
3.015 2564.863 0.59361 0.31960 0.49921 0.96470 0.24972 0.13445 0.21001 0.40583 2.37712 1.284e+130.04500
3.020 2571.000 0.59407 0.32117 0.49933 0.96739 0.24940 0.13484 0.20963 0.40613 2.38196 1.286e+130.04479
3.025 2577.178 0.59453 0.32276 0.49946 0.97007 0.24909 0.13523 0.20926 0.40643 2.38682 1.289e+130.04459
3.030 2583.399 0.59499 0.32435 0.49958 0.97277 0.24877 0.13562 0.20888 0.40673 2.39169 1.292e+130.04438
3.035 2589.663 0.59545 0.32595 0.49970 0.97547 0.24846 0.13601 0.20851 0.40703 2.39658 1.294e+130.04418
3.040 2595.970 0.59591 0.32756 0.49983 0.97818 0.24814 0.13640 0.20813 0.40732 2.40149 1.297e+130.04397
3.045 2602.321 0.59637 0.32918 0.49995 0.98090 0.24783 0.13679 0.20776 0.40762 2.40641 1.299e+130.04377
3.050 2608.716 0.59684 0.33081 0.50008 0.98363 0.24751 0.13719 0.20738 0.40792 2.41135 1.302e+130.04357
3.055 2615.155 0.59730 0.33244 0.50020 0.98636 0.24720 0.13758 0.20701 0.40821 2.41630 1.305e+130.04336
3.060 2621.639 0.59776 0.33408 0.50032 0.98910 0.24688 0.13798 0.20664 0.40851 2.42127 1.307e+130.04316
3.065 2628.169 0.59823 0.33573 0.50045 0.99185 0.24656 0.13837 0.20626 0.40880 2.42625 1.310e+130.04295
3.070 2634.745 0.59869 0.33739 0.50057 0.99461 0.24625 0.13877 0.20589 0.40909 2.43125 1.313e+130.04275
3.075 2641.367 0.59915 0.33905 0.50070 0.99737 0.24593 0.13917 0.20552 0.40938 2.43627 1.316e+130.04254
3.080 2648.036 0.59962 0.34073 0.50082 1.00014 0.24561 0.13957 0.20514 0.40967 2.44131 1.318e+130.04234
3.085 2654.753 0.60008 0.34241 0.50094 1.00292 0.24530 0.13997 0.20477 0.40997 2.44636 1.321e+130.04214
3.090 2661.517 0.60055 0.34410 0.50107 1.00571 0.24498 0.14037 0.20440 0.41025 2.45142 1.324e+130.04193
3.095 2668.330 0.60101 0.34580 0.50119 1.00850 0.24466 0.14077 0.20403 0.41054 2.45651 1.327e+130.04173
3.100 2675.192 0.60148 0.34751 0.50132 1.01131 0.24434 0.14117 0.20365 0.41083 2.46161 1.329e+130.04153
3.105 2682.103 0.60195 0.34922 0.50144 1.01412 0.24403 0.14157 0.20328 0.41112 2.46672 1.332e+130.04132
3.110 2689.064 0.60241 0.35095 0.50156 1.01693 0.24371 0.14198 0.20291 0.41140 2.47186 1.335e+130.04112
3.115 2696.075 0.60288 0.35268 0.50169 1.01976 0.24339 0.14238 0.20254 0.41169 2.47701 1.338e+130.04092
3.120 2703.138 0.60335 0.35442 0.50181 1.02259 0.24307 0.14279 0.20217 0.41198 2.48217 1.340e+130.04071
3.125 2710.252 0.60382 0.35617 0.50194 1.02543 0.24275 0.14319 0.20180 0.41226 2.48736 1.343e+130.04051
3.130 2717.418 0.60428 0.35793 0.50206 1.02828 0.24244 0.14360 0.20142 0.41254 2.49256 1.346e+130.04031
3.135 2724.636 0.60475 0.35969 0.50218 1.03114 0.24212 0.14401 0.20105 0.41282 2.49777 1.349e+130.04011
3.140 2731.908 0.60522 0.36147 0.50231 1.03401 0.24180 0.14441 0.20068 0.41311 2.50301 1.352e+130.03990
3.145 2739.234 0.60569 0.36326 0.50243 1.03688 0.24148 0.14482 0.20031 0.41339 2.50826 1.354e+130.03970
3.150 2746.614 0.60616 0.36505 0.50256 1.03976 0.24116 0.14523 0.19994 0.41367 2.51353 1.357e+130.03950
3.155 2754.049 0.60663 0.36685 0.50268 1.04265 0.24084 0.14564 0.19957 0.41395 2.51881 1.360e+130.03930
3.160 2761.539 0.60710 0.36866 0.50281 1.04555 0.24052 0.14606 0.19920 0.41422 2.52412 1.363e+130.03909
3.165 2769.086 0.60757 0.37048 0.50293 1.04845 0.24020 0.14647 0.19883 0.41450 2.52944 1.366e+130.03889
3.170 2776.689 0.60804 0.37231 0.50306 1.05137 0.23988 0.14688 0.19846 0.41478 2.53478 1.369e+130.03869
3.175 2784.349 0.60851 0.37415 0.50318 1.05429 0.23956 0.14730 0.19809 0.41505 2.54013 1.372e+130.03849
3.180 2792.068 0.60899 0.37600 0.50330 1.05722 0.23924 0.14771 0.19772 0.41533 2.54551 1.375e+130.03829
3.185 2799.845 0.60946 0.37785 0.50343 1.06016 0.23892 0.14813 0.19735 0.41560 2.55090 1.377e+130.03809
3.190 2807.682 0.60993 0.37972 0.50355 1.06310 0.23860 0.14854 0.19698 0.41587 2.55631 1.380e+130.03789
3.195 2815.578 0.61040 0.38159 0.50368 1.06606 0.23828 0.14896 0.19662 0.41615 2.56173 1.383e+130.03769
3.200 2823.535 0.61088 0.38348 0.50380 1.06902 0.23796 0.14938 0.19625 0.41642 2.56718 1.386e+130.03748
3.205 2831.554 0.61135 0.38537 0.50393 1.07199 0.23764 0.14980 0.19588 0.41669 2.57264 1.389e+130.03728
3.210 2839.634 0.61182 0.38727 0.50405 1.07497 0.23731 0.15022 0.19551 0.41696 2.57812 1.392e+130.03708
3.215 2847.777 0.61230 0.38919 0.50418 1.07796 0.23699 0.15064 0.19514 0.41723 2.58362 1.395e+130.03688
3.220 2855.983 0.61277 0.39111 0.50430 1.08095 0.23667 0.15106 0.19478 0.41750 2.58913 1.398e+130.03668
3.225 2864.253 0.61325 0.39304 0.50443 1.08396 0.23635 0.15148 0.19441 0.41776 2.59467 1.401e+130.03648
3.230 2872.588 0.61372 0.39498 0.50455 1.08697 0.23603 0.15190 0.19404 0.41803 2.60022 1.404e+130.03628
3.235 2880.989 0.61420 0.39693 0.50468 1.08999 0.23571 0.15233 0.19367 0.41829 2.60579 1.407e+130.03609
3.240 2889.455 0.61468 0.39889 0.50480 1.09302 0.23538 0.15275 0.19331 0.41856 2.61138 1.410e+130.03589
3.245 2897.989 0.61515 0.40086 0.50493 1.09605 0.23506 0.15318 0.19294 0.41882 2.61699 1.413e+130.03569
3.250 2906.591 0.61563 0.40284 0.50505 1.09910 0.23474 0.15360 0.19258 0.41909 2.62262 1.416e+130.03549
3.255 2915.261 0.61611 0.40483 0.50518 1.10215 0.23442 0.15403 0.19221 0.41935 2.62826 1.419e+130.03529
3.260 2924.001 0.61658 0.40682 0.50530 1.10522 0.23409 0.15446 0.19184 0.41961 2.63393 1.422e+130.03509
3.265 2932.810 0.61706 0.40883 0.50543 1.10829 0.23377 0.15488 0.19148 0.41987 2.63961 1.425e+130.03489
3.270 2941.691 0.61754 0.41085 0.50555 1.11137 0.23345 0.15531 0.19111 0.42013 2.64531 1.428e+130.03470
3.275 2950.643 0.61802 0.41288 0.50568 1.11446 0.23312 0.15574 0.19075 0.42039 2.65103 1.432e+130.03450
3.280 2959.668 0.61850 0.41492 0.50580 1.11755 0.23280 0.15617 0.19038 0.42064 2.65677 1.435e+130.03430
3.285 2968.766 0.61898 0.41697 0.50593 1.12066 0.23248 0.15661 0.19002 0.42090 2.66253 1.438e+130.03410
3.290 2977.939 0.61946 0.41903 0.50605 1.12377 0.23215 0.15704 0.18965 0.42116 2.66831 1.441e+130.03391
3.295 2987.187 0.61994 0.42109 0.50618 1.12690 0.23183 0.15747 0.18929 0.42141 2.67411 1.444e+130.03371
3.300 2996.511 0.62042 0.42317 0.50630 1.13003 0.23151 0.15791 0.18892 0.42166 2.67992 1.447e+130.03351
3.305 3005.912 0.62090 0.42526 0.50643 1.13317 0.23118 0.15834 0.18856 0.42192 2.68576 1.450e+130.03332
3.310 3015.391 0.62138 0.42736 0.50655 1.13632 0.23086 0.15878 0.18820 0.42217 2.69161 1.453e+130.03312
3.315 3024.948 0.62186 0.42947 0.50668 1.13947 0.23053 0.15921 0.18783 0.42242 2.69749 1.457e+130.03293
3.320 3034.586 0.62234 0.43159 0.50680 1.14264 0.23021 0.15965 0.18747 0.42267 2.70338 1.460e+130.03273
3.325 3044.304 0.62283 0.43372 0.50693 1.14582 0.22989 0.16009 0.18711 0.42292 2.70930 1.463e+130.03253
3.330 3054.104 0.62331 0.43586 0.50706 1.14900 0.22956 0.16053 0.18674 0.42317 2.71523 1.466e+130.03234
3.335 3063.986 0.62379 0.43802 0.50718 1.15219 0.22924 0.16097 0.18638 0.42342 2.72118 1.469e+130.03215
3.340 3073.952 0.62428 0.44018 0.50731 1.15539 0.22891 0.16141 0.18602 0.42366 2.72716 1.473e+130.03195
3.345 3084.003 0.62476 0.44235 0.50743 1.15861 0.22859 0.16185 0.18566 0.42391 2.73315 1.476e+130.03176
3.350 3094.139 0.62525 0.44454 0.50756 1.16182 0.22826 0.16229 0.18530 0.42415 2.73916 1.479e+130.03156
3.355 3104.362 0.62573 0.44673 0.50768 1.16505 0.22794 0.16273 0.18494 0.42440 2.74520 1.482e+130.03137
3.360 3114.673 0.62622 0.44894 0.50781 1.16829 0.22761 0.16318 0.18457 0.42464 2.75125 1.486e+130.03118
3.365 3125.073 0.62670 0.45115 0.50793 1.17154 0.22729 0.16362 0.18421 0.42488 2.75733 1.489e+130.03098
3.370 3135.563 0.62719 0.45338 0.50806 1.17479 0.22696 0.16406 0.18385 0.42512 2.76342 1.492e+130.03079
3.375 3146.144 0.62767 0.45562 0.50819 1.17806 0.22663 0.16451 0.18349 0.42536 2.76953 1.496e+130.03060
3.380 3156.817 0.62816 0.45787 0.50831 1.18133 0.22631 0.16496 0.18313 0.42560 2.77567 1.499e+130.03041
3.385 3167.583 0.62865 0.46013 0.50844 1.18461 0.22598 0.16541 0.18277 0.42584 2.78183 1.502e+130.03021
3.390 3178.444 0.62913 0.46240 0.50856 1.18791 0.22566 0.16585 0.18241 0.42608 2.78800 1.506e+130.03002
3.395 3189.400 0.62962 0.46468 0.50869 1.19121 0.22533 0.16630 0.18205 0.42631 2.79420 1.509e+130.02983
3.400 3200.454 0.63011 0.46698 0.50882 1.19452 0.22501 0.16675 0.18169 0.42655 2.80042 1.512e+130.02964
3.405 3211.605 0.63060 0.46928 0.50894 1.19784 0.22468 0.16720 0.18133 0.42678 2.80666 1.516e+130.02945
3.410 3222.856 0.63109 0.47160 0.50907 1.20116 0.22435 0.16766 0.18097 0.42702 2.81292 1.519e+130.02926
3.415 3234.208 0.63158 0.47393 0.50919 1.20450 0.22403 0.16811 0.18062 0.42725 2.81920 1.522e+130.02907
3.420 3245.661 0.63207 0.47627 0.50932 1.20785 0.22370 0.16856 0.18026 0.42748 2.82550 1.526e+130.02888
3.425 3257.218 0.63256 0.47862 0.50945 1.21121 0.22337 0.16901 0.17990 0.42771 2.83183 1.529e+130.02869
3.430 3268.879 0.63305 0.48098 0.50957 1.21457 0.22305 0.16947 0.17954 0.42794 2.83817 1.533e+130.02850
3.435 3280.645 0.63354 0.48336 0.50970 1.21795 0.22272 0.16992 0.17918 0.42817 2.84454 1.536e+130.02831
3.440 3292.519 0.63403 0.48574 0.50982 1.22133 0.22239 0.17038 0.17883 0.42840 2.85093 1.540e+130.02813
3.445 3304.502 0.63452 0.48814 0.50995 1.22473 0.22207 0.17084 0.17847 0.42862 2.85734 1.543e+130.02794
3.450 3316.594 0.63501 0.49055 0.51008 1.22813 0.22174 0.17130 0.17811 0.42885 2.86377 1.546e+130.02775
3.455 3328.798 0.63550 0.49297 0.51020 1.23154 0.22141 0.17175 0.17776 0.42908 2.87022 1.550e+130.02756
3.460 3341.115 0.63600 0.49541 0.51033 1.23496 0.22109 0.17221 0.17740 0.42930 2.87670 1.553e+130.02738
3.465 3353.546 0.63649 0.49785 0.51046 1.23840 0.22076 0.17267 0.17704 0.42952 2.88319 1.557e+130.02719
3.470 3366.093 0.63698 0.50031 0.51058 1.24184 0.22043 0.17314 0.17669 0.42974 2.88971 1.560e+130.02701
3.475 3378.757 0.63748 0.50278 0.51071 1.24529 0.22010 0.17360 0.17633 0.42996 2.89626 1.564e+130.02682
3.480 3391.540 0.63797 0.50526 0.51083 1.24875 0.21978 0.17406 0.17598 0.43018 2.90282 1.568e+130.02664
3.485 3404.443 0.63847 0.50776 0.51096 1.25222 0.21945 0.17452 0.17562 0.43040 2.90940 1.571e+130.02645
3.490 3417.469 0.63896 0.51027 0.51109 1.25570 0.21912 0.17499 0.17527 0.43062 2.91601 1.575e+130.02627
3.495 3430.618 0.63946 0.51278 0.51121 1.25919 0.21879 0.17545 0.17491 0.43084 2.92264 1.578e+130.02608
3.500 3443.893 0.63995 0.51532 0.51134 1.26269 0.21847 0.17592 0.17456 0.43105 2.92930 1.582e+130.02590
3.505 3457.294 0.64045 0.51786 0.51147 1.26620 0.21814 0.17638 0.17421 0.43127 2.93597 1.585e+130.02572
3.510 3470.824 0.64095 0.52042 0.51159 1.26971 0.21781 0.17685 0.17385 0.43148 2.94267 1.589e+130.02553
3.515 3484.485 0.64144 0.52299 0.51172 1.27324 0.21748 0.17732 0.17350 0.43170 2.94939 1.593e+130.02535
3.520 3498.278 0.64194 0.52557 0.51185 1.27678 0.21715 0.17779 0.17315 0.43191 2.95614 1.596e+130.02517
3.525 3512.205 0.64244 0.52816 0.51197 1.28033 0.21683 0.17826 0.17279 0.43212 2.96290 1.600e+130.02499
3.530 3526.267 0.64294 0.53077 0.51210 1.28389 0.21650 0.17873 0.17244 0.43233 2.96969 1.604e+130.02481
3.535 3540.467 0.64343 0.53339 0.51223 1.28745 0.21617 0.17920 0.17209 0.43254 2.97651 1.607e+130.02463
3.540 3554.807 0.64393 0.53603 0.51235 1.29103 0.21584 0.17967 0.17174 0.43275 2.98334 1.611e+130.02445
3.545 3569.289 0.64443 0.53867 0.51248 1.29462 0.21551 0.18015 0.17139 0.43295 2.99020 1.615e+130.02427
3.550 3583.913 0.64493 0.54133 0.51261 1.29822 0.21519 0.18062 0.17104 0.43316 2.99709 1.618e+130.02409
3.555 3598.683 0.64543 0.54400 0.51273 1.30182 0.21486 0.18109 0.17068 0.43336 3.00399 1.622e+130.02391
3.560 3613.601 0.64593 0.54669 0.51286 1.30544 0.21453 0.18157 0.17033 0.43357 3.01092 1.626e+130.02373
3.565 3628.668 0.64643 0.54939 0.51299 1.30907 0.21420 0.18204 0.16998 0.43377 3.01788 1.630e+130.02355
3.570 3643.887 0.64693 0.55210 0.51312 1.31271 0.21387 0.18252 0.16963 0.43397 3.02486 1.633e+130.02338
3.575 3659.259 0.64744 0.55483 0.51324 1.31636 0.21354 0.18300 0.16928 0.43417 3.03186 1.637e+130.02320
3.580 3674.787 0.64794 0.55757 0.51337 1.32001 0.21322 0.18348 0.16893 0.43437 3.03889 1.641e+130.02302
3.585 3690.473 0.64844 0.56032 0.51350 1.32368 0.21289 0.18396 0.16858 0.43457 3.04594 1.645e+130.02285
3.590 3706.319 0.64894 0.56309 0.51362 1.32736 0.21256 0.18444 0.16824 0.43477 3.05301 1.649e+130.02267
3.595 3722.328 0.64945 0.56587 0.51375 1.33105 0.21223 0.18492 0.16789 0.43497 3.06011 1.652e+130.02250
3.600 3738.502 0.64995 0.56866 0.51388 1.33475 0.21190 0.18540 0.16754 0.43516 3.06723 1.656e+130.02232
3.605 3754.843 0.65045 0.57147 0.51400 1.33846 0.21157 0.18588 0.16719 0.43536 3.07438 1.660e+130.02215
3.610 3771.354 0.65096 0.57429 0.51413 1.34218 0.21124 0.18636 0.16684 0.43555 3.08155 1.664e+130.02197
3.615 3788.036 0.65146 0.57712 0.51426 1.34591 0.21091 0.18685 0.16649 0.43574 3.08875 1.668e+130.02180
3.620 3804.894 0.65197 0.57997 0.51439 1.34965 0.21059 0.18733 0.16615 0.43594 3.09597 1.672e+130.02163
3.625 3821.928 0.65247 0.58284 0.51451 1.35340 0.21026 0.18782 0.16580 0.43613 3.10322 1.676e+130.02146
3.630 3839.142 0.65298 0.58571 0.51464 1.35716 0.20993 0.18830 0.16545 0.43632 3.11049 1.680e+130.02129
3.635 3856.538 0.65348 0.58861 0.51477 1.36093 0.20960 0.18879 0.16511 0.43650 3.11779 1.684e+130.02112
3.640 3874.119 0.65399 0.59151 0.51490 1.36471 0.20927 0.18928 0.16476 0.43669 3.12511 1.688e+130.02095
3.645 3891.888 0.65450 0.59443 0.51502 1.36850 0.20894 0.18977 0.16442 0.43688 3.13246 1.692e+130.02078
3.650 3909.847 0.65501 0.59737 0.51515 1.37230 0.20861 0.19025 0.16407 0.43706 3.13983 1.696e+130.02061
3.655 3927.999 0.65551 0.60032 0.51528 1.37612 0.20828 0.19074 0.16372 0.43725 3.14723 1.700e+130.02044
3.660 3946.347 0.65602 0.60328 0.51541 1.37994 0.20795 0.19124 0.16338 0.43743 3.15465 1.704e+130.02027
3.665 3964.894 0.65653 0.60626 0.51553 1.38378 0.20762 0.19173 0.16304 0.43761 3.16210 1.708e+130.02010
3.670 3983.644 0.65704 0.60925 0.51566 1.38762 0.20730 0.19222 0.16269 0.43779 3.16957 1.712e+130.01994
3.675 4002.598 0.65755 0.61226 0.51579 1.39148 0.20697 0.19271 0.16235 0.43797 3.17708 1.716e+130.01977
3.680 4021.760 0.65806 0.61528 0.51592 1.39535 0.20664 0.19321 0.16200 0.43815 3.18460 1.720e+130.01960
3.685 4041.133 0.65857 0.61832 0.51604 1.39922 0.20631 0.19370 0.16166 0.43833 3.19216 1.724e+130.01944
3.690 4060.721 0.65908 0.62137 0.51617 1.40311 0.20598 0.19420 0.16132 0.43851 3.19974 1.728e+130.01927
3.695 4080.526 0.65959 0.62444 0.51630 1.40701 0.20565 0.19469 0.16097 0.43868 3.20734 1.732e+130.01911
3.700 4100.552 0.66010 0.62752 0.51643 1.41092 0.20532 0.19519 0.16063 0.43886 3.21497 1.736e+130.01895
3.705 4120.802 0.66061 0.63062 0.51656 1.41484 0.20499 0.19569 0.16029 0.43903 3.22263 1.740e+130.01878
3.710 4141.280 0.66113 0.63374 0.51668 1.41877 0.20466 0.19618 0.15995 0.43921 3.23032 1.744e+130.01862
3.715 4161.990 0.66164 0.63686 0.51681 1.42271 0.20433 0.19668 0.15961 0.43938 3.23803 1.749e+130.01846
3.720 4182.934 0.66215 0.64001 0.51694 1.42667 0.20400 0.19718 0.15927 0.43955 3.24577 1.753e+130.01830
3.725 4204.116 0.66266 0.64317 0.51707 1.43063 0.20368 0.19768 0.15892 0.43972 3.25353 1.757e+130.01814
3.730 4225.540 0.66318 0.64634 0.51720 1.43461 0.20335 0.19818 0.15858 0.43989 3.26133 1.761e+130.01798
3.735 4247.211 0.66369 0.64953 0.51732 1.43859 0.20302 0.19869 0.15824 0.44005 3.26915 1.765e+130.01782
3.740 4269.131 0.66421 0.65274 0.51745 1.44259 0.20269 0.19919 0.15790 0.44022 3.27699 1.770e+130.01766
3.745 4291.304 0.66472 0.65596 0.51758 1.44660 0.20236 0.19969 0.15756 0.44038 3.28487 1.774e+130.01750
3.750 4313.735 0.66524 0.65920 0.51771 1.45062 0.20203 0.20020 0.15723 0.44055 3.29277 1.778e+130.01734
3.755 4336.428 0.66575 0.66246 0.51784 1.45465 0.20170 0.20070 0.15689 0.44071 3.30070 1.782e+130.01719
3.760 4359.387 0.66627 0.66573 0.51796 1.45869 0.20137 0.20121 0.15655 0.44087 3.30866 1.787e+130.01703
3.765 4382.615 0.66679 0.66901 0.51809 1.46275 0.20104 0.20171 0.15621 0.44103 3.31664 1.791e+130.01688
3.770 4406.118 0.66730 0.67232 0.51822 1.46681 0.20071 0.20222 0.15587 0.44119 3.32465 1.795e+130.01672
3.775 4429.900 0.66782 0.67564 0.51835 1.47089 0.20038 0.20273 0.15553 0.44135 3.33269 1.800e+130.01657
3.780 4453.964 0.66834 0.67897 0.51848 1.47498 0.20006 0.20324 0.15520 0.44151 3.34076 1.804e+130.01641
3.785 4478.317 0.66886 0.68233 0.51861 1.47907 0.19973 0.20375 0.15486 0.44167 3.34886 1.808e+130.01626
3.790 4502.961 0.66937 0.68569 0.51873 1.48318 0.19940 0.20426 0.15452 0.44182 3.35699 1.813e+130.01611
3.795 4527.903 0.66989 0.68908 0.51886 1.48731 0.19907 0.20477 0.15419 0.44197 3.36514 1.817e+130.01596
3.800 4553.146 0.67041 0.69248 0.51899 1.49144 0.19874 0.20528 0.15385 0.44213 3.37332 1.822e+130.01581
3.805 4578.697 0.67093 0.69590 0.51912 1.49558 0.19841 0.20579 0.15352 0.44228 3.38154 1.826e+130.01566
3.810 4604.559 0.67145 0.69934 0.51925 1.49974 0.19808 0.20631 0.15318 0.44243 3.38978 1.830e+130.01551
3.815 4630.738 0.67197 0.70279 0.51938 1.50391 0.19775 0.20682 0.15285 0.44258 3.39805 1.835e+130.01536
3.820 4657.239 0.67249 0.70626 0.51950 1.50809 0.19742 0.20734 0.15251 0.44273 3.40634 1.839e+130.01521
3.825 4684.068 0.67302 0.70975 0.51963 1.51228 0.19710 0.20785 0.15218 0.44288 3.41467 1.844e+130.01506
3.830 4711.230 0.67354 0.71325 0.51976 1.51648 0.19677 0.20837 0.15184 0.44302 3.42303 1.848e+130.01492
3.835 4738.730 0.67406 0.71677 0.51989 1.52069 0.19644 0.20888 0.15151 0.44317 3.43141 1.853e+130.01477
3.840 4766.574 0.67458 0.72031 0.52002 1.52492 0.19611 0.20940 0.15118 0.44331 3.43983 1.858e+130.01462
3.845 4794.768 0.67511 0.72387 0.52015 1.52916 0.19578 0.20992 0.15084 0.44346 3.44828 1.862e+130.01448
3.850 4823.317 0.67563 0.72744 0.52028 1.53341 0.19545 0.21044 0.15051 0.44360 3.45675 1.867e+130.01434
3.855 4852.229 0.67615 0.73103 0.52041 1.53767 0.19512 0.21096 0.15018 0.44374 3.46526 1.871e+130.01419
3.860 4881.508 0.67668 0.73464 0.52053 1.54194 0.19479 0.21148 0.14985 0.44388 3.47379 1.876e+130.01405
3.865 4911.161 0.67720 0.73827 0.52066 1.54623 0.19447 0.21200 0.14951 0.44402 3.48236 1.880e+130.01391
3.870 4941.194 0.67773 0.74191 0.52079 1.55052 0.19414 0.21252 0.14918 0.44415 3.49095 1.885e+130.01377
3.875 4971.614 0.67825 0.74558 0.52092 1.55483 0.19381 0.21305 0.14885 0.44429 3.49958 1.890e+130.01363
3.880 5002.428 0.67878 0.74926 0.52105 1.55915 0.19348 0.21357 0.14852 0.44443 3.50824 1.894e+130.01349
3.885 5033.642 0.67930 0.75296 0.52118 1.56348 0.19315 0.21410 0.14819 0.44456 3.51692 1.899e+130.01335
3.890 5065.263 0.67983 0.75667 0.52131 1.56783 0.19282 0.21462 0.14786 0.44469 3.52564 1.904e+130.01321
3.895 5097.299 0.68036 0.76041 0.52144 1.57219 0.19250 0.21515 0.14753 0.44483 3.53439 1.909e+130.01307
3.900 5129.755 0.68089 0.76416 0.52157 1.57655 0.19217 0.21567 0.14720 0.44496 3.54317 1.913e+130.01294
3.905 5162.641 0.68141 0.76794 0.52169 1.58094 0.19184 0.21620 0.14687 0.44509 3.55198 1.918e+130.01280
3.910 5195.962 0.68194 0.77173 0.52182 1.58533 0.19151 0.21673 0.14655 0.44521 3.56082 1.923e+130.01267
3.915 5229.727 0.68247 0.77554 0.52195 1.58973 0.19118 0.21726 0.14622 0.44534 3.56969 1.928e+130.01253
3.920 5263.944 0.68300 0.77937 0.52208 1.59415 0.19086 0.21779 0.14589 0.44547 3.57860 1.932e+130.01240
3.925 5298.621 0.68353 0.78321 0.52221 1.59858 0.19053 0.21832 0.14556 0.44559 3.58754 1.937e+130.01226
3.930 5333.765 0.68406 0.78708 0.52234 1.60302 0.19020 0.21885 0.14524 0.44572 3.59650 1.942e+130.01213
3.935 5369.385 0.68459 0.79097 0.52247 1.60748 0.18987 0.21938 0.14491 0.44584 3.60550 1.947e+130.01200
3.940 5405.490 0.68512 0.79487 0.52260 1.61195 0.18955 0.21991 0.14458 0.44596 3.61454 1.952e+130.01187
3.945 5442.088 0.68565 0.79880 0.52273 1.61642 0.18922 0.22044 0.14426 0.44608 3.62360 1.957e+130.01174
3.950 5479.188 0.68618 0.80274 0.52286 1.62092 0.18889 0.22098 0.14393 0.44620 3.63270 1.962e+130.01161
3.955 5516.798 0.68671 0.80670 0.52299 1.62542 0.18856 0.22151 0.14361 0.44632 3.64183 1.967e+130.01148
3.960 5554.929 0.68725 0.81069 0.52312 1.62994 0.18824 0.22205 0.14328 0.44644 3.65099 1.972e+130.01136
3.965 5593.590 0.68778 0.81469 0.52325 1.63447 0.18791 0.22258 0.14296 0.44655 3.66018 1.976e+130.01123
3.970 5632.789 0.68831 0.81871 0.52338 1.63901 0.18758 0.22312 0.14263 0.44667 3.66941 1.981e+130.01110
3.975 5672.538 0.68885 0.82275 0.52351 1.64356 0.18725 0.22366 0.14231 0.44678 3.67867 1.986e+130.01098
3.980 5712.846 0.68938 0.82682 0.52364 1.64813 0.18693 0.22419 0.14198 0.44689 3.68796 1.991e+130.01086
3.985 5753.723 0.68992 0.83090 0.52376 1.65271 0.18660 0.22473 0.14166 0.44701 3.69729 1.997e+130.01073
3.990 5795.180 0.69045 0.83500 0.52389 1.65730 0.18627 0.22527 0.14134 0.44712 3.70665 2.002e+130.01061
3.995 5837.227 0.69099 0.83912 0.52402 1.66191 0.18595 0.22581 0.14102 0.44723 3.71604 2.007e+130.01049
4.000 5879.876 0.69152 0.84327 0.52415 1.66653 0.18562 0.22635 0.14069 0.44733 3.72547 2.012e+130.01037
4.005 5923.137 0.69206 0.84743 0.52428 1.67116 0.18529 0.22689 0.14037 0.44744 3.73493 2.017e+130.01025
4.010 5967.023 0.69259 0.85161 0.52441 1.67580 0.18497 0.22743 0.14005 0.44755 3.74442 2.022e+130.01013
4.015 6011.543 0.69313 0.85582 0.52454 1.68046 0.18464 0.22798 0.13973 0.44765 3.75395 2.027e+130.01001
4.020 6056.712 0.69367 0.86004 0.52467 1.68513 0.18431 0.22852 0.13941 0.44775 3.76351 2.032e+130.00989
4.025 6102.540 0.69421 0.86429 0.52480 1.68981 0.18399 0.22907 0.13909 0.44786 3.77311 2.037e+130.00977
4.030 6149.040 0.69474 0.86856 0.52493 1.69451 0.18366 0.22961 0.13877 0.44796 3.78274 2.043e+130.00966
4.035 6196.225 0.69528 0.87284 0.52506 1.69922 0.18334 0.23016 0.13845 0.44806 3.79240 2.048e+130.00954
4.040 6244.108 0.69582 0.87715 0.52519 1.70394 0.18301 0.23070 0.13813 0.44816 3.80211 2.053e+130.00943
4.045 6292.702 0.69636 0.88148 0.52532 1.70867 0.18268 0.23125 0.13781 0.44825 3.81184 2.058e+130.00931
4.050 6342.021 0.69690 0.88584 0.52545 1.71342 0.18236 0.23180 0.13750 0.44835 3.82161 2.064e+130.00920
4.055 6392.078 0.69744 0.89021 0.52558 1.71818 0.18203 0.23234 0.13718 0.44845 3.83142 2.069e+130.00909
4.060 6442.888 0.69798 0.89460 0.52571 1.72296 0.18171 0.23289 0.13686 0.44854 3.84126 2.074e+130.00898
4.065 6494.466 0.69852 0.89902 0.52584 1.72774 0.18138 0.23344 0.13654 0.44863 3.85113 2.080e+130.00887
4.070 6546.825 0.69907 0.90346 0.52597 1.73255 0.18106 0.23399 0.13623 0.44872 3.86104 2.085e+130.00876
4.075 6599.982 0.69961 0.90792 0.52610 1.73736 0.18073 0.23454 0.13591 0.44882 3.87099 2.090e+130.00865
4.080 6653.952 0.70015 0.91240 0.52623 1.74219 0.18041 0.23510 0.13559 0.44890 3.88097 2.096e+130.00854
4.085 6708.751 0.70069 0.91691 0.52636 1.74703 0.18008 0.23565 0.13528 0.44899 3.89099 2.101e+130.00843
4.090 6764.394 0.70124 0.92143 0.52649 1.75188 0.17976 0.23620 0.13496 0.44908 3.90105 2.107e+130.00833
4.095 6820.900 0.70178 0.92598 0.52662 1.75675 0.17943 0.23676 0.13465 0.44917 3.91114 2.112e+130.00822
4.100 6878.283 0.70232 0.93056 0.52675 1.76163 0.17911 0.23731 0.13433 0.44925 3.92127 2.117e+130.00812
4.105 6936.563 0.70287 0.93515 0.52689 1.76653 0.17878 0.23786 0.13402 0.44933 3.93143 2.123e+130.00801
4.110 6995.756 0.70341 0.93977 0.52702 1.77144 0.17846 0.23842 0.13370 0.44942 3.94163 2.128e+130.00791
4.115 7055.881 0.70396 0.94441 0.52715 1.77636 0.17813 0.23898 0.13339 0.44950 3.95187 2.134e+130.00781
4.120 7116.957 0.70450 0.94907 0.52728 1.78130 0.17781 0.23953 0.13308 0.44958 3.96215 2.140e+130.00771
4.125 7179.002 0.70505 0.95375 0.52741 1.78625 0.17748 0.24009 0.13277 0.44966 3.97246 2.145e+130.00761
4.130 7242.036 0.70560 0.95846 0.52754 1.79121 0.17716 0.24065 0.13245 0.44974 3.98281 2.151e+130.00751
4.135 7306.079 0.70614 0.96320 0.52767 1.79619 0.17684 0.24121 0.13214 0.44981 3.99320 2.156e+130.00741
4.140 7371.151 0.70669 0.96795 0.52780 1.80118 0.17651 0.24177 0.13183 0.44989 4.00362 2.162e+130.00731
4.145 7437.273 0.70724 0.97273 0.52793 1.80618 0.17619 0.24233 0.13152 0.44996 4.01408 2.168e+130.00721
4.150 7504.467 0.70779 0.97753 0.52806 1.81120 0.17587 0.24289 0.13121 0.45004 4.02458 2.173e+130.00712
4.155 7572.754 0.70834 0.98236 0.52819 1.81624 0.17554 0.24345 0.13090 0.45011 4.03512 2.179e+130.00702
4.160 7642.156 0.70889 0.98721 0.52832 1.82128 0.17522 0.24401 0.13059 0.45018 4.04570 2.185e+130.00693
4.165 7712.698 0.70943 0.99208 0.52845 1.82635 0.17490 0.24458 0.13028 0.45025 4.05632 2.190e+130.00683
4.170 7784.401 0.70999 0.99698 0.52858 1.83142 0.17457 0.24514 0.12997 0.45032 4.06697 2.196e+130.00674
