timeGa Urey Qt heat/H0 heatTW 1HPE 2HPE 3HPE 4HPE TempC
0.005 1.01709 104.92925 0.99715 106.72299 0.14746 0.29588 0.10491 0.45175 1800.040
0.010 1.01414 104.93506 0.99431 106.41929 0.14776 0.29526 0.10519 0.45179 1800.074
0.015 1.01121 104.93987 0.99149 106.11673 0.14807 0.29465 0.10546 0.45182 1800.100
0.020 1.00831 104.94368 0.98867 105.81531 0.14838 0.29404 0.10573 0.45185 1800.120
0.025 1.00542 104.94650 0.98587 105.51502 0.14868 0.29343 0.10601 0.45188 1800.133
0.030 1.00255 104.94834 0.98307 105.21586 0.14899 0.29281 0.10628 0.45191 1800.139
0.035 0.99970 104.94921 0.98029 104.91783 0.14930 0.29220 0.10656 0.45194 1800.138
0.040 0.99687 104.94911 0.97751 104.62091 0.14960 0.29159 0.10684 0.45197 1800.131
0.045 0.99406 104.94804 0.97475 104.32511 0.14991 0.29098 0.10711 0.45199 1800.117
0.050 0.99128 104.94603 0.97199 104.03042 0.15022 0.29037 0.10739 0.45202 1800.096
0.055 0.98851 104.94306 0.96925 103.73683 0.15053 0.28976 0.10767 0.45204 1800.069
0.060 0.98576 104.93915 0.96652 103.44434 0.15084 0.28916 0.10794 0.45206 1800.035
0.065 0.98302 104.93431 0.96380 103.15295 0.15115 0.28855 0.10822 0.45208 1799.995
0.070 0.98031 104.92854 0.96108 102.86265 0.15146 0.28794 0.10850 0.45210 1799.949
0.075 0.97762 104.92185 0.95838 102.57344 0.15177 0.28733 0.10878 0.45212 1799.896
0.080 0.97494 104.91425 0.95569 102.28530 0.15208 0.28673 0.10906 0.45214 1799.836
0.085 0.97228 104.90574 0.95301 101.99825 0.15239 0.28612 0.10934 0.45215 1799.771
0.090 0.96965 104.89632 0.95033 101.71227 0.15270 0.28552 0.10962 0.45217 1799.699
0.095 0.96702 104.88601 0.94767 101.42736 0.15301 0.28491 0.10990 0.45218 1799.621
0.100 0.96442 104.87481 0.94502 101.14351 0.15332 0.28431 0.11018 0.45219 1799.537
0.105 0.96184 104.86273 0.94238 100.86072 0.15363 0.28371 0.11046 0.45221 1799.447
0.110 0.95927 104.84978 0.93975 100.57898 0.15394 0.28310 0.11074 0.45222 1799.351
0.115 0.95672 104.83595 0.93712 100.29830 0.15425 0.28250 0.11103 0.45222 1799.249
0.120 0.95418 104.82126 0.93451 100.01867 0.15456 0.28190 0.11131 0.45223 1799.141
0.125 0.95167 104.80572 0.93191 99.74007 0.15487 0.28130 0.11159 0.45224 1799.026
0.130 0.94917 104.78932 0.92931 99.46251 0.15518 0.28070 0.11188 0.45224 1798.906
0.135 0.94668 104.77208 0.92673 99.18599 0.15550 0.28010 0.11216 0.45225 1798.781
0.140 0.94422 104.75401 0.92416 98.91050 0.15581 0.27950 0.11245 0.45225 1798.649
0.145 0.94177 104.73510 0.92159 98.63603 0.15612 0.27890 0.11273 0.45225 1798.512
0.150 0.93933 104.71536 0.91904 98.36258 0.15643 0.27830 0.11302 0.45225 1798.368
0.155 0.93692 104.69481 0.91649 98.09015 0.15675 0.27770 0.11330 0.45225 1798.220
0.160 0.93451 104.67344 0.91396 97.81873 0.15706 0.27710 0.11359 0.45225 1798.065
0.165 0.93213 104.65127 0.91143 97.54832 0.15737 0.27651 0.11387 0.45225 1797.905
0.170 0.92976 104.62829 0.90891 97.27891 0.15769 0.27591 0.11416 0.45224 1797.740
0.175 0.92740 104.60452 0.90640 97.01050 0.15800 0.27531 0.11445 0.45224 1797.569
0.180 0.92506 104.57997 0.90391 96.74309 0.15831 0.27472 0.11474 0.45223 1797.392
0.185 0.92274 104.55463 0.90142 96.47667 0.15863 0.27412 0.11503 0.45222 1797.210
0.190 0.92043 104.52851 0.89894 96.21124 0.15894 0.27353 0.11531 0.45221 1797.023
0.195 0.91814 104.50162 0.89647 95.94679 0.15926 0.27294 0.11560 0.45220 1796.830
0.200 0.91586 104.47397 0.89400 95.68332 0.15957 0.27234 0.11589 0.45219 1796.632
0.205 0.91359 104.44555 0.89155 95.42082 0.15989 0.27175 0.11618 0.45218 1796.429
0.210 0.91134 104.41639 0.88911 95.15930 0.16020 0.27116 0.11647 0.45217 1796.220
0.215 0.90911 104.38648 0.88667 94.89874 0.16052 0.27057 0.11676 0.45215 1796.007
0.220 0.90689 104.35582 0.88425 94.63914 0.16083 0.26998 0.11706 0.45213 1795.788
0.225 0.90468 104.32443 0.88183 94.38051 0.16115 0.26939 0.11735 0.45212 1795.564
0.230 0.90249 104.29231 0.87942 94.12283 0.16147 0.26880 0.11764 0.45210 1795.335
0.235 0.90031 104.25947 0.87703 93.86610 0.16178 0.26821 0.11793 0.45208 1795.101
0.240 0.89815 104.22591 0.87464 93.61032 0.16210 0.26762 0.11823 0.45206 1794.861
0.245 0.89600 104.19163 0.87225 93.35548 0.16241 0.26703 0.11852 0.45204 1794.617
0.250 0.89386 104.15665 0.86988 93.10158 0.16273 0.26644 0.11881 0.45201 1794.368
0.255 0.89174 104.12097 0.86752 92.84862 0.16305 0.26586 0.11911 0.45199 1794.114
0.260 0.88963 104.08459 0.86516 92.59658 0.16337 0.26527 0.11940 0.45196 1793.856
0.265 0.88753 104.04752 0.86282 92.34548 0.16368 0.26469 0.11970 0.45194 1793.592
0.270 0.88545 104.00976 0.86048 92.09530 0.16400 0.26410 0.11999 0.45191 1793.324
0.275 0.88338 103.97133 0.85815 91.84604 0.16432 0.26352 0.12029 0.45188 1793.050
0.280 0.88132 103.93222 0.85583 91.59769 0.16464 0.26293 0.12058 0.45185 1792.773
0.285 0.87928 103.89244 0.85352 91.35026 0.16495 0.26235 0.12088 0.45182 1792.490
0.290 0.87725 103.85201 0.85122 91.10374 0.16527 0.26177 0.12118 0.45178 1792.203
0.295 0.87523 103.81091 0.84892 90.85812 0.16559 0.26118 0.12148 0.45175 1791.911
0.300 0.87322 103.76916 0.84663 90.61341 0.16591 0.26060 0.12177 0.45171 1791.615
0.305 0.87123 103.72677 0.84436 90.36959 0.16623 0.26002 0.12207 0.45168 1791.314
0.310 0.86925 103.68373 0.84209 90.12667 0.16655 0.25944 0.12237 0.45164 1791.009
0.315 0.86728 103.64006 0.83982 89.88463 0.16687 0.25886 0.12267 0.45160 1790.699
0.320 0.86532 103.59575 0.83757 89.64348 0.16718 0.25828 0.12297 0.45156 1790.384
0.325 0.86338 103.55083 0.83533 89.40322 0.16750 0.25771 0.12327 0.45152 1790.066
0.330 0.86144 103.50528 0.83309 89.16384 0.16782 0.25713 0.12357 0.45148 1789.743
0.335 0.85952 103.45911 0.83086 88.92533 0.16814 0.25655 0.12387 0.45143 1789.415
0.340 0.85761 103.41234 0.82864 88.68769 0.16846 0.25598 0.12417 0.45139 1789.084
0.345 0.85571 103.36496 0.82643 88.45092 0.16878 0.25540 0.12447 0.45134 1788.748
0.350 0.85383 103.31698 0.82423 88.21502 0.16910 0.25482 0.12478 0.45130 1788.408
0.355 0.85195 103.26840 0.82203 87.97998 0.16942 0.25425 0.12508 0.45125 1788.063
0.360 0.85009 103.21924 0.81984 87.74579 0.16975 0.25368 0.12538 0.45120 1787.715
0.365 0.84824 103.16949 0.81766 87.51246 0.17007 0.25310 0.12568 0.45115 1787.362
0.370 0.84640 103.11916 0.81549 87.27998 0.17039 0.25253 0.12599 0.45110 1787.005
0.375 0.84457 103.06826 0.81332 87.04835 0.17071 0.25196 0.12629 0.45104 1786.644
0.380 0.84275 103.01679 0.81117 86.81757 0.17103 0.25139 0.12660 0.45099 1786.279
0.385 0.84094 102.96475 0.80902 86.58762 0.17135 0.25082 0.12690 0.45093 1785.910
0.390 0.83915 102.91215 0.80688 86.35851 0.17167 0.25025 0.12721 0.45088 1785.538
0.395 0.83736 102.85900 0.80475 86.13023 0.17199 0.24968 0.12751 0.45082 1785.161
0.400 0.83559 102.80530 0.80262 85.90279 0.17232 0.24911 0.12782 0.45076 1784.780
0.405 0.83382 102.75105 0.80050 85.67617 0.17264 0.24854 0.12812 0.45070 1784.395
0.410 0.83207 102.69626 0.79839 85.45037 0.17296 0.24797 0.12843 0.45064 1784.007
0.415 0.83033 102.64094 0.79629 85.22540 0.17328 0.24741 0.12874 0.45058 1783.615
0.420 0.82859 102.58508 0.79420 85.00124 0.17360 0.24684 0.12904 0.45051 1783.218
0.425 0.82687 102.52870 0.79211 84.77789 0.17393 0.24627 0.12935 0.45045 1782.819
0.430 0.82516 102.47180 0.79003 84.55536 0.17425 0.24571 0.12966 0.45038 1782.415
0.435 0.82345 102.41438 0.78796 84.33363 0.17457 0.24514 0.12997 0.45031 1782.008
0.440 0.82176 102.35645 0.78590 84.11270 0.17489 0.24458 0.13028 0.45025 1781.597
0.445 0.82008 102.29800 0.78384 83.89258 0.17522 0.24402 0.13059 0.45018 1781.182
0.450 0.81841 102.23906 0.78179 83.67325 0.17554 0.24346 0.13090 0.45011 1780.764
0.455 0.81675 102.17962 0.77975 83.45471 0.17586 0.24289 0.13121 0.45003 1780.342
0.460 0.81509 102.11968 0.77771 83.23697 0.17619 0.24233 0.13152 0.44996 1779.917
0.465 0.81345 102.05926 0.77569 83.02001 0.17651 0.24177 0.13183 0.44989 1779.488
0.470 0.81182 101.99834 0.77367 82.80384 0.17683 0.24121 0.13214 0.44981 1779.056
0.475 0.81019 101.93695 0.77165 82.58844 0.17716 0.24065 0.13245 0.44973 1778.620
0.480 0.80858 101.87508 0.76965 82.37383 0.17748 0.24009 0.13277 0.44966 1778.181
0.485 0.80697 101.81274 0.76765 82.15999 0.17781 0.23954 0.13308 0.44958 1777.738
0.490 0.80538 101.74993 0.76566 81.94692 0.17813 0.23898 0.13339 0.44950 1777.292
0.495 0.80379 101.68666 0.76368 81.73462 0.17846 0.23842 0.13370 0.44942 1776.842
0.500 0.80221 101.62293 0.76170 81.52308 0.17878 0.23787 0.13402 0.44933 1776.390
0.505 0.80064 101.55875 0.75973 81.31231 0.17910 0.23731 0.13433 0.44925 1775.933
0.510 0.79908 101.49411 0.75777 81.10229 0.17943 0.23676 0.13465 0.44916 1775.474
0.515 0.79753 101.42903 0.75581 80.89303 0.17975 0.23620 0.13496 0.44908 1775.012
0.520 0.79599 101.36351 0.75386 80.68452 0.18008 0.23565 0.13528 0.44899 1774.546
0.525 0.79446 101.29755 0.75192 80.47677 0.18040 0.23510 0.13559 0.44890 1774.077
0.530 0.79294 101.23116 0.74999 80.26975 0.18073 0.23455 0.13591 0.44881 1773.605
0.535 0.79142 101.16434 0.74806 80.06349 0.18105 0.23400 0.13623 0.44872 1773.129
0.540 0.78991 101.09709 0.74614 79.85796 0.18138 0.23345 0.13654 0.44863 1772.651
0.545 0.78842 101.02942 0.74423 79.65317 0.18171 0.23290 0.13686 0.44854 1772.169
0.550 0.78693 100.96133 0.74232 79.44911 0.18203 0.23235 0.13718 0.44844 1771.685
0.555 0.78545 100.89283 0.74042 79.24579 0.18236 0.23180 0.13750 0.44835 1771.197
0.560 0.78397 100.82393 0.73853 79.04319 0.18268 0.23125 0.13781 0.44825 1770.707
0.565 0.78251 100.75461 0.73664 78.84132 0.18301 0.23071 0.13813 0.44816 1770.213
0.570 0.78105 100.68490 0.73476 78.64018 0.18333 0.23016 0.13845 0.44806 1769.716
0.575 0.77960 100.61479 0.73289 78.43975 0.18366 0.22961 0.13877 0.44796 1769.217
0.580 0.77816 100.54429 0.73103 78.24004 0.18399 0.22907 0.13909 0.44786 1768.714
0.585 0.77673 100.47340 0.72917 78.04104 0.18431 0.22852 0.13941 0.44775 1768.209
0.590 0.77531 100.40212 0.72731 77.84275 0.18464 0.22798 0.13973 0.44765 1767.701
0.595 0.77389 100.33046 0.72547 77.64518 0.18497 0.22744 0.14005 0.44754 1767.190
0.600 0.77249 100.25842 0.72363 77.44830 0.18529 0.22690 0.14037 0.44744 1766.676
0.605 0.77109 100.18601 0.72179 77.25213 0.18562 0.22635 0.14069 0.44733 1766.160
0.610 0.76970 100.11323 0.71997 77.05666 0.18594 0.22581 0.14102 0.44722 1765.640
0.615 0.76831 100.04009 0.71815 76.86189 0.18627 0.22527 0.14134 0.44712 1765.118
0.620 0.76693 99.96658 0.71634 76.66781 0.18660 0.22473 0.14166 0.44700 1764.593
0.625 0.76557 99.89271 0.71453 76.47442 0.18693 0.22420 0.14198 0.44689 1764.066
0.630 0.76420 99.81849 0.71273 76.28172 0.18725 0.22366 0.14231 0.44678 1763.536
0.635 0.76285 99.74392 0.71093 76.08970 0.18758 0.22312 0.14263 0.44667 1763.003
0.640 0.76150 99.66900 0.70915 75.89837 0.18791 0.22258 0.14296 0.44655 1762.467
0.645 0.76017 99.59374 0.70736 75.70772 0.18823 0.22205 0.14328 0.44644 1761.929
0.650 0.75883 99.51813 0.70559 75.51774 0.18856 0.22151 0.14361 0.44632 1761.389
0.655 0.75751 99.44219 0.70382 75.32844 0.18889 0.22098 0.14393 0.44620 1760.845
0.660 0.75619 99.36591 0.70206 75.13981 0.18922 0.22045 0.14426 0.44608 1760.300
0.665 0.75488 99.28931 0.70030 74.95185 0.18954 0.21991 0.14458 0.44596 1759.751
0.670 0.75358 99.21238 0.69855 74.76456 0.18987 0.21938 0.14491 0.44584 1759.201
0.675 0.75229 99.13513 0.69681 74.57793 0.19020 0.21885 0.14524 0.44572 1758.648
0.680 0.75100 99.05756 0.69507 74.39196 0.19053 0.21832 0.14556 0.44559 1758.092
0.685 0.74972 98.97967 0.69334 74.20665 0.19085 0.21779 0.14589 0.44547 1757.534
0.690 0.74844 98.90147 0.69161 74.02199 0.19118 0.21726 0.14622 0.44534 1756.974
0.695 0.74717 98.82296 0.68990 73.83799 0.19151 0.21673 0.14655 0.44521 1756.411
0.700 0.74591 98.74415 0.68818 73.65464 0.19184 0.21620 0.14687 0.44508 1755.846
0.705 0.74466 98.66503 0.68648 73.47194 0.19217 0.21568 0.14720 0.44495 1755.278
0.710 0.74341 98.58562 0.68477 73.28988 0.19249 0.21515 0.14753 0.44482 1754.708
0.715 0.74217 98.50591 0.68308 73.10846 0.19282 0.21462 0.14786 0.44469 1754.136
0.720 0.74094 98.42590 0.68139 72.92769 0.19315 0.21410 0.14819 0.44456 1753.562
0.725 0.73971 98.34561 0.67971 72.74755 0.19348 0.21357 0.14852 0.44442 1752.985
0.730 0.73849 98.26504 0.67803 72.56805 0.19381 0.21305 0.14885 0.44429 1752.406
0.735 0.73728 98.18418 0.67636 72.38918 0.19414 0.21253 0.14918 0.44415 1751.825
0.740 0.73607 98.10304 0.67469 72.21094 0.19446 0.21201 0.14951 0.44402 1751.242
0.745 0.73487 98.02163 0.67303 72.03332 0.19479 0.21148 0.14985 0.44388 1750.657
0.750 0.73368 97.93994 0.67138 71.85633 0.19512 0.21096 0.15018 0.44374 1750.069
0.755 0.73249 97.85798 0.66973 71.67997 0.19545 0.21044 0.15051 0.44360 1749.479
0.760 0.73131 97.77576 0.66809 71.50422 0.19578 0.20992 0.15084 0.44345 1748.888
0.765 0.73013 97.69328 0.66645 71.32909 0.19611 0.20941 0.15118 0.44331 1748.294
0.770 0.72896 97.61053 0.66482 71.15458 0.19644 0.20889 0.15151 0.44317 1747.698
0.775 0.72780 97.52753 0.66320 70.98068 0.19676 0.20837 0.15184 0.44302 1747.100
0.780 0.72664 97.44427 0.66158 70.80738 0.19709 0.20785 0.15218 0.44288 1746.500
0.785 0.72549 97.36076 0.65997 70.63470 0.19742 0.20734 0.15251 0.44273 1745.898
0.790 0.72435 97.27701 0.65836 70.46262 0.19775 0.20682 0.15285 0.44258 1745.294
0.795 0.72321 97.19301 0.65676 70.29114 0.19808 0.20631 0.15318 0.44243 1744.688
0.800 0.72208 97.10876 0.65516 70.12027 0.19841 0.20580 0.15352 0.44228 1744.080
0.805 0.72095 97.02428 0.65357 69.94999 0.19874 0.20528 0.15385 0.44213 1743.470
0.810 0.71983 96.93956 0.65198 69.78031 0.19907 0.20477 0.15419 0.44197 1742.858
0.815 0.71872 96.85461 0.65040 69.61122 0.19940 0.20426 0.15452 0.44182 1742.245
0.820 0.71761 96.76943 0.64883 69.44272 0.19972 0.20375 0.15486 0.44166 1741.629
0.825 0.71651 96.68402 0.64726 69.27481 0.20005 0.20324 0.15520 0.44151 1741.012
0.830 0.71541 96.59839 0.64570 69.10748 0.20038 0.20273 0.15553 0.44135 1740.392
0.835 0.71432 96.51253 0.64414 68.94074 0.20071 0.20222 0.15587 0.44119 1739.771
0.840 0.71323 96.42646 0.64259 68.77458 0.20104 0.20172 0.15621 0.44103 1739.148
0.845 0.71215 96.34017 0.64104 68.60900 0.20137 0.20121 0.15655 0.44087 1738.524
0.850 0.71108 96.25367 0.63950 68.44400 0.20170 0.20071 0.15689 0.44071 1737.897
0.855 0.71001 96.16695 0.63796 68.27957 0.20203 0.20020 0.15723 0.44055 1737.269
0.860 0.70895 96.08003 0.63643 68.11571 0.20236 0.19970 0.15756 0.44038 1736.639
0.865 0.70789 95.99291 0.63490 67.95242 0.20269 0.19919 0.15790 0.44022 1736.008
0.870 0.70684 95.90558 0.63338 67.78970 0.20302 0.19869 0.15824 0.44005 1735.374
0.875 0.70579 95.81805 0.63187 67.62755 0.20334 0.19819 0.15858 0.43988 1734.739
0.880 0.70475 95.73032 0.63036 67.46595 0.20367 0.19769 0.15892 0.43972 1734.103
0.885 0.70371 95.64240 0.62885 67.30492 0.20400 0.19719 0.15927 0.43955 1733.464
0.890 0.70268 95.55429 0.62736 67.14445 0.20433 0.19669 0.15961 0.43938 1732.824
0.895 0.70166 95.46599 0.62586 66.98454 0.20466 0.19619 0.15995 0.43920 1732.183
0.900 0.70064 95.37750 0.62437 66.82517 0.20499 0.19569 0.16029 0.43903 1731.540
0.905 0.69962 95.28883 0.62289 66.66636 0.20532 0.19519 0.16063 0.43886 1730.895
0.910 0.69861 95.19998 0.62141 66.50811 0.20565 0.19469 0.16097 0.43868 1730.248
0.915 0.69761 95.11095 0.61994 66.35039 0.20598 0.19420 0.16132 0.43851 1729.601
0.920 0.69661 95.02174 0.61847 66.19323 0.20631 0.19370 0.16166 0.43833 1728.951
0.925 0.69562 94.93236 0.61700 66.03660 0.20664 0.19321 0.16200 0.43815 1728.300
0.930 0.69463 94.84281 0.61555 65.88052 0.20696 0.19271 0.16235 0.43797 1727.648
0.935 0.69364 94.75309 0.61409 65.72498 0.20729 0.19222 0.16269 0.43779 1726.994
0.940 0.69267 94.66320 0.61264 65.56997 0.20762 0.19173 0.16304 0.43761 1726.339
0.945 0.69169 94.57315 0.61120 65.41550 0.20795 0.19124 0.16338 0.43743 1725.682
0.950 0.69072 94.48294 0.60976 65.26156 0.20828 0.19075 0.16372 0.43725 1725.024
0.955 0.68976 94.39257 0.60833 65.10815 0.20861 0.19026 0.16407 0.43706 1724.364
0.960 0.68880 94.30204 0.60690 64.95527 0.20894 0.18977 0.16442 0.43688 1723.703
0.965 0.68785 94.21136 0.60548 64.80292 0.20927 0.18928 0.16476 0.43669 1723.041
0.970 0.68690 94.12052 0.60406 64.65109 0.20960 0.18879 0.16511 0.43650 1722.377
0.975 0.68595 94.02954 0.60264 64.49978 0.20993 0.18831 0.16545 0.43632 1721.712
0.980 0.68501 93.93841 0.60124 64.34899 0.21025 0.18782 0.16580 0.43613 1721.045
0.985 0.68408 93.84713 0.59983 64.19873 0.21058 0.18733 0.16615 0.43593 1720.377
0.990 0.68315 93.75572 0.59843 64.04897 0.21091 0.18685 0.16649 0.43574 1719.708
0.995 0.68222 93.66416 0.59704 63.89973 0.21124 0.18637 0.16684 0.43555 1719.038
1.000 0.68130 93.57246 0.59565 63.75101 0.21157 0.18588 0.16719 0.43536 1718.366
1.005 0.68038 93.48063 0.59426 63.60279 0.21190 0.18540 0.16754 0.43516 1717.693
1.010 0.67947 93.38866 0.59288 63.45508 0.21223 0.18492 0.16789 0.43497 1717.018
1.015 0.67857 93.29657 0.59151 63.30788 0.21256 0.18444 0.16824 0.43477 1716.343
1.020 0.67766 93.20434 0.59014 63.16118 0.21288 0.18396 0.16858 0.43457 1715.666
1.025 0.67677 93.11199 0.58877 63.01498 0.21321 0.18348 0.16893 0.43437 1714.988
1.030 0.67587 93.01951 0.58741 62.86928 0.21354 0.18300 0.16928 0.43417 1714.309
1.035 0.67498 92.92691 0.58605 62.72408 0.21387 0.18252 0.16963 0.43397 1713.629
1.040 0.67410 92.83418 0.58470 62.57938 0.21420 0.18205 0.16998 0.43377 1712.947
1.045 0.67322 92.74135 0.58335 62.43517 0.21453 0.18157 0.17033 0.43357 1712.265
1.050 0.67234 92.64839 0.58201 62.29145 0.21486 0.18110 0.17068 0.43336 1711.581
1.055 0.67147 92.55532 0.58067 62.14822 0.21518 0.18062 0.17104 0.43316 1710.896
1.060 0.67060 92.46214 0.57934 62.00548 0.21551 0.18015 0.17139 0.43295 1710.210
1.065 0.66974 92.36884 0.57801 61.86323 0.21584 0.17968 0.17174 0.43275 1709.523
1.070 0.66888 92.27544 0.57669 61.72146 0.21617 0.17920 0.17209 0.43254 1708.834
1.075 0.66803 92.18194 0.57537 61.58018 0.21650 0.17873 0.17244 0.43233 1708.145
1.080 0.66718 92.08832 0.57405 61.43937 0.21682 0.17826 0.17279 0.43212 1707.455
1.085 0.66633 91.99461 0.57274 61.29904 0.21715 0.17779 0.17315 0.43191 1706.763
1.090 0.66549 91.90080 0.57143 61.15919 0.21748 0.17732 0.17350 0.43170 1706.071
1.095 0.66465 91.80689 0.57013 61.01982 0.21781 0.17685 0.17385 0.43148 1705.377
1.100 0.66382 91.71288 0.56883 60.88092 0.21814 0.17639 0.17421 0.43127 1704.683
1.105 0.66299 91.61878 0.56754 60.74249 0.21846 0.17592 0.17456 0.43105 1703.987
1.110 0.66217 91.52459 0.56625 60.60453 0.21879 0.17546 0.17492 0.43084 1703.291
1.115 0.66135 91.43030 0.56497 60.46703 0.21912 0.17499 0.17527 0.43062 1702.593
1.120 0.66053 91.33593 0.56369 60.33001 0.21945 0.17453 0.17562 0.43040 1701.895
1.125 0.65972 91.24147 0.56241 60.19344 0.21977 0.17406 0.17598 0.43018 1701.195
1.130 0.65891 91.14693 0.56114 60.05734 0.22010 0.17360 0.17633 0.42996 1700.495
1.135 0.65810 91.05230 0.55987 59.92170 0.22043 0.17314 0.17669 0.42974 1699.794
1.140 0.65730 90.95759 0.55861 59.78652 0.22076 0.17268 0.17705 0.42952 1699.092
1.145 0.65650 90.86281 0.55735 59.65179 0.22108 0.17222 0.17740 0.42930 1698.389
1.150 0.65571 90.76794 0.55609 59.51752 0.22141 0.17176 0.17776 0.42907 1697.685
1.155 0.65492 90.67300 0.55484 59.38370 0.22174 0.17130 0.17811 0.42885 1696.980
1.160 0.65414 90.57799 0.55360 59.25034 0.22206 0.17084 0.17847 0.42862 1696.274
1.165 0.65335 90.48291 0.55236 59.11742 0.22239 0.17038 0.17883 0.42840 1695.568
1.170 0.65258 90.38775 0.55112 58.98495 0.22272 0.16993 0.17918 0.42817 1694.860
1.175 0.65180 90.29253 0.54988 58.85293 0.22305 0.16947 0.17954 0.42794 1694.152
1.180 0.65103 90.19724 0.54865 58.72135 0.22337 0.16902 0.17990 0.42771 1693.443
1.185 0.65027 90.10188 0.54743 58.59022 0.22370 0.16856 0.18026 0.42748 1692.733
1.190 0.64950 90.00646 0.54621 58.45952 0.22402 0.16811 0.18062 0.42725 1692.023
1.195 0.64874 89.91098 0.54499 58.32927 0.22435 0.16766 0.18097 0.42702 1691.311
1.200 0.64799 89.81544 0.54378 58.19945 0.22468 0.16721 0.18133 0.42678 1690.599
1.205 0.64724 89.71984 0.54257 58.07007 0.22500 0.16676 0.18169 0.42655 1689.886
1.210 0.64649 89.62419 0.54136 57.94112 0.22533 0.16631 0.18205 0.42631 1689.172
1.215 0.64575 89.52848 0.54016 57.81261 0.22566 0.16586 0.18241 0.42608 1688.458
1.220 0.64500 89.43271 0.53897 57.68452 0.22598 0.16541 0.18277 0.42584 1687.743
1.225 0.64427 89.33690 0.53777 57.55687 0.22631 0.16496 0.18313 0.42560 1687.027
1.230 0.64353 89.24103 0.53659 57.42964 0.22663 0.16451 0.18349 0.42536 1686.310
1.235 0.64280 89.14512 0.53540 57.30283 0.22696 0.16407 0.18385 0.42512 1685.593
1.240 0.64208 89.04916 0.53422 57.17646 0.22728 0.16362 0.18421 0.42488 1684.875
1.245 0.64135 88.95315 0.53304 57.05050 0.22761 0.16318 0.18457 0.42464 1684.157
1.250 0.64063 88.85710 0.53187 56.92497 0.22793 0.16273 0.18494 0.42440 1683.437
1.255 0.63992 88.76101 0.53070 56.79985 0.22826 0.16229 0.18530 0.42415 1682.717
1.260 0.63921 88.66488 0.52954 56.67515 0.22858 0.16185 0.18566 0.42391 1681.997
1.265 0.63850 88.56871 0.52838 56.55087 0.22891 0.16141 0.18602 0.42366 1681.276
1.270 0.63779 88.47250 0.52722 56.42700 0.22923 0.16097 0.18638 0.42342 1680.554
1.275 0.63709 88.37625 0.52606 56.30354 0.22956 0.16053 0.18675 0.42317 1679.831
1.280 0.63639 88.27997 0.52491 56.18050 0.22988 0.16009 0.18711 0.42292 1679.108
1.285 0.63569 88.18366 0.52377 56.05787 0.23021 0.15965 0.18747 0.42267 1678.385
1.290 0.63500 88.08731 0.52263 55.93564 0.23053 0.15921 0.18783 0.42242 1677.660
1.295 0.63431 87.99093 0.52149 55.81382 0.23086 0.15878 0.18820 0.42217 1676.935
1.300 0.63363 87.89453 0.52035 55.69240 0.23118 0.15834 0.18856 0.42192 1676.210
1.305 0.63295 87.79810 0.51922 55.57139 0.23150 0.15791 0.18892 0.42166 1675.484
1.310 0.63227 87.70164 0.51810 55.45078 0.23183 0.15747 0.18929 0.42141 1674.758
1.315 0.63159 87.60515 0.51697 55.33057 0.23215 0.15704 0.18965 0.42115 1674.031
1.320 0.63092 87.50865 0.51585 55.21076 0.23248 0.15661 0.19002 0.42090 1673.303
1.325 0.63025 87.41212 0.51474 55.09134 0.23280 0.15618 0.19038 0.42064 1672.575
1.330 0.62958 87.31557 0.51363 54.97232 0.23312 0.15575 0.19075 0.42039 1671.847
1.335 0.62892 87.21900 0.51252 54.85370 0.23345 0.15532 0.19111 0.42013 1671.118
1.340 0.62826 87.12242 0.51141 54.73546 0.23377 0.15489 0.19148 0.41987 1670.388
1.345 0.62760 87.02581 0.51031 54.61762 0.23409 0.15446 0.19184 0.41961 1669.658
1.350 0.62695 86.92920 0.50921 54.50017 0.23441 0.15403 0.19221 0.41935 1668.927
1.355 0.62630 86.83256 0.50812 54.38310 0.23474 0.15360 0.19258 0.41908 1668.197
1.360 0.62565 86.73592 0.50703 54.26642 0.23506 0.15318 0.19294 0.41882 1667.465
1.365 0.62501 86.63927 0.50594 54.15013 0.23538 0.15275 0.19331 0.41856 1666.733
1.370 0.62437 86.54260 0.50486 54.03422 0.23570 0.15233 0.19368 0.41829 1666.001
1.375 0.62373 86.44593 0.50378 53.91869 0.23603 0.15190 0.19404 0.41803 1665.268
1.380 0.62309 86.34925 0.50271 53.80355 0.23635 0.15148 0.19441 0.41776 1664.535
1.385 0.62246 86.25256 0.50163 53.68878 0.23667 0.15106 0.19478 0.41749 1663.802
1.390 0.62183 86.15587 0.50056 53.57439 0.23699 0.15064 0.19514 0.41723 1663.068
1.395 0.62120 86.05917 0.49950 53.46037 0.23731 0.15022 0.19551 0.41696 1662.333
1.400 0.62058 85.96247 0.49844 53.34673 0.23763 0.14980 0.19588 0.41669 1661.599
1.405 0.61996 85.86577 0.49738 53.23346 0.23795 0.14938 0.19625 0.41642 1660.864
1.410 0.61934 85.76907 0.49632 53.12057 0.23828 0.14896 0.19662 0.41615 1660.128
1.415 0.61873 85.67237 0.49527 53.00804 0.23860 0.14854 0.19699 0.41587 1659.392
1.420 0.61812 85.57568 0.49423 52.89589 0.23892 0.14813 0.19735 0.41560 1658.656
1.425 0.61751 85.47898 0.49318 52.78410 0.23924 0.14771 0.19772 0.41533 1657.920
1.430 0.61690 85.38230 0.49214 52.67268 0.23956 0.14730 0.19809 0.41505 1657.183
1.435 0.61630 85.28561 0.49110 52.56162 0.23988 0.14688 0.19846 0.41478 1656.446
1.440 0.61570 85.18894 0.49007 52.45093 0.24020 0.14647 0.19883 0.41450 1655.708
1.445 0.61510 85.09227 0.48904 52.34060 0.24052 0.14606 0.19920 0.41422 1654.971
1.450 0.61451 84.99561 0.48801 52.23063 0.24084 0.14565 0.19957 0.41394 1654.233
1.455 0.61392 84.89897 0.48699 52.12101 0.24116 0.14524 0.19994 0.41367 1653.494
1.460 0.61333 84.80233 0.48596 52.01176 0.24148 0.14483 0.20031 0.41339 1652.756
1.465 0.61274 84.70571 0.48495 51.90286 0.24180 0.14442 0.20068 0.41311 1652.017
1.470 0.61216 84.60910 0.48393 51.79432 0.24211 0.14401 0.20105 0.41282 1651.278
1.475 0.61158 84.51250 0.48292 51.68613 0.24243 0.14360 0.20142 0.41254 1650.538
1.480 0.61100 84.41592 0.48191 51.57829 0.24275 0.14319 0.20180 0.41226 1649.798
1.485 0.61043 84.31936 0.48091 51.47081 0.24307 0.14279 0.20217 0.41197 1649.059
1.490 0.60985 84.22282 0.47991 51.36367 0.24339 0.14238 0.20254 0.41169 1648.318
1.495 0.60928 84.12629 0.47891 51.25689 0.24371 0.14198 0.20291 0.41140 1647.578
1.500 0.60872 84.02978 0.47792 51.15045 0.24402 0.14158 0.20328 0.41112 1646.837
1.505 0.60815 83.93330 0.47693 51.04435 0.24434 0.14117 0.20365 0.41083 1646.096
1.510 0.60759 83.83684 0.47594 50.93860 0.24466 0.14077 0.20403 0.41054 1645.355
1.515 0.60703 83.74040 0.47495 50.83319 0.24498 0.14037 0.20440 0.41025 1644.614
1.520 0.60648 83.64398 0.47397 50.72813 0.24529 0.13997 0.20477 0.40996 1643.873
1.525 0.60592 83.54759 0.47299 50.62340 0.24561 0.13957 0.20514 0.40967 1643.131
1.530 0.60537 83.45123 0.47202 50.51902 0.24593 0.13917 0.20552 0.40938 1642.389
1.535 0.60482 83.35489 0.47105 50.41497 0.24625 0.13877 0.20589 0.40909 1641.647
1.540 0.60428 83.25858 0.47008 50.31126 0.24656 0.13838 0.20626 0.40880 1640.905
1.545 0.60373 83.16230 0.46911 50.20788 0.24688 0.13798 0.20664 0.40851 1640.163
1.550 0.60319 83.06605 0.46815 50.10484 0.24719 0.13758 0.20701 0.40821 1639.420
1.555 0.60265 82.96982 0.46719 50.00213 0.24751 0.13719 0.20738 0.40792 1638.678
1.560 0.60212 82.87364 0.46623 49.89976 0.24783 0.13680 0.20776 0.40762 1637.935
1.565 0.60159 82.77748 0.46528 49.79771 0.24814 0.13640 0.20813 0.40732 1637.192
1.570 0.60105 82.68136 0.46433 49.69599 0.24846 0.13601 0.20851 0.40703 1636.449
1.575 0.60053 82.58527 0.46338 49.59460 0.24877 0.13562 0.20888 0.40673 1635.706
1.580 0.60000 82.48922 0.46244 49.49354 0.24909 0.13523 0.20926 0.40643 1634.963
1.585 0.59948 82.39320 0.46149 49.39280 0.24940 0.13484 0.20963 0.40613 1634.219
1.590 0.59896 82.29722 0.46056 49.29238 0.24972 0.13445 0.21001 0.40583 1633.476
1.595 0.59844 82.20128 0.45962 49.19229 0.25003 0.13406 0.21038 0.40553 1632.732
1.600 0.59792 82.10537 0.45869 49.09252 0.25034 0.13367 0.21076 0.40523 1631.989
1.605 0.59741 82.00951 0.45776 48.99307 0.25066 0.13329 0.21113 0.40492 1631.245
1.610 0.59690 81.91369 0.45683 48.89394 0.25097 0.13290 0.21151 0.40462 1630.501
1.615 0.59639 81.81791 0.45591 48.79513 0.25128 0.13252 0.21188 0.40432 1629.757
1.620 0.59588 81.72217 0.45499 48.69663 0.25160 0.13213 0.21226 0.40401 1629.013
1.625 0.59538 81.62647 0.45407 48.59845 0.25191 0.13175 0.21264 0.40371 1628.269
1.630 0.59487 81.53082 0.45316 48.50059 0.25222 0.13136 0.21301 0.40340 1627.525
1.635 0.59437 81.43521 0.45225 48.40303 0.25254 0.13098 0.21339 0.40309 1626.781
1.640 0.59388 81.33965 0.45134 48.30579 0.25285 0.13060 0.21377 0.40278 1626.037
1.645 0.59338 81.24413 0.45043 48.20886 0.25316 0.13022 0.21414 0.40248 1625.293
1.650 0.59289 81.14866 0.44953 48.11224 0.25347 0.12984 0.21452 0.40217 1624.549
1.655 0.59240 81.05324 0.44863 48.01593 0.25378 0.12946 0.21490 0.40186 1623.805
1.660 0.59191 80.95787 0.44773 47.91993 0.25410 0.12908 0.21527 0.40155 1623.060
1.665 0.59143 80.86255 0.44684 47.82423 0.25441 0.12871 0.21565 0.40123 1622.316
1.670 0.59094 80.76727 0.44595 47.72883 0.25472 0.12833 0.21603 0.40092 1621.572
1.675 0.59046 80.67205 0.44506 47.63375 0.25503 0.12796 0.21641 0.40061 1620.828
1.680 0.58998 80.57688 0.44417 47.53896 0.25534 0.12758 0.21678 0.40030 1620.084
1.685 0.58951 80.48176 0.44329 47.44447 0.25565 0.12721 0.21716 0.39998 1619.339
1.690 0.58903 80.38670 0.44241 47.35029 0.25596 0.12683 0.21754 0.39967 1618.595
1.695 0.58856 80.29168 0.44153 47.25640 0.25627 0.12646 0.21792 0.39935 1617.851
1.700 0.58809 80.19673 0.44066 47.16282 0.25658 0.12609 0.21830 0.39903 1617.107
1.705 0.58762 80.10183 0.43979 47.06953 0.25689 0.12572 0.21868 0.39872 1616.363
1.710 0.58716 80.00698 0.43892 46.97653 0.25720 0.12535 0.21905 0.39840 1615.619
1.715 0.58669 79.91219 0.43805 46.88383 0.25751 0.12498 0.21943 0.39808 1614.875
1.720 0.58623 79.81746 0.43719 46.79143 0.25781 0.12461 0.21981 0.39776 1614.131
1.725 0.58577 79.72279 0.43633 46.69931 0.25812 0.12424 0.22019 0.39744 1613.387
1.730 0.58531 79.62817 0.43547 46.60749 0.25843 0.12388 0.22057 0.39712 1612.643
1.735 0.58486 79.53362 0.43462 46.51596 0.25874 0.12351 0.22095 0.39680 1611.899
1.740 0.58441 79.43912 0.43376 46.42472 0.25905 0.12315 0.22133 0.39648 1611.156
1.745 0.58396 79.34469 0.43291 46.33377 0.25935 0.12278 0.22171 0.39615 1610.412
1.750 0.58351 79.25031 0.43207 46.24310 0.25966 0.12242 0.22209 0.39583 1609.669
1.755 0.58306 79.15600 0.43122 46.15272 0.25997 0.12205 0.22247 0.39551 1608.925
1.760 0.58262 79.06175 0.43038 46.06263 0.26028 0.12169 0.22285 0.39518 1608.182
1.765 0.58217 78.96757 0.42954 45.97281 0.26058 0.12133 0.22323 0.39486 1607.439
1.770 0.58173 78.87345 0.42870 45.88329 0.26089 0.12097 0.22361 0.39453 1606.696
1.775 0.58129 78.77939 0.42787 45.79404 0.26119 0.12061 0.22399 0.39421 1605.953
1.780 0.58086 78.68540 0.42704 45.70507 0.26150 0.12025 0.22437 0.39388 1605.210
1.785 0.58042 78.59147 0.42621 45.61639 0.26180 0.11989 0.22475 0.39355 1604.467
1.790 0.57999 78.49761 0.42538 45.52798 0.26211 0.11954 0.22513 0.39322 1603.724
1.795 0.57956 78.40382 0.42456 45.43985 0.26241 0.11918 0.22551 0.39289 1602.982
1.800 0.57913 78.31009 0.42374 45.35200 0.26272 0.11882 0.22589 0.39256 1602.239
1.805 0.57871 78.21644 0.42292 45.26442 0.26302 0.11847 0.22627 0.39223 1601.497
1.810 0.57828 78.12285 0.42211 45.17712 0.26333 0.11812 0.22666 0.39190 1600.755
1.815 0.57786 78.02933 0.42129 45.09009 0.26363 0.11776 0.22704 0.39157 1600.013
1.820 0.57744 77.93588 0.42048 45.00333 0.26394 0.11741 0.22742 0.39124 1599.271
1.825 0.57702 77.84250 0.41967 44.91685 0.26424 0.11706 0.22780 0.39090 1598.529
1.830 0.57661 77.74919 0.41887 44.83063 0.26454 0.11671 0.22818 0.39057 1597.788
1.835 0.57619 77.65595 0.41807 44.74469 0.26484 0.11636 0.22856 0.39024 1597.047
1.840 0.57578 77.56279 0.41727 44.65901 0.26515 0.11601 0.22894 0.38990 1596.305
1.845 0.57537 77.46970 0.41647 44.57360 0.26545 0.11566 0.22933 0.38957 1595.564
1.850 0.57496 77.37668 0.41567 44.48846 0.26575 0.11531 0.22971 0.38923 1594.824
1.855 0.57455 77.28373 0.41488 44.40358 0.26605 0.11496 0.23009 0.38889 1594.083
1.860 0.57415 77.19086 0.41409 44.31897 0.26635 0.11462 0.23047 0.38856 1593.342
1.865 0.57374 77.09807 0.41330 44.23462 0.26666 0.11427 0.23085 0.38822 1592.602
1.870 0.57334 77.00535 0.41251 44.15054 0.26696 0.11393 0.23124 0.38788 1591.862
1.875 0.57294 76.91270 0.41173 44.06671 0.26726 0.11358 0.23162 0.38754 1591.122
1.880 0.57255 76.82013 0.41095 43.98315 0.26756 0.11324 0.23200 0.38720 1590.382
1.885 0.57215 76.72764 0.41017 43.89984 0.26786 0.11290 0.23239 0.38686 1589.643
1.890 0.57176 76.63522 0.40940 43.81680 0.26816 0.11255 0.23277 0.38652 1588.904
1.895 0.57137 76.54289 0.40862 43.73401 0.26846 0.11221 0.23315 0.38618 1588.165
1.900 0.57098 76.45063 0.40785 43.65148 0.26876 0.11187 0.23353 0.38584 1587.426
1.905 0.57059 76.35845 0.40708 43.56920 0.26906 0.11153 0.23392 0.38549 1586.687
1.910 0.57020 76.26634 0.40632 43.48718 0.26935 0.11120 0.23430 0.38515 1585.949
1.915 0.56982 76.17432 0.40555 43.40541 0.26965 0.11086 0.23468 0.38481 1585.211
1.920 0.56943 76.08238 0.40479 43.32390 0.26995 0.11052 0.23507 0.38446 1584.473
1.925 0.56905 75.99052 0.40403 43.24264 0.27025 0.11018 0.23545 0.38412 1583.735
1.930 0.56867 75.89874 0.40327 43.16163 0.27055 0.10985 0.23583 0.38377 1582.998
1.935 0.56830 75.80704 0.40252 43.08087 0.27084 0.10951 0.23622 0.38343 1582.261
1.940 0.56792 75.71542 0.40177 43.00035 0.27114 0.10918 0.23660 0.38308 1581.524
1.945 0.56755 75.62389 0.40102 42.92009 0.27144 0.10885 0.23699 0.38273 1580.787
1.950 0.56717 75.53243 0.40027 42.84008 0.27173 0.10851 0.23737 0.38238 1580.051
1.955 0.56680 75.44106 0.39953 42.76031 0.27203 0.10818 0.23775 0.38204 1579.314
1.960 0.56644 75.34978 0.39878 42.68078 0.27232 0.10785 0.23814 0.38169 1578.579
1.965 0.56607 75.25857 0.39804 42.60151 0.27262 0.10752 0.23852 0.38134 1577.843
1.970 0.56570 75.16746 0.39730 42.52247 0.27291 0.10719 0.23891 0.38099 1577.108
1.975 0.56534 75.07642 0.39657 42.44368 0.27321 0.10686 0.23929 0.38064 1576.372
1.980 0.56498 74.98548 0.39583 42.36513 0.27350 0.10654 0.23967 0.38029 1575.638
1.985 0.56462 74.89461 0.39510 42.28682 0.27380 0.10621 0.24006 0.37994 1574.903
1.990 0.56426 74.80384 0.39437 42.20875 0.27409 0.10588 0.24044 0.37958 1574.169
1.995 0.56390 74.71315 0.39364 42.13092 0.27439 0.10556 0.24083 0.37923 1573.435
2.000 0.56355 74.62254 0.39292 42.05333 0.27468 0.10523 0.24121 0.37888 1572.701
2.005 0.56319 74.53203 0.39220 41.97598 0.27497 0.10491 0.24160 0.37852 1571.968
2.010 0.56284 74.44160 0.39148 41.89886 0.27526 0.10458 0.24198 0.37817 1571.235
2.015 0.56249 74.35126 0.39076 41.82198 0.27556 0.10426 0.24237 0.37781 1570.502
2.020 0.56214 74.26100 0.39004 41.74534 0.27585 0.10394 0.24275 0.37746 1569.770
2.025 0.56180 74.17084 0.38933 41.66892 0.27614 0.10362 0.24314 0.37710 1569.038
2.030 0.56145 74.08076 0.38862 41.59275 0.27643 0.10330 0.24352 0.37675 1568.306
2.035 0.56111 73.99078 0.38791 41.51680 0.27672 0.10298 0.24391 0.37639 1567.574
2.040 0.56077 73.90088 0.38720 41.44109 0.27701 0.10266 0.24429 0.37603 1566.843
2.045 0.56043 73.81107 0.38649 41.36560 0.27730 0.10234 0.24468 0.37568 1566.112
2.050 0.56009 73.72135 0.38579 41.29035 0.27759 0.10203 0.24506 0.37532 1565.382
2.055 0.55975 73.63173 0.38509 41.21532 0.27788 0.10171 0.24545 0.37496 1564.652
2.060 0.55941 73.54219 0.38439 41.14053 0.27817 0.10139 0.24583 0.37460 1563.922
2.065 0.55908 73.45275 0.38369 41.06596 0.27846 0.10108 0.24622 0.37424 1563.192
2.070 0.55875 73.36340 0.38300 40.99162 0.27875 0.10076 0.24660 0.37388 1562.463
2.075 0.55842 73.27414 0.38231 40.91750 0.27904 0.10045 0.24699 0.37352 1561.734
2.080 0.55809 73.18497 0.38162 40.84361 0.27933 0.10014 0.24737 0.37316 1561.006
2.085 0.55776 73.09589 0.38093 40.76994 0.27962 0.09983 0.24776 0.37280 1560.277
2.090 0.55743 73.00691 0.38024 40.69649 0.27990 0.09952 0.24815 0.37243 1559.550
2.095 0.55711 72.91802 0.37956 40.62327 0.28019 0.09920 0.24853 0.37207 1558.822
2.100 0.55679 72.82922 0.37888 40.55027 0.28048 0.09890 0.24892 0.37171 1558.095
2.105 0.55646 72.74052 0.37820 40.47749 0.28077 0.09859 0.24930 0.37134 1557.368
2.110 0.55614 72.65191 0.37752 40.40493 0.28105 0.09828 0.24969 0.37098 1556.642
2.115 0.55583 72.56340 0.37684 40.33259 0.28134 0.09797 0.25008 0.37062 1555.916
2.120 0.55551 72.47498 0.37617 40.26047 0.28162 0.09766 0.25046 0.37025 1555.190
2.125 0.55519 72.38665 0.37550 40.18856 0.28191 0.09736 0.25085 0.36989 1554.465
2.130 0.55488 72.29843 0.37483 40.11688 0.28219 0.09705 0.25123 0.36952 1553.740
2.135 0.55457 72.21029 0.37416 40.04540 0.28248 0.09675 0.25162 0.36915 1553.015
2.140 0.55426 72.12225 0.37349 39.97415 0.28276 0.09644 0.25201 0.36879 1552.291
2.145 0.55395 72.03431 0.37283 39.90310 0.28305 0.09614 0.25239 0.36842 1551.568
2.150 0.55364 71.94646 0.37217 39.83228 0.28333 0.09584 0.25278 0.36805 1550.844
2.155 0.55333 71.85871 0.37151 39.76166 0.28361 0.09554 0.25316 0.36768 1550.121
2.160 0.55303 71.77106 0.37085 39.69126 0.28390 0.09524 0.25355 0.36732 1549.399
2.165 0.55272 71.68350 0.37019 39.62106 0.28418 0.09494 0.25394 0.36695 1548.676
2.170 0.55242 71.59605 0.36954 39.55108 0.28446 0.09464 0.25432 0.36658 1547.954
2.175 0.55212 71.50868 0.36889 39.48131 0.28474 0.09434 0.25471 0.36621 1547.233
2.180 0.55182 71.42142 0.36824 39.41175 0.28503 0.09404 0.25510 0.36584 1546.512
2.185 0.55152 71.33425 0.36759 39.34239 0.28531 0.09374 0.25548 0.36547 1545.791
2.190 0.55123 71.24719 0.36694 39.27325 0.28559 0.09345 0.25587 0.36510 1545.071
2.195 0.55093 71.16022 0.36630 39.20431 0.28587 0.09315 0.25626 0.36472 1544.351
2.200 0.55064 71.07335 0.36566 39.13557 0.28615 0.09286 0.25664 0.36435 1543.632
2.205 0.55034 70.98658 0.36502 39.06704 0.28643 0.09256 0.25703 0.36398 1542.913
2.210 0.55005 70.89990 0.36438 38.99872 0.28671 0.09227 0.25742 0.36361 1542.194
2.215 0.54976 70.81333 0.36374 38.93060 0.28699 0.09198 0.25780 0.36323 1541.476
2.220 0.54948 70.72686 0.36311 38.86268 0.28727 0.09169 0.25819 0.36286 1540.758
2.225 0.54919 70.64048 0.36248 38.79496 0.28754 0.09139 0.25858 0.36249 1540.041
2.230 0.54890 70.55421 0.36184 38.72745 0.28782 0.09110 0.25896 0.36211 1539.324
2.235 0.54862 70.46803 0.36122 38.66014 0.28810 0.09081 0.25935 0.36174 1538.608
2.240 0.54834 70.38196 0.36059 38.59303 0.28838 0.09053 0.25974 0.36136 1537.891
2.245 0.54806 70.29599 0.35996 38.52611 0.28865 0.09024 0.26012 0.36099 1537.176
2.250 0.54778 70.21011 0.35934 38.45940 0.28893 0.08995 0.26051 0.36061 1536.461
2.255 0.54750 70.12434 0.35872 38.39288 0.28921 0.08966 0.26090 0.36023 1535.746
2.260 0.54722 70.03867 0.35810 38.32656 0.28948 0.08938 0.26128 0.35986 1535.032
2.265 0.54694 69.95310 0.35748 38.26044 0.28976 0.08909 0.26167 0.35948 1534.318
2.270 0.54667 69.86763 0.35687 38.19451 0.29003 0.08881 0.26206 0.35910 1533.604
2.275 0.54640 69.78227 0.35625 38.12878 0.29031 0.08852 0.26244 0.35873 1532.891
2.280 0.54612 69.69700 0.35564 38.06325 0.29058 0.08824 0.26283 0.35835 1532.179
2.285 0.54585 69.61184 0.35503 37.99790 0.29086 0.08796 0.26322 0.35797 1531.466
2.290 0.54558 69.52678 0.35442 37.93275 0.29113 0.08768 0.26360 0.35759 1530.755
2.295 0.54532 69.44182 0.35381 37.86779 0.29141 0.08739 0.26399 0.35721 1530.044
2.300 0.54505 69.35697 0.35321 37.80303 0.29168 0.08711 0.26438 0.35683 1529.333
2.305 0.54478 69.27221 0.35260 37.73845 0.29195 0.08683 0.26476 0.35645 1528.622
2.310 0.54452 69.18756 0.35200 37.67407 0.29222 0.08656 0.26515 0.35607 1527.913
2.315 0.54426 69.10302 0.35140 37.60987 0.29250 0.08628 0.26554 0.35569 1527.203
2.320 0.54400 69.01857 0.35080 37.54587 0.29277 0.08600 0.26592 0.35531 1526.494
2.325 0.54374 68.93423 0.35021 37.48205 0.29304 0.08572 0.26631 0.35493 1525.786
2.330 0.54348 68.84999 0.34961 37.41842 0.29331 0.08545 0.26670 0.35455 1525.078
2.335 0.54322 68.76586 0.34902 37.35497 0.29358 0.08517 0.26708 0.35416 1524.370
2.340 0.54296 68.68183 0.34843 37.29172 0.29385 0.08490 0.26747 0.35378 1523.663
2.345 0.54271 68.59790 0.34784 37.22864 0.29412 0.08462 0.26786 0.35340 1522.956
2.350 0.54245 68.51408 0.34725 37.16576 0.29439 0.08435 0.26825 0.35302 1522.250
2.355 0.54220 68.43036 0.34667 37.10306 0.29466 0.08408 0.26863 0.35263 1521.545
2.360 0.54195 68.34675 0.34608 37.04054 0.29493 0.08380 0.26902 0.35225 1520.839
2.365 0.54170 68.26324 0.34550 36.97820 0.29520 0.08353 0.26941 0.35187 1520.135
2.370 0.54145 68.17984 0.34492 36.91605 0.29546 0.08326 0.26979 0.35148 1519.431
2.375 0.54120 68.09654 0.34434 36.85407 0.29573 0.08299 0.27018 0.35110 1518.727
2.380 0.54096 68.01334 0.34376 36.79228 0.29600 0.08272 0.27057 0.35071 1518.023
2.385 0.54071 67.93025 0.34319 36.73067 0.29626 0.08246 0.27095 0.35033 1517.321
2.390 0.54047 67.84726 0.34261 36.66924 0.29653 0.08219 0.27134 0.34994 1516.618
2.395 0.54022 67.76438 0.34204 36.60799 0.29680 0.08192 0.27173 0.34955 1515.917
2.400 0.53998 67.68161 0.34147 36.54692 0.29706 0.08166 0.27211 0.34917 1515.215
2.405 0.53974 67.59894 0.34090 36.48602 0.29733 0.08139 0.27250 0.34878 1514.514
2.410 0.53950 67.51637 0.34033 36.42530 0.29759 0.08112 0.27289 0.34840 1513.814
2.415 0.53927 67.43391 0.33977 36.36476 0.29786 0.08086 0.27327 0.34801 1513.114
2.420 0.53903 67.35156 0.33921 36.30439 0.29812 0.08060 0.27366 0.34762 1512.415
2.425 0.53879 67.26931 0.33864 36.24420 0.29839 0.08033 0.27405 0.34723 1511.716
2.430 0.53856 67.18717 0.33808 36.18419 0.29865 0.08007 0.27443 0.34685 1511.018
2.435 0.53832 67.10513 0.33752 36.12434 0.29891 0.07981 0.27482 0.34646 1510.320
2.440 0.53809 67.02320 0.33697 36.06467 0.29917 0.07955 0.27521 0.34607 1509.622
2.445 0.53786 66.94138 0.33641 36.00518 0.29944 0.07929 0.27559 0.34568 1508.925
2.450 0.53763 66.85966 0.33586 35.94585 0.29970 0.07903 0.27598 0.34529 1508.229
2.455 0.53740 66.77805 0.33530 35.88670 0.29996 0.07877 0.27637 0.34490 1507.533
2.460 0.53718 66.69655 0.33475 35.82772 0.30022 0.07851 0.27675 0.34451 1506.838
2.465 0.53695 66.61515 0.33420 35.76891 0.30048 0.07826 0.27714 0.34412 1506.143
2.470 0.53672 66.53386 0.33365 35.71027 0.30074 0.07800 0.27753 0.34373 1505.449
2.475 0.53650 66.45267 0.33311 35.65180 0.30100 0.07774 0.27791 0.34334 1504.755
2.480 0.53628 66.37159 0.33256 35.59349 0.30126 0.07749 0.27830 0.34295 1504.062
2.485 0.53605 66.29062 0.33202 35.53536 0.30152 0.07723 0.27868 0.34256 1503.369
2.490 0.53583 66.20975 0.33148 35.47739 0.30178 0.07698 0.27907 0.34217 1502.677
2.495 0.53561 66.12900 0.33094 35.41959 0.30204 0.07673 0.27946 0.34178 1501.985
2.500 0.53539 66.04834 0.33040 35.36195 0.30230 0.07648 0.27984 0.34139 1501.294
2.505 0.53518 65.96780 0.32986 35.30448 0.30255 0.07622 0.28023 0.34099 1500.603
2.510 0.53496 65.88736 0.32933 35.24718 0.30281 0.07597 0.28062 0.34060 1499.913
2.515 0.53475 65.80703 0.32879 35.19004 0.30307 0.07572 0.28100 0.34021 1499.223
2.520 0.53453 65.72681 0.32826 35.13306 0.30332 0.07547 0.28139 0.33982 1498.534
2.525 0.53432 65.64669 0.32773 35.07625 0.30358 0.07522 0.28177 0.33942 1497.845
2.530 0.53411 65.56668 0.32720 35.01960 0.30383 0.07497 0.28216 0.33903 1497.157
2.535 0.53390 65.48678 0.32667 34.96311 0.30409 0.07473 0.28255 0.33864 1496.470
2.540 0.53369 65.40699 0.32615 34.90678 0.30434 0.07448 0.28293 0.33824 1495.783
2.545 0.53348 65.32730 0.32562 34.85061 0.30460 0.07423 0.28332 0.33785 1495.096
2.550 0.53327 65.24772 0.32510 34.79461 0.30485 0.07399 0.28370 0.33746 1494.410
2.555 0.53306 65.16825 0.32458 34.73876 0.30511 0.07374 0.28409 0.33706 1493.725
2.560 0.53286 65.08889 0.32406 34.68308 0.30536 0.07350 0.28447 0.33667 1493.040
2.565 0.53265 65.00963 0.32354 34.62755 0.30561 0.07325 0.28486 0.33627 1492.355
2.570 0.53245 64.93049 0.32302 34.57218 0.30586 0.07301 0.28525 0.33588 1491.672
2.575 0.53225 64.85144 0.32250 34.51697 0.30612 0.07277 0.28563 0.33548 1490.988
2.580 0.53205 64.77251 0.32199 34.46191 0.30637 0.07253 0.28602 0.33509 1490.305
2.585 0.53184 64.69369 0.32148 34.40701 0.30662 0.07229 0.28640 0.33469 1489.623
2.590 0.53165 64.61497 0.32097 34.35227 0.30687 0.07204 0.28679 0.33430 1488.942
2.595 0.53145 64.53636 0.32046 34.29768 0.30712 0.07180 0.28717 0.33390 1488.260
2.600 0.53125 64.45786 0.31995 34.24325 0.30737 0.07157 0.28756 0.33351 1487.580
2.605 0.53105 64.37946 0.31944 34.18897 0.30762 0.07133 0.28794 0.33311 1486.900
2.610 0.53086 64.30118 0.31893 34.13485 0.30787 0.07109 0.28833 0.33271 1486.220
2.615 0.53066 64.22300 0.31843 34.08088 0.30812 0.07085 0.28871 0.33232 1485.541
2.620 0.53047 64.14493 0.31793 34.02706 0.30837 0.07062 0.28910 0.33192 1484.863
2.625 0.53028 64.06697 0.31743 33.97339 0.30861 0.07038 0.28948 0.33152 1484.185
2.630 0.53009 63.98911 0.31693 33.91988 0.30886 0.07014 0.28987 0.33113 1483.508
2.635 0.52990 63.91137 0.31643 33.86651 0.30911 0.06991 0.29025 0.33073 1482.831
2.640 0.52971 63.83373 0.31593 33.81330 0.30935 0.06968 0.29064 0.33033 1482.155
2.645 0.52952 63.75620 0.31543 33.76024 0.30960 0.06944 0.29102 0.32993 1481.479
2.650 0.52933 63.67878 0.31494 33.70733 0.30985 0.06921 0.29141 0.32954 1480.804
2.655 0.52915 63.60147 0.31445 33.65456 0.31009 0.06898 0.29179 0.32914 1480.129
2.660 0.52896 63.52426 0.31396 33.60195 0.31034 0.06875 0.29218 0.32874 1479.455
2.665 0.52878 63.44716 0.31346 33.54948 0.31058 0.06852 0.29256 0.32834 1478.782
2.670 0.52860 63.37017 0.31298 33.49716 0.31083 0.06829 0.29295 0.32794 1478.109
2.675 0.52841 63.29329 0.31249 33.44498 0.31107 0.06806 0.29333 0.32754 1477.436
2.680 0.52823 63.21652 0.31200 33.39296 0.31131 0.06783 0.29371 0.32715 1476.765
2.685 0.52805 63.13985 0.31152 33.34108 0.31156 0.06760 0.29410 0.32675 1476.093
2.690 0.52787 63.06329 0.31103 33.28934 0.31180 0.06737 0.29448 0.32635 1475.423
2.695 0.52769 62.98685 0.31055 33.23775 0.31204 0.06714 0.29487 0.32595 1474.753
2.700 0.52752 62.91050 0.31007 33.18630 0.31228 0.06692 0.29525 0.32555 1474.083
2.705 0.52734 62.83427 0.30959 33.13500 0.31252 0.06669 0.29564 0.32515 1473.414
2.710 0.52716 62.75815 0.30911 33.08384 0.31276 0.06647 0.29602 0.32475 1472.746
2.715 0.52699 62.68213 0.30864 33.03282 0.31300 0.06624 0.29640 0.32435 1472.078
2.720 0.52682 62.60622 0.30816 32.98195 0.31324 0.06602 0.29679 0.32395 1471.410
2.725 0.52664 62.53042 0.30769 32.93122 0.31348 0.06580 0.29717 0.32355 1470.744
2.730 0.52647 62.45473 0.30722 32.88063 0.31372 0.06557 0.29755 0.32315 1470.078
2.735 0.52630 62.37914 0.30674 32.83018 0.31396 0.06535 0.29794 0.32275 1469.412
2.740 0.52613 62.30366 0.30627 32.77987 0.31420 0.06513 0.29832 0.32235 1468.747
2.745 0.52596 62.22830 0.30581 32.72970 0.31444 0.06491 0.29870 0.32195 1468.082
2.750 0.52579 62.15304 0.30534 32.67967 0.31467 0.06469 0.29909 0.32155 1467.418
2.755 0.52563 62.07788 0.30487 32.62978 0.31491 0.06447 0.29947 0.32115 1466.755
2.760 0.52546 62.00284 0.30441 32.58003 0.31515 0.06425 0.29985 0.32075 1466.092
2.765 0.52529 61.92790 0.30394 32.53041 0.31538 0.06403 0.30024 0.32035 1465.430
2.770 0.52513 61.85307 0.30348 32.48093 0.31562 0.06382 0.30062 0.31994 1464.769
2.775 0.52497 61.77835 0.30302 32.43159 0.31586 0.06360 0.30100 0.31954 1464.107
2.780 0.52480 61.70374 0.30256 32.38239 0.31609 0.06338 0.30139 0.31914 1463.447
2.785 0.52464 61.62923 0.30210 32.33332 0.31632 0.06317 0.30177 0.31874 1462.787
2.790 0.52448 61.55483 0.30164 32.28439 0.31656 0.06295 0.30215 0.31834 1462.128
2.795 0.52432 61.48054 0.30119 32.23560 0.31679 0.06274 0.30253 0.31794 1461.469
2.800 0.52416 61.40636 0.30073 32.18693 0.31703 0.06252 0.30292 0.31754 1460.811
2.805 0.52400 61.33228 0.30028 32.13841 0.31726 0.06231 0.30330 0.31713 1460.153
2.810 0.52385 61.25832 0.29983 32.09001 0.31749 0.06210 0.30368 0.31673 1459.496
2.815 0.52369 61.18446 0.29938 32.04175 0.31772 0.06189 0.30406 0.31633 1458.840
2.820 0.52354 61.11070 0.29893 31.99363 0.31795 0.06167 0.30444 0.31593 1458.184
2.825 0.52338 61.03706 0.29848 31.94563 0.31818 0.06146 0.30483 0.31553 1457.529
2.830 0.52323 60.96352 0.29803 31.89777 0.31841 0.06125 0.30521 0.31512 1456.874
2.835 0.52307 60.89009 0.29759 31.85004 0.31865 0.06104 0.30559 0.31472 1456.220
2.840 0.52292 60.81677 0.29714 31.80244 0.31887 0.06083 0.30597 0.31432 1455.566
2.845 0.52277 60.74355 0.29670 31.75497 0.31910 0.06063 0.30635 0.31392 1454.913
2.850 0.52262 60.67045 0.29626 31.70763 0.31933 0.06042 0.30673 0.31351 1454.261
2.855 0.52247 60.59744 0.29581 31.66042 0.31956 0.06021 0.30712 0.31311 1453.609
2.860 0.52232 60.52455 0.29537 31.61334 0.31979 0.06000 0.30750 0.31271 1452.958
2.865 0.52217 60.45176 0.29494 31.56638 0.32002 0.05980 0.30788 0.31231 1452.307
2.870 0.52203 60.37909 0.29450 31.51956 0.32024 0.05959 0.30826 0.31190 1451.657
2.875 0.52188 60.30651 0.29406 31.47286 0.32047 0.05939 0.30864 0.31150 1451.007
2.880 0.52174 60.23405 0.29363 31.42630 0.32070 0.05918 0.30902 0.31110 1450.358
2.885 0.52159 60.16169 0.29319 31.37985 0.32092 0.05898 0.30940 0.31069 1449.710
2.890 0.52145 60.08944 0.29276 31.33354 0.32115 0.05878 0.30978 0.31029 1449.062
2.895 0.52131 60.01730 0.29233 31.28735 0.32137 0.05858 0.31016 0.30989 1448.415
2.900 0.52116 59.94526 0.29190 31.24129 0.32160 0.05837 0.31054 0.30949 1447.769
2.905 0.52102 59.87333 0.29147 31.19535 0.32182 0.05817 0.31092 0.30908 1447.123
2.910 0.52088 59.80150 0.29104 31.14954 0.32205 0.05797 0.31130 0.30868 1446.477
2.915 0.52074 59.72979 0.29061 31.10385 0.32227 0.05777 0.31168 0.30828 1445.832
2.920 0.52060 59.65818 0.29019 31.05829 0.32249 0.05757 0.31206 0.30787 1445.188
2.925 0.52047 59.58667 0.28976 31.01285 0.32271 0.05737 0.31244 0.30747 1444.545
2.930 0.52033 59.51527 0.28934 30.96753 0.32294 0.05717 0.31282 0.30707 1443.901
2.935 0.52019 59.44398 0.28892 30.92233 0.32316 0.05698 0.31320 0.30666 1443.259
2.940 0.52006 59.37280 0.28850 30.87726 0.32338 0.05678 0.31358 0.30626 1442.617
2.945 0.51992 59.30172 0.28808 30.83231 0.32360 0.05658 0.31396 0.30586 1441.976
2.950 0.51979 59.23075 0.28766 30.78748 0.32382 0.05639 0.31434 0.30545 1441.335
2.955 0.51966 59.15988 0.28724 30.74278 0.32404 0.05619 0.31472 0.30505 1440.695
2.960 0.51952 59.08912 0.28682 30.69819 0.32426 0.05600 0.31510 0.30465 1440.055
2.965 0.51939 59.01847 0.28641 30.65372 0.32448 0.05580 0.31548 0.30424 1439.417
2.970 0.51926 58.94792 0.28599 30.60938 0.32469 0.05561 0.31586 0.30384 1438.778
2.975 0.51913 58.87748 0.28558 30.56515 0.32491 0.05542 0.31624 0.30343 1438.140
2.980 0.51900 58.80714 0.28517 30.52104 0.32513 0.05522 0.31662 0.30303 1437.503
2.985 0.51887 58.73691 0.28476 30.47705 0.32535 0.05503 0.31699 0.30263 1436.867
2.990 0.51875 58.66678 0.28435 30.43318 0.32556 0.05484 0.31737 0.30222 1436.231
2.995 0.51862 58.59677 0.28394 30.38943 0.32578 0.05465 0.31775 0.30182 1435.595
3.000 0.51849 58.52685 0.28353 30.34579 0.32600 0.05446 0.31813 0.30142 1434.961
3.005 0.51837 58.45704 0.28313 30.30227 0.32621 0.05427 0.31851 0.30101 1434.326
3.010 0.51824 58.38734 0.28272 30.25887 0.32643 0.05408 0.31888 0.30061 1433.693
3.015 0.51812 58.31774 0.28232 30.21558 0.32664 0.05389 0.31926 0.30021 1433.060
3.020 0.51800 58.24825 0.28191 30.17241 0.32685 0.05370 0.31964 0.29980 1432.427
3.025 0.51787 58.17886 0.28151 30.12936 0.32707 0.05352 0.32002 0.29940 1431.795
3.030 0.51775 58.10958 0.28111 30.08642 0.32728 0.05333 0.32040 0.29900 1431.164
3.035 0.51763 58.04040 0.28071 30.04360 0.32749 0.05314 0.32077 0.29859 1430.534
3.040 0.51751 57.97133 0.28031 30.00088 0.32771 0.05296 0.32115 0.29819 1429.903
3.045 0.51739 57.90236 0.27991 29.95829 0.32792 0.05277 0.32153 0.29778 1429.274
3.050 0.51727 57.83350 0.27951 29.91581 0.32813 0.05259 0.32190 0.29738 1428.645
3.055 0.51716 57.76474 0.27912 29.87344 0.32834 0.05240 0.32228 0.29698 1428.017
3.060 0.51704 57.69609 0.27872 29.83118 0.32855 0.05222 0.32266 0.29657 1427.389
3.065 0.51692 57.62754 0.27833 29.78903 0.32876 0.05204 0.32303 0.29617 1426.762
3.070 0.51681 57.55910 0.27794 29.74700 0.32897 0.05185 0.32341 0.29577 1426.136
3.075 0.51669 57.49076 0.27755 29.70508 0.32918 0.05167 0.32379 0.29536 1425.510
3.080 0.51658 57.42252 0.27715 29.66327 0.32939 0.05149 0.32416 0.29496 1424.884
3.085 0.51647 57.35439 0.27677 29.62157 0.32959 0.05131 0.32454 0.29456 1424.260
3.090 0.51635 57.28636 0.27638 29.57998 0.32980 0.05113 0.32491 0.29415 1423.636
3.095 0.51624 57.21844 0.27599 29.53850 0.33001 0.05095 0.32529 0.29375 1423.012
3.100 0.51613 57.15062 0.27560 29.49714 0.33022 0.05077 0.32567 0.29335 1422.389
3.105 0.51602 57.08290 0.27522 29.45588 0.33042 0.05059 0.32604 0.29294 1421.767
3.110 0.51591 57.01529 0.27483 29.41473 0.33063 0.05041 0.32642 0.29254 1421.145
3.115 0.51580 56.94778 0.27445 29.37369 0.33083 0.05024 0.32679 0.29214 1420.524
3.120 0.51569 56.88038 0.27407 29.33275 0.33104 0.05006 0.32717 0.29174 1419.904
3.125 0.51558 56.81308 0.27369 29.29193 0.33124 0.04988 0.32754 0.29133 1419.284
3.130 0.51548 56.74588 0.27330 29.25121 0.33145 0.04971 0.32792 0.29093 1418.664
3.135 0.51537 56.67879 0.27293 29.21060 0.33165 0.04953 0.32829 0.29053 1418.045
3.140 0.51527 56.61179 0.27255 29.17010 0.33185 0.04936 0.32867 0.29012 1417.427
3.145 0.51516 56.54491 0.27217 29.12970 0.33206 0.04918 0.32904 0.28972 1416.810
3.150 0.51506 56.47812 0.27179 29.08941 0.33226 0.04901 0.32941 0.28932 1416.193
3.155 0.51495 56.41144 0.27142 29.04922 0.33246 0.04883 0.32979 0.28892 1415.577
3.160 0.51485 56.34486 0.27104 29.00914 0.33266 0.04866 0.33016 0.28851 1414.961
3.165 0.51475 56.27838 0.27067 28.96917 0.33286 0.04849 0.33054 0.28811 1414.346
3.170 0.51465 56.21201 0.27030 28.92930 0.33306 0.04832 0.33091 0.28771 1413.731
3.175 0.51455 56.14574 0.26993 28.88953 0.33326 0.04815 0.33128 0.28731 1413.117
3.180 0.51445 56.07957 0.26955 28.84987 0.33346 0.04798 0.33166 0.28690 1412.504
3.185 0.51435 56.01350 0.26919 28.81031 0.33366 0.04781 0.33203 0.28650 1411.891
3.190 0.51425 55.94754 0.26882 28.77086 0.33386 0.04764 0.33240 0.28610 1411.279
3.195 0.51415 55.88167 0.26845 28.73151 0.33406 0.04747 0.33278 0.28570 1410.667
3.200 0.51405 55.81591 0.26808 28.69226 0.33426 0.04730 0.33315 0.28530 1410.056
3.205 0.51395 55.75025 0.26772 28.65311 0.33446 0.04713 0.33352 0.28489 1409.446
3.210 0.51386 55.68470 0.26735 28.61407 0.33465 0.04696 0.33389 0.28449 1408.836
3.215 0.51376 55.61924 0.26699 28.57512 0.33485 0.04680 0.33427 0.28409 1408.227
3.220 0.51367 55.55389 0.26662 28.53628 0.33505 0.04663 0.33464 0.28369 1407.618
3.225 0.51357 55.48864 0.26626 28.49754 0.33524 0.04646 0.33501 0.28329 1407.010
3.230 0.51348 55.42349 0.26590 28.45890 0.33544 0.04630 0.33538 0.28289 1406.403
3.235 0.51339 55.35844 0.26554 28.42036 0.33563 0.04613 0.33575 0.28248 1405.796
3.240 0.51330 55.29349 0.26518 28.38192 0.33582 0.04597 0.33612 0.28208 1405.190
3.245 0.51320 55.22864 0.26482 28.34358 0.33602 0.04580 0.33650 0.28168 1404.584
3.250 0.51311 55.16390 0.26447 28.30534 0.33621 0.04564 0.33687 0.28128 1403.979
3.255 0.51302 55.09925 0.26411 28.26720 0.33640 0.04548 0.33724 0.28088 1403.375
3.260 0.51293 55.03471 0.26376 28.22915 0.33660 0.04532 0.33761 0.28048 1402.771
3.265 0.51284 54.97027 0.26340 28.19121 0.33679 0.04515 0.33798 0.28008 1402.168
3.270 0.51276 54.90592 0.26305 28.15336 0.33698 0.04499 0.33835 0.27968 1401.565
3.275 0.51267 54.84168 0.26269 28.11561 0.33717 0.04483 0.33872 0.27928 1400.963
3.280 0.51258 54.77754 0.26234 28.07796 0.33736 0.04467 0.33909 0.27888 1400.362
3.285 0.51250 54.71350 0.26199 28.04040 0.33755 0.04451 0.33946 0.27848 1399.761
3.290 0.51241 54.64956 0.26164 28.00294 0.33774 0.04435 0.33983 0.27808 1399.161
3.295 0.51232 54.58571 0.26129 27.96558 0.33793 0.04419 0.34020 0.27768 1398.561
3.300 0.51224 54.52197 0.26094 27.92832 0.33812 0.04403 0.34057 0.27728 1397.962
3.305 0.51216 54.45833 0.26060 27.89115 0.33831 0.04388 0.34094 0.27688 1397.364
3.310 0.51207 54.39479 0.26025 27.85407 0.33850 0.04372 0.34131 0.27648 1396.766
3.315 0.51199 54.33135 0.25991 27.81709 0.33868 0.04356 0.34168 0.27608 1396.168
3.320 0.51191 54.26800 0.25956 27.78020 0.33887 0.04341 0.34205 0.27568 1395.572
3.325 0.51183 54.20476 0.25922 27.74341 0.33906 0.04325 0.34242 0.27528 1394.976
3.330 0.51175 54.14162 0.25887 27.70672 0.33924 0.04309 0.34279 0.27488 1394.380
3.335 0.51167 54.07857 0.25853 27.67011 0.33943 0.04294 0.34315 0.27448 1393.785
3.340 0.51159 54.01563 0.25819 27.63360 0.33961 0.04278 0.34352 0.27408 1393.191
3.345 0.51151 53.95278 0.25785 27.59719 0.33980 0.04263 0.34389 0.27368 1392.597
3.350 0.51143 53.89003 0.25751 27.56087 0.33998 0.04248 0.34426 0.27328 1392.004
3.355 0.51135 53.82738 0.25717 27.52463 0.34017 0.04232 0.34463 0.27288 1391.412
3.360 0.51127 53.76483 0.25684 27.48850 0.34035 0.04217 0.34499 0.27249 1390.820
3.365 0.51120 53.70238 0.25650 27.45245 0.34053 0.04202 0.34536 0.27209 1390.229
3.370 0.51112 53.64002 0.25616 27.41650 0.34072 0.04187 0.34573 0.27169 1389.638
3.375 0.51104 53.57777 0.25583 27.38063 0.34090 0.04172 0.34610 0.27129 1389.048
3.380 0.51097 53.51561 0.25549 27.34486 0.34108 0.04157 0.34646 0.27089 1388.458
3.385 0.51090 53.45355 0.25516 27.30918 0.34126 0.04142 0.34683 0.27049 1387.869
3.390 0.51082 53.39159 0.25483 27.27359 0.34144 0.04127 0.34720 0.27010 1387.281
3.395 0.51075 53.32972 0.25450 27.23809 0.34162 0.04112 0.34756 0.26970 1386.693
3.400 0.51068 53.26796 0.25416 27.20268 0.34180 0.04097 0.34793 0.26930 1386.106
3.405 0.51060 53.20629 0.25383 27.16736 0.34198 0.04082 0.34830 0.26891 1385.520
3.410 0.51053 53.14471 0.25351 27.13212 0.34216 0.04067 0.34866 0.26851 1384.934
3.415 0.51046 53.08324 0.25318 27.09698 0.34234 0.04052 0.34903 0.26811 1384.348
3.420 0.51039 53.02186 0.25285 27.06193 0.34251 0.04038 0.34939 0.26772 1383.764
3.425 0.51032 52.96058 0.25252 27.02696 0.34269 0.04023 0.34976 0.26732 1383.179
3.430 0.51025 52.89940 0.25220 26.99208 0.34287 0.04009 0.35012 0.26692 1382.596
3.435 0.51018 52.83831 0.25187 26.95729 0.34305 0.03994 0.35049 0.26653 1382.013
3.440 0.51012 52.77732 0.25155 26.92259 0.34322 0.03979 0.35085 0.26613 1381.430
3.445 0.51005 52.71643 0.25122 26.88798 0.34340 0.03965 0.35122 0.26573 1380.849
3.450 0.50998 52.65563 0.25090 26.85345 0.34357 0.03951 0.35158 0.26534 1380.267
3.455 0.50992 52.59493 0.25058 26.81901 0.34375 0.03936 0.35195 0.26494 1379.687
3.460 0.50985 52.53433 0.25026 26.78465 0.34392 0.03922 0.35231 0.26455 1379.107
3.465 0.50979 52.47382 0.24994 26.75039 0.34409 0.03908 0.35268 0.26415 1378.527
3.470 0.50972 52.41341 0.24962 26.71620 0.34427 0.03893 0.35304 0.26376 1377.949
3.475 0.50966 52.35309 0.24930 26.68211 0.34444 0.03879 0.35340 0.26336 1377.370
3.480 0.50959 52.29287 0.24898 26.64809 0.34461 0.03865 0.35377 0.26297 1376.793
3.485 0.50953 52.23275 0.24867 26.61417 0.34479 0.03851 0.35413 0.26257 1376.215
3.490 0.50947 52.17272 0.24835 26.58033 0.34496 0.03837 0.35449 0.26218 1375.639
3.495 0.50941 52.11279 0.24803 26.54657 0.34513 0.03823 0.35486 0.26179 1375.063
3.500 0.50934 52.05295 0.24772 26.51289 0.34530 0.03809 0.35522 0.26139 1374.488
3.505 0.50928 51.99320 0.24741 26.47931 0.34547 0.03795 0.35558 0.26100 1373.913
3.510 0.50922 51.93356 0.24709 26.44580 0.34564 0.03781 0.35594 0.26060 1373.339
3.515 0.50916 51.87400 0.24678 26.41238 0.34581 0.03767 0.35631 0.26021 1372.765
3.520 0.50910 51.81454 0.24647 26.37904 0.34598 0.03754 0.35667 0.25982 1372.192
3.525 0.50905 51.75518 0.24616 26.34578 0.34615 0.03740 0.35703 0.25943 1371.620
3.530 0.50899 51.69591 0.24585 26.31261 0.34631 0.03726 0.35739 0.25903 1371.048
3.535 0.50893 51.63673 0.24554 26.27952 0.34648 0.03713 0.35775 0.25864 1370.477
3.540 0.50887 51.57765 0.24523 26.24651 0.34665 0.03699 0.35811 0.25825 1369.907
3.545 0.50882 51.51867 0.24492 26.21358 0.34681 0.03686 0.35848 0.25786 1369.337
3.550 0.50876 51.45977 0.24462 26.18074 0.34698 0.03672 0.35884 0.25746 1368.767
3.555 0.50871 51.40097 0.24431 26.14797 0.34715 0.03659 0.35920 0.25707 1368.198
3.560 0.50865 51.34227 0.24400 26.11529 0.34731 0.03645 0.35956 0.25668 1367.630
3.565 0.50860 51.28366 0.24370 26.08268 0.34748 0.03632 0.35992 0.25629 1367.062
3.570 0.50854 51.22514 0.24340 26.05016 0.34764 0.03618 0.36028 0.25590 1366.495
3.575 0.50849 51.16671 0.24309 26.01772 0.34780 0.03605 0.36064 0.25551 1365.929
3.580 0.50844 51.10838 0.24279 25.98536 0.34797 0.03592 0.36100 0.25512 1365.363
3.585 0.50838 51.05014 0.24249 25.95307 0.34813 0.03579 0.36136 0.25473 1364.797
3.590 0.50833 50.99200 0.24219 25.92087 0.34829 0.03566 0.36172 0.25434 1364.233
3.595 0.50828 50.93395 0.24189 25.88875 0.34845 0.03552 0.36208 0.25395 1363.669
3.600 0.50823 50.87599 0.24159 25.85670 0.34862 0.03539 0.36243 0.25356 1363.105
3.605 0.50818 50.81812 0.24129 25.82474 0.34878 0.03526 0.36279 0.25317 1362.542
3.610 0.50813 50.76034 0.24099 25.79285 0.34894 0.03513 0.36315 0.25278 1361.980
3.615 0.50808 50.70266 0.24069 25.76104 0.34910 0.03500 0.36351 0.25239 1361.418
3.620 0.50803 50.64507 0.24040 25.72931 0.34926 0.03488 0.36387 0.25200 1360.857
3.625 0.50798 50.58757 0.24010 25.69765 0.34942 0.03475 0.36423 0.25161 1360.296
3.630 0.50794 50.53017 0.23981 25.66608 0.34958 0.03462 0.36459 0.25122 1359.736
3.635 0.50789 50.47285 0.23951 25.63458 0.34973 0.03449 0.36494 0.25083 1359.176
3.640 0.50784 50.41563 0.23922 25.60315 0.34989 0.03436 0.36530 0.25044 1358.617
3.645 0.50780 50.35850 0.23893 25.57181 0.35005 0.03424 0.36566 0.25006 1358.059
3.650 0.50775 50.30146 0.23863 25.54054 0.35021 0.03411 0.36601 0.24967 1357.501
3.655 0.50770 50.24451 0.23834 25.50934 0.35036 0.03398 0.36637 0.24928 1356.944
3.660 0.50766 50.18766 0.23805 25.47823 0.35052 0.03386 0.36673 0.24889 1356.387
3.665 0.50761 50.13089 0.23776 25.44718 0.35068 0.03373 0.36708 0.24851 1355.831
3.670 0.50757 50.07422 0.23747 25.41622 0.35083 0.03361 0.36744 0.24812 1355.276
3.675 0.50753 50.01763 0.23718 25.38533 0.35099 0.03348 0.36780 0.24773 1354.721
3.680 0.50748 49.96114 0.23690 25.35451 0.35114 0.03336 0.36815 0.24735 1354.167
3.685 0.50744 49.90474 0.23661 25.32377 0.35129 0.03324 0.36851 0.24696 1353.613
3.690 0.50740 49.84843 0.23632 25.29310 0.35145 0.03311 0.36886 0.24658 1353.060
3.695 0.50736 49.79220 0.23604 25.26251 0.35160 0.03299 0.36922 0.24619 1352.508
3.700 0.50732 49.73607 0.23575 25.23199 0.35175 0.03287 0.36957 0.24581 1351.956
3.705 0.50728 49.68003 0.23547 25.20155 0.35190 0.03275 0.36993 0.24542 1351.404
3.710 0.50724 49.62408 0.23518 25.17117 0.35206 0.03262 0.37028 0.24504 1350.853
3.715 0.50720 49.56822 0.23490 25.14088 0.35221 0.03250 0.37064 0.24465 1350.303
3.720 0.50716 49.51244 0.23462 25.11065 0.35236 0.03238 0.37099 0.24427 1349.753
3.725 0.50712 49.45676 0.23434 25.08050 0.35251 0.03226 0.37135 0.24388 1349.204
3.730 0.50708 49.40117 0.23406 25.05042 0.35266 0.03214 0.37170 0.24350 1348.656
3.735 0.50704 49.34566 0.23377 25.02041 0.35281 0.03202 0.37205 0.24311 1348.108
3.740 0.50701 49.29025 0.23350 24.99048 0.35296 0.03190 0.37241 0.24273 1347.560
3.745 0.50697 49.23492 0.23322 24.96061 0.35311 0.03178 0.37276 0.24235 1347.014
3.750 0.50693 49.17969 0.23294 24.93082 0.35325 0.03167 0.37311 0.24197 1346.467
3.755 0.50690 49.12454 0.23266 24.90110 0.35340 0.03155 0.37347 0.24158 1345.922
3.760 0.50686 49.06948 0.23238 24.87145 0.35355 0.03143 0.37382 0.24120 1345.377
3.765 0.50683 49.01451 0.23211 24.84188 0.35370 0.03131 0.37417 0.24082 1344.832
3.770 0.50679 48.95962 0.23183 24.81237 0.35384 0.03120 0.37452 0.24044 1344.288
3.775 0.50676 48.90483 0.23156 24.78293 0.35399 0.03108 0.37488 0.24006 1343.745
3.780 0.50672 48.85012 0.23128 24.75357 0.35413 0.03096 0.37523 0.23967 1343.202
3.785 0.50669 48.79550 0.23101 24.72427 0.35428 0.03085 0.37558 0.23929 1342.660
3.790 0.50666 48.74097 0.23073 24.69505 0.35442 0.03073 0.37593 0.23891 1342.118
3.795 0.50663 48.68653 0.23046 24.66589 0.35457 0.03062 0.37628 0.23853 1341.577
3.800 0.50659 48.63217 0.23019 24.63680 0.35471 0.03050 0.37663 0.23815 1341.037
3.805 0.50656 48.57791 0.22992 24.60778 0.35485 0.03039 0.37698 0.23777 1340.497
3.810 0.50653 48.52373 0.22965 24.57884 0.35500 0.03028 0.37734 0.23739 1339.957
3.815 0.50650 48.46963 0.22938 24.54996 0.35514 0.03016 0.37769 0.23701 1339.419
3.820 0.50647 48.41563 0.22911 24.52114 0.35528 0.03005 0.37804 0.23663 1338.880
3.825 0.50644 48.36171 0.22884 24.49240 0.35542 0.02994 0.37839 0.23626 1338.343
3.830 0.50641 48.30787 0.22857 24.46373 0.35556 0.02983 0.37874 0.23588 1337.806
3.835 0.50638 48.25413 0.22831 24.43512 0.35570 0.02971 0.37909 0.23550 1337.269
3.840 0.50636 48.20047 0.22804 24.40658 0.35584 0.02960 0.37943 0.23512 1336.733
3.845 0.50633 48.14689 0.22777 24.37811 0.35598 0.02949 0.37978 0.23474 1336.198
3.850 0.50630 48.09341 0.22751 24.34970 0.35612 0.02938 0.38013 0.23437 1335.663
3.855 0.50627 48.04001 0.22724 24.32137 0.35626 0.02927 0.38048 0.23399 1335.128
3.860 0.50625 47.98669 0.22698 24.29310 0.35640 0.02916 0.38083 0.23361 1334.595
3.865 0.50622 47.93346 0.22672 24.26489 0.35654 0.02905 0.38118 0.23323 1334.062
3.870 0.50619 47.88032 0.22645 24.23676 0.35667 0.02894 0.38153 0.23286 1333.529
3.875 0.50617 47.82726 0.22619 24.20868 0.35681 0.02883 0.38187 0.23248 1332.997
3.880 0.50614 47.77429 0.22593 24.18068 0.35695 0.02872 0.38222 0.23211 1332.466
3.885 0.50612 47.72140 0.22567 24.15274 0.35708 0.02862 0.38257 0.23173 1331.935
3.890 0.50610 47.66860 0.22541 24.12487 0.35722 0.02851 0.38292 0.23136 1331.404
3.895 0.50607 47.61588 0.22515 24.09706 0.35735 0.02840 0.38326 0.23098 1330.875
3.900 0.50605 47.56325 0.22489 24.06932 0.35749 0.02829 0.38361 0.23061 1330.345
3.905 0.50603 47.51071 0.22463 24.04164 0.35762 0.02819 0.38396 0.23023 1329.817
3.910 0.50600 47.45824 0.22437 24.01402 0.35776 0.02808 0.38430 0.22986 1329.289
3.915 0.50598 47.40587 0.22411 23.98648 0.35789 0.02798 0.38465 0.22948 1328.761
3.920 0.50596 47.35357 0.22386 23.95899 0.35802 0.02787 0.38500 0.22911 1328.234
3.925 0.50594 47.30136 0.22360 23.93157 0.35816 0.02777 0.38534 0.22874 1327.708
3.930 0.50592 47.24924 0.22335 23.90421 0.35829 0.02766 0.38569 0.22837 1327.182
3.935 0.50590 47.19720 0.22309 23.87692 0.35842 0.02756 0.38603 0.22799 1326.656
3.940 0.50588 47.14524 0.22284 23.84969 0.35855 0.02745 0.38638 0.22762 1326.132
3.945 0.50586 47.09337 0.22258 23.82253 0.35868 0.02735 0.38672 0.22725 1325.608
3.950 0.50584 47.04158 0.22233 23.79543 0.35881 0.02724 0.38707 0.22688 1325.084
3.955 0.50582 46.98987 0.22208 23.76839 0.35894 0.02714 0.38741 0.22651 1324.561
3.960 0.50580 46.93825 0.22182 23.74141 0.35907 0.02704 0.38776 0.22613 1324.038
3.965 0.50578 46.88671 0.22157 23.71450 0.35920 0.02694 0.38810 0.22576 1323.516
3.970 0.50577 46.83525 0.22132 23.68765 0.35933 0.02683 0.38844 0.22539 1322.995
3.975 0.50575 46.78388 0.22107 23.66086 0.35946 0.02673 0.38879 0.22502 1322.474
3.980 0.50573 46.73259 0.22082 23.63413 0.35958 0.02663 0.38913 0.22465 1321.954
3.985 0.50571 46.68138 0.22057 23.60746 0.35971 0.02653 0.38947 0.22428 1321.434
3.990 0.50570 46.63026 0.22032 23.58086 0.35984 0.02643 0.38982 0.22391 1320.915
3.995 0.50568 46.57921 0.22008 23.55432 0.35997 0.02633 0.39016 0.22355 1320.396
4.000 0.50567 46.52825 0.21983 23.52784 0.36009 0.02623 0.39050 0.22318 1319.878
4.005 0.50565 46.47738 0.21958 23.50142 0.36022 0.02613 0.39084 0.22281 1319.360
4.010 0.50564 46.42658 0.21934 23.47506 0.36034 0.02603 0.39119 0.22244 1318.843
4.015 0.50562 46.37587 0.21909 23.44876 0.36047 0.02593 0.39153 0.22207 1318.327
4.020 0.50561 46.32523 0.21885 23.42252 0.36059 0.02583 0.39187 0.22171 1317.811
4.025 0.50560 46.27468 0.21860 23.39634 0.36071 0.02574 0.39221 0.22134 1317.296
4.030 0.50558 46.22421 0.21836 23.37023 0.36084 0.02564 0.39255 0.22097 1316.781
4.035 0.50557 46.17382 0.21811 23.34417 0.36096 0.02554 0.39289 0.22061 1316.267
4.040 0.50556 46.12352 0.21787 23.31817 0.36108 0.02544 0.39323 0.22024 1315.753
4.045 0.50555 46.07329 0.21763 23.29223 0.36121 0.02535 0.39357 0.21987 1315.240
4.050 0.50554 46.02315 0.21739 23.26635 0.36133 0.02525 0.39391 0.21951 1314.727
4.055 0.50552 45.97308 0.21714 23.24053 0.36145 0.02515 0.39425 0.21914 1314.215
4.060 0.50551 45.92310 0.21690 23.21477 0.36157 0.02506 0.39459 0.21878 1313.704
4.065 0.50550 45.87320 0.21666 23.18907 0.36169 0.02496 0.39493 0.21841 1313.193
4.070 0.50549 45.82338 0.21642 23.16343 0.36181 0.02487 0.39527 0.21805 1312.682
4.075 0.50548 45.77363 0.21619 23.13784 0.36193 0.02477 0.39561 0.21769 1312.172
4.080 0.50547 45.72397 0.21595 23.11232 0.36205 0.02468 0.39595 0.21732 1311.663
4.085 0.50547 45.67439 0.21571 23.08685 0.36217 0.02458 0.39629 0.21696 1311.154
4.090 0.50546 45.62489 0.21547 23.06144 0.36228 0.02449 0.39663 0.21660 1310.646
4.095 0.50545 45.57547 0.21523 23.03608 0.36240 0.02440 0.39697 0.21623 1310.138
4.100 0.50544 45.52613 0.21500 23.01079 0.36252 0.02430 0.39730 0.21587 1309.631
4.105 0.50543 45.47687 0.21476 22.98555 0.36264 0.02421 0.39764 0.21551 1309.124
4.110 0.50543 45.42768 0.21453 22.96037 0.36275 0.02412 0.39798 0.21515 1308.618
4.115 0.50542 45.37858 0.21429 22.93525 0.36287 0.02403 0.39832 0.21479 1308.113
4.120 0.50541 45.32955 0.21406 22.91018 0.36298 0.02393 0.39865 0.21443 1307.608
4.125 0.50541 45.28061 0.21382 22.88517 0.36310 0.02384 0.39899 0.21407 1307.103
4.130 0.50540 45.23174 0.21359 22.86022 0.36321 0.02375 0.39933 0.21371 1306.599
4.135 0.50540 45.18296 0.21336 22.83532 0.36333 0.02366 0.39966 0.21335 1306.096
4.140 0.50539 45.13425 0.21313 22.81048 0.36344 0.02357 0.40000 0.21299 1305.593
4.145 0.50539 45.08562 0.21290 22.78569 0.36356 0.02348 0.40034 0.21263 1305.091
4.150 0.50538 45.03706 0.21266 22.76096 0.36367 0.02339 0.40067 0.21227 1304.589
4.155 0.50538 44.98859 0.21243 22.73629 0.36378 0.02330 0.40101 0.21191 1304.088
4.160 0.50538 44.94019 0.21220 22.71167 0.36389 0.02321 0.40134 0.21155 1303.587
4.165 0.50537 44.89188 0.21197 22.68711 0.36401 0.02312 0.40168 0.21119 1303.087
4.170 0.50537 44.84364 0.21174 22.66260 0.36412 0.02303 0.40201 0.21084 1302.587
4.175 0.50537 44.79547 0.21152 22.63815 0.36423 0.02294 0.40235 0.21048 1302.088
4.180 0.50536 44.74739 0.21129 22.61375 0.36434 0.02286 0.40268 0.21012 1301.590
4.185 0.50536 44.69938 0.21106 22.58941 0.36445 0.02277 0.40302 0.20977 1301.091
4.190 0.50536 44.65145 0.21083 22.56512 0.36456 0.02268 0.40335 0.20941 1300.594
4.195 0.50536 44.60360 0.21061 22.54088 0.36467 0.02259 0.40368 0.20905 1300.097
4.200 0.50536 44.55583 0.21038 22.51670 0.36478 0.02251 0.40402 0.20870 1299.601
4.205 0.50536 44.50813 0.21016 22.49258 0.36488 0.02242 0.40435 0.20834 1299.105
4.210 0.50536 44.46051 0.20993 22.46850 0.36499 0.02233 0.40468 0.20799 1298.609
4.215 0.50536 44.41296 0.20971 22.44449 0.36510 0.02225 0.40502 0.20763 1298.114
4.220 0.50536 44.36549 0.20948 22.42052 0.36521 0.02216 0.40535 0.20728 1297.620
4.225 0.50536 44.31810 0.20926 22.39661 0.36531 0.02208 0.40568 0.20693 1297.126
4.230 0.50536 44.27079 0.20904 22.37275 0.36542 0.02199 0.40601 0.20657 1296.633
4.235 0.50536 44.22355 0.20881 22.34894 0.36553 0.02191 0.40635 0.20622 1296.140
4.240 0.50536 44.17638 0.20859 22.32519 0.36563 0.02182 0.40668 0.20587 1295.648
4.245 0.50537 44.12930 0.20837 22.30149 0.36574 0.02174 0.40701 0.20552 1295.156
4.250 0.50537 44.08228 0.20815 22.27784 0.36584 0.02166 0.40734 0.20516 1294.665
4.255 0.50537 44.03535 0.20793 22.25425 0.36595 0.02157 0.40767 0.20481 1294.175
4.260 0.50538 43.98849 0.20771 22.23070 0.36605 0.02149 0.40800 0.20446 1293.684
4.265 0.50538 43.94170 0.20749 22.20721 0.36615 0.02141 0.40833 0.20411 1293.195
4.270 0.50538 43.89499 0.20727 22.18377 0.36626 0.02132 0.40866 0.20376 1292.706
4.275 0.50539 43.84836 0.20705 22.16038 0.36636 0.02124 0.40899 0.20341 1292.217
4.280 0.50539 43.80180 0.20683 22.13705 0.36646 0.02116 0.40932 0.20306 1291.729
4.285 0.50540 43.75532 0.20662 22.11376 0.36656 0.02108 0.40965 0.20271 1291.242
4.290 0.50540 43.70891 0.20640 22.09053 0.36666 0.02100 0.40998 0.20236 1290.755
4.295 0.50541 43.66257 0.20618 22.06735 0.36676 0.02091 0.41031 0.20201 1290.268
4.300 0.50541 43.61631 0.20597 22.04422 0.36686 0.02083 0.41064 0.20166 1289.782
4.305 0.50542 43.57013 0.20575 22.02113 0.36696 0.02075 0.41097 0.20132 1289.297
4.310 0.50542 43.52401 0.20554 21.99810 0.36706 0.02067 0.41130 0.20097 1288.812
4.315 0.50543 43.47798 0.20532 21.97512 0.36716 0.02059 0.41162 0.20062 1288.328
4.320 0.50544 43.43201 0.20511 21.95220 0.36726 0.02051 0.41195 0.20027 1287.844
4.325 0.50545 43.38612 0.20489 21.92932 0.36736 0.02043 0.41228 0.19993 1287.361
4.330 0.50545 43.34031 0.20468 21.90649 0.36746 0.02035 0.41261 0.19958 1286.878
4.335 0.50546 43.29456 0.20447 21.88371 0.36756 0.02027 0.41293 0.19923 1286.395
4.340 0.50547 43.24890 0.20426 21.86098 0.36765 0.02020 0.41326 0.19889 1285.914
4.345 0.50548 43.20330 0.20404 21.83830 0.36775 0.02012 0.41359 0.19854 1285.432
4.350 0.50549 43.15778 0.20383 21.81567 0.36785 0.02004 0.41392 0.19820 1284.952
4.355 0.50550 43.11233 0.20362 21.79309 0.36794 0.01996 0.41424 0.19785 1284.471
4.360 0.50550 43.06695 0.20341 21.77055 0.36804 0.01988 0.41457 0.19751 1283.992
4.365 0.50551 43.02165 0.20320 21.74807 0.36813 0.01981 0.41489 0.19717 1283.513
4.370 0.50552 42.97642 0.20299 21.72564 0.36823 0.01973 0.41522 0.19682 1283.034
4.375 0.50553 42.93126 0.20278 21.70325 0.36832 0.01965 0.41554 0.19648 1282.556
4.380 0.50555 42.88618 0.20257 21.68091 0.36841 0.01958 0.41587 0.19614 1282.078
4.385 0.50556 42.84117 0.20236 21.65862 0.36851 0.01950 0.41619 0.19580 1281.601
4.390 0.50557 42.79623 0.20216 21.63638 0.36860 0.01943 0.41652 0.19545 1281.124
4.395 0.50558 42.75136 0.20195 21.61419 0.36869 0.01935 0.41684 0.19511 1280.648
4.400 0.50559 42.70656 0.20174 21.59205 0.36879 0.01927 0.41717 0.19477 1280.172
4.405 0.50560 42.66184 0.20154 21.56995 0.36888 0.01920 0.41749 0.19443 1279.697
4.410 0.50562 42.61719 0.20133 21.54790 0.36897 0.01912 0.41782 0.19409 1279.223
4.415 0.50563 42.57260 0.20112 21.52590 0.36906 0.01905 0.41814 0.19375 1278.749
4.420 0.50564 42.52810 0.20092 21.50395 0.36915 0.01898 0.41846 0.19341 1278.275
4.425 0.50565 42.48366 0.20071 21.48204 0.36924 0.01890 0.41879 0.19307 1277.802
4.430 0.50567 42.43929 0.20051 21.46018 0.36933 0.01883 0.41911 0.19273 1277.329
4.435 0.50568 42.39500 0.20031 21.43837 0.36942 0.01875 0.41943 0.19239 1276.857
4.440 0.50570 42.35077 0.20010 21.41660 0.36951 0.01868 0.41975 0.19206 1276.386
4.445 0.50571 42.30662 0.19990 21.39488 0.36960 0.01861 0.42008 0.19172 1275.915
4.450 0.50572 42.26253 0.19970 21.37321 0.36969 0.01854 0.42040 0.19138 1275.444
4.455 0.50574 42.21852 0.19950 21.35158 0.36977 0.01846 0.42072 0.19104 1274.974
4.460 0.50575 42.17458 0.19929 21.33000 0.36986 0.01839 0.42104 0.19071 1274.505
4.465 0.50577 42.13071 0.19909 21.30847 0.36995 0.01832 0.42136 0.19037 1274.036
4.470 0.50579 42.08691 0.19889 21.28698 0.37003 0.01825 0.42168 0.19003 1273.567
4.475 0.50580 42.04318 0.19869 21.26554 0.37012 0.01818 0.42200 0.18970 1273.099
4.480 0.50582 41.99952 0.19849 21.24414 0.37021 0.01811 0.42232 0.18936 1272.631
4.485 0.50584 41.95593 0.19829 21.22279 0.37029 0.01803 0.42264 0.18903 1272.164
4.490 0.50585 41.91241 0.19809 21.20149 0.37038 0.01796 0.42296 0.18869 1271.698
4.495 0.50587 41.86895 0.19789 21.18023 0.37046 0.01789 0.42328 0.18836 1271.232
4.500 0.50589 41.82557 0.19770 21.15901 0.37055 0.01782 0.42360 0.18803 1270.766
4.505 0.50590 41.78226 0.19750 21.13784 0.37063 0.01775 0.42392 0.18769 1270.301
4.510 0.50592 41.73902 0.19730 21.11672 0.37071 0.01768 0.42424 0.18736 1269.837
4.515 0.50594 41.69584 0.19710 21.09564 0.37080 0.01762 0.42456 0.18703 1269.373
4.520 0.50596 41.65274 0.19691 21.07460 0.37088 0.01755 0.42488 0.18670 1268.909
4.525 0.50598 41.60970 0.19671 21.05361 0.37096 0.01748 0.42520 0.18636 1268.446
4.530 0.50600 41.56674 0.19652 21.03266 0.37104 0.01741 0.42552 0.18603 1267.984
4.535 0.50602 41.52384 0.19632 21.01176 0.37112 0.01734 0.42583 0.18570 1267.522
4.540 0.50604 41.48101 0.19613 20.99090 0.37120 0.01727 0.42615 0.18537 1267.060
4.545 0.50606 41.43825 0.19593 20.97009 0.37128 0.01720 0.42647 0.18504 1266.599
4.550 0.50608 41.39555 0.19574 20.94932 0.37136 0.01714 0.42679 0.18471 1266.138
4.555 0.50610 41.35293 0.19554 20.92859 0.37144 0.01707 0.42710 0.18438 1265.678
4.560 0.50612 41.31037 0.19535 20.90791 0.37152 0.01700 0.42742 0.18405 1265.219
4.565 0.50614 41.26788 0.19516 20.88727 0.37160 0.01694 0.42774 0.18372 1264.760
4.570 0.50616 41.22546 0.19496 20.86667 0.37168 0.01687 0.42805 0.18340 1264.301
4.575 0.50618 41.18311 0.19477 20.84612 0.37176 0.01680 0.42837 0.18307 1263.843
4.580 0.50620 41.14082 0.19458 20.82561 0.37184 0.01674 0.42868 0.18274 1263.385
4.585 0.50623 41.09861 0.19439 20.80514 0.37192 0.01667 0.42900 0.18241 1262.928
4.590 0.50625 41.05646 0.19420 20.78472 0.37199 0.01661 0.42932 0.18209 1262.472
4.595 0.50627 41.01437 0.19401 20.76434 0.37207 0.01654 0.42963 0.18176 1262.015
4.600 0.50629 40.97236 0.19382 20.74400 0.37215 0.01648 0.42995 0.18143 1261.560
4.605 0.50632 40.93041 0.19363 20.72370 0.37222 0.01641 0.43026 0.18111 1261.105
