timeGa Urey Qt heat/H0 heatTW 1HPE 2HPE 3HPE 4HPE TempC
0.005 1.01709 104.92925 0.99715 106.72299 0.14746 0.29588 0.10491 0.45175 1800.040
0.010 1.01409 104.94033 0.99431 106.41929 0.14776 0.29526 0.10519 0.45179 1800.074
0.015 1.01112 104.94946 0.99149 106.11673 0.14807 0.29465 0.10546 0.45182 1800.100
0.020 1.00818 104.95667 0.98867 105.81531 0.14838 0.29404 0.10573 0.45185 1800.119
0.025 1.00527 104.96198 0.98587 105.51502 0.14868 0.29343 0.10601 0.45188 1800.132
0.030 1.00239 104.96539 0.98307 105.21586 0.14899 0.29281 0.10628 0.45191 1800.137
0.035 0.99953 104.96694 0.98029 104.91783 0.14930 0.29220 0.10656 0.45194 1800.136
0.040 0.99671 104.96664 0.97751 104.62091 0.14960 0.29159 0.10684 0.45197 1800.129
0.045 0.99391 104.96450 0.97475 104.32511 0.14991 0.29098 0.10711 0.45199 1800.114
0.050 0.99114 104.96055 0.97199 104.03042 0.15022 0.29037 0.10739 0.45202 1800.093
0.055 0.98840 104.95481 0.96925 103.73683 0.15053 0.28976 0.10767 0.45204 1800.066
0.060 0.98568 104.94728 0.96652 103.44434 0.15084 0.28916 0.10794 0.45206 1800.032
0.065 0.98299 104.93800 0.96380 103.15295 0.15115 0.28855 0.10822 0.45208 1799.992
0.070 0.98033 104.92698 0.96108 102.86265 0.15146 0.28794 0.10850 0.45210 1799.945
0.075 0.97769 104.91423 0.95838 102.57344 0.15177 0.28733 0.10878 0.45212 1799.892
0.080 0.97508 104.89977 0.95569 102.28530 0.15208 0.28673 0.10906 0.45214 1799.834
0.085 0.97249 104.88363 0.95301 101.99825 0.15239 0.28612 0.10934 0.45215 1799.769
0.090 0.96993 104.86582 0.95033 101.71227 0.15270 0.28552 0.10962 0.45217 1799.698
0.095 0.96739 104.84635 0.94767 101.42736 0.15301 0.28491 0.10990 0.45218 1799.621
0.100 0.96488 104.82525 0.94502 101.14351 0.15332 0.28431 0.11018 0.45219 1799.538
0.105 0.96239 104.80252 0.94238 100.86072 0.15363 0.28371 0.11046 0.45221 1799.449
0.110 0.95992 104.77820 0.93975 100.57898 0.15394 0.28310 0.11074 0.45222 1799.354
0.115 0.95748 104.75230 0.93712 100.29830 0.15425 0.28250 0.11103 0.45222 1799.254
0.120 0.95506 104.72482 0.93451 100.01867 0.15456 0.28190 0.11131 0.45223 1799.148
0.125 0.95267 104.69580 0.93191 99.74007 0.15487 0.28130 0.11159 0.45224 1799.036
0.130 0.95029 104.66524 0.92931 99.46251 0.15518 0.28070 0.11188 0.45224 1798.919
0.135 0.94794 104.63317 0.92673 99.18599 0.15550 0.28010 0.11216 0.45225 1798.796
0.140 0.94561 104.59959 0.92416 98.91050 0.15581 0.27950 0.11245 0.45225 1798.668
0.145 0.94330 104.56453 0.92159 98.63603 0.15612 0.27890 0.11273 0.45225 1798.535
0.150 0.94102 104.52801 0.91904 98.36258 0.15643 0.27830 0.11302 0.45225 1798.396
0.155 0.93875 104.49004 0.91649 98.09015 0.15675 0.27770 0.11330 0.45225 1798.252
0.160 0.93651 104.45063 0.91396 97.81873 0.15706 0.27710 0.11359 0.45225 1798.102
0.165 0.93428 104.40980 0.91143 97.54832 0.15737 0.27651 0.11387 0.45225 1797.948
0.170 0.93208 104.36757 0.90891 97.27891 0.15769 0.27591 0.11416 0.45224 1797.788
0.175 0.92990 104.32396 0.90640 97.01050 0.15800 0.27531 0.11445 0.45224 1797.623
0.180 0.92773 104.27897 0.90391 96.74309 0.15831 0.27472 0.11474 0.45223 1797.454
0.185 0.92559 104.23263 0.90142 96.47667 0.15863 0.27412 0.11503 0.45222 1797.279
0.190 0.92347 104.18495 0.89894 96.21124 0.15894 0.27353 0.11531 0.45221 1797.099
0.195 0.92136 104.13595 0.89647 95.94679 0.15926 0.27294 0.11560 0.45220 1796.915
0.200 0.91927 104.08564 0.89400 95.68332 0.15957 0.27234 0.11589 0.45219 1796.725
0.205 0.91721 104.03404 0.89155 95.42082 0.15989 0.27175 0.11618 0.45218 1796.531
0.210 0.91516 103.98116 0.88911 95.15930 0.16020 0.27116 0.11647 0.45217 1796.333
0.215 0.91313 103.92701 0.88667 94.89874 0.16052 0.27057 0.11676 0.45215 1796.129
0.220 0.91112 103.87163 0.88425 94.63914 0.16083 0.26998 0.11706 0.45213 1795.921
0.225 0.90912 103.81500 0.88183 94.38051 0.16115 0.26939 0.11735 0.45212 1795.709
0.230 0.90715 103.75717 0.87942 94.12283 0.16147 0.26880 0.11764 0.45210 1795.492
0.235 0.90519 103.69812 0.87703 93.86610 0.16178 0.26821 0.11793 0.45208 1795.270
0.240 0.90324 103.63789 0.87464 93.61032 0.16210 0.26762 0.11823 0.45206 1795.044
0.245 0.90132 103.57649 0.87225 93.35548 0.16241 0.26703 0.11852 0.45204 1794.814
0.250 0.89941 103.51393 0.86988 93.10158 0.16273 0.26644 0.11881 0.45201 1794.580
0.255 0.89752 103.45022 0.86752 92.84862 0.16305 0.26586 0.11911 0.45199 1794.341
0.260 0.89564 103.38538 0.86516 92.59658 0.16337 0.26527 0.11940 0.45196 1794.098
0.265 0.89379 103.31943 0.86282 92.34548 0.16368 0.26469 0.11970 0.45194 1793.851
0.270 0.89194 103.25237 0.86048 92.09530 0.16400 0.26410 0.11999 0.45191 1793.599
0.275 0.89012 103.18422 0.85815 91.84604 0.16432 0.26352 0.12029 0.45188 1793.344
0.280 0.88831 103.11500 0.85583 91.59769 0.16464 0.26293 0.12058 0.45185 1793.085
0.285 0.88651 103.04472 0.85352 91.35026 0.16495 0.26235 0.12088 0.45182 1792.821
0.290 0.88473 102.97338 0.85122 91.10374 0.16527 0.26177 0.12118 0.45178 1792.554
0.295 0.88297 102.90102 0.84892 90.85812 0.16559 0.26118 0.12148 0.45175 1792.282
0.300 0.88122 102.82763 0.84663 90.61341 0.16591 0.26060 0.12177 0.45171 1792.007
0.305 0.87948 102.75323 0.84436 90.36959 0.16623 0.26002 0.12207 0.45168 1791.728
0.310 0.87776 102.67784 0.84209 90.12667 0.16655 0.25944 0.12237 0.45164 1791.446
0.315 0.87606 102.60147 0.83982 89.88463 0.16687 0.25886 0.12267 0.45160 1791.159
0.320 0.87436 102.52413 0.83757 89.64348 0.16718 0.25828 0.12297 0.45156 1790.869
0.325 0.87269 102.44583 0.83533 89.40322 0.16750 0.25771 0.12327 0.45152 1790.575
0.330 0.87102 102.36659 0.83309 89.16384 0.16782 0.25713 0.12357 0.45148 1790.278
0.335 0.86938 102.28642 0.83086 88.92533 0.16814 0.25655 0.12387 0.45143 1789.977
0.340 0.86774 102.20533 0.82864 88.68769 0.16846 0.25598 0.12417 0.45139 1789.672
0.345 0.86612 102.12333 0.82643 88.45092 0.16878 0.25540 0.12447 0.45134 1789.364
0.350 0.86451 102.04044 0.82423 88.21502 0.16910 0.25482 0.12478 0.45130 1789.053
0.355 0.86292 101.95667 0.82203 87.97998 0.16942 0.25425 0.12508 0.45125 1788.738
0.360 0.86133 101.87203 0.81984 87.74579 0.16975 0.25368 0.12538 0.45120 1788.420
0.365 0.85976 101.78653 0.81766 87.51246 0.17007 0.25310 0.12568 0.45115 1788.098
0.370 0.85821 101.70019 0.81549 87.27998 0.17039 0.25253 0.12599 0.45110 1787.774
0.375 0.85667 101.61301 0.81332 87.04835 0.17071 0.25196 0.12629 0.45104 1787.445
0.380 0.85513 101.52501 0.81117 86.81757 0.17103 0.25139 0.12660 0.45099 1787.114
0.385 0.85362 101.43620 0.80902 86.58762 0.17135 0.25082 0.12690 0.45093 1786.780
0.390 0.85211 101.34659 0.80688 86.35851 0.17167 0.25025 0.12721 0.45088 1786.442
0.395 0.85062 101.25620 0.80475 86.13023 0.17199 0.24968 0.12751 0.45082 1786.101
0.400 0.84914 101.16502 0.80262 85.90279 0.17232 0.24911 0.12782 0.45076 1785.758
0.405 0.84767 101.07308 0.80050 85.67617 0.17264 0.24854 0.12812 0.45070 1785.411
0.410 0.84621 100.98039 0.79839 85.45037 0.17296 0.24797 0.12843 0.45064 1785.061
0.415 0.84476 100.88696 0.79629 85.22540 0.17328 0.24741 0.12874 0.45058 1784.708
0.420 0.84333 100.79279 0.79420 85.00124 0.17360 0.24684 0.12904 0.45051 1784.352
0.425 0.84190 100.69790 0.79211 84.77789 0.17393 0.24627 0.12935 0.45045 1783.994
0.430 0.84049 100.60230 0.79003 84.55536 0.17425 0.24571 0.12966 0.45038 1783.632
0.435 0.83909 100.50599 0.78796 84.33363 0.17457 0.24514 0.12997 0.45031 1783.268
0.440 0.83770 100.40900 0.78590 84.11270 0.17489 0.24458 0.13028 0.45025 1782.901
0.445 0.83632 100.31133 0.78384 83.89258 0.17522 0.24402 0.13059 0.45018 1782.531
0.450 0.83495 100.21299 0.78179 83.67325 0.17554 0.24346 0.13090 0.45011 1782.159
0.455 0.83360 100.11400 0.77975 83.45471 0.17586 0.24289 0.13121 0.45003 1781.783
0.460 0.83225 100.01435 0.77771 83.23697 0.17619 0.24233 0.13152 0.44996 1781.405
0.465 0.83091 99.91406 0.77569 83.02001 0.17651 0.24177 0.13183 0.44989 1781.025
0.470 0.82959 99.81315 0.77367 82.80384 0.17683 0.24121 0.13214 0.44981 1780.642
0.475 0.82827 99.71162 0.77165 82.58844 0.17716 0.24065 0.13245 0.44973 1780.256
0.480 0.82697 99.60947 0.76965 82.37383 0.17748 0.24009 0.13277 0.44966 1779.868
0.485 0.82567 99.50673 0.76765 82.15999 0.17781 0.23954 0.13308 0.44958 1779.477
0.490 0.82439 99.40340 0.76566 81.94692 0.17813 0.23898 0.13339 0.44950 1779.084
0.495 0.82311 99.29949 0.76368 81.73462 0.17846 0.23842 0.13370 0.44942 1778.688
0.500 0.82185 99.19500 0.76170 81.52308 0.17878 0.23787 0.13402 0.44933 1778.290
0.505 0.82059 99.08996 0.75973 81.31231 0.17910 0.23731 0.13433 0.44925 1777.890
0.510 0.81934 98.98436 0.75777 81.10229 0.17943 0.23676 0.13465 0.44916 1777.487
0.515 0.81811 98.87822 0.75581 80.89303 0.17975 0.23620 0.13496 0.44908 1777.082
0.520 0.81688 98.77154 0.75386 80.68452 0.18008 0.23565 0.13528 0.44899 1776.674
0.525 0.81566 98.66434 0.75192 80.47677 0.18040 0.23510 0.13559 0.44890 1776.265
0.530 0.81445 98.55662 0.74999 80.26975 0.18073 0.23455 0.13591 0.44881 1775.853
0.535 0.81325 98.44839 0.74806 80.06349 0.18105 0.23400 0.13623 0.44872 1775.438
0.540 0.81206 98.33967 0.74614 79.85796 0.18138 0.23345 0.13654 0.44863 1775.022
0.545 0.81088 98.23045 0.74423 79.65317 0.18171 0.23290 0.13686 0.44854 1774.604
0.550 0.80971 98.12075 0.74232 79.44911 0.18203 0.23235 0.13718 0.44844 1774.183
0.555 0.80854 98.01058 0.74042 79.24579 0.18236 0.23180 0.13750 0.44835 1773.760
0.560 0.80739 97.89994 0.73853 79.04319 0.18268 0.23125 0.13781 0.44825 1773.336
0.565 0.80624 97.78885 0.73664 78.84132 0.18301 0.23071 0.13813 0.44816 1772.909
0.570 0.80510 97.67730 0.73476 78.64018 0.18333 0.23016 0.13845 0.44806 1772.480
0.575 0.80397 97.56532 0.73289 78.43975 0.18366 0.22961 0.13877 0.44796 1772.049
0.580 0.80285 97.45290 0.73103 78.24004 0.18399 0.22907 0.13909 0.44786 1771.616
0.585 0.80174 97.34006 0.72917 78.04104 0.18431 0.22852 0.13941 0.44775 1771.182
0.590 0.80063 97.22680 0.72731 77.84275 0.18464 0.22798 0.13973 0.44765 1770.745
0.595 0.79953 97.11313 0.72547 77.64518 0.18497 0.22744 0.14005 0.44754 1770.307
0.600 0.79844 96.99906 0.72363 77.44830 0.18529 0.22690 0.14037 0.44744 1769.866
0.605 0.79736 96.88460 0.72179 77.25213 0.18562 0.22635 0.14069 0.44733 1769.424
0.610 0.79629 96.76975 0.71997 77.05666 0.18594 0.22581 0.14102 0.44722 1768.980
0.615 0.79522 96.65452 0.71815 76.86189 0.18627 0.22527 0.14134 0.44712 1768.534
0.620 0.79416 96.53892 0.71634 76.66781 0.18660 0.22473 0.14166 0.44700 1768.086
0.625 0.79311 96.42295 0.71453 76.47442 0.18693 0.22420 0.14198 0.44689 1767.637
0.630 0.79207 96.30663 0.71273 76.28172 0.18725 0.22366 0.14231 0.44678 1767.186
0.635 0.79104 96.18996 0.71093 76.08970 0.18758 0.22312 0.14263 0.44667 1766.733
0.640 0.79001 96.07294 0.70915 75.89837 0.18791 0.22258 0.14296 0.44655 1766.279
0.645 0.78899 95.95559 0.70736 75.70772 0.18823 0.22205 0.14328 0.44644 1765.823
0.650 0.78797 95.83791 0.70559 75.51774 0.18856 0.22151 0.14361 0.44632 1765.365
0.655 0.78697 95.71991 0.70382 75.32844 0.18889 0.22098 0.14393 0.44620 1764.906
0.660 0.78597 95.60159 0.70206 75.13981 0.18922 0.22045 0.14426 0.44608 1764.445
0.665 0.78498 95.48297 0.70030 74.95185 0.18954 0.21991 0.14458 0.44596 1763.982
0.670 0.78399 95.36404 0.69855 74.76456 0.18987 0.21938 0.14491 0.44584 1763.518
0.675 0.78301 95.24482 0.69681 74.57793 0.19020 0.21885 0.14524 0.44572 1763.053
0.680 0.78204 95.12531 0.69507 74.39196 0.19053 0.21832 0.14556 0.44559 1762.586
0.685 0.78108 95.00551 0.69334 74.20665 0.19085 0.21779 0.14589 0.44547 1762.117
0.690 0.78012 94.88544 0.69161 74.02199 0.19118 0.21726 0.14622 0.44534 1761.647
0.695 0.77917 94.76511 0.68990 73.83799 0.19151 0.21673 0.14655 0.44521 1761.176
0.700 0.77822 94.64450 0.68818 73.65464 0.19184 0.21620 0.14687 0.44508 1760.703
0.705 0.77729 94.52364 0.68648 73.47194 0.19217 0.21568 0.14720 0.44495 1760.229
0.710 0.77635 94.40253 0.68477 73.28988 0.19249 0.21515 0.14753 0.44482 1759.753
0.715 0.77543 94.28118 0.68308 73.10846 0.19282 0.21462 0.14786 0.44469 1759.276
0.720 0.77451 94.15959 0.68139 72.92769 0.19315 0.21410 0.14819 0.44456 1758.798
0.725 0.77360 94.03776 0.67971 72.74755 0.19348 0.21357 0.14852 0.44442 1758.318
0.730 0.77269 93.91570 0.67803 72.56805 0.19381 0.21305 0.14885 0.44429 1757.837
0.735 0.77179 93.79343 0.67636 72.38918 0.19414 0.21253 0.14918 0.44415 1757.355
0.740 0.77090 93.67093 0.67469 72.21094 0.19446 0.21201 0.14951 0.44402 1756.872
0.745 0.77001 93.54823 0.67303 72.03332 0.19479 0.21148 0.14985 0.44388 1756.387
0.750 0.76913 93.42533 0.67138 71.85633 0.19512 0.21096 0.15018 0.44374 1755.901
0.755 0.76826 93.30222 0.66973 71.67997 0.19545 0.21044 0.15051 0.44360 1755.414
0.760 0.76739 93.17892 0.66809 71.50422 0.19578 0.20992 0.15084 0.44345 1754.926
0.765 0.76652 93.05543 0.66645 71.32909 0.19611 0.20941 0.15118 0.44331 1754.437
0.770 0.76566 92.93176 0.66482 71.15458 0.19644 0.20889 0.15151 0.44317 1753.946
0.775 0.76481 92.80791 0.66320 70.98068 0.19676 0.20837 0.15184 0.44302 1753.455
0.780 0.76397 92.68389 0.66158 70.80738 0.19709 0.20785 0.15218 0.44288 1752.962
0.785 0.76313 92.55971 0.65997 70.63470 0.19742 0.20734 0.15251 0.44273 1752.468
0.790 0.76229 92.43536 0.65836 70.46262 0.19775 0.20682 0.15285 0.44258 1751.973
0.795 0.76146 92.31085 0.65676 70.29114 0.19808 0.20631 0.15318 0.44243 1751.477
0.800 0.76064 92.18619 0.65516 70.12027 0.19841 0.20580 0.15352 0.44228 1750.980
0.805 0.75982 92.06138 0.65357 69.94999 0.19874 0.20528 0.15385 0.44213 1750.482
0.810 0.75901 91.93644 0.65198 69.78031 0.19907 0.20477 0.15419 0.44197 1749.983
0.815 0.75820 91.81135 0.65040 69.61122 0.19940 0.20426 0.15452 0.44182 1749.483
0.820 0.75740 91.68613 0.64883 69.44272 0.19972 0.20375 0.15486 0.44166 1748.982
0.825 0.75660 91.56079 0.64726 69.27481 0.20005 0.20324 0.15520 0.44151 1748.480
0.830 0.75581 91.43532 0.64570 69.10748 0.20038 0.20273 0.15553 0.44135 1747.977
0.835 0.75502 91.30973 0.64414 68.94074 0.20071 0.20222 0.15587 0.44119 1747.473
0.840 0.75424 91.18403 0.64259 68.77458 0.20104 0.20172 0.15621 0.44103 1746.968
0.845 0.75346 91.05822 0.64104 68.60900 0.20137 0.20121 0.15655 0.44087 1746.462
0.850 0.75269 90.93230 0.63950 68.44400 0.20170 0.20071 0.15689 0.44071 1745.956
0.855 0.75193 90.80629 0.63796 68.27957 0.20203 0.20020 0.15723 0.44055 1745.448
0.860 0.75116 90.68017 0.63643 68.11571 0.20236 0.19970 0.15756 0.44038 1744.940
0.865 0.75041 90.55397 0.63490 67.95242 0.20269 0.19919 0.15790 0.44022 1744.431
0.870 0.74966 90.42767 0.63338 67.78970 0.20302 0.19869 0.15824 0.44005 1743.921
0.875 0.74891 90.30130 0.63187 67.62755 0.20334 0.19819 0.15858 0.43988 1743.410
0.880 0.74817 90.17484 0.63036 67.46595 0.20367 0.19769 0.15892 0.43972 1742.899
0.885 0.74743 90.04831 0.62885 67.30492 0.20400 0.19719 0.15927 0.43955 1742.386
0.890 0.74670 89.92171 0.62736 67.14445 0.20433 0.19669 0.15961 0.43938 1741.873
0.895 0.74597 89.79504 0.62586 66.98454 0.20466 0.19619 0.15995 0.43920 1741.359
0.900 0.74525 89.66830 0.62437 66.82517 0.20499 0.19569 0.16029 0.43903 1740.845
0.905 0.74453 89.54151 0.62289 66.66636 0.20532 0.19519 0.16063 0.43886 1740.330
0.910 0.74382 89.41466 0.62141 66.50811 0.20565 0.19469 0.16097 0.43868 1739.814
0.915 0.74311 89.28776 0.61994 66.35039 0.20598 0.19420 0.16132 0.43851 1739.297
0.920 0.74240 89.16081 0.61847 66.19323 0.20631 0.19370 0.16166 0.43833 1738.780
0.925 0.74170 89.03382 0.61700 66.03660 0.20664 0.19321 0.16200 0.43815 1738.262
0.930 0.74101 88.90679 0.61555 65.88052 0.20696 0.19271 0.16235 0.43797 1737.743
0.935 0.74032 88.77972 0.61409 65.72498 0.20729 0.19222 0.16269 0.43779 1737.224
0.940 0.73963 88.65261 0.61264 65.56997 0.20762 0.19173 0.16304 0.43761 1736.704
0.945 0.73895 88.52548 0.61120 65.41550 0.20795 0.19124 0.16338 0.43743 1736.183
0.950 0.73827 88.39832 0.60976 65.26156 0.20828 0.19075 0.16372 0.43725 1735.662
0.955 0.73759 88.27114 0.60833 65.10815 0.20861 0.19026 0.16407 0.43706 1735.140
0.960 0.73692 88.14394 0.60690 64.95527 0.20894 0.18977 0.16442 0.43688 1734.618
0.965 0.73626 88.01672 0.60548 64.80292 0.20927 0.18928 0.16476 0.43669 1734.095
0.970 0.73560 87.88949 0.60406 64.65109 0.20960 0.18879 0.16511 0.43650 1733.571
0.975 0.73494 87.76225 0.60264 64.49978 0.20993 0.18831 0.16545 0.43632 1733.047
0.980 0.73428 87.63500 0.60124 64.34899 0.21025 0.18782 0.16580 0.43613 1732.523
0.985 0.73363 87.50775 0.59983 64.19873 0.21058 0.18733 0.16615 0.43593 1731.998
0.990 0.73299 87.38050 0.59843 64.04897 0.21091 0.18685 0.16649 0.43574 1731.472
0.995 0.73235 87.25325 0.59704 63.89973 0.21124 0.18637 0.16684 0.43555 1730.946
1.000 0.73171 87.12601 0.59565 63.75101 0.21157 0.18588 0.16719 0.43536 1730.420
1.005 0.73108 86.99878 0.59426 63.60279 0.21190 0.18540 0.16754 0.43516 1729.893
1.010 0.73045 86.87156 0.59288 63.45508 0.21223 0.18492 0.16789 0.43497 1729.365
1.015 0.72982 86.74436 0.59151 63.30788 0.21256 0.18444 0.16824 0.43477 1728.837
1.020 0.72920 86.61718 0.59014 63.16118 0.21288 0.18396 0.16858 0.43457 1728.309
1.025 0.72858 86.49001 0.58877 63.01498 0.21321 0.18348 0.16893 0.43437 1727.780
1.030 0.72797 86.36287 0.58741 62.86928 0.21354 0.18300 0.16928 0.43417 1727.251
1.035 0.72736 86.23576 0.58605 62.72408 0.21387 0.18252 0.16963 0.43397 1726.721
1.040 0.72675 86.10868 0.58470 62.57938 0.21420 0.18205 0.16998 0.43377 1726.191
1.045 0.72615 85.98163 0.58335 62.43517 0.21453 0.18157 0.17033 0.43357 1725.661
1.050 0.72555 85.85462 0.58201 62.29145 0.21486 0.18110 0.17068 0.43336 1725.130
1.055 0.72495 85.72764 0.58067 62.14822 0.21518 0.18062 0.17104 0.43316 1724.599
1.060 0.72436 85.60070 0.57934 62.00548 0.21551 0.18015 0.17139 0.43295 1724.067
1.065 0.72377 85.47381 0.57801 61.86323 0.21584 0.17968 0.17174 0.43275 1723.536
1.070 0.72318 85.34696 0.57669 61.72146 0.21617 0.17920 0.17209 0.43254 1723.003
1.075 0.72260 85.22016 0.57537 61.58018 0.21650 0.17873 0.17244 0.43233 1722.471
1.080 0.72202 85.09341 0.57405 61.43937 0.21682 0.17826 0.17279 0.43212 1721.938
1.085 0.72145 84.96672 0.57274 61.29904 0.21715 0.17779 0.17315 0.43191 1721.405
1.090 0.72088 84.84008 0.57143 61.15919 0.21748 0.17732 0.17350 0.43170 1720.871
1.095 0.72031 84.71350 0.57013 61.01982 0.21781 0.17685 0.17385 0.43148 1720.338
1.100 0.71974 84.58698 0.56883 60.88092 0.21814 0.17639 0.17421 0.43127 1719.804
1.105 0.71918 84.46052 0.56754 60.74249 0.21846 0.17592 0.17456 0.43105 1719.270
1.110 0.71862 84.33413 0.56625 60.60453 0.21879 0.17546 0.17492 0.43084 1718.735
1.115 0.71807 84.20780 0.56497 60.46703 0.21912 0.17499 0.17527 0.43062 1718.200
1.120 0.71752 84.08154 0.56369 60.33001 0.21945 0.17453 0.17562 0.43040 1717.665
1.125 0.71697 83.95536 0.56241 60.19344 0.21977 0.17406 0.17598 0.43018 1717.130
1.130 0.71642 83.82925 0.56114 60.05734 0.22010 0.17360 0.17633 0.42996 1716.594
1.135 0.71588 83.70322 0.55987 59.92170 0.22043 0.17314 0.17669 0.42974 1716.059
1.140 0.71534 83.57726 0.55861 59.78652 0.22076 0.17268 0.17705 0.42952 1715.523
1.145 0.71481 83.45139 0.55735 59.65179 0.22108 0.17222 0.17740 0.42930 1714.987
1.150 0.71428 83.32560 0.55609 59.51752 0.22141 0.17176 0.17776 0.42907 1714.450
1.155 0.71375 83.19989 0.55484 59.38370 0.22174 0.17130 0.17811 0.42885 1713.914
1.160 0.71322 83.07427 0.55360 59.25034 0.22206 0.17084 0.17847 0.42862 1713.377
1.165 0.71270 82.94874 0.55236 59.11742 0.22239 0.17038 0.17883 0.42840 1712.841
1.170 0.71218 82.82330 0.55112 58.98495 0.22272 0.16993 0.17918 0.42817 1712.304
1.175 0.71166 82.69795 0.54988 58.85293 0.22305 0.16947 0.17954 0.42794 1711.766
1.180 0.71115 82.57269 0.54865 58.72135 0.22337 0.16902 0.17990 0.42771 1711.229
1.185 0.71064 82.44754 0.54743 58.59022 0.22370 0.16856 0.18026 0.42748 1710.692
1.190 0.71013 82.32248 0.54621 58.45952 0.22402 0.16811 0.18062 0.42725 1710.154
1.195 0.70962 82.19752 0.54499 58.32927 0.22435 0.16766 0.18097 0.42702 1709.617
1.200 0.70912 82.07266 0.54378 58.19945 0.22468 0.16721 0.18133 0.42678 1709.079
1.205 0.70862 81.94791 0.54257 58.07007 0.22500 0.16676 0.18169 0.42655 1708.541
1.210 0.70813 81.82326 0.54136 57.94112 0.22533 0.16631 0.18205 0.42631 1708.003
1.215 0.70763 81.69872 0.54016 57.81261 0.22566 0.16586 0.18241 0.42608 1707.465
1.220 0.70714 81.57428 0.53897 57.68452 0.22598 0.16541 0.18277 0.42584 1706.927
1.225 0.70665 81.44996 0.53777 57.55687 0.22631 0.16496 0.18313 0.42560 1706.389
1.230 0.70617 81.32575 0.53659 57.42964 0.22663 0.16451 0.18349 0.42536 1705.850
1.235 0.70569 81.20166 0.53540 57.30283 0.22696 0.16407 0.18385 0.42512 1705.312
1.240 0.70521 81.07768 0.53422 57.17646 0.22728 0.16362 0.18421 0.42488 1704.774
1.245 0.70473 80.95381 0.53304 57.05050 0.22761 0.16318 0.18457 0.42464 1704.235
1.250 0.70425 80.83007 0.53187 56.92497 0.22793 0.16273 0.18494 0.42440 1703.697
1.255 0.70378 80.70644 0.53070 56.79985 0.22826 0.16229 0.18530 0.42415 1703.158
1.260 0.70331 80.58294 0.52954 56.67515 0.22858 0.16185 0.18566 0.42391 1702.620
1.265 0.70285 80.45956 0.52838 56.55087 0.22891 0.16141 0.18602 0.42366 1702.081
1.270 0.70238 80.33630 0.52722 56.42700 0.22923 0.16097 0.18638 0.42342 1701.542
1.275 0.70192 80.21317 0.52606 56.30354 0.22956 0.16053 0.18675 0.42317 1701.004
1.280 0.70147 80.09017 0.52491 56.18050 0.22988 0.16009 0.18711 0.42292 1700.465
1.285 0.70101 79.96730 0.52377 56.05787 0.23021 0.15965 0.18747 0.42267 1699.927
1.290 0.70056 79.84455 0.52263 55.93564 0.23053 0.15921 0.18783 0.42242 1699.388
1.295 0.70011 79.72194 0.52149 55.81382 0.23086 0.15878 0.18820 0.42217 1698.850
1.300 0.69966 79.59946 0.52035 55.69240 0.23118 0.15834 0.18856 0.42192 1698.311
1.305 0.69921 79.47712 0.51922 55.57139 0.23150 0.15791 0.18892 0.42166 1697.773
1.310 0.69877 79.35491 0.51810 55.45078 0.23183 0.15747 0.18929 0.42141 1697.234
1.315 0.69833 79.23284 0.51697 55.33057 0.23215 0.15704 0.18965 0.42115 1696.696
1.320 0.69789 79.11090 0.51585 55.21076 0.23248 0.15661 0.19002 0.42090 1696.157
1.325 0.69745 78.98911 0.51474 55.09134 0.23280 0.15618 0.19038 0.42064 1695.619
1.330 0.69702 78.86745 0.51363 54.97232 0.23312 0.15575 0.19075 0.42039 1695.081
1.335 0.69659 78.74594 0.51252 54.85370 0.23345 0.15532 0.19111 0.42013 1694.543
1.340 0.69616 78.62457 0.51141 54.73546 0.23377 0.15489 0.19148 0.41987 1694.004
1.345 0.69574 78.50334 0.51031 54.61762 0.23409 0.15446 0.19184 0.41961 1693.466
1.350 0.69531 78.38226 0.50921 54.50017 0.23441 0.15403 0.19221 0.41935 1692.928
1.355 0.69489 78.26133 0.50812 54.38310 0.23474 0.15360 0.19258 0.41908 1692.391
1.360 0.69447 78.14054 0.50703 54.26642 0.23506 0.15318 0.19294 0.41882 1691.853
1.365 0.69406 78.01990 0.50594 54.15013 0.23538 0.15275 0.19331 0.41856 1691.315
1.370 0.69364 77.89941 0.50486 54.03422 0.23570 0.15233 0.19368 0.41829 1690.778
1.375 0.69323 77.77907 0.50378 53.91869 0.23603 0.15190 0.19404 0.41803 1690.240
1.380 0.69282 77.65888 0.50271 53.80355 0.23635 0.15148 0.19441 0.41776 1689.703
1.385 0.69241 77.53885 0.50163 53.68878 0.23667 0.15106 0.19478 0.41749 1689.165
1.390 0.69201 77.41897 0.50056 53.57439 0.23699 0.15064 0.19514 0.41723 1688.628
1.395 0.69160 77.29924 0.49950 53.46037 0.23731 0.15022 0.19551 0.41696 1688.091
1.400 0.69120 77.17967 0.49844 53.34673 0.23763 0.14980 0.19588 0.41669 1687.555
1.405 0.69080 77.06026 0.49738 53.23346 0.23795 0.14938 0.19625 0.41642 1687.018
1.410 0.69041 76.94100 0.49632 53.12057 0.23828 0.14896 0.19662 0.41615 1686.481
1.415 0.69001 76.82190 0.49527 53.00804 0.23860 0.14854 0.19699 0.41587 1685.945
1.420 0.68962 76.70296 0.49423 52.89589 0.23892 0.14813 0.19735 0.41560 1685.409
1.425 0.68923 76.58418 0.49318 52.78410 0.23924 0.14771 0.19772 0.41533 1684.872
1.430 0.68884 76.46556 0.49214 52.67268 0.23956 0.14730 0.19809 0.41505 1684.336
1.435 0.68846 76.34711 0.49110 52.56162 0.23988 0.14688 0.19846 0.41478 1683.801
1.440 0.68807 76.22881 0.49007 52.45093 0.24020 0.14647 0.19883 0.41450 1683.265
1.445 0.68769 76.11068 0.48904 52.34060 0.24052 0.14606 0.19920 0.41422 1682.730
1.450 0.68731 75.99271 0.48801 52.23063 0.24084 0.14565 0.19957 0.41394 1682.194
1.455 0.68693 75.87491 0.48699 52.12101 0.24116 0.14524 0.19994 0.41367 1681.659
1.460 0.68656 75.75728 0.48596 52.01176 0.24148 0.14483 0.20031 0.41339 1681.124
1.465 0.68618 75.63981 0.48495 51.90286 0.24180 0.14442 0.20068 0.41311 1680.590
1.470 0.68581 75.52251 0.48393 51.79432 0.24211 0.14401 0.20105 0.41282 1680.055
1.475 0.68544 75.40537 0.48292 51.68613 0.24243 0.14360 0.20142 0.41254 1679.521
1.480 0.68508 75.28841 0.48191 51.57829 0.24275 0.14319 0.20180 0.41226 1678.987
1.485 0.68471 75.17161 0.48091 51.47081 0.24307 0.14279 0.20217 0.41197 1678.453
1.490 0.68435 75.05499 0.47991 51.36367 0.24339 0.14238 0.20254 0.41169 1677.919
1.495 0.68399 74.93853 0.47891 51.25689 0.24371 0.14198 0.20291 0.41140 1677.386
1.500 0.68363 74.82225 0.47792 51.15045 0.24402 0.14158 0.20328 0.41112 1676.853
1.505 0.68327 74.70614 0.47693 51.04435 0.24434 0.14117 0.20365 0.41083 1676.320
1.510 0.68291 74.59020 0.47594 50.93860 0.24466 0.14077 0.20403 0.41054 1675.787
1.515 0.68256 74.47444 0.47495 50.83319 0.24498 0.14037 0.20440 0.41025 1675.254
1.520 0.68221 74.35885 0.47397 50.72813 0.24529 0.13997 0.20477 0.40996 1674.722
1.525 0.68186 74.24343 0.47299 50.62340 0.24561 0.13957 0.20514 0.40967 1674.190
1.530 0.68151 74.12819 0.47202 50.51902 0.24593 0.13917 0.20552 0.40938 1673.658
1.535 0.68116 74.01313 0.47105 50.41497 0.24625 0.13877 0.20589 0.40909 1673.127
1.540 0.68082 73.89824 0.47008 50.31126 0.24656 0.13838 0.20626 0.40880 1672.595
1.545 0.68048 73.78353 0.46911 50.20788 0.24688 0.13798 0.20664 0.40851 1672.064
1.550 0.68013 73.66899 0.46815 50.10484 0.24719 0.13758 0.20701 0.40821 1671.533
1.555 0.67980 73.55464 0.46719 50.00213 0.24751 0.13719 0.20738 0.40792 1671.003
1.560 0.67946 73.44046 0.46623 49.89976 0.24783 0.13680 0.20776 0.40762 1670.473
1.565 0.67912 73.32646 0.46528 49.79771 0.24814 0.13640 0.20813 0.40732 1669.943
1.570 0.67879 73.21264 0.46433 49.69599 0.24846 0.13601 0.20851 0.40703 1669.413
1.575 0.67846 73.09900 0.46338 49.59460 0.24877 0.13562 0.20888 0.40673 1668.883
1.580 0.67813 72.98554 0.46244 49.49354 0.24909 0.13523 0.20926 0.40643 1668.354
1.585 0.67780 72.87226 0.46149 49.39280 0.24940 0.13484 0.20963 0.40613 1667.825
1.590 0.67747 72.75916 0.46056 49.29238 0.24972 0.13445 0.21001 0.40583 1667.297
1.595 0.67715 72.64625 0.45962 49.19229 0.25003 0.13406 0.21038 0.40553 1666.768
1.600 0.67683 72.53352 0.45869 49.09252 0.25034 0.13367 0.21076 0.40523 1666.240
1.605 0.67650 72.42096 0.45776 48.99307 0.25066 0.13329 0.21113 0.40492 1665.713
1.610 0.67618 72.30860 0.45683 48.89394 0.25097 0.13290 0.21151 0.40462 1665.185
1.615 0.67587 72.19641 0.45591 48.79513 0.25128 0.13252 0.21188 0.40432 1664.658
1.620 0.67555 72.08441 0.45499 48.69663 0.25160 0.13213 0.21226 0.40401 1664.131
1.625 0.67524 71.97259 0.45407 48.59845 0.25191 0.13175 0.21264 0.40371 1663.605
1.630 0.67492 71.86096 0.45316 48.50059 0.25222 0.13136 0.21301 0.40340 1663.079
1.635 0.67461 71.74951 0.45225 48.40303 0.25254 0.13098 0.21339 0.40309 1662.553
1.640 0.67430 71.63825 0.45134 48.30579 0.25285 0.13060 0.21377 0.40278 1662.027
1.645 0.67399 71.52718 0.45043 48.20886 0.25316 0.13022 0.21414 0.40248 1661.502
1.650 0.67369 71.41628 0.44953 48.11224 0.25347 0.12984 0.21452 0.40217 1660.977
1.655 0.67338 71.30558 0.44863 48.01593 0.25378 0.12946 0.21490 0.40186 1660.452
1.660 0.67308 71.19506 0.44773 47.91993 0.25410 0.12908 0.21527 0.40155 1659.928
1.665 0.67278 71.08473 0.44684 47.82423 0.25441 0.12871 0.21565 0.40123 1659.404
1.670 0.67248 70.97458 0.44595 47.72883 0.25472 0.12833 0.21603 0.40092 1658.880
1.675 0.67218 70.86463 0.44506 47.63375 0.25503 0.12796 0.21641 0.40061 1658.357
1.680 0.67188 70.75486 0.44417 47.53896 0.25534 0.12758 0.21678 0.40030 1657.834
1.685 0.67159 70.64527 0.44329 47.44447 0.25565 0.12721 0.21716 0.39998 1657.312
1.690 0.67129 70.53588 0.44241 47.35029 0.25596 0.12683 0.21754 0.39967 1656.789
1.695 0.67100 70.42667 0.44153 47.25640 0.25627 0.12646 0.21792 0.39935 1656.267
1.700 0.67071 70.31766 0.44066 47.16282 0.25658 0.12609 0.21830 0.39903 1655.746
1.705 0.67042 70.20883 0.43979 47.06953 0.25689 0.12572 0.21868 0.39872 1655.225
1.710 0.67013 70.10019 0.43892 46.97653 0.25720 0.12535 0.21905 0.39840 1654.704
1.715 0.66985 69.99174 0.43805 46.88383 0.25751 0.12498 0.21943 0.39808 1654.183
1.720 0.66956 69.88348 0.43719 46.79143 0.25781 0.12461 0.21981 0.39776 1653.663
1.725 0.66928 69.77540 0.43633 46.69931 0.25812 0.12424 0.22019 0.39744 1653.143
1.730 0.66900 69.66752 0.43547 46.60749 0.25843 0.12388 0.22057 0.39712 1652.624
1.735 0.66872 69.55983 0.43462 46.51596 0.25874 0.12351 0.22095 0.39680 1652.105
1.740 0.66844 69.45233 0.43376 46.42472 0.25905 0.12315 0.22133 0.39648 1651.586
1.745 0.66816 69.34502 0.43291 46.33377 0.25935 0.12278 0.22171 0.39615 1651.068
1.750 0.66789 69.23790 0.43207 46.24310 0.25966 0.12242 0.22209 0.39583 1650.550
1.755 0.66761 69.13096 0.43122 46.15272 0.25997 0.12205 0.22247 0.39551 1650.032
1.760 0.66734 69.02423 0.43038 46.06263 0.26028 0.12169 0.22285 0.39518 1649.515
1.765 0.66707 68.91768 0.42954 45.97281 0.26058 0.12133 0.22323 0.39486 1648.998
1.770 0.66680 68.81132 0.42870 45.88329 0.26089 0.12097 0.22361 0.39453 1648.481
1.775 0.66653 68.70515 0.42787 45.79404 0.26119 0.12061 0.22399 0.39421 1647.965
1.780 0.66626 68.59918 0.42704 45.70507 0.26150 0.12025 0.22437 0.39388 1647.450
1.785 0.66600 68.49339 0.42621 45.61639 0.26180 0.11989 0.22475 0.39355 1646.934
1.790 0.66573 68.38780 0.42538 45.52798 0.26211 0.11954 0.22513 0.39322 1646.419
1.795 0.66547 68.28240 0.42456 45.43985 0.26241 0.11918 0.22551 0.39289 1645.905
1.800 0.66521 68.17719 0.42374 45.35200 0.26272 0.11882 0.22589 0.39256 1645.391
1.805 0.66495 68.07217 0.42292 45.26442 0.26302 0.11847 0.22627 0.39223 1644.877
1.810 0.66469 67.96734 0.42211 45.17712 0.26333 0.11812 0.22666 0.39190 1644.364
1.815 0.66443 67.86271 0.42129 45.09009 0.26363 0.11776 0.22704 0.39157 1643.851
1.820 0.66417 67.75827 0.42048 45.00333 0.26394 0.11741 0.22742 0.39124 1643.338
1.825 0.66392 67.65402 0.41967 44.91685 0.26424 0.11706 0.22780 0.39090 1642.826
1.830 0.66367 67.54996 0.41887 44.83063 0.26454 0.11671 0.22818 0.39057 1642.314
1.835 0.66341 67.44609 0.41807 44.74469 0.26484 0.11636 0.22856 0.39024 1641.803
1.840 0.66316 67.34242 0.41727 44.65901 0.26515 0.11601 0.22894 0.38990 1641.292
1.845 0.66291 67.23893 0.41647 44.57360 0.26545 0.11566 0.22933 0.38957 1640.781
1.850 0.66267 67.13564 0.41567 44.48846 0.26575 0.11531 0.22971 0.38923 1640.271
1.855 0.66242 67.03255 0.41488 44.40358 0.26605 0.11496 0.23009 0.38889 1639.761
1.860 0.66217 66.92964 0.41409 44.31897 0.26635 0.11462 0.23047 0.38856 1639.252
1.865 0.66193 66.82693 0.41330 44.23462 0.26666 0.11427 0.23085 0.38822 1638.743
1.870 0.66168 66.72440 0.41251 44.15054 0.26696 0.11393 0.23124 0.38788 1638.235
1.875 0.66144 66.62208 0.41173 44.06671 0.26726 0.11358 0.23162 0.38754 1637.727
1.880 0.66120 66.51994 0.41095 43.98315 0.26756 0.11324 0.23200 0.38720 1637.219
1.885 0.66096 66.41799 0.41017 43.89984 0.26786 0.11290 0.23239 0.38686 1636.712
1.890 0.66072 66.31624 0.40940 43.81680 0.26816 0.11255 0.23277 0.38652 1636.205
1.895 0.66049 66.21468 0.40862 43.73401 0.26846 0.11221 0.23315 0.38618 1635.698
1.900 0.66025 66.11331 0.40785 43.65148 0.26876 0.11187 0.23353 0.38584 1635.192
1.905 0.66002 66.01213 0.40708 43.56920 0.26906 0.11153 0.23392 0.38549 1634.687
1.910 0.65978 65.91115 0.40632 43.48718 0.26935 0.11120 0.23430 0.38515 1634.182
1.915 0.65955 65.81036 0.40555 43.40541 0.26965 0.11086 0.23468 0.38481 1633.677
1.920 0.65932 65.70976 0.40479 43.32390 0.26995 0.11052 0.23507 0.38446 1633.173
1.925 0.65909 65.60935 0.40403 43.24264 0.27025 0.11018 0.23545 0.38412 1632.669
1.930 0.65886 65.50913 0.40327 43.16163 0.27055 0.10985 0.23583 0.38377 1632.166
1.935 0.65864 65.40911 0.40252 43.08087 0.27084 0.10951 0.23622 0.38343 1631.663
1.940 0.65841 65.30927 0.40177 43.00035 0.27114 0.10918 0.23660 0.38308 1631.160
1.945 0.65819 65.20963 0.40102 42.92009 0.27144 0.10885 0.23699 0.38273 1630.658
1.950 0.65796 65.11018 0.40027 42.84008 0.27173 0.10851 0.23737 0.38238 1630.156
1.955 0.65774 65.01092 0.39953 42.76031 0.27203 0.10818 0.23775 0.38204 1629.655
1.960 0.65752 64.91186 0.39878 42.68078 0.27232 0.10785 0.23814 0.38169 1629.154
1.965 0.65730 64.81298 0.39804 42.60151 0.27262 0.10752 0.23852 0.38134 1628.654
1.970 0.65708 64.71430 0.39730 42.52247 0.27291 0.10719 0.23891 0.38099 1628.154
1.975 0.65686 64.61580 0.39657 42.44368 0.27321 0.10686 0.23929 0.38064 1627.655
1.980 0.65665 64.51750 0.39583 42.36513 0.27350 0.10654 0.23967 0.38029 1627.156
1.985 0.65643 64.41939 0.39510 42.28682 0.27380 0.10621 0.24006 0.37994 1626.657
1.990 0.65622 64.32147 0.39437 42.20875 0.27409 0.10588 0.24044 0.37958 1626.159
1.995 0.65600 64.22374 0.39364 42.13092 0.27439 0.10556 0.24083 0.37923 1625.661
2.000 0.65579 64.12620 0.39292 42.05333 0.27468 0.10523 0.24121 0.37888 1625.164
2.005 0.65558 64.02885 0.39220 41.97598 0.27497 0.10491 0.24160 0.37852 1624.668
2.010 0.65537 63.93169 0.39148 41.89886 0.27526 0.10458 0.24198 0.37817 1624.171
2.015 0.65516 63.83473 0.39076 41.82198 0.27556 0.10426 0.24237 0.37781 1623.675
2.020 0.65495 63.73795 0.39004 41.74534 0.27585 0.10394 0.24275 0.37746 1623.180
2.025 0.65475 63.64136 0.38933 41.66892 0.27614 0.10362 0.24314 0.37710 1622.685
2.030 0.65454 63.54496 0.38862 41.59275 0.27643 0.10330 0.24352 0.37675 1622.191
2.035 0.65434 63.44875 0.38791 41.51680 0.27672 0.10298 0.24391 0.37639 1621.696
2.040 0.65413 63.35274 0.38720 41.44109 0.27701 0.10266 0.24429 0.37603 1621.203
2.045 0.65393 63.25691 0.38649 41.36560 0.27730 0.10234 0.24468 0.37568 1620.710
2.050 0.65373 63.16127 0.38579 41.29035 0.27759 0.10203 0.24506 0.37532 1620.217
2.055 0.65353 63.06581 0.38509 41.21532 0.27788 0.10171 0.24545 0.37496 1619.725
2.060 0.65333 62.97055 0.38439 41.14053 0.27817 0.10139 0.24583 0.37460 1619.233
2.065 0.65313 62.87548 0.38369 41.06596 0.27846 0.10108 0.24622 0.37424 1618.742
2.070 0.65293 62.78060 0.38300 40.99162 0.27875 0.10076 0.24660 0.37388 1618.251
2.075 0.65274 62.68590 0.38231 40.91750 0.27904 0.10045 0.24699 0.37352 1617.761
2.080 0.65254 62.59139 0.38162 40.84361 0.27933 0.10014 0.24737 0.37316 1617.271
2.085 0.65235 62.49707 0.38093 40.76994 0.27962 0.09983 0.24776 0.37280 1616.781
2.090 0.65216 62.40294 0.38024 40.69649 0.27990 0.09952 0.24815 0.37243 1616.293
2.095 0.65196 62.30900 0.37956 40.62327 0.28019 0.09920 0.24853 0.37207 1615.804
2.100 0.65177 62.21524 0.37888 40.55027 0.28048 0.09890 0.24892 0.37171 1615.316
2.105 0.65158 62.12167 0.37820 40.47749 0.28077 0.09859 0.24930 0.37134 1614.828
2.110 0.65140 62.02829 0.37752 40.40493 0.28105 0.09828 0.24969 0.37098 1614.341
2.115 0.65121 61.93510 0.37684 40.33259 0.28134 0.09797 0.25008 0.37062 1613.855
2.120 0.65102 61.84209 0.37617 40.26047 0.28162 0.09766 0.25046 0.37025 1613.369
2.125 0.65083 61.74927 0.37550 40.18856 0.28191 0.09736 0.25085 0.36989 1612.883
2.130 0.65065 61.65663 0.37483 40.11688 0.28219 0.09705 0.25123 0.36952 1612.398
2.135 0.65047 61.56418 0.37416 40.04540 0.28248 0.09675 0.25162 0.36915 1611.913
2.140 0.65028 61.47192 0.37349 39.97415 0.28276 0.09644 0.25201 0.36879 1611.429
2.145 0.65010 61.37985 0.37283 39.90310 0.28305 0.09614 0.25239 0.36842 1610.945
2.150 0.64992 61.28796 0.37217 39.83228 0.28333 0.09584 0.25278 0.36805 1610.462
2.155 0.64974 61.19625 0.37151 39.76166 0.28361 0.09554 0.25316 0.36768 1609.979
2.160 0.64956 61.10473 0.37085 39.69126 0.28390 0.09524 0.25355 0.36732 1609.497
2.165 0.64938 61.01340 0.37019 39.62106 0.28418 0.09494 0.25394 0.36695 1609.015
2.170 0.64921 60.92225 0.36954 39.55108 0.28446 0.09464 0.25432 0.36658 1608.533
2.175 0.64903 60.83128 0.36889 39.48131 0.28474 0.09434 0.25471 0.36621 1608.052
2.180 0.64885 60.74050 0.36824 39.41175 0.28503 0.09404 0.25510 0.36584 1607.572
2.185 0.64868 60.64990 0.36759 39.34239 0.28531 0.09374 0.25548 0.36547 1607.092
2.190 0.64851 60.55949 0.36694 39.27325 0.28559 0.09345 0.25587 0.36510 1606.612
2.195 0.64833 60.46926 0.36630 39.20431 0.28587 0.09315 0.25626 0.36472 1606.133
2.200 0.64816 60.37921 0.36566 39.13557 0.28615 0.09286 0.25664 0.36435 1605.655
2.205 0.64799 60.28935 0.36502 39.06704 0.28643 0.09256 0.25703 0.36398 1605.177
2.210 0.64782 60.19967 0.36438 38.99872 0.28671 0.09227 0.25742 0.36361 1604.699
2.215 0.64765 60.11018 0.36374 38.93060 0.28699 0.09198 0.25780 0.36323 1604.222
2.220 0.64749 60.02086 0.36311 38.86268 0.28727 0.09169 0.25819 0.36286 1603.746
2.225 0.64732 59.93173 0.36248 38.79496 0.28754 0.09139 0.25858 0.36249 1603.269
2.230 0.64715 59.84278 0.36184 38.72745 0.28782 0.09110 0.25896 0.36211 1602.794
2.235 0.64699 59.75401 0.36122 38.66014 0.28810 0.09081 0.25935 0.36174 1602.319
2.240 0.64682 59.66542 0.36059 38.59303 0.28838 0.09053 0.25974 0.36136 1601.844
2.245 0.64666 59.57702 0.35996 38.52611 0.28865 0.09024 0.26012 0.36099 1601.370
2.250 0.64650 59.48879 0.35934 38.45940 0.28893 0.08995 0.26051 0.36061 1600.896
2.255 0.64634 59.40075 0.35872 38.39288 0.28921 0.08966 0.26090 0.36023 1600.423
2.260 0.64618 59.31289 0.35810 38.32656 0.28948 0.08938 0.26128 0.35986 1599.950
2.265 0.64602 59.22521 0.35748 38.26044 0.28976 0.08909 0.26167 0.35948 1599.478
2.270 0.64586 59.13770 0.35687 38.19451 0.29003 0.08881 0.26206 0.35910 1599.006
2.275 0.64570 59.05038 0.35625 38.12878 0.29031 0.08852 0.26244 0.35873 1598.535
2.280 0.64554 58.96324 0.35564 38.06325 0.29058 0.08824 0.26283 0.35835 1598.064
2.285 0.64539 58.87627 0.35503 37.99790 0.29086 0.08796 0.26322 0.35797 1597.594
2.290 0.64523 58.78949 0.35442 37.93275 0.29113 0.08768 0.26360 0.35759 1597.124
2.295 0.64508 58.70288 0.35381 37.86779 0.29141 0.08739 0.26399 0.35721 1596.655
2.300 0.64492 58.61646 0.35321 37.80303 0.29168 0.08711 0.26438 0.35683 1596.186
2.305 0.64477 58.53021 0.35260 37.73845 0.29195 0.08683 0.26476 0.35645 1595.717
2.310 0.64462 58.44414 0.35200 37.67407 0.29222 0.08656 0.26515 0.35607 1595.250
2.315 0.64447 58.35824 0.35140 37.60987 0.29250 0.08628 0.26554 0.35569 1594.782
2.320 0.64432 58.27253 0.35080 37.54587 0.29277 0.08600 0.26592 0.35531 1594.315
2.325 0.64417 58.18699 0.35021 37.48205 0.29304 0.08572 0.26631 0.35493 1593.849
2.330 0.64402 58.10162 0.34961 37.41842 0.29331 0.08545 0.26670 0.35455 1593.383
2.335 0.64387 58.01644 0.34902 37.35497 0.29358 0.08517 0.26708 0.35416 1592.918
2.340 0.64372 57.93143 0.34843 37.29172 0.29385 0.08490 0.26747 0.35378 1592.453
2.345 0.64358 57.84660 0.34784 37.22864 0.29412 0.08462 0.26786 0.35340 1591.988
2.350 0.64343 57.76194 0.34725 37.16576 0.29439 0.08435 0.26825 0.35302 1591.524
2.355 0.64329 57.67746 0.34667 37.10306 0.29466 0.08408 0.26863 0.35263 1591.061
2.360 0.64314 57.59315 0.34608 37.04054 0.29493 0.08380 0.26902 0.35225 1590.598
2.365 0.64300 57.50902 0.34550 36.97820 0.29520 0.08353 0.26941 0.35187 1590.135
2.370 0.64286 57.42506 0.34492 36.91605 0.29546 0.08326 0.26979 0.35148 1589.673
2.375 0.64271 57.34128 0.34434 36.85407 0.29573 0.08299 0.27018 0.35110 1589.212
2.380 0.64257 57.25767 0.34376 36.79228 0.29600 0.08272 0.27057 0.35071 1588.751
2.385 0.64243 57.17424 0.34319 36.73067 0.29626 0.08246 0.27095 0.35033 1588.290
2.390 0.64229 57.09098 0.34261 36.66924 0.29653 0.08219 0.27134 0.34994 1587.830
2.395 0.64216 57.00789 0.34204 36.60799 0.29680 0.08192 0.27173 0.34955 1587.371
2.400 0.64202 56.92497 0.34147 36.54692 0.29706 0.08166 0.27211 0.34917 1586.912
2.405 0.64188 56.84223 0.34090 36.48602 0.29733 0.08139 0.27250 0.34878 1586.453
2.410 0.64175 56.75966 0.34033 36.42530 0.29759 0.08112 0.27289 0.34840 1585.995
2.415 0.64161 56.67726 0.33977 36.36476 0.29786 0.08086 0.27327 0.34801 1585.538
2.420 0.64148 56.59504 0.33921 36.30439 0.29812 0.08060 0.27366 0.34762 1585.081
2.425 0.64134 56.51298 0.33864 36.24420 0.29839 0.08033 0.27405 0.34723 1584.624
2.430 0.64121 56.43110 0.33808 36.18419 0.29865 0.08007 0.27443 0.34685 1584.168
2.435 0.64108 56.34939 0.33752 36.12434 0.29891 0.07981 0.27482 0.34646 1583.712
2.440 0.64095 56.26784 0.33697 36.06467 0.29917 0.07955 0.27521 0.34607 1583.257
2.445 0.64082 56.18647 0.33641 36.00518 0.29944 0.07929 0.27559 0.34568 1582.803
2.450 0.64069 56.10527 0.33586 35.94585 0.29970 0.07903 0.27598 0.34529 1582.349
2.455 0.64056 56.02424 0.33530 35.88670 0.29996 0.07877 0.27637 0.34490 1581.895
2.460 0.64043 55.94338 0.33475 35.82772 0.30022 0.07851 0.27675 0.34451 1581.442
2.465 0.64030 55.86268 0.33420 35.76891 0.30048 0.07826 0.27714 0.34412 1580.989
2.470 0.64017 55.78216 0.33365 35.71027 0.30074 0.07800 0.27753 0.34373 1580.537
2.475 0.64005 55.70180 0.33311 35.65180 0.30100 0.07774 0.27791 0.34334 1580.086
2.480 0.63992 55.62161 0.33256 35.59349 0.30126 0.07749 0.27830 0.34295 1579.634
2.485 0.63980 55.54159 0.33202 35.53536 0.30152 0.07723 0.27868 0.34256 1579.184
2.490 0.63967 55.46174 0.33148 35.47739 0.30178 0.07698 0.27907 0.34217 1578.734
2.495 0.63955 55.38206 0.33094 35.41959 0.30204 0.07673 0.27946 0.34178 1578.284
2.500 0.63943 55.30254 0.33040 35.36195 0.30230 0.07648 0.27984 0.34139 1577.835
2.505 0.63931 55.22319 0.32986 35.30448 0.30255 0.07622 0.28023 0.34099 1577.386
2.510 0.63918 55.14400 0.32933 35.24718 0.30281 0.07597 0.28062 0.34060 1576.938
2.515 0.63906 55.06498 0.32879 35.19004 0.30307 0.07572 0.28100 0.34021 1576.490
2.520 0.63894 54.98613 0.32826 35.13306 0.30332 0.07547 0.28139 0.33982 1576.043
2.525 0.63882 54.90744 0.32773 35.07625 0.30358 0.07522 0.28177 0.33942 1575.596
2.530 0.63871 54.82892 0.32720 35.01960 0.30383 0.07497 0.28216 0.33903 1575.150
2.535 0.63859 54.75056 0.32667 34.96311 0.30409 0.07473 0.28255 0.33864 1574.704
2.540 0.63847 54.67237 0.32615 34.90678 0.30434 0.07448 0.28293 0.33824 1574.259
2.545 0.63836 54.59434 0.32562 34.85061 0.30460 0.07423 0.28332 0.33785 1573.814
2.550 0.63824 54.51648 0.32510 34.79461 0.30485 0.07399 0.28370 0.33746 1573.370
2.555 0.63813 54.43878 0.32458 34.73876 0.30511 0.07374 0.28409 0.33706 1572.926
2.560 0.63801 54.36124 0.32406 34.68308 0.30536 0.07350 0.28447 0.33667 1572.483
2.565 0.63790 54.28386 0.32354 34.62755 0.30561 0.07325 0.28486 0.33627 1572.040
2.570 0.63778 54.20665 0.32302 34.57218 0.30586 0.07301 0.28525 0.33588 1571.598
2.575 0.63767 54.12960 0.32250 34.51697 0.30612 0.07277 0.28563 0.33548 1571.156
2.580 0.63756 54.05271 0.32199 34.46191 0.30637 0.07253 0.28602 0.33509 1570.715
2.585 0.63745 53.97599 0.32148 34.40701 0.30662 0.07229 0.28640 0.33469 1570.274
2.590 0.63734 53.89942 0.32097 34.35227 0.30687 0.07204 0.28679 0.33430 1569.834
2.595 0.63723 53.82302 0.32046 34.29768 0.30712 0.07180 0.28717 0.33390 1569.394
2.600 0.63712 53.74678 0.31995 34.24325 0.30737 0.07157 0.28756 0.33351 1568.955
2.605 0.63701 53.67070 0.31944 34.18897 0.30762 0.07133 0.28794 0.33311 1568.516
2.610 0.63691 53.59477 0.31893 34.13485 0.30787 0.07109 0.28833 0.33271 1568.077
2.615 0.63680 53.51901 0.31843 34.08088 0.30812 0.07085 0.28871 0.33232 1567.640
2.620 0.63669 53.44341 0.31793 34.02706 0.30837 0.07062 0.28910 0.33192 1567.202
2.625 0.63659 53.36797 0.31743 33.97339 0.30861 0.07038 0.28948 0.33152 1566.765
2.630 0.63648 53.29268 0.31693 33.91988 0.30886 0.07014 0.28987 0.33113 1566.329
2.635 0.63638 53.21756 0.31643 33.86651 0.30911 0.06991 0.29025 0.33073 1565.893
2.640 0.63628 53.14259 0.31593 33.81330 0.30935 0.06968 0.29064 0.33033 1565.458
2.645 0.63617 53.06778 0.31543 33.76024 0.30960 0.06944 0.29102 0.32993 1565.023
2.650 0.63607 52.99313 0.31494 33.70733 0.30985 0.06921 0.29141 0.32954 1564.588
2.655 0.63597 52.91863 0.31445 33.65456 0.31009 0.06898 0.29179 0.32914 1564.154
2.660 0.63587 52.84429 0.31396 33.60195 0.31034 0.06875 0.29218 0.32874 1563.721
2.665 0.63577 52.77011 0.31346 33.54948 0.31058 0.06852 0.29256 0.32834 1563.288
2.670 0.63567 52.69609 0.31298 33.49716 0.31083 0.06829 0.29295 0.32794 1562.856
2.675 0.63557 52.62222 0.31249 33.44498 0.31107 0.06806 0.29333 0.32754 1562.424
2.680 0.63547 52.54851 0.31200 33.39296 0.31131 0.06783 0.29371 0.32715 1561.992
2.685 0.63537 52.47495 0.31152 33.34108 0.31156 0.06760 0.29410 0.32675 1561.561
2.690 0.63527 52.40155 0.31103 33.28934 0.31180 0.06737 0.29448 0.32635 1561.131
2.695 0.63518 52.32830 0.31055 33.23775 0.31204 0.06714 0.29487 0.32595 1560.700
2.700 0.63508 52.25521 0.31007 33.18630 0.31228 0.06692 0.29525 0.32555 1560.271
2.705 0.63499 52.18227 0.30959 33.13500 0.31252 0.06669 0.29564 0.32515 1559.842
2.710 0.63489 52.10949 0.30911 33.08384 0.31276 0.06647 0.29602 0.32475 1559.413
2.715 0.63480 52.03686 0.30864 33.03282 0.31300 0.06624 0.29640 0.32435 1558.985
2.720 0.63470 51.96438 0.30816 32.98195 0.31324 0.06602 0.29679 0.32395 1558.558
2.725 0.63461 51.89206 0.30769 32.93122 0.31348 0.06580 0.29717 0.32355 1558.131
2.730 0.63452 51.81988 0.30722 32.88063 0.31372 0.06557 0.29755 0.32315 1557.704
2.735 0.63443 51.74786 0.30674 32.83018 0.31396 0.06535 0.29794 0.32275 1557.278
2.740 0.63433 51.67600 0.30627 32.77987 0.31420 0.06513 0.29832 0.32235 1556.852
2.745 0.63424 51.60428 0.30581 32.72970 0.31444 0.06491 0.29870 0.32195 1556.427
2.750 0.63415 51.53272 0.30534 32.67967 0.31467 0.06469 0.29909 0.32155 1556.002
2.755 0.63406 51.46130 0.30487 32.62978 0.31491 0.06447 0.29947 0.32115 1555.578
2.760 0.63398 51.39004 0.30441 32.58003 0.31515 0.06425 0.29985 0.32075 1555.154
2.765 0.63389 51.31893 0.30394 32.53041 0.31538 0.06403 0.30024 0.32035 1554.731
2.770 0.63380 51.24796 0.30348 32.48093 0.31562 0.06382 0.30062 0.31994 1554.308
2.775 0.63371 51.17715 0.30302 32.43159 0.31586 0.06360 0.30100 0.31954 1553.886
2.780 0.63363 51.10649 0.30256 32.38239 0.31609 0.06338 0.30139 0.31914 1553.464
2.785 0.63354 51.03597 0.30210 32.33332 0.31632 0.06317 0.30177 0.31874 1553.043
2.790 0.63345 50.96561 0.30164 32.28439 0.31656 0.06295 0.30215 0.31834 1552.622
2.795 0.63337 50.89539 0.30119 32.23560 0.31679 0.06274 0.30253 0.31794 1552.202
2.800 0.63329 50.82532 0.30073 32.18693 0.31703 0.06252 0.30292 0.31754 1551.782
2.805 0.63320 50.75540 0.30028 32.13841 0.31726 0.06231 0.30330 0.31713 1551.363
2.810 0.63312 50.68563 0.29983 32.09001 0.31749 0.06210 0.30368 0.31673 1550.944
2.815 0.63304 50.61600 0.29938 32.04175 0.31772 0.06189 0.30406 0.31633 1550.525
2.820 0.63295 50.54652 0.29893 31.99363 0.31795 0.06167 0.30444 0.31593 1550.108
2.825 0.63287 50.47719 0.29848 31.94563 0.31818 0.06146 0.30483 0.31553 1549.690
2.830 0.63279 50.40800 0.29803 31.89777 0.31841 0.06125 0.30521 0.31512 1549.273
2.835 0.63271 50.33896 0.29759 31.85004 0.31865 0.06104 0.30559 0.31472 1548.857
2.840 0.63263 50.27007 0.29714 31.80244 0.31887 0.06083 0.30597 0.31432 1548.441
2.845 0.63255 50.20132 0.29670 31.75497 0.31910 0.06063 0.30635 0.31392 1548.025
2.850 0.63247 50.13272 0.29626 31.70763 0.31933 0.06042 0.30673 0.31351 1547.610
2.855 0.63240 50.06426 0.29581 31.66042 0.31956 0.06021 0.30712 0.31311 1547.196
2.860 0.63232 49.99594 0.29537 31.61334 0.31979 0.06000 0.30750 0.31271 1546.782
2.865 0.63224 49.92777 0.29494 31.56638 0.32002 0.05980 0.30788 0.31231 1546.368
2.870 0.63216 49.85974 0.29450 31.51956 0.32024 0.05959 0.30826 0.31190 1545.955
2.875 0.63209 49.79186 0.29406 31.47286 0.32047 0.05939 0.30864 0.31150 1545.542
2.880 0.63201 49.72412 0.29363 31.42630 0.32070 0.05918 0.30902 0.31110 1545.130
2.885 0.63194 49.65652 0.29319 31.37985 0.32092 0.05898 0.30940 0.31069 1544.718
2.890 0.63186 49.58907 0.29276 31.33354 0.32115 0.05878 0.30978 0.31029 1544.307
2.895 0.63179 49.52175 0.29233 31.28735 0.32137 0.05858 0.31016 0.30989 1543.896
2.900 0.63172 49.45458 0.29190 31.24129 0.32160 0.05837 0.31054 0.30949 1543.486
2.905 0.63164 49.38755 0.29147 31.19535 0.32182 0.05817 0.31092 0.30908 1543.076
2.910 0.63157 49.32066 0.29104 31.14954 0.32205 0.05797 0.31130 0.30868 1542.667
2.915 0.63150 49.25391 0.29061 31.10385 0.32227 0.05777 0.31168 0.30828 1542.258
2.920 0.63143 49.18731 0.29019 31.05829 0.32249 0.05757 0.31206 0.30787 1541.850
2.925 0.63136 49.12084 0.28976 31.01285 0.32271 0.05737 0.31244 0.30747 1541.442
2.930 0.63129 49.05451 0.28934 30.96753 0.32294 0.05717 0.31282 0.30707 1541.034
2.935 0.63122 48.98833 0.28892 30.92233 0.32316 0.05698 0.31320 0.30666 1540.627
2.940 0.63115 48.92228 0.28850 30.87726 0.32338 0.05678 0.31358 0.30626 1540.221
2.945 0.63108 48.85637 0.28808 30.83231 0.32360 0.05658 0.31396 0.30586 1539.815
2.950 0.63101 48.79060 0.28766 30.78748 0.32382 0.05639 0.31434 0.30545 1539.409
2.955 0.63094 48.72497 0.28724 30.74278 0.32404 0.05619 0.31472 0.30505 1539.004
2.960 0.63088 48.65948 0.28682 30.69819 0.32426 0.05600 0.31510 0.30465 1538.600
2.965 0.63081 48.59412 0.28641 30.65372 0.32448 0.05580 0.31548 0.30424 1538.196
2.970 0.63075 48.52891 0.28599 30.60938 0.32469 0.05561 0.31586 0.30384 1537.792
2.975 0.63068 48.46383 0.28558 30.56515 0.32491 0.05542 0.31624 0.30343 1537.389
2.980 0.63061 48.39888 0.28517 30.52104 0.32513 0.05522 0.31662 0.30303 1536.986
2.985 0.63055 48.33408 0.28476 30.47705 0.32535 0.05503 0.31699 0.30263 1536.584
2.990 0.63049 48.26941 0.28435 30.43318 0.32556 0.05484 0.31737 0.30222 1536.182
2.995 0.63042 48.20487 0.28394 30.38943 0.32578 0.05465 0.31775 0.30182 1535.781
3.000 0.63036 48.14047 0.28353 30.34579 0.32600 0.05446 0.31813 0.30142 1535.380
3.005 0.63030 48.07621 0.28313 30.30227 0.32621 0.05427 0.31851 0.30101 1534.980
3.010 0.63023 48.01208 0.28272 30.25887 0.32643 0.05408 0.31888 0.30061 1534.580
3.015 0.63017 47.94809 0.28232 30.21558 0.32664 0.05389 0.31926 0.30021 1534.180
3.020 0.63011 47.88423 0.28191 30.17241 0.32685 0.05370 0.31964 0.29980 1533.781
3.025 0.63005 47.82050 0.28151 30.12936 0.32707 0.05352 0.32002 0.29940 1533.383
3.030 0.62999 47.75691 0.28111 30.08642 0.32728 0.05333 0.32040 0.29900 1532.985
3.035 0.62993 47.69345 0.28071 30.04360 0.32749 0.05314 0.32077 0.29859 1532.587
3.040 0.62987 47.63013 0.28031 30.00088 0.32771 0.05296 0.32115 0.29819 1532.190
3.045 0.62981 47.56694 0.27991 29.95829 0.32792 0.05277 0.32153 0.29778 1531.793
3.050 0.62975 47.50388 0.27951 29.91581 0.32813 0.05259 0.32190 0.29738 1531.397
3.055 0.62970 47.44095 0.27912 29.87344 0.32834 0.05240 0.32228 0.29698 1531.001
3.060 0.62964 47.37816 0.27872 29.83118 0.32855 0.05222 0.32266 0.29657 1530.606
3.065 0.62958 47.31550 0.27833 29.78903 0.32876 0.05204 0.32303 0.29617 1530.211
3.070 0.62953 47.25297 0.27794 29.74700 0.32897 0.05185 0.32341 0.29577 1529.817
3.075 0.62947 47.19057 0.27755 29.70508 0.32918 0.05167 0.32379 0.29536 1529.423
3.080 0.62942 47.12830 0.27715 29.66327 0.32939 0.05149 0.32416 0.29496 1529.030
3.085 0.62936 47.06616 0.27677 29.62157 0.32959 0.05131 0.32454 0.29456 1528.637
3.090 0.62931 47.00415 0.27638 29.57998 0.32980 0.05113 0.32491 0.29415 1528.244
3.095 0.62925 46.94227 0.27599 29.53850 0.33001 0.05095 0.32529 0.29375 1527.852
3.100 0.62920 46.88052 0.27560 29.49714 0.33022 0.05077 0.32567 0.29335 1527.461
3.105 0.62914 46.81891 0.27522 29.45588 0.33042 0.05059 0.32604 0.29294 1527.070
3.110 0.62909 46.75742 0.27483 29.41473 0.33063 0.05041 0.32642 0.29254 1526.679
3.115 0.62904 46.69605 0.27445 29.37369 0.33083 0.05024 0.32679 0.29214 1526.289
3.120 0.62899 46.63482 0.27407 29.33275 0.33104 0.05006 0.32717 0.29174 1525.899
3.125 0.62894 46.57372 0.27369 29.29193 0.33124 0.04988 0.32754 0.29133 1525.510
3.130 0.62889 46.51274 0.27330 29.25121 0.33145 0.04971 0.32792 0.29093 1525.121
3.135 0.62884 46.45189 0.27293 29.21060 0.33165 0.04953 0.32829 0.29053 1524.733
3.140 0.62879 46.39117 0.27255 29.17010 0.33185 0.04936 0.32867 0.29012 1524.345
3.145 0.62874 46.33057 0.27217 29.12970 0.33206 0.04918 0.32904 0.28972 1523.957
3.150 0.62869 46.27010 0.27179 29.08941 0.33226 0.04901 0.32941 0.28932 1523.570
3.155 0.62864 46.20976 0.27142 29.04922 0.33246 0.04883 0.32979 0.28892 1523.184
3.160 0.62859 46.14955 0.27104 29.00914 0.33266 0.04866 0.33016 0.28851 1522.798
3.165 0.62854 46.08946 0.27067 28.96917 0.33286 0.04849 0.33054 0.28811 1522.412
3.170 0.62849 46.02949 0.27030 28.92930 0.33306 0.04832 0.33091 0.28771 1522.027
3.175 0.62845 45.96965 0.26993 28.88953 0.33326 0.04815 0.33128 0.28731 1521.642
3.180 0.62840 45.90994 0.26955 28.84987 0.33346 0.04798 0.33166 0.28690 1521.258
3.185 0.62836 45.85035 0.26919 28.81031 0.33366 0.04781 0.33203 0.28650 1520.874
3.190 0.62831 45.79088 0.26882 28.77086 0.33386 0.04764 0.33240 0.28610 1520.490
3.195 0.62826 45.73154 0.26845 28.73151 0.33406 0.04747 0.33278 0.28570 1520.107
3.200 0.62822 45.67232 0.26808 28.69226 0.33426 0.04730 0.33315 0.28530 1519.725
3.205 0.62818 45.61323 0.26772 28.65311 0.33446 0.04713 0.33352 0.28489 1519.343
3.210 0.62813 45.55426 0.26735 28.61407 0.33465 0.04696 0.33389 0.28449 1518.961
3.215 0.62809 45.49541 0.26699 28.57512 0.33485 0.04680 0.33427 0.28409 1518.580
3.220 0.62804 45.43668 0.26662 28.53628 0.33505 0.04663 0.33464 0.28369 1518.200
3.225 0.62800 45.37808 0.26626 28.49754 0.33524 0.04646 0.33501 0.28329 1517.819
3.230 0.62796 45.31960 0.26590 28.45890 0.33544 0.04630 0.33538 0.28289 1517.440
3.235 0.62792 45.26124 0.26554 28.42036 0.33563 0.04613 0.33575 0.28248 1517.060
3.240 0.62788 45.20300 0.26518 28.38192 0.33582 0.04597 0.33612 0.28208 1516.681
3.245 0.62784 45.14489 0.26482 28.34358 0.33602 0.04580 0.33650 0.28168 1516.303
3.250 0.62780 45.08689 0.26447 28.30534 0.33621 0.04564 0.33687 0.28128 1515.925
3.255 0.62776 45.02902 0.26411 28.26720 0.33640 0.04548 0.33724 0.28088 1515.547
3.260 0.62772 44.97126 0.26376 28.22915 0.33660 0.04532 0.33761 0.28048 1515.170
3.265 0.62768 44.91363 0.26340 28.19121 0.33679 0.04515 0.33798 0.28008 1514.793
3.270 0.62764 44.85611 0.26305 28.15336 0.33698 0.04499 0.33835 0.27968 1514.417
3.275 0.62760 44.79871 0.26269 28.11561 0.33717 0.04483 0.33872 0.27928 1514.041
3.280 0.62756 44.74144 0.26234 28.07796 0.33736 0.04467 0.33909 0.27888 1513.666
3.285 0.62752 44.68428 0.26199 28.04040 0.33755 0.04451 0.33946 0.27848 1513.291
3.290 0.62749 44.62724 0.26164 28.00294 0.33774 0.04435 0.33983 0.27808 1512.917
3.295 0.62745 44.57032 0.26129 27.96558 0.33793 0.04419 0.34020 0.27768 1512.543
3.300 0.62741 44.51352 0.26094 27.92832 0.33812 0.04403 0.34057 0.27728 1512.169
3.305 0.62738 44.45683 0.26060 27.89115 0.33831 0.04388 0.34094 0.27688 1511.796
3.310 0.62734 44.40027 0.26025 27.85407 0.33850 0.04372 0.34131 0.27648 1511.423
3.315 0.62730 44.34382 0.25991 27.81709 0.33868 0.04356 0.34168 0.27608 1511.051
3.320 0.62727 44.28748 0.25956 27.78020 0.33887 0.04341 0.34205 0.27568 1510.679
3.325 0.62724 44.23127 0.25922 27.74341 0.33906 0.04325 0.34242 0.27528 1510.308
3.330 0.62720 44.17517 0.25887 27.70672 0.33924 0.04309 0.34279 0.27488 1509.937
3.335 0.62717 44.11918 0.25853 27.67011 0.33943 0.04294 0.34315 0.27448 1509.566
3.340 0.62713 44.06332 0.25819 27.63360 0.33961 0.04278 0.34352 0.27408 1509.196
3.345 0.62710 44.00756 0.25785 27.59719 0.33980 0.04263 0.34389 0.27368 1508.826
3.350 0.62707 43.95193 0.25751 27.56087 0.33998 0.04248 0.34426 0.27328 1508.457
3.355 0.62704 43.89641 0.25717 27.52463 0.34017 0.04232 0.34463 0.27288 1508.088
3.360 0.62700 43.84100 0.25684 27.48850 0.34035 0.04217 0.34499 0.27249 1507.720
3.365 0.62697 43.78571 0.25650 27.45245 0.34053 0.04202 0.34536 0.27209 1507.352
3.370 0.62694 43.73053 0.25616 27.41650 0.34072 0.04187 0.34573 0.27169 1506.985
3.375 0.62691 43.67546 0.25583 27.38063 0.34090 0.04172 0.34610 0.27129 1506.618
3.380 0.62688 43.62051 0.25549 27.34486 0.34108 0.04157 0.34646 0.27089 1506.251
3.385 0.62685 43.56567 0.25516 27.30918 0.34126 0.04142 0.34683 0.27049 1505.885
3.390 0.62682 43.51095 0.25483 27.27359 0.34144 0.04127 0.34720 0.27010 1505.519
3.395 0.62679 43.45634 0.25450 27.23809 0.34162 0.04112 0.34756 0.26970 1505.154
3.400 0.62676 43.40184 0.25416 27.20268 0.34180 0.04097 0.34793 0.26930 1504.789
3.405 0.62673 43.34745 0.25383 27.16736 0.34198 0.04082 0.34830 0.26891 1504.424
3.410 0.62671 43.29318 0.25351 27.13212 0.34216 0.04067 0.34866 0.26851 1504.060
3.415 0.62668 43.23902 0.25318 27.09698 0.34234 0.04052 0.34903 0.26811 1503.697
3.420 0.62665 43.18496 0.25285 27.06193 0.34251 0.04038 0.34939 0.26772 1503.333
3.425 0.62662 43.13102 0.25252 27.02696 0.34269 0.04023 0.34976 0.26732 1502.971
3.430 0.62660 43.07720 0.25220 26.99208 0.34287 0.04009 0.35012 0.26692 1502.608
3.435 0.62657 43.02348 0.25187 26.95729 0.34305 0.03994 0.35049 0.26653 1502.246
3.440 0.62655 42.96987 0.25155 26.92259 0.34322 0.03979 0.35085 0.26613 1501.885
3.445 0.62652 42.91637 0.25122 26.88798 0.34340 0.03965 0.35122 0.26573 1501.524
3.450 0.62650 42.86298 0.25090 26.85345 0.34357 0.03951 0.35158 0.26534 1501.163
3.455 0.62647 42.80971 0.25058 26.81901 0.34375 0.03936 0.35195 0.26494 1500.803
3.460 0.62645 42.75654 0.25026 26.78465 0.34392 0.03922 0.35231 0.26455 1500.443
3.465 0.62642 42.70348 0.24994 26.75039 0.34409 0.03908 0.35268 0.26415 1500.084
3.470 0.62640 42.65053 0.24962 26.71620 0.34427 0.03893 0.35304 0.26376 1499.725
3.475 0.62637 42.59769 0.24930 26.68211 0.34444 0.03879 0.35340 0.26336 1499.367
3.480 0.62635 42.54495 0.24898 26.64809 0.34461 0.03865 0.35377 0.26297 1499.008
3.485 0.62633 42.49233 0.24867 26.61417 0.34479 0.03851 0.35413 0.26257 1498.651
3.490 0.62631 42.43981 0.24835 26.58033 0.34496 0.03837 0.35449 0.26218 1498.294
3.495 0.62628 42.38740 0.24803 26.54657 0.34513 0.03823 0.35486 0.26179 1497.937
3.500 0.62626 42.33510 0.24772 26.51289 0.34530 0.03809 0.35522 0.26139 1497.580
3.505 0.62624 42.28290 0.24741 26.47931 0.34547 0.03795 0.35558 0.26100 1497.224
3.510 0.62622 42.23081 0.24709 26.44580 0.34564 0.03781 0.35594 0.26060 1496.869
3.515 0.62620 42.17883 0.24678 26.41238 0.34581 0.03767 0.35631 0.26021 1496.514
3.520 0.62618 42.12695 0.24647 26.37904 0.34598 0.03754 0.35667 0.25982 1496.159
3.525 0.62616 42.07518 0.24616 26.34578 0.34615 0.03740 0.35703 0.25943 1495.805
3.530 0.62614 42.02352 0.24585 26.31261 0.34631 0.03726 0.35739 0.25903 1495.451
3.535 0.62612 41.97196 0.24554 26.27952 0.34648 0.03713 0.35775 0.25864 1495.097
3.540 0.62610 41.92050 0.24523 26.24651 0.34665 0.03699 0.35811 0.25825 1494.744
3.545 0.62608 41.86916 0.24492 26.21358 0.34681 0.03686 0.35848 0.25786 1494.391
3.550 0.62607 41.81791 0.24462 26.18074 0.34698 0.03672 0.35884 0.25746 1494.039
3.555 0.62605 41.76677 0.24431 26.14797 0.34715 0.03659 0.35920 0.25707 1493.687
3.560 0.62603 41.71574 0.24400 26.11529 0.34731 0.03645 0.35956 0.25668 1493.336
3.565 0.62601 41.66481 0.24370 26.08268 0.34748 0.03632 0.35992 0.25629 1492.985
3.570 0.62600 41.61398 0.24340 26.05016 0.34764 0.03618 0.36028 0.25590 1492.634
3.575 0.62598 41.56326 0.24309 26.01772 0.34780 0.03605 0.36064 0.25551 1492.284
3.580 0.62596 41.51264 0.24279 25.98536 0.34797 0.03592 0.36100 0.25512 1491.934
3.585 0.62595 41.46212 0.24249 25.95307 0.34813 0.03579 0.36136 0.25473 1491.585
3.590 0.62593 41.41170 0.24219 25.92087 0.34829 0.03566 0.36172 0.25434 1491.236
3.595 0.62592 41.36139 0.24189 25.88875 0.34845 0.03552 0.36208 0.25395 1490.888
3.600 0.62590 41.31118 0.24159 25.85670 0.34862 0.03539 0.36243 0.25356 1490.539
3.605 0.62589 41.26107 0.24129 25.82474 0.34878 0.03526 0.36279 0.25317 1490.192
3.610 0.62587 41.21107 0.24099 25.79285 0.34894 0.03513 0.36315 0.25278 1489.844
3.615 0.62586 41.16116 0.24069 25.76104 0.34910 0.03500 0.36351 0.25239 1489.498
3.620 0.62584 41.11136 0.24040 25.72931 0.34926 0.03488 0.36387 0.25200 1489.151
3.625 0.62583 41.06166 0.24010 25.69765 0.34942 0.03475 0.36423 0.25161 1488.805
3.630 0.62582 41.01205 0.23981 25.66608 0.34958 0.03462 0.36459 0.25122 1488.459
3.635 0.62581 40.96255 0.23951 25.63458 0.34973 0.03449 0.36494 0.25083 1488.114
3.640 0.62579 40.91315 0.23922 25.60315 0.34989 0.03436 0.36530 0.25044 1487.769
3.645 0.62578 40.86385 0.23893 25.57181 0.35005 0.03424 0.36566 0.25006 1487.425
3.650 0.62577 40.81465 0.23863 25.54054 0.35021 0.03411 0.36601 0.24967 1487.081
3.655 0.62576 40.76555 0.23834 25.50934 0.35036 0.03398 0.36637 0.24928 1486.737
3.660 0.62575 40.71655 0.23805 25.47823 0.35052 0.03386 0.36673 0.24889 1486.394
3.665 0.62574 40.66764 0.23776 25.44718 0.35068 0.03373 0.36708 0.24851 1486.051
3.670 0.62572 40.61884 0.23747 25.41622 0.35083 0.03361 0.36744 0.24812 1485.708
3.675 0.62571 40.57013 0.23718 25.38533 0.35099 0.03348 0.36780 0.24773 1485.366
3.680 0.62570 40.52153 0.23690 25.35451 0.35114 0.03336 0.36815 0.24735 1485.025
3.685 0.62570 40.47302 0.23661 25.32377 0.35129 0.03324 0.36851 0.24696 1484.683
3.690 0.62569 40.42461 0.23632 25.29310 0.35145 0.03311 0.36886 0.24658 1484.343
3.695 0.62568 40.37629 0.23604 25.26251 0.35160 0.03299 0.36922 0.24619 1484.002
3.700 0.62567 40.32808 0.23575 25.23199 0.35175 0.03287 0.36957 0.24581 1483.662
3.705 0.62566 40.27996 0.23547 25.20155 0.35190 0.03275 0.36993 0.24542 1483.322
3.710 0.62565 40.23194 0.23518 25.17117 0.35206 0.03262 0.37028 0.24504 1482.983
3.715 0.62564 40.18401 0.23490 25.14088 0.35221 0.03250 0.37064 0.24465 1482.644
3.720 0.62564 40.13618 0.23462 25.11065 0.35236 0.03238 0.37099 0.24427 1482.306
3.725 0.62563 40.08845 0.23434 25.08050 0.35251 0.03226 0.37135 0.24388 1481.968
3.730 0.62562 40.04082 0.23406 25.05042 0.35266 0.03214 0.37170 0.24350 1481.630
3.735 0.62562 39.99327 0.23377 25.02041 0.35281 0.03202 0.37205 0.24311 1481.293
3.740 0.62561 39.94583 0.23350 24.99048 0.35296 0.03190 0.37241 0.24273 1480.956
3.745 0.62560 39.89848 0.23322 24.96061 0.35311 0.03178 0.37276 0.24235 1480.620
3.750 0.62560 39.85122 0.23294 24.93082 0.35325 0.03167 0.37311 0.24197 1480.283
3.755 0.62559 39.80407 0.23266 24.90110 0.35340 0.03155 0.37347 0.24158 1479.948
3.760 0.62559 39.75700 0.23238 24.87145 0.35355 0.03143 0.37382 0.24120 1479.612
3.765 0.62558 39.71003 0.23211 24.84188 0.35370 0.03131 0.37417 0.24082 1479.278
3.770 0.62558 39.66315 0.23183 24.81237 0.35384 0.03120 0.37452 0.24044 1478.943
3.775 0.62557 39.61637 0.23156 24.78293 0.35399 0.03108 0.37488 0.24006 1478.609
3.780 0.62557 39.56968 0.23128 24.75357 0.35413 0.03096 0.37523 0.23967 1478.275
3.785 0.62557 39.52309 0.23101 24.72427 0.35428 0.03085 0.37558 0.23929 1477.942
3.790 0.62556 39.47658 0.23073 24.69505 0.35442 0.03073 0.37593 0.23891 1477.609
3.795 0.62556 39.43017 0.23046 24.66589 0.35457 0.03062 0.37628 0.23853 1477.276
3.800 0.62556 39.38386 0.23019 24.63680 0.35471 0.03050 0.37663 0.23815 1476.944
3.805 0.62555 39.33763 0.22992 24.60778 0.35485 0.03039 0.37698 0.23777 1476.612
3.810 0.62555 39.29150 0.22965 24.57884 0.35500 0.03028 0.37734 0.23739 1476.281
3.815 0.62555 39.24546 0.22938 24.54996 0.35514 0.03016 0.37769 0.23701 1475.950
3.820 0.62555 39.19952 0.22911 24.52114 0.35528 0.03005 0.37804 0.23663 1475.619
3.825 0.62555 39.15366 0.22884 24.49240 0.35542 0.02994 0.37839 0.23626 1475.289
3.830 0.62554 39.10790 0.22857 24.46373 0.35556 0.02983 0.37874 0.23588 1474.959
3.835 0.62554 39.06222 0.22831 24.43512 0.35570 0.02971 0.37909 0.23550 1474.630
3.840 0.62554 39.01664 0.22804 24.40658 0.35584 0.02960 0.37943 0.23512 1474.300
3.845 0.62554 38.97115 0.22777 24.37811 0.35598 0.02949 0.37978 0.23474 1473.972
3.850 0.62554 38.92575 0.22751 24.34970 0.35612 0.02938 0.38013 0.23437 1473.643
3.855 0.62554 38.88044 0.22724 24.32137 0.35626 0.02927 0.38048 0.23399 1473.315
3.860 0.62554 38.83522 0.22698 24.29310 0.35640 0.02916 0.38083 0.23361 1472.988
3.865 0.62554 38.79009 0.22672 24.26489 0.35654 0.02905 0.38118 0.23323 1472.661
3.870 0.62554 38.74505 0.22645 24.23676 0.35667 0.02894 0.38153 0.23286 1472.334
3.875 0.62555 38.70010 0.22619 24.20868 0.35681 0.02883 0.38187 0.23248 1472.007
3.880 0.62555 38.65523 0.22593 24.18068 0.35695 0.02872 0.38222 0.23211 1471.681
3.885 0.62555 38.61046 0.22567 24.15274 0.35708 0.02862 0.38257 0.23173 1471.356
3.890 0.62555 38.56578 0.22541 24.12487 0.35722 0.02851 0.38292 0.23136 1471.030
3.895 0.62555 38.52118 0.22515 24.09706 0.35735 0.02840 0.38326 0.23098 1470.706
3.900 0.62556 38.47667 0.22489 24.06932 0.35749 0.02829 0.38361 0.23061 1470.381
3.905 0.62556 38.43226 0.22463 24.04164 0.35762 0.02819 0.38396 0.23023 1470.057
3.910 0.62556 38.38792 0.22437 24.01402 0.35776 0.02808 0.38430 0.22986 1469.733
3.915 0.62557 38.34368 0.22411 23.98648 0.35789 0.02798 0.38465 0.22948 1469.410
3.920 0.62557 38.29953 0.22386 23.95899 0.35802 0.02787 0.38500 0.22911 1469.087
3.925 0.62557 38.25546 0.22360 23.93157 0.35816 0.02777 0.38534 0.22874 1468.764
3.930 0.62558 38.21148 0.22335 23.90421 0.35829 0.02766 0.38569 0.22837 1468.442
3.935 0.62558 38.16758 0.22309 23.87692 0.35842 0.02756 0.38603 0.22799 1468.120
3.940 0.62559 38.12377 0.22284 23.84969 0.35855 0.02745 0.38638 0.22762 1467.798
3.945 0.62559 38.08005 0.22258 23.82253 0.35868 0.02735 0.38672 0.22725 1467.477
3.950 0.62560 38.03642 0.22233 23.79543 0.35881 0.02724 0.38707 0.22688 1467.156
3.955 0.62560 37.99287 0.22208 23.76839 0.35894 0.02714 0.38741 0.22651 1466.836
3.960 0.62561 37.94941 0.22182 23.74141 0.35907 0.02704 0.38776 0.22613 1466.516
3.965 0.62561 37.90603 0.22157 23.71450 0.35920 0.02694 0.38810 0.22576 1466.196
3.970 0.62562 37.86274 0.22132 23.68765 0.35933 0.02683 0.38844 0.22539 1465.877
3.975 0.62563 37.81953 0.22107 23.66086 0.35946 0.02673 0.38879 0.22502 1465.558
3.980 0.62563 37.77641 0.22082 23.63413 0.35958 0.02663 0.38913 0.22465 1465.239
3.985 0.62564 37.73337 0.22057 23.60746 0.35971 0.02653 0.38947 0.22428 1464.921
3.990 0.62565 37.69042 0.22032 23.58086 0.35984 0.02643 0.38982 0.22391 1464.603
3.995 0.62565 37.64755 0.22008 23.55432 0.35997 0.02633 0.39016 0.22355 1464.286
4.000 0.62566 37.60477 0.21983 23.52784 0.36009 0.02623 0.39050 0.22318 1463.969
4.005 0.62567 37.56207 0.21958 23.50142 0.36022 0.02613 0.39084 0.22281 1463.652
4.010 0.62568 37.51946 0.21934 23.47506 0.36034 0.02603 0.39119 0.22244 1463.336
4.015 0.62569 37.47692 0.21909 23.44876 0.36047 0.02593 0.39153 0.22207 1463.020
4.020 0.62569 37.43447 0.21885 23.42252 0.36059 0.02583 0.39187 0.22171 1462.704
4.025 0.62570 37.39211 0.21860 23.39634 0.36071 0.02574 0.39221 0.22134 1462.389
4.030 0.62571 37.34983 0.21836 23.37023 0.36084 0.02564 0.39255 0.22097 1462.074
4.035 0.62572 37.30763 0.21811 23.34417 0.36096 0.02554 0.39289 0.22061 1461.759
4.040 0.62573 37.26551 0.21787 23.31817 0.36108 0.02544 0.39323 0.22024 1461.445
4.045 0.62574 37.22347 0.21763 23.29223 0.36121 0.02535 0.39357 0.21987 1461.131
4.050 0.62575 37.18152 0.21739 23.26635 0.36133 0.02525 0.39391 0.21951 1460.818
4.055 0.62576 37.13965 0.21714 23.24053 0.36145 0.02515 0.39425 0.21914 1460.505
4.060 0.62577 37.09786 0.21690 23.21477 0.36157 0.02506 0.39459 0.21878 1460.192
4.065 0.62578 37.05615 0.21666 23.18907 0.36169 0.02496 0.39493 0.21841 1459.880
4.070 0.62579 37.01453 0.21642 23.16343 0.36181 0.02487 0.39527 0.21805 1459.568
4.075 0.62580 36.97298 0.21619 23.13784 0.36193 0.02477 0.39561 0.21769 1459.256
4.080 0.62582 36.93152 0.21595 23.11232 0.36205 0.02468 0.39595 0.21732 1458.945
4.085 0.62583 36.89014 0.21571 23.08685 0.36217 0.02458 0.39629 0.21696 1458.634
4.090 0.62584 36.84883 0.21547 23.06144 0.36228 0.02449 0.39663 0.21660 1458.323
4.095 0.62585 36.80761 0.21523 23.03608 0.36240 0.02440 0.39697 0.21623 1458.013
4.100 0.62586 36.76647 0.21500 23.01079 0.36252 0.02430 0.39730 0.21587 1457.703
4.105 0.62588 36.72541 0.21476 22.98555 0.36264 0.02421 0.39764 0.21551 1457.394
4.110 0.62589 36.68443 0.21453 22.96037 0.36275 0.02412 0.39798 0.21515 1457.085
4.115 0.62590 36.64353 0.21429 22.93525 0.36287 0.02403 0.39832 0.21479 1456.776
4.120 0.62591 36.60270 0.21406 22.91018 0.36298 0.02393 0.39865 0.21443 1456.467
4.125 0.62593 36.56196 0.21382 22.88517 0.36310 0.02384 0.39899 0.21407 1456.159
4.130 0.62594 36.52129 0.21359 22.86022 0.36321 0.02375 0.39933 0.21371 1455.852
4.135 0.62596 36.48071 0.21336 22.83532 0.36333 0.02366 0.39966 0.21335 1455.544
4.140 0.62597 36.44020 0.21313 22.81048 0.36344 0.02357 0.40000 0.21299 1455.237
4.145 0.62598 36.39977 0.21290 22.78569 0.36356 0.02348 0.40034 0.21263 1454.930
4.150 0.62600 36.35942 0.21266 22.76096 0.36367 0.02339 0.40067 0.21227 1454.624
4.155 0.62601 36.31915 0.21243 22.73629 0.36378 0.02330 0.40101 0.21191 1454.318
4.160 0.62603 36.27896 0.21220 22.71167 0.36389 0.02321 0.40134 0.21155 1454.013
4.165 0.62604 36.23884 0.21197 22.68711 0.36401 0.02312 0.40168 0.21119 1453.707
4.170 0.62606 36.19880 0.21174 22.66260 0.36412 0.02303 0.40201 0.21084 1453.402
4.175 0.62608 36.15884 0.21152 22.63815 0.36423 0.02294 0.40235 0.21048 1453.098
4.180 0.62609 36.11895 0.21129 22.61375 0.36434 0.02286 0.40268 0.21012 1452.794
4.185 0.62611 36.07915 0.21106 22.58941 0.36445 0.02277 0.40302 0.20977 1452.490
4.190 0.62612 36.03941 0.21083 22.56512 0.36456 0.02268 0.40335 0.20941 1452.186
4.195 0.62614 35.99976 0.21061 22.54088 0.36467 0.02259 0.40368 0.20905 1451.883
4.200 0.62616 35.96018 0.21038 22.51670 0.36478 0.02251 0.40402 0.20870 1451.580
4.205 0.62617 35.92068 0.21016 22.49258 0.36488 0.02242 0.40435 0.20834 1451.278
4.210 0.62619 35.88126 0.20993 22.46850 0.36499 0.02233 0.40468 0.20799 1450.976
4.215 0.62621 35.84191 0.20971 22.44449 0.36510 0.02225 0.40502 0.20763 1450.674
4.220 0.62623 35.80263 0.20948 22.42052 0.36521 0.02216 0.40535 0.20728 1450.372
4.225 0.62624 35.76343 0.20926 22.39661 0.36531 0.02208 0.40568 0.20693 1450.071
4.230 0.62626 35.72431 0.20904 22.37275 0.36542 0.02199 0.40601 0.20657 1449.771
4.235 0.62628 35.68526 0.20881 22.34894 0.36553 0.02191 0.40635 0.20622 1449.470
4.240 0.62630 35.64629 0.20859 22.32519 0.36563 0.02182 0.40668 0.20587 1449.170
4.245 0.62632 35.60739 0.20837 22.30149 0.36574 0.02174 0.40701 0.20552 1448.870
4.250 0.62634 35.56857 0.20815 22.27784 0.36584 0.02166 0.40734 0.20516 1448.571
4.255 0.62635 35.52982 0.20793 22.25425 0.36595 0.02157 0.40767 0.20481 1448.272
4.260 0.62637 35.49114 0.20771 22.23070 0.36605 0.02149 0.40800 0.20446 1447.973
4.265 0.62639 35.45254 0.20749 22.20721 0.36615 0.02141 0.40833 0.20411 1447.675
4.270 0.62641 35.41401 0.20727 22.18377 0.36626 0.02132 0.40866 0.20376 1447.377
4.275 0.62643 35.37556 0.20705 22.16038 0.36636 0.02124 0.40899 0.20341 1447.079
4.280 0.62645 35.33718 0.20683 22.13705 0.36646 0.02116 0.40932 0.20306 1446.782
4.285 0.62647 35.29887 0.20662 22.11376 0.36656 0.02108 0.40965 0.20271 1446.485
4.290 0.62649 35.26064 0.20640 22.09053 0.36666 0.02100 0.40998 0.20236 1446.188
4.295 0.62651 35.22248 0.20618 22.06735 0.36676 0.02091 0.41031 0.20201 1445.892
4.300 0.62653 35.18439 0.20597 22.04422 0.36686 0.02083 0.41064 0.20166 1445.596
4.305 0.62655 35.14637 0.20575 22.02113 0.36696 0.02075 0.41097 0.20132 1445.300
4.310 0.62658 35.10843 0.20554 21.99810 0.36706 0.02067 0.41130 0.20097 1445.005
4.315 0.62660 35.07056 0.20532 21.97512 0.36716 0.02059 0.41162 0.20062 1444.710
4.320 0.62662 35.03276 0.20511 21.95220 0.36726 0.02051 0.41195 0.20027 1444.415
4.325 0.62664 34.99504 0.20489 21.92932 0.36736 0.02043 0.41228 0.19993 1444.121
4.330 0.62666 34.95738 0.20468 21.90649 0.36746 0.02035 0.41261 0.19958 1443.827
4.335 0.62668 34.91980 0.20447 21.88371 0.36756 0.02027 0.41293 0.19923 1443.533
4.340 0.62671 34.88229 0.20426 21.86098 0.36765 0.02020 0.41326 0.19889 1443.240
4.345 0.62673 34.84485 0.20404 21.83830 0.36775 0.02012 0.41359 0.19854 1442.947
4.350 0.62675 34.80748 0.20383 21.81567 0.36785 0.02004 0.41392 0.19820 1442.654
4.355 0.62678 34.77018 0.20362 21.79309 0.36794 0.01996 0.41424 0.19785 1442.362
4.360 0.62680 34.73295 0.20341 21.77055 0.36804 0.01988 0.41457 0.19751 1442.070
4.365 0.62682 34.69579 0.20320 21.74807 0.36813 0.01981 0.41489 0.19717 1441.778
4.370 0.62685 34.65870 0.20299 21.72564 0.36823 0.01973 0.41522 0.19682 1441.487
4.375 0.62687 34.62169 0.20278 21.70325 0.36832 0.01965 0.41554 0.19648 1441.196
4.380 0.62689 34.58474 0.20257 21.68091 0.36841 0.01958 0.41587 0.19614 1440.905
4.385 0.62692 34.54786 0.20236 21.65862 0.36851 0.01950 0.41619 0.19580 1440.615
4.390 0.62694 34.51106 0.20216 21.63638 0.36860 0.01943 0.41652 0.19545 1440.325
4.395 0.62697 34.47432 0.20195 21.61419 0.36869 0.01935 0.41684 0.19511 1440.035
4.400 0.62699 34.43765 0.20174 21.59205 0.36879 0.01927 0.41717 0.19477 1439.746
4.405 0.62701 34.40105 0.20154 21.56995 0.36888 0.01920 0.41749 0.19443 1439.457
4.410 0.62704 34.36452 0.20133 21.54790 0.36897 0.01912 0.41782 0.19409 1439.168
4.415 0.62706 34.32806 0.20112 21.52590 0.36906 0.01905 0.41814 0.19375 1438.880
4.420 0.62709 34.29167 0.20092 21.50395 0.36915 0.01898 0.41846 0.19341 1438.592
4.425 0.62711 34.25534 0.20071 21.48204 0.36924 0.01890 0.41879 0.19307 1438.304
4.430 0.62714 34.21909 0.20051 21.46018 0.36933 0.01883 0.41911 0.19273 1438.017
4.435 0.62717 34.18290 0.20031 21.43837 0.36942 0.01875 0.41943 0.19239 1437.730
4.440 0.62719 34.14678 0.20010 21.41660 0.36951 0.01868 0.41975 0.19206 1437.443
4.445 0.62722 34.11073 0.19990 21.39488 0.36960 0.01861 0.42008 0.19172 1437.156
4.450 0.62724 34.07475 0.19970 21.37321 0.36969 0.01854 0.42040 0.19138 1436.870
4.455 0.62727 34.03883 0.19950 21.35158 0.36977 0.01846 0.42072 0.19104 1436.585
4.460 0.62730 34.00298 0.19929 21.33000 0.36986 0.01839 0.42104 0.19071 1436.299
4.465 0.62732 33.96720 0.19909 21.30847 0.36995 0.01832 0.42136 0.19037 1436.014
4.470 0.62735 33.93149 0.19889 21.28698 0.37003 0.01825 0.42168 0.19003 1435.729
4.475 0.62738 33.89584 0.19869 21.26554 0.37012 0.01818 0.42200 0.18970 1435.445
4.480 0.62741 33.86026 0.19849 21.24414 0.37021 0.01811 0.42232 0.18936 1435.160
4.485 0.62743 33.82474 0.19829 21.22279 0.37029 0.01803 0.42264 0.18903 1434.877
4.490 0.62746 33.78930 0.19809 21.20149 0.37038 0.01796 0.42296 0.18869 1434.593
4.495 0.62749 33.75392 0.19789 21.18023 0.37046 0.01789 0.42328 0.18836 1434.310
4.500 0.62752 33.71860 0.19770 21.15901 0.37055 0.01782 0.42360 0.18803 1434.027
4.505 0.62755 33.68335 0.19750 21.13784 0.37063 0.01775 0.42392 0.18769 1433.744
4.510 0.62757 33.64817 0.19730 21.11672 0.37071 0.01768 0.42424 0.18736 1433.462
4.515 0.62760 33.61305 0.19710 21.09564 0.37080 0.01762 0.42456 0.18703 1433.180
4.520 0.62763 33.57800 0.19691 21.07460 0.37088 0.01755 0.42488 0.18670 1432.898
4.525 0.62766 33.54301 0.19671 21.05361 0.37096 0.01748 0.42520 0.18636 1432.617
4.530 0.62769 33.50809 0.19652 21.03266 0.37104 0.01741 0.42552 0.18603 1432.336
4.535 0.62772 33.47323 0.19632 21.01176 0.37112 0.01734 0.42583 0.18570 1432.055
4.540 0.62775 33.43844 0.19613 20.99090 0.37120 0.01727 0.42615 0.18537 1431.775
4.545 0.62778 33.40371 0.19593 20.97009 0.37128 0.01720 0.42647 0.18504 1431.495
4.550 0.62781 33.36905 0.19574 20.94932 0.37136 0.01714 0.42679 0.18471 1431.215
4.555 0.62784 33.33445 0.19554 20.92859 0.37144 0.01707 0.42710 0.18438 1430.936
4.560 0.62787 33.29992 0.19535 20.90791 0.37152 0.01700 0.42742 0.18405 1430.656
4.565 0.62790 33.26545 0.19516 20.88727 0.37160 0.01694 0.42774 0.18372 1430.378
4.570 0.62793 33.23104 0.19496 20.86667 0.37168 0.01687 0.42805 0.18340 1430.099
4.575 0.62796 33.19670 0.19477 20.84612 0.37176 0.01680 0.42837 0.18307 1429.821
4.580 0.62799 33.16242 0.19458 20.82561 0.37184 0.01674 0.42868 0.18274 1429.543
4.585 0.62802 33.12820 0.19439 20.80514 0.37192 0.01667 0.42900 0.18241 1429.265
4.590 0.62805 33.09405 0.19420 20.78472 0.37199 0.01661 0.42932 0.18209 1428.988
4.595 0.62808 33.05996 0.19401 20.76434 0.37207 0.01654 0.42963 0.18176 1428.711
4.600 0.62811 33.02594 0.19382 20.74400 0.37215 0.01648 0.42995 0.18143 1428.435
4.605 0.62814 32.99198 0.19363 20.72370 0.37222 0.01641 0.43026 0.18111 1428.158
