timeGa Urey Qt heat/H0 heatTW 1HPE 2HPE 3HPE 4HPE TempC
0.000 0.42000 36.00000 1.00000 15.12000 0.37200 0.01640 0.43000 0.18100 1351.850
0.005 0.42016 36.00000 1.00038 15.12573 0.37215 0.01647 0.42994 0.18143 1352.320
0.010 0.42011 36.03943 1.00136 15.14056 0.37207 0.01654 0.42963 0.18176 1352.791
0.015 0.42006 36.07894 1.00234 15.15542 0.37199 0.01661 0.42931 0.18209 1353.262
0.020 0.42001 36.11851 1.00333 15.17031 0.37192 0.01667 0.42900 0.18241 1353.734
0.025 0.41997 36.15816 1.00431 15.18524 0.37184 0.01674 0.42868 0.18274 1354.207
0.030 0.41992 36.19788 1.00530 15.20019 0.37176 0.01680 0.42837 0.18307 1354.680
0.035 0.41987 36.23766 1.00629 15.21518 0.37168 0.01687 0.42805 0.18340 1355.153
0.040 0.41982 36.27752 1.00729 15.23019 0.37161 0.01694 0.42773 0.18372 1355.627
0.045 0.41978 36.31745 1.00828 15.24524 0.37153 0.01700 0.42742 0.18405 1356.102
0.050 0.41973 36.35745 1.00928 15.26033 0.37145 0.01707 0.42710 0.18438 1356.577
0.055 0.41968 36.39753 1.01028 15.27544 0.37137 0.01714 0.42678 0.18471 1357.053
0.060 0.41964 36.43767 1.01128 15.29058 0.37129 0.01720 0.42647 0.18504 1357.529
0.065 0.41959 36.47789 1.01229 15.30576 0.37121 0.01727 0.42615 0.18537 1358.006
0.070 0.41954 36.51817 1.01329 15.32097 0.37113 0.01734 0.42583 0.18570 1358.484
0.075 0.41950 36.55853 1.01430 15.33621 0.37104 0.01741 0.42551 0.18603 1358.962
0.080 0.41945 36.59897 1.01531 15.35148 0.37096 0.01748 0.42520 0.18636 1359.440
0.085 0.41941 36.63947 1.01632 15.36679 0.37088 0.01755 0.42488 0.18670 1359.920
0.090 0.41936 36.68005 1.01734 15.38213 0.37080 0.01761 0.42456 0.18703 1360.399
0.095 0.41931 36.72070 1.01835 15.39750 0.37071 0.01768 0.42424 0.18736 1360.880
0.100 0.41927 36.76142 1.01937 15.41290 0.37063 0.01775 0.42392 0.18769 1361.360
0.105 0.41922 36.80222 1.02039 15.42834 0.37055 0.01782 0.42360 0.18803 1361.842
0.110 0.41918 36.84309 1.02142 15.44381 0.37046 0.01789 0.42328 0.18836 1362.324
0.115 0.41913 36.88403 1.02244 15.45931 0.37038 0.01796 0.42296 0.18869 1362.807
0.120 0.41909 36.92505 1.02347 15.47484 0.37029 0.01803 0.42264 0.18903 1363.290
0.125 0.41904 36.96614 1.02450 15.49041 0.37021 0.01811 0.42232 0.18936 1363.774
0.130 0.41900 37.00731 1.02553 15.50601 0.37012 0.01818 0.42200 0.18970 1364.258
0.135 0.41895 37.04855 1.02656 15.52165 0.37004 0.01825 0.42168 0.19003 1364.743
0.140 0.41891 37.08986 1.02760 15.53732 0.36995 0.01832 0.42136 0.19037 1365.228
0.145 0.41887 37.13125 1.02864 15.55302 0.36986 0.01839 0.42104 0.19071 1365.714
0.150 0.41882 37.17271 1.02968 15.56875 0.36978 0.01846 0.42072 0.19104 1366.201
0.155 0.41878 37.21425 1.03072 15.58452 0.36969 0.01854 0.42040 0.19138 1366.688
0.160 0.41873 37.25586 1.03177 15.60033 0.36960 0.01861 0.42007 0.19172 1367.176
0.165 0.41869 37.29755 1.03281 15.61616 0.36951 0.01868 0.41975 0.19206 1367.664
0.170 0.41865 37.33931 1.03386 15.63203 0.36942 0.01875 0.41943 0.19239 1368.153
0.175 0.41861 37.38115 1.03492 15.64794 0.36933 0.01883 0.41911 0.19273 1368.643
0.180 0.41856 37.42306 1.03597 15.66388 0.36924 0.01890 0.41878 0.19307 1369.133
0.185 0.41852 37.46505 1.03703 15.67985 0.36915 0.01898 0.41846 0.19341 1369.624
0.190 0.41848 37.50712 1.03809 15.69586 0.36906 0.01905 0.41814 0.19375 1370.115
0.195 0.41843 37.54926 1.03915 15.71190 0.36897 0.01912 0.41781 0.19409 1370.607
0.200 0.41839 37.59148 1.04021 15.72798 0.36888 0.01920 0.41749 0.19443 1371.099
0.205 0.41835 37.63377 1.04128 15.74409 0.36879 0.01927 0.41717 0.19477 1371.593
0.210 0.41831 37.67614 1.04234 15.76024 0.36870 0.01935 0.41684 0.19511 1372.086
0.215 0.41827 37.71859 1.04341 15.77642 0.36860 0.01942 0.41652 0.19545 1372.580
0.220 0.41822 37.76112 1.04449 15.79264 0.36851 0.01950 0.41619 0.19580 1373.075
0.225 0.41818 37.80372 1.04556 15.80889 0.36842 0.01958 0.41587 0.19614 1373.571
0.230 0.41814 37.84640 1.04664 15.82518 0.36832 0.01965 0.41554 0.19648 1374.067
0.235 0.41810 37.88916 1.04772 15.84150 0.36823 0.01973 0.41522 0.19682 1374.563
0.240 0.41806 37.93199 1.04880 15.85786 0.36813 0.01981 0.41489 0.19717 1375.061
0.245 0.41802 37.97490 1.04988 15.87425 0.36804 0.01988 0.41457 0.19751 1375.559
0.250 0.41798 38.01790 1.05097 15.89068 0.36794 0.01996 0.41424 0.19785 1376.057
0.255 0.41794 38.06097 1.05206 15.90715 0.36785 0.02004 0.41391 0.19820 1376.556
0.260 0.41790 38.10411 1.05315 15.92365 0.36775 0.02012 0.41359 0.19854 1377.056
0.265 0.41786 38.14734 1.05424 15.94018 0.36765 0.02020 0.41326 0.19889 1377.556
0.270 0.41782 38.19065 1.05534 15.95676 0.36756 0.02027 0.41293 0.19923 1378.057
0.275 0.41778 38.23403 1.05644 15.97337 0.36746 0.02035 0.41261 0.19958 1378.558
0.280 0.41774 38.27749 1.05754 15.99001 0.36736 0.02043 0.41228 0.19993 1379.060
0.285 0.41770 38.32104 1.05864 16.00670 0.36726 0.02051 0.41195 0.20027 1379.563
0.290 0.41766 38.36466 1.05975 16.02342 0.36716 0.02059 0.41162 0.20062 1380.066
0.295 0.41762 38.40836 1.06086 16.04017 0.36707 0.02067 0.41129 0.20097 1380.570
0.300 0.41758 38.45214 1.06197 16.05696 0.36697 0.02075 0.41097 0.20132 1381.074
0.305 0.41754 38.49601 1.06308 16.07379 0.36687 0.02083 0.41064 0.20166 1381.579
0.310 0.41751 38.53995 1.06420 16.09066 0.36677 0.02091 0.41031 0.20201 1382.085
0.315 0.41747 38.58397 1.06532 16.10756 0.36666 0.02100 0.40998 0.20236 1382.591
0.320 0.41743 38.62808 1.06644 16.12451 0.36656 0.02108 0.40965 0.20271 1383.098
0.325 0.41739 38.67226 1.06756 16.14148 0.36646 0.02116 0.40932 0.20306 1383.606
0.330 0.41735 38.71652 1.06868 16.15850 0.36636 0.02124 0.40899 0.20341 1384.114
0.335 0.41732 38.76087 1.06981 16.17555 0.36626 0.02132 0.40866 0.20376 1384.623
0.340 0.41728 38.80530 1.07094 16.19264 0.36615 0.02141 0.40833 0.20411 1385.132
0.345 0.41724 38.84981 1.07207 16.20977 0.36605 0.02149 0.40800 0.20446 1385.642
0.350 0.41721 38.89440 1.07321 16.22694 0.36595 0.02157 0.40767 0.20481 1386.153
0.355 0.41717 38.93907 1.07435 16.24415 0.36584 0.02166 0.40734 0.20516 1386.664
0.360 0.41713 38.98383 1.07549 16.26139 0.36574 0.02174 0.40701 0.20552 1387.176
0.365 0.41710 39.02866 1.07663 16.27867 0.36563 0.02182 0.40668 0.20587 1387.688
0.370 0.41706 39.07358 1.07778 16.29599 0.36553 0.02191 0.40634 0.20622 1388.201
0.375 0.41702 39.11859 1.07893 16.31335 0.36542 0.02199 0.40601 0.20657 1388.715
0.380 0.41699 39.16367 1.08008 16.33075 0.36532 0.02208 0.40568 0.20693 1389.229
0.385 0.41695 39.20884 1.08123 16.34818 0.36521 0.02216 0.40535 0.20728 1389.744
0.390 0.41692 39.25409 1.08238 16.36566 0.36510 0.02225 0.40501 0.20763 1390.260
0.395 0.41688 39.29943 1.08354 16.38317 0.36499 0.02233 0.40468 0.20799 1390.776
0.400 0.41685 39.34485 1.08470 16.40072 0.36489 0.02242 0.40435 0.20834 1391.293
0.405 0.41681 39.39035 1.08587 16.41831 0.36478 0.02251 0.40402 0.20870 1391.810
0.410 0.41678 39.43593 1.08703 16.43595 0.36467 0.02259 0.40368 0.20905 1392.328
0.415 0.41674 39.48161 1.08820 16.45362 0.36456 0.02268 0.40335 0.20941 1392.847
0.420 0.41671 39.52736 1.08937 16.47133 0.36445 0.02277 0.40301 0.20977 1393.367
0.425 0.41667 39.57320 1.09055 16.48908 0.36434 0.02286 0.40268 0.21012 1393.887
0.430 0.41664 39.61912 1.09172 16.50687 0.36423 0.02294 0.40235 0.21048 1394.407
0.435 0.41661 39.66513 1.09290 16.52470 0.36412 0.02303 0.40201 0.21084 1394.928
0.440 0.41657 39.71123 1.09409 16.54257 0.36401 0.02312 0.40168 0.21119 1395.450
0.445 0.41654 39.75741 1.09527 16.56048 0.36390 0.02321 0.40134 0.21155 1395.973
0.450 0.41650 39.80367 1.09646 16.57843 0.36378 0.02330 0.40101 0.21191 1396.496
0.455 0.41647 39.85002 1.09765 16.59642 0.36367 0.02339 0.40067 0.21227 1397.020
0.460 0.41644 39.89646 1.09884 16.61445 0.36356 0.02348 0.40033 0.21263 1397.544
0.465 0.41641 39.94298 1.10003 16.63252 0.36344 0.02357 0.40000 0.21299 1398.069
0.470 0.41637 39.98959 1.10123 16.65064 0.36333 0.02366 0.39966 0.21335 1398.595
0.475 0.41634 40.03629 1.10243 16.66879 0.36322 0.02375 0.39933 0.21371 1399.121
0.480 0.41631 40.08307 1.10364 16.68698 0.36310 0.02384 0.39899 0.21407 1399.648
0.485 0.41628 40.12994 1.10484 16.70522 0.36299 0.02393 0.39865 0.21443 1400.176
0.490 0.41625 40.17690 1.10605 16.72350 0.36287 0.02403 0.39832 0.21479 1400.704
0.495 0.41622 40.22394 1.10726 16.74182 0.36275 0.02412 0.39798 0.21515 1401.233
0.500 0.41618 40.27107 1.10848 16.76018 0.36264 0.02421 0.39764 0.21551 1401.763
0.505 0.41615 40.31829 1.10969 16.77858 0.36252 0.02430 0.39730 0.21587 1402.293
0.510 0.41612 40.36560 1.11091 16.79703 0.36240 0.02440 0.39696 0.21623 1402.824
0.515 0.41609 40.41299 1.11214 16.81551 0.36229 0.02449 0.39663 0.21660 1403.356
0.520 0.41606 40.46048 1.11336 16.83404 0.36217 0.02458 0.39629 0.21696 1403.888
0.525 0.41603 40.50805 1.11459 16.85261 0.36205 0.02468 0.39595 0.21732 1404.421
0.530 0.41600 40.55571 1.11582 16.87122 0.36193 0.02477 0.39561 0.21769 1404.954
0.535 0.41597 40.60346 1.11706 16.88988 0.36181 0.02487 0.39527 0.21805 1405.488
0.540 0.41594 40.65130 1.11829 16.90858 0.36169 0.02496 0.39493 0.21841 1406.023
0.545 0.41591 40.69923 1.11953 16.92732 0.36157 0.02506 0.39459 0.21878 1406.559
0.550 0.41588 40.74724 1.12077 16.94610 0.36145 0.02515 0.39425 0.21914 1407.095
0.555 0.41585 40.79535 1.12202 16.96493 0.36133 0.02525 0.39391 0.21951 1407.632
0.560 0.41583 40.84355 1.12327 16.98380 0.36121 0.02535 0.39357 0.21987 1408.169
0.565 0.41580 40.89183 1.12452 17.00271 0.36109 0.02544 0.39323 0.22024 1408.707
0.570 0.41577 40.94021 1.12577 17.02167 0.36096 0.02554 0.39289 0.22061 1409.246
0.575 0.41574 40.98868 1.12703 17.04067 0.36084 0.02564 0.39255 0.22097 1409.785
0.580 0.41571 41.03724 1.12829 17.05971 0.36072 0.02574 0.39221 0.22134 1410.326
0.585 0.41569 41.08589 1.12955 17.07880 0.36059 0.02583 0.39187 0.22171 1410.866
0.590 0.41566 41.13463 1.13082 17.09793 0.36047 0.02593 0.39153 0.22207 1411.408
0.595 0.41563 41.18346 1.13208 17.11711 0.36034 0.02603 0.39118 0.22244 1411.950
0.600 0.41560 41.23239 1.13335 17.13633 0.36022 0.02613 0.39084 0.22281 1412.493
0.605 0.41558 41.28140 1.13463 17.15559 0.36009 0.02623 0.39050 0.22318 1413.036
0.610 0.41555 41.33051 1.13591 17.17490 0.35997 0.02633 0.39016 0.22355 1413.580
0.615 0.41552 41.37971 1.13719 17.19425 0.35984 0.02643 0.38981 0.22391 1414.125
0.620 0.41550 41.42901 1.13847 17.21365 0.35971 0.02653 0.38947 0.22428 1414.671
0.625 0.41547 41.47839 1.13976 17.23310 0.35959 0.02663 0.38913 0.22465 1415.217
0.630 0.41545 41.52787 1.14104 17.25258 0.35946 0.02673 0.38879 0.22502 1415.763
0.635 0.41542 41.57744 1.14234 17.27212 0.35933 0.02683 0.38844 0.22539 1416.311
0.640 0.41540 41.62711 1.14363 17.29170 0.35920 0.02694 0.38810 0.22576 1416.859
0.645 0.41537 41.67686 1.14493 17.31132 0.35907 0.02704 0.38775 0.22613 1417.408
0.650 0.41535 41.72672 1.14623 17.33099 0.35894 0.02714 0.38741 0.22651 1417.958
0.655 0.41532 41.77666 1.14753 17.35071 0.35881 0.02724 0.38707 0.22688 1418.508
0.660 0.41530 41.82670 1.14884 17.37047 0.35868 0.02735 0.38672 0.22725 1419.059
0.665 0.41527 41.87684 1.15015 17.39028 0.35855 0.02745 0.38638 0.22762 1419.610
0.670 0.41525 41.92707 1.15146 17.41013 0.35842 0.02756 0.38603 0.22799 1420.162
0.675 0.41522 41.97739 1.15278 17.43003 0.35829 0.02766 0.38569 0.22837 1420.715
0.680 0.41520 42.02781 1.15410 17.44998 0.35816 0.02776 0.38534 0.22874 1421.269
0.685 0.41518 42.07832 1.15542 17.46997 0.35803 0.02787 0.38499 0.22911 1421.823
0.690 0.41515 42.12893 1.15675 17.49001 0.35789 0.02798 0.38465 0.22948 1422.378
0.695 0.41513 42.17964 1.15808 17.51010 0.35776 0.02808 0.38430 0.22986 1422.934
0.700 0.41511 42.23044 1.15941 17.53024 0.35763 0.02819 0.38396 0.23023 1423.490
0.705 0.41509 42.28134 1.16074 17.55042 0.35749 0.02829 0.38361 0.23061 1424.048
0.710 0.41506 42.33233 1.16208 17.57065 0.35736 0.02840 0.38326 0.23098 1424.605
0.715 0.41504 42.38342 1.16342 17.59092 0.35722 0.02851 0.38292 0.23136 1425.164
0.720 0.41502 42.43461 1.16477 17.61125 0.35709 0.02862 0.38257 0.23173 1425.723
0.725 0.41500 42.48589 1.16611 17.63162 0.35695 0.02872 0.38222 0.23211 1426.283
0.730 0.41498 42.53728 1.16746 17.65204 0.35681 0.02883 0.38187 0.23248 1426.843
0.735 0.41496 42.58875 1.16882 17.67251 0.35668 0.02894 0.38152 0.23286 1427.405
0.740 0.41494 42.64033 1.17017 17.69302 0.35654 0.02905 0.38118 0.23323 1427.967
0.745 0.41492 42.69201 1.17153 17.71359 0.35640 0.02916 0.38083 0.23361 1428.529
0.750 0.41490 42.74378 1.17290 17.73420 0.35626 0.02927 0.38048 0.23399 1429.093
0.755 0.41488 42.79565 1.17426 17.75487 0.35612 0.02938 0.38013 0.23437 1429.657
0.760 0.41486 42.84762 1.17563 17.77558 0.35598 0.02949 0.37978 0.23474 1430.221
0.765 0.41484 42.89969 1.17701 17.79634 0.35584 0.02960 0.37943 0.23512 1430.787
0.770 0.41482 42.95186 1.17838 17.81715 0.35570 0.02971 0.37908 0.23550 1431.353
0.775 0.41480 43.00412 1.17976 17.83801 0.35556 0.02982 0.37873 0.23588 1431.920
0.780 0.41478 43.05649 1.18115 17.85891 0.35542 0.02994 0.37838 0.23626 1432.488
0.785 0.41476 43.10896 1.18253 17.87987 0.35528 0.03005 0.37803 0.23663 1433.056
0.790 0.41474 43.16152 1.18392 17.90088 0.35514 0.03016 0.37768 0.23701 1433.625
0.795 0.41472 43.21419 1.18531 17.92194 0.35500 0.03028 0.37733 0.23739 1434.195
0.800 0.41471 43.26696 1.18671 17.94305 0.35486 0.03039 0.37698 0.23777 1434.765
0.805 0.41469 43.31982 1.18811 17.96421 0.35471 0.03050 0.37663 0.23815 1435.336
0.810 0.41467 43.37279 1.18951 17.98541 0.35457 0.03062 0.37628 0.23853 1435.908
0.815 0.41465 43.42586 1.19092 18.00667 0.35442 0.03073 0.37593 0.23891 1436.481
0.820 0.41464 43.47903 1.19233 18.02798 0.35428 0.03085 0.37558 0.23929 1437.054
0.825 0.41462 43.53231 1.19374 18.04935 0.35413 0.03096 0.37523 0.23967 1437.628
0.830 0.41460 43.58568 1.19516 18.07076 0.35399 0.03108 0.37488 0.24006 1438.203
0.835 0.41459 43.63916 1.19658 18.09222 0.35384 0.03120 0.37452 0.24044 1438.778
0.840 0.41457 43.69274 1.19800 18.11374 0.35370 0.03131 0.37417 0.24082 1439.354
0.845 0.41456 43.74642 1.19942 18.13530 0.35355 0.03143 0.37382 0.24120 1439.931
0.850 0.41454 43.80020 1.20085 18.15692 0.35340 0.03155 0.37347 0.24158 1440.509
0.855 0.41452 43.85409 1.20229 18.17859 0.35326 0.03167 0.37311 0.24197 1441.087
0.860 0.41451 43.90808 1.20372 18.20032 0.35311 0.03178 0.37276 0.24235 1441.666
0.865 0.41449 43.96217 1.20516 18.22209 0.35296 0.03190 0.37241 0.24273 1442.246
0.870 0.41448 44.01637 1.20661 18.24392 0.35281 0.03202 0.37205 0.24311 1442.827
0.875 0.41447 44.07067 1.20806 18.26580 0.35266 0.03214 0.37170 0.24350 1443.408
0.880 0.41445 44.12508 1.20951 18.28773 0.35251 0.03226 0.37135 0.24388 1443.990
0.885 0.41444 44.17959 1.21096 18.30972 0.35236 0.03238 0.37099 0.24427 1444.573
0.890 0.41442 44.23421 1.21242 18.33176 0.35221 0.03250 0.37064 0.24465 1445.156
0.895 0.41441 44.28893 1.21388 18.35385 0.35206 0.03262 0.37028 0.24504 1445.740
0.900 0.41440 44.34375 1.21534 18.37599 0.35191 0.03275 0.36993 0.24542 1446.325
0.905 0.41439 44.39868 1.21681 18.39819 0.35175 0.03287 0.36957 0.24580 1446.911
0.910 0.41437 44.45372 1.21828 18.42045 0.35160 0.03299 0.36922 0.24619 1447.497
0.915 0.41436 44.50886 1.21976 18.44275 0.35145 0.03311 0.36886 0.24658 1448.085
0.920 0.41435 44.56411 1.22124 18.46511 0.35130 0.03324 0.36851 0.24696 1448.672
0.925 0.41434 44.61947 1.22272 18.48753 0.35114 0.03336 0.36815 0.24735 1449.261
0.930 0.41433 44.67493 1.22421 18.51000 0.35099 0.03348 0.36780 0.24773 1449.851
0.935 0.41432 44.73050 1.22570 18.53252 0.35083 0.03361 0.36744 0.24812 1450.441
0.940 0.41430 44.78617 1.22719 18.55510 0.35068 0.03373 0.36708 0.24851 1451.032
0.945 0.41429 44.84195 1.22869 18.57774 0.35052 0.03386 0.36673 0.24889 1451.623
0.950 0.41428 44.89785 1.23019 18.60043 0.35037 0.03398 0.36637 0.24928 1452.215
0.955 0.41427 44.95384 1.23169 18.62317 0.35021 0.03411 0.36601 0.24967 1452.809
0.960 0.41426 45.00995 1.23320 18.64597 0.35005 0.03424 0.36566 0.25006 1453.402
0.965 0.41425 45.06617 1.23471 18.66883 0.34989 0.03436 0.36530 0.25044 1453.997
0.970 0.41424 45.12249 1.23623 18.69174 0.34974 0.03449 0.36494 0.25083 1454.592
0.975 0.41424 45.17892 1.23775 18.71471 0.34958 0.03462 0.36458 0.25122 1455.189
0.980 0.41423 45.23547 1.23927 18.73774 0.34942 0.03475 0.36423 0.25161 1455.785
0.985 0.41422 45.29212 1.24079 18.76082 0.34926 0.03487 0.36387 0.25200 1456.383
0.990 0.41421 45.34888 1.24232 18.78395 0.34910 0.03500 0.36351 0.25239 1456.982
0.995 0.41420 45.40575 1.24386 18.80715 0.34894 0.03513 0.36315 0.25278 1457.581
1.000 0.41419 45.46273 1.24540 18.83040 0.34878 0.03526 0.36279 0.25317 1458.181
1.005 0.41419 45.51982 1.24694 18.85371 0.34862 0.03539 0.36243 0.25356 1458.781
1.010 0.41418 45.57702 1.24848 18.87707 0.34846 0.03552 0.36207 0.25394 1459.383
1.015 0.41417 45.63434 1.25003 18.90050 0.34829 0.03565 0.36172 0.25433 1459.985
1.020 0.41417 45.69176 1.25159 18.92398 0.34813 0.03579 0.36136 0.25473 1460.588
1.025 0.41416 45.74930 1.25314 18.94752 0.34797 0.03592 0.36100 0.25512 1461.192
1.030 0.41415 45.80695 1.25470 18.97112 0.34781 0.03605 0.36064 0.25551 1461.796
1.035 0.41415 45.86471 1.25627 18.99477 0.34764 0.03618 0.36028 0.25590 1462.401
1.040 0.41414 45.92258 1.25784 19.01849 0.34748 0.03632 0.35992 0.25629 1463.007
1.045 0.41414 45.98056 1.25941 19.04226 0.34731 0.03645 0.35956 0.25668 1463.614
1.050 0.41413 46.03866 1.26098 19.06609 0.34715 0.03659 0.35920 0.25707 1464.222
1.055 0.41413 46.09687 1.26256 19.08998 0.34698 0.03672 0.35883 0.25746 1464.830
1.060 0.41412 46.15519 1.26415 19.11393 0.34682 0.03685 0.35847 0.25786 1465.439
1.065 0.41412 46.21363 1.26574 19.13794 0.34665 0.03699 0.35811 0.25825 1466.049
1.070 0.41412 46.27218 1.26733 19.16201 0.34648 0.03713 0.35775 0.25864 1466.660
1.075 0.41411 46.33084 1.26892 19.18614 0.34632 0.03726 0.35739 0.25903 1467.271
1.080 0.41411 46.38962 1.27052 19.21033 0.34615 0.03740 0.35703 0.25942 1467.883
1.085 0.41411 46.44852 1.27213 19.23458 0.34598 0.03754 0.35667 0.25982 1468.496
1.090 0.41410 46.50753 1.27374 19.25888 0.34581 0.03767 0.35630 0.26021 1469.110
1.095 0.41410 46.56665 1.27535 19.28325 0.34564 0.03781 0.35594 0.26060 1469.725
1.100 0.41410 46.62589 1.27696 19.30769 0.34547 0.03795 0.35558 0.26100 1470.340
1.105 0.41410 46.68524 1.27858 19.33218 0.34530 0.03809 0.35522 0.26139 1470.956
1.110 0.41409 46.74472 1.28021 19.35673 0.34513 0.03823 0.35485 0.26179 1471.573
1.115 0.41409 46.80430 1.28183 19.38135 0.34496 0.03837 0.35449 0.26218 1472.191
1.120 0.41409 46.86401 1.28347 19.40602 0.34479 0.03851 0.35413 0.26257 1472.810
1.125 0.41409 46.92383 1.28510 19.43076 0.34462 0.03865 0.35377 0.26297 1473.429
1.130 0.41409 46.98376 1.28674 19.45556 0.34444 0.03879 0.35340 0.26336 1474.049
1.135 0.41409 47.04382 1.28839 19.48042 0.34427 0.03893 0.35304 0.26376 1474.670
1.140 0.41409 47.10399 1.29004 19.50535 0.34410 0.03908 0.35267 0.26415 1475.292
1.145 0.41409 47.16428 1.29169 19.53033 0.34392 0.03922 0.35231 0.26455 1475.914
1.150 0.41409 47.22469 1.29335 19.55538 0.34375 0.03936 0.35195 0.26494 1476.537
1.155 0.41409 47.28522 1.29501 19.58050 0.34357 0.03951 0.35158 0.26534 1477.161
1.160 0.41409 47.34586 1.29667 19.60567 0.34340 0.03965 0.35122 0.26573 1477.786
1.165 0.41410 47.40662 1.29834 19.63091 0.34322 0.03979 0.35085 0.26613 1478.412
1.170 0.41410 47.46751 1.30001 19.65622 0.34305 0.03994 0.35049 0.26653 1479.038
1.175 0.41410 47.52851 1.30169 19.68158 0.34287 0.04008 0.35012 0.26692 1479.666
1.180 0.41410 47.58963 1.30337 19.70701 0.34269 0.04023 0.34976 0.26732 1480.294
1.185 0.41411 47.65088 1.30506 19.73251 0.34252 0.04038 0.34939 0.26771 1480.923
1.190 0.41411 47.71224 1.30675 19.75807 0.34234 0.04052 0.34903 0.26811 1481.552
1.195 0.41411 47.77372 1.30845 19.78369 0.34216 0.04067 0.34866 0.26851 1482.183
1.200 0.41412 47.83533 1.31014 19.80938 0.34198 0.04082 0.34829 0.26891 1482.814
1.205 0.41412 47.89705 1.31185 19.83514 0.34180 0.04097 0.34793 0.26930 1483.446
1.210 0.41412 47.95890 1.31356 19.86096 0.34162 0.04112 0.34756 0.26970 1484.079
1.215 0.41413 48.02087 1.31527 19.88684 0.34144 0.04127 0.34720 0.27010 1484.713
1.220 0.41413 48.08296 1.31698 19.91280 0.34126 0.04141 0.34683 0.27049 1485.347
1.225 0.41414 48.14517 1.31870 19.93881 0.34108 0.04156 0.34646 0.27089 1485.983
1.230 0.41414 48.20751 1.32043 19.96490 0.34090 0.04172 0.34609 0.27129 1486.619
1.235 0.41415 48.26997 1.32216 19.99105 0.34072 0.04187 0.34573 0.27169 1487.256
1.240 0.41416 48.33255 1.32389 20.01726 0.34053 0.04202 0.34536 0.27209 1487.894
1.245 0.41416 48.39525 1.32563 20.04355 0.34035 0.04217 0.34499 0.27248 1488.532
1.250 0.41417 48.45808 1.32737 20.06990 0.34017 0.04232 0.34463 0.27288 1489.172
1.255 0.41418 48.52103 1.32912 20.09632 0.33998 0.04248 0.34426 0.27328 1489.812
1.260 0.41418 48.58411 1.33087 20.12280 0.33980 0.04263 0.34389 0.27368 1490.453
1.265 0.41419 48.64731 1.33263 20.14935 0.33962 0.04278 0.34352 0.27408 1491.095
1.270 0.41420 48.71064 1.33439 20.17598 0.33943 0.04294 0.34315 0.27448 1491.738
1.275 0.41421 48.77409 1.33616 20.20266 0.33925 0.04309 0.34278 0.27488 1492.382
1.280 0.41422 48.83767 1.33792 20.22942 0.33906 0.04325 0.34242 0.27528 1493.026
1.285 0.41423 48.90137 1.33970 20.25625 0.33887 0.04340 0.34205 0.27568 1493.671
1.290 0.41424 48.96520 1.34148 20.28314 0.33869 0.04356 0.34168 0.27608 1494.317
1.295 0.41425 49.02915 1.34326 20.31011 0.33850 0.04372 0.34131 0.27648 1494.964
1.300 0.41426 49.09324 1.34505 20.33714 0.33831 0.04388 0.34094 0.27688 1495.612
1.305 0.41427 49.15744 1.34684 20.36425 0.33812 0.04403 0.34057 0.27727 1496.261
1.310 0.41428 49.22178 1.34864 20.39142 0.33793 0.04419 0.34020 0.27767 1496.910
1.315 0.41429 49.28624 1.35044 20.41866 0.33774 0.04435 0.33983 0.27808 1497.560
1.320 0.41430 49.35083 1.35225 20.44598 0.33755 0.04451 0.33946 0.27848 1498.211
1.325 0.41431 49.41555 1.35406 20.47336 0.33736 0.04467 0.33909 0.27888 1498.863
1.330 0.41432 49.48040 1.35587 20.50081 0.33717 0.04483 0.33872 0.27928 1499.516
1.335 0.41433 49.54538 1.35769 20.52834 0.33698 0.04499 0.33835 0.27968 1500.170
1.340 0.41435 49.61048 1.35952 20.55594 0.33679 0.04515 0.33798 0.28008 1500.824
1.345 0.41436 49.67572 1.36135 20.58360 0.33660 0.04531 0.33761 0.28048 1501.480
1.350 0.41437 49.74108 1.36318 20.61134 0.33641 0.04548 0.33724 0.28088 1502.136
1.355 0.41439 49.80658 1.36502 20.63916 0.33621 0.04564 0.33687 0.28128 1502.793
1.360 0.41440 49.87220 1.36687 20.66704 0.33602 0.04580 0.33650 0.28168 1503.451
1.365 0.41441 49.93795 1.36872 20.69500 0.33583 0.04597 0.33612 0.28208 1504.109
1.370 0.41443 50.00384 1.37057 20.72302 0.33563 0.04613 0.33575 0.28248 1504.769
1.375 0.41444 50.06986 1.37243 20.75113 0.33544 0.04630 0.33538 0.28288 1505.429
1.380 0.41446 50.13600 1.37429 20.77930 0.33524 0.04646 0.33501 0.28329 1506.091
1.385 0.41447 50.20228 1.37616 20.80755 0.33505 0.04663 0.33464 0.28369 1506.753
1.390 0.41449 50.26870 1.37803 20.83587 0.33485 0.04679 0.33426 0.28409 1507.416
1.395 0.41451 50.33524 1.37991 20.86427 0.33465 0.04696 0.33389 0.28449 1508.080
1.400 0.41452 50.40192 1.38179 20.89274 0.33446 0.04713 0.33352 0.28489 1508.744
1.405 0.41454 50.46873 1.38368 20.92128 0.33426 0.04730 0.33315 0.28529 1509.410
1.410 0.41456 50.53567 1.38558 20.94990 0.33406 0.04747 0.33277 0.28570 1510.076
1.415 0.41457 50.60275 1.38747 20.97859 0.33386 0.04764 0.33240 0.28610 1510.744
1.420 0.41459 50.66996 1.38938 21.00736 0.33367 0.04780 0.33203 0.28650 1511.412
1.425 0.41461 50.73730 1.39128 21.03621 0.33347 0.04797 0.33166 0.28690 1512.081
1.430 0.41463 50.80478 1.39320 21.06513 0.33327 0.04815 0.33128 0.28731 1512.751
1.435 0.41465 50.87239 1.39511 21.09412 0.33307 0.04832 0.33091 0.28771 1513.421
1.440 0.41467 50.94014 1.39704 21.12319 0.33287 0.04849 0.33053 0.28811 1514.093
1.445 0.41469 51.00802 1.39896 21.15234 0.33267 0.04866 0.33016 0.28851 1514.766
1.450 0.41471 51.07604 1.40090 21.18156 0.33246 0.04883 0.32979 0.28892 1515.439
1.455 0.41473 51.14420 1.40284 21.21087 0.33226 0.04901 0.32941 0.28932 1516.113
1.460 0.41475 51.21249 1.40478 21.24024 0.33206 0.04918 0.32904 0.28972 1516.788
1.465 0.41477 51.28092 1.40673 21.26970 0.33186 0.04936 0.32866 0.29012 1517.464
1.470 0.41479 51.34949 1.40868 21.29923 0.33165 0.04953 0.32829 0.29053 1518.141
1.475 0.41481 51.41819 1.41064 21.32885 0.33145 0.04971 0.32792 0.29093 1518.819
1.480 0.41483 51.48703 1.41260 21.35854 0.33125 0.04988 0.32754 0.29133 1519.498
1.485 0.41486 51.55601 1.41457 21.38830 0.33104 0.05006 0.32717 0.29174 1520.177
1.490 0.41488 51.62513 1.41654 21.41815 0.33084 0.05023 0.32679 0.29214 1520.858
1.495 0.41490 51.69438 1.41852 21.44808 0.33063 0.05041 0.32642 0.29254 1521.539
1.500 0.41492 51.76378 1.42051 21.47808 0.33042 0.05059 0.32604 0.29294 1522.221
1.505 0.41495 51.83331 1.42250 21.50817 0.33022 0.05077 0.32566 0.29335 1522.904
1.510 0.41497 51.90298 1.42449 21.53833 0.33001 0.05095 0.32529 0.29375 1523.588
1.515 0.41500 51.97280 1.42649 21.56857 0.32980 0.05113 0.32491 0.29415 1524.273
1.520 0.41502 52.04275 1.42850 21.59890 0.32960 0.05131 0.32454 0.29456 1524.959
1.525 0.41505 52.11284 1.43051 21.62930 0.32939 0.05149 0.32416 0.29496 1525.646
1.530 0.41507 52.18308 1.43253 21.65979 0.32918 0.05167 0.32379 0.29536 1526.333
1.535 0.41510 52.25345 1.43455 21.69036 0.32897 0.05185 0.32341 0.29577 1527.022
1.540 0.41513 52.32397 1.43657 21.72101 0.32876 0.05204 0.32303 0.29617 1527.711
1.545 0.41515 52.39463 1.43861 21.75174 0.32855 0.05222 0.32266 0.29657 1528.401
1.550 0.41518 52.46543 1.44064 21.78255 0.32834 0.05240 0.32228 0.29698 1529.093
1.555 0.41521 52.53637 1.44269 21.81344 0.32813 0.05259 0.32190 0.29738 1529.785
1.560 0.41523 52.60746 1.44474 21.84442 0.32792 0.05277 0.32153 0.29778 1530.478
1.565 0.41526 52.67869 1.44679 21.87548 0.32771 0.05296 0.32115 0.29819 1531.171
1.570 0.41529 52.75006 1.44885 21.90662 0.32750 0.05314 0.32077 0.29859 1531.866
1.575 0.41532 52.82158 1.45092 21.93785 0.32728 0.05333 0.32039 0.29900 1532.562
1.580 0.41535 52.89324 1.45299 21.96916 0.32707 0.05351 0.32002 0.29940 1533.258
1.585 0.41538 52.96504 1.45506 22.00055 0.32686 0.05370 0.31964 0.29980 1533.956
1.590 0.41541 53.03699 1.45714 22.03203 0.32664 0.05389 0.31926 0.30021 1534.654
1.595 0.41544 53.10909 1.45923 22.06359 0.32643 0.05408 0.31888 0.30061 1535.354
1.600 0.41547 53.18133 1.46133 22.09524 0.32621 0.05427 0.31851 0.30101 1536.054
1.605 0.41550 53.25372 1.46342 22.12697 0.32600 0.05446 0.31813 0.30142 1536.755
1.610 0.41553 53.32625 1.46553 22.15879 0.32578 0.05465 0.31775 0.30182 1537.457
1.615 0.41556 53.39893 1.46764 22.19069 0.32557 0.05484 0.31737 0.30222 1538.160
1.620 0.41560 53.47175 1.46975 22.22268 0.32535 0.05503 0.31699 0.30263 1538.864
1.625 0.41563 53.54472 1.47188 22.25476 0.32513 0.05522 0.31661 0.30303 1539.569
1.630 0.41566 53.61784 1.47400 22.28692 0.32491 0.05541 0.31624 0.30343 1540.275
1.635 0.41570 53.69111 1.47614 22.31917 0.32470 0.05561 0.31586 0.30384 1540.981
1.640 0.41573 53.76453 1.47827 22.35150 0.32448 0.05580 0.31548 0.30424 1541.689
1.645 0.41576 53.83809 1.48042 22.38392 0.32426 0.05600 0.31510 0.30465 1542.397
1.650 0.41580 53.91181 1.48257 22.41644 0.32404 0.05619 0.31472 0.30505 1543.107
1.655 0.41583 53.98567 1.48472 22.44903 0.32382 0.05639 0.31434 0.30545 1543.817
1.660 0.41587 54.05968 1.48689 22.48172 0.32360 0.05658 0.31396 0.30586 1544.529
1.665 0.41590 54.13384 1.48905 22.51450 0.32338 0.05678 0.31358 0.30626 1545.241
1.670 0.41594 54.20816 1.49123 22.54736 0.32316 0.05698 0.31320 0.30666 1545.954
1.675 0.41598 54.28262 1.49341 22.58032 0.32294 0.05717 0.31282 0.30707 1546.668
1.680 0.41601 54.35723 1.49559 22.61336 0.32272 0.05737 0.31244 0.30747 1547.383
1.685 0.41605 54.43200 1.49778 22.64649 0.32249 0.05757 0.31206 0.30787 1548.099
1.690 0.41609 54.50691 1.49998 22.67972 0.32227 0.05777 0.31168 0.30828 1548.816
1.695 0.41613 54.58198 1.50218 22.71303 0.32205 0.05797 0.31130 0.30868 1549.534
1.700 0.41617 54.65720 1.50439 22.74643 0.32182 0.05817 0.31092 0.30908 1550.253
1.705 0.41620 54.73257 1.50661 22.77993 0.32160 0.05837 0.31054 0.30949 1550.973
1.710 0.41624 54.80810 1.50883 22.81352 0.32138 0.05857 0.31016 0.30989 1551.693
1.715 0.41628 54.88378 1.51106 22.84720 0.32115 0.05878 0.30978 0.31029 1552.415
1.720 0.41632 54.95961 1.51329 22.88097 0.32092 0.05898 0.30940 0.31069 1553.137
1.725 0.41636 55.03560 1.51553 22.91483 0.32070 0.05918 0.30902 0.31110 1553.861
1.730 0.41640 55.11174 1.51778 22.94879 0.32047 0.05939 0.30864 0.31150 1554.585
1.735 0.41645 55.18804 1.52003 22.98283 0.32025 0.05959 0.30826 0.31190 1555.311
1.740 0.41649 55.26449 1.52229 23.01698 0.32002 0.05980 0.30788 0.31231 1556.037
1.745 0.41653 55.34110 1.52455 23.05121 0.31979 0.06000 0.30750 0.31271 1556.765
1.750 0.41657 55.41786 1.52682 23.08554 0.31956 0.06021 0.30711 0.31311 1557.493
1.755 0.41662 55.49478 1.52910 23.11996 0.31933 0.06042 0.30673 0.31351 1558.222
1.760 0.41666 55.57185 1.53138 23.15448 0.31911 0.06063 0.30635 0.31392 1558.952
1.765 0.41670 55.64908 1.53367 23.18910 0.31888 0.06083 0.30597 0.31432 1559.684
1.770 0.41675 55.72647 1.53597 23.22380 0.31865 0.06104 0.30559 0.31472 1560.416
1.775 0.41679 55.80402 1.53827 23.25861 0.31842 0.06125 0.30521 0.31512 1561.149
1.780 0.41684 55.88173 1.54058 23.29351 0.31819 0.06146 0.30483 0.31553 1561.883
1.785 0.41688 55.95959 1.54289 23.32850 0.31796 0.06167 0.30444 0.31593 1562.618
1.790 0.41693 56.03761 1.54521 23.36360 0.31772 0.06188 0.30406 0.31633 1563.354
1.795 0.41697 56.11579 1.54754 23.39879 0.31749 0.06210 0.30368 0.31673 1564.091
1.800 0.41702 56.19413 1.54987 23.43407 0.31726 0.06231 0.30330 0.31713 1564.829
1.805 0.41707 56.27263 1.55221 23.46946 0.31703 0.06252 0.30291 0.31754 1565.568
1.810 0.41711 56.35129 1.55456 23.50494 0.31679 0.06274 0.30253 0.31794 1566.308
1.815 0.41716 56.43011 1.55691 23.54052 0.31656 0.06295 0.30215 0.31834 1567.049
1.820 0.41721 56.50909 1.55927 23.57620 0.31633 0.06317 0.30177 0.31874 1567.790
1.825 0.41726 56.58824 1.56164 23.61198 0.31609 0.06338 0.30138 0.31914 1568.533
1.830 0.41731 56.66754 1.56401 23.64785 0.31586 0.06360 0.30100 0.31954 1569.277
1.835 0.41736 56.74701 1.56639 23.68383 0.31562 0.06381 0.30062 0.31994 1570.022
1.840 0.41741 56.82663 1.56878 23.71991 0.31539 0.06403 0.30024 0.32035 1570.768
1.845 0.41746 56.90643 1.57117 23.75608 0.31515 0.06425 0.29985 0.32075 1571.514
1.850 0.41751 56.98638 1.57357 23.79236 0.31491 0.06447 0.29947 0.32115 1572.262
1.855 0.41756 57.06650 1.57597 23.82874 0.31468 0.06469 0.29909 0.32155 1573.011
1.860 0.41761 57.14678 1.57839 23.86522 0.31444 0.06491 0.29870 0.32195 1573.760
1.865 0.41766 57.22722 1.58081 23.90180 0.31420 0.06513 0.29832 0.32235 1574.511
1.870 0.41772 57.30783 1.58323 23.93848 0.31396 0.06535 0.29794 0.32275 1575.263
1.875 0.41777 57.38861 1.58567 23.97527 0.31372 0.06557 0.29755 0.32315 1576.015
1.880 0.41782 57.46955 1.58811 24.01216 0.31349 0.06579 0.29717 0.32355 1576.769
1.885 0.41788 57.55066 1.59055 24.04915 0.31325 0.06602 0.29679 0.32395 1577.524
1.890 0.41793 57.63193 1.59301 24.08624 0.31301 0.06624 0.29640 0.32435 1578.279
1.895 0.41799 57.71337 1.59547 24.12344 0.31277 0.06647 0.29602 0.32475 1579.036
1.900 0.41804 57.79497 1.59793 24.16075 0.31252 0.06669 0.29563 0.32515 1579.794
1.905 0.41810 57.87674 1.60041 24.19815 0.31228 0.06692 0.29525 0.32555 1580.552
1.910 0.41815 57.95868 1.60289 24.23567 0.31204 0.06714 0.29487 0.32595 1581.312
1.915 0.41821 58.04079 1.60538 24.27329 0.31180 0.06737 0.29448 0.32635 1582.073
1.920 0.41827 58.12307 1.60787 24.31101 0.31156 0.06760 0.29410 0.32675 1582.834
1.925 0.41833 58.20551 1.61037 24.34884 0.31131 0.06783 0.29371 0.32715 1583.597
1.930 0.41838 58.28813 1.61288 24.38677 0.31107 0.06805 0.29333 0.32754 1584.360
1.935 0.41844 58.37091 1.61540 24.42482 0.31083 0.06828 0.29295 0.32794 1585.125
1.940 0.41850 58.45386 1.61792 24.46297 0.31058 0.06851 0.29256 0.32834 1585.891
1.945 0.41856 58.53698 1.62045 24.50122 0.31034 0.06874 0.29218 0.32874 1586.657
1.950 0.41862 58.62028 1.62299 24.53959 0.31009 0.06898 0.29179 0.32914 1587.425
1.955 0.41868 58.70374 1.62553 24.57806 0.30985 0.06921 0.29141 0.32954 1588.194
1.960 0.41874 58.78738 1.62809 24.61665 0.30960 0.06944 0.29102 0.32993 1588.964
1.965 0.41880 58.87119 1.63064 24.65534 0.30936 0.06967 0.29064 0.33033 1589.734
1.970 0.41886 58.95517 1.63321 24.69414 0.30911 0.06991 0.29025 0.33073 1590.506
1.975 0.41893 59.03932 1.63578 24.73305 0.30886 0.07014 0.28987 0.33113 1591.279
1.980 0.41899 59.12365 1.63836 24.77207 0.30862 0.07038 0.28948 0.33152 1592.053
1.985 0.41905 59.20814 1.64095 24.81120 0.30837 0.07061 0.28910 0.33192 1592.827
1.990 0.41911 59.29282 1.64355 24.85044 0.30812 0.07085 0.28871 0.33232 1593.603
1.995 0.41918 59.37766 1.64615 24.88980 0.30787 0.07109 0.28833 0.33271 1594.380
2.000 0.41924 59.46268 1.64876 24.92926 0.30762 0.07133 0.28794 0.33311 1595.158
2.005 0.41931 59.54788 1.65138 24.96884 0.30737 0.07156 0.28756 0.33351 1595.937
2.010 0.41937 59.63325 1.65400 25.00853 0.30712 0.07180 0.28717 0.33390 1596.717
2.015 0.41944 59.71880 1.65664 25.04833 0.30687 0.07204 0.28679 0.33430 1597.498
2.020 0.41950 59.80452 1.65928 25.08825 0.30662 0.07228 0.28640 0.33469 1598.280
2.025 0.41957 59.89042 1.66192 25.12828 0.30637 0.07252 0.28602 0.33509 1599.063
2.030 0.41964 59.97650 1.66458 25.16842 0.30612 0.07277 0.28563 0.33548 1599.847
2.035 0.41971 60.06275 1.66724 25.20868 0.30587 0.07301 0.28524 0.33588 1600.632
2.040 0.41977 60.14918 1.66991 25.24905 0.30561 0.07325 0.28486 0.33627 1601.418
2.045 0.41984 60.23579 1.67259 25.28954 0.30536 0.07350 0.28447 0.33667 1602.206
2.050 0.41991 60.32257 1.67527 25.33014 0.30511 0.07374 0.28409 0.33706 1602.994
2.055 0.41998 60.40954 1.67797 25.37086 0.30485 0.07399 0.28370 0.33746 1603.783
2.060 0.42005 60.49669 1.68067 25.41170 0.30460 0.07423 0.28332 0.33785 1604.573
2.065 0.42012 60.58401 1.68338 25.45266 0.30435 0.07448 0.28293 0.33824 1605.365
2.070 0.42019 60.67151 1.68609 25.49373 0.30409 0.07473 0.28254 0.33864 1606.157
2.075 0.42026 60.75920 1.68882 25.53492 0.30384 0.07497 0.28216 0.33903 1606.951
2.080 0.42034 60.84707 1.69155 25.57622 0.30358 0.07522 0.28177 0.33942 1607.745
2.085 0.42041 60.93511 1.69429 25.61765 0.30333 0.07547 0.28139 0.33982 1608.541
2.090 0.42048 61.02334 1.69704 25.65919 0.30307 0.07572 0.28100 0.34021 1609.337
2.095 0.42056 61.11175 1.69979 25.70086 0.30281 0.07597 0.28061 0.34060 1610.135
2.100 0.42063 61.20034 1.70256 25.74264 0.30256 0.07622 0.28023 0.34099 1610.934
2.105 0.42070 61.28912 1.70533 25.78455 0.30230 0.07647 0.27984 0.34139 1611.733
2.110 0.42078 61.37808 1.70811 25.82657 0.30204 0.07673 0.27946 0.34178 1612.534
2.115 0.42085 61.46722 1.71089 25.86872 0.30178 0.07698 0.27907 0.34217 1613.336
2.120 0.42093 61.55655 1.71369 25.91099 0.30152 0.07723 0.27868 0.34256 1614.139
2.125 0.42101 61.64606 1.71649 25.95338 0.30126 0.07749 0.27830 0.34295 1614.943
2.130 0.42108 61.73576 1.71930 25.99589 0.30100 0.07774 0.27791 0.34334 1615.748
2.135 0.42116 61.82564 1.72212 26.03853 0.30074 0.07800 0.27752 0.34373 1616.554
2.140 0.42124 61.91570 1.72495 26.08129 0.30048 0.07826 0.27714 0.34412 1617.361
2.145 0.42132 62.00596 1.72779 26.12417 0.30022 0.07851 0.27675 0.34451 1618.170
2.150 0.42140 62.09640 1.73063 26.16717 0.29996 0.07877 0.27637 0.34490 1618.979
2.155 0.42148 62.18702 1.73349 26.21031 0.29970 0.07903 0.27598 0.34529 1619.789
2.160 0.42156 62.27784 1.73635 26.25356 0.29944 0.07929 0.27559 0.34568 1620.601
2.165 0.42164 62.36884 1.73922 26.29694 0.29918 0.07955 0.27521 0.34607 1621.413
2.170 0.42172 62.46003 1.74209 26.34045 0.29891 0.07981 0.27482 0.34646 1622.227
2.175 0.42180 62.55140 1.74498 26.38409 0.29865 0.08007 0.27443 0.34685 1623.042
2.180 0.42188 62.64297 1.74787 26.42785 0.29839 0.08033 0.27405 0.34723 1623.857
2.185 0.42196 62.73473 1.75078 26.47174 0.29812 0.08060 0.27366 0.34762 1624.674
2.190 0.42205 62.82667 1.75369 26.51575 0.29786 0.08086 0.27327 0.34801 1625.492
2.195 0.42213 62.91881 1.75661 26.55990 0.29760 0.08112 0.27289 0.34840 1626.311
2.200 0.42221 63.01114 1.75954 26.60417 0.29733 0.08139 0.27250 0.34878 1627.131
2.205 0.42230 63.10365 1.76247 26.64858 0.29707 0.08165 0.27211 0.34917 1627.953
2.210 0.42238 63.19636 1.76542 26.69311 0.29680 0.08192 0.27173 0.34955 1628.775
2.215 0.42247 63.28926 1.76837 26.73777 0.29653 0.08219 0.27134 0.34994 1629.598
2.220 0.42256 63.38236 1.77133 26.78256 0.29627 0.08245 0.27095 0.35033 1630.423
2.225 0.42264 63.47564 1.77430 26.82749 0.29600 0.08272 0.27057 0.35071 1631.248
2.230 0.42273 63.56912 1.77728 26.87254 0.29573 0.08299 0.27018 0.35110 1632.075
2.235 0.42282 63.66279 1.78027 26.91773 0.29547 0.08326 0.26979 0.35148 1632.902
2.240 0.42291 63.75666 1.78327 26.96305 0.29520 0.08353 0.26941 0.35187 1633.731
2.245 0.42299 63.85072 1.78628 27.00850 0.29493 0.08380 0.26902 0.35225 1634.561
2.250 0.42308 63.94498 1.78929 27.05409 0.29466 0.08408 0.26863 0.35263 1635.392
2.255 0.42317 64.03943 1.79232 27.09981 0.29439 0.08435 0.26824 0.35302 1636.224
2.260 0.42326 64.13407 1.79535 27.14566 0.29412 0.08462 0.26786 0.35340 1637.057
2.265 0.42336 64.22892 1.79839 27.19165 0.29385 0.08489 0.26747 0.35378 1637.892
2.270 0.42345 64.32395 1.80144 27.23778 0.29358 0.08517 0.26708 0.35416 1638.727
2.275 0.42354 64.41919 1.80450 27.28404 0.29331 0.08544 0.26670 0.35455 1639.564
2.280 0.42363 64.51462 1.80757 27.33043 0.29304 0.08572 0.26631 0.35493 1640.401
2.285 0.42372 64.61025 1.81065 27.37697 0.29277 0.08600 0.26592 0.35531 1641.240
2.290 0.42382 64.70608 1.81373 27.42364 0.29250 0.08628 0.26554 0.35569 1642.080
2.295 0.42391 64.80211 1.81683 27.47045 0.29223 0.08655 0.26515 0.35607 1642.921
2.300 0.42401 64.89834 1.81993 27.51739 0.29195 0.08683 0.26476 0.35645 1643.763
2.305 0.42410 64.99476 1.82305 27.56448 0.29168 0.08711 0.26438 0.35683 1644.606
2.310 0.42420 65.09139 1.82617 27.61170 0.29141 0.08739 0.26399 0.35721 1645.450
2.315 0.42430 65.18822 1.82930 27.65907 0.29113 0.08767 0.26360 0.35759 1646.295
2.320 0.42439 65.28524 1.83245 27.70657 0.29086 0.08796 0.26322 0.35797 1647.142
2.325 0.42449 65.38247 1.83560 27.75422 0.29059 0.08824 0.26283 0.35835 1647.990
2.330 0.42459 65.47990 1.83876 27.80201 0.29031 0.08852 0.26244 0.35873 1648.838
2.335 0.42469 65.57753 1.84193 27.84994 0.29004 0.08881 0.26206 0.35910 1649.688
2.340 0.42479 65.67537 1.84511 27.89801 0.28976 0.08909 0.26167 0.35948 1650.539
2.345 0.42489 65.77341 1.84829 27.94622 0.28949 0.08938 0.26128 0.35986 1651.391
2.350 0.42499 65.87165 1.85149 27.99458 0.28921 0.08966 0.26089 0.36023 1652.244
2.355 0.42509 65.97009 1.85470 28.04308 0.28893 0.08995 0.26051 0.36061 1653.099
2.360 0.42519 66.06874 1.85792 28.09172 0.28866 0.09024 0.26012 0.36099 1653.954
2.365 0.42529 66.16759 1.86115 28.14051 0.28838 0.09052 0.25973 0.36136 1654.811
2.370 0.42539 66.26665 1.86438 28.18945 0.28810 0.09081 0.25935 0.36174 1655.668
2.375 0.42550 66.36591 1.86763 28.23853 0.28782 0.09110 0.25896 0.36211 1656.527
2.380 0.42560 66.46538 1.87088 28.28776 0.28755 0.09139 0.25857 0.36249 1657.387
2.385 0.42571 66.56506 1.87415 28.33713 0.28727 0.09168 0.25819 0.36286 1658.248
2.390 0.42581 66.66494 1.87742 28.38666 0.28699 0.09198 0.25780 0.36323 1659.111
2.395 0.42592 66.76503 1.88071 28.43633 0.28671 0.09227 0.25741 0.36361 1659.974
2.400 0.42602 66.86533 1.88400 28.48615 0.28643 0.09256 0.25703 0.36398 1660.839
2.405 0.42613 66.96584 1.88731 28.53611 0.28615 0.09286 0.25664 0.36435 1661.704
2.410 0.42624 67.06655 1.89062 28.58623 0.28587 0.09315 0.25626 0.36472 1662.571
2.415 0.42634 67.16748 1.89395 28.63650 0.28559 0.09345 0.25587 0.36510 1663.439
2.420 0.42645 67.26861 1.89728 28.68692 0.28531 0.09374 0.25548 0.36547 1664.308
2.425 0.42656 67.36995 1.90063 28.73749 0.28503 0.09404 0.25510 0.36584 1665.178
2.430 0.42667 67.47150 1.90398 28.78821 0.28475 0.09434 0.25471 0.36621 1666.050
2.435 0.42678 67.57327 1.90735 28.83909 0.28446 0.09464 0.25432 0.36658 1666.922
2.440 0.42689 67.67524 1.91072 28.89012 0.28418 0.09494 0.25394 0.36695 1667.796
2.445 0.42700 67.77743 1.91411 28.94130 0.28390 0.09524 0.25355 0.36732 1668.671
2.450 0.42712 67.87983 1.91750 28.99263 0.28362 0.09554 0.25316 0.36768 1669.547
2.455 0.42723 67.98244 1.92091 29.04412 0.28333 0.09584 0.25278 0.36805 1670.424
2.460 0.42734 68.08526 1.92432 29.09577 0.28305 0.09614 0.25239 0.36842 1671.302
2.465 0.42746 68.18830 1.92775 29.14757 0.28276 0.09644 0.25201 0.36879 1672.181
2.470 0.42757 68.29155 1.93119 29.19953 0.28248 0.09675 0.25162 0.36915 1673.062
2.475 0.42769 68.39502 1.93463 29.25164 0.28220 0.09705 0.25123 0.36952 1673.944
2.480 0.42780 68.49870 1.93809 29.30391 0.28191 0.09736 0.25085 0.36989 1674.827
2.485 0.42792 68.60259 1.94156 29.35634 0.28163 0.09766 0.25046 0.37025 1675.711
2.490 0.42804 68.70671 1.94504 29.40893 0.28134 0.09797 0.25007 0.37062 1676.596
2.495 0.42815 68.81103 1.94852 29.46168 0.28105 0.09828 0.24969 0.37098 1677.482
2.500 0.42827 68.91558 1.95202 29.51459 0.28077 0.09858 0.24930 0.37134 1678.370
2.505 0.42839 69.02034 1.95553 29.56765 0.28048 0.09889 0.24892 0.37171 1679.258
2.510 0.42851 69.12532 1.95905 29.62088 0.28019 0.09920 0.24853 0.37207 1680.148
2.515 0.42863 69.23051 1.96258 29.67427 0.27991 0.09951 0.24815 0.37243 1681.039
2.520 0.42875 69.33593 1.96613 29.72783 0.27962 0.09982 0.24776 0.37280 1681.931
2.525 0.42887 69.44156 1.96968 29.78154 0.27933 0.10014 0.24737 0.37316 1682.825
2.530 0.42899 69.54741 1.97324 29.83542 0.27904 0.10045 0.24699 0.37352 1683.719
2.535 0.42912 69.65348 1.97682 29.88946 0.27875 0.10076 0.24660 0.37388 1684.615
2.540 0.42924 69.75977 1.98040 29.94367 0.27847 0.10108 0.24622 0.37424 1685.512
2.545 0.42936 69.86629 1.98400 29.99805 0.27818 0.10139 0.24583 0.37460 1686.410
2.550 0.42949 69.97302 1.98760 30.05258 0.27789 0.10171 0.24545 0.37496 1687.309
2.555 0.42961 70.07997 1.99122 30.10729 0.27760 0.10202 0.24506 0.37532 1688.210
2.560 0.42974 70.18715 1.99485 30.16216 0.27731 0.10234 0.24468 0.37568 1689.111
2.565 0.42987 70.29455 1.99849 30.21720 0.27702 0.10266 0.24429 0.37603 1690.014
2.570 0.42999 70.40217 2.00214 30.27241 0.27673 0.10298 0.24391 0.37639 1690.918
2.575 0.43012 70.51002 2.00581 30.32778 0.27643 0.10330 0.24352 0.37675 1691.823
2.580 0.43025 70.61809 2.00948 30.38333 0.27614 0.10362 0.24314 0.37710 1692.729
2.585 0.43038 70.72638 2.01316 30.43905 0.27585 0.10394 0.24275 0.37746 1693.637
2.590 0.43051 70.83490 2.01686 30.49493 0.27556 0.10426 0.24237 0.37782 1694.546
2.595 0.43064 70.94364 2.02057 30.55099 0.27527 0.10458 0.24198 0.37817 1695.456
2.600 0.43077 71.05260 2.02429 30.60722 0.27497 0.10491 0.24160 0.37852 1696.367
2.605 0.43090 71.16180 2.02802 30.66362 0.27468 0.10523 0.24121 0.37888 1697.279
2.610 0.43103 71.27122 2.03176 30.72020 0.27439 0.10555 0.24083 0.37923 1698.192
2.615 0.43117 71.38087 2.03551 30.77695 0.27409 0.10588 0.24044 0.37958 1699.107
2.620 0.43130 71.49074 2.03928 30.83387 0.27380 0.10621 0.24006 0.37994 1700.023
2.625 0.43143 71.60084 2.04305 30.89097 0.27351 0.10653 0.23967 0.38029 1700.940
2.630 0.43157 71.71117 2.04684 30.94825 0.27321 0.10686 0.23929 0.38064 1701.858
2.635 0.43170 71.82173 2.05064 31.00570 0.27292 0.10719 0.23890 0.38099 1702.777
2.640 0.43184 71.93252 2.05445 31.06333 0.27262 0.10752 0.23852 0.38134 1703.698
2.645 0.43198 72.04353 2.05828 31.12113 0.27233 0.10785 0.23814 0.38169 1704.620
2.650 0.43211 72.15478 2.06211 31.17912 0.27203 0.10818 0.23775 0.38204 1705.543
2.655 0.43225 72.26626 2.06596 31.23728 0.27173 0.10851 0.23737 0.38239 1706.467
2.660 0.43239 72.37797 2.06982 31.29563 0.27144 0.10884 0.23698 0.38273 1707.392
2.665 0.43253 72.48991 2.07369 31.35415 0.27114 0.10918 0.23660 0.38308 1708.319
2.670 0.43267 72.60208 2.07757 31.41286 0.27084 0.10951 0.23622 0.38343 1709.247
2.675 0.43281 72.71448 2.08146 31.47174 0.27055 0.10985 0.23583 0.38377 1710.176
2.680 0.43295 72.82712 2.08537 31.53081 0.27025 0.11018 0.23545 0.38412 1711.106
2.685 0.43310 72.93999 2.08929 31.59007 0.26995 0.11052 0.23507 0.38446 1712.038
2.690 0.43324 73.05309 2.09322 31.64950 0.26965 0.11086 0.23468 0.38481 1712.970
2.695 0.43338 73.16643 2.09716 31.70912 0.26936 0.11119 0.23430 0.38515 1713.904
2.700 0.43353 73.28000 2.10112 31.76893 0.26906 0.11153 0.23392 0.38549 1714.839
2.705 0.43367 73.39381 2.10509 31.82892 0.26876 0.11187 0.23353 0.38584 1715.775
2.710 0.43382 73.50785 2.10907 31.88910 0.26846 0.11221 0.23315 0.38618 1716.713
2.715 0.43397 73.62213 2.11306 31.94947 0.26816 0.11255 0.23277 0.38652 1717.652
2.720 0.43411 73.73664 2.11706 32.01002 0.26786 0.11289 0.23238 0.38686 1718.592
2.725 0.43426 73.85139 2.12108 32.07076 0.26756 0.11324 0.23200 0.38720 1719.533
2.730 0.43441 73.96638 2.12511 32.13169 0.26726 0.11358 0.23162 0.38754 1720.475
2.735 0.43456 74.08161 2.12915 32.19282 0.26696 0.11392 0.23124 0.38788 1721.419
2.740 0.43471 74.19707 2.13321 32.25413 0.26666 0.11427 0.23085 0.38822 1722.363
2.745 0.43486 74.31277 2.13728 32.31563 0.26636 0.11461 0.23047 0.38856 1723.309
2.750 0.43501 74.42871 2.14136 32.37733 0.26606 0.11496 0.23009 0.38889 1724.257
2.755 0.43516 74.54490 2.14545 32.43922 0.26575 0.11531 0.22971 0.38923 1725.205
2.760 0.43532 74.66132 2.14956 32.50130 0.26545 0.11566 0.22933 0.38957 1726.155
2.765 0.43547 74.77798 2.15368 32.56358 0.26515 0.11600 0.22894 0.38990 1727.106
2.770 0.43562 74.89488 2.15781 32.62605 0.26485 0.11635 0.22856 0.39024 1728.058
2.775 0.43578 75.01202 2.16195 32.68871 0.26454 0.11670 0.22818 0.39057 1729.011
2.780 0.43594 75.12941 2.16611 32.75158 0.26424 0.11706 0.22780 0.39090 1729.966
2.785 0.43609 75.24704 2.17028 32.81464 0.26394 0.11741 0.22742 0.39124 1730.922
2.790 0.43625 75.36491 2.17446 32.87790 0.26363 0.11776 0.22704 0.39157 1731.879
2.795 0.43641 75.48302 2.17866 32.94136 0.26333 0.11811 0.22665 0.39190 1732.837
2.800 0.43657 75.60138 2.18287 33.00501 0.26303 0.11847 0.22627 0.39223 1733.796
2.805 0.43673 75.71998 2.18709 33.06887 0.26272 0.11882 0.22589 0.39256 1734.757
2.810 0.43689 75.83882 2.19133 33.13293 0.26242 0.11918 0.22551 0.39289 1735.719
2.815 0.43705 75.95791 2.19558 33.19719 0.26211 0.11954 0.22513 0.39322 1736.682
2.820 0.43721 76.07725 2.19984 33.26165 0.26181 0.11989 0.22475 0.39355 1737.647
2.825 0.43737 76.19683 2.20412 33.32632 0.26150 0.12025 0.22437 0.39388 1738.613
2.830 0.43753 76.31665 2.20841 33.39119 0.26120 0.12061 0.22399 0.39421 1739.579
2.835 0.43770 76.43673 2.21272 33.45626 0.26089 0.12097 0.22361 0.39453 1740.548
2.840 0.43786 76.55705 2.21703 33.52154 0.26058 0.12133 0.22323 0.39486 1741.517
2.845 0.43803 76.67762 2.22136 33.58703 0.26028 0.12169 0.22285 0.39518 1742.488
2.850 0.43820 76.79844 2.22571 33.65272 0.25997 0.12205 0.22247 0.39551 1743.460
2.855 0.43836 76.91950 2.23007 33.71863 0.25966 0.12242 0.22209 0.39583 1744.433
2.860 0.43853 77.04082 2.23444 33.78474 0.25936 0.12278 0.22171 0.39616 1745.407
2.865 0.43870 77.16238 2.23883 33.85105 0.25905 0.12314 0.22133 0.39648 1746.383
2.870 0.43887 77.28419 2.24323 33.91758 0.25874 0.12351 0.22095 0.39680 1747.360
2.875 0.43904 77.40626 2.24764 33.98432 0.25843 0.12388 0.22057 0.39712 1748.338
2.880 0.43921 77.52857 2.25207 34.05128 0.25813 0.12424 0.22019 0.39744 1749.317
2.885 0.43938 77.65114 2.25651 34.11844 0.25782 0.12461 0.21981 0.39776 1750.298
2.890 0.43955 77.77395 2.26097 34.18582 0.25751 0.12498 0.21943 0.39808 1751.279
2.895 0.43973 77.89702 2.26544 34.25341 0.25720 0.12535 0.21905 0.39840 1752.263
2.900 0.43990 78.02034 2.26992 34.32122 0.25689 0.12572 0.21868 0.39872 1753.247
2.905 0.44008 78.14392 2.27442 34.38924 0.25658 0.12609 0.21830 0.39903 1754.233
2.910 0.44025 78.26775 2.27893 34.45748 0.25627 0.12646 0.21792 0.39935 1755.219
2.915 0.44043 78.39183 2.28346 34.52594 0.25596 0.12683 0.21754 0.39967 1756.207
2.920 0.44061 78.51617 2.28800 34.59462 0.25565 0.12721 0.21716 0.39998 1757.197
2.925 0.44078 78.64076 2.29256 34.66351 0.25534 0.12758 0.21678 0.40030 1758.187
2.930 0.44096 78.76560 2.29713 34.73262 0.25503 0.12795 0.21641 0.40061 1759.179
2.935 0.44114 78.89070 2.30172 34.80196 0.25472 0.12833 0.21603 0.40092 1760.172
2.940 0.44132 79.01606 2.30632 34.87152 0.25441 0.12871 0.21565 0.40123 1761.167
2.945 0.44150 79.14168 2.31093 34.94130 0.25410 0.12908 0.21527 0.40155 1762.163
2.950 0.44169 79.26755 2.31556 35.01130 0.25379 0.12946 0.21490 0.40186 1763.159
2.955 0.44187 79.39368 2.32021 35.08152 0.25347 0.12984 0.21452 0.40217 1764.158
2.960 0.44205 79.52006 2.32487 35.15198 0.25316 0.13022 0.21414 0.40248 1765.157
2.965 0.44224 79.64671 2.32954 35.22265 0.25285 0.13060 0.21377 0.40278 1766.158
2.970 0.44242 79.77361 2.33423 35.29356 0.25254 0.13098 0.21339 0.40309 1767.160
2.975 0.44261 79.90077 2.33893 35.36469 0.25223 0.13136 0.21301 0.40340 1768.163
2.980 0.44279 80.02819 2.34365 35.43605 0.25191 0.13175 0.21264 0.40371 1769.167
2.985 0.44298 80.15588 2.34839 35.50764 0.25160 0.13213 0.21226 0.40401 1770.173
2.990 0.44317 80.28382 2.35314 35.57945 0.25129 0.13251 0.21188 0.40432 1771.180
2.995 0.44336 80.41202 2.35790 35.65150 0.25097 0.13290 0.21151 0.40462 1772.188
3.000 0.44355 80.54049 2.36268 35.72379 0.25066 0.13328 0.21113 0.40492 1773.198
3.005 0.44374 80.66921 2.36748 35.79630 0.25035 0.13367 0.21076 0.40523 1774.209
3.010 0.44393 80.79820 2.37229 35.86905 0.25003 0.13406 0.21038 0.40553 1775.221
3.015 0.44413 80.92745 2.37712 35.94203 0.24972 0.13445 0.21001 0.40583 1776.234
3.020 0.44432 81.05697 2.38196 36.01525 0.24940 0.13484 0.20963 0.40613 1777.249
3.025 0.44451 81.18674 2.38682 36.08870 0.24909 0.13523 0.20926 0.40643 1778.264
3.030 0.44471 81.31678 2.39169 36.16240 0.24877 0.13562 0.20888 0.40673 1779.282
3.035 0.44491 81.44709 2.39658 36.23632 0.24846 0.13601 0.20851 0.40703 1780.300
3.040 0.44510 81.57766 2.40149 36.31049 0.24814 0.13640 0.20813 0.40732 1781.320
3.045 0.44530 81.70850 2.40641 36.38490 0.24783 0.13679 0.20776 0.40762 1782.341
3.050 0.44550 81.83960 2.41135 36.45955 0.24751 0.13719 0.20738 0.40792 1783.363
3.055 0.44570 81.97096 2.41630 36.53444 0.24720 0.13758 0.20701 0.40821 1784.386
3.060 0.44590 82.10260 2.42127 36.60958 0.24688 0.13798 0.20664 0.40851 1785.411
3.065 0.44610 82.23450 2.42625 36.68495 0.24656 0.13837 0.20626 0.40880 1786.437
3.070 0.44630 82.36667 2.43125 36.76057 0.24625 0.13877 0.20589 0.40909 1787.464
3.075 0.44651 82.49910 2.43627 36.83644 0.24593 0.13917 0.20552 0.40938 1788.493
3.080 0.44671 82.63180 2.44131 36.91256 0.24561 0.13957 0.20514 0.40967 1789.523
3.085 0.44692 82.76478 2.44636 36.98892 0.24530 0.13997 0.20477 0.40997 1790.554
3.090 0.44712 82.89802 2.45142 37.06552 0.24498 0.14037 0.20440 0.41025 1791.586
3.095 0.44733 83.03153 2.45651 37.14238 0.24466 0.14077 0.20403 0.41054 1792.620
3.100 0.44754 83.16531 2.46161 37.21949 0.24434 0.14117 0.20365 0.41083 1793.655
3.105 0.44774 83.29936 2.46672 37.29685 0.24403 0.14157 0.20328 0.41112 1794.691
3.110 0.44795 83.43368 2.47186 37.37446 0.24371 0.14198 0.20291 0.41140 1795.729
3.115 0.44816 83.56827 2.47701 37.45233 0.24339 0.14238 0.20254 0.41169 1796.768
3.120 0.44838 83.70313 2.48217 37.53045 0.24307 0.14279 0.20217 0.41198 1797.808
3.125 0.44859 83.83826 2.48736 37.60882 0.24275 0.14319 0.20180 0.41226 1798.849
3.130 0.44880 83.97367 2.49256 37.68745 0.24244 0.14360 0.20142 0.41254 1799.892
3.135 0.44901 84.10935 2.49777 37.76634 0.24212 0.14401 0.20105 0.41282 1800.936
3.140 0.44923 84.24530 2.50301 37.84548 0.24180 0.14441 0.20068 0.41311 1801.981
3.145 0.44945 84.38153 2.50826 37.92488 0.24148 0.14482 0.20031 0.41339 1803.027
3.150 0.44966 84.51803 2.51353 38.00455 0.24116 0.14523 0.19994 0.41367 1804.075
3.155 0.44988 84.65480 2.51881 38.08447 0.24084 0.14564 0.19957 0.41395 1805.124
3.160 0.45010 84.79185 2.52412 38.16466 0.24052 0.14606 0.19920 0.41422 1806.174
3.165 0.45032 84.92917 2.52944 38.24511 0.24020 0.14647 0.19883 0.41450 1807.226
3.170 0.45054 85.06677 2.53478 38.32582 0.23988 0.14688 0.19846 0.41478 1808.279
3.175 0.45076 85.20465 2.54013 38.40680 0.23956 0.14730 0.19809 0.41505 1809.333
3.180 0.45098 85.34280 2.54551 38.48804 0.23924 0.14771 0.19772 0.41533 1810.388
3.185 0.45120 85.48123 2.55090 38.56955 0.23892 0.14813 0.19735 0.41560 1811.445
3.190 0.45143 85.61993 2.55631 38.65133 0.23860 0.14854 0.19698 0.41587 1812.503
3.195 0.45165 85.75891 2.56173 38.73338 0.23828 0.14896 0.19662 0.41615 1813.562
3.200 0.45188 85.89817 2.56718 38.81570 0.23796 0.14938 0.19625 0.41642 1814.623
3.205 0.45211 86.03771 2.57264 38.89829 0.23764 0.14980 0.19588 0.41669 1815.685
3.210 0.45234 86.17753 2.57812 38.98115 0.23731 0.15022 0.19551 0.41696 1816.748
3.215 0.45256 86.31762 2.58362 39.06428 0.23699 0.15064 0.19514 0.41723 1817.812
3.220 0.45279 86.45799 2.58913 39.14769 0.23667 0.15106 0.19478 0.41750 1818.878
3.225 0.45303 86.59865 2.59467 39.23138 0.23635 0.15148 0.19441 0.41776 1819.945
3.230 0.45326 86.73958 2.60022 39.31534 0.23603 0.15190 0.19404 0.41803 1821.013
3.235 0.45349 86.88080 2.60579 39.39958 0.23571 0.15233 0.19367 0.41829 1822.083
3.240 0.45372 87.02229 2.61138 39.48409 0.23538 0.15275 0.19331 0.41856 1823.154
3.245 0.45396 87.16407 2.61699 39.56889 0.23506 0.15318 0.19294 0.41882 1824.226
3.250 0.45419 87.30613 2.62262 39.65397 0.23474 0.15360 0.19258 0.41909 1825.299
3.255 0.45443 87.44846 2.62826 39.73933 0.23442 0.15403 0.19221 0.41935 1826.374
3.260 0.45467 87.59109 2.63393 39.82497 0.23409 0.15446 0.19184 0.41961 1827.450
