timeGa Urey Qt heat/H0 heatTW 1HPE 2HPE 3HPE 4HPE TempC
0.000 0.96000 104.92925 1.00000 100.73208 0.14715 0.29649 0.10464 0.45172 1800.000
0.005 0.95727 104.92925 0.99715 100.44516 0.14746 0.29588 0.10491 0.45175 1799.899
0.010 0.95469 104.91285 0.99431 100.15933 0.14776 0.29526 0.10519 0.45179 1799.792
0.015 0.95213 104.89546 0.99149 99.87457 0.14807 0.29465 0.10546 0.45182 1799.679
0.020 0.94960 104.87710 0.98867 99.59088 0.14838 0.29404 0.10573 0.45185 1799.560
0.025 0.94708 104.85777 0.98587 99.30826 0.14868 0.29343 0.10601 0.45188 1799.435
0.030 0.94457 104.83747 0.98307 99.02670 0.14899 0.29281 0.10628 0.45191 1799.304
0.035 0.94209 104.81623 0.98029 98.74619 0.14930 0.29220 0.10656 0.45194 1799.167
0.040 0.93962 104.79404 0.97751 98.46674 0.14960 0.29159 0.10684 0.45197 1799.025
0.045 0.93717 104.77091 0.97475 98.18834 0.14991 0.29098 0.10711 0.45199 1798.876
0.050 0.93474 104.74685 0.97199 97.91098 0.15022 0.29037 0.10739 0.45202 1798.722
0.055 0.93232 104.72186 0.96925 97.63466 0.15053 0.28976 0.10767 0.45204 1798.563
0.060 0.92992 104.69596 0.96652 97.35938 0.15084 0.28916 0.10794 0.45206 1798.397
0.065 0.92754 104.66916 0.96380 97.08513 0.15115 0.28855 0.10822 0.45208 1798.227
0.070 0.92518 104.64145 0.96108 96.81191 0.15146 0.28794 0.10850 0.45210 1798.050
0.075 0.92283 104.61285 0.95838 96.53971 0.15177 0.28733 0.10878 0.45212 1797.868
0.080 0.92050 104.58336 0.95569 96.26852 0.15208 0.28673 0.10906 0.45214 1797.681
0.085 0.91818 104.55300 0.95301 95.99835 0.15239 0.28612 0.10934 0.45215 1797.488
0.090 0.91588 104.52176 0.95033 95.72919 0.15270 0.28552 0.10962 0.45217 1797.290
0.095 0.91359 104.48966 0.94767 95.46104 0.15301 0.28491 0.10990 0.45218 1797.087
0.100 0.91132 104.45670 0.94502 95.19389 0.15332 0.28431 0.11018 0.45219 1796.878
0.105 0.90907 104.42290 0.94238 94.92773 0.15363 0.28371 0.11046 0.45221 1796.664
0.110 0.90683 104.38825 0.93975 94.66257 0.15394 0.28310 0.11074 0.45222 1796.445
0.115 0.90461 104.35276 0.93712 94.39840 0.15425 0.28250 0.11103 0.45222 1796.221
0.120 0.90240 104.31645 0.93451 94.13521 0.15456 0.28190 0.11131 0.45223 1795.992
0.125 0.90021 104.27932 0.93191 93.87301 0.15487 0.28130 0.11159 0.45224 1795.757
0.130 0.89803 104.24137 0.92931 93.61178 0.15518 0.28070 0.11188 0.45224 1795.518
0.135 0.89587 104.20261 0.92673 93.35152 0.15550 0.28010 0.11216 0.45225 1795.273
0.140 0.89372 104.16306 0.92416 93.09223 0.15581 0.27950 0.11245 0.45225 1795.024
0.145 0.89158 104.12271 0.92159 92.83391 0.15612 0.27890 0.11273 0.45225 1794.770
0.150 0.88946 104.08157 0.91904 92.57655 0.15643 0.27830 0.11302 0.45225 1794.511
0.155 0.88736 104.03965 0.91649 92.32014 0.15675 0.27770 0.11330 0.45225 1794.247
0.160 0.88526 103.99696 0.91396 92.06469 0.15706 0.27710 0.11359 0.45225 1793.978
0.165 0.88319 103.95351 0.91143 91.81018 0.15737 0.27651 0.11387 0.45225 1793.704
0.170 0.88112 103.90929 0.90891 91.55662 0.15769 0.27591 0.11416 0.45224 1793.426
0.175 0.87907 103.86433 0.90640 91.30400 0.15800 0.27531 0.11445 0.45224 1793.143
0.180 0.87703 103.81861 0.90391 91.05232 0.15831 0.27472 0.11474 0.45223 1792.856
0.185 0.87501 103.77216 0.90142 90.80157 0.15863 0.27412 0.11503 0.45222 1792.563
0.190 0.87300 103.72497 0.89894 90.55175 0.15894 0.27353 0.11531 0.45221 1792.267
0.195 0.87100 103.67706 0.89647 90.30286 0.15926 0.27294 0.11560 0.45220 1791.965
0.200 0.86902 103.62843 0.89400 90.05489 0.15957 0.27234 0.11589 0.45219 1791.660
0.205 0.86705 103.57908 0.89155 89.80783 0.15989 0.27175 0.11618 0.45218 1791.349
0.210 0.86509 103.52903 0.88911 89.56169 0.16020 0.27116 0.11647 0.45217 1791.035
0.215 0.86314 103.47827 0.88667 89.31646 0.16052 0.27057 0.11676 0.45215 1790.716
0.220 0.86121 103.42682 0.88425 89.07214 0.16083 0.26998 0.11706 0.45213 1790.392
0.225 0.85929 103.37469 0.88183 88.82871 0.16115 0.26939 0.11735 0.45212 1790.065
0.230 0.85738 103.32187 0.87942 88.58619 0.16147 0.26880 0.11764 0.45210 1789.733
0.235 0.85549 103.26837 0.87703 88.34456 0.16178 0.26821 0.11793 0.45208 1789.397
0.240 0.85360 103.21421 0.87464 88.10383 0.16210 0.26762 0.11823 0.45206 1789.056
0.245 0.85173 103.15938 0.87225 87.86398 0.16241 0.26703 0.11852 0.45204 1788.712
0.250 0.84987 103.10390 0.86988 87.62502 0.16273 0.26644 0.11881 0.45201 1788.363
0.255 0.84802 103.04777 0.86752 87.38693 0.16305 0.26586 0.11911 0.45199 1788.010
0.260 0.84619 102.99099 0.86516 87.14973 0.16337 0.26527 0.11940 0.45196 1787.654
0.265 0.84436 102.93357 0.86282 86.91339 0.16368 0.26469 0.11970 0.45194 1787.293
0.270 0.84255 102.87552 0.86048 86.67793 0.16400 0.26410 0.11999 0.45191 1786.928
0.275 0.84075 102.81685 0.85815 86.44333 0.16432 0.26352 0.12029 0.45188 1786.559
0.280 0.83896 102.75755 0.85583 86.20959 0.16464 0.26293 0.12058 0.45185 1786.186
0.285 0.83718 102.69764 0.85352 85.97672 0.16495 0.26235 0.12088 0.45182 1785.810
0.290 0.83542 102.63712 0.85122 85.74470 0.16527 0.26177 0.12118 0.45178 1785.429
0.295 0.83366 102.57599 0.84892 85.51353 0.16559 0.26118 0.12148 0.45175 1785.045
0.300 0.83192 102.51427 0.84663 85.28321 0.16591 0.26060 0.12177 0.45171 1784.657
0.305 0.83018 102.45196 0.84436 85.05373 0.16623 0.26002 0.12207 0.45168 1784.265
0.310 0.82846 102.38906 0.84209 84.82510 0.16655 0.25944 0.12237 0.45164 1783.869
0.315 0.82675 102.32558 0.83982 84.59730 0.16687 0.25886 0.12267 0.45160 1783.470
0.320 0.82504 102.26153 0.83757 84.37034 0.16718 0.25828 0.12297 0.45156 1783.067
0.325 0.82335 102.19691 0.83533 84.14421 0.16750 0.25771 0.12327 0.45152 1782.660
0.330 0.82167 102.13172 0.83309 83.91890 0.16782 0.25713 0.12357 0.45148 1782.250
0.335 0.82000 102.06598 0.83086 83.69443 0.16814 0.25655 0.12387 0.45143 1781.836
0.340 0.81834 101.99969 0.82864 83.47077 0.16846 0.25598 0.12417 0.45139 1781.419
0.345 0.81669 101.93284 0.82643 83.24793 0.16878 0.25540 0.12447 0.45134 1780.998
0.350 0.81505 101.86546 0.82423 83.02590 0.16910 0.25482 0.12478 0.45130 1780.573
0.355 0.81343 101.79754 0.82203 82.80468 0.16942 0.25425 0.12508 0.45125 1780.145
0.360 0.81181 101.72910 0.81984 82.58428 0.16975 0.25368 0.12538 0.45120 1779.714
0.365 0.81020 101.66012 0.81766 82.36467 0.17007 0.25310 0.12568 0.45115 1779.280
0.370 0.80860 101.59063 0.81549 82.14587 0.17039 0.25253 0.12599 0.45110 1778.842
0.375 0.80701 101.52062 0.81332 81.92786 0.17071 0.25196 0.12629 0.45104 1778.400
0.380 0.80543 101.45011 0.81117 81.71065 0.17103 0.25139 0.12660 0.45099 1777.956
0.385 0.80386 101.37909 0.80902 81.49423 0.17135 0.25082 0.12690 0.45093 1777.508
0.390 0.80230 101.30757 0.80688 81.27860 0.17167 0.25025 0.12721 0.45088 1777.056
0.395 0.80074 101.23556 0.80475 81.06375 0.17199 0.24968 0.12751 0.45082 1776.602
0.400 0.79920 101.16306 0.80262 80.84968 0.17232 0.24911 0.12782 0.45076 1776.145
0.405 0.79767 101.09008 0.80050 80.63639 0.17264 0.24854 0.12812 0.45070 1775.684
0.410 0.79615 101.01661 0.79839 80.42388 0.17296 0.24797 0.12843 0.45064 1775.220
0.415 0.79463 100.94268 0.79629 80.21214 0.17328 0.24741 0.12874 0.45058 1774.753
0.420 0.79313 100.86828 0.79420 80.00116 0.17360 0.24684 0.12904 0.45051 1774.283
0.425 0.79163 100.79341 0.79211 79.79096 0.17393 0.24627 0.12935 0.45045 1773.810
0.430 0.79014 100.71809 0.79003 79.58151 0.17425 0.24571 0.12966 0.45038 1773.334
0.435 0.78866 100.64231 0.78796 79.37283 0.17457 0.24514 0.12997 0.45031 1772.855
0.440 0.78719 100.56609 0.78590 79.16490 0.17489 0.24458 0.13028 0.45025 1772.372
0.445 0.78573 100.48942 0.78384 78.95772 0.17522 0.24402 0.13059 0.45018 1771.887
0.450 0.78428 100.41231 0.78179 78.75129 0.17554 0.24346 0.13090 0.45011 1771.400
0.455 0.78284 100.33477 0.77975 78.54561 0.17586 0.24289 0.13121 0.45003 1770.909
0.460 0.78140 100.25680 0.77771 78.34068 0.17619 0.24233 0.13152 0.44996 1770.415
0.465 0.77997 100.17840 0.77569 78.13648 0.17651 0.24177 0.13183 0.44989 1769.919
0.470 0.77855 100.09959 0.77367 77.93302 0.17683 0.24121 0.13214 0.44981 1769.419
0.475 0.77714 100.02036 0.77165 77.73030 0.17716 0.24065 0.13245 0.44973 1768.917
0.480 0.77574 99.94072 0.76965 77.52831 0.17748 0.24009 0.13277 0.44966 1768.412
0.485 0.77435 99.86067 0.76765 77.32705 0.17781 0.23954 0.13308 0.44958 1767.905
0.490 0.77296 99.78023 0.76566 77.12651 0.17813 0.23898 0.13339 0.44950 1767.394
0.495 0.77159 99.69938 0.76368 76.92670 0.17846 0.23842 0.13370 0.44942 1766.881
0.500 0.77022 99.61815 0.76170 76.72761 0.17878 0.23787 0.13402 0.44933 1766.366
0.505 0.76886 99.53652 0.75973 76.52923 0.17910 0.23731 0.13433 0.44925 1765.848
0.510 0.76750 99.45452 0.75777 76.33157 0.17943 0.23676 0.13465 0.44916 1765.327
0.515 0.76616 99.37213 0.75581 76.13462 0.17975 0.23620 0.13496 0.44908 1764.803
0.520 0.76482 99.28937 0.75386 75.93838 0.18008 0.23565 0.13528 0.44899 1764.277
0.525 0.76349 99.20624 0.75192 75.74284 0.18040 0.23510 0.13559 0.44890 1763.749
0.530 0.76217 99.12274 0.74999 75.54800 0.18073 0.23455 0.13591 0.44881 1763.218
0.535 0.76085 99.03888 0.74806 75.35387 0.18105 0.23400 0.13623 0.44872 1762.684
0.540 0.75954 98.95467 0.74614 75.16043 0.18138 0.23345 0.13654 0.44863 1762.148
0.545 0.75824 98.87010 0.74423 74.96769 0.18171 0.23290 0.13686 0.44854 1761.610
0.550 0.75695 98.78518 0.74232 74.77564 0.18203 0.23235 0.13718 0.44844 1761.069
0.555 0.75567 98.69992 0.74042 74.58427 0.18236 0.23180 0.13750 0.44835 1760.526
0.560 0.75439 98.61432 0.73853 74.39359 0.18268 0.23125 0.13781 0.44825 1759.980
0.565 0.75312 98.52838 0.73664 74.20360 0.18301 0.23071 0.13813 0.44816 1759.432
0.570 0.75186 98.44211 0.73476 74.01428 0.18333 0.23016 0.13845 0.44806 1758.882
0.575 0.75060 98.35551 0.73289 73.82565 0.18366 0.22961 0.13877 0.44796 1758.329
0.580 0.74935 98.26859 0.73103 73.63768 0.18399 0.22907 0.13909 0.44786 1757.775
0.585 0.74811 98.18135 0.72917 73.45039 0.18431 0.22852 0.13941 0.44775 1757.217
0.590 0.74687 98.09379 0.72731 73.26377 0.18464 0.22798 0.13973 0.44765 1756.658
0.595 0.74565 98.00592 0.72547 73.07781 0.18497 0.22744 0.14005 0.44754 1756.097
0.600 0.74443 97.91774 0.72363 72.89252 0.18529 0.22690 0.14037 0.44744 1755.533
0.605 0.74321 97.82925 0.72179 72.70789 0.18562 0.22635 0.14069 0.44733 1754.967
0.610 0.74200 97.74047 0.71997 72.52392 0.18594 0.22581 0.14102 0.44722 1754.399
0.615 0.74080 97.65139 0.71815 72.34060 0.18627 0.22527 0.14134 0.44712 1753.829
0.620 0.73961 97.56202 0.71634 72.15794 0.18660 0.22473 0.14166 0.44700 1753.257
0.625 0.73842 97.47235 0.71453 71.97592 0.18693 0.22420 0.14198 0.44689 1752.682
0.630 0.73724 97.38241 0.71273 71.79456 0.18725 0.22366 0.14231 0.44678 1752.106
0.635 0.73607 97.29218 0.71093 71.61384 0.18758 0.22312 0.14263 0.44667 1751.527
0.640 0.73490 97.20167 0.70915 71.43376 0.18791 0.22258 0.14296 0.44655 1750.947
0.645 0.73374 97.11089 0.70736 71.25432 0.18823 0.22205 0.14328 0.44644 1750.365
0.650 0.73259 97.01984 0.70559 71.07552 0.18856 0.22151 0.14361 0.44632 1749.780
0.655 0.73144 96.92852 0.70382 70.89735 0.18889 0.22098 0.14393 0.44620 1749.194
0.660 0.73030 96.83694 0.70206 70.71982 0.18922 0.22045 0.14426 0.44608 1748.606
0.665 0.72916 96.74510 0.70030 70.54292 0.18954 0.21991 0.14458 0.44596 1748.015
0.670 0.72803 96.65300 0.69855 70.36664 0.18987 0.21938 0.14491 0.44584 1747.423
0.675 0.72691 96.56065 0.69681 70.19099 0.19020 0.21885 0.14524 0.44572 1746.829
0.680 0.72579 96.46805 0.69507 70.01596 0.19053 0.21832 0.14556 0.44559 1746.233
0.685 0.72468 96.37521 0.69334 69.84155 0.19085 0.21779 0.14589 0.44547 1745.636
0.690 0.72358 96.28212 0.69161 69.66776 0.19118 0.21726 0.14622 0.44534 1745.036
0.695 0.72248 96.18880 0.68990 69.49458 0.19151 0.21673 0.14655 0.44521 1744.435
0.700 0.72139 96.09524 0.68818 69.32201 0.19184 0.21620 0.14687 0.44508 1743.832
0.705 0.72030 96.00145 0.68648 69.15006 0.19217 0.21568 0.14720 0.44495 1743.227
0.710 0.71922 95.90743 0.68477 68.97871 0.19249 0.21515 0.14753 0.44482 1742.620
0.715 0.71815 95.81318 0.68308 68.80796 0.19282 0.21462 0.14786 0.44469 1742.012
0.720 0.71708 95.71871 0.68139 68.63782 0.19315 0.21410 0.14819 0.44456 1741.402
0.725 0.71602 95.62403 0.67971 68.46828 0.19348 0.21357 0.14852 0.44442 1740.790
0.730 0.71496 95.52913 0.67803 68.29934 0.19381 0.21305 0.14885 0.44429 1740.177
0.735 0.71391 95.43401 0.67636 68.13099 0.19414 0.21253 0.14918 0.44415 1739.562
0.740 0.71286 95.33869 0.67469 67.96323 0.19446 0.21201 0.14951 0.44402 1738.945
0.745 0.71182 95.24316 0.67303 67.79607 0.19479 0.21148 0.14985 0.44388 1738.327
0.750 0.71079 95.14743 0.67138 67.62949 0.19512 0.21096 0.15018 0.44374 1737.707
0.755 0.70976 95.05150 0.66973 67.46350 0.19545 0.21044 0.15051 0.44360 1737.086
0.760 0.70873 94.95538 0.66809 67.29809 0.19578 0.20992 0.15084 0.44345 1736.463
0.765 0.70772 94.85906 0.66645 67.13326 0.19611 0.20941 0.15118 0.44331 1735.838
0.770 0.70670 94.76255 0.66482 66.96901 0.19644 0.20889 0.15151 0.44317 1735.212
0.775 0.70570 94.66585 0.66320 66.80534 0.19676 0.20837 0.15184 0.44302 1734.584
0.780 0.70469 94.56897 0.66158 66.64224 0.19709 0.20785 0.15218 0.44288 1733.955
0.785 0.70370 94.47191 0.65997 66.47972 0.19742 0.20734 0.15251 0.44273 1733.325
0.790 0.70271 94.37467 0.65836 66.31776 0.19775 0.20682 0.15285 0.44258 1732.693
0.795 0.70172 94.27726 0.65676 66.15637 0.19808 0.20631 0.15318 0.44243 1732.059
0.800 0.70074 94.17967 0.65516 65.99555 0.19841 0.20580 0.15352 0.44228 1731.425
0.805 0.69977 94.08191 0.65357 65.83528 0.19874 0.20528 0.15385 0.44213 1730.788
0.810 0.69880 93.98399 0.65198 65.67558 0.19907 0.20477 0.15419 0.44197 1730.151
0.815 0.69783 93.88590 0.65040 65.51644 0.19940 0.20426 0.15452 0.44182 1729.512
0.820 0.69687 93.78765 0.64883 65.35785 0.19972 0.20375 0.15486 0.44166 1728.871
0.825 0.69592 93.68925 0.64726 65.19982 0.20005 0.20324 0.15520 0.44151 1728.229
0.830 0.69497 93.59069 0.64570 65.04233 0.20038 0.20273 0.15553 0.44135 1727.586
0.835 0.69402 93.49198 0.64414 64.88540 0.20071 0.20222 0.15587 0.44119 1726.942
0.840 0.69308 93.39311 0.64259 64.72902 0.20104 0.20172 0.15621 0.44103 1726.296
0.845 0.69215 93.29410 0.64104 64.57318 0.20137 0.20121 0.15655 0.44087 1725.649
0.850 0.69122 93.19495 0.63950 64.41788 0.20170 0.20071 0.15689 0.44071 1725.001
0.855 0.69029 93.09566 0.63796 64.26312 0.20203 0.20020 0.15723 0.44055 1724.352
0.860 0.68937 92.99622 0.63643 64.10890 0.20236 0.19970 0.15756 0.44038 1723.701
0.865 0.68846 92.89665 0.63490 63.95522 0.20269 0.19919 0.15790 0.44022 1723.049
0.870 0.68754 92.79695 0.63338 63.80207 0.20302 0.19869 0.15824 0.44005 1722.396
0.875 0.68664 92.69712 0.63187 63.64945 0.20334 0.19819 0.15858 0.43988 1721.742
0.880 0.68574 92.59715 0.63036 63.49737 0.20367 0.19769 0.15892 0.43972 1721.086
0.885 0.68484 92.49706 0.62885 63.34581 0.20400 0.19719 0.15927 0.43955 1720.429
0.890 0.68395 92.39685 0.62736 63.19478 0.20433 0.19669 0.15961 0.43938 1719.772
0.895 0.68306 92.29652 0.62586 63.04427 0.20466 0.19619 0.15995 0.43920 1719.113
0.900 0.68218 92.19607 0.62437 62.89428 0.20499 0.19569 0.16029 0.43903 1718.453
0.905 0.68130 92.09550 0.62289 62.74481 0.20532 0.19519 0.16063 0.43886 1717.791
0.910 0.68043 91.99482 0.62141 62.59586 0.20565 0.19469 0.16097 0.43868 1717.129
0.915 0.67956 91.89403 0.61994 62.44743 0.20598 0.19420 0.16132 0.43851 1716.466
0.920 0.67869 91.79313 0.61847 62.29951 0.20631 0.19370 0.16166 0.43833 1715.802
0.925 0.67783 91.69213 0.61700 62.15210 0.20664 0.19321 0.16200 0.43815 1715.136
0.930 0.67698 91.59102 0.61555 62.00520 0.20696 0.19271 0.16235 0.43797 1714.470
0.935 0.67613 91.48981 0.61409 61.85880 0.20729 0.19222 0.16269 0.43779 1713.802
0.940 0.67528 91.38850 0.61264 61.71291 0.20762 0.19173 0.16304 0.43761 1713.134
0.945 0.67444 91.28710 0.61120 61.56753 0.20795 0.19124 0.16338 0.43743 1712.464
0.950 0.67360 91.18560 0.60976 61.42265 0.20828 0.19075 0.16372 0.43725 1711.794
0.955 0.67277 91.08401 0.60833 61.27826 0.20861 0.19026 0.16407 0.43706 1711.123
0.960 0.67194 90.98233 0.60690 61.13437 0.20894 0.18977 0.16442 0.43688 1710.450
0.965 0.67111 90.88056 0.60548 60.99098 0.20927 0.18928 0.16476 0.43669 1709.777
0.970 0.67029 90.77871 0.60406 60.84808 0.20960 0.18879 0.16511 0.43650 1709.103
0.975 0.66947 90.67677 0.60264 60.70568 0.20993 0.18831 0.16545 0.43632 1708.428
0.980 0.66866 90.57475 0.60124 60.56376 0.21025 0.18782 0.16580 0.43613 1707.752
0.985 0.66785 90.47266 0.59983 60.42233 0.21058 0.18733 0.16615 0.43593 1707.075
0.990 0.66705 90.37049 0.59843 60.28139 0.21091 0.18685 0.16649 0.43574 1706.397
0.995 0.66625 90.26824 0.59704 60.14093 0.21124 0.18637 0.16684 0.43555 1705.718
1.000 0.66545 90.16592 0.59565 60.00095 0.21157 0.18588 0.16719 0.43536 1705.039
1.005 0.66466 90.06353 0.59426 59.86145 0.21190 0.18540 0.16754 0.43516 1704.358
1.010 0.66387 89.96108 0.59288 59.72243 0.21223 0.18492 0.16789 0.43497 1703.677
1.015 0.66309 89.85855 0.59151 59.58388 0.21256 0.18444 0.16824 0.43477 1702.995
1.020 0.66230 89.75597 0.59014 59.44581 0.21288 0.18396 0.16858 0.43457 1702.313
1.025 0.66153 89.65332 0.58877 59.30821 0.21321 0.18348 0.16893 0.43437 1701.629
1.030 0.66076 89.55061 0.58741 59.17109 0.21354 0.18300 0.16928 0.43417 1700.945
1.035 0.65999 89.44785 0.58605 59.03443 0.21387 0.18252 0.16963 0.43397 1700.260
1.040 0.65922 89.34503 0.58470 58.89824 0.21420 0.18205 0.16998 0.43377 1699.574
1.045 0.65846 89.24215 0.58335 58.76251 0.21453 0.18157 0.17033 0.43357 1698.887
1.050 0.65770 89.13922 0.58201 58.62725 0.21486 0.18110 0.17068 0.43336 1698.200
1.055 0.65695 89.03625 0.58067 58.49244 0.21518 0.18062 0.17104 0.43316 1697.512
1.060 0.65620 88.93322 0.57934 58.35810 0.21551 0.18015 0.17139 0.43295 1696.823
1.065 0.65546 88.83015 0.57801 58.22422 0.21584 0.17968 0.17174 0.43275 1696.134
1.070 0.65471 88.72704 0.57669 58.09079 0.21617 0.17920 0.17209 0.43254 1695.444
1.075 0.65398 88.62388 0.57537 57.95781 0.21650 0.17873 0.17244 0.43233 1694.753
1.080 0.65324 88.52068 0.57405 57.82529 0.21682 0.17826 0.17279 0.43212 1694.061
1.085 0.65251 88.41745 0.57274 57.69322 0.21715 0.17779 0.17315 0.43191 1693.369
1.090 0.65178 88.31417 0.57143 57.56159 0.21748 0.17732 0.17350 0.43170 1692.677
1.095 0.65106 88.21087 0.57013 57.43042 0.21781 0.17685 0.17385 0.43148 1691.983
1.100 0.65034 88.10753 0.56883 57.29969 0.21814 0.17639 0.17421 0.43127 1691.289
1.105 0.64962 88.00415 0.56754 57.16940 0.21846 0.17592 0.17456 0.43105 1690.595
1.110 0.64891 87.90075 0.56625 57.03956 0.21879 0.17546 0.17492 0.43084 1689.900
1.115 0.64820 87.79732 0.56497 56.91015 0.21912 0.17499 0.17527 0.43062 1689.204
1.120 0.64749 87.69387 0.56369 56.78118 0.21945 0.17453 0.17562 0.43040 1688.507
1.125 0.64679 87.59039 0.56241 56.65265 0.21977 0.17406 0.17598 0.43018 1687.811
1.130 0.64609 87.48688 0.56114 56.52456 0.22010 0.17360 0.17633 0.42996 1687.113
1.135 0.64540 87.38336 0.55987 56.39690 0.22043 0.17314 0.17669 0.42974 1686.415
1.140 0.64470 87.27982 0.55861 56.26966 0.22076 0.17268 0.17705 0.42952 1685.717
1.145 0.64402 87.17626 0.55735 56.14286 0.22108 0.17222 0.17740 0.42930 1685.018
1.150 0.64333 87.07268 0.55609 56.01649 0.22141 0.17176 0.17776 0.42907 1684.318
1.155 0.64265 86.96909 0.55484 55.89055 0.22174 0.17130 0.17811 0.42885 1683.618
1.160 0.64197 86.86548 0.55360 55.76502 0.22206 0.17084 0.17847 0.42862 1682.917
1.165 0.64129 86.76187 0.55236 55.63993 0.22239 0.17038 0.17883 0.42840 1682.216
1.170 0.64062 86.65825 0.55112 55.51525 0.22272 0.16993 0.17918 0.42817 1681.515
1.175 0.63995 86.55461 0.54988 55.39099 0.22305 0.16947 0.17954 0.42794 1680.813
1.180 0.63929 86.45097 0.54865 55.26716 0.22337 0.16902 0.17990 0.42771 1680.110
1.185 0.63863 86.34733 0.54743 55.14373 0.22370 0.16856 0.18026 0.42748 1679.407
1.190 0.63797 86.24368 0.54621 55.02073 0.22402 0.16811 0.18062 0.42725 1678.704
1.195 0.63731 86.14003 0.54499 54.89813 0.22435 0.16766 0.18097 0.42702 1678.000
1.200 0.63666 86.03638 0.54378 54.77595 0.22468 0.16721 0.18133 0.42678 1677.296
1.205 0.63601 85.93274 0.54257 54.65418 0.22500 0.16676 0.18169 0.42655 1676.592
1.210 0.63537 85.82909 0.54136 54.53282 0.22533 0.16631 0.18205 0.42631 1675.887
1.215 0.63472 85.72545 0.54016 54.41186 0.22566 0.16586 0.18241 0.42608 1675.181
1.220 0.63408 85.62181 0.53897 54.29131 0.22598 0.16541 0.18277 0.42584 1674.476
1.225 0.63345 85.51818 0.53777 54.17117 0.22631 0.16496 0.18313 0.42560 1673.769
1.230 0.63281 85.41456 0.53659 54.05142 0.22663 0.16451 0.18349 0.42536 1673.063
1.235 0.63218 85.31095 0.53540 53.93208 0.22696 0.16407 0.18385 0.42512 1672.356
1.240 0.63156 85.20735 0.53422 53.81314 0.22728 0.16362 0.18421 0.42488 1671.649
1.245 0.63093 85.10377 0.53304 53.69459 0.22761 0.16318 0.18457 0.42464 1670.941
1.250 0.63031 85.00019 0.53187 53.57644 0.22793 0.16273 0.18494 0.42440 1670.234
1.255 0.62969 84.89663 0.53070 53.45868 0.22826 0.16229 0.18530 0.42415 1669.525
1.260 0.62908 84.79309 0.52954 53.34132 0.22858 0.16185 0.18566 0.42391 1668.817
1.265 0.62846 84.68957 0.52838 53.22435 0.22891 0.16141 0.18602 0.42366 1668.108
1.270 0.62785 84.58607 0.52722 53.10777 0.22923 0.16097 0.18638 0.42342 1667.399
1.275 0.62725 84.48258 0.52606 52.99157 0.22956 0.16053 0.18675 0.42317 1666.690
1.280 0.62665 84.37912 0.52491 52.87577 0.22988 0.16009 0.18711 0.42292 1665.980
1.285 0.62604 84.27569 0.52377 52.76034 0.23021 0.15965 0.18747 0.42267 1665.270
1.290 0.62545 84.17227 0.52263 52.64531 0.23053 0.15921 0.18783 0.42242 1664.560
1.295 0.62485 84.06888 0.52149 52.53065 0.23086 0.15878 0.18820 0.42217 1663.850
1.300 0.62426 83.96552 0.52035 52.41638 0.23118 0.15834 0.18856 0.42192 1663.139
1.305 0.62367 83.86219 0.51922 52.30249 0.23150 0.15791 0.18892 0.42166 1662.428
1.310 0.62309 83.75889 0.51810 52.18897 0.23183 0.15747 0.18929 0.42141 1661.717
1.315 0.62250 83.65562 0.51697 52.07583 0.23215 0.15704 0.18965 0.42115 1661.006
1.320 0.62192 83.55238 0.51585 51.96307 0.23248 0.15661 0.19002 0.42090 1660.294
1.325 0.62134 83.44917 0.51474 51.85067 0.23280 0.15618 0.19038 0.42064 1659.582
1.330 0.62077 83.34600 0.51363 51.73866 0.23312 0.15575 0.19075 0.42039 1658.870
1.335 0.62020 83.24286 0.51252 51.62701 0.23345 0.15532 0.19111 0.42013 1658.158
1.340 0.61963 83.13976 0.51141 51.51573 0.23377 0.15489 0.19148 0.41987 1657.446
1.345 0.61906 83.03670 0.51031 51.40482 0.23409 0.15446 0.19184 0.41961 1656.733
1.350 0.61850 82.93368 0.50921 51.29428 0.23441 0.15403 0.19221 0.41935 1656.021
1.355 0.61794 82.83069 0.50812 51.18410 0.23474 0.15360 0.19258 0.41908 1655.308
1.360 0.61738 82.72775 0.50703 51.07428 0.23506 0.15318 0.19294 0.41882 1654.595
1.365 0.61682 82.62485 0.50594 50.96483 0.23538 0.15275 0.19331 0.41856 1653.881
1.370 0.61627 82.52199 0.50486 50.85574 0.23570 0.15233 0.19368 0.41829 1653.168
1.375 0.61572 82.41918 0.50378 50.74701 0.23603 0.15190 0.19404 0.41803 1652.455
1.380 0.61517 82.31641 0.50271 50.63863 0.23635 0.15148 0.19441 0.41776 1651.741
1.385 0.61463 82.21369 0.50163 50.53061 0.23667 0.15106 0.19478 0.41749 1651.027
1.390 0.61408 82.11102 0.50056 50.42295 0.23699 0.15064 0.19514 0.41723 1650.314
1.395 0.61354 82.00840 0.49950 50.31564 0.23731 0.15022 0.19551 0.41696 1649.600
1.400 0.61301 81.90582 0.49844 50.20869 0.23763 0.14980 0.19588 0.41669 1648.886
1.405 0.61247 81.80330 0.49738 50.10208 0.23795 0.14938 0.19625 0.41642 1648.172
1.410 0.61194 81.70083 0.49632 49.99583 0.23828 0.14896 0.19662 0.41615 1647.458
1.415 0.61141 81.59841 0.49527 49.88992 0.23860 0.14854 0.19699 0.41587 1646.743
1.420 0.61088 81.49604 0.49423 49.78437 0.23892 0.14813 0.19735 0.41560 1646.029
1.425 0.61036 81.39373 0.49318 49.67915 0.23924 0.14771 0.19772 0.41533 1645.315
1.430 0.60983 81.29148 0.49214 49.57429 0.23956 0.14730 0.19809 0.41505 1644.600
1.435 0.60931 81.18928 0.49110 49.46976 0.23988 0.14688 0.19846 0.41478 1643.886
1.440 0.60880 81.08714 0.49007 49.36558 0.24020 0.14647 0.19883 0.41450 1643.171
1.445 0.60828 80.98505 0.48904 49.26174 0.24052 0.14606 0.19920 0.41422 1642.456
1.450 0.60777 80.88303 0.48801 49.15824 0.24084 0.14565 0.19957 0.41394 1641.742
1.455 0.60726 80.78107 0.48699 49.05507 0.24116 0.14524 0.19994 0.41367 1641.027
1.460 0.60675 80.67917 0.48596 48.95224 0.24148 0.14483 0.20031 0.41339 1640.312
1.465 0.60625 80.57733 0.48495 48.84975 0.24180 0.14442 0.20068 0.41311 1639.598
1.470 0.60574 80.47555 0.48393 48.74759 0.24211 0.14401 0.20105 0.41282 1638.883
1.475 0.60524 80.37384 0.48292 48.64577 0.24243 0.14360 0.20142 0.41254 1638.168
1.480 0.60475 80.27219 0.48191 48.54428 0.24275 0.14319 0.20180 0.41226 1637.454
1.485 0.60425 80.17061 0.48091 48.44311 0.24307 0.14279 0.20217 0.41197 1636.739
1.490 0.60376 80.06909 0.47991 48.34228 0.24339 0.14238 0.20254 0.41169 1636.024
1.495 0.60327 79.96765 0.47891 48.24177 0.24371 0.14198 0.20291 0.41140 1635.310
1.500 0.60278 79.86627 0.47792 48.14160 0.24402 0.14158 0.20328 0.41112 1634.595
1.505 0.60229 79.76496 0.47693 48.04174 0.24434 0.14117 0.20365 0.41083 1633.881
1.510 0.60181 79.66372 0.47594 47.94221 0.24466 0.14077 0.20403 0.41054 1633.166
1.515 0.60133 79.56255 0.47495 47.84301 0.24498 0.14037 0.20440 0.41025 1632.451
1.520 0.60085 79.46145 0.47397 47.74412 0.24529 0.13997 0.20477 0.40996 1631.737
1.525 0.60037 79.36042 0.47299 47.64556 0.24561 0.13957 0.20514 0.40967 1631.023
1.530 0.59989 79.25947 0.47202 47.54731 0.24593 0.13917 0.20552 0.40938 1630.308
1.535 0.59942 79.15859 0.47105 47.44938 0.24625 0.13877 0.20589 0.40909 1629.594
1.540 0.59895 79.05779 0.47008 47.35177 0.24656 0.13838 0.20626 0.40880 1628.880
1.545 0.59848 78.95706 0.46911 47.25448 0.24688 0.13798 0.20664 0.40851 1628.166
1.550 0.59802 78.85641 0.46815 47.15750 0.24719 0.13758 0.20701 0.40821 1627.452
1.555 0.59755 78.75583 0.46719 47.06083 0.24751 0.13719 0.20738 0.40792 1626.738
1.560 0.59709 78.65533 0.46623 46.96448 0.24783 0.13680 0.20776 0.40762 1626.024
1.565 0.59663 78.55491 0.46528 46.86843 0.24814 0.13640 0.20813 0.40732 1625.310
1.570 0.59618 78.45457 0.46433 46.77270 0.24846 0.13601 0.20851 0.40703 1624.596
1.575 0.59572 78.35431 0.46338 46.67727 0.24877 0.13562 0.20888 0.40673 1623.883
1.580 0.59527 78.25413 0.46244 46.58215 0.24909 0.13523 0.20926 0.40643 1623.169
1.585 0.59482 78.15403 0.46149 46.48734 0.24940 0.13484 0.20963 0.40613 1622.456
1.590 0.59437 78.05401 0.46056 46.39283 0.24972 0.13445 0.21001 0.40583 1621.743
1.595 0.59392 77.95408 0.45962 46.29863 0.25003 0.13406 0.21038 0.40553 1621.030
1.600 0.59348 77.85423 0.45869 46.20473 0.25034 0.13367 0.21076 0.40523 1620.317
1.605 0.59304 77.75446 0.45776 46.11113 0.25066 0.13329 0.21113 0.40492 1619.604
1.610 0.59259 77.65478 0.45683 46.01783 0.25097 0.13290 0.21151 0.40462 1618.891
1.615 0.59216 77.55518 0.45591 45.92483 0.25128 0.13252 0.21188 0.40432 1618.179
1.620 0.59172 77.45567 0.45499 45.83212 0.25160 0.13213 0.21226 0.40401 1617.467
1.625 0.59129 77.35624 0.45407 45.73972 0.25191 0.13175 0.21264 0.40371 1616.754
1.630 0.59085 77.25691 0.45316 45.64761 0.25222 0.13136 0.21301 0.40340 1616.042
1.635 0.59042 77.15766 0.45225 45.55580 0.25254 0.13098 0.21339 0.40309 1615.331
1.640 0.59000 77.05849 0.45134 45.46428 0.25285 0.13060 0.21377 0.40278 1614.619
1.645 0.58957 76.95942 0.45043 45.37305 0.25316 0.13022 0.21414 0.40248 1613.907
1.650 0.58915 76.86044 0.44953 45.28211 0.25347 0.12984 0.21452 0.40217 1613.196
1.655 0.58873 76.76155 0.44863 45.19146 0.25378 0.12946 0.21490 0.40186 1612.485
1.660 0.58831 76.66274 0.44773 45.10111 0.25410 0.12908 0.21527 0.40155 1611.774
1.665 0.58789 76.56403 0.44684 45.01104 0.25441 0.12871 0.21565 0.40123 1611.063
1.670 0.58747 76.46541 0.44595 44.92126 0.25472 0.12833 0.21603 0.40092 1610.353
1.675 0.58706 76.36689 0.44506 44.83176 0.25503 0.12796 0.21641 0.40061 1609.642
1.680 0.58665 76.26845 0.44417 44.74255 0.25534 0.12758 0.21678 0.40030 1608.932
1.685 0.58624 76.17011 0.44329 44.65362 0.25565 0.12721 0.21716 0.39998 1608.222
1.690 0.58583 76.07187 0.44241 44.56498 0.25596 0.12683 0.21754 0.39967 1607.513
1.695 0.58542 75.97372 0.44153 44.47662 0.25627 0.12646 0.21792 0.39935 1606.803
1.700 0.58502 75.87566 0.44066 44.38853 0.25658 0.12609 0.21830 0.39903 1606.094
1.705 0.58461 75.77770 0.43979 44.30073 0.25689 0.12572 0.21868 0.39872 1605.385
1.710 0.58421 75.67984 0.43892 44.21321 0.25720 0.12535 0.21905 0.39840 1604.676
1.715 0.58382 75.58207 0.43805 44.12596 0.25751 0.12498 0.21943 0.39808 1603.967
1.720 0.58342 75.48440 0.43719 44.03899 0.25781 0.12461 0.21981 0.39776 1603.259
1.725 0.58302 75.38683 0.43633 43.95230 0.25812 0.12424 0.22019 0.39744 1602.551
1.730 0.58263 75.28936 0.43547 43.86588 0.25843 0.12388 0.22057 0.39712 1601.843
1.735 0.58224 75.19198 0.43462 43.77973 0.25874 0.12351 0.22095 0.39680 1601.136
1.740 0.58185 75.09471 0.43376 43.69385 0.25905 0.12315 0.22133 0.39648 1600.428
1.745 0.58146 74.99753 0.43291 43.60825 0.25935 0.12278 0.22171 0.39615 1599.721
1.750 0.58108 74.90046 0.43207 43.52292 0.25966 0.12242 0.22209 0.39583 1599.014
1.755 0.58069 74.80348 0.43122 43.43785 0.25997 0.12205 0.22247 0.39551 1598.308
1.760 0.58031 74.70661 0.43038 43.35306 0.26028 0.12169 0.22285 0.39518 1597.602
1.765 0.57993 74.60984 0.42954 43.26853 0.26058 0.12133 0.22323 0.39486 1596.896
1.770 0.57955 74.51317 0.42870 43.18427 0.26089 0.12097 0.22361 0.39453 1596.190
1.775 0.57918 74.41660 0.42787 43.10027 0.26119 0.12061 0.22399 0.39421 1595.484
1.780 0.57880 74.32014 0.42704 43.01654 0.26150 0.12025 0.22437 0.39388 1594.779
1.785 0.57843 74.22378 0.42621 42.93307 0.26180 0.11989 0.22475 0.39355 1594.074
1.790 0.57806 74.12752 0.42538 42.84986 0.26211 0.11954 0.22513 0.39322 1593.370
1.795 0.57769 74.03137 0.42456 42.76692 0.26241 0.11918 0.22551 0.39289 1592.666
1.800 0.57732 73.93532 0.42374 42.68423 0.26272 0.11882 0.22589 0.39256 1591.962
1.805 0.57695 73.83938 0.42292 42.60181 0.26302 0.11847 0.22627 0.39223 1591.258
1.810 0.57659 73.74354 0.42211 42.51964 0.26333 0.11812 0.22666 0.39190 1590.555
1.815 0.57623 73.64781 0.42129 42.43773 0.26363 0.11776 0.22704 0.39157 1589.852
1.820 0.57586 73.55218 0.42048 42.35608 0.26394 0.11741 0.22742 0.39124 1589.149
1.825 0.57551 73.45666 0.41967 42.27468 0.26424 0.11706 0.22780 0.39090 1588.447
1.830 0.57515 73.36125 0.41887 42.19354 0.26454 0.11671 0.22818 0.39057 1587.744
1.835 0.57479 73.26594 0.41807 42.11265 0.26484 0.11636 0.22856 0.39024 1587.043
1.840 0.57444 73.17075 0.41727 42.03201 0.26515 0.11601 0.22894 0.38990 1586.341
1.845 0.57408 73.07566 0.41647 41.95163 0.26545 0.11566 0.22933 0.38957 1585.640
1.850 0.57373 72.98068 0.41567 41.87149 0.26575 0.11531 0.22971 0.38923 1584.939
1.855 0.57338 72.88580 0.41488 41.79161 0.26605 0.11496 0.23009 0.38889 1584.239
1.860 0.57304 72.79104 0.41409 41.71197 0.26635 0.11462 0.23047 0.38856 1583.539
1.865 0.57269 72.69639 0.41330 41.63259 0.26666 0.11427 0.23085 0.38822 1582.839
1.870 0.57235 72.60185 0.41251 41.55345 0.26696 0.11393 0.23124 0.38788 1582.140
1.875 0.57200 72.50741 0.41173 41.47455 0.26726 0.11358 0.23162 0.38754 1581.441
1.880 0.57166 72.41309 0.41095 41.39590 0.26756 0.11324 0.23200 0.38720 1580.742
1.885 0.57132 72.31888 0.41017 41.31750 0.26786 0.11290 0.23239 0.38686 1580.044
1.890 0.57099 72.22478 0.40940 41.23934 0.26816 0.11255 0.23277 0.38652 1579.346
1.895 0.57065 72.13079 0.40862 41.16142 0.26846 0.11221 0.23315 0.38618 1578.648
1.900 0.57032 72.03691 0.40785 41.08374 0.26876 0.11187 0.23353 0.38584 1577.951
1.905 0.56998 71.94314 0.40708 41.00631 0.26906 0.11153 0.23392 0.38549 1577.254
1.910 0.56965 71.84949 0.40632 40.92911 0.26935 0.11120 0.23430 0.38515 1576.558
1.915 0.56932 71.75595 0.40555 40.85215 0.26965 0.11086 0.23468 0.38481 1575.861
1.920 0.56899 71.66252 0.40479 40.77543 0.26995 0.11052 0.23507 0.38446 1575.166
1.925 0.56867 71.56921 0.40403 40.69895 0.27025 0.11018 0.23545 0.38412 1574.470
1.930 0.56834 71.47601 0.40327 40.62271 0.27055 0.10985 0.23583 0.38377 1573.775
1.935 0.56802 71.38292 0.40252 40.54670 0.27084 0.10951 0.23622 0.38343 1573.081
1.940 0.56769 71.28995 0.40177 40.47092 0.27114 0.10918 0.23660 0.38308 1572.387
1.945 0.56737 71.19709 0.40102 40.39538 0.27144 0.10885 0.23699 0.38273 1571.693
1.950 0.56705 71.10434 0.40027 40.32007 0.27173 0.10851 0.23737 0.38238 1570.999
1.955 0.56674 71.01172 0.39953 40.24499 0.27203 0.10818 0.23775 0.38204 1570.306
1.960 0.56642 70.91920 0.39878 40.17015 0.27232 0.10785 0.23814 0.38169 1569.614
1.965 0.56611 70.82680 0.39804 40.09553 0.27262 0.10752 0.23852 0.38134 1568.921
1.970 0.56579 70.73452 0.39730 40.02115 0.27291 0.10719 0.23891 0.38099 1568.229
1.975 0.56548 70.64235 0.39657 39.94699 0.27321 0.10686 0.23929 0.38064 1567.538
1.980 0.56517 70.55030 0.39583 39.87306 0.27350 0.10654 0.23967 0.38029 1566.847
1.985 0.56486 70.45837 0.39510 39.79936 0.27380 0.10621 0.24006 0.37994 1566.156
1.990 0.56456 70.36655 0.39437 39.72588 0.27409 0.10588 0.24044 0.37958 1565.466
1.995 0.56425 70.27485 0.39364 39.65263 0.27439 0.10556 0.24083 0.37923 1564.776
2.000 0.56395 70.18326 0.39292 39.57961 0.27468 0.10523 0.24121 0.37888 1564.087
2.005 0.56364 70.09179 0.39220 39.50680 0.27497 0.10491 0.24160 0.37852 1563.398
2.010 0.56334 70.00044 0.39148 39.43422 0.27526 0.10458 0.24198 0.37817 1562.710
2.015 0.56304 69.90921 0.39076 39.36186 0.27556 0.10426 0.24237 0.37781 1562.021
2.020 0.56274 69.81810 0.39004 39.28973 0.27585 0.10394 0.24275 0.37746 1561.334
2.025 0.56245 69.72710 0.38933 39.21781 0.27614 0.10362 0.24314 0.37710 1560.647
2.030 0.56215 69.63622 0.38862 39.14611 0.27643 0.10330 0.24352 0.37675 1559.960
2.035 0.56186 69.54546 0.38791 39.07464 0.27672 0.10298 0.24391 0.37639 1559.273
2.040 0.56156 69.45482 0.38720 39.00338 0.27701 0.10266 0.24429 0.37603 1558.587
2.045 0.56127 69.36430 0.38649 38.93233 0.27730 0.10234 0.24468 0.37568 1557.902
2.050 0.56098 69.27390 0.38579 38.86150 0.27759 0.10203 0.24506 0.37532 1557.217
2.055 0.56069 69.18362 0.38509 38.79089 0.27788 0.10171 0.24545 0.37496 1556.532
2.060 0.56041 69.09345 0.38439 38.72050 0.27817 0.10139 0.24583 0.37460 1555.848
2.065 0.56012 69.00341 0.38369 38.65031 0.27846 0.10108 0.24622 0.37424 1555.164
2.070 0.55984 68.91348 0.38300 38.58034 0.27875 0.10076 0.24660 0.37388 1554.481
2.075 0.55955 68.82368 0.38231 38.51059 0.27904 0.10045 0.24699 0.37352 1553.798
2.080 0.55927 68.73399 0.38162 38.44104 0.27933 0.10014 0.24737 0.37316 1553.116
2.085 0.55899 68.64443 0.38093 38.37171 0.27962 0.09983 0.24776 0.37280 1552.434
2.090 0.55871 68.55498 0.38024 38.30258 0.27990 0.09952 0.24815 0.37243 1551.752
2.095 0.55844 68.46566 0.37956 38.23367 0.28019 0.09920 0.24853 0.37207 1551.071
2.100 0.55816 68.37645 0.37888 38.16496 0.28048 0.09890 0.24892 0.37171 1550.391
2.105 0.55788 68.28737 0.37820 38.09646 0.28077 0.09859 0.24930 0.37134 1549.711
2.110 0.55761 68.19841 0.37752 38.02817 0.28105 0.09828 0.24969 0.37098 1549.031
2.115 0.55734 68.10957 0.37684 37.96009 0.28134 0.09797 0.25008 0.37062 1548.352
2.120 0.55707 68.02085 0.37617 37.89221 0.28162 0.09766 0.25046 0.37025 1547.673
2.125 0.55680 67.93225 0.37550 37.82453 0.28191 0.09736 0.25085 0.36989 1546.995
2.130 0.55653 67.84377 0.37483 37.75706 0.28219 0.09705 0.25123 0.36952 1546.318
2.135 0.55626 67.75542 0.37416 37.68979 0.28248 0.09675 0.25162 0.36915 1545.640
2.140 0.55600 67.66719 0.37349 37.62273 0.28276 0.09644 0.25201 0.36879 1544.964
2.145 0.55573 67.57907 0.37283 37.55586 0.28305 0.09614 0.25239 0.36842 1544.287
2.150 0.55547 67.49109 0.37217 37.48920 0.28333 0.09584 0.25278 0.36805 1543.611
2.155 0.55521 67.40322 0.37151 37.42274 0.28361 0.09554 0.25316 0.36768 1542.936
2.160 0.55495 67.31547 0.37085 37.35648 0.28390 0.09524 0.25355 0.36732 1542.261
2.165 0.55469 67.22785 0.37019 37.29041 0.28418 0.09494 0.25394 0.36695 1541.587
2.170 0.55443 67.14035 0.36954 37.22455 0.28446 0.09464 0.25432 0.36658 1540.913
2.175 0.55417 67.05297 0.36889 37.15888 0.28474 0.09434 0.25471 0.36621 1540.240
2.180 0.55392 66.96572 0.36824 37.09341 0.28503 0.09404 0.25510 0.36584 1539.567
2.185 0.55366 66.87858 0.36759 37.02813 0.28531 0.09374 0.25548 0.36547 1538.894
2.190 0.55341 66.79157 0.36694 36.96305 0.28559 0.09345 0.25587 0.36510 1538.222
2.195 0.55316 66.70469 0.36630 36.89817 0.28587 0.09315 0.25626 0.36472 1537.551
2.200 0.55291 66.61792 0.36566 36.83348 0.28615 0.09286 0.25664 0.36435 1536.880
2.205 0.55266 66.53128 0.36502 36.76898 0.28643 0.09256 0.25703 0.36398 1536.210
2.210 0.55241 66.44476 0.36438 36.70468 0.28671 0.09227 0.25742 0.36361 1535.540
2.215 0.55216 66.35837 0.36374 36.64056 0.28699 0.09198 0.25780 0.36323 1534.870
2.220 0.55192 66.27210 0.36311 36.57664 0.28727 0.09169 0.25819 0.36286 1534.201
2.225 0.55167 66.18595 0.36248 36.51291 0.28754 0.09139 0.25858 0.36249 1533.533
2.230 0.55143 66.09993 0.36184 36.44937 0.28782 0.09110 0.25896 0.36211 1532.865
2.235 0.55119 66.01402 0.36122 36.38601 0.28810 0.09081 0.25935 0.36174 1532.198
2.240 0.55095 65.92825 0.36059 36.32285 0.28838 0.09053 0.25974 0.36136 1531.531
2.245 0.55071 65.84259 0.35996 36.25987 0.28865 0.09024 0.26012 0.36099 1530.864
2.250 0.55047 65.75706 0.35934 36.19708 0.28893 0.08995 0.26051 0.36061 1530.199
2.255 0.55023 65.67166 0.35872 36.13448 0.28921 0.08966 0.26090 0.36023 1529.533
2.260 0.54999 65.58637 0.35810 36.07206 0.28948 0.08938 0.26128 0.35986 1528.868
2.265 0.54976 65.50121 0.35748 36.00983 0.28976 0.08909 0.26167 0.35948 1528.204
2.270 0.54952 65.41618 0.35687 35.94778 0.29003 0.08881 0.26206 0.35910 1527.540
2.275 0.54929 65.33127 0.35625 35.88591 0.29031 0.08852 0.26244 0.35873 1526.877
2.280 0.54906 65.24648 0.35564 35.82423 0.29058 0.08824 0.26283 0.35835 1526.214
2.285 0.54883 65.16182 0.35503 35.76273 0.29086 0.08796 0.26322 0.35797 1525.552
2.290 0.54860 65.07728 0.35442 35.70141 0.29113 0.08768 0.26360 0.35759 1524.890
2.295 0.54837 64.99287 0.35381 35.64028 0.29141 0.08739 0.26399 0.35721 1524.229
2.300 0.54815 64.90857 0.35321 35.57932 0.29168 0.08711 0.26438 0.35683 1523.568
2.305 0.54792 64.82441 0.35260 35.51854 0.29195 0.08683 0.26476 0.35645 1522.908
2.310 0.54769 64.74037 0.35200 35.45795 0.29222 0.08656 0.26515 0.35607 1522.249
2.315 0.54747 64.65645 0.35140 35.39753 0.29250 0.08628 0.26554 0.35569 1521.590
2.320 0.54725 64.57265 0.35080 35.33729 0.29277 0.08600 0.26592 0.35531 1520.931
2.325 0.54703 64.48898 0.35021 35.27722 0.29304 0.08572 0.26631 0.35493 1520.273
2.330 0.54681 64.40544 0.34961 35.21733 0.29331 0.08545 0.26670 0.35455 1519.616
2.335 0.54659 64.32202 0.34902 35.15762 0.29358 0.08517 0.26708 0.35416 1518.959
2.340 0.54637 64.23872 0.34843 35.09809 0.29385 0.08490 0.26747 0.35378 1518.302
2.345 0.54615 64.15555 0.34784 35.03872 0.29412 0.08462 0.26786 0.35340 1517.646
2.350 0.54594 64.07250 0.34725 34.97954 0.29439 0.08435 0.26825 0.35302 1516.991
2.355 0.54572 63.98958 0.34667 34.92052 0.29466 0.08408 0.26863 0.35263 1516.336
2.360 0.54551 63.90678 0.34608 34.86168 0.29493 0.08380 0.26902 0.35225 1515.682
2.365 0.54530 63.82410 0.34550 34.80301 0.29520 0.08353 0.26941 0.35187 1515.028
2.370 0.54508 63.74155 0.34492 34.74451 0.29546 0.08326 0.26979 0.35148 1514.375
2.375 0.54487 63.65913 0.34434 34.68619 0.29573 0.08299 0.27018 0.35110 1513.722
2.380 0.54466 63.57683 0.34376 34.62803 0.29600 0.08272 0.27057 0.35071 1513.070
2.385 0.54446 63.49465 0.34319 34.57004 0.29626 0.08246 0.27095 0.35033 1512.419
2.390 0.54425 63.41260 0.34261 34.51223 0.29653 0.08219 0.27134 0.34994 1511.768
2.395 0.54404 63.33067 0.34204 34.45458 0.29680 0.08192 0.27173 0.34955 1511.117
2.400 0.54384 63.24886 0.34147 34.39710 0.29706 0.08166 0.27211 0.34917 1510.467
2.405 0.54363 63.16718 0.34090 34.33978 0.29733 0.08139 0.27250 0.34878 1509.818
2.410 0.54343 63.08563 0.34033 34.28264 0.29759 0.08112 0.27289 0.34840 1509.169
2.415 0.54323 63.00420 0.33977 34.22566 0.29786 0.08086 0.27327 0.34801 1508.521
2.420 0.54303 62.92289 0.33921 34.16884 0.29812 0.08060 0.27366 0.34762 1507.873
2.425 0.54283 62.84171 0.33864 34.11219 0.29839 0.08033 0.27405 0.34723 1507.226
2.430 0.54263 62.76065 0.33808 34.05570 0.29865 0.08007 0.27443 0.34685 1506.580
2.435 0.54243 62.67972 0.33752 33.99938 0.29891 0.07981 0.27482 0.34646 1505.934
2.440 0.54223 62.59891 0.33697 33.94322 0.29917 0.07955 0.27521 0.34607 1505.288
2.445 0.54204 62.51822 0.33641 33.88723 0.29944 0.07929 0.27559 0.34568 1504.643
2.450 0.54184 62.43766 0.33586 33.83139 0.29970 0.07903 0.27598 0.34529 1503.999
2.455 0.54165 62.35722 0.33530 33.77572 0.29996 0.07877 0.27637 0.34490 1503.355
2.460 0.54146 62.27691 0.33475 33.72021 0.30022 0.07851 0.27675 0.34451 1502.712
2.465 0.54126 62.19672 0.33420 33.66486 0.30048 0.07826 0.27714 0.34412 1502.069
2.470 0.54107 62.11666 0.33365 33.60966 0.30074 0.07800 0.27753 0.34373 1501.427
2.475 0.54088 62.03671 0.33311 33.55463 0.30100 0.07774 0.27791 0.34334 1500.785
2.480 0.54069 61.95690 0.33256 33.49976 0.30126 0.07749 0.27830 0.34295 1500.144
2.485 0.54051 61.87720 0.33202 33.44504 0.30152 0.07723 0.27868 0.34256 1499.504
2.490 0.54032 61.79764 0.33148 33.39048 0.30178 0.07698 0.27907 0.34217 1498.864
2.495 0.54013 61.71819 0.33094 33.33608 0.30204 0.07673 0.27946 0.34178 1498.225
2.500 0.53995 61.63887 0.33040 33.28184 0.30230 0.07648 0.27984 0.34139 1497.586
2.505 0.53976 61.55967 0.32986 33.22775 0.30255 0.07622 0.28023 0.34099 1496.948
2.510 0.53958 61.48060 0.32933 33.17381 0.30281 0.07597 0.28062 0.34060 1496.310
2.515 0.53940 61.40165 0.32879 33.12003 0.30307 0.07572 0.28100 0.34021 1495.673
2.520 0.53922 61.32282 0.32826 33.06641 0.30332 0.07547 0.28139 0.33982 1495.036
2.525 0.53904 61.24412 0.32773 33.01294 0.30358 0.07522 0.28177 0.33942 1494.400
2.530 0.53886 61.16554 0.32720 32.95962 0.30383 0.07497 0.28216 0.33903 1493.765
2.535 0.53868 61.08708 0.32667 32.90645 0.30409 0.07473 0.28255 0.33864 1493.130
2.540 0.53850 61.00875 0.32615 32.85344 0.30434 0.07448 0.28293 0.33824 1492.496
2.545 0.53833 60.93054 0.32562 32.80058 0.30460 0.07423 0.28332 0.33785 1491.862
2.550 0.53815 60.85246 0.32510 32.74787 0.30485 0.07399 0.28370 0.33746 1491.229
2.555 0.53798 60.77449 0.32458 32.69531 0.30511 0.07374 0.28409 0.33706 1490.597
2.560 0.53780 60.69665 0.32406 32.64289 0.30536 0.07350 0.28447 0.33667 1489.965
2.565 0.53763 60.61894 0.32354 32.59063 0.30561 0.07325 0.28486 0.33627 1489.334
2.570 0.53746 60.54134 0.32302 32.53852 0.30586 0.07301 0.28525 0.33588 1488.703
2.575 0.53729 60.46387 0.32250 32.48656 0.30612 0.07277 0.28563 0.33548 1488.073
2.580 0.53712 60.38653 0.32199 32.43474 0.30637 0.07253 0.28602 0.33509 1487.443
2.585 0.53695 60.30930 0.32148 32.38307 0.30662 0.07229 0.28640 0.33469 1486.814
2.590 0.53678 60.23220 0.32097 32.33155 0.30687 0.07204 0.28679 0.33430 1486.185
2.595 0.53661 60.15522 0.32046 32.28017 0.30712 0.07180 0.28717 0.33390 1485.557
2.600 0.53645 60.07836 0.31995 32.22894 0.30737 0.07157 0.28756 0.33351 1484.930
2.605 0.53628 60.00163 0.31944 32.17786 0.30762 0.07133 0.28794 0.33311 1484.303
2.610 0.53612 59.92502 0.31893 32.12692 0.30787 0.07109 0.28833 0.33271 1483.677
2.615 0.53596 59.84853 0.31843 32.07612 0.30812 0.07085 0.28871 0.33232 1483.052
2.620 0.53579 59.77216 0.31793 32.02547 0.30837 0.07062 0.28910 0.33192 1482.427
2.625 0.53563 59.69592 0.31743 31.97496 0.30861 0.07038 0.28948 0.33152 1481.802
2.630 0.53547 59.61980 0.31693 31.92459 0.30886 0.07014 0.28987 0.33113 1481.178
2.635 0.53531 59.54380 0.31643 31.87437 0.30911 0.06991 0.29025 0.33073 1480.555
2.640 0.53515 59.46792 0.31593 31.82428 0.30935 0.06968 0.29064 0.33033 1479.932
2.645 0.53499 59.39216 0.31543 31.77434 0.30960 0.06944 0.29102 0.32993 1479.310
2.650 0.53483 59.31653 0.31494 31.72454 0.30985 0.06921 0.29141 0.32954 1478.689
2.655 0.53468 59.24101 0.31445 31.67488 0.31009 0.06898 0.29179 0.32914 1478.068
2.660 0.53452 59.16562 0.31396 31.62536 0.31034 0.06875 0.29218 0.32874 1477.447
2.665 0.53437 59.09035 0.31346 31.57598 0.31058 0.06852 0.29256 0.32834 1476.828
2.670 0.53421 59.01520 0.31298 31.52674 0.31083 0.06829 0.29295 0.32794 1476.208
2.675 0.53406 58.94018 0.31249 31.47763 0.31107 0.06806 0.29333 0.32754 1475.590
2.680 0.53391 58.86527 0.31200 31.42866 0.31131 0.06783 0.29371 0.32715 1474.972
2.685 0.53376 58.79049 0.31152 31.37984 0.31156 0.06760 0.29410 0.32675 1474.354
2.690 0.53361 58.71583 0.31103 31.33114 0.31180 0.06737 0.29448 0.32635 1473.738
2.695 0.53346 58.64128 0.31055 31.28259 0.31204 0.06714 0.29487 0.32595 1473.121
2.700 0.53331 58.56686 0.31007 31.23417 0.31228 0.06692 0.29525 0.32555 1472.506
2.705 0.53316 58.49256 0.30959 31.18588 0.31252 0.06669 0.29564 0.32515 1471.890
2.710 0.53301 58.41838 0.30911 31.13773 0.31276 0.06647 0.29602 0.32475 1471.276
2.715 0.53287 58.34432 0.30864 31.08972 0.31300 0.06624 0.29640 0.32435 1470.662
2.720 0.53272 58.27039 0.30816 31.04184 0.31324 0.06602 0.29679 0.32395 1470.049
2.725 0.53258 58.19657 0.30769 30.99409 0.31348 0.06580 0.29717 0.32355 1469.436
2.730 0.53243 58.12287 0.30722 30.94647 0.31372 0.06557 0.29755 0.32315 1468.824
2.735 0.53229 58.04929 0.30674 30.89899 0.31396 0.06535 0.29794 0.32275 1468.212
2.740 0.53215 57.97583 0.30627 30.85164 0.31420 0.06513 0.29832 0.32235 1467.601
2.745 0.53201 57.90250 0.30581 30.80442 0.31444 0.06491 0.29870 0.32195 1466.991
2.750 0.53186 57.82928 0.30534 30.75734 0.31467 0.06469 0.29909 0.32155 1466.381
2.755 0.53172 57.75618 0.30487 30.71038 0.31491 0.06447 0.29947 0.32115 1465.772
2.760 0.53159 57.68320 0.30441 30.66355 0.31515 0.06425 0.29985 0.32075 1465.163
2.765 0.53145 57.61035 0.30394 30.61686 0.31538 0.06403 0.30024 0.32035 1464.555
2.770 0.53131 57.53761 0.30348 30.57029 0.31562 0.06382 0.30062 0.31994 1463.948
2.775 0.53117 57.46499 0.30302 30.52385 0.31586 0.06360 0.30100 0.31954 1463.341
2.780 0.53104 57.39249 0.30256 30.47754 0.31609 0.06338 0.30139 0.31914 1462.734
2.785 0.53090 57.32011 0.30210 30.43136 0.31632 0.06317 0.30177 0.31874 1462.129
2.790 0.53077 57.24784 0.30164 30.38531 0.31656 0.06295 0.30215 0.31834 1461.524
2.795 0.53063 57.17570 0.30119 30.33938 0.31679 0.06274 0.30253 0.31794 1460.919
2.800 0.53050 57.10368 0.30073 30.29359 0.31703 0.06252 0.30292 0.31754 1460.315
2.805 0.53037 57.03177 0.30028 30.24791 0.31726 0.06231 0.30330 0.31713 1459.712
2.810 0.53024 56.95998 0.29983 30.20237 0.31749 0.06210 0.30368 0.31673 1459.109
2.815 0.53011 56.88831 0.29938 30.15694 0.31772 0.06189 0.30406 0.31633 1458.507
2.820 0.52998 56.81676 0.29893 30.11165 0.31795 0.06167 0.30444 0.31593 1457.905
2.825 0.52985 56.74533 0.29848 30.06648 0.31818 0.06146 0.30483 0.31553 1457.304
2.830 0.52972 56.67402 0.29803 30.02143 0.31841 0.06125 0.30521 0.31512 1456.704
2.835 0.52959 56.60282 0.29759 29.97650 0.31865 0.06104 0.30559 0.31472 1456.104
2.840 0.52947 56.53174 0.29714 29.93170 0.31887 0.06083 0.30597 0.31432 1455.505
2.845 0.52934 56.46078 0.29670 29.88703 0.31910 0.06063 0.30635 0.31392 1454.907
2.850 0.52922 56.38994 0.29626 29.84247 0.31933 0.06042 0.30673 0.31351 1454.309
2.855 0.52909 56.31921 0.29581 29.79804 0.31956 0.06021 0.30712 0.31311 1453.711
2.860 0.52897 56.24860 0.29537 29.75373 0.31979 0.06000 0.30750 0.31271 1453.114
2.865 0.52885 56.17811 0.29494 29.70954 0.32002 0.05980 0.30788 0.31231 1452.518
2.870 0.52872 56.10774 0.29450 29.66547 0.32024 0.05959 0.30826 0.31190 1451.922
2.875 0.52860 56.03748 0.29406 29.62152 0.32047 0.05939 0.30864 0.31150 1451.327
2.880 0.52848 55.96734 0.29363 29.57769 0.32070 0.05918 0.30902 0.31110 1450.733
2.885 0.52836 55.89732 0.29319 29.53398 0.32092 0.05898 0.30940 0.31069 1450.139
2.890 0.52824 55.82741 0.29276 29.49039 0.32115 0.05878 0.30978 0.31029 1449.546
2.895 0.52812 55.75762 0.29233 29.44692 0.32137 0.05858 0.31016 0.30989 1448.953
2.900 0.52801 55.68794 0.29190 29.40357 0.32160 0.05837 0.31054 0.30949 1448.361
2.905 0.52789 55.61839 0.29147 29.36033 0.32182 0.05817 0.31092 0.30908 1447.770
2.910 0.52777 55.54894 0.29104 29.31721 0.32205 0.05797 0.31130 0.30868 1447.179
2.915 0.52766 55.47962 0.29061 29.27421 0.32227 0.05777 0.31168 0.30828 1446.588
2.920 0.52754 55.41041 0.29019 29.23133 0.32249 0.05757 0.31206 0.30787 1445.999
2.925 0.52743 55.34131 0.28976 29.18856 0.32271 0.05737 0.31244 0.30747 1445.410
2.930 0.52731 55.27233 0.28934 29.14591 0.32294 0.05717 0.31282 0.30707 1444.821
2.935 0.52720 55.20347 0.28892 29.10337 0.32316 0.05698 0.31320 0.30666 1444.233
2.940 0.52709 55.13472 0.28850 29.06095 0.32338 0.05678 0.31358 0.30626 1443.646
2.945 0.52698 55.06609 0.28808 29.01865 0.32360 0.05658 0.31396 0.30586 1443.059
2.950 0.52687 54.99757 0.28766 28.97646 0.32382 0.05639 0.31434 0.30545 1442.473
2.955 0.52676 54.92917 0.28724 28.93438 0.32404 0.05619 0.31472 0.30505 1441.887
2.960 0.52665 54.86088 0.28682 28.89241 0.32426 0.05600 0.31510 0.30465 1441.303
2.965 0.52654 54.79271 0.28641 28.85056 0.32448 0.05580 0.31548 0.30424 1440.718
2.970 0.52643 54.72465 0.28599 28.80882 0.32469 0.05561 0.31586 0.30384 1440.134
2.975 0.52633 54.65670 0.28558 28.76720 0.32491 0.05542 0.31624 0.30343 1439.551
2.980 0.52622 54.58887 0.28517 28.72569 0.32513 0.05522 0.31662 0.30303 1438.969
2.985 0.52611 54.52115 0.28476 28.68428 0.32535 0.05503 0.31699 0.30263 1438.387
2.990 0.52601 54.45355 0.28435 28.64299 0.32556 0.05484 0.31737 0.30222 1437.805
2.995 0.52590 54.38606 0.28394 28.60181 0.32578 0.05465 0.31775 0.30182 1437.224
3.000 0.52580 54.31868 0.28353 28.56074 0.32600 0.05446 0.31813 0.30142 1436.644
3.005 0.52570 54.25142 0.28313 28.51979 0.32621 0.05427 0.31851 0.30101 1436.065
3.010 0.52559 54.18427 0.28272 28.47894 0.32643 0.05408 0.31888 0.30061 1435.486
3.015 0.52549 54.11724 0.28232 28.43820 0.32664 0.05389 0.31926 0.30021 1434.907
3.020 0.52539 54.05031 0.28191 28.39757 0.32685 0.05370 0.31964 0.29980 1434.329
3.025 0.52529 53.98350 0.28151 28.35704 0.32707 0.05352 0.32002 0.29940 1433.752
3.030 0.52519 53.91681 0.28111 28.31663 0.32728 0.05333 0.32040 0.29900 1433.175
3.035 0.52509 53.85022 0.28071 28.27633 0.32749 0.05314 0.32077 0.29859 1432.599
3.040 0.52499 53.78375 0.28031 28.23613 0.32771 0.05296 0.32115 0.29819 1432.024
3.045 0.52490 53.71739 0.27991 28.19604 0.32792 0.05277 0.32153 0.29778 1431.449
3.050 0.52480 53.65114 0.27951 28.15605 0.32813 0.05259 0.32190 0.29738 1430.875
3.055 0.52470 53.58500 0.27912 28.11617 0.32834 0.05240 0.32228 0.29698 1430.301
3.060 0.52461 53.51898 0.27872 28.07640 0.32855 0.05222 0.32266 0.29657 1429.728
3.065 0.52451 53.45307 0.27833 28.03674 0.32876 0.05204 0.32303 0.29617 1429.155
3.070 0.52442 53.38727 0.27794 27.99718 0.32897 0.05185 0.32341 0.29577 1428.583
3.075 0.52432 53.32158 0.27755 27.95772 0.32918 0.05167 0.32379 0.29536 1428.012
3.080 0.52423 53.25600 0.27715 27.91837 0.32939 0.05149 0.32416 0.29496 1427.441
3.085 0.52414 53.19053 0.27677 27.87913 0.32959 0.05131 0.32454 0.29456 1426.871
3.090 0.52404 53.12518 0.27638 27.83998 0.32980 0.05113 0.32491 0.29415 1426.302
3.095 0.52395 53.05993 0.27599 27.80095 0.33001 0.05095 0.32529 0.29375 1425.733
3.100 0.52386 52.99480 0.27560 27.76201 0.33022 0.05077 0.32567 0.29335 1425.164
3.105 0.52377 52.92978 0.27522 27.72318 0.33042 0.05059 0.32604 0.29294 1424.596
3.110 0.52368 52.86486 0.27483 27.68445 0.33063 0.05041 0.32642 0.29254 1424.029
3.115 0.52359 52.80006 0.27445 27.64582 0.33083 0.05024 0.32679 0.29214 1423.463
3.120 0.52351 52.73537 0.27407 27.60730 0.33104 0.05006 0.32717 0.29174 1422.897
3.125 0.52342 52.67078 0.27369 27.56887 0.33124 0.04988 0.32754 0.29133 1422.331
3.130 0.52333 52.60631 0.27330 27.53055 0.33145 0.04971 0.32792 0.29093 1421.766
3.135 0.52325 52.54195 0.27293 27.49233 0.33165 0.04953 0.32829 0.29053 1421.202
3.140 0.52316 52.47769 0.27255 27.45421 0.33185 0.04936 0.32867 0.29012 1420.638
3.145 0.52307 52.41355 0.27217 27.41619 0.33206 0.04918 0.32904 0.28972 1420.075
3.150 0.52299 52.34951 0.27179 27.37827 0.33226 0.04901 0.32941 0.28932 1419.513
3.155 0.52291 52.28559 0.27142 27.34044 0.33246 0.04883 0.32979 0.28892 1418.951
3.160 0.52282 52.22177 0.27104 27.30272 0.33266 0.04866 0.33016 0.28851 1418.389
3.165 0.52274 52.15806 0.27067 27.26510 0.33286 0.04849 0.33054 0.28811 1417.829
3.170 0.52266 52.09446 0.27030 27.22757 0.33306 0.04832 0.33091 0.28771 1417.269
3.175 0.52258 52.03097 0.26993 27.19015 0.33326 0.04815 0.33128 0.28731 1416.709
3.180 0.52250 51.96758 0.26955 27.15282 0.33346 0.04798 0.33166 0.28690 1416.150
3.185 0.52242 51.90431 0.26919 27.11559 0.33366 0.04781 0.33203 0.28650 1415.592
3.190 0.52234 51.84114 0.26882 27.07845 0.33386 0.04764 0.33240 0.28610 1415.034
3.195 0.52226 51.77808 0.26845 27.04142 0.33406 0.04747 0.33278 0.28570 1414.477
3.200 0.52218 51.71513 0.26808 27.00448 0.33426 0.04730 0.33315 0.28530 1413.920
3.205 0.52210 51.65228 0.26772 26.96763 0.33446 0.04713 0.33352 0.28489 1413.364
3.210 0.52202 51.58954 0.26735 26.93089 0.33465 0.04696 0.33389 0.28449 1412.809
3.215 0.52195 51.52691 0.26699 26.89423 0.33485 0.04680 0.33427 0.28409 1412.254
3.220 0.52187 51.46439 0.26662 26.85768 0.33505 0.04663 0.33464 0.28369 1411.699
3.225 0.52179 51.40197 0.26626 26.82121 0.33524 0.04646 0.33501 0.28329 1411.146
3.230 0.52172 51.33966 0.26590 26.78485 0.33544 0.04630 0.33538 0.28289 1410.593
3.235 0.52164 51.27746 0.26554 26.74857 0.33563 0.04613 0.33575 0.28248 1410.040
3.240 0.52157 51.21536 0.26518 26.71240 0.33582 0.04597 0.33612 0.28208 1409.488
3.245 0.52150 51.15337 0.26482 26.67631 0.33602 0.04580 0.33650 0.28168 1408.937
3.250 0.52142 51.09149 0.26447 26.64032 0.33621 0.04564 0.33687 0.28128 1408.386
3.255 0.52135 51.02971 0.26411 26.60442 0.33640 0.04548 0.33724 0.28088 1407.836
3.260 0.52128 50.96804 0.26376 26.56861 0.33660 0.04532 0.33761 0.28048 1407.286
3.265 0.52121 50.90647 0.26340 26.53290 0.33679 0.04515 0.33798 0.28008 1406.737
3.270 0.52114 50.84501 0.26305 26.49728 0.33698 0.04499 0.33835 0.27968 1406.189
3.275 0.52107 50.78365 0.26269 26.46175 0.33717 0.04483 0.33872 0.27928 1405.641
3.280 0.52100 50.72240 0.26234 26.42631 0.33736 0.04467 0.33909 0.27888 1405.094
3.285 0.52093 50.66125 0.26199 26.39097 0.33755 0.04451 0.33946 0.27848 1404.547
3.290 0.52086 50.60021 0.26164 26.35571 0.33774 0.04435 0.33983 0.27808 1404.001
3.295 0.52079 50.53927 0.26129 26.32055 0.33793 0.04419 0.34020 0.27768 1403.455
3.300 0.52073 50.47844 0.26094 26.28547 0.33812 0.04403 0.34057 0.27728 1402.910
3.305 0.52066 50.41771 0.26060 26.25049 0.33831 0.04388 0.34094 0.27688 1402.366
3.310 0.52059 50.35708 0.26025 26.21560 0.33850 0.04372 0.34131 0.27648 1401.822
3.315 0.52053 50.29656 0.25991 26.18079 0.33868 0.04356 0.34168 0.27608 1401.279
3.320 0.52046 50.23615 0.25956 26.14607 0.33887 0.04341 0.34205 0.27568 1400.736
3.325 0.52040 50.17584 0.25922 26.11145 0.33906 0.04325 0.34242 0.27528 1400.194
3.330 0.52033 50.11563 0.25887 26.07691 0.33924 0.04309 0.34279 0.27488 1399.653
3.335 0.52027 50.05552 0.25853 26.04246 0.33943 0.04294 0.34315 0.27448 1399.112
3.340 0.52021 49.99552 0.25819 26.00810 0.33961 0.04278 0.34352 0.27408 1398.571
3.345 0.52015 49.93562 0.25785 25.97382 0.33980 0.04263 0.34389 0.27368 1398.032
3.350 0.52008 49.87582 0.25751 25.93964 0.33998 0.04248 0.34426 0.27328 1397.492
3.355 0.52002 49.81613 0.25717 25.90554 0.34017 0.04232 0.34463 0.27288 1396.954
3.360 0.51996 49.75653 0.25684 25.87153 0.34035 0.04217 0.34499 0.27249 1396.416
3.365 0.51990 49.69704 0.25650 25.83760 0.34053 0.04202 0.34536 0.27209 1395.878
3.370 0.51984 49.63766 0.25616 25.80376 0.34072 0.04187 0.34573 0.27169 1395.341
3.375 0.51978 49.57837 0.25583 25.77001 0.34090 0.04172 0.34610 0.27129 1394.805
3.380 0.51972 49.51919 0.25549 25.73634 0.34108 0.04157 0.34646 0.27089 1394.269
3.385 0.51967 49.46011 0.25516 25.70276 0.34126 0.04142 0.34683 0.27049 1393.734
3.390 0.51961 49.40113 0.25483 25.66926 0.34144 0.04127 0.34720 0.27010 1393.200
3.395 0.51955 49.34225 0.25450 25.63585 0.34162 0.04112 0.34756 0.26970 1392.666
3.400 0.51950 49.28347 0.25416 25.60252 0.34180 0.04097 0.34793 0.26930 1392.132
3.405 0.51944 49.22480 0.25383 25.56928 0.34198 0.04082 0.34830 0.26891 1391.599
3.410 0.51938 49.16622 0.25351 25.53612 0.34216 0.04067 0.34866 0.26851 1391.067
3.415 0.51933 49.10775 0.25318 25.50304 0.34234 0.04052 0.34903 0.26811 1390.535
3.420 0.51927 49.04937 0.25285 25.47005 0.34251 0.04038 0.34939 0.26772 1390.004
3.425 0.51922 48.99110 0.25252 25.43714 0.34269 0.04023 0.34976 0.26732 1389.474
3.430 0.51917 48.93293 0.25220 25.40431 0.34287 0.04009 0.35012 0.26692 1388.944
3.435 0.51911 48.87485 0.25187 25.37157 0.34305 0.03994 0.35049 0.26653 1388.414
3.440 0.51906 48.81688 0.25155 25.33891 0.34322 0.03979 0.35085 0.26613 1387.885
3.445 0.51901 48.75901 0.25122 25.30633 0.34340 0.03965 0.35122 0.26573 1387.357
3.450 0.51896 48.70123 0.25090 25.27383 0.34357 0.03951 0.35158 0.26534 1386.829
3.455 0.51891 48.64356 0.25058 25.24142 0.34375 0.03936 0.35195 0.26494 1386.302
3.460 0.51886 48.58599 0.25026 25.20909 0.34392 0.03922 0.35231 0.26455 1385.776
3.465 0.51880 48.52851 0.24994 25.17683 0.34409 0.03908 0.35268 0.26415 1385.250
3.470 0.51876 48.47113 0.24962 25.14466 0.34427 0.03893 0.35304 0.26376 1384.724
3.475 0.51871 48.41386 0.24930 25.11257 0.34444 0.03879 0.35340 0.26336 1384.199
3.480 0.51866 48.35668 0.24898 25.08056 0.34461 0.03865 0.35377 0.26297 1383.675
3.485 0.51861 48.29960 0.24867 25.04863 0.34479 0.03851 0.35413 0.26257 1383.151
3.490 0.51856 48.24261 0.24835 25.01678 0.34496 0.03837 0.35449 0.26218 1382.628
3.495 0.51851 48.18573 0.24803 24.98501 0.34513 0.03823 0.35486 0.26179 1382.105
3.500 0.51847 48.12894 0.24772 24.95331 0.34530 0.03809 0.35522 0.26139 1381.583
3.505 0.51842 48.07225 0.24741 24.92170 0.34547 0.03795 0.35558 0.26100 1381.062
3.510 0.51838 48.01566 0.24709 24.89016 0.34564 0.03781 0.35594 0.26060 1380.541
3.515 0.51833 47.95917 0.24678 24.85871 0.34581 0.03767 0.35631 0.26021 1380.021
3.520 0.51829 47.90278 0.24647 24.82733 0.34598 0.03754 0.35667 0.25982 1379.501
3.525 0.51824 47.84648 0.24616 24.79603 0.34615 0.03740 0.35703 0.25943 1378.982
3.530 0.51820 47.79028 0.24585 24.76481 0.34631 0.03726 0.35739 0.25903 1378.463
3.535 0.51815 47.73417 0.24554 24.73366 0.34648 0.03713 0.35775 0.25864 1377.945
3.540 0.51811 47.67816 0.24523 24.70260 0.34665 0.03699 0.35811 0.25825 1377.427
3.545 0.51807 47.62225 0.24492 24.67161 0.34681 0.03686 0.35848 0.25786 1376.910
3.550 0.51803 47.56644 0.24462 24.64069 0.34698 0.03672 0.35884 0.25746 1376.394
3.555 0.51799 47.51072 0.24431 24.60985 0.34715 0.03659 0.35920 0.25707 1375.878
3.560 0.51794 47.45510 0.24400 24.57909 0.34731 0.03645 0.35956 0.25668 1375.363
3.565 0.51790 47.39957 0.24370 24.54841 0.34748 0.03632 0.35992 0.25629 1374.848
3.570 0.51786 47.34414 0.24340 24.51780 0.34764 0.03618 0.36028 0.25590 1374.334
3.575 0.51782 47.28880 0.24309 24.48727 0.34780 0.03605 0.36064 0.25551 1373.820
3.580 0.51778 47.23356 0.24279 24.45681 0.34797 0.03592 0.36100 0.25512 1373.307
3.585 0.51775 47.17842 0.24249 24.42642 0.34813 0.03579 0.36136 0.25473 1372.795
3.590 0.51771 47.12337 0.24219 24.39611 0.34829 0.03566 0.36172 0.25434 1372.283
3.595 0.51767 47.06841 0.24189 24.36588 0.34845 0.03552 0.36208 0.25395 1371.771
3.600 0.51763 47.01355 0.24159 24.33572 0.34862 0.03539 0.36243 0.25356 1371.261
3.605 0.51760 46.95879 0.24129 24.30563 0.34878 0.03526 0.36279 0.25317 1370.750
3.610 0.51756 46.90412 0.24099 24.27562 0.34894 0.03513 0.36315 0.25278 1370.241
3.615 0.51752 46.84954 0.24069 24.24568 0.34910 0.03500 0.36351 0.25239 1369.731
3.620 0.51749 46.79506 0.24040 24.21582 0.34926 0.03488 0.36387 0.25200 1369.223
3.625 0.51745 46.74067 0.24010 24.18603 0.34942 0.03475 0.36423 0.25161 1368.715
3.630 0.51742 46.68637 0.23981 24.15631 0.34958 0.03462 0.36459 0.25122 1368.207
3.635 0.51738 46.63217 0.23951 24.12666 0.34973 0.03449 0.36494 0.25083 1367.700
3.640 0.51735 46.57806 0.23922 24.09709 0.34989 0.03436 0.36530 0.25044 1367.194
3.645 0.51731 46.52405 0.23893 24.06758 0.35005 0.03424 0.36566 0.25006 1366.688
3.650 0.51728 46.47013 0.23863 24.03815 0.35021 0.03411 0.36601 0.24967 1366.183
3.655 0.51725 46.41630 0.23834 24.00879 0.35036 0.03398 0.36637 0.24928 1365.678
3.660 0.51722 46.36256 0.23805 23.97951 0.35052 0.03386 0.36673 0.24889 1365.174
3.665 0.51719 46.30892 0.23776 23.95029 0.35068 0.03373 0.36708 0.24851 1364.670
3.670 0.51715 46.25537 0.23747 23.92115 0.35083 0.03361 0.36744 0.24812 1364.167
3.675 0.51712 46.20191 0.23718 23.89207 0.35099 0.03348 0.36780 0.24773 1363.664
3.680 0.51709 46.14854 0.23690 23.86307 0.35114 0.03336 0.36815 0.24735 1363.162
3.685 0.51706 46.09527 0.23661 23.83414 0.35129 0.03324 0.36851 0.24696 1362.661
3.690 0.51703 46.04209 0.23632 23.80527 0.35145 0.03311 0.36886 0.24658 1362.160
3.695 0.51700 45.98900 0.23604 23.77648 0.35160 0.03299 0.36922 0.24619 1361.660
3.700 0.51697 45.93600 0.23575 23.74776 0.35175 0.03287 0.36957 0.24581 1361.160
3.705 0.51695 45.88309 0.23547 23.71910 0.35190 0.03275 0.36993 0.24542 1360.661
3.710 0.51692 45.83027 0.23518 23.69052 0.35206 0.03262 0.37028 0.24504 1360.162
3.715 0.51689 45.77755 0.23490 23.66200 0.35221 0.03250 0.37064 0.24465 1359.664
3.720 0.51686 45.72491 0.23462 23.63355 0.35236 0.03238 0.37099 0.24427 1359.166
3.725 0.51684 45.67237 0.23434 23.60518 0.35251 0.03226 0.37135 0.24388 1358.669
3.730 0.51681 45.61992 0.23406 23.57687 0.35266 0.03214 0.37170 0.24350 1358.173
3.735 0.51678 45.56756 0.23377 23.54862 0.35281 0.03202 0.37205 0.24311 1357.677
3.740 0.51676 45.51528 0.23350 23.52045 0.35296 0.03190 0.37241 0.24273 1357.181
3.745 0.51673 45.46310 0.23322 23.49234 0.35311 0.03178 0.37276 0.24235 1356.686
3.750 0.51671 45.41101 0.23294 23.46430 0.35325 0.03167 0.37311 0.24197 1356.192
3.755 0.51669 45.35900 0.23266 23.43633 0.35340 0.03155 0.37347 0.24158 1355.698
3.760 0.51666 45.30709 0.23238 23.40843 0.35355 0.03143 0.37382 0.24120 1355.205
3.765 0.51664 45.25527 0.23211 23.38059 0.35370 0.03131 0.37417 0.24082 1354.712
3.770 0.51661 45.20353 0.23183 23.35282 0.35384 0.03120 0.37452 0.24044 1354.220
3.775 0.51659 45.15189 0.23156 23.32511 0.35399 0.03108 0.37488 0.24006 1353.728
3.780 0.51657 45.10033 0.23128 23.29748 0.35413 0.03096 0.37523 0.23967 1353.237
3.785 0.51655 45.04886 0.23101 23.26990 0.35428 0.03085 0.37558 0.23929 1352.746
3.790 0.51653 44.99748 0.23073 23.24240 0.35442 0.03073 0.37593 0.23891 1352.256
3.795 0.51651 44.94619 0.23046 23.21495 0.35457 0.03062 0.37628 0.23853 1351.767
3.800 0.51648 44.89499 0.23019 23.18758 0.35471 0.03050 0.37663 0.23815 1351.278
3.805 0.51646 44.84388 0.22992 23.16027 0.35485 0.03039 0.37698 0.23777 1350.789
3.810 0.51644 44.79285 0.22965 23.13302 0.35500 0.03028 0.37734 0.23739 1350.302
3.815 0.51642 44.74191 0.22938 23.10584 0.35514 0.03016 0.37769 0.23701 1349.814
