timeGa Urey Qt heat/H0 heatTW 1HPE 2HPE 3HPE 4HPE TempC
0.000 0.46000 36.00000 1.00000 16.56000 0.37200 0.01640 0.43000 0.18100 1351.850
0.005 0.46017 36.00000 1.00038 16.56627 0.37215 0.01647 0.42994 0.18143 1352.288
0.010 0.45975 36.06825 1.00136 16.58252 0.37207 0.01654 0.42963 0.18176 1352.727
0.015 0.45933 36.13679 1.00234 16.59879 0.37199 0.01661 0.42931 0.18209 1353.167
0.020 0.45891 36.20560 1.00333 16.61510 0.37192 0.01667 0.42900 0.18241 1353.608
0.025 0.45849 36.27470 1.00431 16.63145 0.37184 0.01674 0.42868 0.18274 1354.051
0.030 0.45806 36.34408 1.00530 16.64783 0.37176 0.01680 0.42837 0.18307 1354.494
0.035 0.45764 36.41375 1.00629 16.66424 0.37168 0.01687 0.42805 0.18340 1354.939
0.040 0.45721 36.48370 1.00729 16.68069 0.37161 0.01694 0.42773 0.18372 1355.385
0.045 0.45678 36.55394 1.00828 16.69717 0.37153 0.01700 0.42742 0.18405 1355.832
0.050 0.45635 36.62448 1.00928 16.71369 0.37145 0.01707 0.42710 0.18438 1356.281
0.055 0.45592 36.69531 1.01028 16.73024 0.37137 0.01714 0.42678 0.18471 1356.731
0.060 0.45549 36.76643 1.01128 16.74683 0.37129 0.01720 0.42647 0.18504 1357.182
0.065 0.45506 36.83785 1.01229 16.76345 0.37121 0.01727 0.42615 0.18537 1357.634
0.070 0.45463 36.90957 1.01329 16.78011 0.37113 0.01734 0.42583 0.18570 1358.087
0.075 0.45419 36.98159 1.01430 16.79680 0.37104 0.01741 0.42551 0.18603 1358.542
0.080 0.45376 37.05391 1.01531 16.81353 0.37096 0.01748 0.42520 0.18636 1358.998
0.085 0.45332 37.12653 1.01632 16.83029 0.37088 0.01755 0.42488 0.18670 1359.455
0.090 0.45289 37.19946 1.01734 16.84709 0.37080 0.01761 0.42456 0.18703 1359.914
0.095 0.45245 37.27270 1.01835 16.86393 0.37071 0.01768 0.42424 0.18736 1360.373
0.100 0.45201 37.34625 1.01937 16.88080 0.37063 0.01775 0.42392 0.18769 1360.834
0.105 0.45157 37.42011 1.02039 16.89770 0.37055 0.01782 0.42360 0.18803 1361.297
0.110 0.45113 37.49429 1.02142 16.91465 0.37046 0.01789 0.42328 0.18836 1361.760
0.115 0.45068 37.56878 1.02244 16.93162 0.37038 0.01796 0.42296 0.18869 1362.225
0.120 0.45024 37.64359 1.02347 16.94864 0.37029 0.01803 0.42264 0.18903 1362.691
0.125 0.44979 37.71872 1.02450 16.96569 0.37021 0.01811 0.42232 0.18936 1363.159
0.130 0.44935 37.79417 1.02553 16.98278 0.37012 0.01818 0.42200 0.18970 1363.627
0.135 0.44890 37.86995 1.02656 16.99990 0.37004 0.01825 0.42168 0.19003 1364.098
0.140 0.44845 37.94605 1.02760 17.01706 0.36995 0.01832 0.42136 0.19037 1364.569
0.145 0.44800 38.02248 1.02864 17.03426 0.36986 0.01839 0.42104 0.19071 1365.042
0.150 0.44755 38.09924 1.02968 17.05149 0.36978 0.01846 0.42072 0.19104 1365.516
0.155 0.44710 38.17634 1.03072 17.06876 0.36969 0.01854 0.42040 0.19138 1365.991
0.160 0.44665 38.25377 1.03177 17.08607 0.36960 0.01861 0.42007 0.19172 1366.468
0.165 0.44620 38.33154 1.03281 17.10342 0.36951 0.01868 0.41975 0.19206 1366.946
0.170 0.44574 38.40964 1.03386 17.12080 0.36942 0.01875 0.41943 0.19239 1367.426
0.175 0.44529 38.48809 1.03492 17.13822 0.36933 0.01883 0.41911 0.19273 1367.907
0.180 0.44483 38.56688 1.03597 17.15568 0.36924 0.01890 0.41878 0.19307 1368.389
0.185 0.44437 38.64602 1.03703 17.17317 0.36915 0.01898 0.41846 0.19341 1368.873
0.190 0.44391 38.72550 1.03809 17.19070 0.36906 0.01905 0.41814 0.19375 1369.358
0.195 0.44345 38.80534 1.03915 17.20827 0.36897 0.01912 0.41781 0.19409 1369.844
0.200 0.44299 38.88553 1.04021 17.22588 0.36888 0.01920 0.41749 0.19443 1370.332
0.205 0.44253 38.96607 1.04128 17.24353 0.36879 0.01927 0.41717 0.19477 1370.822
0.210 0.44206 39.04697 1.04234 17.26121 0.36870 0.01935 0.41684 0.19511 1371.312
0.215 0.44160 39.12824 1.04341 17.27894 0.36860 0.01942 0.41652 0.19545 1371.804
0.220 0.44113 39.20986 1.04449 17.29670 0.36851 0.01950 0.41619 0.19580 1372.298
0.225 0.44066 39.29185 1.04556 17.31450 0.36842 0.01958 0.41587 0.19614 1372.793
0.230 0.44020 39.37421 1.04664 17.33234 0.36832 0.01965 0.41554 0.19648 1373.290
0.235 0.43973 39.45693 1.04772 17.35021 0.36823 0.01973 0.41522 0.19682 1373.788
0.240 0.43925 39.54003 1.04880 17.36813 0.36813 0.01981 0.41489 0.19717 1374.287
0.245 0.43878 39.62351 1.04988 17.38608 0.36804 0.01988 0.41457 0.19751 1374.788
0.250 0.43831 39.70736 1.05097 17.40408 0.36794 0.01996 0.41424 0.19785 1375.290
0.255 0.43783 39.79159 1.05206 17.42211 0.36785 0.02004 0.41391 0.19820 1375.794
0.260 0.43736 39.87620 1.05315 17.44018 0.36775 0.02012 0.41359 0.19854 1376.300
0.265 0.43688 39.96120 1.05424 17.45830 0.36765 0.02020 0.41326 0.19889 1376.807
0.270 0.43640 40.04658 1.05534 17.47645 0.36756 0.02027 0.41293 0.19923 1377.315
0.275 0.43592 40.13236 1.05644 17.49464 0.36746 0.02035 0.41261 0.19958 1377.825
0.280 0.43544 40.21853 1.05754 17.51287 0.36736 0.02043 0.41228 0.19993 1378.336
0.285 0.43496 40.30509 1.05864 17.53114 0.36726 0.02051 0.41195 0.20027 1378.849
0.290 0.43448 40.39206 1.05975 17.54946 0.36716 0.02059 0.41162 0.20062 1379.364
0.295 0.43399 40.47942 1.06086 17.56781 0.36707 0.02067 0.41129 0.20097 1379.880
0.300 0.43351 40.56719 1.06197 17.58620 0.36697 0.02075 0.41097 0.20132 1380.398
0.305 0.43302 40.65537 1.06308 17.60463 0.36687 0.02083 0.41064 0.20166 1380.917
0.310 0.43253 40.74395 1.06420 17.62310 0.36677 0.02091 0.41031 0.20201 1381.438
0.315 0.43204 40.83295 1.06532 17.64162 0.36666 0.02100 0.40998 0.20236 1381.960
0.320 0.43155 40.92236 1.06644 17.66017 0.36656 0.02108 0.40965 0.20271 1382.484
0.325 0.43106 41.01219 1.06756 17.67877 0.36646 0.02116 0.40932 0.20306 1383.010
0.330 0.43057 41.10244 1.06868 17.69740 0.36636 0.02124 0.40899 0.20341 1383.537
0.335 0.43007 41.19312 1.06981 17.71608 0.36626 0.02132 0.40866 0.20376 1384.066
0.340 0.42958 41.28422 1.07094 17.73480 0.36615 0.02141 0.40833 0.20411 1384.596
0.345 0.42908 41.37575 1.07207 17.75356 0.36605 0.02149 0.40800 0.20446 1385.128
0.350 0.42858 41.46772 1.07321 17.77236 0.36595 0.02157 0.40767 0.20481 1385.662
0.355 0.42808 41.56012 1.07435 17.79121 0.36584 0.02166 0.40734 0.20516 1386.197
0.360 0.42758 41.65296 1.07549 17.81009 0.36574 0.02174 0.40701 0.20552 1386.735
0.365 0.42708 41.74624 1.07663 17.82902 0.36563 0.02182 0.40668 0.20587 1387.273
0.370 0.42658 41.83997 1.07778 17.84799 0.36553 0.02191 0.40634 0.20622 1387.814
0.375 0.42607 41.93415 1.07893 17.86700 0.36542 0.02199 0.40601 0.20657 1388.356
0.380 0.42557 42.02878 1.08008 17.88605 0.36532 0.02208 0.40568 0.20693 1388.900
0.385 0.42506 42.12387 1.08123 17.90515 0.36521 0.02216 0.40535 0.20728 1389.445
0.390 0.42455 42.21941 1.08238 17.92429 0.36510 0.02225 0.40501 0.20763 1389.993
0.395 0.42404 42.31541 1.08354 17.94347 0.36499 0.02233 0.40468 0.20799 1390.542
0.400 0.42353 42.41188 1.08470 17.96270 0.36489 0.02242 0.40435 0.20834 1391.092
0.405 0.42302 42.50882 1.08587 17.98196 0.36478 0.02251 0.40402 0.20870 1391.645
0.410 0.42250 42.60623 1.08703 18.00127 0.36467 0.02259 0.40368 0.20905 1392.199
0.415 0.42199 42.70412 1.08820 18.02063 0.36456 0.02268 0.40335 0.20941 1392.755
0.420 0.42147 42.80248 1.08937 18.04002 0.36445 0.02277 0.40301 0.20977 1393.313
0.425 0.42095 42.90133 1.09055 18.05946 0.36434 0.02286 0.40268 0.21012 1393.872
0.430 0.42043 43.00066 1.09172 18.07895 0.36423 0.02294 0.40235 0.21048 1394.434
0.435 0.41991 43.10048 1.09290 18.09848 0.36412 0.02303 0.40201 0.21084 1394.997
0.440 0.41939 43.20080 1.09409 18.11805 0.36401 0.02312 0.40168 0.21119 1395.562
0.445 0.41887 43.30161 1.09527 18.13767 0.36390 0.02321 0.40134 0.21155 1396.129
0.450 0.41834 43.40292 1.09646 18.15733 0.36378 0.02330 0.40101 0.21191 1396.697
0.455 0.41782 43.50473 1.09765 18.17703 0.36367 0.02339 0.40067 0.21227 1397.268
0.460 0.41729 43.60706 1.09884 18.19678 0.36356 0.02348 0.40033 0.21263 1397.840
0.465 0.41676 43.70989 1.10003 18.21657 0.36344 0.02357 0.40000 0.21299 1398.415
0.470 0.41623 43.81324 1.10123 18.23641 0.36333 0.02366 0.39966 0.21335 1398.991
0.475 0.41570 43.91711 1.10243 18.25629 0.36322 0.02375 0.39933 0.21371 1399.569
0.480 0.41517 44.02150 1.10364 18.27622 0.36310 0.02384 0.39899 0.21407 1400.149
0.485 0.41463 44.12642 1.10484 18.29619 0.36299 0.02393 0.39865 0.21443 1400.731
0.490 0.41410 44.23187 1.10605 18.31621 0.36287 0.02403 0.39832 0.21479 1401.314
0.495 0.41356 44.33785 1.10726 18.33628 0.36275 0.02412 0.39798 0.21515 1401.900
0.500 0.41302 44.44437 1.10848 18.35639 0.36264 0.02421 0.39764 0.21551 1402.488
0.505 0.41248 44.55144 1.10969 18.37654 0.36252 0.02430 0.39730 0.21587 1403.077
0.510 0.41194 44.65905 1.11091 18.39674 0.36240 0.02440 0.39696 0.21623 1403.669
0.515 0.41139 44.76722 1.11214 18.41699 0.36229 0.02449 0.39663 0.21660 1404.262
0.520 0.41085 44.87594 1.11336 18.43728 0.36217 0.02458 0.39629 0.21696 1404.858
0.525 0.41030 44.98522 1.11459 18.45762 0.36205 0.02468 0.39595 0.21732 1405.456
0.530 0.40976 45.09506 1.11582 18.47801 0.36193 0.02477 0.39561 0.21769 1406.055
0.535 0.40921 45.20547 1.11706 18.49844 0.36181 0.02487 0.39527 0.21805 1406.657
0.540 0.40866 45.31646 1.11829 18.51892 0.36169 0.02496 0.39493 0.21841 1407.260
0.545 0.40811 45.42802 1.11953 18.53944 0.36157 0.02506 0.39459 0.21878 1407.866
0.550 0.40755 45.54016 1.12077 18.56002 0.36145 0.02515 0.39425 0.21914 1408.474
0.555 0.40700 45.65289 1.12202 18.58064 0.36133 0.02525 0.39391 0.21951 1409.084
0.560 0.40644 45.76621 1.12327 18.60130 0.36121 0.02535 0.39357 0.21987 1409.695
0.565 0.40588 45.88013 1.12452 18.62202 0.36109 0.02544 0.39323 0.22024 1410.309
0.570 0.40533 45.99464 1.12577 18.64278 0.36096 0.02554 0.39289 0.22061 1410.926
0.575 0.40476 46.10976 1.12703 18.66359 0.36084 0.02564 0.39255 0.22097 1411.544
0.580 0.40420 46.22549 1.12829 18.68445 0.36072 0.02574 0.39221 0.22134 1412.164
0.585 0.40364 46.34184 1.12955 18.70535 0.36059 0.02583 0.39187 0.22171 1412.787
0.590 0.40307 46.45880 1.13082 18.72631 0.36047 0.02593 0.39153 0.22207 1413.411
0.595 0.40251 46.57639 1.13208 18.74731 0.36034 0.02603 0.39118 0.22244 1414.038
0.600 0.40194 46.69461 1.13335 18.76836 0.36022 0.02613 0.39084 0.22281 1414.667
0.605 0.40137 46.81346 1.13463 18.78946 0.36009 0.02623 0.39050 0.22318 1415.299
0.610 0.40080 46.93295 1.13591 18.81061 0.35997 0.02633 0.39016 0.22355 1415.932
0.615 0.40022 47.05308 1.13719 18.83180 0.35984 0.02643 0.38981 0.22391 1416.568
0.620 0.39965 47.17386 1.13847 18.85305 0.35971 0.02653 0.38947 0.22428 1417.206
0.625 0.39907 47.29530 1.13976 18.87434 0.35959 0.02663 0.38913 0.22465 1417.846
0.630 0.39850 47.41740 1.14104 18.89569 0.35946 0.02673 0.38879 0.22502 1418.488
0.635 0.39792 47.54016 1.14234 18.91708 0.35933 0.02683 0.38844 0.22539 1419.133
0.640 0.39734 47.66359 1.14363 18.93853 0.35920 0.02694 0.38810 0.22576 1419.780
0.645 0.39676 47.78770 1.14493 18.96002 0.35907 0.02704 0.38775 0.22613 1420.430
0.650 0.39617 47.91249 1.14623 18.98156 0.35894 0.02714 0.38741 0.22651 1421.081
0.655 0.39559 48.03796 1.14753 19.00316 0.35881 0.02724 0.38707 0.22688 1421.735
0.660 0.39500 48.16413 1.14884 19.02480 0.35868 0.02735 0.38672 0.22725 1422.392
0.665 0.39441 48.29100 1.15015 19.04649 0.35855 0.02745 0.38638 0.22762 1423.050
0.670 0.39382 48.41857 1.15146 19.06824 0.35842 0.02756 0.38603 0.22799 1423.712
0.675 0.39323 48.54685 1.15278 19.09004 0.35829 0.02766 0.38569 0.22837 1424.375
0.680 0.39264 48.67585 1.15410 19.11188 0.35816 0.02776 0.38534 0.22874 1425.041
0.685 0.39204 48.80557 1.15542 19.13378 0.35803 0.02787 0.38499 0.22911 1425.709
0.690 0.39144 48.93602 1.15675 19.15573 0.35789 0.02798 0.38465 0.22948 1426.380
0.695 0.39085 49.06719 1.15808 19.17773 0.35776 0.02808 0.38430 0.22986 1427.054
0.700 0.39025 49.19911 1.15941 19.19978 0.35763 0.02819 0.38396 0.23023 1427.729
0.705 0.38965 49.33178 1.16074 19.22189 0.35749 0.02829 0.38361 0.23061 1428.408
0.710 0.38904 49.46520 1.16208 19.24404 0.35736 0.02840 0.38326 0.23098 1429.088
0.715 0.38844 49.59937 1.16342 19.26625 0.35722 0.02851 0.38292 0.23136 1429.772
0.720 0.38783 49.73431 1.16477 19.28851 0.35709 0.02862 0.38257 0.23173 1430.457
0.725 0.38722 49.87002 1.16611 19.31082 0.35695 0.02872 0.38222 0.23211 1431.146
0.730 0.38661 50.00651 1.16746 19.33319 0.35681 0.02883 0.38187 0.23248 1431.837
0.735 0.38600 50.14379 1.16882 19.35560 0.35668 0.02894 0.38152 0.23286 1432.530
0.740 0.38539 50.28185 1.17017 19.37807 0.35654 0.02905 0.38118 0.23323 1433.226
0.745 0.38477 50.42072 1.17153 19.40060 0.35640 0.02916 0.38083 0.23361 1433.925
0.750 0.38416 50.56039 1.17290 19.42318 0.35626 0.02927 0.38048 0.23399 1434.627
0.755 0.38354 50.70086 1.17426 19.44581 0.35612 0.02938 0.38013 0.23437 1435.331
0.760 0.38292 50.84216 1.17563 19.46849 0.35598 0.02949 0.37978 0.23474 1436.037
0.765 0.38230 50.98429 1.17701 19.49123 0.35584 0.02960 0.37943 0.23512 1436.747
0.770 0.38168 51.12724 1.17838 19.51402 0.35570 0.02971 0.37908 0.23550 1437.459
0.775 0.38105 51.27104 1.17976 19.53686 0.35556 0.02982 0.37873 0.23588 1438.174
0.780 0.38042 51.41568 1.18115 19.55976 0.35542 0.02994 0.37838 0.23626 1438.891
0.785 0.37980 51.56118 1.18253 19.58272 0.35528 0.03005 0.37803 0.23663 1439.612
0.790 0.37917 51.70754 1.18392 19.60573 0.35514 0.03016 0.37768 0.23701 1440.335
0.795 0.37853 51.85477 1.18531 19.62879 0.35500 0.03028 0.37733 0.23739 1441.061
0.800 0.37790 52.00288 1.18671 19.65191 0.35486 0.03039 0.37698 0.23777 1441.789
0.805 0.37727 52.15188 1.18811 19.67508 0.35471 0.03050 0.37663 0.23815 1442.521
0.810 0.37663 52.30176 1.18951 19.69831 0.35457 0.03062 0.37628 0.23853 1443.255
0.815 0.37599 52.45255 1.19092 19.72160 0.35442 0.03073 0.37593 0.23891 1443.993
0.820 0.37535 52.60425 1.19233 19.74494 0.35428 0.03085 0.37558 0.23929 1444.733
0.825 0.37471 52.75686 1.19374 19.76833 0.35413 0.03096 0.37523 0.23967 1445.476
0.830 0.37406 52.91040 1.19516 19.79178 0.35399 0.03108 0.37488 0.24006 1446.222
0.835 0.37342 53.06487 1.19658 19.81529 0.35384 0.03120 0.37452 0.24044 1446.971
0.840 0.37277 53.22028 1.19800 19.83886 0.35370 0.03131 0.37417 0.24082 1447.723
0.845 0.37212 53.37664 1.19942 19.86248 0.35355 0.03143 0.37382 0.24120 1448.478
0.850 0.37147 53.53397 1.20085 19.88615 0.35340 0.03155 0.37347 0.24158 1449.236
0.855 0.37081 53.69226 1.20229 19.90989 0.35326 0.03167 0.37311 0.24197 1449.997
0.860 0.37016 53.85152 1.20372 19.93368 0.35311 0.03178 0.37276 0.24235 1450.761
0.865 0.36950 54.01177 1.20516 19.95753 0.35296 0.03190 0.37241 0.24273 1451.528
0.870 0.36884 54.17302 1.20661 19.98144 0.35281 0.03202 0.37205 0.24311 1452.298
0.875 0.36818 54.33527 1.20806 20.00540 0.35266 0.03214 0.37170 0.24350 1453.071
0.880 0.36752 54.49853 1.20951 20.02942 0.35251 0.03226 0.37135 0.24388 1453.848
0.885 0.36686 54.66281 1.21096 20.05350 0.35236 0.03238 0.37099 0.24427 1454.627
0.890 0.36619 54.82813 1.21242 20.07764 0.35221 0.03250 0.37064 0.24465 1455.410
0.895 0.36552 54.99449 1.21388 20.10183 0.35206 0.03262 0.37028 0.24504 1456.196
0.900 0.36485 55.16189 1.21534 20.12609 0.35191 0.03275 0.36993 0.24542 1456.985
0.905 0.36418 55.33036 1.21681 20.15040 0.35175 0.03287 0.36957 0.24580 1457.778
0.910 0.36351 55.49989 1.21828 20.17477 0.35160 0.03299 0.36922 0.24619 1458.573
0.915 0.36283 55.67051 1.21976 20.19921 0.35145 0.03311 0.36886 0.24658 1459.372
0.920 0.36216 55.84222 1.22124 20.22370 0.35130 0.03324 0.36851 0.24696 1460.175
0.925 0.36148 56.01503 1.22272 20.24825 0.35114 0.03336 0.36815 0.24735 1460.980
0.930 0.36080 56.18894 1.22421 20.27286 0.35099 0.03348 0.36780 0.24773 1461.789
0.935 0.36012 56.36399 1.22570 20.29753 0.35083 0.03361 0.36744 0.24812 1462.602
0.940 0.35943 56.54016 1.22719 20.32226 0.35068 0.03373 0.36708 0.24851 1463.418
0.945 0.35874 56.71747 1.22869 20.34705 0.35052 0.03386 0.36673 0.24889 1464.237
0.950 0.35806 56.89594 1.23019 20.37190 0.35037 0.03398 0.36637 0.24928 1465.060
0.955 0.35736 57.07558 1.23169 20.39681 0.35021 0.03411 0.36601 0.24967 1465.886
0.960 0.35667 57.25639 1.23320 20.42178 0.35005 0.03424 0.36566 0.25006 1466.716
0.965 0.35598 57.43838 1.23471 20.44681 0.34989 0.03436 0.36530 0.25044 1467.549
0.970 0.35528 57.62158 1.23623 20.47191 0.34974 0.03449 0.36494 0.25083 1468.386
0.975 0.35458 57.80599 1.23775 20.49706 0.34958 0.03462 0.36458 0.25122 1469.226
0.980 0.35388 57.99162 1.23927 20.52228 0.34942 0.03475 0.36423 0.25161 1470.070
0.985 0.35318 58.17848 1.24079 20.54756 0.34926 0.03487 0.36387 0.25200 1470.918
0.990 0.35248 58.36659 1.24232 20.57290 0.34910 0.03500 0.36351 0.25239 1471.769
0.995 0.35177 58.55596 1.24386 20.59831 0.34894 0.03513 0.36315 0.25278 1472.624
1.000 0.35106 58.74660 1.24540 20.62377 0.34878 0.03526 0.36279 0.25317 1473.483
1.005 0.35035 58.93852 1.24694 20.64930 0.34862 0.03539 0.36243 0.25356 1474.345
1.010 0.34964 59.13174 1.24848 20.67489 0.34846 0.03552 0.36207 0.25394 1475.212
1.015 0.34893 59.32627 1.25003 20.70055 0.34829 0.03565 0.36172 0.25433 1476.082
1.020 0.34821 59.52212 1.25159 20.72626 0.34813 0.03579 0.36136 0.25473 1476.956
1.025 0.34749 59.71931 1.25314 20.75204 0.34797 0.03592 0.36100 0.25512 1477.833
1.030 0.34677 59.91784 1.25470 20.77789 0.34781 0.03605 0.36064 0.25551 1478.715
1.035 0.34605 60.11774 1.25627 20.80380 0.34764 0.03618 0.36028 0.25590 1479.601
1.040 0.34533 60.31901 1.25784 20.82977 0.34748 0.03632 0.35992 0.25629 1480.490
1.045 0.34460 60.52167 1.25941 20.85581 0.34731 0.03645 0.35956 0.25668 1481.384
1.050 0.34387 60.72573 1.26098 20.88191 0.34715 0.03659 0.35920 0.25707 1482.281
1.055 0.34314 60.93122 1.26256 20.90807 0.34698 0.03672 0.35883 0.25746 1483.183
1.060 0.34241 61.13813 1.26415 20.93430 0.34682 0.03685 0.35847 0.25786 1484.088
1.065 0.34168 61.34650 1.26574 20.96060 0.34665 0.03699 0.35811 0.25825 1484.998
1.070 0.34094 61.55632 1.26733 20.98696 0.34648 0.03713 0.35775 0.25864 1485.912
1.075 0.34020 61.76762 1.26892 21.01339 0.34632 0.03726 0.35739 0.25903 1486.830
1.080 0.33946 61.98042 1.27052 21.03988 0.34615 0.03740 0.35703 0.25942 1487.752
1.085 0.33872 62.19472 1.27213 21.06644 0.34598 0.03754 0.35667 0.25982 1488.679
1.090 0.33797 62.41055 1.27374 21.09306 0.34581 0.03767 0.35630 0.26021 1489.609
1.095 0.33723 62.62791 1.27535 21.11976 0.34564 0.03781 0.35594 0.26060 1490.544
1.100 0.33648 62.84683 1.27696 21.14651 0.34547 0.03795 0.35558 0.26100 1491.484
1.105 0.33573 63.06733 1.27858 21.17334 0.34530 0.03809 0.35522 0.26139 1492.427
1.110 0.33497 63.28941 1.28021 21.20023 0.34513 0.03823 0.35485 0.26179 1493.375
1.115 0.33422 63.51309 1.28183 21.22719 0.34496 0.03837 0.35449 0.26218 1494.328
1.120 0.33346 63.73840 1.28347 21.25421 0.34479 0.03851 0.35413 0.26257 1495.285
1.125 0.33270 63.96535 1.28510 21.28131 0.34462 0.03865 0.35377 0.26297 1496.246
1.130 0.33194 64.19395 1.28674 21.30847 0.34444 0.03879 0.35340 0.26336 1497.212
1.135 0.33118 64.42423 1.28839 21.33570 0.34427 0.03893 0.35304 0.26376 1498.183
1.140 0.33041 64.65620 1.29004 21.36300 0.34410 0.03908 0.35267 0.26415 1499.158
1.145 0.32964 64.88988 1.29169 21.39036 0.34392 0.03922 0.35231 0.26455 1500.138
1.150 0.32887 65.12529 1.29335 21.41780 0.34375 0.03936 0.35195 0.26494 1501.123
1.155 0.32810 65.36245 1.29501 21.44531 0.34357 0.03951 0.35158 0.26534 1502.112
1.160 0.32732 65.60137 1.29667 21.47288 0.34340 0.03965 0.35122 0.26573 1503.106
1.165 0.32655 65.84208 1.29834 21.50052 0.34322 0.03979 0.35085 0.26613 1504.105
1.170 0.32577 66.08460 1.30001 21.52824 0.34305 0.03994 0.35049 0.26653 1505.108
1.175 0.32499 66.32894 1.30169 21.55602 0.34287 0.04008 0.35012 0.26692 1506.117
1.180 0.32420 66.57512 1.30337 21.58387 0.34269 0.04023 0.34976 0.26732 1507.130
1.185 0.32342 66.82317 1.30506 21.61180 0.34252 0.04038 0.34939 0.26771 1508.149
1.190 0.32263 67.07311 1.30675 21.63979 0.34234 0.04052 0.34903 0.26811 1509.172
1.195 0.32184 67.32496 1.30845 21.66786 0.34216 0.04067 0.34866 0.26851 1510.201
1.200 0.32105 67.57873 1.31014 21.69599 0.34198 0.04082 0.34829 0.26891 1511.234
1.205 0.32025 67.83445 1.31185 21.72420 0.34180 0.04097 0.34793 0.26930 1512.273
1.210 0.31946 68.09215 1.31356 21.75248 0.34162 0.04112 0.34756 0.26970 1513.317
1.215 0.31866 68.35184 1.31527 21.78083 0.34144 0.04127 0.34720 0.27010 1514.366
1.220 0.31786 68.61355 1.31698 21.80925 0.34126 0.04141 0.34683 0.27049 1515.420
1.225 0.31705 68.87729 1.31870 21.83775 0.34108 0.04156 0.34646 0.27089 1516.480
1.230 0.31625 69.14310 1.32043 21.86632 0.34090 0.04172 0.34609 0.27129 1517.545
1.235 0.31544 69.41100 1.32216 21.89496 0.34072 0.04187 0.34573 0.27169 1518.615
1.240 0.31463 69.68100 1.32389 21.92367 0.34053 0.04202 0.34536 0.27209 1519.691
1.245 0.31382 69.95314 1.32563 21.95246 0.34035 0.04217 0.34499 0.27248 1520.772
1.250 0.31300 70.22744 1.32737 21.98132 0.34017 0.04232 0.34463 0.27288 1521.859
1.255 0.31218 70.50392 1.32912 22.01025 0.33998 0.04248 0.34426 0.27328 1522.951
1.260 0.31137 70.78261 1.33087 22.03926 0.33980 0.04263 0.34389 0.27368 1524.049
1.265 0.31054 71.06354 1.33263 22.06834 0.33962 0.04278 0.34352 0.27408 1525.153
1.270 0.30972 71.34673 1.33439 22.09750 0.33943 0.04294 0.34315 0.27448 1526.262
1.275 0.30889 71.63220 1.33616 22.12673 0.33925 0.04309 0.34278 0.27488 1527.377
1.280 0.30807 71.91999 1.33792 22.15603 0.33906 0.04325 0.34242 0.27528 1528.498
1.285 0.30723 72.21012 1.33970 22.18542 0.33887 0.04340 0.34205 0.27568 1529.625
1.290 0.30640 72.50262 1.34148 22.21487 0.33869 0.04356 0.34168 0.27608 1530.758
1.295 0.30557 72.79752 1.34326 22.24440 0.33850 0.04372 0.34131 0.27648 1531.897
1.300 0.30473 73.09485 1.34505 22.27401 0.33831 0.04388 0.34094 0.27688 1533.041
1.305 0.30389 73.39463 1.34684 22.30370 0.33812 0.04403 0.34057 0.27727 1534.192
1.310 0.30304 73.69690 1.34864 22.33346 0.33793 0.04419 0.34020 0.27767 1535.349
1.315 0.30220 74.00168 1.35044 22.36330 0.33774 0.04435 0.33983 0.27808 1536.512
1.320 0.30135 74.30900 1.35225 22.39321 0.33755 0.04451 0.33946 0.27848 1537.682
1.325 0.30050 74.61891 1.35406 22.42320 0.33736 0.04467 0.33909 0.27888 1538.858
1.330 0.29965 74.93142 1.35587 22.45327 0.33717 0.04483 0.33872 0.27928 1540.040
1.335 0.29880 75.24657 1.35769 22.48342 0.33698 0.04499 0.33835 0.27968 1541.228
1.340 0.29794 75.56439 1.35952 22.51364 0.33679 0.04515 0.33798 0.28008 1542.423
1.345 0.29708 75.88491 1.36135 22.54395 0.33660 0.04531 0.33761 0.28048 1543.625
1.350 0.29622 76.20818 1.36318 22.57433 0.33641 0.04548 0.33724 0.28088 1544.833
1.355 0.29536 76.53422 1.36502 22.60479 0.33621 0.04564 0.33687 0.28128 1546.048
1.360 0.29449 76.86306 1.36687 22.63533 0.33602 0.04580 0.33650 0.28168 1547.269
1.365 0.29362 77.19475 1.36872 22.66595 0.33583 0.04597 0.33612 0.28208 1548.498
1.370 0.29275 77.52931 1.37057 22.69665 0.33563 0.04613 0.33575 0.28248 1549.733
1.375 0.29188 77.86679 1.37243 22.72742 0.33544 0.04630 0.33538 0.28288 1550.975
1.380 0.29100 78.20722 1.37429 22.75828 0.33524 0.04646 0.33501 0.28329 1552.224
1.385 0.29012 78.55063 1.37616 22.78922 0.33505 0.04663 0.33464 0.28369 1553.480
1.390 0.28924 78.89708 1.37803 22.82024 0.33485 0.04679 0.33426 0.28409 1554.743
1.395 0.28836 79.24658 1.37991 22.85134 0.33465 0.04696 0.33389 0.28449 1556.013
1.400 0.28747 79.59919 1.38179 22.88252 0.33446 0.04713 0.33352 0.28489 1557.291
1.405 0.28658 79.95495 1.38368 22.91378 0.33426 0.04730 0.33315 0.28529 1558.576
1.410 0.28569 80.31389 1.38558 22.94513 0.33406 0.04747 0.33277 0.28570 1559.868
1.415 0.28480 80.67606 1.38747 22.97655 0.33386 0.04764 0.33240 0.28610 1561.168
1.420 0.28390 81.04149 1.38938 23.00806 0.33367 0.04780 0.33203 0.28650 1562.475
1.425 0.28301 81.41024 1.39128 23.03965 0.33347 0.04797 0.33166 0.28690 1563.790
1.430 0.28211 81.78234 1.39320 23.07133 0.33327 0.04815 0.33128 0.28731 1565.112
1.435 0.28120 82.15784 1.39511 23.10308 0.33307 0.04832 0.33091 0.28771 1566.443
1.440 0.28030 82.53678 1.39704 23.13493 0.33287 0.04849 0.33053 0.28811 1567.781
1.445 0.27939 82.91922 1.39896 23.16685 0.33267 0.04866 0.33016 0.28851 1569.127
1.450 0.27848 83.30518 1.40090 23.19886 0.33246 0.04883 0.32979 0.28892 1570.481
1.455 0.27757 83.69473 1.40284 23.23095 0.33226 0.04901 0.32941 0.28932 1571.843
1.460 0.27665 84.08792 1.40478 23.26313 0.33206 0.04918 0.32904 0.28972 1573.213
1.465 0.27573 84.48478 1.40673 23.29539 0.33186 0.04936 0.32866 0.29012 1574.591
1.470 0.27481 84.88537 1.40868 23.32773 0.33165 0.04953 0.32829 0.29053 1575.978
1.475 0.27389 85.28975 1.41064 23.36016 0.33145 0.04971 0.32792 0.29093 1577.373
1.480 0.27297 85.69795 1.41260 23.39268 0.33125 0.04988 0.32754 0.29133 1578.776
1.485 0.27204 86.11004 1.41457 23.42528 0.33104 0.05006 0.32717 0.29174 1580.188
1.490 0.27111 86.52607 1.41654 23.45797 0.33084 0.05023 0.32679 0.29214 1581.609
1.495 0.27018 86.94610 1.41852 23.49075 0.33063 0.05041 0.32642 0.29254 1583.038
1.500 0.26924 87.37017 1.42051 23.52361 0.33042 0.05059 0.32604 0.29294 1584.477
1.505 0.26830 87.79834 1.42250 23.55656 0.33022 0.05077 0.32566 0.29335 1585.924
1.510 0.26736 88.23068 1.42449 23.58960 0.33001 0.05095 0.32529 0.29375 1587.380
1.515 0.26642 88.66724 1.42649 23.62272 0.32980 0.05113 0.32491 0.29415 1588.845
1.520 0.26547 89.10808 1.42850 23.65594 0.32960 0.05131 0.32454 0.29456 1590.319
1.525 0.26453 89.55326 1.43051 23.68924 0.32939 0.05149 0.32416 0.29496 1591.803
1.530 0.26358 90.00284 1.43253 23.72263 0.32918 0.05167 0.32379 0.29536 1593.296
1.535 0.26262 90.45688 1.43455 23.75611 0.32897 0.05185 0.32341 0.29577 1594.798
1.540 0.26167 90.91546 1.43657 23.78967 0.32876 0.05204 0.32303 0.29617 1596.310
1.545 0.26071 91.37863 1.43861 23.82333 0.32855 0.05222 0.32266 0.29657 1597.832
1.550 0.25975 91.84646 1.44064 23.85708 0.32834 0.05240 0.32228 0.29698 1599.364
1.555 0.25879 92.31902 1.44269 23.89091 0.32813 0.05259 0.32190 0.29738 1600.905
1.560 0.25782 92.79637 1.44474 23.92484 0.32792 0.05277 0.32153 0.29778 1602.456
1.565 0.25685 93.27860 1.44679 23.95886 0.32771 0.05296 0.32115 0.29819 1604.018
1.570 0.25588 93.76576 1.44885 23.99297 0.32750 0.05314 0.32077 0.29859 1605.590
1.575 0.25491 94.25793 1.45092 24.02717 0.32728 0.05333 0.32039 0.29900 1607.172
1.580 0.25393 94.75520 1.45299 24.06146 0.32707 0.05351 0.32002 0.29940 1608.764
1.585 0.25295 95.25762 1.45506 24.09584 0.32686 0.05370 0.31964 0.29980 1610.367
1.590 0.25197 95.76528 1.45714 24.13032 0.32664 0.05389 0.31926 0.30021 1611.981
1.595 0.25099 96.27826 1.45923 24.16489 0.32643 0.05408 0.31888 0.30061 1613.605
1.600 0.25000 96.79664 1.46133 24.19955 0.32621 0.05427 0.31851 0.30101 1615.240
1.605 0.24902 97.32050 1.46342 24.23430 0.32600 0.05446 0.31813 0.30142 1616.887
1.610 0.24802 97.84992 1.46553 24.26915 0.32578 0.05465 0.31775 0.30182 1618.544
1.615 0.24703 98.38499 1.46764 24.30409 0.32557 0.05484 0.31737 0.30222 1620.213
1.620 0.24603 98.92579 1.46975 24.33913 0.32535 0.05503 0.31699 0.30263 1621.893
1.625 0.24504 99.47242 1.47188 24.37426 0.32513 0.05522 0.31661 0.30303 1623.585
1.630 0.24403 100.02496 1.47400 24.40948 0.32491 0.05541 0.31624 0.30343 1625.288
1.635 0.24303 100.58351 1.47614 24.44480 0.32470 0.05561 0.31586 0.30384 1627.003
1.640 0.24202 101.14816 1.47827 24.48022 0.32448 0.05580 0.31548 0.30424 1628.730
1.645 0.24101 101.71900 1.48042 24.51573 0.32426 0.05600 0.31510 0.30465 1630.469
1.650 0.24000 102.29614 1.48257 24.55133 0.32404 0.05619 0.31472 0.30505 1632.220
1.655 0.23899 102.87967 1.48472 24.58704 0.32382 0.05639 0.31434 0.30545 1633.984
1.660 0.23797 103.46969 1.48689 24.62284 0.32360 0.05658 0.31396 0.30586 1635.760
1.665 0.23695 104.06632 1.48905 24.65874 0.32338 0.05678 0.31358 0.30626 1637.549
1.670 0.23593 104.66964 1.49123 24.69473 0.32316 0.05698 0.31320 0.30666 1639.350
1.675 0.23491 105.27978 1.49341 24.73082 0.32294 0.05717 0.31282 0.30707 1641.165
1.680 0.23388 105.89685 1.49559 24.76701 0.32272 0.05737 0.31244 0.30747 1642.992
1.685 0.23285 106.52094 1.49778 24.80330 0.32249 0.05757 0.31206 0.30787 1644.833
1.690 0.23182 107.15219 1.49998 24.83969 0.32227 0.05777 0.31168 0.30828 1646.687
1.695 0.23078 107.79071 1.50218 24.87618 0.32205 0.05797 0.31130 0.30868 1648.555
1.700 0.22974 108.43662 1.50439 24.91276 0.32182 0.05817 0.31092 0.30908 1650.436
1.705 0.22871 109.09004 1.50661 24.94945 0.32160 0.05837 0.31054 0.30949 1652.331
1.710 0.22766 109.75109 1.50883 24.98623 0.32138 0.05857 0.31016 0.30989 1654.241
1.715 0.22662 110.41991 1.51106 25.02312 0.32115 0.05878 0.30978 0.31029 1656.164
1.720 0.22557 111.09663 1.51329 25.06011 0.32092 0.05898 0.30940 0.31069 1658.102
1.725 0.22452 111.78137 1.51553 25.09719 0.32070 0.05918 0.30902 0.31110 1660.055
1.730 0.22347 112.47428 1.51778 25.13438 0.32047 0.05939 0.30864 0.31150 1662.022
1.735 0.22241 113.17550 1.52003 25.17168 0.32025 0.05959 0.30826 0.31190 1664.005
1.740 0.22136 113.88516 1.52229 25.20907 0.32002 0.05980 0.30788 0.31231 1666.002
1.745 0.22030 114.60342 1.52455 25.24657 0.31979 0.06000 0.30750 0.31271 1668.015
1.750 0.21923 115.33042 1.52682 25.28416 0.31956 0.06021 0.30711 0.31311 1670.044
1.755 0.21817 116.06631 1.52910 25.32187 0.31933 0.06042 0.30673 0.31351 1672.088
1.760 0.21710 116.81126 1.53138 25.35967 0.31911 0.06063 0.30635 0.31392 1674.148
1.765 0.21603 117.56541 1.53367 25.39758 0.31888 0.06083 0.30597 0.31432 1676.224
1.770 0.21496 118.32894 1.53597 25.43560 0.31865 0.06104 0.30559 0.31472 1678.316
1.775 0.21388 119.10201 1.53827 25.47371 0.31842 0.06125 0.30521 0.31512 1680.425
1.780 0.21280 119.88479 1.54058 25.51194 0.31819 0.06146 0.30483 0.31553 1682.551
1.785 0.21172 120.67745 1.54289 25.55027 0.31796 0.06167 0.30444 0.31593 1684.694
1.790 0.21064 121.48018 1.54521 25.58870 0.31772 0.06188 0.30406 0.31633 1686.854
1.795 0.20956 122.29315 1.54754 25.62724 0.31749 0.06210 0.30368 0.31673 1689.031
1.800 0.20847 123.11656 1.54987 25.66589 0.31726 0.06231 0.30330 0.31713 1691.227
1.805 0.20738 123.95059 1.55221 25.70464 0.31703 0.06252 0.30291 0.31754 1693.440
1.810 0.20629 124.79544 1.55456 25.74350 0.31679 0.06274 0.30253 0.31794 1695.671
1.815 0.20519 125.65131 1.55691 25.78247 0.31656 0.06295 0.30215 0.31834 1697.920
1.820 0.20409 126.51841 1.55927 25.82155 0.31633 0.06317 0.30177 0.31874 1700.189
1.825 0.20299 127.39694 1.56164 25.86074 0.31609 0.06338 0.30138 0.31914 1702.476
1.830 0.20189 128.28713 1.56401 25.90003 0.31586 0.06360 0.30100 0.31954 1704.782
1.835 0.20079 129.18919 1.56639 25.93943 0.31562 0.06381 0.30062 0.31994 1707.108
1.840 0.19968 130.10335 1.56878 25.97894 0.31539 0.06403 0.30024 0.32035 1709.453
1.845 0.19857 131.02984 1.57117 26.01857 0.31515 0.06425 0.29985 0.32075 1711.819
1.850 0.19746 131.96889 1.57357 26.05830 0.31491 0.06447 0.29947 0.32115 1714.205
1.855 0.19634 132.92076 1.57597 26.09814 0.31468 0.06469 0.29909 0.32155 1716.611
1.860 0.19523 133.88568 1.57839 26.13810 0.31444 0.06491 0.29870 0.32195 1719.038
1.865 0.19411 134.86393 1.58081 26.17816 0.31420 0.06513 0.29832 0.32235 1721.486
1.870 0.19299 135.85575 1.58323 26.21834 0.31396 0.06535 0.29794 0.32275 1723.956
1.875 0.19186 136.86141 1.58567 26.25863 0.31372 0.06557 0.29755 0.32315 1726.447
1.880 0.19074 137.88120 1.58811 26.29903 0.31349 0.06579 0.29717 0.32355 1728.961
1.885 0.18961 138.91539 1.59055 26.33954 0.31325 0.06602 0.29679 0.32395 1731.497
1.890 0.18848 139.96428 1.59301 26.38017 0.31301 0.06624 0.29640 0.32435 1734.055
1.895 0.18734 141.02816 1.59547 26.42091 0.31277 0.06647 0.29602 0.32475 1736.637
1.900 0.18621 142.10734 1.59793 26.46177 0.31252 0.06669 0.29563 0.32515 1739.242
1.905 0.18507 143.20212 1.60041 26.50274 0.31228 0.06692 0.29525 0.32555 1741.871
1.910 0.18393 144.31284 1.60289 26.54383 0.31204 0.06714 0.29487 0.32595 1744.523
1.915 0.18279 145.43982 1.60538 26.58503 0.31180 0.06737 0.29448 0.32635 1747.201
1.920 0.18165 146.58340 1.60787 26.62634 0.31156 0.06760 0.29410 0.32675 1749.903
1.925 0.18050 147.74393 1.61037 26.66778 0.31131 0.06783 0.29371 0.32715 1752.630
1.930 0.17935 148.92177 1.61288 26.70932 0.31107 0.06805 0.29333 0.32754 1755.383
1.935 0.17820 150.11728 1.61540 26.75099 0.31083 0.06828 0.29295 0.32794 1758.162
1.940 0.17705 151.33084 1.61792 26.79277 0.31058 0.06851 0.29256 0.32834 1760.967
1.945 0.17589 152.56283 1.62045 26.83467 0.31034 0.06874 0.29218 0.32874 1763.799
1.950 0.17474 153.81367 1.62299 26.87669 0.31009 0.06898 0.29179 0.32914 1766.659
1.955 0.17358 155.08375 1.62553 26.91883 0.30985 0.06921 0.29141 0.32954 1769.546
1.960 0.17241 156.37349 1.62809 26.96109 0.30960 0.06944 0.29102 0.32993 1772.461
1.965 0.17125 157.68334 1.63064 27.00346 0.30936 0.06967 0.29064 0.33033 1775.404
1.970 0.17009 159.01373 1.63321 27.04596 0.30911 0.06991 0.29025 0.33073 1778.377
1.975 0.16892 160.36512 1.63578 27.08858 0.30886 0.07014 0.28987 0.33113 1781.379
1.980 0.16775 161.73798 1.63836 27.13131 0.30862 0.07038 0.28948 0.33152 1784.411
1.985 0.16658 163.13280 1.64095 27.17417 0.30837 0.07061 0.28910 0.33192 1787.474
1.990 0.16540 164.55007 1.64355 27.21715 0.30812 0.07085 0.28871 0.33232 1790.567
1.995 0.16423 165.99032 1.64615 27.26025 0.30787 0.07109 0.28833 0.33271 1793.692
2.000 0.16305 167.45406 1.64876 27.30348 0.30762 0.07133 0.28794 0.33311 1796.849
2.005 0.16187 168.94184 1.65138 27.34682 0.30737 0.07156 0.28756 0.33351 1800.039
2.010 0.16069 170.45422 1.65400 27.39029 0.30712 0.07180 0.28717 0.33390 1803.262
2.015 0.15951 171.99178 1.65664 27.43389 0.30687 0.07204 0.28679 0.33430 1806.518
2.020 0.15832 173.55511 1.65928 27.47760 0.30662 0.07228 0.28640 0.33469 1809.808
2.025 0.15714 175.14483 1.66192 27.52145 0.30637 0.07252 0.28602 0.33509 1813.134
2.030 0.15595 176.76156 1.66458 27.56541 0.30612 0.07277 0.28563 0.33548 1816.494
2.035 0.15476 178.40596 1.66724 27.60950 0.30587 0.07301 0.28524 0.33588 1819.891
2.040 0.15356 180.07870 1.66991 27.65372 0.30561 0.07325 0.28486 0.33627 1823.325
2.045 0.15237 181.78046 1.67259 27.69807 0.30536 0.07350 0.28447 0.33667 1826.796
2.050 0.15118 183.51197 1.67527 27.74254 0.30511 0.07374 0.28409 0.33706 1830.304
