timeGa Urey Qt heat/H0 heatTW 1HPE 2HPE 3HPE 4HPE TempC
0.005 0.12005 36.00000 1.00038 4.32164 0.37215 0.01647 0.42994 0.18143 1350.714
0.010 0.11984 36.09680 1.00136 4.32587 0.37207 0.01654 0.42963 0.18176 1351.429
0.015 0.11964 36.19406 1.00234 4.33012 0.37199 0.01661 0.42931 0.18209 1352.147
0.020 0.11943 36.29180 1.00333 4.33437 0.37192 0.01667 0.42900 0.18241 1352.867
0.025 0.11923 36.39001 1.00431 4.33864 0.37184 0.01674 0.42868 0.18274 1353.589
0.030 0.11902 36.48870 1.00530 4.34291 0.37176 0.01680 0.42837 0.18307 1354.313
0.035 0.11882 36.58786 1.00629 4.34719 0.37168 0.01687 0.42805 0.18340 1355.039
0.040 0.11861 36.68751 1.00729 4.35148 0.37161 0.01694 0.42773 0.18372 1355.768
0.045 0.11840 36.78765 1.00828 4.35578 0.37153 0.01700 0.42742 0.18405 1356.498
0.050 0.11820 36.88828 1.00928 4.36009 0.37145 0.01707 0.42710 0.18438 1357.231
0.055 0.11799 36.98940 1.01028 4.36441 0.37137 0.01714 0.42678 0.18471 1357.966
0.060 0.11778 37.09101 1.01128 4.36874 0.37129 0.01720 0.42647 0.18504 1358.703
0.065 0.11758 37.19313 1.01229 4.37307 0.37121 0.01727 0.42615 0.18537 1359.442
0.070 0.11737 37.29575 1.01329 4.37742 0.37113 0.01734 0.42583 0.18570 1360.184
0.075 0.11716 37.39888 1.01430 4.38177 0.37104 0.01741 0.42551 0.18603 1360.927
0.080 0.11696 37.50252 1.01531 4.38614 0.37096 0.01748 0.42520 0.18636 1361.673
0.085 0.11675 37.60667 1.01632 4.39051 0.37088 0.01755 0.42488 0.18670 1362.422
0.090 0.11654 37.71135 1.01734 4.39489 0.37080 0.01761 0.42456 0.18703 1363.172
0.095 0.11633 37.81654 1.01835 4.39929 0.37071 0.01768 0.42424 0.18736 1363.925
0.100 0.11612 37.92226 1.01937 4.40369 0.37063 0.01775 0.42392 0.18769 1364.680
0.105 0.11592 38.02851 1.02039 4.40810 0.37055 0.01782 0.42360 0.18803 1365.437
0.110 0.11571 38.13529 1.02142 4.41252 0.37046 0.01789 0.42328 0.18836 1366.197
0.115 0.11550 38.24261 1.02244 4.41695 0.37038 0.01796 0.42296 0.18869 1366.959
0.120 0.11529 38.35047 1.02347 4.42138 0.37029 0.01803 0.42264 0.18903 1367.723
0.125 0.11508 38.45887 1.02450 4.42583 0.37021 0.01811 0.42232 0.18936 1368.490
0.130 0.11487 38.56782 1.02553 4.43029 0.37012 0.01818 0.42200 0.18970 1369.259
0.135 0.11466 38.67733 1.02656 4.43476 0.37004 0.01825 0.42168 0.19003 1370.030
0.140 0.11445 38.78739 1.02760 4.43923 0.36995 0.01832 0.42136 0.19037 1370.804
0.145 0.11424 38.89801 1.02864 4.44372 0.36986 0.01839 0.42104 0.19071 1371.580
0.150 0.11403 39.00920 1.02968 4.44822 0.36978 0.01846 0.42072 0.19104 1372.358
0.155 0.11382 39.12095 1.03072 4.45272 0.36969 0.01854 0.42040 0.19138 1373.139
0.160 0.11361 39.23328 1.03177 4.45724 0.36960 0.01861 0.42007 0.19172 1373.923
0.165 0.11340 39.34618 1.03281 4.46176 0.36951 0.01868 0.41975 0.19206 1374.708
0.170 0.11319 39.45966 1.03386 4.46630 0.36942 0.01875 0.41943 0.19239 1375.497
0.175 0.11297 39.57373 1.03492 4.47084 0.36933 0.01883 0.41911 0.19273 1376.287
0.180 0.11276 39.68839 1.03597 4.47539 0.36924 0.01890 0.41878 0.19307 1377.081
0.185 0.11255 39.80364 1.03703 4.47996 0.36915 0.01898 0.41846 0.19341 1377.876
0.190 0.11234 39.91949 1.03809 4.48453 0.36906 0.01905 0.41814 0.19375 1378.674
0.195 0.11213 40.03595 1.03915 4.48911 0.36897 0.01912 0.41781 0.19409 1379.475
0.200 0.11191 40.15301 1.04021 4.49371 0.36888 0.01920 0.41749 0.19443 1380.278
0.205 0.11170 40.27068 1.04128 4.49831 0.36879 0.01927 0.41717 0.19477 1381.084
0.210 0.11149 40.38896 1.04234 4.50293 0.36870 0.01935 0.41684 0.19511 1381.893
0.215 0.11128 40.50787 1.04341 4.50755 0.36860 0.01942 0.41652 0.19545 1382.703
0.220 0.11106 40.62741 1.04449 4.51218 0.36851 0.01950 0.41619 0.19580 1383.517
0.225 0.11085 40.74757 1.04556 4.51683 0.36842 0.01958 0.41587 0.19614 1384.333
0.230 0.11064 40.86837 1.04664 4.52148 0.36832 0.01965 0.41554 0.19648 1385.152
0.235 0.11042 40.98980 1.04772 4.52614 0.36823 0.01973 0.41522 0.19682 1385.973
0.240 0.11021 41.11188 1.04880 4.53082 0.36813 0.01981 0.41489 0.19717 1386.797
0.245 0.10999 41.23461 1.04988 4.53550 0.36804 0.01988 0.41457 0.19751 1387.624
0.250 0.10978 41.35799 1.05097 4.54019 0.36794 0.01996 0.41424 0.19785 1388.453
0.255 0.10956 41.48204 1.05206 4.54490 0.36785 0.02004 0.41391 0.19820 1389.285
0.260 0.10935 41.60674 1.05315 4.54961 0.36775 0.02012 0.41359 0.19854 1390.120
0.265 0.10913 41.73212 1.05424 4.55434 0.36765 0.02020 0.41326 0.19889 1390.957
0.270 0.10892 41.85816 1.05534 4.55907 0.36756 0.02027 0.41293 0.19923 1391.798
0.275 0.10870 41.98489 1.05644 4.56382 0.36746 0.02035 0.41261 0.19958 1392.641
0.280 0.10849 42.11230 1.05754 4.56858 0.36736 0.02043 0.41228 0.19993 1393.486
0.285 0.10827 42.24040 1.05864 4.57334 0.36726 0.02051 0.41195 0.20027 1394.335
0.290 0.10805 42.36920 1.05975 4.57812 0.36716 0.02059 0.41162 0.20062 1395.186
0.295 0.10784 42.49869 1.06086 4.58291 0.36707 0.02067 0.41129 0.20097 1396.040
0.300 0.10762 42.62889 1.06197 4.58770 0.36697 0.02075 0.41097 0.20132 1396.897
0.305 0.10740 42.75980 1.06308 4.59251 0.36687 0.02083 0.41064 0.20166 1397.757
0.310 0.10719 42.89143 1.06420 4.59733 0.36677 0.02091 0.41031 0.20201 1398.619
0.315 0.10697 43.02378 1.06532 4.60216 0.36666 0.02100 0.40998 0.20236 1399.485
0.320 0.10675 43.15685 1.06644 4.60700 0.36656 0.02108 0.40965 0.20271 1400.353
0.325 0.10653 43.29066 1.06756 4.61185 0.36646 0.02116 0.40932 0.20306 1401.224
0.330 0.10631 43.42521 1.06868 4.61671 0.36636 0.02124 0.40899 0.20341 1402.099
0.335 0.10610 43.56050 1.06981 4.62159 0.36626 0.02132 0.40866 0.20376 1402.976
0.340 0.10588 43.69655 1.07094 4.62647 0.36615 0.02141 0.40833 0.20411 1403.856
0.345 0.10566 43.83335 1.07207 4.63136 0.36605 0.02149 0.40800 0.20446 1404.739
0.350 0.10544 43.97091 1.07321 4.63627 0.36595 0.02157 0.40767 0.20481 1405.625
0.355 0.10522 44.10924 1.07435 4.64118 0.36584 0.02166 0.40734 0.20516 1406.514
0.360 0.10500 44.24834 1.07549 4.64611 0.36574 0.02174 0.40701 0.20552 1407.406
0.365 0.10478 44.38823 1.07663 4.65105 0.36563 0.02182 0.40668 0.20587 1408.301
0.370 0.10456 44.52890 1.07778 4.65600 0.36553 0.02191 0.40634 0.20622 1409.199
0.375 0.10434 44.67036 1.07893 4.66096 0.36542 0.02199 0.40601 0.20657 1410.101
0.380 0.10412 44.81263 1.08008 4.66593 0.36532 0.02208 0.40568 0.20693 1411.005
0.385 0.10390 44.95569 1.08123 4.67091 0.36521 0.02216 0.40535 0.20728 1411.912
0.390 0.10368 45.09958 1.08238 4.67590 0.36510 0.02225 0.40501 0.20763 1412.823
0.395 0.10346 45.24427 1.08354 4.68091 0.36499 0.02233 0.40468 0.20799 1413.737
0.400 0.10324 45.38980 1.08470 4.68592 0.36489 0.02242 0.40435 0.20834 1414.654
0.405 0.10302 45.53616 1.08587 4.69095 0.36478 0.02251 0.40402 0.20870 1415.574
0.410 0.10279 45.68335 1.08703 4.69598 0.36467 0.02259 0.40368 0.20905 1416.497
0.415 0.10257 45.83139 1.08820 4.70103 0.36456 0.02268 0.40335 0.20941 1417.423
0.420 0.10235 45.98028 1.08937 4.70609 0.36445 0.02277 0.40301 0.20977 1418.353
0.425 0.10213 46.13004 1.09055 4.71116 0.36434 0.02286 0.40268 0.21012 1419.286
0.430 0.10191 46.28065 1.09172 4.71625 0.36423 0.02294 0.40235 0.21048 1420.222
0.435 0.10168 46.43214 1.09290 4.72134 0.36412 0.02303 0.40201 0.21084 1421.162
0.440 0.10146 46.58452 1.09409 4.72645 0.36401 0.02312 0.40168 0.21119 1422.105
0.445 0.10124 46.73778 1.09527 4.73156 0.36390 0.02321 0.40134 0.21155 1423.051
0.450 0.10101 46.89193 1.09646 4.73669 0.36378 0.02330 0.40101 0.21191 1424.001
0.455 0.10079 47.04699 1.09765 4.74183 0.36367 0.02339 0.40067 0.21227 1424.954
0.460 0.10057 47.20295 1.09884 4.74699 0.36356 0.02348 0.40033 0.21263 1425.910
0.465 0.10034 47.35984 1.10003 4.75215 0.36344 0.02357 0.40000 0.21299 1426.870
0.470 0.10012 47.51764 1.10123 4.75732 0.36333 0.02366 0.39966 0.21335 1427.833
0.475 0.09989 47.67639 1.10243 4.76251 0.36322 0.02375 0.39933 0.21371 1428.800
0.480 0.09967 47.83607 1.10364 4.76771 0.36310 0.02384 0.39899 0.21407 1429.770
0.485 0.09944 47.99670 1.10484 4.77292 0.36299 0.02393 0.39865 0.21443 1430.743
0.490 0.09922 48.15828 1.10605 4.77814 0.36287 0.02403 0.39832 0.21479 1431.721
0.495 0.09899 48.32083 1.10726 4.78338 0.36275 0.02412 0.39798 0.21515 1432.701
0.500 0.09877 48.48436 1.10848 4.78862 0.36264 0.02421 0.39764 0.21551 1433.686
0.505 0.09854 48.64886 1.10969 4.79388 0.36252 0.02430 0.39730 0.21587 1434.673
0.510 0.09831 48.81435 1.11091 4.79915 0.36240 0.02440 0.39696 0.21623 1435.665
0.515 0.09809 48.98084 1.11214 4.80443 0.36229 0.02449 0.39663 0.21660 1436.660
0.520 0.09786 49.14834 1.11336 4.80973 0.36217 0.02458 0.39629 0.21696 1437.659
0.525 0.09763 49.31685 1.11459 4.81503 0.36205 0.02468 0.39595 0.21732 1438.661
0.530 0.09741 49.48638 1.11582 4.82035 0.36193 0.02477 0.39561 0.21769 1439.667
0.535 0.09718 49.65695 1.11706 4.82568 0.36181 0.02487 0.39527 0.21805 1440.677
0.540 0.09695 49.82856 1.11829 4.83102 0.36169 0.02496 0.39493 0.21841 1441.691
0.545 0.09673 50.00121 1.11953 4.83638 0.36157 0.02506 0.39459 0.21878 1442.708
0.550 0.09650 50.17493 1.12077 4.84174 0.36145 0.02515 0.39425 0.21914 1443.729
0.555 0.09627 50.34971 1.12202 4.84712 0.36133 0.02525 0.39391 0.21951 1444.754
0.560 0.09604 50.52557 1.12327 4.85251 0.36121 0.02535 0.39357 0.21987 1445.783
0.565 0.09581 50.70252 1.12452 4.85792 0.36109 0.02544 0.39323 0.22024 1446.816
0.570 0.09558 50.88056 1.12577 4.86333 0.36096 0.02554 0.39289 0.22061 1447.852
0.575 0.09535 51.05971 1.12703 4.86876 0.36084 0.02564 0.39255 0.22097 1448.893
0.580 0.09513 51.23997 1.12829 4.87420 0.36072 0.02574 0.39221 0.22134 1449.937
0.585 0.09490 51.42136 1.12955 4.87966 0.36059 0.02583 0.39187 0.22171 1450.986
0.590 0.09467 51.60389 1.13082 4.88512 0.36047 0.02593 0.39153 0.22207 1452.038
0.595 0.09444 51.78756 1.13208 4.89060 0.36034 0.02603 0.39118 0.22244 1453.094
0.600 0.09421 51.97238 1.13335 4.89609 0.36022 0.02613 0.39084 0.22281 1454.155
0.605 0.09398 52.15837 1.13463 4.90160 0.36009 0.02623 0.39050 0.22318 1455.219
0.610 0.09374 52.34554 1.13591 4.90711 0.35997 0.02633 0.39016 0.22355 1456.288
0.615 0.09351 52.53389 1.13719 4.91264 0.35984 0.02643 0.38981 0.22391 1457.361
0.620 0.09328 52.72344 1.13847 4.91819 0.35971 0.02653 0.38947 0.22428 1458.437
0.625 0.09305 52.91420 1.13976 4.92374 0.35959 0.02663 0.38913 0.22465 1459.518
0.630 0.09282 53.10618 1.14104 4.92931 0.35946 0.02673 0.38879 0.22502 1460.604
0.635 0.09259 53.29938 1.14234 4.93489 0.35933 0.02683 0.38844 0.22539 1461.693
0.640 0.09236 53.49383 1.14363 4.94048 0.35920 0.02694 0.38810 0.22576 1462.787
0.645 0.09212 53.68953 1.14493 4.94609 0.35907 0.02704 0.38775 0.22613 1463.885
0.650 0.09189 53.88649 1.14623 4.95171 0.35894 0.02714 0.38741 0.22651 1464.987
0.655 0.09166 54.08473 1.14753 4.95735 0.35881 0.02724 0.38707 0.22688 1466.094
0.660 0.09143 54.28425 1.14884 4.96299 0.35868 0.02735 0.38672 0.22725 1467.205
0.665 0.09119 54.48507 1.15015 4.96865 0.35855 0.02745 0.38638 0.22762 1468.320
0.670 0.09096 54.68720 1.15146 4.97432 0.35842 0.02756 0.38603 0.22799 1469.440
0.675 0.09073 54.89066 1.15278 4.98001 0.35829 0.02766 0.38569 0.22837 1470.564
0.680 0.09049 55.09544 1.15410 4.98571 0.35816 0.02776 0.38534 0.22874 1471.693
0.685 0.09026 55.30158 1.15542 4.99142 0.35803 0.02787 0.38499 0.22911 1472.826
0.690 0.09002 55.50907 1.15675 4.99715 0.35789 0.02798 0.38465 0.22948 1473.964
0.695 0.08979 55.71794 1.15808 5.00289 0.35776 0.02808 0.38430 0.22986 1475.106
0.700 0.08955 55.92819 1.15941 5.00864 0.35763 0.02819 0.38396 0.23023 1476.253
0.705 0.08932 56.13984 1.16074 5.01440 0.35749 0.02829 0.38361 0.23061 1477.405
0.710 0.08908 56.35290 1.16208 5.02018 0.35736 0.02840 0.38326 0.23098 1478.561
0.715 0.08885 56.56738 1.16342 5.02598 0.35722 0.02851 0.38292 0.23136 1479.722
0.720 0.08861 56.78330 1.16477 5.03178 0.35709 0.02862 0.38257 0.23173 1480.888
0.725 0.08838 57.00067 1.16611 5.03761 0.35695 0.02872 0.38222 0.23211 1482.059
0.730 0.08814 57.21950 1.16746 5.04344 0.35681 0.02883 0.38187 0.23248 1483.234
0.735 0.08791 57.43982 1.16882 5.04929 0.35668 0.02894 0.38152 0.23286 1484.414
0.740 0.08767 57.66162 1.17017 5.05515 0.35654 0.02905 0.38118 0.23323 1485.599
0.745 0.08743 57.88494 1.17153 5.06103 0.35640 0.02916 0.38083 0.23361 1486.789
0.750 0.08720 58.10977 1.17290 5.06692 0.35626 0.02927 0.38048 0.23399 1487.984
0.755 0.08696 58.33614 1.17426 5.07282 0.35612 0.02938 0.38013 0.23437 1489.184
0.760 0.08672 58.56406 1.17563 5.07874 0.35598 0.02949 0.37978 0.23474 1490.388
0.765 0.08648 58.79355 1.17701 5.08467 0.35584 0.02960 0.37943 0.23512 1491.598
0.770 0.08625 59.02462 1.17838 5.09061 0.35570 0.02971 0.37908 0.23550 1492.813
0.775 0.08601 59.25728 1.17976 5.09657 0.35556 0.02982 0.37873 0.23588 1494.033
0.780 0.08577 59.49155 1.18115 5.10255 0.35542 0.02994 0.37838 0.23626 1495.258
0.785 0.08553 59.72746 1.18253 5.10854 0.35528 0.03005 0.37803 0.23663 1496.489
0.790 0.08529 59.96500 1.18392 5.11454 0.35514 0.03016 0.37768 0.23701 1497.724
0.795 0.08505 60.20421 1.18531 5.12055 0.35500 0.03028 0.37733 0.23739 1498.965
0.800 0.08481 60.44509 1.18671 5.12658 0.35486 0.03039 0.37698 0.23777 1500.211
0.805 0.08457 60.68766 1.18811 5.13263 0.35471 0.03050 0.37663 0.23815 1501.462
0.810 0.08433 60.93194 1.18951 5.13869 0.35457 0.03062 0.37628 0.23853 1502.719
0.815 0.08410 61.17795 1.19092 5.14476 0.35442 0.03073 0.37593 0.23891 1503.981
0.820 0.08386 61.42570 1.19233 5.15085 0.35428 0.03085 0.37558 0.23929 1505.249
0.825 0.08361 61.67521 1.19374 5.15696 0.35413 0.03096 0.37523 0.23967 1506.522
0.830 0.08337 61.92650 1.19516 5.16307 0.35399 0.03108 0.37488 0.24006 1507.801
0.835 0.08313 62.17958 1.19658 5.16921 0.35384 0.03120 0.37452 0.24044 1509.085
0.840 0.08289 62.43448 1.19800 5.17535 0.35370 0.03131 0.37417 0.24082 1510.375
0.845 0.08265 62.69121 1.19942 5.18152 0.35355 0.03143 0.37382 0.24120 1511.670
0.850 0.08241 62.94979 1.20085 5.18769 0.35340 0.03155 0.37347 0.24158 1512.971
0.855 0.08217 63.21024 1.20229 5.19388 0.35326 0.03167 0.37311 0.24197 1514.278
0.860 0.08193 63.47258 1.20372 5.20009 0.35311 0.03178 0.37276 0.24235 1515.591
0.865 0.08168 63.73683 1.20516 5.20631 0.35296 0.03190 0.37241 0.24273 1516.909
0.870 0.08144 64.00300 1.20661 5.21255 0.35281 0.03202 0.37205 0.24311 1518.234
0.875 0.08120 64.27112 1.20806 5.21880 0.35266 0.03214 0.37170 0.24350 1519.564
0.880 0.08096 64.54121 1.20951 5.22507 0.35251 0.03226 0.37135 0.24388 1520.900
0.885 0.08071 64.81328 1.21096 5.23135 0.35236 0.03238 0.37099 0.24427 1522.242
0.890 0.08047 65.08737 1.21242 5.23764 0.35221 0.03250 0.37064 0.24465 1523.590
0.895 0.08023 65.36348 1.21388 5.24396 0.35206 0.03262 0.37028 0.24504 1524.944
0.900 0.07998 65.64164 1.21534 5.25028 0.35191 0.03275 0.36993 0.24542 1526.305
0.905 0.07974 65.92187 1.21681 5.25663 0.35175 0.03287 0.36957 0.24580 1527.671
0.910 0.07950 66.20420 1.21828 5.26298 0.35160 0.03299 0.36922 0.24619 1529.044
0.915 0.07925 66.48864 1.21976 5.26936 0.35145 0.03311 0.36886 0.24658 1530.423
0.920 0.07901 66.77522 1.22124 5.27575 0.35130 0.03324 0.36851 0.24696 1531.808
0.925 0.07876 67.06395 1.22272 5.28215 0.35114 0.03336 0.36815 0.24735 1533.200
0.930 0.07852 67.35487 1.22421 5.28857 0.35099 0.03348 0.36780 0.24773 1534.598
0.935 0.07827 67.64800 1.22570 5.29501 0.35083 0.03361 0.36744 0.24812 1536.003
0.940 0.07803 67.94335 1.22719 5.30146 0.35068 0.03373 0.36708 0.24851 1537.414
0.945 0.07778 68.24096 1.22869 5.30793 0.35052 0.03386 0.36673 0.24889 1538.831
0.950 0.07754 68.54085 1.23019 5.31441 0.35037 0.03398 0.36637 0.24928 1540.256
0.955 0.07729 68.84303 1.23169 5.32091 0.35021 0.03411 0.36601 0.24967 1541.687
0.960 0.07704 69.14755 1.23320 5.32742 0.35005 0.03424 0.36566 0.25006 1543.124
0.965 0.07680 69.45441 1.23471 5.33395 0.34989 0.03436 0.36530 0.25044 1544.568
0.970 0.07655 69.76365 1.23623 5.34050 0.34974 0.03449 0.36494 0.25083 1546.020
0.975 0.07630 70.07530 1.23775 5.34706 0.34958 0.03462 0.36458 0.25122 1547.478
0.980 0.07606 70.38937 1.23927 5.35364 0.34942 0.03475 0.36423 0.25161 1548.943
0.985 0.07581 70.70590 1.24079 5.36023 0.34926 0.03487 0.36387 0.25200 1550.415
0.990 0.07556 71.02491 1.24232 5.36684 0.34910 0.03500 0.36351 0.25239 1551.894
0.995 0.07532 71.34644 1.24386 5.37347 0.34894 0.03513 0.36315 0.25278 1553.380
1.000 0.07507 71.67050 1.24540 5.38011 0.34878 0.03526 0.36279 0.25317 1554.873
1.005 0.07482 71.99712 1.24694 5.38677 0.34862 0.03539 0.36243 0.25356 1556.373
1.010 0.07457 72.32634 1.24848 5.39345 0.34846 0.03552 0.36207 0.25394 1557.881
1.015 0.07432 72.65819 1.25003 5.40014 0.34829 0.03565 0.36172 0.25433 1559.396
1.020 0.07407 72.99268 1.25159 5.40685 0.34813 0.03579 0.36136 0.25473 1560.919
1.025 0.07382 73.32986 1.25314 5.41358 0.34797 0.03592 0.36100 0.25512 1562.448
1.030 0.07358 73.66975 1.25470 5.42032 0.34781 0.03605 0.36064 0.25551 1563.986
1.035 0.07333 74.01239 1.25627 5.42708 0.34764 0.03618 0.36028 0.25590 1565.531
1.040 0.07308 74.35780 1.25784 5.43385 0.34748 0.03632 0.35992 0.25629 1567.083
1.045 0.07283 74.70601 1.25941 5.44065 0.34731 0.03645 0.35956 0.25668 1568.644
1.050 0.07258 75.05707 1.26098 5.44745 0.34715 0.03659 0.35920 0.25707 1570.212
1.055 0.07233 75.41099 1.26256 5.45428 0.34698 0.03672 0.35883 0.25746 1571.787
1.060 0.07208 75.76781 1.26415 5.46112 0.34682 0.03685 0.35847 0.25786 1573.371
1.065 0.07183 76.12758 1.26574 5.46798 0.34665 0.03699 0.35811 0.25825 1574.963
1.070 0.07158 76.49031 1.26733 5.47486 0.34648 0.03713 0.35775 0.25864 1576.562
1.075 0.07132 76.85605 1.26892 5.48175 0.34632 0.03726 0.35739 0.25903 1578.170
1.080 0.07107 77.22482 1.27052 5.48866 0.34615 0.03740 0.35703 0.25942 1579.786
1.085 0.07082 77.59668 1.27213 5.49559 0.34598 0.03754 0.35667 0.25982 1581.410
1.090 0.07057 77.97164 1.27374 5.50254 0.34581 0.03767 0.35630 0.26021 1583.043
1.095 0.07032 78.34975 1.27535 5.50950 0.34564 0.03781 0.35594 0.26060 1584.683
1.100 0.07007 78.73105 1.27696 5.51648 0.34547 0.03795 0.35558 0.26100 1586.333
1.105 0.06982 79.11556 1.27858 5.52348 0.34530 0.03809 0.35522 0.26139 1587.990
1.110 0.06956 79.50334 1.28021 5.53049 0.34513 0.03823 0.35485 0.26179 1589.657
1.115 0.06931 79.89442 1.28183 5.53753 0.34496 0.03837 0.35449 0.26218 1591.332
1.120 0.06906 80.28883 1.28347 5.54458 0.34479 0.03851 0.35413 0.26257 1593.015
1.125 0.06881 80.68663 1.28510 5.55165 0.34462 0.03865 0.35377 0.26297 1594.708
1.130 0.06855 81.08784 1.28674 5.55873 0.34444 0.03879 0.35340 0.26336 1596.409
1.135 0.06830 81.49251 1.28839 5.56583 0.34427 0.03893 0.35304 0.26376 1598.119
1.140 0.06805 81.90068 1.29004 5.57296 0.34410 0.03908 0.35267 0.26415 1599.839
1.145 0.06779 82.31240 1.29169 5.58010 0.34392 0.03922 0.35231 0.26455 1601.567
1.150 0.06754 82.72770 1.29335 5.58725 0.34375 0.03936 0.35195 0.26494 1603.305
1.155 0.06728 83.14664 1.29501 5.59443 0.34357 0.03951 0.35158 0.26534 1605.052
1.160 0.06703 83.56925 1.29667 5.60162 0.34340 0.03965 0.35122 0.26573 1606.808
1.165 0.06678 83.99558 1.29834 5.60883 0.34322 0.03979 0.35085 0.26613 1608.574
1.170 0.06652 84.42568 1.30001 5.61606 0.34305 0.03994 0.35049 0.26653 1610.349
1.175 0.06627 84.85959 1.30169 5.62331 0.34287 0.04008 0.35012 0.26692 1612.134
1.180 0.06601 85.29737 1.30337 5.63058 0.34269 0.04023 0.34976 0.26732 1613.928
1.185 0.06576 85.73905 1.30506 5.63786 0.34252 0.04038 0.34939 0.26771 1615.733
1.190 0.06550 86.18468 1.30675 5.64516 0.34234 0.04052 0.34903 0.26811 1617.547
1.195 0.06525 86.63433 1.30845 5.65248 0.34216 0.04067 0.34866 0.26851 1619.371
1.200 0.06499 87.08803 1.31014 5.65982 0.34198 0.04082 0.34829 0.26891 1621.205
1.205 0.06473 87.54584 1.31185 5.66718 0.34180 0.04097 0.34793 0.26930 1623.050
1.210 0.06448 88.00781 1.31356 5.67456 0.34162 0.04112 0.34756 0.26970 1624.904
1.215 0.06422 88.47399 1.31527 5.68196 0.34144 0.04127 0.34720 0.27010 1626.769
1.220 0.06397 88.94444 1.31698 5.68937 0.34126 0.04141 0.34683 0.27049 1628.645
1.225 0.06371 89.41922 1.31870 5.69680 0.34108 0.04156 0.34646 0.27089 1630.531
1.230 0.06345 89.89836 1.32043 5.70426 0.34090 0.04172 0.34609 0.27129 1632.427
1.235 0.06320 90.38195 1.32216 5.71173 0.34072 0.04187 0.34573 0.27169 1634.334
1.240 0.06294 90.87002 1.32389 5.71922 0.34053 0.04202 0.34536 0.27209 1636.252
1.245 0.06268 91.36265 1.32563 5.72673 0.34035 0.04217 0.34499 0.27248 1638.181
1.250 0.06242 91.85988 1.32737 5.73426 0.34017 0.04232 0.34463 0.27288 1640.121
1.255 0.06217 92.36178 1.32912 5.74180 0.33998 0.04248 0.34426 0.27328 1642.073
1.260 0.06191 92.86841 1.33087 5.74937 0.33980 0.04263 0.34389 0.27368 1644.035
1.265 0.06165 93.37984 1.33263 5.75696 0.33962 0.04278 0.34352 0.27408 1646.009
1.270 0.06139 93.89612 1.33439 5.76456 0.33943 0.04294 0.34315 0.27448 1647.994
1.275 0.06113 94.41732 1.33616 5.77219 0.33925 0.04309 0.34278 0.27488 1649.991
1.280 0.06088 94.94350 1.33792 5.77983 0.33906 0.04325 0.34242 0.27528 1651.999
1.285 0.06062 95.47474 1.33970 5.78750 0.33887 0.04340 0.34205 0.27568 1654.020
1.290 0.06036 96.01110 1.34148 5.79518 0.33869 0.04356 0.34168 0.27608 1656.052
1.295 0.06010 96.55265 1.34326 5.80289 0.33850 0.04372 0.34131 0.27648 1658.096
1.300 0.05984 97.09945 1.34505 5.81061 0.33831 0.04388 0.34094 0.27688 1660.152
1.305 0.05958 97.65159 1.34684 5.81836 0.33812 0.04403 0.34057 0.27727 1662.221
1.310 0.05932 98.20913 1.34864 5.82612 0.33793 0.04419 0.34020 0.27767 1664.302
1.315 0.05906 98.77215 1.35044 5.83390 0.33774 0.04435 0.33983 0.27808 1666.395
1.320 0.05880 99.34072 1.35225 5.84171 0.33755 0.04451 0.33946 0.27848 1668.502
1.325 0.05855 99.91492 1.35406 5.84953 0.33736 0.04467 0.33909 0.27888 1670.620
1.330 0.05829 100.49482 1.35587 5.85738 0.33717 0.04483 0.33872 0.27928 1672.752
1.335 0.05803 101.08051 1.35769 5.86524 0.33698 0.04499 0.33835 0.27968 1674.897
1.340 0.05777 101.67207 1.35952 5.87312 0.33679 0.04515 0.33798 0.28008 1677.055
1.345 0.05751 102.26957 1.36135 5.88103 0.33660 0.04531 0.33761 0.28048 1679.226
1.350 0.05724 102.87310 1.36318 5.88896 0.33641 0.04548 0.33724 0.28088 1681.411
1.355 0.05698 103.48275 1.36502 5.89690 0.33621 0.04564 0.33687 0.28128 1683.609
1.360 0.05672 104.09861 1.36687 5.90487 0.33602 0.04580 0.33650 0.28168 1685.821
1.365 0.05646 104.72075 1.36872 5.91286 0.33583 0.04597 0.33612 0.28208 1688.047
1.370 0.05620 105.34928 1.37057 5.92086 0.33563 0.04613 0.33575 0.28248 1690.286
1.375 0.05594 105.98427 1.37243 5.92889 0.33544 0.04630 0.33538 0.28288 1692.540
1.380 0.05568 106.62583 1.37429 5.93694 0.33524 0.04646 0.33501 0.28329 1694.808
1.385 0.05542 107.27405 1.37616 5.94501 0.33505 0.04663 0.33464 0.28369 1697.091
1.390 0.05516 107.92903 1.37803 5.95311 0.33485 0.04679 0.33426 0.28409 1699.388
1.395 0.05490 108.59086 1.37991 5.96122 0.33465 0.04696 0.33389 0.28449 1701.700
1.400 0.05463 109.25964 1.38179 5.96935 0.33446 0.04713 0.33352 0.28489 1704.026
1.405 0.05437 109.93548 1.38368 5.97751 0.33426 0.04730 0.33315 0.28529 1706.368
1.410 0.05411 110.61848 1.38558 5.98569 0.33406 0.04747 0.33277 0.28570 1708.725
1.415 0.05385 111.30874 1.38747 5.99388 0.33386 0.04764 0.33240 0.28610 1711.097
1.420 0.05359 112.00638 1.38938 6.00210 0.33367 0.04780 0.33203 0.28650 1713.485
1.425 0.05333 112.71149 1.39128 6.01034 0.33347 0.04797 0.33166 0.28690 1715.889
1.430 0.05306 113.42421 1.39320 6.01861 0.33327 0.04815 0.33128 0.28731 1718.308
1.435 0.05280 114.14462 1.39511 6.02689 0.33307 0.04832 0.33091 0.28771 1720.743
1.440 0.05254 114.87287 1.39704 6.03520 0.33287 0.04849 0.33053 0.28811 1723.195
1.445 0.05228 115.60905 1.39896 6.04353 0.33267 0.04866 0.33016 0.28851 1725.663
1.450 0.05201 116.35330 1.40090 6.05188 0.33246 0.04883 0.32979 0.28892 1728.148
1.455 0.05175 117.10574 1.40284 6.06025 0.33226 0.04901 0.32941 0.28932 1730.649
1.460 0.05149 117.86648 1.40478 6.06864 0.33206 0.04918 0.32904 0.28972 1733.167
1.465 0.05122 118.63567 1.40673 6.07706 0.33186 0.04936 0.32866 0.29012 1735.703
1.470 0.05096 119.41342 1.40868 6.08550 0.33165 0.04953 0.32829 0.29053 1738.256
1.475 0.05070 120.19988 1.41064 6.09396 0.33145 0.04971 0.32792 0.29093 1740.826
1.480 0.05044 120.99518 1.41260 6.10244 0.33125 0.04988 0.32754 0.29133 1743.414
1.485 0.05017 121.79945 1.41457 6.11094 0.33104 0.05006 0.32717 0.29174 1746.020
1.490 0.04991 122.61284 1.41654 6.11947 0.33084 0.05023 0.32679 0.29214 1748.644
1.495 0.04965 123.43548 1.41852 6.12802 0.33063 0.05041 0.32642 0.29254 1751.286
1.500 0.04938 124.26754 1.42051 6.13659 0.33042 0.05059 0.32604 0.29294 1753.947
1.505 0.04912 125.10915 1.42250 6.14519 0.33022 0.05077 0.32566 0.29335 1756.627
1.510 0.04886 125.96047 1.42449 6.15381 0.33001 0.05095 0.32529 0.29375 1759.326
1.515 0.04859 126.82166 1.42649 6.16245 0.32980 0.05113 0.32491 0.29415 1762.044
1.520 0.04833 127.69287 1.42850 6.17111 0.32960 0.05131 0.32454 0.29456 1764.781
1.525 0.04806 128.57427 1.43051 6.17980 0.32939 0.05149 0.32416 0.29496 1767.538
1.530 0.04780 129.46602 1.43253 6.18851 0.32918 0.05167 0.32379 0.29536 1770.315
1.535 0.04754 130.36830 1.43455 6.19724 0.32897 0.05185 0.32341 0.29577 1773.112
1.540 0.04727 131.28126 1.43657 6.20600 0.32876 0.05204 0.32303 0.29617 1775.930
1.545 0.04701 132.20510 1.43861 6.21478 0.32855 0.05222 0.32266 0.29657 1778.768
1.550 0.04674 133.13998 1.44064 6.22359 0.32834 0.05240 0.32228 0.29698 1781.627
1.555 0.04648 134.08610 1.44269 6.23241 0.32813 0.05259 0.32190 0.29738 1784.507
1.560 0.04622 135.04364 1.44474 6.24126 0.32792 0.05277 0.32153 0.29778 1787.408
1.565 0.04595 136.01278 1.44679 6.25014 0.32771 0.05296 0.32115 0.29819 1790.331
1.570 0.04569 136.99374 1.44885 6.25903 0.32750 0.05314 0.32077 0.29859 1793.276
1.575 0.04542 137.98671 1.45092 6.26796 0.32728 0.05333 0.32039 0.29900 1796.243
1.580 0.04516 138.99188 1.45299 6.27690 0.32707 0.05351 0.32002 0.29940 1799.232
1.585 0.04490 140.00948 1.45506 6.28587 0.32686 0.05370 0.31964 0.29980 1802.245
1.590 0.04463 141.03971 1.45714 6.29487 0.32664 0.05389 0.31926 0.30021 1805.280
1.595 0.04437 142.08279 1.45923 6.30388 0.32643 0.05408 0.31888 0.30061 1808.338
1.600 0.04410 143.13894 1.46133 6.31293 0.32621 0.05427 0.31851 0.30101 1811.420
1.605 0.04384 144.20839 1.46342 6.32199 0.32600 0.05446 0.31813 0.30142 1814.526
1.610 0.04358 145.29138 1.46553 6.33108 0.32578 0.05465 0.31775 0.30182 1817.657
1.615 0.04331 146.38813 1.46764 6.34020 0.32557 0.05484 0.31737 0.30222 1820.811
1.620 0.04305 147.49890 1.46975 6.34934 0.32535 0.05503 0.31699 0.30263 1823.991
1.625 0.04278 148.62393 1.47188 6.35850 0.32513 0.05522 0.31661 0.30303 1827.195
