timeGa Urey Qt heat/H0 heatTW 1HPE 2HPE 3HPE 4HPE TempC
0.005 0.91738 104.92925 0.99715 96.25995 0.14746 0.29588 0.10491 0.45175 1799.805
0.010 0.91511 104.89027 0.99431 95.98602 0.14776 0.29526 0.10519 0.45179 1799.604
0.015 0.91286 104.85023 0.99149 95.71313 0.14807 0.29465 0.10546 0.45182 1799.398
0.020 0.91062 104.80916 0.98867 95.44126 0.14838 0.29404 0.10573 0.45185 1799.187
0.025 0.90840 104.76706 0.98587 95.17041 0.14868 0.29343 0.10601 0.45188 1798.971
0.030 0.90620 104.72395 0.98307 94.90058 0.14899 0.29281 0.10628 0.45191 1798.750
0.035 0.90401 104.67982 0.98029 94.63177 0.14930 0.29220 0.10656 0.45194 1798.524
0.040 0.90184 104.63470 0.97751 94.36396 0.14960 0.29159 0.10684 0.45197 1798.292
0.045 0.89969 104.58859 0.97475 94.09716 0.14991 0.29098 0.10711 0.45199 1798.056
0.050 0.89755 104.54150 0.97199 93.83136 0.15022 0.29037 0.10739 0.45202 1797.815
0.055 0.89543 104.49344 0.96925 93.56655 0.15053 0.28976 0.10767 0.45204 1797.568
0.060 0.89332 104.44442 0.96652 93.30274 0.15084 0.28916 0.10794 0.45206 1797.317
0.065 0.89123 104.39445 0.96380 93.03992 0.15115 0.28855 0.10822 0.45208 1797.062
0.070 0.88916 104.34354 0.96108 92.77808 0.15146 0.28794 0.10850 0.45210 1796.801
0.075 0.88710 104.29170 0.95838 92.51722 0.15177 0.28733 0.10878 0.45212 1796.536
0.080 0.88506 104.23893 0.95569 92.25733 0.15208 0.28673 0.10906 0.45214 1796.266
0.085 0.88303 104.18526 0.95301 91.99842 0.15239 0.28612 0.10934 0.45215 1795.992
0.090 0.88101 104.13068 0.95033 91.74048 0.15270 0.28552 0.10962 0.45217 1795.712
0.095 0.87901 104.07521 0.94767 91.48350 0.15301 0.28491 0.10990 0.45218 1795.429
0.100 0.87703 104.01885 0.94502 91.22748 0.15332 0.28431 0.11018 0.45219 1795.141
0.105 0.87506 103.96161 0.94238 90.97241 0.15363 0.28371 0.11046 0.45221 1794.848
0.110 0.87310 103.90351 0.93975 90.71830 0.15394 0.28310 0.11074 0.45222 1794.551
0.115 0.87116 103.84455 0.93712 90.46513 0.15425 0.28250 0.11103 0.45222 1794.250
0.120 0.86923 103.78474 0.93451 90.21291 0.15456 0.28190 0.11131 0.45223 1793.944
0.125 0.86732 103.72410 0.93191 89.96163 0.15487 0.28130 0.11159 0.45224 1793.634
0.130 0.86542 103.66262 0.92931 89.71129 0.15518 0.28070 0.11188 0.45224 1793.320
0.135 0.86353 103.60032 0.92673 89.46188 0.15550 0.28010 0.11216 0.45225 1793.001
0.140 0.86166 103.53720 0.92416 89.21339 0.15581 0.27950 0.11245 0.45225 1792.679
0.145 0.85980 103.47328 0.92159 88.96583 0.15612 0.27890 0.11273 0.45225 1792.352
0.150 0.85795 103.40856 0.91904 88.71919 0.15643 0.27830 0.11302 0.45225 1792.021
0.155 0.85611 103.34306 0.91649 88.47347 0.15675 0.27770 0.11330 0.45225 1791.686
0.160 0.85429 103.27677 0.91396 88.22866 0.15706 0.27710 0.11359 0.45225 1791.347
0.165 0.85249 103.20971 0.91143 87.98476 0.15737 0.27651 0.11387 0.45225 1791.004
0.170 0.85069 103.14189 0.90891 87.74176 0.15769 0.27591 0.11416 0.45224 1790.657
0.175 0.84891 103.07332 0.90640 87.49967 0.15800 0.27531 0.11445 0.45224 1790.306
0.180 0.84714 103.00400 0.90391 87.25848 0.15831 0.27472 0.11474 0.45223 1789.952
0.185 0.84538 102.93394 0.90142 87.01817 0.15863 0.27412 0.11503 0.45222 1789.593
0.190 0.84363 102.86315 0.89894 86.77876 0.15894 0.27353 0.11531 0.45221 1789.231
0.195 0.84190 102.79164 0.89647 86.54024 0.15926 0.27294 0.11560 0.45220 1788.865
0.200 0.84018 102.71942 0.89400 86.30260 0.15957 0.27234 0.11589 0.45219 1788.495
0.205 0.83847 102.64649 0.89155 86.06584 0.15989 0.27175 0.11618 0.45218 1788.121
0.210 0.83677 102.57286 0.88911 85.82995 0.16020 0.27116 0.11647 0.45217 1787.744
0.215 0.83508 102.49854 0.88667 85.59494 0.16052 0.27057 0.11676 0.45215 1787.364
0.220 0.83341 102.42355 0.88425 85.36080 0.16083 0.26998 0.11706 0.45213 1786.979
0.225 0.83175 102.34787 0.88183 85.12752 0.16115 0.26939 0.11735 0.45212 1786.591
0.230 0.83010 102.27153 0.87942 84.89510 0.16147 0.26880 0.11764 0.45210 1786.200
0.235 0.82845 102.19453 0.87703 84.66354 0.16178 0.26821 0.11793 0.45208 1785.805
0.240 0.82683 102.11688 0.87464 84.43284 0.16210 0.26762 0.11823 0.45206 1785.407
0.245 0.82521 102.03858 0.87225 84.20298 0.16241 0.26703 0.11852 0.45204 1785.005
0.250 0.82360 101.95965 0.86988 83.97397 0.16273 0.26644 0.11881 0.45201 1784.600
0.255 0.82200 101.88009 0.86752 83.74581 0.16305 0.26586 0.11911 0.45199 1784.191
0.260 0.82042 101.79991 0.86516 83.51849 0.16337 0.26527 0.11940 0.45196 1783.779
0.265 0.81884 101.71911 0.86282 83.29200 0.16368 0.26469 0.11970 0.45194 1783.364
0.270 0.81728 101.63771 0.86048 83.06635 0.16400 0.26410 0.11999 0.45191 1782.946
0.275 0.81572 101.55571 0.85815 82.84152 0.16432 0.26352 0.12029 0.45188 1782.524
0.280 0.81418 101.47311 0.85583 82.61753 0.16464 0.26293 0.12058 0.45185 1782.100
0.285 0.81265 101.38993 0.85352 82.39435 0.16495 0.26235 0.12088 0.45182 1781.672
0.290 0.81113 101.30617 0.85122 82.17200 0.16527 0.26177 0.12118 0.45178 1781.241
0.295 0.80961 101.22184 0.84892 81.95046 0.16559 0.26118 0.12148 0.45175 1780.807
0.300 0.80811 101.13695 0.84663 81.72974 0.16591 0.26060 0.12177 0.45171 1780.370
0.305 0.80662 101.05149 0.84436 81.50983 0.16623 0.26002 0.12207 0.45168 1779.929
0.310 0.80513 100.96549 0.84209 81.29072 0.16655 0.25944 0.12237 0.45164 1779.486
0.315 0.80366 100.87895 0.83982 81.07241 0.16687 0.25886 0.12267 0.45160 1779.040
0.320 0.80220 100.79186 0.83757 80.85491 0.16718 0.25828 0.12297 0.45156 1778.591
0.325 0.80074 100.70425 0.83533 80.63820 0.16750 0.25771 0.12327 0.45152 1778.139
0.330 0.79930 100.61611 0.83309 80.42228 0.16782 0.25713 0.12357 0.45148 1777.684
0.335 0.79786 100.52746 0.83086 80.20716 0.16814 0.25655 0.12387 0.45143 1777.226
0.340 0.79644 100.43830 0.82864 79.99282 0.16846 0.25598 0.12417 0.45139 1776.766
0.345 0.79502 100.34863 0.82643 79.77926 0.16878 0.25540 0.12447 0.45134 1776.302
0.350 0.79361 100.25846 0.82423 79.56649 0.16910 0.25482 0.12478 0.45130 1775.836
0.355 0.79222 100.16781 0.82203 79.35449 0.16942 0.25425 0.12508 0.45125 1775.367
0.360 0.79083 100.07667 0.81984 79.14326 0.16975 0.25368 0.12538 0.45120 1774.896
0.365 0.78945 99.98505 0.81766 78.93281 0.17007 0.25310 0.12568 0.45115 1774.422
0.370 0.78807 99.89296 0.81549 78.72312 0.17039 0.25253 0.12599 0.45110 1773.945
0.375 0.78671 99.80041 0.81332 78.51420 0.17071 0.25196 0.12629 0.45104 1773.465
0.380 0.78536 99.70739 0.81117 78.30604 0.17103 0.25139 0.12660 0.45099 1772.983
0.385 0.78401 99.61392 0.80902 78.09864 0.17135 0.25082 0.12690 0.45093 1772.499
0.390 0.78268 99.52001 0.80688 77.89199 0.17167 0.25025 0.12721 0.45088 1772.011
0.395 0.78135 99.42565 0.80475 77.68609 0.17199 0.24968 0.12751 0.45082 1771.522
0.400 0.78003 99.33086 0.80262 77.48095 0.17232 0.24911 0.12782 0.45076 1771.030
0.405 0.77872 99.23564 0.80050 77.27654 0.17264 0.24854 0.12812 0.45070 1770.535
0.410 0.77741 99.14000 0.79839 77.07288 0.17296 0.24797 0.12843 0.45064 1770.038
0.415 0.77612 99.04394 0.79629 76.86997 0.17328 0.24741 0.12874 0.45058 1769.538
0.420 0.77483 98.94746 0.79420 76.66778 0.17360 0.24684 0.12904 0.45051 1769.037
0.425 0.77355 98.85058 0.79211 76.46633 0.17393 0.24627 0.12935 0.45045 1768.532
0.430 0.77228 98.75331 0.79003 76.26562 0.17425 0.24571 0.12966 0.45038 1768.026
0.435 0.77102 98.65563 0.78796 76.06562 0.17457 0.24514 0.12997 0.45031 1767.517
0.440 0.76977 98.55757 0.78590 75.86636 0.17489 0.24458 0.13028 0.45025 1767.006
0.445 0.76852 98.45913 0.78384 75.66781 0.17522 0.24402 0.13059 0.45018 1766.492
0.450 0.76728 98.36030 0.78179 75.46999 0.17554 0.24346 0.13090 0.45011 1765.977
0.455 0.76605 98.26111 0.77975 75.27288 0.17586 0.24289 0.13121 0.45003 1765.459
0.460 0.76483 98.16155 0.77771 75.07648 0.17619 0.24233 0.13152 0.44996 1764.939
0.465 0.76361 98.06162 0.77569 74.88079 0.17651 0.24177 0.13183 0.44989 1764.417
0.470 0.76240 97.96134 0.77367 74.68581 0.17683 0.24121 0.13214 0.44981 1763.892
0.475 0.76120 97.86071 0.77165 74.49154 0.17716 0.24065 0.13245 0.44973 1763.366
0.480 0.76001 97.75974 0.76965 74.29796 0.17748 0.24009 0.13277 0.44966 1762.838
0.485 0.75882 97.65842 0.76765 74.10509 0.17781 0.23954 0.13308 0.44958 1762.307
0.490 0.75764 97.55677 0.76566 73.91291 0.17813 0.23898 0.13339 0.44950 1761.774
0.495 0.75647 97.45479 0.76368 73.72142 0.17846 0.23842 0.13370 0.44942 1761.240
0.500 0.75530 97.35249 0.76170 73.53062 0.17878 0.23787 0.13402 0.44933 1760.703
0.505 0.75415 97.24987 0.75973 73.34051 0.17910 0.23731 0.13433 0.44925 1760.165
0.510 0.75299 97.14693 0.75777 73.15109 0.17943 0.23676 0.13465 0.44916 1759.624
0.515 0.75185 97.04368 0.75581 72.96234 0.17975 0.23620 0.13496 0.44908 1759.082
0.520 0.75071 96.94013 0.75386 72.77428 0.18008 0.23565 0.13528 0.44899 1758.537
0.525 0.74958 96.83627 0.75192 72.58689 0.18040 0.23510 0.13559 0.44890 1757.991
0.530 0.74846 96.73212 0.74999 72.40017 0.18073 0.23455 0.13591 0.44881 1757.443
0.535 0.74734 96.62769 0.74806 72.21413 0.18105 0.23400 0.13623 0.44872 1756.893
0.540 0.74623 96.52296 0.74614 72.02875 0.18138 0.23345 0.13654 0.44863 1756.341
0.545 0.74513 96.41796 0.74423 71.84403 0.18171 0.23290 0.13686 0.44854 1755.788
0.550 0.74403 96.31268 0.74232 71.65998 0.18203 0.23235 0.13718 0.44844 1755.232
0.555 0.74294 96.20713 0.74042 71.47659 0.18236 0.23180 0.13750 0.44835 1754.675
0.560 0.74186 96.10131 0.73853 71.29386 0.18268 0.23125 0.13781 0.44825 1754.117
0.565 0.74078 95.99523 0.73664 71.11178 0.18301 0.23071 0.13813 0.44816 1753.556
0.570 0.73971 95.88889 0.73476 70.93035 0.18333 0.23016 0.13845 0.44806 1752.994
0.575 0.73865 95.78230 0.73289 70.74958 0.18366 0.22961 0.13877 0.44796 1752.430
0.580 0.73759 95.67547 0.73103 70.56945 0.18399 0.22907 0.13909 0.44786 1751.864
0.585 0.73654 95.56838 0.72917 70.38996 0.18431 0.22852 0.13941 0.44775 1751.297
0.590 0.73549 95.46106 0.72731 70.21111 0.18464 0.22798 0.13973 0.44765 1750.728
0.595 0.73446 95.35350 0.72547 70.03290 0.18497 0.22744 0.14005 0.44754 1750.158
0.600 0.73342 95.24571 0.72363 69.85533 0.18529 0.22690 0.14037 0.44744 1749.586
0.605 0.73240 95.13770 0.72179 69.67839 0.18562 0.22635 0.14069 0.44733 1749.013
0.610 0.73137 95.02946 0.71997 69.50209 0.18594 0.22581 0.14102 0.44722 1748.438
0.615 0.73036 94.92100 0.71815 69.32641 0.18627 0.22527 0.14134 0.44712 1747.861
0.620 0.72935 94.81233 0.71634 69.15136 0.18660 0.22473 0.14166 0.44700 1747.283
0.625 0.72835 94.70345 0.71453 68.97693 0.18693 0.22420 0.14198 0.44689 1746.704
0.630 0.72735 94.59436 0.71273 68.80312 0.18725 0.22366 0.14231 0.44678 1746.123
0.635 0.72636 94.48507 0.71093 68.62993 0.18758 0.22312 0.14263 0.44667 1745.540
0.640 0.72537 94.37558 0.70915 68.45735 0.18791 0.22258 0.14296 0.44655 1744.956
0.645 0.72439 94.26590 0.70736 68.28539 0.18823 0.22205 0.14328 0.44644 1744.371
0.650 0.72342 94.15603 0.70559 68.11404 0.18856 0.22151 0.14361 0.44632 1743.785
0.655 0.72245 94.04597 0.70382 67.94330 0.18889 0.22098 0.14393 0.44620 1743.197
0.660 0.72148 93.93573 0.70206 67.77316 0.18922 0.22045 0.14426 0.44608 1742.607
0.665 0.72053 93.82531 0.70030 67.60363 0.18954 0.21991 0.14458 0.44596 1742.017
0.670 0.71957 93.71472 0.69855 67.43470 0.18987 0.21938 0.14491 0.44584 1741.425
0.675 0.71863 93.60396 0.69681 67.26637 0.19020 0.21885 0.14524 0.44572 1740.831
0.680 0.71769 93.49303 0.69507 67.09863 0.19053 0.21832 0.14556 0.44559 1740.237
0.685 0.71675 93.38193 0.69334 66.93149 0.19085 0.21779 0.14589 0.44547 1739.641
0.690 0.71582 93.27068 0.69161 66.76493 0.19118 0.21726 0.14622 0.44534 1739.044
0.695 0.71489 93.15927 0.68990 66.59897 0.19151 0.21673 0.14655 0.44521 1738.446
0.700 0.71397 93.04771 0.68818 66.43360 0.19184 0.21620 0.14687 0.44508 1737.846
0.705 0.71306 92.93599 0.68648 66.26881 0.19217 0.21568 0.14720 0.44495 1737.245
0.710 0.71215 92.82414 0.68477 66.10460 0.19249 0.21515 0.14753 0.44482 1736.644
0.715 0.71124 92.71214 0.68308 65.94097 0.19282 0.21462 0.14786 0.44469 1736.040
0.720 0.71034 92.60000 0.68139 65.77791 0.19315 0.21410 0.14819 0.44456 1735.436
0.725 0.70945 92.48773 0.67971 65.61544 0.19348 0.21357 0.14852 0.44442 1734.831
0.730 0.70856 92.37533 0.67803 65.45353 0.19381 0.21305 0.14885 0.44429 1734.225
0.735 0.70768 92.26279 0.67636 65.29220 0.19414 0.21253 0.14918 0.44415 1733.617
0.740 0.70680 92.15014 0.67469 65.13143 0.19446 0.21201 0.14951 0.44402 1733.008
0.745 0.70592 92.03736 0.67303 64.97123 0.19479 0.21148 0.14985 0.44388 1732.399
0.750 0.70505 91.92446 0.67138 64.81159 0.19512 0.21096 0.15018 0.44374 1731.788
0.755 0.70419 91.81145 0.66973 64.65252 0.19545 0.21044 0.15051 0.44360 1731.176
0.760 0.70333 91.69833 0.66809 64.49400 0.19578 0.20992 0.15084 0.44345 1730.563
0.765 0.70247 91.58510 0.66645 64.33604 0.19611 0.20941 0.15118 0.44331 1729.950
0.770 0.70162 91.47176 0.66482 64.17864 0.19644 0.20889 0.15151 0.44317 1729.335
0.775 0.70078 91.35832 0.66320 64.02179 0.19676 0.20837 0.15184 0.44302 1728.719
0.780 0.69994 91.24478 0.66158 63.86548 0.19709 0.20785 0.15218 0.44288 1728.102
0.785 0.69910 91.13115 0.65997 63.70973 0.19742 0.20734 0.15251 0.44273 1727.485
0.790 0.69827 91.01742 0.65836 63.55452 0.19775 0.20682 0.15285 0.44258 1726.866
0.795 0.69744 90.90360 0.65676 63.39985 0.19808 0.20631 0.15318 0.44243 1726.246
0.800 0.69662 90.78970 0.65516 63.24573 0.19841 0.20580 0.15352 0.44228 1725.626
0.805 0.69580 90.67571 0.65357 63.09215 0.19874 0.20528 0.15385 0.44213 1725.005
0.810 0.69499 90.56164 0.65198 62.93910 0.19907 0.20477 0.15419 0.44197 1724.382
0.815 0.69418 90.44749 0.65040 62.78659 0.19940 0.20426 0.15452 0.44182 1723.759
0.820 0.69337 90.33327 0.64883 62.63461 0.19972 0.20375 0.15486 0.44166 1723.135
0.825 0.69257 90.21897 0.64726 62.48316 0.20005 0.20324 0.15520 0.44151 1722.511
0.830 0.69178 90.10461 0.64570 62.33224 0.20038 0.20273 0.15553 0.44135 1721.885
0.835 0.69098 89.99018 0.64414 62.18184 0.20071 0.20222 0.15587 0.44119 1721.259
0.840 0.69020 89.87568 0.64259 62.03197 0.20104 0.20172 0.15621 0.44103 1720.631
0.845 0.68941 89.76112 0.64104 61.88263 0.20137 0.20121 0.15655 0.44087 1720.003
0.850 0.68864 89.64651 0.63950 61.73380 0.20170 0.20071 0.15689 0.44071 1719.375
0.855 0.68786 89.53183 0.63796 61.58549 0.20203 0.20020 0.15723 0.44055 1718.745
0.860 0.68709 89.41711 0.63643 61.43770 0.20236 0.19970 0.15756 0.44038 1718.115
0.865 0.68632 89.30233 0.63490 61.29042 0.20269 0.19919 0.15790 0.44022 1717.484
0.870 0.68556 89.18751 0.63338 61.14365 0.20302 0.19869 0.15824 0.44005 1716.852
0.875 0.68481 89.07264 0.63187 60.99739 0.20334 0.19819 0.15858 0.43988 1716.220
0.880 0.68405 88.95773 0.63036 60.85164 0.20367 0.19769 0.15892 0.43972 1715.587
0.885 0.68330 88.84277 0.62885 60.70640 0.20400 0.19719 0.15927 0.43955 1714.953
0.890 0.68256 88.72778 0.62736 60.56166 0.20433 0.19669 0.15961 0.43938 1714.318
0.895 0.68181 88.61276 0.62586 60.41742 0.20466 0.19619 0.15995 0.43920 1713.683
0.900 0.68108 88.49770 0.62437 60.27369 0.20499 0.19569 0.16029 0.43903 1713.048
0.905 0.68034 88.38261 0.62289 60.13045 0.20532 0.19519 0.16063 0.43886 1712.411
0.910 0.67961 88.26749 0.62141 59.98770 0.20565 0.19469 0.16097 0.43868 1711.774
0.915 0.67889 88.15235 0.61994 59.84545 0.20598 0.19420 0.16132 0.43851 1711.137
0.920 0.67816 88.03718 0.61847 59.70369 0.20631 0.19370 0.16166 0.43833 1710.498
0.925 0.67745 87.92200 0.61700 59.56243 0.20664 0.19321 0.16200 0.43815 1709.859
0.930 0.67673 87.80679 0.61555 59.42165 0.20696 0.19271 0.16235 0.43797 1709.220
0.935 0.67602 87.69157 0.61409 59.28135 0.20729 0.19222 0.16269 0.43779 1708.580
0.940 0.67531 87.57633 0.61264 59.14154 0.20762 0.19173 0.16304 0.43761 1707.940
0.945 0.67461 87.46108 0.61120 59.00222 0.20795 0.19124 0.16338 0.43743 1707.299
0.950 0.67391 87.34583 0.60976 58.86337 0.20828 0.19075 0.16372 0.43725 1706.657
0.955 0.67322 87.23056 0.60833 58.72500 0.20861 0.19026 0.16407 0.43706 1706.015
0.960 0.67252 87.11529 0.60690 58.58711 0.20894 0.18977 0.16442 0.43688 1705.372
0.965 0.67184 87.00002 0.60548 58.44969 0.20927 0.18928 0.16476 0.43669 1704.729
0.970 0.67115 86.88474 0.60406 58.31275 0.20960 0.18879 0.16511 0.43650 1704.086
0.975 0.67047 86.76947 0.60264 58.17627 0.20993 0.18831 0.16545 0.43632 1703.441
0.980 0.66979 86.65420 0.60124 58.04027 0.21025 0.18782 0.16580 0.43613 1702.797
0.985 0.66912 86.53893 0.59983 57.90473 0.21058 0.18733 0.16615 0.43593 1702.152
0.990 0.66845 86.42368 0.59843 57.76966 0.21091 0.18685 0.16649 0.43574 1701.506
0.995 0.66778 86.30843 0.59704 57.63505 0.21124 0.18637 0.16684 0.43555 1700.861
1.000 0.66712 86.19319 0.59565 57.50091 0.21157 0.18588 0.16719 0.43536 1700.214
1.005 0.66646 86.07797 0.59426 57.36722 0.21190 0.18540 0.16754 0.43516 1699.567
1.010 0.66580 85.96276 0.59288 57.23399 0.21223 0.18492 0.16789 0.43497 1698.920
1.015 0.66515 85.84757 0.59151 57.10122 0.21256 0.18444 0.16824 0.43477 1698.273
1.020 0.66450 85.73240 0.59014 56.96890 0.21288 0.18396 0.16858 0.43457 1697.625
1.025 0.66385 85.61725 0.58877 56.83704 0.21321 0.18348 0.16893 0.43437 1696.977
1.030 0.66321 85.50212 0.58741 56.70563 0.21354 0.18300 0.16928 0.43417 1696.328
1.035 0.66257 85.38702 0.58605 56.57466 0.21387 0.18252 0.16963 0.43397 1695.679
1.040 0.66193 85.27194 0.58470 56.44414 0.21420 0.18205 0.16998 0.43377 1695.030
1.045 0.66130 85.15689 0.58335 56.31407 0.21453 0.18157 0.17033 0.43357 1694.380
1.050 0.66067 85.04188 0.58201 56.18444 0.21486 0.18110 0.17068 0.43336 1693.730
1.055 0.66004 84.92689 0.58067 56.05526 0.21518 0.18062 0.17104 0.43316 1693.079
1.060 0.65942 84.81194 0.57934 55.92651 0.21551 0.18015 0.17139 0.43295 1692.429
1.065 0.65880 84.69702 0.57801 55.79821 0.21584 0.17968 0.17174 0.43275 1691.778
1.070 0.65818 84.58214 0.57669 55.67034 0.21617 0.17920 0.17209 0.43254 1691.127
1.075 0.65757 84.46731 0.57537 55.54290 0.21650 0.17873 0.17244 0.43233 1690.475
1.080 0.65696 84.35251 0.57405 55.41590 0.21682 0.17826 0.17279 0.43212 1689.823
1.085 0.65635 84.23775 0.57274 55.28933 0.21715 0.17779 0.17315 0.43191 1689.171
1.090 0.65574 84.12304 0.57143 55.16319 0.21748 0.17732 0.17350 0.43170 1688.519
1.095 0.65514 84.00837 0.57013 55.03748 0.21781 0.17685 0.17385 0.43148 1687.866
1.100 0.65454 83.89375 0.56883 54.91220 0.21814 0.17639 0.17421 0.43127 1687.213
1.105 0.65395 83.77918 0.56754 54.78734 0.21846 0.17592 0.17456 0.43105 1686.560
1.110 0.65336 83.66466 0.56625 54.66291 0.21879 0.17546 0.17492 0.43084 1685.907
1.115 0.65277 83.55019 0.56497 54.53889 0.21912 0.17499 0.17527 0.43062 1685.254
1.120 0.65218 83.43578 0.56369 54.41530 0.21945 0.17453 0.17562 0.43040 1684.600
1.125 0.65160 83.32142 0.56241 54.29213 0.21977 0.17406 0.17598 0.43018 1683.946
1.130 0.65102 83.20711 0.56114 54.16937 0.22010 0.17360 0.17633 0.42996 1683.292
1.135 0.65044 83.09287 0.55987 54.04702 0.22043 0.17314 0.17669 0.42974 1682.638
1.140 0.64987 82.97868 0.55861 53.92510 0.22076 0.17268 0.17705 0.42952 1681.983
1.145 0.64930 82.86456 0.55735 53.80358 0.22108 0.17222 0.17740 0.42930 1681.328
1.150 0.64873 82.75050 0.55609 53.68247 0.22141 0.17176 0.17776 0.42907 1680.674
1.155 0.64816 82.63650 0.55484 53.56177 0.22174 0.17130 0.17811 0.42885 1680.019
1.160 0.64760 82.52257 0.55360 53.44148 0.22206 0.17084 0.17847 0.42862 1679.364
1.165 0.64704 82.40870 0.55236 53.32160 0.22239 0.17038 0.17883 0.42840 1678.708
1.170 0.64648 82.29490 0.55112 53.20212 0.22272 0.16993 0.17918 0.42817 1678.053
1.175 0.64593 82.18117 0.54988 53.08304 0.22305 0.16947 0.17954 0.42794 1677.398
1.180 0.64538 82.06752 0.54865 52.96436 0.22337 0.16902 0.17990 0.42771 1676.742
1.185 0.64483 81.95393 0.54743 52.84608 0.22370 0.16856 0.18026 0.42748 1676.086
1.190 0.64428 81.84042 0.54621 52.72820 0.22402 0.16811 0.18062 0.42725 1675.431
1.195 0.64374 81.72698 0.54499 52.61071 0.22435 0.16766 0.18097 0.42702 1674.775
1.200 0.64320 81.61362 0.54378 52.49362 0.22468 0.16721 0.18133 0.42678 1674.119
1.205 0.64266 81.50033 0.54257 52.37692 0.22500 0.16676 0.18169 0.42655 1673.463
1.210 0.64212 81.38713 0.54136 52.26062 0.22533 0.16631 0.18205 0.42631 1672.807
1.215 0.64159 81.27400 0.54016 52.14470 0.22566 0.16586 0.18241 0.42608 1672.151
1.220 0.64106 81.16096 0.53897 52.02918 0.22598 0.16541 0.18277 0.42584 1671.494
1.225 0.64053 81.04799 0.53777 51.91404 0.22631 0.16496 0.18313 0.42560 1670.838
1.230 0.64001 80.93511 0.53659 51.79928 0.22663 0.16451 0.18349 0.42536 1670.182
1.235 0.63949 80.82232 0.53540 51.68491 0.22696 0.16407 0.18385 0.42512 1669.525
1.240 0.63897 80.70961 0.53422 51.57092 0.22728 0.16362 0.18421 0.42488 1668.869
1.245 0.63845 80.59699 0.53304 51.45731 0.22761 0.16318 0.18457 0.42464 1668.213
1.250 0.63794 80.48445 0.53187 51.34409 0.22793 0.16273 0.18494 0.42440 1667.556
1.255 0.63743 80.37201 0.53070 51.23124 0.22826 0.16229 0.18530 0.42415 1666.900
1.260 0.63692 80.25965 0.52954 51.11876 0.22858 0.16185 0.18566 0.42391 1666.243
1.265 0.63641 80.14739 0.52838 51.00667 0.22891 0.16141 0.18602 0.42366 1665.587
1.270 0.63591 80.03522 0.52722 50.89494 0.22923 0.16097 0.18638 0.42342 1664.931
1.275 0.63541 79.92314 0.52606 50.78359 0.22956 0.16053 0.18675 0.42317 1664.274
1.280 0.63491 79.81116 0.52491 50.67261 0.22988 0.16009 0.18711 0.42292 1663.618
1.285 0.63441 79.69927 0.52377 50.56200 0.23021 0.15965 0.18747 0.42267 1662.962
1.290 0.63392 79.58748 0.52263 50.45175 0.23053 0.15921 0.18783 0.42242 1662.305
1.295 0.63342 79.47578 0.52149 50.34188 0.23086 0.15878 0.18820 0.42217 1661.649
1.300 0.63293 79.36419 0.52035 50.23236 0.23118 0.15834 0.18856 0.42192 1660.993
1.305 0.63245 79.25269 0.51922 50.12321 0.23150 0.15791 0.18892 0.42166 1660.337
1.310 0.63196 79.14130 0.51810 50.01443 0.23183 0.15747 0.18929 0.42141 1659.680
1.315 0.63148 79.03001 0.51697 49.90600 0.23215 0.15704 0.18965 0.42115 1659.024
1.320 0.63100 78.91882 0.51585 49.79794 0.23248 0.15661 0.19002 0.42090 1658.368
1.325 0.63052 78.80773 0.51474 49.69023 0.23280 0.15618 0.19038 0.42064 1657.713
1.330 0.63005 78.69675 0.51363 49.58288 0.23312 0.15575 0.19075 0.42039 1657.057
1.335 0.62958 78.58587 0.51252 49.47588 0.23345 0.15532 0.19111 0.42013 1656.401
1.340 0.62911 78.47510 0.51141 49.36924 0.23377 0.15489 0.19148 0.41987 1655.745
1.345 0.62864 78.36444 0.51031 49.26295 0.23409 0.15446 0.19184 0.41961 1655.090
1.350 0.62817 78.25388 0.50921 49.15701 0.23441 0.15403 0.19221 0.41935 1654.434
1.355 0.62771 78.14344 0.50812 49.05143 0.23474 0.15360 0.19258 0.41908 1653.779
1.360 0.62725 78.03310 0.50703 48.94619 0.23506 0.15318 0.19294 0.41882 1653.124
1.365 0.62679 77.92287 0.50594 48.84129 0.23538 0.15275 0.19331 0.41856 1652.469
1.370 0.62633 77.81276 0.50486 48.73675 0.23570 0.15233 0.19368 0.41829 1651.814
1.375 0.62588 77.70276 0.50378 48.63255 0.23603 0.15190 0.19404 0.41803 1651.159
1.380 0.62543 77.59287 0.50271 48.52869 0.23635 0.15148 0.19441 0.41776 1650.504
1.385 0.62498 77.48309 0.50163 48.42517 0.23667 0.15106 0.19478 0.41749 1649.850
1.390 0.62453 77.37343 0.50056 48.32200 0.23699 0.15064 0.19514 0.41723 1649.195
1.395 0.62408 77.26389 0.49950 48.21916 0.23731 0.15022 0.19551 0.41696 1648.541
1.400 0.62364 77.15446 0.49844 48.11666 0.23763 0.14980 0.19588 0.41669 1647.887
1.405 0.62320 77.04515 0.49738 48.01450 0.23795 0.14938 0.19625 0.41642 1647.233
1.410 0.62276 76.93596 0.49632 47.91267 0.23828 0.14896 0.19662 0.41615 1646.579
1.415 0.62232 76.82688 0.49527 47.81118 0.23860 0.14854 0.19699 0.41587 1645.926
1.420 0.62189 76.71793 0.49423 47.71002 0.23892 0.14813 0.19735 0.41560 1645.272
1.425 0.62146 76.60909 0.49318 47.60919 0.23924 0.14771 0.19772 0.41533 1644.619
1.430 0.62103 76.50037 0.49214 47.50869 0.23956 0.14730 0.19809 0.41505 1643.966
1.435 0.62060 76.39178 0.49110 47.40852 0.23988 0.14688 0.19846 0.41478 1643.313
1.440 0.62017 76.28331 0.49007 47.30868 0.24020 0.14647 0.19883 0.41450 1642.660
1.445 0.61975 76.17496 0.48904 47.20917 0.24052 0.14606 0.19920 0.41422 1642.008
1.450 0.61932 76.06673 0.48801 47.10998 0.24084 0.14565 0.19957 0.41394 1641.356
1.455 0.61890 75.95863 0.48699 47.01111 0.24116 0.14524 0.19994 0.41367 1640.704
1.460 0.61849 75.85066 0.48596 46.91257 0.24148 0.14483 0.20031 0.41339 1640.052
1.465 0.61807 75.74281 0.48495 46.81435 0.24180 0.14442 0.20068 0.41311 1639.400
1.470 0.61766 75.63508 0.48393 46.71644 0.24211 0.14401 0.20105 0.41282 1638.749
1.475 0.61724 75.52748 0.48292 46.61886 0.24243 0.14360 0.20142 0.41254 1638.098
1.480 0.61683 75.42001 0.48191 46.52160 0.24275 0.14319 0.20180 0.41226 1637.447
1.485 0.61643 75.31267 0.48091 46.42465 0.24307 0.14279 0.20217 0.41197 1636.796
1.490 0.61602 75.20545 0.47991 46.32802 0.24339 0.14238 0.20254 0.41169 1636.145
1.495 0.61562 75.09837 0.47891 46.23170 0.24371 0.14198 0.20291 0.41140 1635.495
1.500 0.61521 74.99141 0.47792 46.13570 0.24402 0.14158 0.20328 0.41112 1634.845
1.505 0.61481 74.88458 0.47693 46.04000 0.24434 0.14117 0.20365 0.41083 1634.195
1.510 0.61441 74.77789 0.47594 45.94462 0.24466 0.14077 0.20403 0.41054 1633.546
1.515 0.61402 74.67132 0.47495 45.84955 0.24498 0.14037 0.20440 0.41025 1632.897
1.520 0.61362 74.56489 0.47397 45.75478 0.24529 0.13997 0.20477 0.40996 1632.248
1.525 0.61323 74.45859 0.47299 45.66032 0.24561 0.13957 0.20514 0.40967 1631.599
1.530 0.61284 74.35243 0.47202 45.56617 0.24593 0.13917 0.20552 0.40938 1630.951
1.535 0.61245 74.24639 0.47105 45.47233 0.24625 0.13877 0.20589 0.40909 1630.302
1.540 0.61206 74.14049 0.47008 45.37878 0.24656 0.13838 0.20626 0.40880 1629.655
1.545 0.61168 74.03473 0.46911 45.28554 0.24688 0.13798 0.20664 0.40851 1629.007
1.550 0.61130 73.92910 0.46815 45.19260 0.24719 0.13758 0.20701 0.40821 1628.360
1.555 0.61092 73.82360 0.46719 45.09996 0.24751 0.13719 0.20738 0.40792 1627.713
1.560 0.61054 73.71824 0.46623 45.00762 0.24783 0.13680 0.20776 0.40762 1627.066
1.565 0.61016 73.61302 0.46528 44.91558 0.24814 0.13640 0.20813 0.40732 1626.420
1.570 0.60978 73.50794 0.46433 44.82383 0.24846 0.13601 0.20851 0.40703 1625.773
1.575 0.60941 73.40299 0.46338 44.73238 0.24877 0.13562 0.20888 0.40673 1625.128
1.580 0.60904 73.29818 0.46244 44.64123 0.24909 0.13523 0.20926 0.40643 1624.482
1.585 0.60867 73.19350 0.46149 44.55037 0.24940 0.13484 0.20963 0.40613 1623.837
1.590 0.60830 73.08897 0.46056 44.45980 0.24972 0.13445 0.21001 0.40583 1623.192
1.595 0.60793 72.98458 0.45962 44.36952 0.25003 0.13406 0.21038 0.40553 1622.547
1.600 0.60756 72.88032 0.45869 44.27953 0.25034 0.13367 0.21076 0.40523 1621.903
1.605 0.60720 72.77620 0.45776 44.18983 0.25066 0.13329 0.21113 0.40492 1621.259
1.610 0.60684 72.67223 0.45683 44.10042 0.25097 0.13290 0.21151 0.40462 1620.616
1.615 0.60648 72.56839 0.45591 44.01129 0.25128 0.13252 0.21188 0.40432 1619.972
1.620 0.60612 72.46470 0.45499 43.92245 0.25160 0.13213 0.21226 0.40401 1619.329
1.625 0.60577 72.36115 0.45407 43.83390 0.25191 0.13175 0.21264 0.40371 1618.687
1.630 0.60541 72.25774 0.45316 43.74563 0.25222 0.13136 0.21301 0.40340 1618.045
1.635 0.60506 72.15447 0.45225 43.65764 0.25254 0.13098 0.21339 0.40309 1617.403
1.640 0.60471 72.05134 0.45134 43.56993 0.25285 0.13060 0.21377 0.40278 1616.761
1.645 0.60436 71.94836 0.45043 43.48250 0.25316 0.13022 0.21414 0.40248 1616.120
1.650 0.60401 71.84552 0.44953 43.39536 0.25347 0.12984 0.21452 0.40217 1615.479
1.655 0.60366 71.74282 0.44863 43.30849 0.25378 0.12946 0.21490 0.40186 1614.838
1.660 0.60332 71.64027 0.44773 43.22189 0.25410 0.12908 0.21527 0.40155 1614.198
1.665 0.60298 71.53786 0.44684 43.13558 0.25441 0.12871 0.21565 0.40123 1613.559
1.670 0.60263 71.43560 0.44595 43.04954 0.25472 0.12833 0.21603 0.40092 1612.919
1.675 0.60229 71.33348 0.44506 42.96377 0.25503 0.12796 0.21641 0.40061 1612.280
1.680 0.60196 71.23151 0.44417 42.87828 0.25534 0.12758 0.21678 0.40030 1611.641
1.685 0.60162 71.12968 0.44329 42.79305 0.25565 0.12721 0.21716 0.39998 1611.003
1.690 0.60129 71.02799 0.44241 42.70810 0.25596 0.12683 0.21754 0.39967 1610.365
1.695 0.60095 70.92646 0.44153 42.62342 0.25627 0.12646 0.21792 0.39935 1609.728
1.700 0.60062 70.82507 0.44066 42.53901 0.25658 0.12609 0.21830 0.39903 1609.090
1.705 0.60029 70.72382 0.43979 42.45487 0.25689 0.12572 0.21868 0.39872 1608.454
1.710 0.59996 70.62272 0.43892 42.37099 0.25720 0.12535 0.21905 0.39840 1607.817
1.715 0.59964 70.52177 0.43805 42.28738 0.25751 0.12498 0.21943 0.39808 1607.181
1.720 0.59931 70.42097 0.43719 42.20403 0.25781 0.12461 0.21981 0.39776 1606.546
1.725 0.59899 70.32032 0.43633 42.12095 0.25812 0.12424 0.22019 0.39744 1605.910
1.730 0.59866 70.21981 0.43547 42.03813 0.25843 0.12388 0.22057 0.39712 1605.276
1.735 0.59834 70.11945 0.43462 41.95557 0.25874 0.12351 0.22095 0.39680 1604.641
1.740 0.59803 70.01924 0.43376 41.87328 0.25905 0.12315 0.22133 0.39648 1604.007
1.745 0.59771 69.91918 0.43291 41.79124 0.25935 0.12278 0.22171 0.39615 1603.374
1.750 0.59739 69.81926 0.43207 41.70946 0.25966 0.12242 0.22209 0.39583 1602.740
1.755 0.59708 69.71950 0.43122 41.62794 0.25997 0.12205 0.22247 0.39551 1602.108
1.760 0.59676 69.61988 0.43038 41.54668 0.26028 0.12169 0.22285 0.39518 1601.475
1.765 0.59645 69.52042 0.42954 41.46568 0.26058 0.12133 0.22323 0.39486 1600.843
1.770 0.59614 69.42110 0.42870 41.38492 0.26089 0.12097 0.22361 0.39453 1600.212
1.775 0.59583 69.32193 0.42787 41.30443 0.26119 0.12061 0.22399 0.39421 1599.581
1.780 0.59553 69.22292 0.42704 41.22418 0.26150 0.12025 0.22437 0.39388 1598.950
1.785 0.59522 69.12405 0.42621 41.14419 0.26180 0.11989 0.22475 0.39355 1598.320
1.790 0.59492 69.02534 0.42538 41.06445 0.26211 0.11954 0.22513 0.39322 1597.690
1.795 0.59462 68.92677 0.42456 40.98496 0.26241 0.11918 0.22551 0.39289 1597.060
1.800 0.59432 68.82836 0.42374 40.90572 0.26272 0.11882 0.22589 0.39256 1596.432
1.805 0.59402 68.73009 0.42292 40.82673 0.26302 0.11847 0.22627 0.39223 1595.803
1.810 0.59372 68.63198 0.42211 40.74799 0.26333 0.11812 0.22666 0.39190 1595.175
1.815 0.59342 68.53402 0.42129 40.66949 0.26363 0.11776 0.22704 0.39157 1594.547
1.820 0.59313 68.43621 0.42048 40.59124 0.26394 0.11741 0.22742 0.39124 1593.920
1.825 0.59283 68.33855 0.41967 40.51324 0.26424 0.11706 0.22780 0.39090 1593.293
1.830 0.59254 68.24104 0.41887 40.43547 0.26454 0.11671 0.22818 0.39057 1592.667
1.835 0.59225 68.14368 0.41807 40.35795 0.26484 0.11636 0.22856 0.39024 1592.041
1.840 0.59196 68.04648 0.41727 40.28068 0.26515 0.11601 0.22894 0.38990 1591.416
1.845 0.59167 67.94943 0.41647 40.20364 0.26545 0.11566 0.22933 0.38957 1590.791
1.850 0.59138 67.85253 0.41567 40.12685 0.26575 0.11531 0.22971 0.38923 1590.166
1.855 0.59110 67.75578 0.41488 40.05029 0.26605 0.11496 0.23009 0.38889 1589.542
1.860 0.59081 67.65919 0.41409 39.97397 0.26635 0.11462 0.23047 0.38856 1588.918
1.865 0.59053 67.56275 0.41330 39.89789 0.26666 0.11427 0.23085 0.38822 1588.295
1.870 0.59025 67.46646 0.41251 39.82205 0.26696 0.11393 0.23124 0.38788 1587.672
1.875 0.58997 67.37032 0.41173 39.74644 0.26726 0.11358 0.23162 0.38754 1587.050
1.880 0.58969 67.27434 0.41095 39.67107 0.26756 0.11324 0.23200 0.38720 1586.428
1.885 0.58941 67.17851 0.41017 39.59594 0.26786 0.11290 0.23239 0.38686 1585.807
1.890 0.58914 67.08283 0.40940 39.52103 0.26816 0.11255 0.23277 0.38652 1585.186
1.895 0.58886 66.98730 0.40862 39.44636 0.26846 0.11221 0.23315 0.38618 1584.566
1.900 0.58859 66.89193 0.40785 39.37192 0.26876 0.11187 0.23353 0.38584 1583.946
1.905 0.58832 66.79671 0.40708 39.29771 0.26906 0.11153 0.23392 0.38549 1583.326
1.910 0.58805 66.70165 0.40632 39.22373 0.26935 0.11120 0.23430 0.38515 1582.707
1.915 0.58778 66.60673 0.40555 39.14998 0.26965 0.11086 0.23468 0.38481 1582.089
1.920 0.58751 66.51198 0.40479 39.07646 0.26995 0.11052 0.23507 0.38446 1581.471
1.925 0.58724 66.41737 0.40403 39.00316 0.27025 0.11018 0.23545 0.38412 1580.853
1.930 0.58698 66.32292 0.40327 38.93009 0.27055 0.10985 0.23583 0.38377 1580.236
1.935 0.58671 66.22862 0.40252 38.85725 0.27084 0.10951 0.23622 0.38343 1579.620
1.940 0.58645 66.13448 0.40177 38.78463 0.27114 0.10918 0.23660 0.38308 1579.004
1.945 0.58619 66.04049 0.40102 38.71224 0.27144 0.10885 0.23699 0.38273 1578.388
1.950 0.58593 65.94665 0.40027 38.64007 0.27173 0.10851 0.23737 0.38238 1577.773
1.955 0.58567 65.85297 0.39953 38.56812 0.27203 0.10818 0.23775 0.38204 1577.159
1.960 0.58541 65.75944 0.39878 38.49639 0.27232 0.10785 0.23814 0.38169 1576.544
1.965 0.58516 65.66606 0.39804 38.42489 0.27262 0.10752 0.23852 0.38134 1575.931
1.970 0.58490 65.57284 0.39730 38.35360 0.27291 0.10719 0.23891 0.38099 1575.318
1.975 0.58465 65.47978 0.39657 38.28253 0.27321 0.10686 0.23929 0.38064 1574.705
1.980 0.58439 65.38686 0.39583 38.21168 0.27350 0.10654 0.23967 0.38029 1574.093
1.985 0.58414 65.29410 0.39510 38.14105 0.27380 0.10621 0.24006 0.37994 1573.481
1.990 0.58389 65.20150 0.39437 38.07064 0.27409 0.10588 0.24044 0.37958 1572.870
1.995 0.58364 65.10905 0.39364 38.00044 0.27439 0.10556 0.24083 0.37923 1572.259
2.000 0.58340 65.01675 0.39292 37.93046 0.27468 0.10523 0.24121 0.37888 1571.649
2.005 0.58315 64.92460 0.39220 37.86069 0.27497 0.10491 0.24160 0.37852 1571.040
2.010 0.58290 64.83261 0.39148 37.79113 0.27526 0.10458 0.24198 0.37817 1570.431
2.015 0.58266 64.74078 0.39076 37.72179 0.27556 0.10426 0.24237 0.37781 1569.822
2.020 0.58242 64.64910 0.39004 37.65266 0.27585 0.10394 0.24275 0.37746 1569.214
2.025 0.58217 64.55757 0.38933 37.58374 0.27614 0.10362 0.24314 0.37710 1568.606
2.030 0.58193 64.46620 0.38862 37.51503 0.27643 0.10330 0.24352 0.37675 1567.999
2.035 0.58169 64.37498 0.38791 37.44653 0.27672 0.10298 0.24391 0.37639 1567.393
2.040 0.58146 64.28391 0.38720 37.37823 0.27701 0.10266 0.24429 0.37603 1566.786
2.045 0.58122 64.19300 0.38649 37.31015 0.27730 0.10234 0.24468 0.37568 1566.181
2.050 0.58098 64.10224 0.38579 37.24228 0.27759 0.10203 0.24506 0.37532 1565.576
2.055 0.58075 64.01164 0.38509 37.17461 0.27788 0.10171 0.24545 0.37496 1564.971
2.060 0.58051 63.92119 0.38439 37.10714 0.27817 0.10139 0.24583 0.37460 1564.367
2.065 0.58028 63.83089 0.38369 37.03988 0.27846 0.10108 0.24622 0.37424 1563.764
2.070 0.58005 63.74075 0.38300 36.97283 0.27875 0.10076 0.24660 0.37388 1563.161
2.075 0.57982 63.65076 0.38231 36.90598 0.27904 0.10045 0.24699 0.37352 1562.558
2.080 0.57959 63.56092 0.38162 36.83933 0.27933 0.10014 0.24737 0.37316 1561.956
2.085 0.57936 63.47124 0.38093 36.77289 0.27962 0.09983 0.24776 0.37280 1561.355
2.090 0.57914 63.38171 0.38024 36.70664 0.27990 0.09952 0.24815 0.37243 1560.754
2.095 0.57891 63.29234 0.37956 36.64060 0.28019 0.09920 0.24853 0.37207 1560.154
2.100 0.57869 63.20312 0.37888 36.57475 0.28048 0.09890 0.24892 0.37171 1559.554
2.105 0.57846 63.11405 0.37820 36.50911 0.28077 0.09859 0.24930 0.37134 1558.955
2.110 0.57824 63.02514 0.37752 36.44366 0.28105 0.09828 0.24969 0.37098 1558.356
2.115 0.57802 62.93638 0.37684 36.37842 0.28134 0.09797 0.25008 0.37062 1557.758
2.120 0.57780 62.84777 0.37617 36.31336 0.28162 0.09766 0.25046 0.37025 1557.160
2.125 0.57758 62.75932 0.37550 36.24851 0.28191 0.09736 0.25085 0.36989 1556.563
2.130 0.57736 62.67101 0.37483 36.18385 0.28219 0.09705 0.25123 0.36952 1555.966
2.135 0.57714 62.58287 0.37416 36.11938 0.28248 0.09675 0.25162 0.36915 1555.370
2.140 0.57693 62.49487 0.37349 36.05511 0.28276 0.09644 0.25201 0.36879 1554.775
2.145 0.57671 62.40703 0.37283 35.99104 0.28305 0.09614 0.25239 0.36842 1554.180
2.150 0.57650 62.31934 0.37217 35.92715 0.28333 0.09584 0.25278 0.36805 1553.585
2.155 0.57629 62.23180 0.37151 35.86346 0.28361 0.09554 0.25316 0.36768 1552.991
2.160 0.57608 62.14442 0.37085 35.79996 0.28390 0.09524 0.25355 0.36732 1552.398
2.165 0.57587 62.05719 0.37019 35.73665 0.28418 0.09494 0.25394 0.36695 1551.805
2.170 0.57566 61.97011 0.36954 35.67353 0.28446 0.09464 0.25432 0.36658 1551.212
2.175 0.57545 61.88318 0.36889 35.61059 0.28474 0.09434 0.25471 0.36621 1550.621
2.180 0.57524 61.79641 0.36824 35.54785 0.28503 0.09404 0.25510 0.36584 1550.029
2.185 0.57504 61.70979 0.36759 35.48530 0.28531 0.09374 0.25548 0.36547 1549.439
2.190 0.57483 61.62332 0.36694 35.42293 0.28559 0.09345 0.25587 0.36510 1548.848
2.195 0.57463 61.53700 0.36630 35.36075 0.28587 0.09315 0.25626 0.36472 1548.259
2.200 0.57442 61.45084 0.36566 35.29875 0.28615 0.09286 0.25664 0.36435 1547.670
2.205 0.57422 61.36482 0.36502 35.23694 0.28643 0.09256 0.25703 0.36398 1547.081
2.210 0.57402 61.27896 0.36438 35.17531 0.28671 0.09227 0.25742 0.36361 1546.493
2.215 0.57382 61.19325 0.36374 35.11387 0.28699 0.09198 0.25780 0.36323 1545.906
2.220 0.57362 61.10769 0.36311 35.05261 0.28727 0.09169 0.25819 0.36286 1545.319
2.225 0.57342 61.02229 0.36248 34.99154 0.28754 0.09139 0.25858 0.36249 1544.732
2.230 0.57323 60.93703 0.36184 34.93064 0.28782 0.09110 0.25896 0.36211 1544.147
2.235 0.57303 60.85193 0.36122 34.86993 0.28810 0.09081 0.25935 0.36174 1543.561
2.240 0.57283 60.76697 0.36059 34.80940 0.28838 0.09053 0.25974 0.36136 1542.977
2.245 0.57264 60.68217 0.35996 34.74904 0.28865 0.09024 0.26012 0.36099 1542.392
2.250 0.57245 60.59752 0.35934 34.68887 0.28893 0.08995 0.26051 0.36061 1541.809
2.255 0.57225 60.51302 0.35872 34.62887 0.28921 0.08966 0.26090 0.36023 1541.226
2.260 0.57206 60.42867 0.35810 34.56906 0.28948 0.08938 0.26128 0.35986 1540.643
2.265 0.57187 60.34447 0.35748 34.50942 0.28976 0.08909 0.26167 0.35948 1540.061
2.270 0.57168 60.26042 0.35687 34.44995 0.29003 0.08881 0.26206 0.35910 1539.480
2.275 0.57150 60.17653 0.35625 34.39067 0.29031 0.08852 0.26244 0.35873 1538.899
2.280 0.57131 60.09278 0.35564 34.33155 0.29058 0.08824 0.26283 0.35835 1538.319
2.285 0.57112 60.00918 0.35503 34.27262 0.29086 0.08796 0.26322 0.35797 1537.739
2.290 0.57094 59.92573 0.35442 34.21385 0.29113 0.08768 0.26360 0.35759 1537.160
2.295 0.57075 59.84243 0.35381 34.15527 0.29141 0.08739 0.26399 0.35721 1536.581
2.300 0.57057 59.75928 0.35321 34.09685 0.29168 0.08711 0.26438 0.35683 1536.003
2.305 0.57039 59.67628 0.35260 34.03860 0.29195 0.08683 0.26476 0.35645 1535.426
2.310 0.57021 59.59343 0.35200 33.98053 0.29222 0.08656 0.26515 0.35607 1534.849
2.315 0.57003 59.51073 0.35140 33.92263 0.29250 0.08628 0.26554 0.35569 1534.272
2.320 0.56985 59.42818 0.35080 33.86490 0.29277 0.08600 0.26592 0.35531 1533.696
2.325 0.56967 59.34578 0.35021 33.80734 0.29304 0.08572 0.26631 0.35493 1533.121
2.330 0.56949 59.26352 0.34961 33.74995 0.29331 0.08545 0.26670 0.35455 1532.546
2.335 0.56931 59.18142 0.34902 33.69272 0.29358 0.08517 0.26708 0.35416 1531.972
2.340 0.56914 59.09946 0.34843 33.63567 0.29385 0.08490 0.26747 0.35378 1531.399
2.345 0.56896 59.01765 0.34784 33.57878 0.29412 0.08462 0.26786 0.35340 1530.826
2.350 0.56879 58.93599 0.34725 33.52206 0.29439 0.08435 0.26825 0.35302 1530.253
2.355 0.56861 58.85448 0.34667 33.46550 0.29466 0.08408 0.26863 0.35263 1529.681
2.360 0.56844 58.77311 0.34608 33.40911 0.29493 0.08380 0.26902 0.35225 1529.110
2.365 0.56827 58.69190 0.34550 33.35289 0.29520 0.08353 0.26941 0.35187 1528.539
2.370 0.56810 58.61083 0.34492 33.29683 0.29546 0.08326 0.26979 0.35148 1527.969
2.375 0.56793 58.52991 0.34434 33.24093 0.29573 0.08299 0.27018 0.35110 1527.399
2.380 0.56776 58.44913 0.34376 33.18520 0.29600 0.08272 0.27057 0.35071 1526.830
2.385 0.56759 58.36850 0.34319 33.12963 0.29626 0.08246 0.27095 0.35033 1526.262
2.390 0.56743 58.28802 0.34261 33.07422 0.29653 0.08219 0.27134 0.34994 1525.694
2.395 0.56726 58.20769 0.34204 33.01897 0.29680 0.08192 0.27173 0.34955 1525.126
2.400 0.56710 58.12750 0.34147 32.96388 0.29706 0.08166 0.27211 0.34917 1524.560
2.405 0.56693 58.04746 0.34090 32.90896 0.29733 0.08139 0.27250 0.34878 1523.993
2.410 0.56677 57.96757 0.34033 32.85419 0.29759 0.08112 0.27289 0.34840 1523.428
2.415 0.56661 57.88782 0.33977 32.79959 0.29786 0.08086 0.27327 0.34801 1522.862
2.420 0.56644 57.80822 0.33921 32.74514 0.29812 0.08060 0.27366 0.34762 1522.298
2.425 0.56628 57.72876 0.33864 32.69085 0.29839 0.08033 0.27405 0.34723 1521.734
2.430 0.56612 57.64945 0.33808 32.63672 0.29865 0.08007 0.27443 0.34685 1521.170
2.435 0.56596 57.57029 0.33752 32.58274 0.29891 0.07981 0.27482 0.34646 1520.608
2.440 0.56581 57.49127 0.33697 32.52892 0.29917 0.07955 0.27521 0.34607 1520.045
2.445 0.56565 57.41239 0.33641 32.47526 0.29944 0.07929 0.27559 0.34568 1519.484
2.450 0.56549 57.33366 0.33586 32.42175 0.29970 0.07903 0.27598 0.34529 1518.922
2.455 0.56534 57.25508 0.33530 32.36840 0.29996 0.07877 0.27637 0.34490 1518.362
2.460 0.56518 57.17664 0.33475 32.31520 0.30022 0.07851 0.27675 0.34451 1517.802
2.465 0.56503 57.09834 0.33420 32.26215 0.30048 0.07826 0.27714 0.34412 1517.242
2.470 0.56487 57.02019 0.33365 32.20926 0.30074 0.07800 0.27753 0.34373 1516.683
2.475 0.56472 56.94218 0.33311 32.15652 0.30100 0.07774 0.27791 0.34334 1516.125
2.480 0.56457 56.86432 0.33256 32.10393 0.30126 0.07749 0.27830 0.34295 1515.567
2.485 0.56442 56.78660 0.33202 32.05150 0.30152 0.07723 0.27868 0.34256 1515.010
2.490 0.56427 56.70902 0.33148 31.99921 0.30178 0.07698 0.27907 0.34217 1514.454
2.495 0.56412 56.63159 0.33094 31.94708 0.30204 0.07673 0.27946 0.34178 1513.898
2.500 0.56397 56.55429 0.33040 31.89509 0.30230 0.07648 0.27984 0.34139 1513.342
2.505 0.56383 56.47715 0.32986 31.84326 0.30255 0.07622 0.28023 0.34099 1512.787
2.510 0.56368 56.40014 0.32933 31.79157 0.30281 0.07597 0.28062 0.34060 1512.233
2.515 0.56353 56.32328 0.32879 31.74003 0.30307 0.07572 0.28100 0.34021 1511.679
2.520 0.56339 56.24656 0.32826 31.68864 0.30332 0.07547 0.28139 0.33982 1511.126
2.525 0.56324 56.16998 0.32773 31.63740 0.30358 0.07522 0.28177 0.33942 1510.573
2.530 0.56310 56.09355 0.32720 31.58630 0.30383 0.07497 0.28216 0.33903 1510.021
2.535 0.56296 56.01725 0.32667 31.53535 0.30409 0.07473 0.28255 0.33864 1509.470
2.540 0.56282 55.94110 0.32615 31.48455 0.30434 0.07448 0.28293 0.33824 1508.919
2.545 0.56267 55.86509 0.32562 31.43389 0.30460 0.07423 0.28332 0.33785 1508.369
2.550 0.56253 55.78922 0.32510 31.38337 0.30485 0.07399 0.28370 0.33746 1507.819
2.555 0.56240 55.71349 0.32458 31.33300 0.30511 0.07374 0.28409 0.33706 1507.270
2.560 0.56226 55.63791 0.32406 31.28277 0.30536 0.07350 0.28447 0.33667 1506.721
2.565 0.56212 55.56246 0.32354 31.23269 0.30561 0.07325 0.28486 0.33627 1506.173
2.570 0.56198 55.48715 0.32302 31.18275 0.30586 0.07301 0.28525 0.33588 1505.626
2.575 0.56185 55.41199 0.32250 31.13295 0.30612 0.07277 0.28563 0.33548 1505.079
2.580 0.56171 55.33696 0.32199 31.08329 0.30637 0.07253 0.28602 0.33509 1504.532
2.585 0.56157 55.26208 0.32148 31.03378 0.30662 0.07229 0.28640 0.33469 1503.987
2.590 0.56144 55.18733 0.32097 30.98440 0.30687 0.07204 0.28679 0.33430 1503.441
2.595 0.56131 55.11272 0.32046 30.93516 0.30712 0.07180 0.28717 0.33390 1502.897
2.600 0.56117 55.03826 0.31995 30.88607 0.30737 0.07157 0.28756 0.33351 1502.353
2.605 0.56104 54.96393 0.31944 30.83711 0.30762 0.07133 0.28794 0.33311 1501.809
2.610 0.56091 54.88974 0.31893 30.78829 0.30787 0.07109 0.28833 0.33271 1501.266
2.615 0.56078 54.81569 0.31843 30.73961 0.30812 0.07085 0.28871 0.33232 1500.724
2.620 0.56065 54.74177 0.31793 30.69107 0.30837 0.07062 0.28910 0.33192 1500.182
2.625 0.56052 54.66800 0.31743 30.64267 0.30861 0.07038 0.28948 0.33152 1499.641
2.630 0.56039 54.59436 0.31693 30.59440 0.30886 0.07014 0.28987 0.33113 1499.100
2.635 0.56027 54.52086 0.31643 30.54627 0.30911 0.06991 0.29025 0.33073 1498.560
2.640 0.56014 54.44750 0.31593 30.49827 0.30935 0.06968 0.29064 0.33033 1498.021
2.645 0.56001 54.37428 0.31543 30.45041 0.30960 0.06944 0.29102 0.32993 1497.482
2.650 0.55989 54.30119 0.31494 30.40269 0.30985 0.06921 0.29141 0.32954 1496.944
2.655 0.55977 54.22825 0.31445 30.35509 0.31009 0.06898 0.29179 0.32914 1496.406
2.660 0.55964 54.15543 0.31396 30.30764 0.31034 0.06875 0.29218 0.32874 1495.869
2.665 0.55952 54.08276 0.31346 30.26031 0.31058 0.06852 0.29256 0.32834 1495.332
2.670 0.55940 54.01022 0.31298 30.21312 0.31083 0.06829 0.29295 0.32794 1494.796
2.675 0.55927 53.93782 0.31249 30.16606 0.31107 0.06806 0.29333 0.32754 1494.261
2.680 0.55915 53.86555 0.31200 30.11914 0.31131 0.06783 0.29371 0.32715 1493.726
2.685 0.55903 53.79342 0.31152 30.07234 0.31156 0.06760 0.29410 0.32675 1493.191
2.690 0.55891 53.72142 0.31103 30.02568 0.31180 0.06737 0.29448 0.32635 1492.658
2.695 0.55880 53.64956 0.31055 29.97915 0.31204 0.06714 0.29487 0.32595 1492.124
2.700 0.55868 53.57784 0.31007 29.93274 0.31228 0.06692 0.29525 0.32555 1491.592
2.705 0.55856 53.50625 0.30959 29.88647 0.31252 0.06669 0.29564 0.32515 1491.060
2.710 0.55844 53.43479 0.30911 29.84033 0.31276 0.06647 0.29602 0.32475 1490.528
2.715 0.55833 53.36347 0.30864 29.79431 0.31300 0.06624 0.29640 0.32435 1489.997
2.720 0.55821 53.29228 0.30816 29.74843 0.31324 0.06602 0.29679 0.32395 1489.467
2.725 0.55810 53.22123 0.30769 29.70267 0.31348 0.06580 0.29717 0.32355 1488.937
2.730 0.55798 53.15031 0.30722 29.65704 0.31372 0.06557 0.29755 0.32315 1488.408
2.735 0.55787 53.07953 0.30674 29.61153 0.31396 0.06535 0.29794 0.32275 1487.879
2.740 0.55776 53.00888 0.30627 29.56616 0.31420 0.06513 0.29832 0.32235 1487.351
2.745 0.55765 52.93836 0.30581 29.52090 0.31444 0.06491 0.29870 0.32195 1486.824
2.750 0.55754 52.86797 0.30534 29.47578 0.31467 0.06469 0.29909 0.32155 1486.297
2.755 0.55743 52.79772 0.30487 29.43078 0.31491 0.06447 0.29947 0.32115 1485.771
2.760 0.55732 52.72760 0.30441 29.38591 0.31515 0.06425 0.29985 0.32075 1485.245
2.765 0.55721 52.65761 0.30394 29.34116 0.31538 0.06403 0.30024 0.32035 1484.720
2.770 0.55710 52.58776 0.30348 29.29653 0.31562 0.06382 0.30062 0.31994 1484.195
2.775 0.55699 52.51803 0.30302 29.25203 0.31586 0.06360 0.30100 0.31954 1483.671
2.780 0.55688 52.44844 0.30256 29.20765 0.31609 0.06338 0.30139 0.31914 1483.147
2.785 0.55678 52.37898 0.30210 29.16339 0.31632 0.06317 0.30177 0.31874 1482.624
2.790 0.55667 52.30965 0.30164 29.11926 0.31656 0.06295 0.30215 0.31834 1482.102
2.795 0.55657 52.24045 0.30119 29.07524 0.31679 0.06274 0.30253 0.31794 1481.580
2.800 0.55646 52.17139 0.30073 29.03135 0.31703 0.06252 0.30292 0.31754 1481.059
2.805 0.55636 52.10245 0.30028 28.98758 0.31726 0.06231 0.30330 0.31713 1480.538
2.810 0.55625 52.03365 0.29983 28.94393 0.31749 0.06210 0.30368 0.31673 1480.018
2.815 0.55615 51.96497 0.29938 28.90040 0.31772 0.06189 0.30406 0.31633 1479.499
2.820 0.55605 51.89642 0.29893 28.85700 0.31795 0.06167 0.30444 0.31593 1478.980
2.825 0.55595 51.82801 0.29848 28.81371 0.31818 0.06146 0.30483 0.31553 1478.461
2.830 0.55585 51.75972 0.29803 28.77054 0.31841 0.06125 0.30521 0.31512 1477.943
2.835 0.55575 51.69156 0.29759 28.72748 0.31865 0.06104 0.30559 0.31472 1477.426
2.840 0.55565 51.62354 0.29714 28.68455 0.31887 0.06083 0.30597 0.31432 1476.909
2.845 0.55555 51.55564 0.29670 28.64173 0.31910 0.06063 0.30635 0.31392 1476.393
2.850 0.55545 51.48787 0.29626 28.59904 0.31933 0.06042 0.30673 0.31351 1475.878
2.855 0.55535 51.42022 0.29581 28.55645 0.31956 0.06021 0.30712 0.31311 1475.363
2.860 0.55526 51.35271 0.29537 28.51399 0.31979 0.06000 0.30750 0.31271 1474.848
2.865 0.55516 51.28532 0.29494 28.47164 0.32002 0.05980 0.30788 0.31231 1474.334
2.870 0.55507 51.21806 0.29450 28.42941 0.32024 0.05959 0.30826 0.31190 1473.821
2.875 0.55497 51.15093 0.29406 28.38729 0.32047 0.05939 0.30864 0.31150 1473.308
2.880 0.55488 51.08393 0.29363 28.34529 0.32070 0.05918 0.30902 0.31110 1472.796
2.885 0.55478 51.01705 0.29319 28.30340 0.32092 0.05898 0.30940 0.31069 1472.284
2.890 0.55469 50.95030 0.29276 28.26162 0.32115 0.05878 0.30978 0.31029 1471.773
2.895 0.55460 50.88368 0.29233 28.21996 0.32137 0.05858 0.31016 0.30989 1471.263
2.900 0.55451 50.81718 0.29190 28.17842 0.32160 0.05837 0.31054 0.30949 1470.753
2.905 0.55441 50.75081 0.29147 28.13698 0.32182 0.05817 0.31092 0.30908 1470.243
2.910 0.55432 50.68457 0.29104 28.09566 0.32205 0.05797 0.31130 0.30868 1469.734
2.915 0.55423 50.61845 0.29061 28.05445 0.32227 0.05777 0.31168 0.30828 1469.226
2.920 0.55414 50.55246 0.29019 28.01336 0.32249 0.05757 0.31206 0.30787 1468.719
2.925 0.55406 50.48659 0.28976 27.97237 0.32271 0.05737 0.31244 0.30747 1468.211
2.930 0.55397 50.42085 0.28934 27.93150 0.32294 0.05717 0.31282 0.30707 1467.705
2.935 0.55388 50.35523 0.28892 27.89073 0.32316 0.05698 0.31320 0.30666 1467.199
2.940 0.55379 50.28974 0.28850 27.85008 0.32338 0.05678 0.31358 0.30626 1466.693
2.945 0.55371 50.22437 0.28808 27.80954 0.32360 0.05658 0.31396 0.30586 1466.188
2.950 0.55362 50.15912 0.28766 27.76910 0.32382 0.05639 0.31434 0.30545 1465.684
2.955 0.55353 50.09400 0.28724 27.72878 0.32404 0.05619 0.31472 0.30505 1465.180
2.960 0.55345 50.02901 0.28682 27.68856 0.32426 0.05600 0.31510 0.30465 1464.677
2.965 0.55337 49.96413 0.28641 27.64846 0.32448 0.05580 0.31548 0.30424 1464.174
2.970 0.55328 49.89938 0.28599 27.60846 0.32469 0.05561 0.31586 0.30384 1463.672
2.975 0.55320 49.83476 0.28558 27.56857 0.32491 0.05542 0.31624 0.30343 1463.171
2.980 0.55312 49.77025 0.28517 27.52878 0.32513 0.05522 0.31662 0.30303 1462.670
2.985 0.55304 49.70587 0.28476 27.48911 0.32535 0.05503 0.31699 0.30263 1462.169
2.990 0.55295 49.64161 0.28435 27.44954 0.32556 0.05484 0.31737 0.30222 1461.669
2.995 0.55287 49.57748 0.28394 27.41007 0.32578 0.05465 0.31775 0.30182 1461.170
3.000 0.55279 49.51346 0.28353 27.37071 0.32600 0.05446 0.31813 0.30142 1460.671
3.005 0.55271 49.44957 0.28313 27.33146 0.32621 0.05427 0.31851 0.30101 1460.173
3.010 0.55263 49.38580 0.28272 27.29231 0.32643 0.05408 0.31888 0.30061 1459.675
3.015 0.55256 49.32215 0.28232 27.25327 0.32664 0.05389 0.31926 0.30021 1459.178
3.020 0.55248 49.25862 0.28191 27.21433 0.32685 0.05370 0.31964 0.29980 1458.682
3.025 0.55240 49.19521 0.28151 27.17550 0.32707 0.05352 0.32002 0.29940 1458.186
3.030 0.55232 49.13192 0.28111 27.13677 0.32728 0.05333 0.32040 0.29900 1457.690
3.035 0.55225 49.06875 0.28071 27.09814 0.32749 0.05314 0.32077 0.29859 1457.195
3.040 0.55217 49.00571 0.28031 27.05962 0.32771 0.05296 0.32115 0.29819 1456.701
3.045 0.55210 48.94278 0.27991 27.02120 0.32792 0.05277 0.32153 0.29778 1456.207
3.050 0.55202 48.87997 0.27951 26.98288 0.32813 0.05259 0.32190 0.29738 1455.714
3.055 0.55195 48.81728 0.27912 26.94467 0.32834 0.05240 0.32228 0.29698 1455.221
3.060 0.55188 48.75471 0.27872 26.90655 0.32855 0.05222 0.32266 0.29657 1454.729
3.065 0.55180 48.69226 0.27833 26.86854 0.32876 0.05204 0.32303 0.29617 1454.237
3.070 0.55173 48.62993 0.27794 26.83063 0.32897 0.05185 0.32341 0.29577 1453.746
3.075 0.55166 48.56772 0.27755 26.79282 0.32918 0.05167 0.32379 0.29536 1453.256
3.080 0.55159 48.50563 0.27715 26.75511 0.32939 0.05149 0.32416 0.29496 1452.766
3.085 0.55152 48.44365 0.27677 26.71750 0.32959 0.05131 0.32454 0.29456 1452.276
3.090 0.55145 48.38179 0.27638 26.67998 0.32980 0.05113 0.32491 0.29415 1451.788
3.095 0.55138 48.32005 0.27599 26.64257 0.33001 0.05095 0.32529 0.29375 1451.299
3.100 0.55131 48.25843 0.27560 26.60526 0.33022 0.05077 0.32567 0.29335 1450.812
3.105 0.55124 48.19692 0.27522 26.56805 0.33042 0.05059 0.32604 0.29294 1450.324
3.110 0.55117 48.13554 0.27483 26.53093 0.33063 0.05041 0.32642 0.29254 1449.838
3.115 0.55110 48.07426 0.27445 26.49391 0.33083 0.05024 0.32679 0.29214 1449.352
3.120 0.55104 48.01311 0.27407 26.45699 0.33104 0.05006 0.32717 0.29174 1448.866
3.125 0.55097 47.95207 0.27369 26.42017 0.33124 0.04988 0.32754 0.29133 1448.381
3.130 0.55090 47.89115 0.27330 26.38344 0.33145 0.04971 0.32792 0.29093 1447.897
3.135 0.55084 47.83034 0.27293 26.34681 0.33165 0.04953 0.32829 0.29053 1447.413
3.140 0.55077 47.76965 0.27255 26.31028 0.33185 0.04936 0.32867 0.29012 1446.929
3.145 0.55071 47.70907 0.27217 26.27385 0.33206 0.04918 0.32904 0.28972 1446.446
3.150 0.55065 47.64861 0.27179 26.23750 0.33226 0.04901 0.32941 0.28932 1445.964
3.155 0.55058 47.58827 0.27142 26.20126 0.33246 0.04883 0.32979 0.28892 1445.482
3.160 0.55052 47.52804 0.27104 26.16511 0.33266 0.04866 0.33016 0.28851 1445.001
3.165 0.55046 47.46792 0.27067 26.12905 0.33286 0.04849 0.33054 0.28811 1444.520
3.170 0.55040 47.40792 0.27030 26.09309 0.33306 0.04832 0.33091 0.28771 1444.040
3.175 0.55033 47.34803 0.26993 26.05722 0.33326 0.04815 0.33128 0.28731 1443.561
3.180 0.55027 47.28826 0.26955 26.02145 0.33346 0.04798 0.33166 0.28690 1443.082
3.185 0.55021 47.22860 0.26919 25.98577 0.33366 0.04781 0.33203 0.28650 1442.603
3.190 0.55015 47.16905 0.26882 25.95019 0.33386 0.04764 0.33240 0.28610 1442.125
3.195 0.55009 47.10962 0.26845 25.91469 0.33406 0.04747 0.33278 0.28570 1441.648
3.200 0.55003 47.05030 0.26808 25.87929 0.33426 0.04730 0.33315 0.28530 1441.171
3.205 0.54998 46.99109 0.26772 25.84398 0.33446 0.04713 0.33352 0.28489 1440.695
3.210 0.54992 46.93200 0.26735 25.80877 0.33465 0.04696 0.33389 0.28449 1440.219
3.215 0.54986 46.87302 0.26699 25.77364 0.33485 0.04680 0.33427 0.28409 1439.743
3.220 0.54980 46.81415 0.26662 25.73861 0.33505 0.04663 0.33464 0.28369 1439.269
3.225 0.54975 46.75539 0.26626 25.70366 0.33524 0.04646 0.33501 0.28329 1438.794
3.230 0.54969 46.69674 0.26590 25.66881 0.33544 0.04630 0.33538 0.28289 1438.321
3.235 0.54964 46.63821 0.26554 25.63405 0.33563 0.04613 0.33575 0.28248 1437.848
3.240 0.54958 46.57978 0.26518 25.59938 0.33582 0.04597 0.33612 0.28208 1437.375
3.245 0.54953 46.52147 0.26482 25.56480 0.33602 0.04580 0.33650 0.28168 1436.903
3.250 0.54947 46.46327 0.26447 25.53031 0.33621 0.04564 0.33687 0.28128 1436.431
3.255 0.54942 46.40518 0.26411 25.49590 0.33640 0.04548 0.33724 0.28088 1435.960
3.260 0.54937 46.34720 0.26376 25.46159 0.33660 0.04532 0.33761 0.28048 1435.490
3.265 0.54931 46.28933 0.26340 25.42736 0.33679 0.04515 0.33798 0.28008 1435.020
3.270 0.54926 46.23157 0.26305 25.39323 0.33698 0.04499 0.33835 0.27968 1434.551
3.275 0.54921 46.17392 0.26269 25.35918 0.33717 0.04483 0.33872 0.27928 1434.082
3.280 0.54916 46.11637 0.26234 25.32522 0.33736 0.04467 0.33909 0.27888 1433.613
3.285 0.54911 46.05894 0.26199 25.29134 0.33755 0.04451 0.33946 0.27848 1433.146
3.290 0.54906 46.00162 0.26164 25.25756 0.33774 0.04435 0.33983 0.27808 1432.678
3.295 0.54901 45.94441 0.26129 25.22386 0.33793 0.04419 0.34020 0.27768 1432.212
3.300 0.54896 45.88730 0.26094 25.19025 0.33812 0.04403 0.34057 0.27728 1431.745
3.305 0.54891 45.83030 0.26060 25.15672 0.33831 0.04388 0.34094 0.27688 1431.280
3.310 0.54886 45.77341 0.26025 25.12328 0.33850 0.04372 0.34131 0.27648 1430.815
3.315 0.54881 45.71663 0.25991 25.08992 0.33868 0.04356 0.34168 0.27608 1430.350
3.320 0.54877 45.65996 0.25956 25.05666 0.33887 0.04341 0.34205 0.27568 1429.886
3.325 0.54872 45.60339 0.25922 25.02347 0.33906 0.04325 0.34242 0.27528 1429.422
3.330 0.54867 45.54694 0.25887 24.99037 0.33924 0.04309 0.34279 0.27488 1428.959
3.335 0.54863 45.49058 0.25853 24.95736 0.33943 0.04294 0.34315 0.27448 1428.497
3.340 0.54858 45.43434 0.25819 24.92443 0.33961 0.04278 0.34352 0.27408 1428.035
3.345 0.54854 45.37820 0.25785 24.89158 0.33980 0.04263 0.34389 0.27368 1427.573
3.350 0.54849 45.32217 0.25751 24.85882 0.33998 0.04248 0.34426 0.27328 1427.112
3.355 0.54845 45.26625 0.25717 24.82614 0.34017 0.04232 0.34463 0.27288 1426.652
3.360 0.54840 45.21043 0.25684 24.79355 0.34035 0.04217 0.34499 0.27249 1426.192
3.365 0.54836 45.15472 0.25650 24.76103 0.34053 0.04202 0.34536 0.27209 1425.733
3.370 0.54832 45.09911 0.25616 24.72860 0.34072 0.04187 0.34573 0.27169 1425.274
3.375 0.54827 45.04361 0.25583 24.69626 0.34090 0.04172 0.34610 0.27129 1424.815
3.380 0.54823 44.98821 0.25549 24.66399 0.34108 0.04157 0.34646 0.27089 1424.358
3.385 0.54819 44.93292 0.25516 24.63181 0.34126 0.04142 0.34683 0.27049 1423.900
3.390 0.54815 44.87773 0.25483 24.59971 0.34144 0.04127 0.34720 0.27010 1423.443
3.395 0.54811 44.82265 0.25450 24.56769 0.34162 0.04112 0.34756 0.26970 1422.987
3.400 0.54807 44.76767 0.25416 24.53575 0.34180 0.04097 0.34793 0.26930 1422.531
3.405 0.54803 44.71280 0.25383 24.50389 0.34198 0.04082 0.34830 0.26891 1422.076
3.410 0.54799 44.65803 0.25351 24.47211 0.34216 0.04067 0.34866 0.26851 1421.622
3.415 0.54795 44.60336 0.25318 24.44041 0.34234 0.04052 0.34903 0.26811 1421.167
3.420 0.54791 44.54880 0.25285 24.40880 0.34251 0.04038 0.34939 0.26772 1420.714
3.425 0.54787 44.49434 0.25252 24.37726 0.34269 0.04023 0.34976 0.26732 1420.261
3.430 0.54784 44.43998 0.25220 24.34580 0.34287 0.04009 0.35012 0.26692 1419.808
3.435 0.54780 44.38573 0.25187 24.31442 0.34305 0.03994 0.35049 0.26653 1419.356
3.440 0.54776 44.33158 0.25155 24.28312 0.34322 0.03979 0.35085 0.26613 1418.904
3.445 0.54772 44.27753 0.25122 24.25190 0.34340 0.03965 0.35122 0.26573 1418.453
3.450 0.54769 44.22358 0.25090 24.22076 0.34357 0.03951 0.35158 0.26534 1418.003
3.455 0.54765 44.16974 0.25058 24.18969 0.34375 0.03936 0.35195 0.26494 1417.552
3.460 0.54762 44.11599 0.25026 24.15871 0.34392 0.03922 0.35231 0.26455 1417.103
3.465 0.54758 44.06235 0.24994 24.12780 0.34409 0.03908 0.35268 0.26415 1416.654
3.470 0.54755 44.00881 0.24962 24.09697 0.34427 0.03893 0.35304 0.26376 1416.205
3.475 0.54751 43.95537 0.24930 24.06621 0.34444 0.03879 0.35340 0.26336 1415.757
3.480 0.54748 43.90204 0.24898 24.03554 0.34461 0.03865 0.35377 0.26297 1415.310
3.485 0.54745 43.84880 0.24867 24.00494 0.34479 0.03851 0.35413 0.26257 1414.863
3.490 0.54742 43.79566 0.24835 23.97441 0.34496 0.03837 0.35449 0.26218 1414.416
3.495 0.54738 43.74263 0.24803 23.94396 0.34513 0.03823 0.35486 0.26179 1413.970
3.500 0.54735 43.68969 0.24772 23.91359 0.34530 0.03809 0.35522 0.26139 1413.525
3.505 0.54732 43.63686 0.24741 23.88330 0.34547 0.03795 0.35558 0.26100 1413.080
3.510 0.54729 43.58412 0.24709 23.85307 0.34564 0.03781 0.35594 0.26060 1412.635
3.515 0.54726 43.53148 0.24678 23.82293 0.34581 0.03767 0.35631 0.26021 1412.192
3.520 0.54723 43.47895 0.24647 23.79286 0.34598 0.03754 0.35667 0.25982 1411.748
3.525 0.54720 43.42651 0.24616 23.76286 0.34615 0.03740 0.35703 0.25943 1411.305
3.530 0.54717 43.37417 0.24585 23.73294 0.34631 0.03726 0.35739 0.25903 1410.863
3.535 0.54714 43.32193 0.24554 23.70309 0.34648 0.03713 0.35775 0.25864 1410.421
3.540 0.54711 43.26978 0.24523 23.67332 0.34665 0.03699 0.35811 0.25825 1409.979
3.545 0.54708 43.21774 0.24492 23.64362 0.34681 0.03686 0.35848 0.25786 1409.538
3.550 0.54705 43.16579 0.24462 23.61400 0.34698 0.03672 0.35884 0.25746 1409.098
3.555 0.54703 43.11395 0.24431 23.58444 0.34715 0.03659 0.35920 0.25707 1408.658
3.560 0.54700 43.06220 0.24400 23.55496 0.34731 0.03645 0.35956 0.25668 1408.219
3.565 0.54697 43.01054 0.24370 23.52556 0.34748 0.03632 0.35992 0.25629 1407.780
3.570 0.54695 42.95899 0.24340 23.49622 0.34764 0.03618 0.36028 0.25590 1407.341
3.575 0.54692 42.90753 0.24309 23.46696 0.34780 0.03605 0.36064 0.25551 1406.903
3.580 0.54689 42.85617 0.24279 23.43777 0.34797 0.03592 0.36100 0.25512 1406.466
3.585 0.54687 42.80490 0.24249 23.40866 0.34813 0.03579 0.36136 0.25473 1406.029
3.590 0.54684 42.75373 0.24219 23.37961 0.34829 0.03566 0.36172 0.25434 1405.593
3.595 0.54682 42.70266 0.24189 23.35063 0.34845 0.03552 0.36208 0.25395 1405.157
3.600 0.54680 42.65168 0.24159 23.32173 0.34862 0.03539 0.36243 0.25356 1404.721
3.605 0.54677 42.60080 0.24129 23.29290 0.34878 0.03526 0.36279 0.25317 1404.286
3.610 0.54675 42.55002 0.24099 23.26414 0.34894 0.03513 0.36315 0.25278 1403.852
3.615 0.54673 42.49933 0.24069 23.23545 0.34910 0.03500 0.36351 0.25239 1403.418
3.620 0.54670 42.44873 0.24040 23.20683 0.34926 0.03488 0.36387 0.25200 1402.985
3.625 0.54668 42.39824 0.24010 23.17827 0.34942 0.03475 0.36423 0.25161 1402.552
3.630 0.54666 42.34783 0.23981 23.14979 0.34958 0.03462 0.36459 0.25122 1402.119
3.635 0.54664 42.29752 0.23951 23.12138 0.34973 0.03449 0.36494 0.25083 1401.687
3.640 0.54662 42.24731 0.23922 23.09304 0.34989 0.03436 0.36530 0.25044 1401.256
3.645 0.54659 42.19718 0.23893 23.06477 0.35005 0.03424 0.36566 0.25006 1400.825
3.650 0.54657 42.14716 0.23863 23.03656 0.35021 0.03411 0.36601 0.24967 1400.394
3.655 0.54655 42.09722 0.23834 23.00843 0.35036 0.03398 0.36637 0.24928 1399.964
3.660 0.54653 42.04738 0.23805 22.98036 0.35052 0.03386 0.36673 0.24889 1399.535
3.665 0.54652 41.99764 0.23776 22.95236 0.35068 0.03373 0.36708 0.24851 1399.106
3.670 0.54650 41.94798 0.23747 22.92443 0.35083 0.03361 0.36744 0.24812 1398.677
3.675 0.54648 41.89842 0.23718 22.89657 0.35099 0.03348 0.36780 0.24773 1398.249
3.680 0.54646 41.84896 0.23690 22.86877 0.35114 0.03336 0.36815 0.24735 1397.822
3.685 0.54644 41.79958 0.23661 22.84105 0.35129 0.03324 0.36851 0.24696 1397.395
3.690 0.54642 41.75030 0.23632 22.81339 0.35145 0.03311 0.36886 0.24658 1396.968
3.695 0.54641 41.70111 0.23604 22.78579 0.35160 0.03299 0.36922 0.24619 1396.542
3.700 0.54639 41.65201 0.23575 22.75827 0.35175 0.03287 0.36957 0.24581 1396.116
3.705 0.54637 41.60301 0.23547 22.73081 0.35190 0.03275 0.36993 0.24542 1395.691
3.710 0.54636 41.55409 0.23518 22.70341 0.35206 0.03262 0.37028 0.24504 1395.267
3.715 0.54634 41.50527 0.23490 22.67608 0.35221 0.03250 0.37064 0.24465 1394.843
3.720 0.54633 41.45654 0.23462 22.64882 0.35236 0.03238 0.37099 0.24427 1394.419
3.725 0.54631 41.40790 0.23434 22.62163 0.35251 0.03226 0.37135 0.24388 1393.996
3.730 0.54630 41.35935 0.23406 22.59450 0.35266 0.03214 0.37170 0.24350 1393.573
3.735 0.54628 41.31089 0.23377 22.56743 0.35281 0.03202 0.37205 0.24311 1393.151
3.740 0.54627 41.26252 0.23350 22.54043 0.35296 0.03190 0.37241 0.24273 1392.729
3.745 0.54626 41.21424 0.23322 22.51350 0.35311 0.03178 0.37276 0.24235 1392.308
3.750 0.54624 41.16605 0.23294 22.48662 0.35325 0.03167 0.37311 0.24197 1391.887
3.755 0.54623 41.11796 0.23266 22.45982 0.35340 0.03155 0.37347 0.24158 1391.467
3.760 0.54622 41.06995 0.23238 22.43308 0.35355 0.03143 0.37382 0.24120 1391.047
3.765 0.54620 41.02203 0.23211 22.40640 0.35370 0.03131 0.37417 0.24082 1390.628
3.770 0.54619 40.97420 0.23183 22.37978 0.35384 0.03120 0.37452 0.24044 1390.209
3.775 0.54618 40.92646 0.23156 22.35323 0.35399 0.03108 0.37488 0.24006 1389.790
3.780 0.54617 40.87881 0.23128 22.32675 0.35413 0.03096 0.37523 0.23967 1389.373
3.785 0.54616 40.83124 0.23101 22.30032 0.35428 0.03085 0.37558 0.23929 1388.955
3.790 0.54615 40.78377 0.23073 22.27396 0.35442 0.03073 0.37593 0.23891 1388.538
3.795 0.54614 40.73639 0.23046 22.24766 0.35457 0.03062 0.37628 0.23853 1388.122
3.800 0.54613 40.68909 0.23019 22.22143 0.35471 0.03050 0.37663 0.23815 1387.706
3.805 0.54612 40.64188 0.22992 22.19526 0.35485 0.03039 0.37698 0.23777 1387.290
3.810 0.54611 40.59476 0.22965 22.16915 0.35500 0.03028 0.37734 0.23739 1386.875
3.815 0.54610 40.54772 0.22938 22.14310 0.35514 0.03016 0.37769 0.23701 1386.461
3.820 0.54609 40.50078 0.22911 22.11711 0.35528 0.03005 0.37804 0.23663 1386.046
3.825 0.54608 40.45392 0.22884 22.09119 0.35542 0.02994 0.37839 0.23626 1385.633
3.830 0.54607 40.40715 0.22857 22.06532 0.35556 0.02983 0.37874 0.23588 1385.220
3.835 0.54607 40.36046 0.22831 22.03952 0.35570 0.02971 0.37909 0.23550 1384.807
3.840 0.54606 40.31386 0.22804 22.01378 0.35584 0.02960 0.37943 0.23512 1384.395
3.845 0.54605 40.26735 0.22777 21.98810 0.35598 0.02949 0.37978 0.23474 1383.983
3.850 0.54605 40.22092 0.22751 21.96248 0.35612 0.02938 0.38013 0.23437 1383.572
3.855 0.54604 40.17459 0.22724 21.93692 0.35626 0.02927 0.38048 0.23399 1383.161
3.860 0.54603 40.12833 0.22698 21.91142 0.35640 0.02916 0.38083 0.23361 1382.751
3.865 0.54603 40.08216 0.22672 21.88598 0.35654 0.02905 0.38118 0.23323 1382.341
3.870 0.54602 40.03608 0.22645 21.86060 0.35667 0.02894 0.38153 0.23286 1381.931
3.875 0.54602 39.99009 0.22619 21.83528 0.35681 0.02883 0.38187 0.23248 1381.522
3.880 0.54601 39.94417 0.22593 21.81002 0.35695 0.02872 0.38222 0.23211 1381.114
3.885 0.54601 39.89835 0.22567 21.78482 0.35708 0.02862 0.38257 0.23173 1380.706
3.890 0.54600 39.85261 0.22541 21.75968 0.35722 0.02851 0.38292 0.23136 1380.298
3.895 0.54600 39.80695 0.22515 21.73460 0.35735 0.02840 0.38326 0.23098 1379.891
3.900 0.54600 39.76138 0.22489 21.70958 0.35749 0.02829 0.38361 0.23061 1379.485
3.905 0.54599 39.71589 0.22463 21.68461 0.35762 0.02819 0.38396 0.23023 1379.078
3.910 0.54599 39.67049 0.22437 21.65971 0.35776 0.02808 0.38430 0.22986 1378.673
3.915 0.54599 39.62517 0.22411 21.63486 0.35789 0.02798 0.38465 0.22948 1378.267
3.920 0.54599 39.57993 0.22386 21.61007 0.35802 0.02787 0.38500 0.22911 1377.863
3.925 0.54598 39.53478 0.22360 21.58534 0.35816 0.02777 0.38534 0.22874 1377.458
3.930 0.54598 39.48971 0.22335 21.56066 0.35829 0.02766 0.38569 0.22837 1377.054
3.935 0.54598 39.44472 0.22309 21.53605 0.35842 0.02756 0.38603 0.22799 1376.651
3.940 0.54598 39.39982 0.22284 21.51149 0.35855 0.02745 0.38638 0.22762 1376.248
3.945 0.54598 39.35500 0.22258 21.48699 0.35868 0.02735 0.38672 0.22725 1375.846
3.950 0.54598 39.31026 0.22233 21.46254 0.35881 0.02724 0.38707 0.22688 1375.444
3.955 0.54598 39.26561 0.22208 21.43815 0.35894 0.02714 0.38741 0.22651 1375.042
3.960 0.54598 39.22103 0.22182 21.41382 0.35907 0.02704 0.38776 0.22613 1374.641
3.965 0.54598 39.17654 0.22157 21.38955 0.35920 0.02694 0.38810 0.22576 1374.240
3.970 0.54598 39.13214 0.22132 21.36533 0.35933 0.02683 0.38844 0.22539 1373.840
3.975 0.54598 39.08781 0.22107 21.34116 0.35946 0.02673 0.38879 0.22502 1373.440
3.980 0.54598 39.04356 0.22082 21.31706 0.35958 0.02663 0.38913 0.22465 1373.041
3.985 0.54598 38.99940 0.22057 21.29301 0.35971 0.02653 0.38947 0.22428 1372.642
3.990 0.54598 38.95532 0.22032 21.26901 0.35984 0.02643 0.38982 0.22391 1372.244
3.995 0.54599 38.91132 0.22008 21.24507 0.35997 0.02633 0.39016 0.22355 1371.846
4.000 0.54599 38.86740 0.21983 21.22119 0.36009 0.02623 0.39050 0.22318 1371.448
4.005 0.54599 38.82356 0.21958 21.19736 0.36022 0.02613 0.39084 0.22281 1371.051
4.010 0.54600 38.77980 0.21934 21.17358 0.36034 0.02603 0.39119 0.22244 1370.655
4.015 0.54600 38.73612 0.21909 21.14986 0.36047 0.02593 0.39153 0.22207 1370.258
4.020 0.54600 38.69252 0.21885 21.12620 0.36059 0.02583 0.39187 0.22171 1369.863
4.025 0.54601 38.64900 0.21860 21.10258 0.36071 0.02574 0.39221 0.22134 1369.468
4.030 0.54601 38.60557 0.21836 21.07903 0.36084 0.02564 0.39255 0.22097 1369.073
4.035 0.54601 38.56221 0.21811 21.05552 0.36096 0.02554 0.39289 0.22061 1368.678
4.040 0.54602 38.51893 0.21787 21.03207 0.36108 0.02544 0.39323 0.22024 1368.284
4.045 0.54602 38.47573 0.21763 21.00868 0.36121 0.02535 0.39357 0.21987 1367.891
4.050 0.54603 38.43261 0.21739 20.98534 0.36133 0.02525 0.39391 0.21951 1367.498
4.055 0.54604 38.38957 0.21714 20.96205 0.36145 0.02515 0.39425 0.21914 1367.105
4.060 0.54604 38.34660 0.21690 20.93881 0.36157 0.02506 0.39459 0.21878 1366.713
4.065 0.54605 38.30372 0.21666 20.91563 0.36169 0.02496 0.39493 0.21841 1366.322
4.070 0.54605 38.26092 0.21642 20.89250 0.36181 0.02487 0.39527 0.21805 1365.930
4.075 0.54606 38.21819 0.21619 20.86943 0.36193 0.02477 0.39561 0.21769 1365.540
4.080 0.54607 38.17554 0.21595 20.84640 0.36205 0.02468 0.39595 0.21732 1365.149
4.085 0.54607 38.13297 0.21571 20.82343 0.36217 0.02458 0.39629 0.21696 1364.759
4.090 0.54608 38.09048 0.21547 20.80051 0.36228 0.02449 0.39663 0.21660 1364.370
4.095 0.54609 38.04806 0.21523 20.77764 0.36240 0.02440 0.39697 0.21623 1363.981
4.100 0.54610 38.00572 0.21500 20.75483 0.36252 0.02430 0.39730 0.21587 1363.592
4.105 0.54611 37.96346 0.21476 20.73207 0.36264 0.02421 0.39764 0.21551 1363.204
4.110 0.54611 37.92128 0.21453 20.70935 0.36275 0.02412 0.39798 0.21515 1362.816
4.115 0.54612 37.87917 0.21429 20.68669 0.36287 0.02403 0.39832 0.21479 1362.429
4.120 0.54613 37.83714 0.21406 20.66408 0.36298 0.02393 0.39865 0.21443 1362.042
4.125 0.54614 37.79519 0.21382 20.64153 0.36310 0.02384 0.39899 0.21407 1361.656
4.130 0.54615 37.75331 0.21359 20.61902 0.36321 0.02375 0.39933 0.21371 1361.270
4.135 0.54616 37.71151 0.21336 20.59656 0.36333 0.02366 0.39966 0.21335 1360.884
4.140 0.54617 37.66979 0.21313 20.57416 0.36344 0.02357 0.40000 0.21299 1360.499
4.145 0.54618 37.62814 0.21290 20.55180 0.36356 0.02348 0.40034 0.21263 1360.115
4.150 0.54619 37.58657 0.21266 20.52950 0.36367 0.02339 0.40067 0.21227 1359.730
4.155 0.54620 37.54507 0.21243 20.50724 0.36378 0.02330 0.40101 0.21191 1359.347
4.160 0.54621 37.50365 0.21220 20.48504 0.36389 0.02321 0.40134 0.21155 1358.963
4.165 0.54623 37.46230 0.21197 20.46288 0.36401 0.02312 0.40168 0.21119 1358.580
4.170 0.54624 37.42103 0.21174 20.44078 0.36412 0.02303 0.40201 0.21084 1358.198
4.175 0.54625 37.37984 0.21152 20.41872 0.36423 0.02294 0.40235 0.21048 1357.816
4.180 0.54626 37.33872 0.21129 20.39672 0.36434 0.02286 0.40268 0.21012 1357.434
4.185 0.54627 37.29767 0.21106 20.37476 0.36445 0.02277 0.40302 0.20977 1357.053
4.190 0.54629 37.25670 0.21083 20.35285 0.36456 0.02268 0.40335 0.20941 1356.672
4.195 0.54630 37.21580 0.21061 20.33099 0.36467 0.02259 0.40368 0.20905 1356.292
4.200 0.54631 37.17498 0.21038 20.30918 0.36478 0.02251 0.40402 0.20870 1355.912
4.205 0.54633 37.13423 0.21016 20.28742 0.36488 0.02242 0.40435 0.20834 1355.532
4.210 0.54634 37.09355 0.20993 20.26571 0.36499 0.02233 0.40468 0.20799 1355.153
4.215 0.54635 37.05295 0.20971 20.24405 0.36510 0.02225 0.40502 0.20763 1354.775
4.220 0.54637 37.01242 0.20948 20.22243 0.36521 0.02216 0.40535 0.20728 1354.397
4.225 0.54638 36.97197 0.20926 20.20086 0.36531 0.02208 0.40568 0.20693 1354.019
4.230 0.54640 36.93159 0.20904 20.17934 0.36542 0.02199 0.40601 0.20657 1353.641
4.235 0.54641 36.89128 0.20881 20.15787 0.36553 0.02191 0.40635 0.20622 1353.265
4.240 0.54643 36.85104 0.20859 20.13645 0.36563 0.02182 0.40668 0.20587 1352.888
4.245 0.54644 36.81088 0.20837 20.11507 0.36574 0.02174 0.40701 0.20552 1352.512
4.250 0.54646 36.77079 0.20815 20.09374 0.36584 0.02166 0.40734 0.20516 1352.136
4.255 0.54648 36.73077 0.20793 20.07246 0.36595 0.02157 0.40767 0.20481 1351.761
4.260 0.54649 36.69083 0.20771 20.05122 0.36605 0.02149 0.40800 0.20446 1351.386
4.265 0.54651 36.65095 0.20749 20.03003 0.36615 0.02141 0.40833 0.20411 1351.012
4.270 0.54652 36.61115 0.20727 20.00889 0.36626 0.02132 0.40866 0.20376 1350.638
4.275 0.54654 36.57142 0.20705 19.98780 0.36636 0.02124 0.40899 0.20341 1350.264
4.280 0.54656 36.53176 0.20683 19.96675 0.36646 0.02116 0.40932 0.20306 1349.891
4.285 0.54658 36.49218 0.20662 19.94575 0.36656 0.02108 0.40965 0.20271 1349.518
4.290 0.54659 36.45266 0.20640 19.92479 0.36666 0.02100 0.40998 0.20236 1349.146
4.295 0.54661 36.41322 0.20618 19.90388 0.36676 0.02091 0.41031 0.20201 1348.774
4.300 0.54663 36.37384 0.20597 19.88302 0.36686 0.02083 0.41064 0.20166 1348.403
4.305 0.54665 36.33454 0.20575 19.86220 0.36696 0.02075 0.41097 0.20132 1348.032
4.310 0.54667 36.29531 0.20554 19.84143 0.36706 0.02067 0.41130 0.20097 1347.661
4.315 0.54669 36.25615 0.20532 19.82070 0.36716 0.02059 0.41162 0.20062 1347.291
4.320 0.54670 36.21706 0.20511 19.80002 0.36726 0.02051 0.41195 0.20027 1346.921
4.325 0.54672 36.17804 0.20489 19.77938 0.36736 0.02043 0.41228 0.19993 1346.552
4.330 0.54674 36.13909 0.20468 19.75879 0.36746 0.02035 0.41261 0.19958 1346.183
4.335 0.54676 36.10021 0.20447 19.73825 0.36756 0.02027 0.41293 0.19923 1345.814
4.340 0.54678 36.06140 0.20426 19.71774 0.36765 0.02020 0.41326 0.19889 1345.446
4.345 0.54680 36.02266 0.20404 19.69729 0.36775 0.02012 0.41359 0.19854 1345.078
4.350 0.54682 35.98398 0.20383 19.67688 0.36785 0.02004 0.41392 0.19820 1344.711
4.355 0.54684 35.94538 0.20362 19.65651 0.36794 0.01996 0.41424 0.19785 1344.344
4.360 0.54686 35.90685 0.20341 19.63619 0.36804 0.01988 0.41457 0.19751 1343.977
4.365 0.54689 35.86839 0.20320 19.61591 0.36813 0.01981 0.41489 0.19717 1343.611
4.370 0.54691 35.82999 0.20299 19.59567 0.36823 0.01973 0.41522 0.19682 1343.246
4.375 0.54693 35.79166 0.20278 19.57548 0.36832 0.01965 0.41554 0.19648 1342.880
4.380 0.54695 35.75341 0.20257 19.55533 0.36841 0.01958 0.41587 0.19614 1342.516
4.385 0.54697 35.71522 0.20236 19.53523 0.36851 0.01950 0.41619 0.19580 1342.151
4.390 0.54699 35.67710 0.20216 19.51517 0.36860 0.01943 0.41652 0.19545 1341.787
4.395 0.54702 35.63904 0.20195 19.49515 0.36869 0.01935 0.41684 0.19511 1341.423
4.400 0.54704 35.60106 0.20174 19.47518 0.36879 0.01927 0.41717 0.19477 1341.060
4.405 0.54706 35.56314 0.20154 19.45525 0.36888 0.01920 0.41749 0.19443 1340.697
4.410 0.54709 35.52529 0.20133 19.43536 0.36897 0.01912 0.41782 0.19409 1340.335
4.415 0.54711 35.48751 0.20112 19.41552 0.36906 0.01905 0.41814 0.19375 1339.973
4.420 0.54713 35.44980 0.20092 19.39572 0.36915 0.01898 0.41846 0.19341 1339.611
4.425 0.54716 35.41215 0.20071 19.37596 0.36924 0.01890 0.41879 0.19307 1339.250
4.430 0.54718 35.37457 0.20051 19.35624 0.36933 0.01883 0.41911 0.19273 1338.889
4.435 0.54720 35.33705 0.20031 19.33657 0.36942 0.01875 0.41943 0.19239 1338.529
4.440 0.54723 35.29961 0.20010 19.31693 0.36951 0.01868 0.41975 0.19206 1338.169
4.445 0.54725 35.26223 0.19990 19.29734 0.36960 0.01861 0.42008 0.19172 1337.809
4.450 0.54728 35.22492 0.19970 19.27780 0.36969 0.01854 0.42040 0.19138 1337.450
4.455 0.54730 35.18767 0.19950 19.25829 0.36977 0.01846 0.42072 0.19104 1337.091
4.460 0.54733 35.15049 0.19929 19.23883 0.36986 0.01839 0.42104 0.19071 1336.733
4.465 0.54735 35.11337 0.19909 19.21940 0.36995 0.01832 0.42136 0.19037 1336.375
4.470 0.54738 35.07632 0.19889 19.20002 0.37003 0.01825 0.42168 0.19003 1336.017
4.475 0.54740 35.03934 0.19869 19.18068 0.37012 0.01818 0.42200 0.18970 1335.660
4.480 0.54743 35.00242 0.19849 19.16138 0.37021 0.01811 0.42232 0.18936 1335.303
4.485 0.54746 34.96557 0.19829 19.14213 0.37029 0.01803 0.42264 0.18903 1334.946
4.490 0.54748 34.92879 0.19809 19.12291 0.37038 0.01796 0.42296 0.18869 1334.590
4.495 0.54751 34.89206 0.19789 19.10373 0.37046 0.01789 0.42328 0.18836 1334.235
4.500 0.54754 34.85541 0.19770 19.08460 0.37055 0.01782 0.42360 0.18803 1333.879
4.505 0.54756 34.81882 0.19750 19.06550 0.37063 0.01775 0.42392 0.18769 1333.525
4.510 0.54759 34.78229 0.19730 19.04645 0.37071 0.01768 0.42424 0.18736 1333.170
4.515 0.54762 34.74583 0.19710 19.02744 0.37080 0.01762 0.42456 0.18703 1332.816
4.520 0.54765 34.70943 0.19691 19.00846 0.37088 0.01755 0.42488 0.18670 1332.462
4.525 0.54767 34.67310 0.19671 18.98953 0.37096 0.01748 0.42520 0.18636 1332.109
4.530 0.54770 34.63683 0.19652 18.97064 0.37104 0.01741 0.42552 0.18603 1331.756
4.535 0.54773 34.60063 0.19632 18.95179 0.37112 0.01734 0.42583 0.18570 1331.404
4.540 0.54776 34.56448 0.19613 18.93297 0.37120 0.01727 0.42615 0.18537 1331.052
4.545 0.54779 34.52841 0.19593 18.91420 0.37128 0.01720 0.42647 0.18504 1330.700
4.550 0.54782 34.49239 0.19574 18.89546 0.37136 0.01714 0.42679 0.18471 1330.349
4.555 0.54784 34.45645 0.19554 18.87677 0.37144 0.01707 0.42710 0.18438 1329.998
4.560 0.54787 34.42056 0.19535 18.85811 0.37152 0.01700 0.42742 0.18405 1329.647
4.565 0.54790 34.38474 0.19516 18.83950 0.37160 0.01694 0.42774 0.18372 1329.297
4.570 0.54793 34.34898 0.19496 18.82092 0.37168 0.01687 0.42805 0.18340 1328.947
4.575 0.54796 34.31328 0.19477 18.80238 0.37176 0.01680 0.42837 0.18307 1328.598
4.580 0.54799 34.27764 0.19458 18.78388 0.37184 0.01674 0.42868 0.18274 1328.249
4.585 0.54802 34.24207 0.19439 18.76542 0.37192 0.01667 0.42900 0.18241 1327.900
4.590 0.54805 34.20656 0.19420 18.74700 0.37199 0.01661 0.42932 0.18209 1327.552
4.595 0.54808 34.17112 0.19401 18.72862 0.37207 0.01654 0.42963 0.18176 1327.204
4.600 0.54811 34.13573 0.19382 18.71027 0.37215 0.01648 0.42995 0.18143 1326.857
4.605 0.54814 34.10041 0.19363 18.69197 0.37222 0.01641 0.43026 0.18111 1326.509
