timeGa Urey Qt heat/H0 heatTW 1HPE 2HPE 3HPE 4HPE TempC
0.000 0.22000 36.00000 1.00000 7.92000 0.37200 0.01640 0.43000 0.18100 1351.850
0.005 0.22008 36.00000 1.00038 7.92300 0.37215 0.01647 0.42994 0.18143 1352.482
0.010 0.21994 36.05956 1.00136 7.93077 0.37207 0.01654 0.42963 0.18176 1353.116
0.015 0.21979 36.11928 1.00234 7.93855 0.37199 0.01661 0.42931 0.18209 1353.751
0.020 0.21964 36.17918 1.00333 7.94635 0.37192 0.01667 0.42900 0.18241 1354.387
0.025 0.21949 36.23924 1.00431 7.95417 0.37184 0.01674 0.42868 0.18274 1355.024
0.030 0.21934 36.29948 1.00530 7.96200 0.37176 0.01680 0.42837 0.18307 1355.662
0.035 0.21919 36.35988 1.00629 7.96985 0.37168 0.01687 0.42805 0.18340 1356.302
0.040 0.21905 36.42046 1.00729 7.97772 0.37161 0.01694 0.42773 0.18372 1356.942
0.045 0.21890 36.48121 1.00828 7.98560 0.37153 0.01700 0.42742 0.18405 1357.584
0.050 0.21875 36.54213 1.00928 7.99350 0.37145 0.01707 0.42710 0.18438 1358.227
0.055 0.21860 36.60322 1.01028 8.00142 0.37137 0.01714 0.42678 0.18471 1358.872
0.060 0.21845 36.66450 1.01128 8.00935 0.37129 0.01720 0.42647 0.18504 1359.517
0.065 0.21830 36.72594 1.01229 8.01730 0.37121 0.01727 0.42615 0.18537 1360.164
0.070 0.21815 36.78756 1.01329 8.02527 0.37113 0.01734 0.42583 0.18570 1360.812
0.075 0.21800 36.84936 1.01430 8.03325 0.37104 0.01741 0.42551 0.18603 1361.461
0.080 0.21785 36.91133 1.01531 8.04125 0.37096 0.01748 0.42520 0.18636 1362.111
0.085 0.21770 36.97349 1.01632 8.04927 0.37088 0.01755 0.42488 0.18670 1362.763
0.090 0.21755 37.03582 1.01734 8.05731 0.37080 0.01761 0.42456 0.18703 1363.416
0.095 0.21740 37.09833 1.01835 8.06536 0.37071 0.01768 0.42424 0.18736 1364.069
0.100 0.21726 37.16102 1.01937 8.07342 0.37063 0.01775 0.42392 0.18769 1364.725
0.105 0.21711 37.22389 1.02039 8.08151 0.37055 0.01782 0.42360 0.18803 1365.381
0.110 0.21696 37.28694 1.02142 8.08961 0.37046 0.01789 0.42328 0.18836 1366.039
0.115 0.21681 37.35017 1.02244 8.09773 0.37038 0.01796 0.42296 0.18869 1366.698
0.120 0.21666 37.41359 1.02347 8.10587 0.37029 0.01803 0.42264 0.18903 1367.358
0.125 0.21651 37.47719 1.02450 8.11403 0.37021 0.01811 0.42232 0.18936 1368.019
0.130 0.21636 37.54098 1.02553 8.12220 0.37012 0.01818 0.42200 0.18970 1368.682
0.135 0.21621 37.60494 1.02656 8.13039 0.37004 0.01825 0.42168 0.19003 1369.346
0.140 0.21605 37.66910 1.02760 8.13859 0.36995 0.01832 0.42136 0.19037 1370.011
0.145 0.21590 37.73344 1.02864 8.14682 0.36986 0.01839 0.42104 0.19071 1370.678
0.150 0.21575 37.79797 1.02968 8.15506 0.36978 0.01846 0.42072 0.19104 1371.345
0.155 0.21560 37.86269 1.03072 8.16332 0.36969 0.01854 0.42040 0.19138 1372.014
0.160 0.21545 37.92759 1.03177 8.17160 0.36960 0.01861 0.42007 0.19172 1372.685
0.165 0.21530 37.99269 1.03281 8.17989 0.36951 0.01868 0.41975 0.19206 1373.356
0.170 0.21515 38.05797 1.03386 8.18821 0.36942 0.01875 0.41943 0.19239 1374.029
0.175 0.21500 38.12345 1.03492 8.19654 0.36933 0.01883 0.41911 0.19273 1374.703
0.180 0.21485 38.18912 1.03597 8.20489 0.36924 0.01890 0.41878 0.19307 1375.379
0.185 0.21470 38.25498 1.03703 8.21326 0.36915 0.01898 0.41846 0.19341 1376.055
0.190 0.21455 38.32103 1.03809 8.22164 0.36906 0.01905 0.41814 0.19375 1376.733
0.195 0.21440 38.38728 1.03915 8.23004 0.36897 0.01912 0.41781 0.19409 1377.413
0.200 0.21424 38.45372 1.04021 8.23847 0.36888 0.01920 0.41749 0.19443 1378.093
0.205 0.21409 38.52036 1.04128 8.24690 0.36879 0.01927 0.41717 0.19477 1378.775
0.210 0.21394 38.58720 1.04234 8.25536 0.36870 0.01935 0.41684 0.19511 1379.458
0.215 0.21379 38.65423 1.04341 8.26384 0.36860 0.01942 0.41652 0.19545 1380.143
0.220 0.21364 38.72146 1.04449 8.27233 0.36851 0.01950 0.41619 0.19580 1380.829
0.225 0.21349 38.78889 1.04556 8.28085 0.36842 0.01958 0.41587 0.19614 1381.516
0.230 0.21333 38.85652 1.04664 8.28938 0.36832 0.01965 0.41554 0.19648 1382.205
0.235 0.21318 38.92435 1.04772 8.29793 0.36823 0.01973 0.41522 0.19682 1382.895
0.240 0.21303 38.99238 1.04880 8.30650 0.36813 0.01981 0.41489 0.19717 1383.586
0.245 0.21288 39.06061 1.04988 8.31508 0.36804 0.01988 0.41457 0.19751 1384.278
0.250 0.21272 39.12905 1.05097 8.32369 0.36794 0.01996 0.41424 0.19785 1384.972
0.255 0.21257 39.19768 1.05206 8.33231 0.36785 0.02004 0.41391 0.19820 1385.667
0.260 0.21242 39.26653 1.05315 8.34096 0.36775 0.02012 0.41359 0.19854 1386.364
0.265 0.21227 39.33558 1.05424 8.34962 0.36765 0.02020 0.41326 0.19889 1387.062
0.270 0.21211 39.40483 1.05534 8.35830 0.36756 0.02027 0.41293 0.19923 1387.761
0.275 0.21196 39.47430 1.05644 8.36700 0.36746 0.02035 0.41261 0.19958 1388.462
0.280 0.21181 39.54397 1.05754 8.37572 0.36736 0.02043 0.41228 0.19993 1389.164
0.285 0.21165 39.61385 1.05864 8.38446 0.36726 0.02051 0.41195 0.20027 1389.868
0.290 0.21150 39.68394 1.05975 8.39322 0.36716 0.02059 0.41162 0.20062 1390.573
0.295 0.21135 39.75424 1.06086 8.40199 0.36707 0.02067 0.41129 0.20097 1391.279
0.300 0.21120 39.82475 1.06197 8.41079 0.36697 0.02075 0.41097 0.20132 1391.986
0.305 0.21104 39.89547 1.06308 8.41961 0.36687 0.02083 0.41064 0.20166 1392.695
0.310 0.21089 39.96641 1.06420 8.42844 0.36677 0.02091 0.41031 0.20201 1393.406
0.315 0.21073 40.03756 1.06532 8.43730 0.36666 0.02100 0.40998 0.20236 1394.118
0.320 0.21058 40.10892 1.06644 8.44617 0.36656 0.02108 0.40965 0.20271 1394.831
0.325 0.21043 40.18050 1.06756 8.45506 0.36646 0.02116 0.40932 0.20306 1395.546
0.330 0.21027 40.25230 1.06868 8.46398 0.36636 0.02124 0.40899 0.20341 1396.262
0.335 0.21012 40.32432 1.06981 8.47291 0.36626 0.02132 0.40866 0.20376 1396.979
0.340 0.20996 40.39655 1.07094 8.48186 0.36615 0.02141 0.40833 0.20411 1397.698
0.345 0.20981 40.46901 1.07207 8.49083 0.36605 0.02149 0.40800 0.20446 1398.418
0.350 0.20966 40.54168 1.07321 8.49983 0.36595 0.02157 0.40767 0.20481 1399.140
0.355 0.20950 40.61458 1.07435 8.50884 0.36584 0.02166 0.40734 0.20516 1399.863
0.360 0.20935 40.68769 1.07549 8.51787 0.36574 0.02174 0.40701 0.20552 1400.588
0.365 0.20919 40.76104 1.07663 8.52692 0.36563 0.02182 0.40668 0.20587 1401.314
0.370 0.20904 40.83460 1.07778 8.53599 0.36553 0.02191 0.40634 0.20622 1402.042
0.375 0.20888 40.90839 1.07893 8.54509 0.36542 0.02199 0.40601 0.20657 1402.771
0.380 0.20873 40.98241 1.08008 8.55420 0.36532 0.02208 0.40568 0.20693 1403.501
0.385 0.20857 41.05665 1.08123 8.56333 0.36521 0.02216 0.40535 0.20728 1404.233
0.390 0.20842 41.13112 1.08238 8.57249 0.36510 0.02225 0.40501 0.20763 1404.966
0.395 0.20826 41.20582 1.08354 8.58166 0.36499 0.02233 0.40468 0.20799 1405.701
0.400 0.20811 41.28075 1.08470 8.59085 0.36489 0.02242 0.40435 0.20834 1406.438
0.405 0.20795 41.35591 1.08587 8.60007 0.36478 0.02251 0.40402 0.20870 1407.175
0.410 0.20780 41.43130 1.08703 8.60930 0.36467 0.02259 0.40368 0.20905 1407.915
0.415 0.20764 41.50692 1.08820 8.61856 0.36456 0.02268 0.40335 0.20941 1408.656
0.420 0.20749 41.58278 1.08937 8.62784 0.36445 0.02277 0.40301 0.20977 1409.398
0.425 0.20733 41.65887 1.09055 8.63714 0.36434 0.02286 0.40268 0.21012 1410.142
0.430 0.20717 41.73520 1.09172 8.64645 0.36423 0.02294 0.40235 0.21048 1410.887
0.435 0.20702 41.81177 1.09290 8.65579 0.36412 0.02303 0.40201 0.21084 1411.634
0.440 0.20686 41.88857 1.09409 8.66515 0.36401 0.02312 0.40168 0.21119 1412.382
0.445 0.20671 41.96561 1.09527 8.67454 0.36390 0.02321 0.40134 0.21155 1413.132
0.450 0.20655 42.04289 1.09646 8.68394 0.36378 0.02330 0.40101 0.21191 1413.884
0.455 0.20639 42.12041 1.09765 8.69336 0.36367 0.02339 0.40067 0.21227 1414.637
0.460 0.20624 42.19818 1.09884 8.70281 0.36356 0.02348 0.40033 0.21263 1415.391
0.465 0.20608 42.27618 1.10003 8.71227 0.36344 0.02357 0.40000 0.21299 1416.147
0.470 0.20592 42.35444 1.10123 8.72176 0.36333 0.02366 0.39966 0.21335 1416.905
0.475 0.20577 42.43293 1.10243 8.73127 0.36322 0.02375 0.39933 0.21371 1417.664
0.480 0.20561 42.51167 1.10364 8.74080 0.36310 0.02384 0.39899 0.21407 1418.425
0.485 0.20545 42.59066 1.10484 8.75035 0.36299 0.02393 0.39865 0.21443 1419.187
0.490 0.20530 42.66990 1.10605 8.75993 0.36287 0.02403 0.39832 0.21479 1419.951
0.495 0.20514 42.74938 1.10726 8.76952 0.36275 0.02412 0.39798 0.21515 1420.716
0.500 0.20498 42.82912 1.10848 8.77914 0.36264 0.02421 0.39764 0.21551 1421.483
0.505 0.20482 42.90910 1.10969 8.78878 0.36252 0.02430 0.39730 0.21587 1422.252
0.510 0.20467 42.98934 1.11091 8.79844 0.36240 0.02440 0.39696 0.21623 1423.022
0.515 0.20451 43.06984 1.11214 8.80813 0.36229 0.02449 0.39663 0.21660 1423.794
0.520 0.20435 43.15058 1.11336 8.81783 0.36217 0.02458 0.39629 0.21696 1424.567
0.525 0.20419 43.23159 1.11459 8.82756 0.36205 0.02468 0.39595 0.21732 1425.342
0.530 0.20403 43.31284 1.11582 8.83731 0.36193 0.02477 0.39561 0.21769 1426.119
0.535 0.20388 43.39436 1.11706 8.84708 0.36181 0.02487 0.39527 0.21805 1426.897
0.540 0.20372 43.47614 1.11829 8.85687 0.36169 0.02496 0.39493 0.21841 1427.677
0.545 0.20356 43.55818 1.11953 8.86669 0.36157 0.02506 0.39459 0.21878 1428.458
0.550 0.20340 43.64047 1.12077 8.87653 0.36145 0.02515 0.39425 0.21914 1429.241
0.555 0.20324 43.72303 1.12202 8.88639 0.36133 0.02525 0.39391 0.21951 1430.026
0.560 0.20308 43.80586 1.12327 8.89628 0.36121 0.02535 0.39357 0.21987 1430.812
0.565 0.20293 43.88895 1.12452 8.90618 0.36109 0.02544 0.39323 0.22024 1431.600
0.570 0.20277 43.97230 1.12577 8.91611 0.36096 0.02554 0.39289 0.22061 1432.390
0.575 0.20261 44.05592 1.12703 8.92606 0.36084 0.02564 0.39255 0.22097 1433.181
0.580 0.20245 44.13981 1.12829 8.93604 0.36072 0.02574 0.39221 0.22134 1433.974
0.585 0.20229 44.22397 1.12955 8.94604 0.36059 0.02583 0.39187 0.22171 1434.769
0.590 0.20213 44.30840 1.13082 8.95606 0.36047 0.02593 0.39153 0.22207 1435.565
0.595 0.20197 44.39310 1.13208 8.96610 0.36034 0.02603 0.39118 0.22244 1436.363
0.600 0.20181 44.47808 1.13335 8.97617 0.36022 0.02613 0.39084 0.22281 1437.163
0.605 0.20165 44.56332 1.13463 8.98626 0.36009 0.02623 0.39050 0.22318 1437.964
0.610 0.20149 44.64885 1.13591 8.99638 0.35997 0.02633 0.39016 0.22355 1438.768
0.615 0.20133 44.73465 1.13719 9.00651 0.35984 0.02643 0.38981 0.22391 1439.572
0.620 0.20117 44.82073 1.13847 9.01668 0.35971 0.02653 0.38947 0.22428 1440.379
0.625 0.20101 44.90708 1.13976 9.02686 0.35959 0.02663 0.38913 0.22465 1441.187
0.630 0.20085 44.99372 1.14104 9.03707 0.35946 0.02673 0.38879 0.22502 1441.997
0.635 0.20069 45.08064 1.14234 9.04730 0.35933 0.02683 0.38844 0.22539 1442.809
0.640 0.20053 45.16784 1.14363 9.05756 0.35920 0.02694 0.38810 0.22576 1443.622
0.645 0.20037 45.25533 1.14493 9.06784 0.35907 0.02704 0.38775 0.22613 1444.437
0.650 0.20021 45.34310 1.14623 9.07814 0.35894 0.02714 0.38741 0.22651 1445.254
0.655 0.20005 45.43116 1.14753 9.08847 0.35881 0.02724 0.38707 0.22688 1446.073
0.660 0.19989 45.51950 1.14884 9.09882 0.35868 0.02735 0.38672 0.22725 1446.893
0.665 0.19973 45.60814 1.15015 9.10919 0.35855 0.02745 0.38638 0.22762 1447.715
0.670 0.19957 45.69706 1.15146 9.11959 0.35842 0.02756 0.38603 0.22799 1448.539
0.675 0.19941 45.78628 1.15278 9.13002 0.35829 0.02766 0.38569 0.22837 1449.365
0.680 0.19924 45.87579 1.15410 9.14047 0.35816 0.02776 0.38534 0.22874 1450.193
0.685 0.19908 45.96559 1.15542 9.15094 0.35803 0.02787 0.38499 0.22911 1451.022
0.690 0.19892 46.05569 1.15675 9.16144 0.35789 0.02798 0.38465 0.22948 1451.853
0.695 0.19876 46.14609 1.15808 9.17196 0.35776 0.02808 0.38430 0.22986 1452.686
0.700 0.19860 46.23679 1.15941 9.18250 0.35763 0.02819 0.38396 0.23023 1453.520
0.705 0.19844 46.32778 1.16074 9.19308 0.35749 0.02829 0.38361 0.23061 1454.357
0.710 0.19827 46.41908 1.16208 9.20367 0.35736 0.02840 0.38326 0.23098 1455.195
0.715 0.19811 46.51068 1.16342 9.21429 0.35722 0.02851 0.38292 0.23136 1456.035
0.720 0.19795 46.60258 1.16477 9.22494 0.35709 0.02862 0.38257 0.23173 1456.877
0.725 0.19779 46.69479 1.16611 9.23561 0.35695 0.02872 0.38222 0.23211 1457.721
0.730 0.19762 46.78730 1.16746 9.24631 0.35681 0.02883 0.38187 0.23248 1458.567
0.735 0.19746 46.88013 1.16882 9.25703 0.35668 0.02894 0.38152 0.23286 1459.414
0.740 0.19730 46.97326 1.17017 9.26777 0.35654 0.02905 0.38118 0.23323 1460.264
0.745 0.19714 47.06670 1.17153 9.27855 0.35640 0.02916 0.38083 0.23361 1461.115
0.750 0.19697 47.16046 1.17290 9.28934 0.35626 0.02927 0.38048 0.23399 1461.968
0.755 0.19681 47.25452 1.17426 9.30017 0.35612 0.02938 0.38013 0.23437 1462.823
0.760 0.19665 47.34891 1.17563 9.31102 0.35598 0.02949 0.37978 0.23474 1463.680
0.765 0.19648 47.44361 1.17701 9.32189 0.35584 0.02960 0.37943 0.23512 1464.538
0.770 0.19632 47.53863 1.17838 9.33279 0.35570 0.02971 0.37908 0.23550 1465.399
0.775 0.19616 47.63396 1.17976 9.34372 0.35556 0.02982 0.37873 0.23588 1466.261
0.780 0.19599 47.72962 1.18115 9.35467 0.35542 0.02994 0.37838 0.23626 1467.126
0.785 0.19583 47.82560 1.18253 9.36565 0.35528 0.03005 0.37803 0.23663 1467.992
0.790 0.19567 47.92191 1.18392 9.37665 0.35514 0.03016 0.37768 0.23701 1468.860
0.795 0.19550 48.01854 1.18531 9.38768 0.35500 0.03028 0.37733 0.23739 1469.731
0.800 0.19534 48.11549 1.18671 9.39874 0.35486 0.03039 0.37698 0.23777 1470.603
0.805 0.19517 48.21278 1.18811 9.40982 0.35471 0.03050 0.37663 0.23815 1471.477
0.810 0.19501 48.31039 1.18951 9.42093 0.35457 0.03062 0.37628 0.23853 1472.353
0.815 0.19484 48.40834 1.19092 9.43207 0.35442 0.03073 0.37593 0.23891 1473.231
0.820 0.19468 48.50662 1.19233 9.44323 0.35428 0.03085 0.37558 0.23929 1474.111
0.825 0.19451 48.60523 1.19374 9.45442 0.35413 0.03096 0.37523 0.23967 1474.993
0.830 0.19435 48.70418 1.19516 9.46564 0.35399 0.03108 0.37488 0.24006 1475.877
0.835 0.19418 48.80347 1.19658 9.47688 0.35384 0.03120 0.37452 0.24044 1476.762
0.840 0.19402 48.90310 1.19800 9.48815 0.35370 0.03131 0.37417 0.24082 1477.650
0.845 0.19385 49.00307 1.19942 9.49945 0.35355 0.03143 0.37382 0.24120 1478.540
0.850 0.19369 49.10338 1.20085 9.51077 0.35340 0.03155 0.37347 0.24158 1479.432
0.855 0.19352 49.20403 1.20229 9.52212 0.35326 0.03167 0.37311 0.24197 1480.326
0.860 0.19336 49.30503 1.20372 9.53350 0.35311 0.03178 0.37276 0.24235 1481.222
0.865 0.19319 49.40638 1.20516 9.54491 0.35296 0.03190 0.37241 0.24273 1482.120
0.870 0.19303 49.50807 1.20661 9.55634 0.35281 0.03202 0.37205 0.24311 1483.020
0.875 0.19286 49.61012 1.20806 9.56780 0.35266 0.03214 0.37170 0.24350 1483.922
0.880 0.19269 49.71252 1.20951 9.57929 0.35251 0.03226 0.37135 0.24388 1484.826
0.885 0.19253 49.81527 1.21096 9.59080 0.35236 0.03238 0.37099 0.24427 1485.732
0.890 0.19236 49.91838 1.21242 9.60235 0.35221 0.03250 0.37064 0.24465 1486.640
0.895 0.19219 50.02184 1.21388 9.61392 0.35206 0.03262 0.37028 0.24504 1487.550
0.900 0.19203 50.12567 1.21534 9.62552 0.35191 0.03275 0.36993 0.24542 1488.462
0.905 0.19186 50.22985 1.21681 9.63715 0.35175 0.03287 0.36957 0.24580 1489.377
0.910 0.19169 50.33440 1.21828 9.64881 0.35160 0.03299 0.36922 0.24619 1490.293
0.915 0.19153 50.43931 1.21976 9.66049 0.35145 0.03311 0.36886 0.24658 1491.212
0.920 0.19136 50.54458 1.22124 9.67220 0.35130 0.03324 0.36851 0.24696 1492.132
0.925 0.19119 50.65023 1.22272 9.68394 0.35114 0.03336 0.36815 0.24735 1493.055
0.930 0.19103 50.75624 1.22421 9.69571 0.35099 0.03348 0.36780 0.24773 1493.980
0.935 0.19086 50.86262 1.22570 9.70751 0.35083 0.03361 0.36744 0.24812 1494.907
0.940 0.19069 50.96938 1.22719 9.71934 0.35068 0.03373 0.36708 0.24851 1495.836
0.945 0.19052 51.07651 1.22869 9.73120 0.35052 0.03386 0.36673 0.24889 1496.768
0.950 0.19035 51.18402 1.23019 9.74308 0.35037 0.03398 0.36637 0.24928 1497.701
0.955 0.19019 51.29190 1.23169 9.75500 0.35021 0.03411 0.36601 0.24967 1498.637
0.960 0.19002 51.40017 1.23320 9.76694 0.35005 0.03424 0.36566 0.25006 1499.575
0.965 0.18985 51.50882 1.23471 9.77891 0.34989 0.03436 0.36530 0.25044 1500.515
0.970 0.18968 51.61785 1.23623 9.79091 0.34974 0.03449 0.36494 0.25083 1501.457
0.975 0.18951 51.72726 1.23775 9.80294 0.34958 0.03462 0.36458 0.25122 1502.401
0.980 0.18934 51.83707 1.23927 9.81500 0.34942 0.03475 0.36423 0.25161 1503.348
0.985 0.18917 51.94726 1.24079 9.82709 0.34926 0.03487 0.36387 0.25200 1504.297
0.990 0.18901 52.05784 1.24232 9.83921 0.34910 0.03500 0.36351 0.25239 1505.248
0.995 0.18884 52.16882 1.24386 9.85136 0.34894 0.03513 0.36315 0.25278 1506.201
1.000 0.18867 52.28019 1.24540 9.86354 0.34878 0.03526 0.36279 0.25317 1507.156
1.005 0.18850 52.39196 1.24694 9.87575 0.34862 0.03539 0.36243 0.25356 1508.114
1.010 0.18833 52.50413 1.24848 9.88799 0.34846 0.03552 0.36207 0.25394 1509.074
1.015 0.18816 52.61670 1.25003 9.90026 0.34829 0.03565 0.36172 0.25433 1510.036
1.020 0.18799 52.72967 1.25159 9.91256 0.34813 0.03579 0.36136 0.25473 1511.001
1.025 0.18782 52.84304 1.25314 9.92489 0.34797 0.03592 0.36100 0.25512 1511.967
1.030 0.18765 52.95682 1.25470 9.93725 0.34781 0.03605 0.36064 0.25551 1512.936
1.035 0.18748 53.07101 1.25627 9.94964 0.34764 0.03618 0.36028 0.25590 1513.908
1.040 0.18731 53.18561 1.25784 9.96206 0.34748 0.03632 0.35992 0.25629 1514.881
1.045 0.18714 53.30063 1.25941 9.97452 0.34731 0.03645 0.35956 0.25668 1515.857
1.050 0.18697 53.41605 1.26098 9.98700 0.34715 0.03659 0.35920 0.25707 1516.836
1.055 0.18680 53.53190 1.26256 9.99951 0.34698 0.03672 0.35883 0.25746 1517.816
1.060 0.18662 53.64816 1.26415 10.01206 0.34682 0.03685 0.35847 0.25786 1518.799
1.065 0.18645 53.76484 1.26574 10.02463 0.34665 0.03699 0.35811 0.25825 1519.784
1.070 0.18628 53.88195 1.26733 10.03724 0.34648 0.03713 0.35775 0.25864 1520.772
1.075 0.18611 53.99948 1.26892 10.04988 0.34632 0.03726 0.35739 0.25903 1521.762
1.080 0.18594 54.11744 1.27052 10.06255 0.34615 0.03740 0.35703 0.25942 1522.754
1.085 0.18577 54.23583 1.27213 10.07525 0.34598 0.03754 0.35667 0.25982 1523.749
1.090 0.18560 54.35464 1.27374 10.08799 0.34581 0.03767 0.35630 0.26021 1524.746
1.095 0.18542 54.47390 1.27535 10.10075 0.34564 0.03781 0.35594 0.26060 1525.746
1.100 0.18525 54.59358 1.27696 10.11355 0.34547 0.03795 0.35558 0.26100 1526.748
1.105 0.18508 54.71371 1.27858 10.12638 0.34530 0.03809 0.35522 0.26139 1527.752
1.110 0.18491 54.83427 1.28021 10.13924 0.34513 0.03823 0.35485 0.26179 1528.759
1.115 0.18473 54.95528 1.28183 10.15213 0.34496 0.03837 0.35449 0.26218 1529.768
1.120 0.18456 55.07673 1.28347 10.16506 0.34479 0.03851 0.35413 0.26257 1530.780
1.125 0.18439 55.19863 1.28510 10.17802 0.34462 0.03865 0.35377 0.26297 1531.794
1.130 0.18422 55.32098 1.28674 10.19101 0.34444 0.03879 0.35340 0.26336 1532.811
1.135 0.18404 55.44378 1.28839 10.20403 0.34427 0.03893 0.35304 0.26376 1533.830
1.140 0.18387 55.56703 1.29004 10.21709 0.34410 0.03908 0.35267 0.26415 1534.851
1.145 0.18370 55.69073 1.29169 10.23017 0.34392 0.03922 0.35231 0.26455 1535.875
1.150 0.18352 55.81490 1.29335 10.24330 0.34375 0.03936 0.35195 0.26494 1536.902
1.155 0.18335 55.93952 1.29501 10.25645 0.34357 0.03951 0.35158 0.26534 1537.931
1.160 0.18318 56.06461 1.29667 10.26964 0.34340 0.03965 0.35122 0.26573 1538.962
1.165 0.18300 56.19016 1.29834 10.28286 0.34322 0.03979 0.35085 0.26613 1539.996
1.170 0.18283 56.31618 1.30001 10.29611 0.34305 0.03994 0.35049 0.26653 1541.033
1.175 0.18265 56.44267 1.30169 10.30940 0.34287 0.04008 0.35012 0.26692 1542.072
1.180 0.18248 56.56963 1.30337 10.32272 0.34269 0.04023 0.34976 0.26732 1543.114
1.185 0.18230 56.69706 1.30506 10.33608 0.34252 0.04038 0.34939 0.26771 1544.158
1.190 0.18213 56.82497 1.30675 10.34946 0.34234 0.04052 0.34903 0.26811 1545.205
1.195 0.18195 56.95336 1.30845 10.36289 0.34216 0.04067 0.34866 0.26851 1546.255
1.200 0.18178 57.08224 1.31014 10.37634 0.34198 0.04082 0.34829 0.26891 1547.307
1.205 0.18160 57.21159 1.31185 10.38983 0.34180 0.04097 0.34793 0.26930 1548.361
1.210 0.18143 57.34144 1.31356 10.40336 0.34162 0.04112 0.34756 0.26970 1549.419
1.215 0.18125 57.47177 1.31527 10.41692 0.34144 0.04127 0.34720 0.27010 1550.479
1.220 0.18108 57.60259 1.31698 10.43051 0.34126 0.04141 0.34683 0.27049 1551.541
1.225 0.18090 57.73391 1.31870 10.44414 0.34108 0.04156 0.34646 0.27089 1552.607
1.230 0.18073 57.86572 1.32043 10.45780 0.34090 0.04172 0.34609 0.27129 1553.674
1.235 0.18055 57.99804 1.32216 10.47150 0.34072 0.04187 0.34573 0.27169 1554.745
1.240 0.18037 58.13085 1.32389 10.48523 0.34053 0.04202 0.34536 0.27209 1555.818
1.245 0.18020 58.26417 1.32563 10.49900 0.34035 0.04217 0.34499 0.27248 1556.894
1.250 0.18002 58.39800 1.32737 10.51280 0.34017 0.04232 0.34463 0.27288 1557.973
1.255 0.17984 58.53233 1.32912 10.52664 0.33998 0.04248 0.34426 0.27328 1559.054
1.260 0.17967 58.66718 1.33087 10.54051 0.33980 0.04263 0.34389 0.27368 1560.138
1.265 0.17949 58.80254 1.33263 10.55442 0.33962 0.04278 0.34352 0.27408 1561.225
1.270 0.17931 58.93842 1.33439 10.56837 0.33943 0.04294 0.34315 0.27448 1562.315
1.275 0.17913 59.07482 1.33616 10.58235 0.33925 0.04309 0.34278 0.27488 1563.407
1.280 0.17896 59.21175 1.33792 10.59636 0.33906 0.04325 0.34242 0.27528 1564.502
1.285 0.17878 59.34920 1.33970 10.61042 0.33887 0.04340 0.34205 0.27568 1565.600
1.290 0.17860 59.48717 1.34148 10.62450 0.33869 0.04356 0.34168 0.27608 1566.701
1.295 0.17842 59.62568 1.34326 10.63863 0.33850 0.04372 0.34131 0.27648 1567.804
1.300 0.17825 59.76472 1.34505 10.65279 0.33831 0.04388 0.34094 0.27688 1568.910
1.305 0.17807 59.90430 1.34684 10.66699 0.33812 0.04403 0.34057 0.27727 1570.020
1.310 0.17789 60.04442 1.34864 10.68122 0.33793 0.04419 0.34020 0.27767 1571.131
1.315 0.17771 60.18508 1.35044 10.69549 0.33774 0.04435 0.33983 0.27808 1572.246
1.320 0.17753 60.32629 1.35225 10.70980 0.33755 0.04451 0.33946 0.27848 1573.364
1.325 0.17735 60.46804 1.35406 10.72414 0.33736 0.04467 0.33909 0.27888 1574.484
1.330 0.17717 60.61035 1.35587 10.73852 0.33717 0.04483 0.33872 0.27928 1575.608
1.335 0.17699 60.75321 1.35769 10.75294 0.33698 0.04499 0.33835 0.27968 1576.734
1.340 0.17681 60.89663 1.35952 10.76739 0.33679 0.04515 0.33798 0.28008 1577.863
1.345 0.17663 61.04060 1.36135 10.78189 0.33660 0.04531 0.33761 0.28048 1578.995
1.350 0.17645 61.18514 1.36318 10.79642 0.33641 0.04548 0.33724 0.28088 1580.130
1.355 0.17627 61.33025 1.36502 10.81099 0.33621 0.04564 0.33687 0.28128 1581.268
1.360 0.17609 61.47592 1.36687 10.82559 0.33602 0.04580 0.33650 0.28168 1582.409
1.365 0.17591 61.62217 1.36872 10.84024 0.33583 0.04597 0.33612 0.28208 1583.553
1.370 0.17573 61.76899 1.37057 10.85492 0.33563 0.04613 0.33575 0.28248 1584.700
1.375 0.17555 61.91638 1.37243 10.86964 0.33544 0.04630 0.33538 0.28288 1585.850
1.380 0.17537 62.06436 1.37429 10.88440 0.33524 0.04646 0.33501 0.28329 1587.003
1.385 0.17519 62.21293 1.37616 10.89919 0.33505 0.04663 0.33464 0.28369 1588.159
1.390 0.17501 62.36208 1.37803 10.91403 0.33485 0.04679 0.33426 0.28409 1589.318
1.395 0.17483 62.51182 1.37991 10.92890 0.33465 0.04696 0.33389 0.28449 1590.480
1.400 0.17465 62.66215 1.38179 10.94381 0.33446 0.04713 0.33352 0.28489 1591.645
1.405 0.17447 62.81308 1.38368 10.95877 0.33426 0.04730 0.33315 0.28529 1592.813
1.410 0.17428 62.96462 1.38558 10.97376 0.33406 0.04747 0.33277 0.28570 1593.984
1.415 0.17410 63.11675 1.38747 10.98879 0.33386 0.04764 0.33240 0.28610 1595.158
1.420 0.17392 63.26949 1.38938 11.00386 0.33367 0.04780 0.33203 0.28650 1596.335
1.425 0.17374 63.42284 1.39128 11.01896 0.33347 0.04797 0.33166 0.28690 1597.516
1.430 0.17356 63.57681 1.39320 11.03411 0.33327 0.04815 0.33128 0.28731 1598.699
1.435 0.17337 63.73139 1.39511 11.04930 0.33307 0.04832 0.33091 0.28771 1599.886
1.440 0.17319 63.88659 1.39704 11.06453 0.33287 0.04849 0.33053 0.28811 1601.076
1.445 0.17301 64.04241 1.39896 11.07980 0.33267 0.04866 0.33016 0.28851 1602.269
1.450 0.17282 64.19886 1.40090 11.09511 0.33246 0.04883 0.32979 0.28892 1603.465
1.455 0.17264 64.35594 1.40284 11.11045 0.33226 0.04901 0.32941 0.28932 1604.665
1.460 0.17246 64.51366 1.40478 11.12584 0.33206 0.04918 0.32904 0.28972 1605.867
1.465 0.17227 64.67201 1.40673 11.14127 0.33186 0.04936 0.32866 0.29012 1607.073
1.470 0.17209 64.83100 1.40868 11.15674 0.33165 0.04953 0.32829 0.29053 1608.282
1.475 0.17191 64.99064 1.41064 11.17225 0.33145 0.04971 0.32792 0.29093 1609.494
1.480 0.17172 65.15092 1.41260 11.18780 0.33125 0.04988 0.32754 0.29133 1610.710
1.485 0.17154 65.31185 1.41457 11.20340 0.33104 0.05006 0.32717 0.29174 1611.929
1.490 0.17135 65.47344 1.41654 11.21903 0.33084 0.05023 0.32679 0.29214 1613.151
1.495 0.17117 65.63569 1.41852 11.23471 0.33063 0.05041 0.32642 0.29254 1614.376
1.500 0.17098 65.79859 1.42051 11.25042 0.33042 0.05059 0.32604 0.29294 1615.605
1.505 0.17080 65.96217 1.42250 11.26618 0.33022 0.05077 0.32566 0.29335 1616.837
1.510 0.17061 66.12641 1.42449 11.28198 0.33001 0.05095 0.32529 0.29375 1618.072
1.515 0.17043 66.29133 1.42649 11.29782 0.32980 0.05113 0.32491 0.29415 1619.311
1.520 0.17024 66.45692 1.42850 11.31371 0.32960 0.05131 0.32454 0.29456 1620.553
1.525 0.17006 66.62319 1.43051 11.32964 0.32939 0.05149 0.32416 0.29496 1621.799
1.530 0.16987 66.79015 1.43253 11.34560 0.32918 0.05167 0.32379 0.29536 1623.048
1.535 0.16968 66.95779 1.43455 11.36162 0.32897 0.05185 0.32341 0.29577 1624.300
1.540 0.16950 67.12613 1.43657 11.37767 0.32876 0.05204 0.32303 0.29617 1625.556
1.545 0.16931 67.29516 1.43861 11.39377 0.32855 0.05222 0.32266 0.29657 1626.815
1.550 0.16912 67.46490 1.44064 11.40991 0.32834 0.05240 0.32228 0.29698 1628.078
1.555 0.16894 67.63533 1.44269 11.42609 0.32813 0.05259 0.32190 0.29738 1629.344
1.560 0.16875 67.80648 1.44474 11.44231 0.32792 0.05277 0.32153 0.29778 1630.614
1.565 0.16856 67.97833 1.44679 11.45858 0.32771 0.05296 0.32115 0.29819 1631.887
1.570 0.16837 68.15090 1.44885 11.47490 0.32750 0.05314 0.32077 0.29859 1633.163
1.575 0.16819 68.32419 1.45092 11.49125 0.32728 0.05333 0.32039 0.29900 1634.444
1.580 0.16800 68.49821 1.45299 11.50765 0.32707 0.05351 0.32002 0.29940 1635.727
1.585 0.16781 68.67295 1.45506 11.52410 0.32686 0.05370 0.31964 0.29980 1637.015
1.590 0.16762 68.84842 1.45714 11.54059 0.32664 0.05389 0.31926 0.30021 1638.306
1.595 0.16743 69.02463 1.45923 11.55712 0.32643 0.05408 0.31888 0.30061 1639.600
1.600 0.16725 69.20158 1.46133 11.57370 0.32621 0.05427 0.31851 0.30101 1640.898
1.605 0.16706 69.37927 1.46342 11.59032 0.32600 0.05446 0.31813 0.30142 1642.200
1.610 0.16687 69.55772 1.46553 11.60698 0.32578 0.05465 0.31775 0.30182 1643.505
1.615 0.16668 69.73691 1.46764 11.62370 0.32557 0.05484 0.31737 0.30222 1644.814
1.620 0.16649 69.91687 1.46975 11.64045 0.32535 0.05503 0.31699 0.30263 1646.127
1.625 0.16630 70.09758 1.47188 11.65725 0.32513 0.05522 0.31661 0.30303 1647.443
1.630 0.16611 70.27906 1.47400 11.67410 0.32491 0.05541 0.31624 0.30343 1648.764
1.635 0.16592 70.46131 1.47614 11.69099 0.32470 0.05561 0.31586 0.30384 1650.087
1.640 0.16573 70.64434 1.47827 11.70793 0.32448 0.05580 0.31548 0.30424 1651.415
1.645 0.16554 70.82814 1.48042 11.72491 0.32426 0.05600 0.31510 0.30465 1652.746
1.650 0.16535 71.01273 1.48257 11.74194 0.32404 0.05619 0.31472 0.30505 1654.081
1.655 0.16516 71.19811 1.48472 11.75902 0.32382 0.05639 0.31434 0.30545 1655.420
1.660 0.16497 71.38428 1.48689 11.77614 0.32360 0.05658 0.31396 0.30586 1656.763
1.665 0.16478 71.57124 1.48905 11.79331 0.32338 0.05678 0.31358 0.30626 1658.110
1.670 0.16459 71.75901 1.49123 11.81052 0.32316 0.05698 0.31320 0.30666 1659.460
1.675 0.16439 71.94759 1.49341 11.82778 0.32294 0.05717 0.31282 0.30707 1660.814
1.680 0.16420 72.13697 1.49559 11.84509 0.32272 0.05737 0.31244 0.30747 1662.172
1.685 0.16401 72.32718 1.49778 11.86245 0.32249 0.05757 0.31206 0.30787 1663.534
1.690 0.16382 72.51820 1.49998 11.87985 0.32227 0.05777 0.31168 0.30828 1664.900
1.695 0.16363 72.71005 1.50218 11.89730 0.32205 0.05797 0.31130 0.30868 1666.270
1.700 0.16343 72.90273 1.50439 11.91480 0.32182 0.05817 0.31092 0.30908 1667.644
1.705 0.16324 73.09625 1.50661 11.93234 0.32160 0.05837 0.31054 0.30949 1669.022
1.710 0.16305 73.29060 1.50883 11.94994 0.32138 0.05857 0.31016 0.30989 1670.403
1.715 0.16286 73.48580 1.51106 11.96758 0.32115 0.05878 0.30978 0.31029 1671.789
1.720 0.16266 73.68185 1.51329 11.98527 0.32092 0.05898 0.30940 0.31069 1673.179
1.725 0.16247 73.87876 1.51553 12.00301 0.32070 0.05918 0.30902 0.31110 1674.573
1.730 0.16228 74.07652 1.51778 12.02079 0.32047 0.05939 0.30864 0.31150 1675.971
1.735 0.16208 74.27516 1.52003 12.03863 0.32025 0.05959 0.30826 0.31190 1677.373
1.740 0.16189 74.47466 1.52229 12.05651 0.32002 0.05980 0.30788 0.31231 1678.779
1.745 0.16169 74.67503 1.52455 12.07444 0.31979 0.06000 0.30750 0.31271 1680.189
1.750 0.16150 74.87629 1.52682 12.09243 0.31956 0.06021 0.30711 0.31311 1681.603
1.755 0.16130 75.07844 1.52910 12.11046 0.31933 0.06042 0.30673 0.31351 1683.021
1.760 0.16111 75.28147 1.53138 12.12854 0.31911 0.06063 0.30635 0.31392 1684.444
1.765 0.16091 75.48540 1.53367 12.14667 0.31888 0.06083 0.30597 0.31432 1685.871
1.770 0.16072 75.69024 1.53597 12.16485 0.31865 0.06104 0.30559 0.31472 1687.302
1.775 0.16052 75.89598 1.53827 12.18308 0.31842 0.06125 0.30521 0.31512 1688.737
1.780 0.16033 76.10263 1.54058 12.20136 0.31819 0.06146 0.30483 0.31553 1690.176
1.785 0.16013 76.31020 1.54289 12.21969 0.31796 0.06167 0.30444 0.31593 1691.620
1.790 0.15994 76.51870 1.54521 12.23807 0.31772 0.06188 0.30406 0.31633 1693.068
1.795 0.15974 76.72812 1.54754 12.25651 0.31749 0.06210 0.30368 0.31673 1694.520
1.800 0.15954 76.93848 1.54987 12.27499 0.31726 0.06231 0.30330 0.31713 1695.977
1.805 0.15935 77.14978 1.55221 12.29353 0.31703 0.06252 0.30291 0.31754 1697.438
1.810 0.15915 77.36203 1.55456 12.31211 0.31679 0.06274 0.30253 0.31794 1698.903
1.815 0.15895 77.57523 1.55691 12.33075 0.31656 0.06295 0.30215 0.31834 1700.373
1.820 0.15875 77.78938 1.55927 12.34944 0.31633 0.06317 0.30177 0.31874 1701.847
1.825 0.15856 78.00450 1.56164 12.36818 0.31609 0.06338 0.30138 0.31914 1703.325
1.830 0.15836 78.22059 1.56401 12.38697 0.31586 0.06360 0.30100 0.31954 1704.808
1.835 0.15816 78.43765 1.56639 12.40582 0.31562 0.06381 0.30062 0.31994 1706.296
1.840 0.15796 78.65570 1.56878 12.42471 0.31539 0.06403 0.30024 0.32035 1707.787
1.845 0.15776 78.87473 1.57117 12.44366 0.31515 0.06425 0.29985 0.32075 1709.284
1.850 0.15757 79.09476 1.57357 12.46266 0.31491 0.06447 0.29947 0.32115 1710.785
1.855 0.15737 79.31578 1.57597 12.48172 0.31468 0.06469 0.29909 0.32155 1712.290
1.860 0.15717 79.53781 1.57839 12.50083 0.31444 0.06491 0.29870 0.32195 1713.800
1.865 0.15697 79.76085 1.58081 12.51999 0.31420 0.06513 0.29832 0.32235 1715.315
1.870 0.15677 79.98491 1.58323 12.53921 0.31396 0.06535 0.29794 0.32275 1716.834
1.875 0.15657 80.20999 1.58567 12.55847 0.31372 0.06557 0.29755 0.32315 1718.358
1.880 0.15637 80.43611 1.58811 12.57780 0.31349 0.06579 0.29717 0.32355 1719.887
1.885 0.15617 80.66326 1.59055 12.59717 0.31325 0.06602 0.29679 0.32395 1721.420
1.890 0.15597 80.89145 1.59301 12.61660 0.31301 0.06624 0.29640 0.32435 1722.958
1.895 0.15577 81.12070 1.59547 12.63609 0.31277 0.06647 0.29602 0.32475 1724.501
1.900 0.15557 81.35099 1.59793 12.65563 0.31252 0.06669 0.29563 0.32515 1726.048
1.905 0.15537 81.58236 1.60041 12.67522 0.31228 0.06692 0.29525 0.32555 1727.600
1.910 0.15517 81.81479 1.60289 12.69487 0.31204 0.06714 0.29487 0.32595 1729.157
1.915 0.15496 82.04829 1.60538 12.71458 0.31180 0.06737 0.29448 0.32635 1730.719
1.920 0.15476 82.28288 1.60787 12.73434 0.31156 0.06760 0.29410 0.32675 1732.286
1.925 0.15456 82.51856 1.61037 12.75415 0.31131 0.06783 0.29371 0.32715 1733.857
1.930 0.15436 82.75534 1.61288 12.77402 0.31107 0.06805 0.29333 0.32754 1735.433
1.935 0.15416 82.99322 1.61540 12.79395 0.31083 0.06828 0.29295 0.32794 1737.015
1.940 0.15395 83.23221 1.61792 12.81394 0.31058 0.06851 0.29256 0.32834 1738.601
1.945 0.15375 83.47231 1.62045 12.83397 0.31034 0.06874 0.29218 0.32874 1740.192
1.950 0.15355 83.71354 1.62299 12.85407 0.31009 0.06898 0.29179 0.32914 1741.788
1.955 0.15335 83.95590 1.62553 12.87422 0.30985 0.06921 0.29141 0.32954 1743.389
1.960 0.15314 84.19940 1.62809 12.89443 0.30960 0.06944 0.29102 0.32993 1744.996
1.965 0.15294 84.44405 1.63064 12.91470 0.30936 0.06967 0.29064 0.33033 1746.607
1.970 0.15273 84.68984 1.63321 12.93502 0.30911 0.06991 0.29025 0.33073 1748.223
1.975 0.15253 84.93680 1.63578 12.95541 0.30886 0.07014 0.28987 0.33113 1749.845
1.980 0.15233 85.18493 1.63836 12.97585 0.30862 0.07038 0.28948 0.33152 1751.471
1.985 0.15212 85.43423 1.64095 12.99634 0.30837 0.07061 0.28910 0.33192 1753.103
1.990 0.15192 85.68471 1.64355 13.01690 0.30812 0.07085 0.28871 0.33232 1754.740
1.995 0.15171 85.93638 1.64615 13.03751 0.30787 0.07109 0.28833 0.33271 1756.382
2.000 0.15151 86.18925 1.64876 13.05818 0.30762 0.07133 0.28794 0.33311 1758.029
2.005 0.15130 86.44332 1.65138 13.07892 0.30737 0.07156 0.28756 0.33351 1759.682
2.010 0.15109 86.69861 1.65400 13.09970 0.30712 0.07180 0.28717 0.33390 1761.340
2.015 0.15089 86.95512 1.65664 13.12055 0.30687 0.07204 0.28679 0.33430 1763.003
2.020 0.15068 87.21286 1.65928 13.14146 0.30662 0.07228 0.28640 0.33469 1764.671
2.025 0.15048 87.47183 1.66192 13.16243 0.30637 0.07252 0.28602 0.33509 1766.345
2.030 0.15027 87.73205 1.66458 13.18346 0.30612 0.07277 0.28563 0.33548 1768.025
2.035 0.15006 87.99352 1.66724 13.20455 0.30587 0.07301 0.28524 0.33588 1769.709
2.040 0.14986 88.25625 1.66991 13.22569 0.30561 0.07325 0.28486 0.33627 1771.399
2.045 0.14965 88.52025 1.67259 13.24690 0.30536 0.07350 0.28447 0.33667 1773.095
2.050 0.14944 88.78553 1.67527 13.26817 0.30511 0.07374 0.28409 0.33706 1774.796
2.055 0.14923 89.05209 1.67797 13.28950 0.30485 0.07399 0.28370 0.33746 1776.503
2.060 0.14902 89.31995 1.68067 13.31089 0.30460 0.07423 0.28332 0.33785 1778.215
2.065 0.14882 89.58911 1.68338 13.33234 0.30435 0.07448 0.28293 0.33824 1779.932
2.070 0.14861 89.85958 1.68609 13.35386 0.30409 0.07473 0.28254 0.33864 1781.656
2.075 0.14840 90.13136 1.68882 13.37543 0.30384 0.07497 0.28216 0.33903 1783.385
2.080 0.14819 90.40448 1.69155 13.39707 0.30358 0.07522 0.28177 0.33942 1785.119
2.085 0.14798 90.67893 1.69429 13.41877 0.30333 0.07547 0.28139 0.33982 1786.860
2.090 0.14777 90.95473 1.69704 13.44053 0.30307 0.07572 0.28100 0.34021 1788.606
2.095 0.14756 91.23189 1.69979 13.46235 0.30281 0.07597 0.28061 0.34060 1790.358
2.100 0.14735 91.51040 1.70256 13.48424 0.30256 0.07622 0.28023 0.34099 1792.115
2.105 0.14714 91.79029 1.70533 13.50619 0.30230 0.07647 0.27984 0.34139 1793.879
2.110 0.14693 92.07156 1.70811 13.52821 0.30204 0.07673 0.27946 0.34178 1795.648
2.115 0.14672 92.35422 1.71089 13.55028 0.30178 0.07698 0.27907 0.34217 1797.423
2.120 0.14651 92.63828 1.71369 13.57242 0.30152 0.07723 0.27868 0.34256 1799.204
2.125 0.14630 92.92375 1.71649 13.59463 0.30126 0.07749 0.27830 0.34295 1800.991
2.130 0.14609 93.21064 1.71930 13.61690 0.30100 0.07774 0.27791 0.34334 1802.784
2.135 0.14588 93.49895 1.72212 13.63923 0.30074 0.07800 0.27752 0.34373 1804.583
2.140 0.14566 93.78871 1.72495 13.66163 0.30048 0.07826 0.27714 0.34412 1806.388
2.145 0.14545 94.07991 1.72779 13.68409 0.30022 0.07851 0.27675 0.34451 1808.199
2.150 0.14524 94.37256 1.73063 13.70662 0.29996 0.07877 0.27637 0.34490 1810.016
2.155 0.14503 94.66669 1.73349 13.72921 0.29970 0.07903 0.27598 0.34529 1811.839
2.160 0.14481 94.96229 1.73635 13.75187 0.29944 0.07929 0.27559 0.34568 1813.668
2.165 0.14460 95.25937 1.73922 13.77459 0.29918 0.07955 0.27521 0.34607 1815.504
2.170 0.14439 95.55795 1.74209 13.79738 0.29891 0.07981 0.27482 0.34646 1817.345
2.175 0.14417 95.85804 1.74498 13.82024 0.29865 0.08007 0.27443 0.34685 1819.193
2.180 0.14396 96.15965 1.74787 13.84316 0.29839 0.08033 0.27405 0.34723 1821.048
2.185 0.14375 96.46278 1.75078 13.86615 0.29812 0.08060 0.27366 0.34762 1822.908
2.190 0.14353 96.76745 1.75369 13.88920 0.29786 0.08086 0.27327 0.34801 1824.775
2.195 0.14332 97.07367 1.75661 13.91233 0.29760 0.08112 0.27289 0.34840 1826.648
2.200 0.14310 97.38144 1.75954 13.93552 0.29733 0.08139 0.27250 0.34878 1828.528
