timeGa Urey Qt heat/H0 heatTW 1HPE 2HPE 3HPE 4HPE TempC
0.000 1.00000 104.92925 1.00000 104.92925 0.14715 0.29649 0.10464 0.45172 1800.000
0.005 0.99715 104.92925 0.99715 104.63038 0.14746 0.29588 0.10491 0.45175 1799.993
0.010 0.99433 104.92728 0.99431 104.33263 0.14776 0.29526 0.10519 0.45179 1799.980
0.015 0.99154 104.92336 0.99149 104.03601 0.14807 0.29465 0.10546 0.45182 1799.960
0.020 0.98878 104.91750 0.98867 103.74050 0.14838 0.29404 0.10573 0.45185 1799.933
0.025 0.98605 104.90974 0.98587 103.44610 0.14868 0.29343 0.10601 0.45188 1799.900
0.030 0.98334 104.90009 0.98307 103.15281 0.14899 0.29281 0.10628 0.45191 1799.861
0.035 0.98067 104.88857 0.98029 102.86062 0.14930 0.29220 0.10656 0.45194 1799.815
0.040 0.97802 104.87520 0.97751 102.56952 0.14960 0.29159 0.10684 0.45197 1799.763
0.045 0.97539 104.86000 0.97475 102.27952 0.14991 0.29098 0.10711 0.45199 1799.705
0.050 0.97279 104.84298 0.97199 101.99061 0.15022 0.29037 0.10739 0.45202 1799.641
0.055 0.97022 104.82418 0.96925 101.70277 0.15053 0.28976 0.10767 0.45204 1799.571
0.060 0.96768 104.80361 0.96652 101.41602 0.15084 0.28916 0.10794 0.45206 1799.494
0.065 0.96516 104.78129 0.96380 101.13034 0.15115 0.28855 0.10822 0.45208 1799.412
0.070 0.96266 104.75723 0.96108 100.84574 0.15146 0.28794 0.10850 0.45210 1799.324
0.075 0.96019 104.73147 0.95838 100.56219 0.15177 0.28733 0.10878 0.45212 1799.230
0.080 0.95774 104.70401 0.95569 100.27971 0.15208 0.28673 0.10906 0.45214 1799.131
0.085 0.95532 104.67487 0.95301 99.99828 0.15239 0.28612 0.10934 0.45215 1799.025
0.090 0.95292 104.64408 0.95033 99.71791 0.15270 0.28552 0.10962 0.45217 1798.914
0.095 0.95055 104.61165 0.94767 99.43858 0.15301 0.28491 0.10990 0.45218 1798.798
0.100 0.94820 104.57761 0.94502 99.16030 0.15332 0.28431 0.11018 0.45219 1798.676
0.105 0.94587 104.54197 0.94238 98.88306 0.15363 0.28371 0.11046 0.45221 1798.548
0.110 0.94356 104.50474 0.93975 98.60685 0.15394 0.28310 0.11074 0.45222 1798.415
0.115 0.94128 104.46596 0.93712 98.33167 0.15425 0.28250 0.11103 0.45222 1798.277
0.120 0.93902 104.42563 0.93451 98.05751 0.15456 0.28190 0.11131 0.45223 1798.134
0.125 0.93678 104.38377 0.93191 97.78438 0.15487 0.28130 0.11159 0.45224 1797.985
0.130 0.93456 104.34041 0.92931 97.51227 0.15518 0.28070 0.11188 0.45224 1797.831
0.135 0.93236 104.29555 0.92673 97.24117 0.15550 0.28010 0.11216 0.45225 1797.672
0.140 0.93019 104.24923 0.92416 96.97108 0.15581 0.27950 0.11245 0.45225 1797.508
0.145 0.92803 104.20145 0.92159 96.70199 0.15612 0.27890 0.11273 0.45225 1797.339
0.150 0.92589 104.15223 0.91904 96.43390 0.15643 0.27830 0.11302 0.45225 1797.166
0.155 0.92378 104.10159 0.91649 96.16681 0.15675 0.27770 0.11330 0.45225 1796.987
0.160 0.92168 104.04955 0.91396 95.90072 0.15706 0.27710 0.11359 0.45225 1796.803
0.165 0.91961 103.99613 0.91143 95.63561 0.15737 0.27651 0.11387 0.45225 1796.615
0.170 0.91755 103.94133 0.90891 95.37148 0.15769 0.27591 0.11416 0.45224 1796.422
0.175 0.91551 103.88519 0.90640 95.10834 0.15800 0.27531 0.11445 0.45224 1796.224
0.180 0.91350 103.82771 0.90391 94.84617 0.15831 0.27472 0.11474 0.45223 1796.022
0.185 0.91150 103.76891 0.90142 94.58497 0.15863 0.27412 0.11503 0.45222 1795.815
0.190 0.90952 103.70882 0.89894 94.32474 0.15894 0.27353 0.11531 0.45221 1795.604
0.195 0.90755 103.64744 0.89647 94.06548 0.15926 0.27294 0.11560 0.45220 1795.388
0.200 0.90561 103.58479 0.89400 93.80717 0.15957 0.27234 0.11589 0.45219 1795.168
0.205 0.90368 103.52088 0.89155 93.54983 0.15989 0.27175 0.11618 0.45218 1794.943
0.210 0.90177 103.45574 0.88911 93.29343 0.16020 0.27116 0.11647 0.45217 1794.714
0.215 0.89988 103.38938 0.88667 93.03798 0.16052 0.27057 0.11676 0.45215 1794.481
0.220 0.89800 103.32182 0.88425 92.78348 0.16083 0.26998 0.11706 0.45213 1794.243
0.225 0.89615 103.25307 0.88183 92.52991 0.16115 0.26939 0.11735 0.45212 1794.002
0.230 0.89431 103.18314 0.87942 92.27728 0.16147 0.26880 0.11764 0.45210 1793.756
0.235 0.89248 103.11206 0.87703 92.02559 0.16178 0.26821 0.11793 0.45208 1793.507
0.240 0.89067 103.03984 0.87464 91.77482 0.16210 0.26762 0.11823 0.45206 1793.253
0.245 0.88888 102.96648 0.87225 91.52498 0.16241 0.26703 0.11852 0.45204 1792.995
0.250 0.88711 102.89202 0.86988 91.27606 0.16273 0.26644 0.11881 0.45201 1792.733
0.255 0.88535 102.81646 0.86752 91.02805 0.16305 0.26586 0.11911 0.45199 1792.468
0.260 0.88360 102.73981 0.86516 90.78096 0.16337 0.26527 0.11940 0.45196 1792.198
0.265 0.88187 102.66210 0.86282 90.53478 0.16368 0.26469 0.11970 0.45194 1791.925
0.270 0.88016 102.58333 0.86048 90.28951 0.16400 0.26410 0.11999 0.45191 1791.648
0.275 0.87846 102.50353 0.85815 90.04514 0.16432 0.26352 0.12029 0.45188 1791.368
0.280 0.87677 102.42270 0.85583 89.80166 0.16464 0.26293 0.12058 0.45185 1791.083
0.285 0.87511 102.34086 0.85352 89.55908 0.16495 0.26235 0.12088 0.45182 1790.796
0.290 0.87345 102.25803 0.85122 89.31739 0.16527 0.26177 0.12118 0.45178 1790.504
0.295 0.87181 102.17421 0.84892 89.07659 0.16559 0.26118 0.12148 0.45175 1790.209
0.300 0.87018 102.08942 0.84663 88.83667 0.16591 0.26060 0.12177 0.45171 1789.910
0.305 0.86857 102.00368 0.84436 88.59764 0.16623 0.26002 0.12207 0.45168 1789.608
0.310 0.86697 101.91700 0.84209 88.35948 0.16655 0.25944 0.12237 0.45164 1789.303
0.315 0.86539 101.82939 0.83982 88.12219 0.16687 0.25886 0.12267 0.45160 1788.994
0.320 0.86382 101.74087 0.83757 87.88577 0.16718 0.25828 0.12297 0.45156 1788.682
0.325 0.86226 101.65145 0.83533 87.65022 0.16750 0.25771 0.12327 0.45152 1788.367
0.330 0.86072 101.56114 0.83309 87.41553 0.16782 0.25713 0.12357 0.45148 1788.048
0.335 0.85919 101.46995 0.83086 87.18169 0.16814 0.25655 0.12387 0.45143 1787.726
0.340 0.85767 101.37790 0.82864 86.94872 0.16846 0.25598 0.12417 0.45139 1787.401
0.345 0.85616 101.28500 0.82643 86.71659 0.16878 0.25540 0.12447 0.45134 1787.073
0.350 0.85467 101.19127 0.82423 86.48531 0.16910 0.25482 0.12478 0.45130 1786.742
0.355 0.85319 101.09671 0.82203 86.25488 0.16942 0.25425 0.12508 0.45125 1786.408
0.360 0.85172 101.00134 0.81984 86.02529 0.16975 0.25368 0.12538 0.45120 1786.070
0.365 0.85027 100.90518 0.81766 85.79653 0.17007 0.25310 0.12568 0.45115 1785.730
0.370 0.84883 100.80822 0.81549 85.56861 0.17039 0.25253 0.12599 0.45110 1785.387
0.375 0.84739 100.71049 0.81332 85.34152 0.17071 0.25196 0.12629 0.45104 1785.040
0.380 0.84598 100.61200 0.81117 85.11526 0.17103 0.25139 0.12660 0.45099 1784.691
0.385 0.84457 100.51275 0.80902 84.88982 0.17135 0.25082 0.12690 0.45093 1784.339
0.390 0.84317 100.41277 0.80688 84.66521 0.17167 0.25025 0.12721 0.45088 1783.985
0.395 0.84179 100.31206 0.80475 84.44141 0.17199 0.24968 0.12751 0.45082 1783.627
0.400 0.84041 100.21063 0.80262 84.21842 0.17232 0.24911 0.12782 0.45076 1783.267
0.405 0.83905 100.10849 0.80050 83.99624 0.17264 0.24854 0.12812 0.45070 1782.904
0.410 0.83770 100.00567 0.79839 83.77487 0.17296 0.24797 0.12843 0.45064 1782.538
0.415 0.83636 99.90216 0.79629 83.55431 0.17328 0.24741 0.12874 0.45058 1782.170
0.420 0.83503 99.79798 0.79420 83.33455 0.17360 0.24684 0.12904 0.45051 1781.799
0.425 0.83371 99.69314 0.79211 83.11558 0.17393 0.24627 0.12935 0.45045 1781.426
0.430 0.83241 99.58765 0.79003 82.89741 0.17425 0.24571 0.12966 0.45038 1781.050
0.435 0.83111 99.48152 0.78796 82.68003 0.17457 0.24514 0.12997 0.45031 1780.671
0.440 0.82982 99.37476 0.78590 82.46343 0.17489 0.24458 0.13028 0.45025 1780.291
0.445 0.82855 99.26739 0.78384 82.24762 0.17522 0.24402 0.13059 0.45018 1779.907
0.450 0.82728 99.15940 0.78179 82.03260 0.17554 0.24346 0.13090 0.45011 1779.521
0.455 0.82602 99.05082 0.77975 81.81835 0.17586 0.24289 0.13121 0.45003 1779.133
0.460 0.82478 98.94166 0.77771 81.60487 0.17619 0.24233 0.13152 0.44996 1778.743
0.465 0.82354 98.83192 0.77569 81.39217 0.17651 0.24177 0.13183 0.44989 1778.350
0.470 0.82231 98.72161 0.77367 81.18023 0.17683 0.24121 0.13214 0.44981 1777.955
0.475 0.82110 98.61074 0.77165 80.96906 0.17716 0.24065 0.13245 0.44973 1777.557
0.480 0.81989 98.49933 0.76965 80.75866 0.17748 0.24009 0.13277 0.44966 1777.158
0.485 0.81869 98.38738 0.76765 80.54901 0.17781 0.23954 0.13308 0.44958 1776.756
0.490 0.81750 98.27491 0.76566 80.34012 0.17813 0.23898 0.13339 0.44950 1776.352
0.495 0.81632 98.16191 0.76368 80.13198 0.17846 0.23842 0.13370 0.44942 1775.946
0.500 0.81515 98.04841 0.76170 79.92459 0.17878 0.23787 0.13402 0.44933 1775.537
0.505 0.81399 97.93441 0.75973 79.71795 0.17910 0.23731 0.13433 0.44925 1775.127
0.510 0.81284 97.81992 0.75777 79.51205 0.17943 0.23676 0.13465 0.44916 1774.715
0.515 0.81170 97.70494 0.75581 79.30689 0.17975 0.23620 0.13496 0.44908 1774.300
0.520 0.81056 97.58950 0.75386 79.10247 0.18008 0.23565 0.13528 0.44899 1773.884
0.525 0.80944 97.47359 0.75192 78.89879 0.18040 0.23510 0.13559 0.44890 1773.465
0.530 0.80832 97.35723 0.74999 78.69584 0.18073 0.23455 0.13591 0.44881 1773.045
0.535 0.80721 97.24043 0.74806 78.49361 0.18105 0.23400 0.13623 0.44872 1772.623
0.540 0.80611 97.12318 0.74614 78.29212 0.18138 0.23345 0.13654 0.44863 1772.199
0.545 0.80502 97.00551 0.74423 78.09134 0.18171 0.23290 0.13686 0.44854 1771.773
0.550 0.80394 96.88742 0.74232 77.89129 0.18203 0.23235 0.13718 0.44844 1771.345
0.555 0.80286 96.76892 0.74042 77.69195 0.18236 0.23180 0.13750 0.44835 1770.915
0.560 0.80179 96.65002 0.73853 77.49333 0.18268 0.23125 0.13781 0.44825 1770.483
0.565 0.80073 96.53072 0.73664 77.29542 0.18301 0.23071 0.13813 0.44816 1770.050
0.570 0.79968 96.41103 0.73476 77.09821 0.18333 0.23016 0.13845 0.44806 1769.615
0.575 0.79864 96.29097 0.73289 76.90171 0.18366 0.22961 0.13877 0.44796 1769.178
0.580 0.79760 96.17053 0.73103 76.70592 0.18399 0.22907 0.13909 0.44786 1768.740
0.585 0.79658 96.04973 0.72917 76.51082 0.18431 0.22852 0.13941 0.44775 1768.300
0.590 0.79555 95.92858 0.72731 76.31643 0.18464 0.22798 0.13973 0.44765 1767.858
0.595 0.79454 95.80708 0.72547 76.12272 0.18497 0.22744 0.14005 0.44754 1767.415
0.600 0.79354 95.68524 0.72363 75.92971 0.18529 0.22690 0.14037 0.44744 1766.970
0.605 0.79254 95.56307 0.72179 75.73738 0.18562 0.22635 0.14069 0.44733 1766.523
0.610 0.79155 95.44057 0.71997 75.54575 0.18594 0.22581 0.14102 0.44722 1766.075
0.615 0.79056 95.31776 0.71815 75.35479 0.18627 0.22527 0.14134 0.44712 1765.625
0.620 0.78959 95.19464 0.71634 75.16452 0.18660 0.22473 0.14166 0.44700 1765.174
0.625 0.78862 95.07121 0.71453 74.97492 0.18693 0.22420 0.14198 0.44689 1764.721
0.630 0.78766 94.94749 0.71273 74.78600 0.18725 0.22366 0.14231 0.44678 1764.267
0.635 0.78670 94.82348 0.71093 74.59775 0.18758 0.22312 0.14263 0.44667 1763.812
0.640 0.78575 94.69918 0.70915 74.41017 0.18791 0.22258 0.14296 0.44655 1763.355
0.645 0.78481 94.57461 0.70736 74.22325 0.18823 0.22205 0.14328 0.44644 1762.896
0.650 0.78388 94.44978 0.70559 74.03700 0.18856 0.22151 0.14361 0.44632 1762.436
0.655 0.78295 94.32468 0.70382 73.85141 0.18889 0.22098 0.14393 0.44620 1761.975
0.660 0.78203 94.19932 0.70206 73.66648 0.18922 0.22045 0.14426 0.44608 1761.513
0.665 0.78111 94.07372 0.70030 73.48221 0.18954 0.21991 0.14458 0.44596 1761.049
0.670 0.78020 93.94788 0.69855 73.29858 0.18987 0.21938 0.14491 0.44584 1760.584
0.675 0.77930 93.82180 0.69681 73.11561 0.19020 0.21885 0.14524 0.44572 1760.117
0.680 0.77841 93.69549 0.69507 72.93329 0.19053 0.21832 0.14556 0.44559 1759.649
0.685 0.77752 93.56896 0.69334 72.75162 0.19085 0.21779 0.14589 0.44547 1759.181
0.690 0.77664 93.44222 0.69161 72.57058 0.19118 0.21726 0.14622 0.44534 1758.710
0.695 0.77576 93.31526 0.68990 72.39019 0.19151 0.21673 0.14655 0.44521 1758.239
0.700 0.77489 93.18810 0.68818 72.21043 0.19184 0.21620 0.14687 0.44508 1757.767
0.705 0.77402 93.06074 0.68648 72.03131 0.19217 0.21568 0.14720 0.44495 1757.293
0.710 0.77317 92.93318 0.68477 71.85282 0.19249 0.21515 0.14753 0.44482 1756.818
0.715 0.77231 92.80544 0.68308 71.67496 0.19282 0.21462 0.14786 0.44469 1756.342
0.720 0.77147 92.67752 0.68139 71.49773 0.19315 0.21410 0.14819 0.44456 1755.865
0.725 0.77063 92.54943 0.67971 71.32113 0.19348 0.21357 0.14852 0.44442 1755.387
0.730 0.76979 92.42116 0.67803 71.14514 0.19381 0.21305 0.14885 0.44429 1754.907
0.735 0.76896 92.29273 0.67636 70.96978 0.19414 0.21253 0.14918 0.44415 1754.427
0.740 0.76814 92.16414 0.67469 70.79503 0.19446 0.21201 0.14951 0.44402 1753.946
0.745 0.76732 92.03540 0.67303 70.62090 0.19479 0.21148 0.14985 0.44388 1753.463
0.750 0.76651 91.90651 0.67138 70.44739 0.19512 0.21096 0.15018 0.44374 1752.980
0.755 0.76571 91.77748 0.66973 70.27448 0.19545 0.21044 0.15051 0.44360 1752.496
0.760 0.76490 91.64831 0.66809 70.10218 0.19578 0.20992 0.15084 0.44345 1752.010
0.765 0.76411 91.51901 0.66645 69.93048 0.19611 0.20941 0.15118 0.44331 1751.524
0.770 0.76332 91.38958 0.66482 69.75939 0.19644 0.20889 0.15151 0.44317 1751.037
0.775 0.76253 91.26004 0.66320 69.58890 0.19676 0.20837 0.15184 0.44302 1750.549
0.780 0.76175 91.13037 0.66158 69.41900 0.19709 0.20785 0.15218 0.44288 1750.060
0.785 0.76098 91.00059 0.65997 69.24971 0.19742 0.20734 0.15251 0.44273 1749.570
0.790 0.76021 90.87071 0.65836 69.08100 0.19775 0.20682 0.15285 0.44258 1749.079
0.795 0.75945 90.74072 0.65676 68.91289 0.19808 0.20631 0.15318 0.44243 1748.587
0.800 0.75869 90.61064 0.65516 68.74536 0.19841 0.20580 0.15352 0.44228 1748.095
0.805 0.75794 90.48046 0.65357 68.57842 0.19874 0.20528 0.15385 0.44213 1747.601
0.810 0.75719 90.35019 0.65198 68.41206 0.19907 0.20477 0.15419 0.44197 1747.107
0.815 0.75644 90.21984 0.65040 68.24629 0.19940 0.20426 0.15452 0.44182 1746.612
0.820 0.75571 90.08942 0.64883 68.08109 0.19972 0.20375 0.15486 0.44166 1746.116
0.825 0.75497 89.95891 0.64726 67.91648 0.20005 0.20324 0.15520 0.44151 1745.620
0.830 0.75424 89.82834 0.64570 67.75243 0.20038 0.20273 0.15553 0.44135 1745.123
0.835 0.75352 89.69770 0.64414 67.58896 0.20071 0.20222 0.15587 0.44119 1744.624
0.840 0.75280 89.56700 0.64259 67.42606 0.20104 0.20172 0.15621 0.44103 1744.126
0.845 0.75209 89.43625 0.64104 67.26372 0.20137 0.20121 0.15655 0.44087 1743.626
0.850 0.75138 89.30544 0.63950 67.10196 0.20170 0.20071 0.15689 0.44071 1743.126
0.855 0.75067 89.17458 0.63796 66.94075 0.20203 0.20020 0.15723 0.44055 1742.625
0.860 0.74997 89.04368 0.63643 66.78011 0.20236 0.19970 0.15756 0.44038 1742.124
0.865 0.74927 88.91273 0.63490 66.62002 0.20269 0.19919 0.15790 0.44022 1741.622
0.870 0.74858 88.78175 0.63338 66.46049 0.20302 0.19869 0.15824 0.44005 1741.119
0.875 0.74790 88.65074 0.63187 66.30152 0.20334 0.19819 0.15858 0.43988 1740.615
0.880 0.74721 88.51970 0.63036 66.14309 0.20367 0.19769 0.15892 0.43972 1740.111
0.885 0.74654 88.38863 0.62885 65.98522 0.20400 0.19719 0.15927 0.43955 1739.607
0.890 0.74586 88.25754 0.62736 65.82789 0.20433 0.19669 0.15961 0.43938 1739.101
0.895 0.74519 88.12644 0.62586 65.67111 0.20466 0.19619 0.15995 0.43920 1738.596
0.900 0.74453 87.99532 0.62437 65.51488 0.20499 0.19569 0.16029 0.43903 1738.089
0.905 0.74387 87.86419 0.62289 65.35918 0.20532 0.19519 0.16063 0.43886 1737.582
0.910 0.74321 87.73305 0.62141 65.20402 0.20565 0.19469 0.16097 0.43868 1737.075
0.915 0.74256 87.60191 0.61994 65.04941 0.20598 0.19420 0.16132 0.43851 1736.567
0.920 0.74191 87.47077 0.61847 64.89532 0.20631 0.19370 0.16166 0.43833 1736.058
0.925 0.74126 87.33964 0.61700 64.74177 0.20664 0.19321 0.16200 0.43815 1735.549
0.930 0.74062 87.20851 0.61555 64.58875 0.20696 0.19271 0.16235 0.43797 1735.040
0.935 0.73999 87.07739 0.61409 64.43625 0.20729 0.19222 0.16269 0.43779 1734.530
0.940 0.73936 86.94629 0.61264 64.28429 0.20762 0.19173 0.16304 0.43761 1734.019
0.945 0.73873 86.81521 0.61120 64.13284 0.20795 0.19124 0.16338 0.43743 1733.508
0.950 0.73810 86.68414 0.60976 63.98192 0.20828 0.19075 0.16372 0.43725 1732.997
0.955 0.73748 86.55310 0.60833 63.83152 0.20861 0.19026 0.16407 0.43706 1732.485
0.960 0.73687 86.42209 0.60690 63.68164 0.20894 0.18977 0.16442 0.43688 1731.973
0.965 0.73626 86.29110 0.60548 63.53227 0.20927 0.18928 0.16476 0.43669 1731.460
0.970 0.73565 86.16015 0.60406 63.38342 0.20960 0.18879 0.16511 0.43650 1730.947
0.975 0.73504 86.02924 0.60264 63.23508 0.20993 0.18831 0.16545 0.43632 1730.434
0.980 0.73444 85.89836 0.60124 63.08725 0.21025 0.18782 0.16580 0.43613 1729.920
0.985 0.73384 85.76753 0.59983 62.93993 0.21058 0.18733 0.16615 0.43593 1729.406
0.990 0.73325 85.63674 0.59843 62.79311 0.21091 0.18685 0.16649 0.43574 1728.891
0.995 0.73266 85.50600 0.59704 62.64680 0.21124 0.18637 0.16684 0.43555 1728.376
1.000 0.73207 85.37531 0.59565 62.50099 0.21157 0.18588 0.16719 0.43536 1727.861
1.005 0.73149 85.24467 0.59426 62.35567 0.21190 0.18540 0.16754 0.43516 1727.345
1.010 0.73091 85.11409 0.59288 62.21086 0.21223 0.18492 0.16789 0.43497 1726.829
1.015 0.73034 84.98357 0.59151 62.06654 0.21256 0.18444 0.16824 0.43477 1726.313
1.020 0.72976 84.85311 0.59014 61.92272 0.21288 0.18396 0.16858 0.43457 1725.797
1.025 0.72920 84.72271 0.58877 61.77939 0.21321 0.18348 0.16893 0.43437 1725.280
1.030 0.72863 84.59238 0.58741 61.63655 0.21354 0.18300 0.16928 0.43417 1724.763
1.035 0.72807 84.46213 0.58605 61.49420 0.21387 0.18252 0.16963 0.43397 1724.245
1.040 0.72751 84.33194 0.58470 61.35233 0.21420 0.18205 0.16998 0.43377 1723.728
1.045 0.72696 84.20182 0.58335 61.21095 0.21453 0.18157 0.17033 0.43357 1723.210
1.050 0.72640 84.07179 0.58201 61.07005 0.21486 0.18110 0.17068 0.43336 1722.692
1.055 0.72586 83.94183 0.58067 60.92963 0.21518 0.18062 0.17104 0.43316 1722.173
1.060 0.72531 83.81196 0.57934 60.78969 0.21551 0.18015 0.17139 0.43295 1721.655
1.065 0.72477 83.68216 0.57801 60.65023 0.21584 0.17968 0.17174 0.43275 1721.136
1.070 0.72423 83.55246 0.57669 60.51124 0.21617 0.17920 0.17209 0.43254 1720.617
1.075 0.72370 83.42284 0.57537 60.37272 0.21650 0.17873 0.17244 0.43233 1720.098
1.080 0.72316 83.29332 0.57405 60.23468 0.21682 0.17826 0.17279 0.43212 1719.578
1.085 0.72263 83.16388 0.57274 60.09710 0.21715 0.17779 0.17315 0.43191 1719.059
1.090 0.72211 83.03455 0.57143 59.95999 0.21748 0.17732 0.17350 0.43170 1718.539
1.095 0.72159 82.90531 0.57013 59.82335 0.21781 0.17685 0.17385 0.43148 1718.019
1.100 0.72107 82.77617 0.56883 59.68717 0.21814 0.17639 0.17421 0.43127 1717.499
1.105 0.72055 82.64713 0.56754 59.55146 0.21846 0.17592 0.17456 0.43105 1716.979
1.110 0.72004 82.51819 0.56625 59.41620 0.21879 0.17546 0.17492 0.43084 1716.458
1.115 0.71953 82.38936 0.56497 59.28141 0.21912 0.17499 0.17527 0.43062 1715.938
1.120 0.71902 82.26064 0.56369 59.14707 0.21945 0.17453 0.17562 0.43040 1715.417
1.125 0.71852 82.13203 0.56241 59.01318 0.21977 0.17406 0.17598 0.43018 1714.896
1.130 0.71801 82.00353 0.56114 58.87975 0.22010 0.17360 0.17633 0.42996 1714.375
1.135 0.71752 81.87514 0.55987 58.74677 0.22043 0.17314 0.17669 0.42974 1713.854
1.140 0.71702 81.74687 0.55861 58.61423 0.22076 0.17268 0.17705 0.42952 1713.333
1.145 0.71653 81.61872 0.55735 58.48215 0.22108 0.17222 0.17740 0.42930 1712.812
1.150 0.71604 81.49068 0.55609 58.35051 0.22141 0.17176 0.17776 0.42907 1712.291
1.155 0.71555 81.36277 0.55484 58.21932 0.22174 0.17130 0.17811 0.42885 1711.770
1.160 0.71507 81.23498 0.55360 58.08857 0.22206 0.17084 0.17847 0.42862 1711.248
1.165 0.71459 81.10731 0.55236 57.95826 0.22239 0.17038 0.17883 0.42840 1710.727
1.170 0.71411 80.97977 0.55112 57.82839 0.22272 0.16993 0.17918 0.42817 1710.205
1.175 0.71363 80.85236 0.54988 57.69895 0.22305 0.16947 0.17954 0.42794 1709.684
1.180 0.71316 80.72508 0.54865 57.56995 0.22337 0.16902 0.17990 0.42771 1709.162
1.185 0.71269 80.59793 0.54743 57.44139 0.22370 0.16856 0.18026 0.42748 1708.641
1.190 0.71222 80.47091 0.54621 57.31326 0.22402 0.16811 0.18062 0.42725 1708.119
1.195 0.71176 80.34402 0.54499 57.18556 0.22435 0.16766 0.18097 0.42702 1707.597
1.200 0.71130 80.21727 0.54378 57.05828 0.22468 0.16721 0.18133 0.42678 1707.076
1.205 0.71084 80.09066 0.54257 56.93144 0.22500 0.16676 0.18169 0.42655 1706.554
1.210 0.71038 79.96419 0.54136 56.80502 0.22533 0.16631 0.18205 0.42631 1706.032
1.215 0.70993 79.83786 0.54016 56.67902 0.22566 0.16586 0.18241 0.42608 1705.511
1.220 0.70948 79.71167 0.53897 56.55345 0.22598 0.16541 0.18277 0.42584 1704.989
1.225 0.70903 79.58562 0.53777 56.42830 0.22631 0.16496 0.18313 0.42560 1704.467
1.230 0.70858 79.45972 0.53659 56.30357 0.22663 0.16451 0.18349 0.42536 1703.946
1.235 0.70814 79.33396 0.53540 56.17925 0.22696 0.16407 0.18385 0.42512 1703.424
1.240 0.70769 79.20836 0.53422 56.05535 0.22728 0.16362 0.18421 0.42488 1702.903
1.245 0.70726 79.08290 0.53304 55.93186 0.22761 0.16318 0.18457 0.42464 1702.381
1.250 0.70682 78.95759 0.53187 55.80879 0.22793 0.16273 0.18494 0.42440 1701.860
1.255 0.70639 78.83243 0.53070 55.68613 0.22826 0.16229 0.18530 0.42415 1701.338
1.260 0.70595 78.70743 0.52954 55.56387 0.22858 0.16185 0.18566 0.42391 1700.817
1.265 0.70553 78.58258 0.52838 55.44203 0.22891 0.16141 0.18602 0.42366 1700.296
1.270 0.70510 78.45788 0.52722 55.32059 0.22923 0.16097 0.18638 0.42342 1699.774
1.275 0.70468 78.33334 0.52606 55.19955 0.22956 0.16053 0.18675 0.42317 1699.253
1.280 0.70425 78.20896 0.52491 55.07892 0.22988 0.16009 0.18711 0.42292 1698.732
1.285 0.70383 78.08474 0.52377 54.95869 0.23021 0.15965 0.18747 0.42267 1698.211
1.290 0.70342 77.96068 0.52263 54.83886 0.23053 0.15921 0.18783 0.42242 1697.691
1.295 0.70300 77.83678 0.52149 54.71943 0.23086 0.15878 0.18820 0.42217 1697.170
1.300 0.70259 77.71304 0.52035 54.60040 0.23118 0.15834 0.18856 0.42192 1696.649
1.305 0.70218 77.58947 0.51922 54.48176 0.23150 0.15791 0.18892 0.42166 1696.129
1.310 0.70177 77.46606 0.51810 54.36351 0.23183 0.15747 0.18929 0.42141 1695.608
1.315 0.70137 77.34281 0.51697 54.24566 0.23215 0.15704 0.18965 0.42115 1695.088
1.320 0.70096 77.21973 0.51585 54.12819 0.23248 0.15661 0.19002 0.42090 1694.568
1.325 0.70056 77.09682 0.51474 54.01112 0.23280 0.15618 0.19038 0.42064 1694.048
1.330 0.70016 76.97408 0.51363 53.89443 0.23312 0.15575 0.19075 0.42039 1693.528
1.335 0.69977 76.85151 0.51252 53.77813 0.23345 0.15532 0.19111 0.42013 1693.008
1.340 0.69937 76.72911 0.51141 53.66222 0.23377 0.15489 0.19148 0.41987 1692.489
1.345 0.69898 76.60688 0.51031 53.54669 0.23409 0.15446 0.19184 0.41961 1691.969
1.350 0.69859 76.48482 0.50921 53.43154 0.23441 0.15403 0.19221 0.41935 1691.450
1.355 0.69820 76.36293 0.50812 53.31677 0.23474 0.15360 0.19258 0.41908 1690.931
1.360 0.69782 76.24122 0.50703 53.20238 0.23506 0.15318 0.19294 0.41882 1690.412
1.365 0.69743 76.11969 0.50594 53.08836 0.23538 0.15275 0.19331 0.41856 1689.893
1.370 0.69705 75.99833 0.50486 52.97473 0.23570 0.15233 0.19368 0.41829 1689.374
1.375 0.69667 75.87714 0.50378 52.86146 0.23603 0.15190 0.19404 0.41803 1688.856
1.380 0.69629 75.75614 0.50271 52.74857 0.23635 0.15148 0.19441 0.41776 1688.338
1.385 0.69592 75.63531 0.50163 52.63606 0.23667 0.15106 0.19478 0.41749 1687.820
1.390 0.69555 75.51467 0.50056 52.52391 0.23699 0.15064 0.19514 0.41723 1687.302
1.395 0.69517 75.39420 0.49950 52.41213 0.23731 0.15022 0.19551 0.41696 1686.784
1.400 0.69481 75.27391 0.49844 52.30072 0.23763 0.14980 0.19588 0.41669 1686.266
1.405 0.69444 75.15381 0.49738 52.18967 0.23795 0.14938 0.19625 0.41642 1685.749
1.410 0.69407 75.03388 0.49632 52.07899 0.23828 0.14896 0.19662 0.41615 1685.232
1.415 0.69371 74.91414 0.49527 51.96867 0.23860 0.14854 0.19699 0.41587 1684.715
1.420 0.69335 74.79459 0.49423 51.85871 0.23892 0.14813 0.19735 0.41560 1684.199
1.425 0.69299 74.67521 0.49318 51.74912 0.23924 0.14771 0.19772 0.41533 1683.682
1.430 0.69263 74.55603 0.49214 51.63988 0.23956 0.14730 0.19809 0.41505 1683.166
1.435 0.69228 74.43702 0.49110 51.53100 0.23988 0.14688 0.19846 0.41478 1682.650
1.440 0.69192 74.31821 0.49007 51.42248 0.24020 0.14647 0.19883 0.41450 1682.134
1.445 0.69157 74.19958 0.48904 51.31431 0.24052 0.14606 0.19920 0.41422 1681.619
1.450 0.69122 74.08114 0.48801 51.20650 0.24084 0.14565 0.19957 0.41394 1681.104
1.455 0.69087 73.96289 0.48699 51.09903 0.24116 0.14524 0.19994 0.41367 1680.588
1.460 0.69053 73.84482 0.48596 50.99192 0.24148 0.14483 0.20031 0.41339 1680.074
1.465 0.69018 73.72695 0.48495 50.88516 0.24180 0.14442 0.20068 0.41311 1679.559
1.470 0.68984 73.60926 0.48393 50.77874 0.24211 0.14401 0.20105 0.41282 1679.045
1.475 0.68950 73.49177 0.48292 50.67268 0.24243 0.14360 0.20142 0.41254 1678.531
1.480 0.68916 73.37446 0.48191 50.56695 0.24275 0.14319 0.20180 0.41226 1678.017
1.485 0.68883 73.25735 0.48091 50.46158 0.24307 0.14279 0.20217 0.41197 1677.504
1.490 0.68849 73.14043 0.47991 50.35654 0.24339 0.14238 0.20254 0.41169 1676.990
1.495 0.68816 73.02370 0.47891 50.25185 0.24371 0.14198 0.20291 0.41140 1676.477
1.500 0.68783 72.90717 0.47792 50.14750 0.24402 0.14158 0.20328 0.41112 1675.965
1.505 0.68750 72.79083 0.47693 50.04348 0.24434 0.14117 0.20365 0.41083 1675.452
1.510 0.68717 72.67468 0.47594 49.93980 0.24466 0.14077 0.20403 0.41054 1674.940
1.515 0.68684 72.55873 0.47495 49.83646 0.24498 0.14037 0.20440 0.41025 1674.428
1.520 0.68652 72.44297 0.47397 49.73346 0.24529 0.13997 0.20477 0.40996 1673.917
1.525 0.68620 72.32740 0.47299 49.63079 0.24561 0.13957 0.20514 0.40967 1673.406
1.530 0.68588 72.21203 0.47202 49.52845 0.24593 0.13917 0.20552 0.40938 1672.895
1.535 0.68556 72.09686 0.47105 49.42644 0.24625 0.13877 0.20589 0.40909 1672.384
1.540 0.68524 71.98189 0.47008 49.32476 0.24656 0.13838 0.20626 0.40880 1671.874
1.545 0.68492 71.86711 0.46911 49.22341 0.24688 0.13798 0.20664 0.40851 1671.364
1.550 0.68461 71.75252 0.46815 49.12239 0.24719 0.13758 0.20701 0.40821 1670.854
1.555 0.68430 71.63814 0.46719 49.02170 0.24751 0.13719 0.20738 0.40792 1670.344
1.560 0.68399 71.52395 0.46623 48.92133 0.24783 0.13680 0.20776 0.40762 1669.835
1.565 0.68368 71.40996 0.46528 48.82128 0.24814 0.13640 0.20813 0.40732 1669.326
1.570 0.68337 71.29617 0.46433 48.72156 0.24846 0.13601 0.20851 0.40703 1668.818
1.575 0.68306 71.18258 0.46338 48.62216 0.24877 0.13562 0.20888 0.40673 1668.310
1.580 0.68276 71.06919 0.46244 48.52307 0.24909 0.13523 0.20926 0.40643 1667.802
1.585 0.68246 70.95599 0.46149 48.42431 0.24940 0.13484 0.20963 0.40613 1667.294
1.590 0.68215 70.84300 0.46056 48.32587 0.24972 0.13445 0.21001 0.40583 1666.787
1.595 0.68185 70.73021 0.45962 48.22774 0.25003 0.13406 0.21038 0.40553 1666.280
1.600 0.68156 70.61761 0.45869 48.12992 0.25034 0.13367 0.21076 0.40523 1665.774
1.605 0.68126 70.50522 0.45776 48.03242 0.25066 0.13329 0.21113 0.40492 1665.267
1.610 0.68097 70.39303 0.45683 47.93524 0.25097 0.13290 0.21151 0.40462 1664.762
1.615 0.68067 70.28103 0.45591 47.83836 0.25128 0.13252 0.21188 0.40432 1664.256
1.620 0.68038 70.16924 0.45499 47.74180 0.25160 0.13213 0.21226 0.40401 1663.751
1.625 0.68009 70.05765 0.45407 47.64554 0.25191 0.13175 0.21264 0.40371 1663.246
1.630 0.67980 69.94627 0.45316 47.54959 0.25222 0.13136 0.21301 0.40340 1662.741
1.635 0.67951 69.83508 0.45225 47.45395 0.25254 0.13098 0.21339 0.40309 1662.237
1.640 0.67923 69.72410 0.45134 47.35862 0.25285 0.13060 0.21377 0.40278 1661.734
1.645 0.67894 69.61331 0.45043 47.26359 0.25316 0.13022 0.21414 0.40248 1661.230
1.650 0.67866 69.50273 0.44953 47.16887 0.25347 0.12984 0.21452 0.40217 1660.727
1.655 0.67838 69.39236 0.44863 47.07444 0.25378 0.12946 0.21490 0.40186 1660.224
1.660 0.67810 69.28218 0.44773 46.98032 0.25410 0.12908 0.21527 0.40155 1659.722
1.665 0.67782 69.17221 0.44684 46.88650 0.25441 0.12871 0.21565 0.40123 1659.220
1.670 0.67755 69.06244 0.44595 46.79298 0.25472 0.12833 0.21603 0.40092 1658.718
1.675 0.67727 68.95287 0.44506 46.69975 0.25503 0.12796 0.21641 0.40061 1658.217
1.680 0.67700 68.84351 0.44417 46.60682 0.25534 0.12758 0.21678 0.40030 1657.716
1.685 0.67672 68.73435 0.44329 46.51419 0.25565 0.12721 0.21716 0.39998 1657.216
1.690 0.67645 68.62540 0.44241 46.42185 0.25596 0.12683 0.21754 0.39967 1656.715
1.695 0.67618 68.51664 0.44153 46.32981 0.25627 0.12646 0.21792 0.39935 1656.216
1.700 0.67591 68.40809 0.44066 46.23806 0.25658 0.12609 0.21830 0.39903 1655.716
1.705 0.67565 68.29975 0.43979 46.14659 0.25689 0.12572 0.21868 0.39872 1655.217
1.710 0.67538 68.19161 0.43892 46.05542 0.25720 0.12535 0.21905 0.39840 1654.719
1.715 0.67512 68.08367 0.43805 45.96454 0.25751 0.12498 0.21943 0.39808 1654.220
1.720 0.67486 67.97593 0.43719 45.87395 0.25781 0.12461 0.21981 0.39776 1653.722
1.725 0.67459 67.86840 0.43633 45.78364 0.25812 0.12424 0.22019 0.39744 1653.225
1.730 0.67433 67.76108 0.43547 45.69362 0.25843 0.12388 0.22057 0.39712 1652.728
1.735 0.67408 67.65396 0.43462 45.60388 0.25874 0.12351 0.22095 0.39680 1652.231
1.740 0.67382 67.54704 0.43376 45.51443 0.25905 0.12315 0.22133 0.39648 1651.735
1.745 0.67356 67.44032 0.43291 45.42526 0.25935 0.12278 0.22171 0.39615 1651.239
1.750 0.67331 67.33381 0.43207 45.33637 0.25966 0.12242 0.22209 0.39583 1650.744
1.755 0.67305 67.22751 0.43122 45.24777 0.25997 0.12205 0.22247 0.39551 1650.248
1.760 0.67280 67.12141 0.43038 45.15944 0.26028 0.12169 0.22285 0.39518 1649.754
1.765 0.67255 67.01551 0.42954 45.07139 0.26058 0.12133 0.22323 0.39486 1649.259
1.770 0.67230 66.90982 0.42870 44.98361 0.26089 0.12097 0.22361 0.39453 1648.765
1.775 0.67205 66.80433 0.42787 44.89612 0.26119 0.12061 0.22399 0.39421 1648.272
1.780 0.67181 66.69904 0.42704 44.80890 0.26150 0.12025 0.22437 0.39388 1647.779
1.785 0.67156 66.59396 0.42621 44.72195 0.26180 0.11989 0.22475 0.39355 1647.286
1.790 0.67132 66.48909 0.42538 44.63528 0.26211 0.11954 0.22513 0.39322 1646.794
1.795 0.67107 66.38442 0.42456 44.54887 0.26241 0.11918 0.22551 0.39289 1646.302
1.800 0.67083 66.27995 0.42374 44.46274 0.26272 0.11882 0.22589 0.39256 1645.811
1.805 0.67059 66.17568 0.42292 44.37688 0.26302 0.11847 0.22627 0.39223 1645.320
1.810 0.67035 66.07162 0.42211 44.29129 0.26333 0.11812 0.22666 0.39190 1644.829
1.815 0.67011 65.96777 0.42129 44.20597 0.26363 0.11776 0.22704 0.39157 1644.339
1.820 0.66988 65.86411 0.42048 44.12092 0.26394 0.11741 0.22742 0.39124 1643.849
1.825 0.66964 65.76067 0.41967 44.03613 0.26424 0.11706 0.22780 0.39090 1643.360
1.830 0.66941 65.65742 0.41887 43.95160 0.26454 0.11671 0.22818 0.39057 1642.871
1.835 0.66917 65.55438 0.41807 43.86734 0.26484 0.11636 0.22856 0.39024 1642.382
1.840 0.66894 65.45154 0.41727 43.78335 0.26515 0.11601 0.22894 0.38990 1641.894
1.845 0.66871 65.34891 0.41647 43.69961 0.26545 0.11566 0.22933 0.38957 1641.406
1.850 0.66848 65.24648 0.41567 43.61614 0.26575 0.11531 0.22971 0.38923 1640.919
1.855 0.66825 65.14425 0.41488 43.53292 0.26605 0.11496 0.23009 0.38889 1640.432
1.860 0.66803 65.04223 0.41409 43.44997 0.26635 0.11462 0.23047 0.38856 1639.946
1.865 0.66780 64.94041 0.41330 43.36728 0.26666 0.11427 0.23085 0.38822 1639.460
1.870 0.66758 64.83879 0.41251 43.28484 0.26696 0.11393 0.23124 0.38788 1638.975
1.875 0.66735 64.73738 0.41173 43.20266 0.26726 0.11358 0.23162 0.38754 1638.489
1.880 0.66713 64.63616 0.41095 43.12073 0.26756 0.11324 0.23200 0.38720 1638.005
1.885 0.66691 64.53515 0.41017 43.03906 0.26786 0.11290 0.23239 0.38686 1637.521
1.890 0.66669 64.43435 0.40940 42.95764 0.26816 0.11255 0.23277 0.38652 1637.037
1.895 0.66647 64.33374 0.40862 42.87648 0.26846 0.11221 0.23315 0.38618 1636.553
1.900 0.66625 64.23334 0.40785 42.79556 0.26876 0.11187 0.23353 0.38584 1636.071
1.905 0.66603 64.13314 0.40708 42.71490 0.26906 0.11153 0.23392 0.38549 1635.588
1.910 0.66582 64.03315 0.40632 42.63449 0.26935 0.11120 0.23430 0.38515 1635.106
1.915 0.66560 63.93335 0.40555 42.55433 0.26965 0.11086 0.23468 0.38481 1634.624
1.920 0.66539 63.83376 0.40479 42.47441 0.26995 0.11052 0.23507 0.38446 1634.143
1.925 0.66518 63.73436 0.40403 42.39474 0.27025 0.11018 0.23545 0.38412 1633.663
1.930 0.66497 63.63517 0.40327 42.31532 0.27055 0.10985 0.23583 0.38377 1633.182
1.935 0.66476 63.53618 0.40252 42.23614 0.27084 0.10951 0.23622 0.38343 1632.703
1.940 0.66455 63.43740 0.40177 42.15721 0.27114 0.10918 0.23660 0.38308 1632.223
1.945 0.66434 63.33881 0.40102 42.07852 0.27144 0.10885 0.23699 0.38273 1631.744
1.950 0.66413 63.24042 0.40027 42.00007 0.27173 0.10851 0.23737 0.38238 1631.266
1.955 0.66393 63.14224 0.39953 41.92187 0.27203 0.10818 0.23775 0.38204 1630.788
1.960 0.66372 63.04425 0.39878 41.84391 0.27232 0.10785 0.23814 0.38169 1630.310
1.965 0.66352 62.94646 0.39804 41.76618 0.27262 0.10752 0.23852 0.38134 1629.833
1.970 0.66332 62.84888 0.39730 41.68870 0.27291 0.10719 0.23891 0.38099 1629.357
1.975 0.66311 62.75149 0.39657 41.61145 0.27321 0.10686 0.23929 0.38064 1628.880
1.980 0.66291 62.65431 0.39583 41.53444 0.27350 0.10654 0.23967 0.38029 1628.405
1.985 0.66271 62.55732 0.39510 41.45767 0.27380 0.10621 0.24006 0.37994 1627.929
1.990 0.66252 62.46054 0.39437 41.38113 0.27409 0.10588 0.24044 0.37958 1627.455
1.995 0.66232 62.36395 0.39364 41.30483 0.27439 0.10556 0.24083 0.37923 1626.980
2.000 0.66212 62.26756 0.39292 41.22876 0.27468 0.10523 0.24121 0.37888 1626.506
2.005 0.66193 62.17137 0.39220 41.15292 0.27497 0.10491 0.24160 0.37852 1626.033
2.010 0.66173 62.07538 0.39148 41.07732 0.27526 0.10458 0.24198 0.37817 1625.560
2.015 0.66154 61.97958 0.39076 41.00194 0.27556 0.10426 0.24237 0.37781 1625.087
2.020 0.66135 61.88399 0.39004 40.92680 0.27585 0.10394 0.24275 0.37746 1624.615
2.025 0.66116 61.78859 0.38933 40.85189 0.27614 0.10362 0.24314 0.37710 1624.144
2.030 0.66097 61.69339 0.38862 40.77720 0.27643 0.10330 0.24352 0.37675 1623.672
2.035 0.66078 61.59839 0.38791 40.70275 0.27672 0.10298 0.24391 0.37639 1623.202
2.040 0.66059 61.50358 0.38720 40.62852 0.27701 0.10266 0.24429 0.37603 1622.732
2.045 0.66040 61.40897 0.38649 40.55451 0.27730 0.10234 0.24468 0.37568 1622.262
2.050 0.66021 61.31456 0.38579 40.48073 0.27759 0.10203 0.24506 0.37532 1621.792
2.055 0.66003 61.22035 0.38509 40.40718 0.27788 0.10171 0.24545 0.37496 1621.324
2.060 0.65984 61.12633 0.38439 40.33385 0.27817 0.10139 0.24583 0.37460 1620.855
2.065 0.65966 61.03250 0.38369 40.26074 0.27846 0.10108 0.24622 0.37424 1620.387
2.070 0.65948 60.93888 0.38300 40.18786 0.27875 0.10076 0.24660 0.37388 1619.920
2.075 0.65930 60.84544 0.38231 40.11520 0.27904 0.10045 0.24699 0.37352 1619.453
2.080 0.65912 60.75221 0.38162 40.04275 0.27933 0.10014 0.24737 0.37316 1618.986
2.085 0.65894 60.65917 0.38093 39.97053 0.27962 0.09983 0.24776 0.37280 1618.520
2.090 0.65876 60.56632 0.38024 39.89852 0.27990 0.09952 0.24815 0.37243 1618.055
2.095 0.65858 60.47367 0.37956 39.82674 0.28019 0.09920 0.24853 0.37207 1617.590
2.100 0.65840 60.38121 0.37888 39.75517 0.28048 0.09890 0.24892 0.37171 1617.125
2.105 0.65823 60.28894 0.37820 39.68382 0.28077 0.09859 0.24930 0.37134 1616.661
2.110 0.65805 60.19687 0.37752 39.61268 0.28105 0.09828 0.24969 0.37098 1616.197
2.115 0.65788 60.10500 0.37684 39.54176 0.28134 0.09797 0.25008 0.37062 1615.734
2.120 0.65770 60.01331 0.37617 39.47105 0.28162 0.09766 0.25046 0.37025 1615.271
2.125 0.65753 59.92182 0.37550 39.40055 0.28191 0.09736 0.25085 0.36989 1614.809
2.130 0.65736 59.83052 0.37483 39.33027 0.28219 0.09705 0.25123 0.36952 1614.347
2.135 0.65719 59.73941 0.37416 39.26020 0.28248 0.09675 0.25162 0.36915 1613.886
2.140 0.65702 59.64850 0.37349 39.19034 0.28276 0.09644 0.25201 0.36879 1613.425
2.145 0.65685 59.55778 0.37283 39.12069 0.28305 0.09614 0.25239 0.36842 1612.965
2.150 0.65669 59.46725 0.37217 39.05125 0.28333 0.09584 0.25278 0.36805 1612.505
2.155 0.65652 59.37691 0.37151 38.98202 0.28361 0.09554 0.25316 0.36768 1612.046
2.160 0.65635 59.28676 0.37085 38.91300 0.28390 0.09524 0.25355 0.36732 1611.587
2.165 0.65619 59.19680 0.37019 38.84418 0.28418 0.09494 0.25394 0.36695 1611.128
2.170 0.65602 59.10703 0.36954 38.77557 0.28446 0.09464 0.25432 0.36658 1610.670
2.175 0.65586 59.01746 0.36889 38.70717 0.28474 0.09434 0.25471 0.36621 1610.213
2.180 0.65570 58.92807 0.36824 38.63897 0.28503 0.09404 0.25510 0.36584 1609.756
2.185 0.65554 58.83887 0.36759 38.57097 0.28531 0.09374 0.25548 0.36547 1609.299
2.190 0.65537 58.74986 0.36694 38.50318 0.28559 0.09345 0.25587 0.36510 1608.843
2.195 0.65521 58.66104 0.36630 38.43559 0.28587 0.09315 0.25626 0.36472 1608.387
2.200 0.65506 58.57241 0.36566 38.36821 0.28615 0.09286 0.25664 0.36435 1607.932
2.205 0.65490 58.48397 0.36502 38.30102 0.28643 0.09256 0.25703 0.36398 1607.478
2.210 0.65474 58.39571 0.36438 38.23404 0.28671 0.09227 0.25742 0.36361 1607.024
2.215 0.65458 58.30764 0.36374 38.16725 0.28699 0.09198 0.25780 0.36323 1606.570
2.220 0.65443 58.21976 0.36311 38.10067 0.28727 0.09169 0.25819 0.36286 1606.117
2.225 0.65427 58.13207 0.36248 38.03428 0.28754 0.09139 0.25858 0.36249 1605.664
2.230 0.65412 58.04457 0.36184 37.96809 0.28782 0.09110 0.25896 0.36211 1605.212
2.235 0.65397 57.95725 0.36122 37.90210 0.28810 0.09081 0.25935 0.36174 1604.760
2.240 0.65381 57.87011 0.36059 37.83630 0.28838 0.09053 0.25974 0.36136 1604.309
2.245 0.65366 57.78317 0.35996 37.77070 0.28865 0.09024 0.26012 0.36099 1603.858
2.250 0.65351 57.69641 0.35934 37.70529 0.28893 0.08995 0.26051 0.36061 1603.408
2.255 0.65336 57.60983 0.35872 37.64008 0.28921 0.08966 0.26090 0.36023 1602.958
2.260 0.65321 57.52344 0.35810 37.57506 0.28948 0.08938 0.26128 0.35986 1602.508
2.265 0.65306 57.43723 0.35748 37.51024 0.28976 0.08909 0.26167 0.35948 1602.060
2.270 0.65292 57.35121 0.35687 37.44560 0.29003 0.08881 0.26206 0.35910 1601.611
2.275 0.65277 57.26537 0.35625 37.38116 0.29031 0.08852 0.26244 0.35873 1601.163
2.280 0.65262 57.17972 0.35564 37.31691 0.29058 0.08824 0.26283 0.35835 1600.716
2.285 0.65248 57.09425 0.35503 37.25285 0.29086 0.08796 0.26322 0.35797 1600.269
2.290 0.65234 57.00896 0.35442 37.18897 0.29113 0.08768 0.26360 0.35759 1599.822
2.295 0.65219 56.92385 0.35381 37.12529 0.29141 0.08739 0.26399 0.35721 1599.376
2.300 0.65205 56.83893 0.35321 37.06179 0.29168 0.08711 0.26438 0.35683 1598.931
2.305 0.65191 56.75419 0.35260 36.99848 0.29195 0.08683 0.26476 0.35645 1598.486
2.310 0.65177 56.66963 0.35200 36.93536 0.29222 0.08656 0.26515 0.35607 1598.041
2.315 0.65163 56.58525 0.35140 36.87242 0.29250 0.08628 0.26554 0.35569 1597.597
2.320 0.65149 56.50106 0.35080 36.80967 0.29277 0.08600 0.26592 0.35531 1597.154
2.325 0.65135 56.41704 0.35021 36.74711 0.29304 0.08572 0.26631 0.35493 1596.711
2.330 0.65121 56.33321 0.34961 36.68472 0.29331 0.08545 0.26670 0.35455 1596.268
2.335 0.65107 56.24955 0.34902 36.62252 0.29358 0.08517 0.26708 0.35416 1595.826
2.340 0.65094 56.16608 0.34843 36.56051 0.29385 0.08490 0.26747 0.35378 1595.384
2.345 0.65080 56.08278 0.34784 36.49867 0.29412 0.08462 0.26786 0.35340 1594.943
2.350 0.65066 55.99967 0.34725 36.43702 0.29439 0.08435 0.26825 0.35302 1594.503
2.355 0.65053 55.91673 0.34667 36.37554 0.29466 0.08408 0.26863 0.35263 1594.062
2.360 0.65040 55.83397 0.34608 36.31425 0.29493 0.08380 0.26902 0.35225 1593.623
2.365 0.65026 55.75139 0.34550 36.25314 0.29520 0.08353 0.26941 0.35187 1593.184
2.370 0.65013 55.66899 0.34492 36.19220 0.29546 0.08326 0.26979 0.35148 1592.745
2.375 0.65000 55.58677 0.34434 36.13145 0.29573 0.08299 0.27018 0.35110 1592.307
2.380 0.64987 55.50472 0.34376 36.07087 0.29600 0.08272 0.27057 0.35071 1591.869
2.385 0.64974 55.42285 0.34319 36.01046 0.29626 0.08246 0.27095 0.35033 1591.432
2.390 0.64961 55.34115 0.34261 35.95024 0.29653 0.08219 0.27134 0.34994 1590.995
2.395 0.64948 55.25964 0.34204 35.89019 0.29680 0.08192 0.27173 0.34955 1590.558
2.400 0.64936 55.17829 0.34147 35.83031 0.29706 0.08166 0.27211 0.34917 1590.123
2.405 0.64923 55.09713 0.34090 35.77061 0.29733 0.08139 0.27250 0.34878 1589.687
2.410 0.64910 55.01614 0.34033 35.71108 0.29759 0.08112 0.27289 0.34840 1589.252
2.415 0.64898 54.93532 0.33977 35.65172 0.29786 0.08086 0.27327 0.34801 1588.818
2.420 0.64885 54.85468 0.33921 35.59254 0.29812 0.08060 0.27366 0.34762 1588.384
2.425 0.64873 54.77421 0.33864 35.53353 0.29839 0.08033 0.27405 0.34723 1587.951
2.430 0.64860 54.69392 0.33808 35.47469 0.29865 0.08007 0.27443 0.34685 1587.518
2.435 0.64848 54.61380 0.33752 35.41602 0.29891 0.07981 0.27482 0.34646 1587.085
2.440 0.64836 54.53385 0.33697 35.35752 0.29917 0.07955 0.27521 0.34607 1586.653
2.445 0.64824 54.45407 0.33641 35.29919 0.29944 0.07929 0.27559 0.34568 1586.222
2.450 0.64812 54.37447 0.33586 35.24103 0.29970 0.07903 0.27598 0.34529 1585.791
2.455 0.64800 54.29504 0.33530 35.18304 0.29996 0.07877 0.27637 0.34490 1585.360
2.460 0.64788 54.21578 0.33475 35.12522 0.30022 0.07851 0.27675 0.34451 1584.930
2.465 0.64776 54.13670 0.33420 35.06756 0.30048 0.07826 0.27714 0.34412 1584.501
2.470 0.64764 54.05778 0.33365 35.01007 0.30074 0.07800 0.27753 0.34373 1584.072
2.475 0.64752 53.97904 0.33311 34.95274 0.30100 0.07774 0.27791 0.34334 1583.643
2.480 0.64741 53.90046 0.33256 34.89558 0.30126 0.07749 0.27830 0.34295 1583.215
2.485 0.64729 53.82206 0.33202 34.83858 0.30152 0.07723 0.27868 0.34256 1582.787
2.490 0.64718 53.74382 0.33148 34.78175 0.30178 0.07698 0.27907 0.34217 1582.360
2.495 0.64706 53.66576 0.33094 34.72508 0.30204 0.07673 0.27946 0.34178 1581.934
2.500 0.64695 53.58786 0.33040 34.66858 0.30230 0.07648 0.27984 0.34139 1581.507
2.505 0.64684 53.51014 0.32986 34.61224 0.30255 0.07622 0.28023 0.34099 1581.082
2.510 0.64672 53.43258 0.32933 34.55606 0.30281 0.07597 0.28062 0.34060 1580.657
2.515 0.64661 53.35519 0.32879 34.50004 0.30307 0.07572 0.28100 0.34021 1580.232
2.520 0.64650 53.27796 0.32826 34.44418 0.30332 0.07547 0.28139 0.33982 1579.808
2.525 0.64639 53.20091 0.32773 34.38848 0.30358 0.07522 0.28177 0.33942 1579.384
2.530 0.64628 53.12402 0.32720 34.33294 0.30383 0.07497 0.28216 0.33903 1578.961
2.535 0.64617 53.04730 0.32667 34.27756 0.30409 0.07473 0.28255 0.33864 1578.538
2.540 0.64606 52.97074 0.32615 34.22233 0.30434 0.07448 0.28293 0.33824 1578.115
2.545 0.64595 52.89435 0.32562 34.16727 0.30460 0.07423 0.28332 0.33785 1577.694
2.550 0.64585 52.81813 0.32510 34.11236 0.30485 0.07399 0.28370 0.33746 1577.272
2.555 0.64574 52.74207 0.32458 34.05761 0.30511 0.07374 0.28409 0.33706 1576.851
2.560 0.64563 52.66617 0.32406 34.00302 0.30536 0.07350 0.28447 0.33667 1576.431
2.565 0.64553 52.59044 0.32354 33.94858 0.30561 0.07325 0.28486 0.33627 1576.011
2.570 0.64542 52.51488 0.32302 33.89429 0.30586 0.07301 0.28525 0.33588 1575.592
2.575 0.64532 52.43948 0.32250 33.84016 0.30612 0.07277 0.28563 0.33548 1575.173
2.580 0.64521 52.36424 0.32199 33.78619 0.30637 0.07253 0.28602 0.33509 1574.754
2.585 0.64511 52.28916 0.32148 33.73237 0.30662 0.07229 0.28640 0.33469 1574.336
2.590 0.64501 52.21425 0.32097 33.67870 0.30687 0.07204 0.28679 0.33430 1573.919
2.595 0.64491 52.13950 0.32046 33.62518 0.30712 0.07180 0.28717 0.33390 1573.502
2.600 0.64481 52.06491 0.31995 33.57181 0.30737 0.07157 0.28756 0.33351 1573.085
2.605 0.64471 51.99049 0.31944 33.51860 0.30762 0.07133 0.28794 0.33311 1572.669
2.610 0.64461 51.91622 0.31893 33.46554 0.30787 0.07109 0.28833 0.33271 1572.253
2.615 0.64451 51.84212 0.31843 33.41262 0.30812 0.07085 0.28871 0.33232 1571.838
2.620 0.64441 51.76818 0.31793 33.35986 0.30837 0.07062 0.28910 0.33192 1571.423
2.625 0.64431 51.69440 0.31743 33.30725 0.30861 0.07038 0.28948 0.33152 1571.009
2.630 0.64421 51.62077 0.31693 33.25478 0.30886 0.07014 0.28987 0.33113 1570.596
2.635 0.64412 51.54731 0.31643 33.20247 0.30911 0.06991 0.29025 0.33073 1570.182
2.640 0.64402 51.47401 0.31593 33.15030 0.30935 0.06968 0.29064 0.33033 1569.770
2.645 0.64392 51.40086 0.31543 33.09827 0.30960 0.06944 0.29102 0.32993 1569.357
2.650 0.64383 51.32788 0.31494 33.04640 0.30985 0.06921 0.29141 0.32954 1568.946
2.655 0.64373 51.25505 0.31445 32.99467 0.31009 0.06898 0.29179 0.32914 1568.534
2.660 0.64364 51.18238 0.31396 32.94308 0.31034 0.06875 0.29218 0.32874 1568.123
2.665 0.64355 51.10987 0.31346 32.89164 0.31058 0.06852 0.29256 0.32834 1567.713
2.670 0.64346 51.03752 0.31298 32.84035 0.31083 0.06829 0.29295 0.32794 1567.303
2.675 0.64336 50.96532 0.31249 32.78920 0.31107 0.06806 0.29333 0.32754 1566.894
2.680 0.64327 50.89328 0.31200 32.73819 0.31131 0.06783 0.29371 0.32715 1566.485
2.685 0.64318 50.82139 0.31152 32.68733 0.31156 0.06760 0.29410 0.32675 1566.076
2.690 0.64309 50.74967 0.31103 32.63661 0.31180 0.06737 0.29448 0.32635 1565.668
2.695 0.64300 50.67809 0.31055 32.58603 0.31204 0.06714 0.29487 0.32595 1565.261
2.700 0.64291 50.60668 0.31007 32.53559 0.31228 0.06692 0.29525 0.32555 1564.854
2.705 0.64282 50.53541 0.30959 32.48529 0.31252 0.06669 0.29564 0.32515 1564.447
2.710 0.64273 50.46430 0.30911 32.43514 0.31276 0.06647 0.29602 0.32475 1564.041
2.715 0.64265 50.39335 0.30864 32.38512 0.31300 0.06624 0.29640 0.32435 1563.635
2.720 0.64256 50.32255 0.30816 32.33525 0.31324 0.06602 0.29679 0.32395 1563.230
2.725 0.64247 50.25190 0.30769 32.28551 0.31348 0.06580 0.29717 0.32355 1562.825
2.730 0.64239 50.18141 0.30722 32.23591 0.31372 0.06557 0.29755 0.32315 1562.421
2.735 0.64230 50.11107 0.30674 32.18645 0.31396 0.06535 0.29794 0.32275 1562.017
2.740 0.64222 50.04088 0.30627 32.13713 0.31420 0.06513 0.29832 0.32235 1561.614
2.745 0.64213 49.97084 0.30581 32.08794 0.31444 0.06491 0.29870 0.32195 1561.211
2.750 0.64205 49.90096 0.30534 32.03889 0.31467 0.06469 0.29909 0.32155 1560.809
2.755 0.64197 49.83123 0.30487 31.98998 0.31491 0.06447 0.29947 0.32115 1560.407
2.760 0.64188 49.76164 0.30441 31.94120 0.31515 0.06425 0.29985 0.32075 1560.006
2.765 0.64180 49.69221 0.30394 31.89256 0.31538 0.06403 0.30024 0.32035 1559.605
2.770 0.64172 49.62293 0.30348 31.84405 0.31562 0.06382 0.30062 0.31994 1559.204
2.775 0.64164 49.55380 0.30302 31.79568 0.31586 0.06360 0.30100 0.31954 1558.804
2.780 0.64156 49.48482 0.30256 31.74744 0.31609 0.06338 0.30139 0.31914 1558.405
2.785 0.64148 49.41599 0.30210 31.69934 0.31632 0.06317 0.30177 0.31874 1558.005
2.790 0.64140 49.34731 0.30164 31.65137 0.31656 0.06295 0.30215 0.31834 1557.607
2.795 0.64132 49.27877 0.30119 31.60353 0.31679 0.06274 0.30253 0.31794 1557.209
2.800 0.64124 49.21039 0.30073 31.55582 0.31703 0.06252 0.30292 0.31754 1556.811
2.805 0.64117 49.14215 0.30028 31.50824 0.31726 0.06231 0.30330 0.31713 1556.414
2.810 0.64109 49.07406 0.29983 31.46080 0.31749 0.06210 0.30368 0.31673 1556.017
2.815 0.64101 49.00612 0.29938 31.41348 0.31772 0.06189 0.30406 0.31633 1555.621
2.820 0.64094 48.93832 0.29893 31.36630 0.31795 0.06167 0.30444 0.31593 1555.225
2.825 0.64086 48.87067 0.29848 31.31925 0.31818 0.06146 0.30483 0.31553 1554.830
2.830 0.64078 48.80317 0.29803 31.27232 0.31841 0.06125 0.30521 0.31512 1554.435
2.835 0.64071 48.73581 0.29759 31.22553 0.31865 0.06104 0.30559 0.31472 1554.040
2.840 0.64064 48.66860 0.29714 31.17886 0.31887 0.06083 0.30597 0.31432 1553.646
2.845 0.64056 48.60154 0.29670 31.13232 0.31910 0.06063 0.30635 0.31392 1553.253
2.850 0.64049 48.53462 0.29626 31.08591 0.31933 0.06042 0.30673 0.31351 1552.860
2.855 0.64042 48.46784 0.29581 31.03962 0.31956 0.06021 0.30712 0.31311 1552.467
2.860 0.64034 48.40121 0.29537 30.99347 0.31979 0.06000 0.30750 0.31271 1552.075
2.865 0.64027 48.33472 0.29494 30.94743 0.32002 0.05980 0.30788 0.31231 1551.683
2.870 0.64020 48.26838 0.29450 30.90153 0.32024 0.05959 0.30826 0.31190 1551.292
2.875 0.64013 48.20218 0.29406 30.85575 0.32047 0.05939 0.30864 0.31150 1550.901
2.880 0.64006 48.13612 0.29363 30.81009 0.32070 0.05918 0.30902 0.31110 1550.511
2.885 0.63999 48.07020 0.29319 30.76456 0.32092 0.05898 0.30940 0.31069 1550.121
2.890 0.63992 48.00443 0.29276 30.71916 0.32115 0.05878 0.30978 0.31029 1549.732
2.895 0.63985 47.93880 0.29233 30.67387 0.32137 0.05858 0.31016 0.30989 1549.343
2.900 0.63979 47.87331 0.29190 30.62871 0.32160 0.05837 0.31054 0.30949 1548.955
2.905 0.63972 47.80796 0.29147 30.58368 0.32182 0.05817 0.31092 0.30908 1548.567
2.910 0.63965 47.74276 0.29104 30.53876 0.32205 0.05797 0.31130 0.30868 1548.179
2.915 0.63959 47.67769 0.29061 30.49397 0.32227 0.05777 0.31168 0.30828 1547.792
2.920 0.63952 47.61276 0.29019 30.44930 0.32249 0.05757 0.31206 0.30787 1547.405
2.925 0.63945 47.54798 0.28976 30.40475 0.32271 0.05737 0.31244 0.30747 1547.019
2.930 0.63939 47.48333 0.28934 30.36032 0.32294 0.05717 0.31282 0.30707 1546.634
2.935 0.63932 47.41882 0.28892 30.31601 0.32316 0.05698 0.31320 0.30666 1546.248
2.940 0.63926 47.35446 0.28850 30.27183 0.32338 0.05678 0.31358 0.30626 1545.864
2.945 0.63920 47.29023 0.28808 30.22776 0.32360 0.05658 0.31396 0.30586 1545.479
2.950 0.63913 47.22614 0.28766 30.18381 0.32382 0.05639 0.31434 0.30545 1545.095
2.955 0.63907 47.16218 0.28724 30.13998 0.32404 0.05619 0.31472 0.30505 1544.712
2.960 0.63901 47.09837 0.28682 30.09626 0.32426 0.05600 0.31510 0.30465 1544.329
2.965 0.63895 47.03469 0.28641 30.05267 0.32448 0.05580 0.31548 0.30424 1543.946
2.970 0.63889 46.97115 0.28599 30.00919 0.32469 0.05561 0.31586 0.30384 1543.564
2.975 0.63882 46.90774 0.28558 29.96583 0.32491 0.05542 0.31624 0.30343 1543.183
2.980 0.63876 46.84448 0.28517 29.92259 0.32513 0.05522 0.31662 0.30303 1542.801
2.985 0.63870 46.78135 0.28476 29.87946 0.32535 0.05503 0.31699 0.30263 1542.421
2.990 0.63865 46.71835 0.28435 29.83645 0.32556 0.05484 0.31737 0.30222 1542.040
2.995 0.63859 46.65549 0.28394 29.79356 0.32578 0.05465 0.31775 0.30182 1541.661
3.000 0.63853 46.59276 0.28353 29.75078 0.32600 0.05446 0.31813 0.30142 1541.281
3.005 0.63847 46.53017 0.28313 29.70811 0.32621 0.05427 0.31851 0.30101 1540.902
3.010 0.63841 46.46772 0.28272 29.66556 0.32643 0.05408 0.31888 0.30061 1540.524
3.015 0.63836 46.40539 0.28232 29.62312 0.32664 0.05389 0.31926 0.30021 1540.146
3.020 0.63830 46.34321 0.28191 29.58080 0.32685 0.05370 0.31964 0.29980 1539.768
3.025 0.63824 46.28115 0.28151 29.53859 0.32707 0.05352 0.32002 0.29940 1539.391
3.030 0.63819 46.21923 0.28111 29.49649 0.32728 0.05333 0.32040 0.29900 1539.014
3.035 0.63813 46.15744 0.28071 29.45451 0.32749 0.05314 0.32077 0.29859 1538.638
3.040 0.63808 46.09579 0.28031 29.41263 0.32771 0.05296 0.32115 0.29819 1538.262
3.045 0.63802 46.03426 0.27991 29.37087 0.32792 0.05277 0.32153 0.29778 1537.887
3.050 0.63797 45.97287 0.27951 29.32922 0.32813 0.05259 0.32190 0.29738 1537.512
3.055 0.63791 45.91161 0.27912 29.28768 0.32834 0.05240 0.32228 0.29698 1537.138
3.060 0.63786 45.85048 0.27872 29.24625 0.32855 0.05222 0.32266 0.29657 1536.764
3.065 0.63781 45.78948 0.27833 29.20493 0.32876 0.05204 0.32303 0.29617 1536.390
3.070 0.63776 45.72861 0.27794 29.16373 0.32897 0.05185 0.32341 0.29577 1536.017
3.075 0.63770 45.66788 0.27755 29.12263 0.32918 0.05167 0.32379 0.29536 1535.644
3.080 0.63765 45.60727 0.27715 29.08164 0.32939 0.05149 0.32416 0.29496 1535.272
3.085 0.63760 45.54679 0.27677 29.04076 0.32959 0.05131 0.32454 0.29456 1534.900
3.090 0.63755 45.48644 0.27638 28.99998 0.32980 0.05113 0.32491 0.29415 1534.529
3.095 0.63750 45.42622 0.27599 28.95932 0.33001 0.05095 0.32529 0.29375 1534.158
3.100 0.63745 45.36613 0.27560 28.91876 0.33022 0.05077 0.32567 0.29335 1533.787
3.105 0.63740 45.30617 0.27522 28.87831 0.33042 0.05059 0.32604 0.29294 1533.417
3.110 0.63735 45.24634 0.27483 28.83797 0.33063 0.05041 0.32642 0.29254 1533.048
3.115 0.63731 45.18663 0.27445 28.79773 0.33083 0.05024 0.32679 0.29214 1532.678
3.120 0.63726 45.12705 0.27407 28.75760 0.33104 0.05006 0.32717 0.29174 1532.310
3.125 0.63721 45.06760 0.27369 28.71758 0.33124 0.04988 0.32754 0.29133 1531.941
3.130 0.63716 45.00828 0.27330 28.67766 0.33145 0.04971 0.32792 0.29093 1531.574
3.135 0.63712 44.94908 0.27293 28.63784 0.33165 0.04953 0.32829 0.29053 1531.206
3.140 0.63707 44.89001 0.27255 28.59813 0.33185 0.04936 0.32867 0.29012 1530.839
3.145 0.63703 44.83106 0.27217 28.55853 0.33206 0.04918 0.32904 0.28972 1530.473
3.150 0.63698 44.77225 0.27179 28.51903 0.33226 0.04901 0.32941 0.28932 1530.107
3.155 0.63694 44.71355 0.27142 28.47963 0.33246 0.04883 0.32979 0.28892 1529.741
3.160 0.63689 44.65498 0.27104 28.44034 0.33266 0.04866 0.33016 0.28851 1529.376
3.165 0.63685 44.59654 0.27067 28.40114 0.33286 0.04849 0.33054 0.28811 1529.011
3.170 0.63680 44.53822 0.27030 28.36206 0.33306 0.04832 0.33091 0.28771 1528.646
3.175 0.63676 44.48002 0.26993 28.32307 0.33326 0.04815 0.33128 0.28731 1528.282
3.180 0.63672 44.42195 0.26955 28.28419 0.33346 0.04798 0.33166 0.28690 1527.919
3.185 0.63667 44.36400 0.26919 28.24540 0.33366 0.04781 0.33203 0.28650 1527.556
3.190 0.63663 44.30617 0.26882 28.20672 0.33386 0.04764 0.33240 0.28610 1527.193
3.195 0.63659 44.24847 0.26845 28.16814 0.33406 0.04747 0.33278 0.28570 1526.831
3.200 0.63655 44.19089 0.26808 28.12966 0.33426 0.04730 0.33315 0.28530 1526.469
3.205 0.63651 44.13344 0.26772 28.09129 0.33446 0.04713 0.33352 0.28489 1526.108
3.210 0.63647 44.07610 0.26735 28.05301 0.33465 0.04696 0.33389 0.28449 1525.747
3.215 0.63643 44.01889 0.26699 28.01483 0.33485 0.04680 0.33427 0.28409 1525.386
3.220 0.63639 43.96179 0.26662 27.97675 0.33505 0.04663 0.33464 0.28369 1525.026
3.225 0.63635 43.90482 0.26626 27.93877 0.33524 0.04646 0.33501 0.28329 1524.667
3.230 0.63631 43.84797 0.26590 27.90088 0.33544 0.04630 0.33538 0.28289 1524.307
3.235 0.63627 43.79124 0.26554 27.86310 0.33563 0.04613 0.33575 0.28248 1523.949
3.240 0.63623 43.73463 0.26518 27.82541 0.33582 0.04597 0.33612 0.28208 1523.590
3.245 0.63620 43.67814 0.26482 27.78782 0.33602 0.04580 0.33650 0.28168 1523.232
3.250 0.63616 43.62178 0.26447 27.75033 0.33621 0.04564 0.33687 0.28128 1522.875
3.255 0.63612 43.56552 0.26411 27.71294 0.33640 0.04548 0.33724 0.28088 1522.518
3.260 0.63608 43.50939 0.26376 27.67564 0.33660 0.04532 0.33761 0.28048 1522.161
3.265 0.63605 43.45338 0.26340 27.63844 0.33679 0.04515 0.33798 0.28008 1521.805
3.270 0.63601 43.39749 0.26305 27.60133 0.33698 0.04499 0.33835 0.27968 1521.449
3.275 0.63598 43.34171 0.26269 27.56432 0.33717 0.04483 0.33872 0.27928 1521.094
3.280 0.63594 43.28605 0.26234 27.52741 0.33736 0.04467 0.33909 0.27888 1520.739
3.285 0.63591 43.23051 0.26199 27.49059 0.33755 0.04451 0.33946 0.27848 1520.384
3.290 0.63587 43.17509 0.26164 27.45387 0.33774 0.04435 0.33983 0.27808 1520.030
3.295 0.63584 43.11979 0.26129 27.41724 0.33793 0.04419 0.34020 0.27768 1519.676
3.300 0.63581 43.06460 0.26094 27.38070 0.33812 0.04403 0.34057 0.27728 1519.323
3.305 0.63577 43.00952 0.26060 27.34426 0.33831 0.04388 0.34094 0.27688 1518.970
3.310 0.63574 42.95457 0.26025 27.30791 0.33850 0.04372 0.34131 0.27648 1518.618
3.315 0.63571 42.89973 0.25991 27.27166 0.33868 0.04356 0.34168 0.27608 1518.266
3.320 0.63567 42.84500 0.25956 27.23549 0.33887 0.04341 0.34205 0.27568 1517.914
3.325 0.63564 42.79039 0.25922 27.19943 0.33906 0.04325 0.34242 0.27528 1517.563
3.330 0.63561 42.73590 0.25887 27.16345 0.33924 0.04309 0.34279 0.27488 1517.212
3.335 0.63558 42.68152 0.25853 27.12756 0.33943 0.04294 0.34315 0.27448 1516.862
3.340 0.63555 42.62725 0.25819 27.09177 0.33961 0.04278 0.34352 0.27408 1516.512
3.345 0.63552 42.57310 0.25785 27.05607 0.33980 0.04263 0.34389 0.27368 1516.162
3.350 0.63549 42.51907 0.25751 27.02046 0.33998 0.04248 0.34426 0.27328 1515.813
3.355 0.63546 42.46514 0.25717 26.98494 0.34017 0.04232 0.34463 0.27288 1515.464
3.360 0.63543 42.41133 0.25684 26.94951 0.34035 0.04217 0.34499 0.27249 1515.116
3.365 0.63540 42.35763 0.25650 26.91417 0.34053 0.04202 0.34536 0.27209 1514.768
3.370 0.63537 42.30405 0.25616 26.87892 0.34072 0.04187 0.34573 0.27169 1514.421
3.375 0.63535 42.25058 0.25583 26.84376 0.34090 0.04172 0.34610 0.27129 1514.074
3.380 0.63532 42.19722 0.25549 26.80869 0.34108 0.04157 0.34646 0.27089 1513.727
3.385 0.63529 42.14397 0.25516 26.77370 0.34126 0.04142 0.34683 0.27049 1513.381
3.390 0.63526 42.09084 0.25483 26.73881 0.34144 0.04127 0.34720 0.27010 1513.035
3.395 0.63524 42.03781 0.25450 26.70401 0.34162 0.04112 0.34756 0.26970 1512.690
3.400 0.63521 41.98490 0.25416 26.66929 0.34180 0.04097 0.34793 0.26930 1512.345
3.405 0.63519 41.93210 0.25383 26.63466 0.34198 0.04082 0.34830 0.26891 1512.000
3.410 0.63516 41.87940 0.25351 26.60012 0.34216 0.04067 0.34866 0.26851 1511.656
3.415 0.63513 41.82682 0.25318 26.56567 0.34234 0.04052 0.34903 0.26811 1511.312
3.420 0.63511 41.77435 0.25285 26.53130 0.34251 0.04038 0.34939 0.26772 1510.969
3.425 0.63509 41.72199 0.25252 26.49702 0.34269 0.04023 0.34976 0.26732 1510.626
3.430 0.63506 41.66974 0.25220 26.46283 0.34287 0.04009 0.35012 0.26692 1510.283
3.435 0.63504 41.61759 0.25187 26.42872 0.34305 0.03994 0.35049 0.26653 1509.941
3.440 0.63501 41.56556 0.25155 26.39470 0.34322 0.03979 0.35085 0.26613 1509.599
3.445 0.63499 41.51363 0.25122 26.36076 0.34340 0.03965 0.35122 0.26573 1509.258
3.450 0.63497 41.46182 0.25090 26.32691 0.34357 0.03951 0.35158 0.26534 1508.917
3.455 0.63495 41.41011 0.25058 26.29315 0.34375 0.03936 0.35195 0.26494 1508.577
3.460 0.63492 41.35851 0.25026 26.25946 0.34392 0.03922 0.35231 0.26455 1508.236
3.465 0.63490 41.30701 0.24994 26.22587 0.34409 0.03908 0.35268 0.26415 1507.897
3.470 0.63488 41.25563 0.24962 26.19236 0.34427 0.03893 0.35304 0.26376 1507.557
3.475 0.63486 41.20435 0.24930 26.15893 0.34444 0.03879 0.35340 0.26336 1507.218
3.480 0.63484 41.15318 0.24898 26.12558 0.34461 0.03865 0.35377 0.26297 1506.880
3.485 0.63482 41.10211 0.24867 26.09232 0.34479 0.03851 0.35413 0.26257 1506.542
3.490 0.63480 41.05115 0.24835 26.05914 0.34496 0.03837 0.35449 0.26218 1506.204
3.495 0.63478 41.00030 0.24803 26.02605 0.34513 0.03823 0.35486 0.26179 1505.867
3.500 0.63476 40.94955 0.24772 25.99303 0.34530 0.03809 0.35522 0.26139 1505.530
3.505 0.63474 40.89891 0.24741 25.96010 0.34547 0.03795 0.35558 0.26100 1505.193
3.510 0.63472 40.84837 0.24709 25.92726 0.34564 0.03781 0.35594 0.26060 1504.857
3.515 0.63470 40.79794 0.24678 25.89449 0.34581 0.03767 0.35631 0.26021 1504.522
3.520 0.63468 40.74761 0.24647 25.86180 0.34598 0.03754 0.35667 0.25982 1504.186
3.525 0.63466 40.69739 0.24616 25.82920 0.34615 0.03740 0.35703 0.25943 1503.851
3.530 0.63465 40.64727 0.24585 25.79668 0.34631 0.03726 0.35739 0.25903 1503.517
3.535 0.63463 40.59725 0.24554 25.76423 0.34648 0.03713 0.35775 0.25864 1503.183
3.540 0.63461 40.54734 0.24523 25.73187 0.34665 0.03699 0.35811 0.25825 1502.849
3.545 0.63460 40.49754 0.24492 25.69959 0.34681 0.03686 0.35848 0.25786 1502.516
3.550 0.63458 40.44783 0.24462 25.66739 0.34698 0.03672 0.35884 0.25746 1502.183
3.555 0.63456 40.39823 0.24431 25.63527 0.34715 0.03659 0.35920 0.25707 1501.850
3.560 0.63455 40.34873 0.24400 25.60322 0.34731 0.03645 0.35956 0.25668 1501.518
3.565 0.63453 40.29933 0.24370 25.57126 0.34748 0.03632 0.35992 0.25629 1501.186
3.570 0.63452 40.25004 0.24340 25.53937 0.34764 0.03618 0.36028 0.25590 1500.855
3.575 0.63450 40.20085 0.24309 25.50757 0.34780 0.03605 0.36064 0.25551 1500.524
3.580 0.63449 40.15175 0.24279 25.47584 0.34797 0.03592 0.36100 0.25512 1500.193
3.585 0.63447 40.10276 0.24249 25.44419 0.34813 0.03579 0.36136 0.25473 1499.863
3.590 0.63446 40.05388 0.24219 25.41262 0.34829 0.03566 0.36172 0.25434 1499.533
3.595 0.63445 40.00509 0.24189 25.38112 0.34845 0.03552 0.36208 0.25395 1499.204
3.600 0.63443 39.95640 0.24159 25.34971 0.34862 0.03539 0.36243 0.25356 1498.875
3.605 0.63442 39.90781 0.24129 25.31837 0.34878 0.03526 0.36279 0.25317 1498.546
3.610 0.63441 39.85933 0.24099 25.28711 0.34894 0.03513 0.36315 0.25278 1498.218
3.615 0.63440 39.81094 0.24069 25.25592 0.34910 0.03500 0.36351 0.25239 1497.890
3.620 0.63438 39.76265 0.24040 25.22481 0.34926 0.03488 0.36387 0.25200 1497.563
3.625 0.63437 39.71446 0.24010 25.19378 0.34942 0.03475 0.36423 0.25161 1497.236
3.630 0.63436 39.66637 0.23981 25.16282 0.34958 0.03462 0.36459 0.25122 1496.909
3.635 0.63435 39.61838 0.23951 25.13194 0.34973 0.03449 0.36494 0.25083 1496.583
3.640 0.63434 39.57049 0.23922 25.10113 0.34989 0.03436 0.36530 0.25044 1496.257
3.645 0.63433 39.52270 0.23893 25.07040 0.35005 0.03424 0.36566 0.25006 1495.931
3.650 0.63432 39.47500 0.23863 25.03974 0.35021 0.03411 0.36601 0.24967 1495.606
3.655 0.63431 39.42741 0.23834 25.00916 0.35036 0.03398 0.36637 0.24928 1495.281
3.660 0.63430 39.37991 0.23805 24.97865 0.35052 0.03386 0.36673 0.24889 1494.957
3.665 0.63429 39.33251 0.23776 24.94822 0.35068 0.03373 0.36708 0.24851 1494.633
3.670 0.63428 39.28520 0.23747 24.91786 0.35083 0.03361 0.36744 0.24812 1494.309
3.675 0.63427 39.23799 0.23718 24.88758 0.35099 0.03348 0.36780 0.24773 1493.986
3.680 0.63426 39.19088 0.23690 24.85736 0.35114 0.03336 0.36815 0.24735 1493.663
3.685 0.63426 39.14387 0.23661 24.82722 0.35129 0.03324 0.36851 0.24696 1493.341
3.690 0.63425 39.09695 0.23632 24.79716 0.35145 0.03311 0.36886 0.24658 1493.018
3.695 0.63424 39.05012 0.23604 24.76717 0.35160 0.03299 0.36922 0.24619 1492.697
3.700 0.63423 39.00340 0.23575 24.73725 0.35175 0.03287 0.36957 0.24581 1492.375
3.705 0.63423 38.95676 0.23547 24.70740 0.35190 0.03275 0.36993 0.24542 1492.054
3.710 0.63422 38.91023 0.23518 24.67762 0.35206 0.03262 0.37028 0.24504 1491.734
3.715 0.63421 38.86379 0.23490 24.64792 0.35221 0.03250 0.37064 0.24465 1491.414
3.720 0.63421 38.81744 0.23462 24.61829 0.35236 0.03238 0.37099 0.24427 1491.094
3.725 0.63420 38.77119 0.23434 24.58872 0.35251 0.03226 0.37135 0.24388 1490.774
3.730 0.63420 38.72503 0.23406 24.55924 0.35266 0.03214 0.37170 0.24350 1490.455
3.735 0.63419 38.67896 0.23377 24.52982 0.35281 0.03202 0.37205 0.24311 1490.136
3.740 0.63419 38.63299 0.23350 24.50047 0.35296 0.03190 0.37241 0.24273 1489.818
3.745 0.63418 38.58712 0.23322 24.47119 0.35311 0.03178 0.37276 0.24235 1489.500
3.750 0.63418 38.54133 0.23294 24.44198 0.35325 0.03167 0.37311 0.24197 1489.182
3.755 0.63417 38.49564 0.23266 24.41285 0.35340 0.03155 0.37347 0.24158 1488.865
3.760 0.63417 38.45005 0.23238 24.38378 0.35355 0.03143 0.37382 0.24120 1488.548
3.765 0.63416 38.40454 0.23211 24.35478 0.35370 0.03131 0.37417 0.24082 1488.232
3.770 0.63416 38.35913 0.23183 24.32585 0.35384 0.03120 0.37452 0.24044 1487.916
3.775 0.63416 38.31381 0.23156 24.29699 0.35399 0.03108 0.37488 0.24006 1487.600
3.780 0.63415 38.26858 0.23128 24.26820 0.35413 0.03096 0.37523 0.23967 1487.285
3.785 0.63415 38.22344 0.23101 24.23948 0.35428 0.03085 0.37558 0.23929 1486.970
3.790 0.63415 38.17840 0.23073 24.21083 0.35442 0.03073 0.37593 0.23891 1486.655
3.795 0.63415 38.13345 0.23046 24.18224 0.35457 0.03062 0.37628 0.23853 1486.341
3.800 0.63415 38.08858 0.23019 24.15373 0.35471 0.03050 0.37663 0.23815 1486.027
3.805 0.63414 38.04381 0.22992 24.12528 0.35485 0.03039 0.37698 0.23777 1485.713
3.810 0.63414 37.99913 0.22965 24.09690 0.35500 0.03028 0.37734 0.23739 1485.400
3.815 0.63414 37.95454 0.22938 24.06858 0.35514 0.03016 0.37769 0.23701 1485.087
3.820 0.63414 37.91004 0.22911 24.04034 0.35528 0.03005 0.37804 0.23663 1484.775
3.825 0.63414 37.86563 0.22884 24.01216 0.35542 0.02994 0.37839 0.23626 1484.463
3.830 0.63414 37.82131 0.22857 23.98405 0.35556 0.02983 0.37874 0.23588 1484.151
3.835 0.63414 37.77707 0.22831 23.95600 0.35570 0.02971 0.37909 0.23550 1483.840
3.840 0.63414 37.73293 0.22804 23.92802 0.35584 0.02960 0.37943 0.23512 1483.529
3.845 0.63414 37.68888 0.22777 23.90011 0.35598 0.02949 0.37978 0.23474 1483.218
3.850 0.63414 37.64491 0.22751 23.87226 0.35612 0.02938 0.38013 0.23437 1482.908
3.855 0.63414 37.60104 0.22724 23.84448 0.35626 0.02927 0.38048 0.23399 1482.598
3.860 0.63415 37.55725 0.22698 23.81676 0.35640 0.02916 0.38083 0.23361 1482.289
3.865 0.63415 37.51355 0.22672 23.78911 0.35654 0.02905 0.38118 0.23323 1481.980
3.870 0.63415 37.46994 0.22645 23.76153 0.35667 0.02894 0.38153 0.23286 1481.671
3.875 0.63415 37.42641 0.22619 23.73400 0.35681 0.02883 0.38187 0.23248 1481.362
3.880 0.63415 37.38298 0.22593 23.70655 0.35695 0.02872 0.38222 0.23211 1481.054
3.885 0.63416 37.33963 0.22567 23.67916 0.35708 0.02862 0.38257 0.23173 1480.747
3.890 0.63416 37.29636 0.22541 23.65183 0.35722 0.02851 0.38292 0.23136 1480.439
3.895 0.63416 37.25319 0.22515 23.62457 0.35735 0.02840 0.38326 0.23098 1480.132
3.900 0.63417 37.21010 0.22489 23.59737 0.35749 0.02829 0.38361 0.23061 1479.826
3.905 0.63417 37.16710 0.22463 23.57023 0.35762 0.02819 0.38396 0.23023 1479.519
3.910 0.63417 37.12418 0.22437 23.54316 0.35776 0.02808 0.38430 0.22986 1479.213
3.915 0.63418 37.08135 0.22411 23.51615 0.35789 0.02798 0.38465 0.22948 1478.908
3.920 0.63418 37.03861 0.22386 23.48921 0.35802 0.02787 0.38500 0.22911 1478.603
3.925 0.63419 36.99595 0.22360 23.46232 0.35816 0.02777 0.38534 0.22874 1478.298
3.930 0.63419 36.95337 0.22335 23.43550 0.35829 0.02766 0.38569 0.22837 1477.993
3.935 0.63420 36.91088 0.22309 23.40875 0.35842 0.02756 0.38603 0.22799 1477.689
3.940 0.63420 36.86848 0.22284 23.38205 0.35855 0.02745 0.38638 0.22762 1477.385
3.945 0.63421 36.82616 0.22258 23.35542 0.35868 0.02735 0.38672 0.22725 1477.082
3.950 0.63421 36.78393 0.22233 23.32885 0.35881 0.02724 0.38707 0.22688 1476.779
3.955 0.63422 36.74178 0.22208 23.30234 0.35894 0.02714 0.38741 0.22651 1476.476
3.960 0.63423 36.69971 0.22182 23.27589 0.35907 0.02704 0.38776 0.22613 1476.174
3.965 0.63423 36.65773 0.22157 23.24951 0.35920 0.02694 0.38810 0.22576 1475.872
3.970 0.63424 36.61583 0.22132 23.22318 0.35933 0.02683 0.38844 0.22539 1475.570
3.975 0.63425 36.57401 0.22107 23.19692 0.35946 0.02673 0.38879 0.22502 1475.269
3.980 0.63425 36.53228 0.22082 23.17071 0.35958 0.02663 0.38913 0.22465 1474.968
3.985 0.63426 36.49063 0.22057 23.14457 0.35971 0.02653 0.38947 0.22428 1474.667
3.990 0.63427 36.44906 0.22032 23.11849 0.35984 0.02643 0.38982 0.22391 1474.367
3.995 0.63428 36.40758 0.22008 23.09247 0.35997 0.02633 0.39016 0.22355 1474.067
4.000 0.63428 36.36618 0.21983 23.06651 0.36009 0.02623 0.39050 0.22318 1473.767
4.005 0.63429 36.32486 0.21958 23.04060 0.36022 0.02613 0.39084 0.22281 1473.468
4.010 0.63430 36.28362 0.21934 23.01476 0.36034 0.02603 0.39119 0.22244 1473.169
4.015 0.63431 36.24247 0.21909 22.98898 0.36047 0.02593 0.39153 0.22207 1472.871
4.020 0.63432 36.20139 0.21885 22.96326 0.36059 0.02583 0.39187 0.22171 1472.572
4.025 0.63433 36.16040 0.21860 22.93759 0.36071 0.02574 0.39221 0.22134 1472.275
4.030 0.63434 36.11949 0.21836 22.91199 0.36084 0.02564 0.39255 0.22097 1471.977
4.035 0.63435 36.07866 0.21811 22.88644 0.36096 0.02554 0.39289 0.22061 1471.680
4.040 0.63436 36.03791 0.21787 22.86095 0.36108 0.02544 0.39323 0.22024 1471.383
4.045 0.63437 35.99724 0.21763 22.83552 0.36121 0.02535 0.39357 0.21987 1471.087
4.050 0.63438 35.95665 0.21739 22.81015 0.36133 0.02525 0.39391 0.21951 1470.790
4.055 0.63439 35.91614 0.21714 22.78484 0.36145 0.02515 0.39425 0.21914 1470.495
4.060 0.63440 35.87571 0.21690 22.75958 0.36157 0.02506 0.39459 0.21878 1470.199
4.065 0.63441 35.83536 0.21666 22.73438 0.36169 0.02496 0.39493 0.21841 1469.904
4.070 0.63442 35.79509 0.21642 22.70924 0.36181 0.02487 0.39527 0.21805 1469.609
4.075 0.63443 35.75490 0.21619 22.68416 0.36193 0.02477 0.39561 0.21769 1469.315
4.080 0.63445 35.71479 0.21595 22.65913 0.36205 0.02468 0.39595 0.21732 1469.021
4.085 0.63446 35.67476 0.21571 22.63416 0.36217 0.02458 0.39629 0.21696 1468.727
4.090 0.63447 35.63481 0.21547 22.60925 0.36228 0.02449 0.39663 0.21660 1468.434
4.095 0.63448 35.59493 0.21523 22.58440 0.36240 0.02440 0.39697 0.21623 1468.141
4.100 0.63450 35.55514 0.21500 22.55960 0.36252 0.02430 0.39730 0.21587 1467.848
4.105 0.63451 35.51542 0.21476 22.53485 0.36264 0.02421 0.39764 0.21551 1467.555
4.110 0.63452 35.47578 0.21453 22.51017 0.36275 0.02412 0.39798 0.21515 1467.263
4.115 0.63454 35.43622 0.21429 22.48554 0.36287 0.02403 0.39832 0.21479 1466.972
4.120 0.63455 35.39673 0.21406 22.46096 0.36298 0.02393 0.39865 0.21443 1466.680
4.125 0.63456 35.35733 0.21382 22.43644 0.36310 0.02384 0.39899 0.21407 1466.389
4.130 0.63458 35.31800 0.21359 22.41198 0.36321 0.02375 0.39933 0.21371 1466.098
4.135 0.63459 35.27874 0.21336 22.38757 0.36333 0.02366 0.39966 0.21335 1465.808
4.140 0.63461 35.23957 0.21313 22.36321 0.36344 0.02357 0.40000 0.21299 1465.518
4.145 0.63462 35.20047 0.21290 22.33891 0.36356 0.02348 0.40034 0.21263 1465.228
4.150 0.63463 35.16145 0.21266 22.31467 0.36367 0.02339 0.40067 0.21227 1464.939
4.155 0.63465 35.12250 0.21243 22.29048 0.36378 0.02330 0.40101 0.21191 1464.650
4.160 0.63466 35.08363 0.21220 22.26634 0.36389 0.02321 0.40134 0.21155 1464.361
4.165 0.63468 35.04484 0.21197 22.24226 0.36401 0.02312 0.40168 0.21119 1464.073
4.170 0.63470 35.00612 0.21174 22.21824 0.36412 0.02303 0.40201 0.21084 1463.785
4.175 0.63471 34.96747 0.21152 22.19426 0.36423 0.02294 0.40235 0.21048 1463.497
4.180 0.63473 34.92891 0.21129 22.17034 0.36434 0.02286 0.40268 0.21012 1463.210
4.185 0.63474 34.89041 0.21106 22.14648 0.36445 0.02277 0.40302 0.20977 1462.923
4.190 0.63476 34.85200 0.21083 22.12267 0.36456 0.02268 0.40335 0.20941 1462.636
4.195 0.63478 34.81365 0.21061 22.09891 0.36467 0.02259 0.40368 0.20905 1462.349
4.200 0.63479 34.77538 0.21038 22.07520 0.36478 0.02251 0.40402 0.20870 1462.063
4.205 0.63481 34.73719 0.21016 22.05155 0.36488 0.02242 0.40435 0.20834 1461.778
4.210 0.63483 34.69907 0.20993 22.02795 0.36499 0.02233 0.40468 0.20799 1461.492
4.215 0.63485 34.66103 0.20971 22.00440 0.36510 0.02225 0.40502 0.20763 1461.207
4.220 0.63486 34.62305 0.20948 21.98090 0.36521 0.02216 0.40535 0.20728 1460.922
4.225 0.63488 34.58516 0.20926 21.95746 0.36531 0.02208 0.40568 0.20693 1460.638
4.230 0.63490 34.54733 0.20904 21.93407 0.36542 0.02199 0.40601 0.20657 1460.354
4.235 0.63492 34.50958 0.20881 21.91073 0.36553 0.02191 0.40635 0.20622 1460.070
4.240 0.63494 34.47190 0.20859 21.88744 0.36563 0.02182 0.40668 0.20587 1459.786
4.245 0.63495 34.43430 0.20837 21.86421 0.36574 0.02174 0.40701 0.20552 1459.503
4.250 0.63497 34.39676 0.20815 21.84102 0.36584 0.02166 0.40734 0.20516 1459.220
4.255 0.63499 34.35930 0.20793 21.81789 0.36595 0.02157 0.40767 0.20481 1458.938
4.260 0.63501 34.32192 0.20771 21.79481 0.36605 0.02149 0.40800 0.20446 1458.656
4.265 0.63503 34.28460 0.20749 21.77178 0.36615 0.02141 0.40833 0.20411 1458.374
4.270 0.63505 34.24736 0.20727 21.74880 0.36626 0.02132 0.40866 0.20376 1458.092
4.275 0.63507 34.21019 0.20705 21.72587 0.36636 0.02124 0.40899 0.20341 1457.811
4.280 0.63509 34.17309 0.20683 21.70299 0.36646 0.02116 0.40932 0.20306 1457.530
4.285 0.63511 34.13606 0.20662 21.68016 0.36656 0.02108 0.40965 0.20271 1457.250
4.290 0.63513 34.09910 0.20640 21.65738 0.36666 0.02100 0.40998 0.20236 1456.969
4.295 0.63515 34.06222 0.20618 21.63465 0.36676 0.02091 0.41031 0.20201 1456.689
4.300 0.63517 34.02541 0.20597 21.61198 0.36686 0.02083 0.41064 0.20166 1456.410
4.305 0.63519 33.98866 0.20575 21.58935 0.36696 0.02075 0.41097 0.20132 1456.131
4.310 0.63521 33.95199 0.20554 21.56677 0.36706 0.02067 0.41130 0.20097 1455.852
4.315 0.63523 33.91539 0.20532 21.54424 0.36716 0.02059 0.41162 0.20062 1455.573
4.320 0.63526 33.87886 0.20511 21.52176 0.36726 0.02051 0.41195 0.20027 1455.295
4.325 0.63528 33.84239 0.20489 21.49933 0.36736 0.02043 0.41228 0.19993 1455.016
4.330 0.63530 33.80600 0.20468 21.47695 0.36746 0.02035 0.41261 0.19958 1454.739
4.335 0.63532 33.76968 0.20447 21.45462 0.36756 0.02027 0.41293 0.19923 1454.461
4.340 0.63534 33.73343 0.20426 21.43233 0.36765 0.02020 0.41326 0.19889 1454.184
4.345 0.63537 33.69724 0.20404 21.41010 0.36775 0.02012 0.41359 0.19854 1453.907
4.350 0.63539 33.66113 0.20383 21.38791 0.36785 0.02004 0.41392 0.19820 1453.631
4.355 0.63541 33.62509 0.20362 21.36577 0.36794 0.01996 0.41424 0.19785 1453.355
4.360 0.63543 33.58911 0.20341 21.34368 0.36804 0.01988 0.41457 0.19751 1453.079
4.365 0.63546 33.55320 0.20320 21.32164 0.36813 0.01981 0.41489 0.19717 1452.804
4.370 0.63548 33.51737 0.20299 21.29964 0.36823 0.01973 0.41522 0.19682 1452.528
4.375 0.63550 33.48160 0.20278 21.27770 0.36832 0.01965 0.41554 0.19648 1452.253
4.380 0.63553 33.44590 0.20257 21.25580 0.36841 0.01958 0.41587 0.19614 1451.979
4.385 0.63555 33.41026 0.20236 21.23395 0.36851 0.01950 0.41619 0.19580 1451.705
4.390 0.63558 33.37470 0.20216 21.21214 0.36860 0.01943 0.41652 0.19545 1451.431
4.395 0.63560 33.33920 0.20195 21.19038 0.36869 0.01935 0.41684 0.19511 1451.157
4.400 0.63562 33.30377 0.20174 21.16867 0.36879 0.01927 0.41717 0.19477 1450.884
4.405 0.63565 33.26841 0.20154 21.14701 0.36888 0.01920 0.41749 0.19443 1450.611
4.410 0.63567 33.23311 0.20133 21.12539 0.36897 0.01912 0.41782 0.19409 1450.338
4.415 0.63570 33.19788 0.20112 21.10382 0.36906 0.01905 0.41814 0.19375 1450.065
4.420 0.63572 33.16272 0.20092 21.08230 0.36915 0.01898 0.41846 0.19341 1449.793
4.425 0.63575 33.12763 0.20071 21.06082 0.36924 0.01890 0.41879 0.19307 1449.521
4.430 0.63577 33.09260 0.20051 21.03939 0.36933 0.01883 0.41911 0.19273 1449.250
4.435 0.63580 33.05764 0.20031 21.01801 0.36942 0.01875 0.41943 0.19239 1448.979
4.440 0.63582 33.02274 0.20010 20.99667 0.36951 0.01868 0.41975 0.19206 1448.708
4.445 0.63585 32.98791 0.19990 20.97537 0.36960 0.01861 0.42008 0.19172 1448.437
4.450 0.63588 32.95315 0.19970 20.95413 0.36969 0.01854 0.42040 0.19138 1448.167
4.455 0.63590 32.91845 0.19950 20.93292 0.36977 0.01846 0.42072 0.19104 1447.897
4.460 0.63593 32.88382 0.19929 20.91177 0.36986 0.01839 0.42104 0.19071 1447.627
4.465 0.63596 32.84926 0.19909 20.89066 0.36995 0.01832 0.42136 0.19037 1447.358
4.470 0.63598 32.81476 0.19889 20.86959 0.37003 0.01825 0.42168 0.19003 1447.089
4.475 0.63601 32.78032 0.19869 20.84857 0.37012 0.01818 0.42200 0.18970 1446.820
4.480 0.63604 32.74595 0.19849 20.82759 0.37021 0.01811 0.42232 0.18936 1446.552
4.485 0.63606 32.71164 0.19829 20.80666 0.37029 0.01803 0.42264 0.18903 1446.283
4.490 0.63609 32.67740 0.19809 20.78577 0.37038 0.01796 0.42296 0.18869 1446.016
4.495 0.63612 32.64323 0.19789 20.76493 0.37046 0.01789 0.42328 0.18836 1445.748
4.500 0.63615 32.60911 0.19770 20.74413 0.37055 0.01782 0.42360 0.18803 1445.481
4.505 0.63617 32.57507 0.19750 20.72337 0.37063 0.01775 0.42392 0.18769 1445.214
4.510 0.63620 32.54108 0.19730 20.70266 0.37071 0.01768 0.42424 0.18736 1444.947
4.515 0.63623 32.50716 0.19710 20.68200 0.37080 0.01762 0.42456 0.18703 1444.681
4.520 0.63626 32.47331 0.19691 20.66137 0.37088 0.01755 0.42488 0.18670 1444.415
4.525 0.63629 32.43952 0.19671 20.64079 0.37096 0.01748 0.42520 0.18636 1444.149
4.530 0.63631 32.40579 0.19652 20.62026 0.37104 0.01741 0.42552 0.18603 1443.883
4.535 0.63634 32.37212 0.19632 20.59977 0.37112 0.01734 0.42583 0.18570 1443.618
4.540 0.63637 32.33852 0.19613 20.57932 0.37120 0.01727 0.42615 0.18537 1443.353
4.545 0.63640 32.30498 0.19593 20.55891 0.37128 0.01720 0.42647 0.18504 1443.089
4.550 0.63643 32.27150 0.19574 20.53855 0.37136 0.01714 0.42679 0.18471 1442.824
4.555 0.63646 32.23809 0.19554 20.51823 0.37144 0.01707 0.42710 0.18438 1442.560
