0.000 1350.000 0.37200 0.01640 0.43000 0.181000.37200 0.01640 0.43000 0.18100 1.00000 1.260e+13 0.35000
0.005 1349.473 0.37171 0.01632 0.42989 0.18050 0.37230 0.01635 0.43057 0.18078 0.99842 1.258e+13 0.35049
0.010 1348.948 0.37142 0.01624 0.42979 0.18000 0.37237 0.01628 0.43089 0.18046 0.99745 1.257e+13 0.35118
0.015 1348.425 0.37114 0.01616 0.42968 0.17950 0.37245 0.01622 0.43120 0.18013 0.99648 1.256e+13 0.35187
0.020 1347.904 0.37085 0.01608 0.42957 0.17900 0.37252 0.01615 0.43151 0.17981 0.99551 1.254e+13 0.35256
0.025 1347.385 0.37056 0.01600 0.42947 0.17851 0.37260 0.01609 0.43183 0.17949 0.99454 1.253e+13 0.35325
0.030 1346.868 0.37027 0.01592 0.42936 0.17801 0.37267 0.01603 0.43214 0.17916 0.99357 1.252e+13 0.35394
0.035 1346.353 0.36999 0.01584 0.42926 0.17752 0.37274 0.01596 0.43245 0.17884 0.99261 1.251e+13 0.35463
0.040 1345.841 0.36970 0.01577 0.42915 0.17703 0.37282 0.01590 0.43277 0.17852 0.99164 1.249e+13 0.35531
0.045 1345.330 0.36941 0.01569 0.42904 0.17654 0.37289 0.01584 0.43308 0.17820 0.99068 1.248e+13 0.35599
0.050 1344.821 0.36913 0.01561 0.42894 0.17605 0.37296 0.01577 0.43339 0.17787 0.98972 1.247e+13 0.35667
0.055 1344.315 0.36884 0.01554 0.42883 0.17556 0.37303 0.01571 0.43370 0.17755 0.98877 1.246e+13 0.35735
0.060 1343.810 0.36856 0.01546 0.42872 0.17507 0.37310 0.01565 0.43401 0.17723 0.98781 1.245e+13 0.35803
0.065 1343.307 0.36827 0.01538 0.42862 0.17459 0.37317 0.01559 0.43433 0.17691 0.98686 1.243e+13 0.35870
0.070 1342.807 0.36799 0.01531 0.42851 0.17410 0.37325 0.01553 0.43464 0.17659 0.98591 1.242e+13 0.35938
0.075 1342.308 0.36770 0.01523 0.42841 0.17362 0.37332 0.01546 0.43495 0.17627 0.98496 1.241e+13 0.36005
0.080 1341.811 0.36742 0.01516 0.42830 0.17314 0.37339 0.01540 0.43526 0.17595 0.98401 1.240e+13 0.36072
0.085 1341.316 0.36713 0.01508 0.42819 0.17266 0.37345 0.01534 0.43557 0.17563 0.98307 1.239e+13 0.36139
0.090 1340.823 0.36685 0.01501 0.42809 0.17218 0.37352 0.01528 0.43588 0.17531 0.98213 1.237e+13 0.36205
0.095 1340.332 0.36656 0.01493 0.42798 0.17170 0.37359 0.01522 0.43619 0.17500 0.98118 1.236e+13 0.36272
0.100 1339.842 0.36628 0.01486 0.42788 0.17123 0.37366 0.01516 0.43650 0.17468 0.98025 1.235e+13 0.36338
0.105 1339.355 0.36599 0.01479 0.42777 0.17075 0.37373 0.01510 0.43681 0.17436 0.97931 1.234e+13 0.36404
0.110 1338.869 0.36571 0.01472 0.42767 0.17028 0.37380 0.01504 0.43712 0.17404 0.97837 1.233e+13 0.36470
0.115 1338.386 0.36543 0.01464 0.42756 0.16981 0.37386 0.01498 0.43743 0.17373 0.97744 1.232e+13 0.36536
0.120 1337.904 0.36514 0.01457 0.42745 0.16934 0.37393 0.01492 0.43774 0.17341 0.97651 1.230e+13 0.36602
0.125 1337.424 0.36486 0.01450 0.42735 0.16887 0.37400 0.01486 0.43805 0.17310 0.97558 1.229e+13 0.36667
0.130 1336.945 0.36458 0.01443 0.42724 0.16840 0.37406 0.01480 0.43835 0.17278 0.97465 1.228e+13 0.36732
0.135 1336.469 0.36430 0.01436 0.42714 0.16793 0.37413 0.01475 0.43866 0.17247 0.97373 1.227e+13 0.36797
0.140 1335.994 0.36401 0.01429 0.42703 0.16747 0.37419 0.01469 0.43897 0.17215 0.97280 1.226e+13 0.36862
0.145 1335.521 0.36373 0.01422 0.42692 0.16700 0.37426 0.01463 0.43928 0.17184 0.97188 1.225e+13 0.36927
0.150 1335.050 0.36345 0.01415 0.42682 0.16654 0.37432 0.01457 0.43958 0.17152 0.97096 1.223e+13 0.36992
0.155 1334.581 0.36317 0.01408 0.42671 0.16608 0.37439 0.01451 0.43989 0.17121 0.97004 1.222e+13 0.37056
0.160 1334.113 0.36289 0.01401 0.42661 0.16562 0.37445 0.01446 0.44020 0.17090 0.96912 1.221e+13 0.37120
0.165 1333.647 0.36261 0.01394 0.42650 0.16516 0.37451 0.01440 0.44051 0.17058 0.96821 1.220e+13 0.37185
0.170 1333.183 0.36233 0.01387 0.42640 0.16470 0.37458 0.01434 0.44081 0.17027 0.96730 1.219e+13 0.37249
0.175 1332.720 0.36205 0.01380 0.42629 0.16425 0.37464 0.01428 0.44112 0.16996 0.96639 1.218e+13 0.37312
0.180 1332.260 0.36176 0.01374 0.42619 0.16379 0.37470 0.01423 0.44142 0.16965 0.96548 1.217e+13 0.37376
0.185 1331.801 0.36148 0.01367 0.42608 0.16334 0.37476 0.01417 0.44173 0.16934 0.96457 1.215e+13 0.37439
0.190 1331.343 0.36120 0.01360 0.42597 0.16289 0.37482 0.01411 0.44204 0.16903 0.96367 1.214e+13 0.37503
0.195 1330.887 0.36092 0.01353 0.42587 0.16243 0.37488 0.01406 0.44234 0.16872 0.96276 1.213e+13 0.37566
0.200 1330.433 0.36064 0.01347 0.42576 0.16198 0.37495 0.01400 0.44265 0.16841 0.96186 1.212e+13 0.37629
0.205 1329.981 0.36037 0.01340 0.42566 0.16154 0.37501 0.01395 0.44295 0.16810 0.96096 1.211e+13 0.37692
0.210 1329.530 0.36009 0.01334 0.42555 0.16109 0.37507 0.01389 0.44326 0.16779 0.96006 1.210e+13 0.37754
0.215 1329.080 0.35981 0.01327 0.42545 0.16064 0.37513 0.01383 0.44356 0.16748 0.95917 1.209e+13 0.37817
0.220 1328.633 0.35953 0.01320 0.42534 0.16020 0.37518 0.01378 0.44386 0.16717 0.95827 1.207e+13 0.37879
0.225 1328.187 0.35925 0.01314 0.42524 0.15975 0.37524 0.01372 0.44417 0.16686 0.95738 1.206e+13 0.37941
0.230 1327.742 0.35897 0.01308 0.42513 0.15931 0.37530 0.01367 0.44447 0.16656 0.95649 1.205e+13 0.38003
0.235 1327.299 0.35869 0.01301 0.42503 0.15887 0.37536 0.01362 0.44478 0.16625 0.95560 1.204e+13 0.38065
0.240 1326.858 0.35842 0.01295 0.42492 0.15843 0.37542 0.01356 0.44508 0.16594 0.95471 1.203e+13 0.38127
0.245 1326.418 0.35814 0.01288 0.42482 0.15799 0.37548 0.01351 0.44538 0.16564 0.95383 1.202e+13 0.38188
0.250 1325.980 0.35786 0.01282 0.42471 0.15755 0.37553 0.01345 0.44568 0.16533 0.95294 1.201e+13 0.38250
0.255 1325.544 0.35758 0.01276 0.42461 0.15711 0.37559 0.01340 0.44599 0.16503 0.95206 1.200e+13 0.38311
0.260 1325.108 0.35731 0.01269 0.42450 0.15668 0.37565 0.01335 0.44629 0.16472 0.95118 1.198e+13 0.38372
0.265 1324.675 0.35703 0.01263 0.42440 0.15624 0.37570 0.01329 0.44659 0.16442 0.95030 1.197e+13 0.38433
0.270 1324.243 0.35675 0.01257 0.42429 0.15581 0.37576 0.01324 0.44689 0.16411 0.94943 1.196e+13 0.38494
0.275 1323.812 0.35648 0.01251 0.42419 0.15538 0.37581 0.01319 0.44719 0.16381 0.94855 1.195e+13 0.38554
0.280 1323.383 0.35620 0.01245 0.42408 0.15495 0.37587 0.01313 0.44750 0.16350 0.94768 1.194e+13 0.38615
0.285 1322.956 0.35592 0.01239 0.42398 0.15452 0.37592 0.01308 0.44780 0.16320 0.94681 1.193e+13 0.38675
0.290 1322.530 0.35565 0.01233 0.42387 0.15409 0.37598 0.01303 0.44810 0.16290 0.94594 1.192e+13 0.38735
0.295 1322.105 0.35537 0.01226 0.42377 0.15366 0.37603 0.01298 0.44840 0.16260 0.94507 1.191e+13 0.38795
0.300 1321.682 0.35510 0.01220 0.42366 0.15324 0.37608 0.01293 0.44870 0.16229 0.94420 1.190e+13 0.38855
0.305 1321.260 0.35482 0.01214 0.42356 0.15281 0.37614 0.01287 0.44900 0.16199 0.94334 1.189e+13 0.38915
0.310 1320.840 0.35455 0.01208 0.42345 0.15239 0.37619 0.01282 0.44930 0.16169 0.94248 1.188e+13 0.38974
0.315 1320.421 0.35427 0.01203 0.42335 0.15197 0.37624 0.01277 0.44960 0.16139 0.94161 1.186e+13 0.39034
0.320 1320.003 0.35400 0.01197 0.42324 0.15155 0.37629 0.01272 0.44990 0.16109 0.94075 1.185e+13 0.39093
0.325 1319.587 0.35372 0.01191 0.42314 0.15113 0.37634 0.01267 0.45020 0.16079 0.93990 1.184e+13 0.39152
0.330 1319.173 0.35345 0.01185 0.42303 0.15071 0.37640 0.01262 0.45049 0.16049 0.93904 1.183e+13 0.39211
0.335 1318.760 0.35318 0.01179 0.42293 0.15029 0.37645 0.01257 0.45079 0.16019 0.93819 1.182e+13 0.39270
0.340 1318.348 0.35290 0.01173 0.42282 0.14987 0.37650 0.01252 0.45109 0.15989 0.93733 1.181e+13 0.39329
0.345 1317.937 0.35263 0.01168 0.42272 0.14946 0.37655 0.01247 0.45139 0.15960 0.93648 1.180e+13 0.39387
0.350 1317.528 0.35236 0.01162 0.42261 0.14904 0.37660 0.01242 0.45169 0.15930 0.93563 1.179e+13 0.39446
0.355 1317.121 0.35208 0.01156 0.42251 0.14863 0.37665 0.01237 0.45199 0.15900 0.93479 1.178e+13 0.39504
0.360 1316.714 0.35181 0.01150 0.42241 0.14822 0.37670 0.01232 0.45228 0.15870 0.93394 1.177e+13 0.39562
0.365 1316.310 0.35154 0.01145 0.42230 0.14781 0.37674 0.01227 0.45258 0.15841 0.93310 1.176e+13 0.39620
0.370 1315.906 0.35127 0.01139 0.42220 0.14740 0.37679 0.01222 0.45288 0.15811 0.93225 1.175e+13 0.39678
0.375 1315.504 0.35099 0.01134 0.42209 0.14699 0.37684 0.01217 0.45317 0.15782 0.93141 1.174e+13 0.39735
0.380 1315.103 0.35072 0.01128 0.42199 0.14658 0.37689 0.01212 0.45347 0.15752 0.93057 1.173e+13 0.39793
0.385 1314.703 0.35045 0.01122 0.42188 0.14618 0.37694 0.01207 0.45377 0.15723 0.92973 1.171e+13 0.39850
0.390 1314.305 0.35018 0.01117 0.42178 0.14577 0.37698 0.01202 0.45406 0.15693 0.92890 1.170e+13 0.39907
0.395 1313.908 0.34991 0.01111 0.42167 0.14537 0.37703 0.01198 0.45436 0.15664 0.92806 1.169e+13 0.39964
0.400 1313.512 0.34964 0.01106 0.42157 0.14497 0.37708 0.01193 0.45465 0.15634 0.92723 1.168e+13 0.40021
0.405 1313.118 0.34937 0.01101 0.42147 0.14456 0.37712 0.01188 0.45495 0.15605 0.92640 1.167e+13 0.40078
0.410 1312.725 0.34909 0.01095 0.42136 0.14416 0.37717 0.01183 0.45524 0.15576 0.92557 1.166e+13 0.40135
0.415 1312.333 0.34882 0.01090 0.42126 0.14376 0.37721 0.01178 0.45554 0.15546 0.92474 1.165e+13 0.40191
0.420 1311.942 0.34855 0.01084 0.42115 0.14337 0.37726 0.01174 0.45583 0.15517 0.92392 1.164e+13 0.40247
0.425 1311.553 0.34828 0.01079 0.42105 0.14297 0.37730 0.01169 0.45613 0.15488 0.92309 1.163e+13 0.40304
0.430 1311.165 0.34801 0.01074 0.42094 0.14257 0.37735 0.01164 0.45642 0.15459 0.92227 1.162e+13 0.40360
0.435 1310.778 0.34774 0.01068 0.42084 0.14218 0.37739 0.01160 0.45672 0.15430 0.92145 1.161e+13 0.40416
0.440 1310.392 0.34748 0.01063 0.42074 0.14178 0.37743 0.01155 0.45701 0.15401 0.92063 1.160e+13 0.40471
0.445 1310.008 0.34721 0.01058 0.42063 0.14139 0.37748 0.01150 0.45730 0.15372 0.91981 1.159e+13 0.40527
0.450 1309.625 0.34694 0.01053 0.42053 0.14100 0.37752 0.01146 0.45760 0.15343 0.91899 1.158e+13 0.40583
0.455 1309.243 0.34667 0.01048 0.42042 0.14061 0.37756 0.01141 0.45789 0.15314 0.91818 1.157e+13 0.40638
0.460 1308.862 0.34640 0.01042 0.42032 0.14022 0.37760 0.01136 0.45818 0.15285 0.91736 1.156e+13 0.40693
0.465 1308.483 0.34613 0.01037 0.42022 0.13983 0.37765 0.01132 0.45848 0.15256 0.91655 1.155e+13 0.40748
0.470 1308.105 0.34586 0.01032 0.42011 0.13944 0.37769 0.01127 0.45877 0.15227 0.91574 1.154e+13 0.40803
0.475 1307.728 0.34560 0.01027 0.42001 0.13906 0.37773 0.01123 0.45906 0.15198 0.91493 1.153e+13 0.40858
0.480 1307.352 0.34533 0.01022 0.41990 0.13867 0.37777 0.01118 0.45935 0.15170 0.91412 1.152e+13 0.40913
0.485 1306.977 0.34506 0.01017 0.41980 0.13829 0.37781 0.01114 0.45964 0.15141 0.91332 1.151e+13 0.40967
0.490 1306.604 0.34479 0.01012 0.41970 0.13790 0.37785 0.01109 0.45993 0.15112 0.91251 1.150e+13 0.41022
0.495 1306.231 0.34453 0.01007 0.41959 0.13752 0.37789 0.01105 0.46023 0.15084 0.91171 1.149e+13 0.41076
0.500 1305.860 0.34426 0.01002 0.41949 0.13714 0.37793 0.01100 0.46052 0.15055 0.91091 1.148e+13 0.41130
0.505 1305.490 0.34399 0.00997 0.41938 0.13676 0.37797 0.01096 0.46081 0.15027 0.91011 1.147e+13 0.41184
0.510 1305.121 0.34373 0.00992 0.41928 0.13638 0.37801 0.01091 0.46110 0.14998 0.90931 1.146e+13 0.41238
0.515 1304.753 0.34346 0.00988 0.41918 0.13600 0.37805 0.01087 0.46139 0.14970 0.90851 1.145e+13 0.41292
0.520 1304.387 0.34319 0.00983 0.41907 0.13563 0.37808 0.01083 0.46168 0.14941 0.90772 1.144e+13 0.41346
0.525 1304.021 0.34293 0.00978 0.41897 0.13525 0.37812 0.01078 0.46197 0.14913 0.90692 1.143e+13 0.41399
0.530 1303.657 0.34266 0.00973 0.41887 0.13487 0.37816 0.01074 0.46226 0.14885 0.90613 1.142e+13 0.41453
0.535 1303.294 0.34240 0.00968 0.41876 0.13450 0.37820 0.01069 0.46255 0.14856 0.90534 1.141e+13 0.41506
0.540 1302.931 0.34213 0.00963 0.41866 0.13413 0.37823 0.01065 0.46283 0.14828 0.90455 1.140e+13 0.41559
0.545 1302.570 0.34187 0.00959 0.41855 0.13376 0.37827 0.01061 0.46312 0.14800 0.90376 1.139e+13 0.41612
0.550 1302.210 0.34160 0.00954 0.41845 0.13339 0.37830 0.01057 0.46341 0.14772 0.90298 1.138e+13 0.41665
0.555 1301.852 0.34134 0.00949 0.41835 0.13302 0.37834 0.01052 0.46370 0.14744 0.90219 1.137e+13 0.41717
0.560 1301.494 0.34107 0.00945 0.41824 0.13265 0.37838 0.01048 0.46399 0.14716 0.90141 1.136e+13 0.41770
0.565 1301.137 0.34081 0.00940 0.41814 0.13228 0.37841 0.01044 0.46428 0.14688 0.90063 1.135e+13 0.41823
0.570 1300.782 0.34054 0.00935 0.41804 0.13191 0.37845 0.01040 0.46456 0.14660 0.89985 1.134e+13 0.41875
0.575 1300.427 0.34028 0.00931 0.41793 0.13155 0.37848 0.01035 0.46485 0.14632 0.89907 1.133e+13 0.41927
0.580 1300.074 0.34002 0.00926 0.41783 0.13118 0.37851 0.01031 0.46514 0.14604 0.89829 1.132e+13 0.41979
0.585 1299.721 0.33975 0.00922 0.41773 0.13082 0.37855 0.01027 0.46543 0.14576 0.89752 1.131e+13 0.42031
0.590 1299.370 0.33949 0.00917 0.41762 0.13046 0.37858 0.01023 0.46571 0.14548 0.89674 1.130e+13 0.42083
0.595 1299.020 0.33923 0.00913 0.41752 0.13010 0.37861 0.01019 0.46600 0.14520 0.89597 1.129e+13 0.42135
0.600 1298.670 0.33896 0.00908 0.41742 0.12974 0.37865 0.01015 0.46628 0.14492 0.89520 1.128e+13 0.42186
0.605 1298.322 0.33870 0.00904 0.41731 0.12938 0.37868 0.01010 0.46657 0.14465 0.89443 1.127e+13 0.42238
0.610 1297.975 0.33844 0.00899 0.41721 0.12902 0.37871 0.01006 0.46686 0.14437 0.89366 1.126e+13 0.42289
0.615 1297.629 0.33818 0.00895 0.41711 0.12866 0.37874 0.01002 0.46714 0.14409 0.89289 1.125e+13 0.42340
0.620 1297.284 0.33791 0.00890 0.41700 0.12830 0.37877 0.00998 0.46743 0.14382 0.89213 1.124e+13 0.42391
0.625 1296.940 0.33765 0.00886 0.41690 0.12795 0.37881 0.00994 0.46771 0.14354 0.89136 1.123e+13 0.42442
0.630 1296.597 0.33739 0.00882 0.41680 0.12759 0.37884 0.00990 0.46800 0.14327 0.89060 1.122e+13 0.42493
0.635 1296.255 0.33713 0.00877 0.41669 0.12724 0.37887 0.00986 0.46828 0.14299 0.88984 1.121e+13 0.42544
0.640 1295.913 0.33687 0.00873 0.41659 0.12689 0.37890 0.00982 0.46857 0.14272 0.88908 1.120e+13 0.42594
0.645 1295.573 0.33661 0.00869 0.41649 0.12654 0.37893 0.00978 0.46885 0.14244 0.88832 1.119e+13 0.42645
0.650 1295.234 0.33635 0.00865 0.41638 0.12618 0.37896 0.00974 0.46913 0.14217 0.88756 1.118e+13 0.42695
0.655 1294.896 0.33609 0.00860 0.41628 0.12584 0.37899 0.00970 0.46942 0.14190 0.88681 1.117e+13 0.42745
0.660 1294.559 0.33583 0.00856 0.41618 0.12549 0.37901 0.00966 0.46970 0.14162 0.88605 1.116e+13 0.42795
0.665 1294.223 0.33557 0.00852 0.41608 0.12514 0.37904 0.00962 0.46998 0.14135 0.88530 1.115e+13 0.42845
0.670 1293.888 0.33531 0.00848 0.41597 0.12479 0.37907 0.00958 0.47027 0.14108 0.88455 1.115e+13 0.42895
0.675 1293.553 0.33505 0.00844 0.41587 0.12445 0.37910 0.00954 0.47055 0.14081 0.88380 1.114e+13 0.42945
0.680 1293.220 0.33479 0.00839 0.41577 0.12410 0.37913 0.00951 0.47083 0.14054 0.88305 1.113e+13 0.42995
0.685 1292.888 0.33453 0.00835 0.41566 0.12376 0.37915 0.00947 0.47111 0.14027 0.88230 1.112e+13 0.43044
0.690 1292.557 0.33427 0.00831 0.41556 0.12341 0.37918 0.00943 0.47140 0.14000 0.88156 1.111e+13 0.43093
0.695 1292.226 0.33401 0.00827 0.41546 0.12307 0.37921 0.00939 0.47168 0.13973 0.88081 1.110e+13 0.43143
0.700 1291.897 0.33375 0.00823 0.41536 0.12273 0.37923 0.00935 0.47196 0.13946 0.88007 1.109e+13 0.43192
0.705 1291.568 0.33349 0.00819 0.41525 0.12239 0.37926 0.00931 0.47224 0.13919 0.87933 1.108e+13 0.43241
0.710 1291.241 0.33323 0.00815 0.41515 0.12205 0.37928 0.00928 0.47252 0.13892 0.87859 1.107e+13 0.43290
0.715 1290.914 0.33298 0.00811 0.41505 0.12171 0.37931 0.00924 0.47280 0.13865 0.87785 1.106e+13 0.43338
0.720 1290.588 0.33272 0.00807 0.41494 0.12138 0.37933 0.00920 0.47308 0.13838 0.87711 1.105e+13 0.43387
0.725 1290.263 0.33246 0.00803 0.41484 0.12104 0.37936 0.00916 0.47336 0.13812 0.87637 1.104e+13 0.43436
0.730 1289.939 0.33220 0.00799 0.41474 0.12070 0.37938 0.00913 0.47364 0.13785 0.87564 1.103e+13 0.43484
0.735 1289.616 0.33194 0.00795 0.41464 0.12037 0.37941 0.00909 0.47392 0.13758 0.87490 1.102e+13 0.43532
0.740 1289.294 0.33169 0.00791 0.41453 0.12004 0.37943 0.00905 0.47420 0.13731 0.87417 1.101e+13 0.43581
0.745 1288.973 0.33143 0.00787 0.41443 0.11970 0.37945 0.00901 0.47448 0.13705 0.87344 1.101e+13 0.43629
0.750 1288.653 0.33117 0.00783 0.41433 0.11937 0.37948 0.00898 0.47476 0.13678 0.87271 1.100e+13 0.43677
0.755 1288.333 0.33092 0.00780 0.41423 0.11904 0.37950 0.00894 0.47504 0.13652 0.87198 1.099e+13 0.43725
0.760 1288.015 0.33066 0.00776 0.41412 0.11871 0.37952 0.00890 0.47532 0.13625 0.87125 1.098e+13 0.43772
0.765 1287.697 0.33040 0.00772 0.41402 0.11838 0.37955 0.00887 0.47560 0.13599 0.87053 1.097e+13 0.43820
0.770 1287.380 0.33015 0.00768 0.41392 0.11805 0.37957 0.00883 0.47588 0.13573 0.86980 1.096e+13 0.43867
0.775 1287.064 0.32989 0.00764 0.41382 0.11773 0.37959 0.00880 0.47615 0.13546 0.86908 1.095e+13 0.43915
0.780 1286.749 0.32964 0.00761 0.41371 0.11740 0.37961 0.00876 0.47643 0.13520 0.86836 1.094e+13 0.43962
0.785 1286.435 0.32938 0.00757 0.41361 0.11708 0.37963 0.00872 0.47671 0.13494 0.86764 1.093e+13 0.44009
0.790 1286.122 0.32913 0.00753 0.41351 0.11675 0.37965 0.00869 0.47699 0.13467 0.86692 1.092e+13 0.44056
0.795 1285.810 0.32887 0.00749 0.41341 0.11643 0.37967 0.00865 0.47726 0.13441 0.86620 1.091e+13 0.44103
0.800 1285.498 0.32862 0.00746 0.41330 0.11611 0.37969 0.00862 0.47754 0.13415 0.86549 1.091e+13 0.44150
0.805 1285.187 0.32836 0.00742 0.41320 0.11578 0.37971 0.00858 0.47782 0.13389 0.86477 1.090e+13 0.44197
0.810 1284.877 0.32811 0.00738 0.41310 0.11546 0.37973 0.00855 0.47809 0.13363 0.86406 1.089e+13 0.44244
0.815 1284.568 0.32785 0.00735 0.41300 0.11514 0.37975 0.00851 0.47837 0.13337 0.86334 1.088e+13 0.44290
0.820 1284.260 0.32760 0.00731 0.41290 0.11482 0.37977 0.00848 0.47865 0.13311 0.86263 1.087e+13 0.44337
0.825 1283.953 0.32735 0.00728 0.41279 0.11451 0.37979 0.00844 0.47892 0.13285 0.86192 1.086e+13 0.44383
0.830 1283.646 0.32709 0.00724 0.41269 0.11419 0.37980 0.00841 0.47920 0.13259 0.86121 1.085e+13 0.44429
0.835 1283.340 0.32684 0.00721 0.41259 0.11387 0.37982 0.00837 0.47947 0.13233 0.86051 1.084e+13 0.44475
0.840 1283.035 0.32659 0.00717 0.41249 0.11356 0.37984 0.00834 0.47975 0.13207 0.85980 1.083e+13 0.44521
0.845 1282.731 0.32633 0.00713 0.41239 0.11324 0.37986 0.00830 0.48002 0.13181 0.85909 1.082e+13 0.44567
0.850 1282.428 0.32608 0.00710 0.41228 0.11293 0.37987 0.00827 0.48030 0.13156 0.85839 1.082e+13 0.44613
0.855 1282.126 0.32583 0.00706 0.41218 0.11261 0.37989 0.00824 0.48057 0.13130 0.85769 1.081e+13 0.44658
0.860 1281.824 0.32558 0.00703 0.41208 0.11230 0.37991 0.00820 0.48085 0.13104 0.85699 1.080e+13 0.44704
0.865 1281.523 0.32532 0.00700 0.41198 0.11199 0.37992 0.00817 0.48112 0.13079 0.85629 1.079e+13 0.44749
0.870 1281.223 0.32507 0.00696 0.41188 0.11168 0.37994 0.00814 0.48139 0.13053 0.85559 1.078e+13 0.44795
0.875 1280.924 0.32482 0.00693 0.41177 0.11137 0.37995 0.00810 0.48167 0.13028 0.85489 1.077e+13 0.44840
0.880 1280.625 0.32457 0.00689 0.41167 0.11106 0.37997 0.00807 0.48194 0.13002 0.85419 1.076e+13 0.44885
0.885 1280.328 0.32432 0.00686 0.41157 0.11076 0.37998 0.00804 0.48221 0.12977 0.85350 1.075e+13 0.44930
0.890 1280.031 0.32406 0.00683 0.41147 0.11045 0.38000 0.00800 0.48249 0.12951 0.85281 1.075e+13 0.44975
0.895 1279.735 0.32381 0.00679 0.41137 0.11014 0.38001 0.00797 0.48276 0.12926 0.85211 1.074e+13 0.45020
0.900 1279.439 0.32356 0.00676 0.41126 0.10984 0.38003 0.00794 0.48303 0.12900 0.85142 1.073e+13 0.45064
0.905 1279.145 0.32331 0.00673 0.41116 0.10953 0.38004 0.00791 0.48330 0.12875 0.85073 1.072e+13 0.45109
0.910 1278.851 0.32306 0.00669 0.41106 0.10923 0.38005 0.00787 0.48358 0.12850 0.85004 1.071e+13 0.45153
0.915 1278.558 0.32281 0.00666 0.41096 0.10893 0.38007 0.00784 0.48385 0.12825 0.84936 1.070e+13 0.45198
0.920 1278.265 0.32256 0.00663 0.41086 0.10862 0.38008 0.00781 0.48412 0.12799 0.84867 1.069e+13 0.45242
0.925 1277.974 0.32231 0.00659 0.41076 0.10832 0.38009 0.00778 0.48439 0.12774 0.84798 1.068e+13 0.45286
0.930 1277.683 0.32206 0.00656 0.41065 0.10802 0.38010 0.00774 0.48466 0.12749 0.84730 1.068e+13 0.45330
0.935 1277.393 0.32181 0.00653 0.41055 0.10772 0.38012 0.00771 0.48493 0.12724 0.84662 1.067e+13 0.45374
0.940 1277.104 0.32156 0.00650 0.41045 0.10743 0.38013 0.00768 0.48520 0.12699 0.84594 1.066e+13 0.45418
0.945 1276.815 0.32131 0.00647 0.41035 0.10713 0.38014 0.00765 0.48547 0.12674 0.84526 1.065e+13 0.45462
0.950 1276.527 0.32107 0.00643 0.41025 0.10683 0.38015 0.00762 0.48574 0.12649 0.84458 1.064e+13 0.45506
0.955 1276.240 0.32082 0.00640 0.41015 0.10653 0.38016 0.00759 0.48601 0.12624 0.84390 1.063e+13 0.45549
0.960 1275.954 0.32057 0.00637 0.41004 0.10624 0.38017 0.00755 0.48628 0.12599 0.84322 1.062e+13 0.45593
0.965 1275.668 0.32032 0.00634 0.40994 0.10595 0.38018 0.00752 0.48655 0.12574 0.84255 1.062e+13 0.45636
0.970 1275.384 0.32007 0.00631 0.40984 0.10565 0.38019 0.00749 0.48682 0.12550 0.84187 1.061e+13 0.45679
0.975 1275.099 0.31982 0.00628 0.40974 0.10536 0.38020 0.00746 0.48709 0.12525 0.84120 1.060e+13 0.45723
0.980 1274.816 0.31958 0.00625 0.40964 0.10507 0.38021 0.00743 0.48736 0.12500 0.84053 1.059e+13 0.45766
0.985 1274.533 0.31933 0.00622 0.40954 0.10478 0.38022 0.00740 0.48763 0.12475 0.83986 1.058e+13 0.45809
0.990 1274.251 0.31908 0.00619 0.40944 0.10449 0.38023 0.00737 0.48790 0.12451 0.83919 1.057e+13 0.45851
0.995 1273.970 0.31883 0.00615 0.40933 0.10420 0.38023 0.00734 0.48816 0.12426 0.83852 1.057e+13 0.45894
1.000 1273.689 0.31859 0.00612 0.40923 0.10391 0.38024 0.00731 0.48843 0.12402 0.83785 1.056e+13 0.45937
1.005 1273.410 0.31834 0.00609 0.40913 0.10362 0.38025 0.00728 0.48870 0.12377 0.83719 1.055e+13 0.45979
1.010 1273.130 0.31809 0.00606 0.40903 0.10333 0.38026 0.00725 0.48897 0.12353 0.83652 1.054e+13 0.46022
1.015 1272.852 0.31785 0.00603 0.40893 0.10305 0.38026 0.00722 0.48923 0.12328 0.83586 1.053e+13 0.46064
1.020 1272.574 0.31760 0.00600 0.40883 0.10276 0.38027 0.00719 0.48950 0.12304 0.83519 1.052e+13 0.46107
1.025 1272.297 0.31735 0.00598 0.40873 0.10248 0.38028 0.00716 0.48977 0.12279 0.83453 1.052e+13 0.46149
1.030 1272.021 0.31711 0.00595 0.40863 0.10219 0.38028 0.00713 0.49003 0.12255 0.83387 1.051e+13 0.46191
1.035 1271.745 0.31686 0.00592 0.40852 0.10191 0.38029 0.00710 0.49030 0.12231 0.83321 1.050e+13 0.46233
1.040 1271.470 0.31662 0.00589 0.40842 0.10163 0.38030 0.00707 0.49057 0.12206 0.83255 1.049e+13 0.46275
1.045 1271.196 0.31637 0.00586 0.40832 0.10134 0.38030 0.00704 0.49083 0.12182 0.83190 1.048e+13 0.46317
1.050 1270.922 0.31613 0.00583 0.40822 0.10106 0.38031 0.00701 0.49110 0.12158 0.83124 1.047e+13 0.46358
1.055 1270.649 0.31588 0.00580 0.40812 0.10078 0.38031 0.00698 0.49136 0.12134 0.83059 1.047e+13 0.46400
1.060 1270.377 0.31564 0.00577 0.40802 0.10050 0.38032 0.00696 0.49163 0.12110 0.82993 1.046e+13 0.46441
1.065 1270.105 0.31539 0.00574 0.40792 0.10023 0.38032 0.00693 0.49189 0.12086 0.82928 1.045e+13 0.46483
1.070 1269.834 0.31515 0.00572 0.40782 0.09995 0.38032 0.00690 0.49216 0.12062 0.82863 1.044e+13 0.46524
1.075 1269.564 0.31490 0.00569 0.40772 0.09967 0.38033 0.00687 0.49242 0.12038 0.82798 1.043e+13 0.46565
1.080 1269.294 0.31466 0.00566 0.40762 0.09939 0.38033 0.00684 0.49269 0.12014 0.82733 1.042e+13 0.46606
1.085 1269.025 0.31442 0.00563 0.40751 0.09912 0.38034 0.00681 0.49295 0.11990 0.82668 1.042e+13 0.46647
1.090 1268.757 0.31417 0.00560 0.40741 0.09884 0.38034 0.00679 0.49322 0.11966 0.82604 1.041e+13 0.46688
1.095 1268.489 0.31393 0.00558 0.40731 0.09857 0.38034 0.00676 0.49348 0.11942 0.82539 1.040e+13 0.46729
1.100 1268.222 0.31369 0.00555 0.40721 0.09830 0.38034 0.00673 0.49374 0.11918 0.82475 1.039e+13 0.46770
1.105 1267.955 0.31344 0.00552 0.40711 0.09802 0.38035 0.00670 0.49401 0.11895 0.82410 1.038e+13 0.46811
1.110 1267.690 0.31320 0.00550 0.40701 0.09775 0.38035 0.00667 0.49427 0.11871 0.82346 1.038e+13 0.46851
1.115 1267.425 0.31296 0.00547 0.40691 0.09748 0.38035 0.00665 0.49453 0.11847 0.82282 1.037e+13 0.46892
1.120 1267.160 0.31272 0.00544 0.40681 0.09721 0.38035 0.00662 0.49479 0.11824 0.82218 1.036e+13 0.46932
1.125 1266.896 0.31247 0.00541 0.40671 0.09694 0.38035 0.00659 0.49506 0.11800 0.82154 1.035e+13 0.46972
1.130 1266.633 0.31223 0.00539 0.40661 0.09667 0.38035 0.00656 0.49532 0.11777 0.82090 1.034e+13 0.47013
1.135 1266.370 0.31199 0.00536 0.40651 0.09641 0.38035 0.00654 0.49558 0.11753 0.82027 1.034e+13 0.47053
1.140 1266.108 0.31175 0.00534 0.40641 0.09614 0.38035 0.00651 0.49584 0.11730 0.81963 1.033e+13 0.47093
1.145 1265.847 0.31151 0.00531 0.40631 0.09587 0.38035 0.00648 0.49610 0.11706 0.81899 1.032e+13 0.47133
1.150 1265.586 0.31126 0.00528 0.40621 0.09561 0.38035 0.00646 0.49637 0.11683 0.81836 1.031e+13 0.47173
1.155 1265.326 0.31102 0.00526 0.40611 0.09534 0.38035 0.00643 0.49663 0.11659 0.81773 1.030e+13 0.47212
1.160 1265.067 0.31078 0.00523 0.40600 0.09508 0.38035 0.00640 0.49689 0.11636 0.81710 1.030e+13 0.47252
1.165 1264.808 0.31054 0.00521 0.40590 0.09481 0.38035 0.00638 0.49715 0.11613 0.81647 1.029e+13 0.47292
1.170 1264.550 0.31030 0.00518 0.40580 0.09455 0.38035 0.00635 0.49741 0.11590 0.81584 1.028e+13 0.47331
1.175 1264.292 0.31006 0.00515 0.40570 0.09429 0.38035 0.00632 0.49767 0.11566 0.81521 1.027e+13 0.47371
1.180 1264.035 0.30982 0.00513 0.40560 0.09403 0.38034 0.00630 0.49793 0.11543 0.81458 1.026e+13 0.47410
1.185 1263.778 0.30958 0.00510 0.40550 0.09377 0.38034 0.00627 0.49819 0.11520 0.81396 1.026e+13 0.47449
1.190 1263.522 0.30934 0.00508 0.40540 0.09351 0.38034 0.00624 0.49845 0.11497 0.81333 1.025e+13 0.47488
1.195 1263.267 0.30910 0.00505 0.40530 0.09325 0.38034 0.00622 0.49871 0.11474 0.81271 1.024e+13 0.47527
1.200 1263.013 0.30886 0.00503 0.40520 0.09299 0.38033 0.00619 0.49897 0.11451 0.81208 1.023e+13 0.47566
1.205 1262.758 0.30862 0.00500 0.40510 0.09273 0.38033 0.00617 0.49922 0.11428 0.81146 1.022e+13 0.47605
1.210 1262.505 0.30838 0.00498 0.40500 0.09248 0.38033 0.00614 0.49948 0.11405 0.81084 1.022e+13 0.47644
1.215 1262.252 0.30814 0.00496 0.40490 0.09222 0.38032 0.00612 0.49974 0.11382 0.81022 1.021e+13 0.47683
1.220 1262.000 0.30791 0.00493 0.40480 0.09196 0.38032 0.00609 0.50000 0.11359 0.80960 1.020e+13 0.47721
1.225 1261.748 0.30767 0.00491 0.40470 0.09171 0.38031 0.00607 0.50026 0.11336 0.80898 1.019e+13 0.47760
1.230 1261.497 0.30743 0.00488 0.40460 0.09145 0.38031 0.00604 0.50052 0.11314 0.80837 1.019e+13 0.47798
1.235 1261.246 0.30719 0.00486 0.40450 0.09120 0.38030 0.00602 0.50077 0.11291 0.80775 1.018e+13 0.47837
1.240 1260.996 0.30695 0.00484 0.40440 0.09095 0.38030 0.00599 0.50103 0.11268 0.80714 1.017e+13 0.47875
1.245 1260.747 0.30671 0.00481 0.40430 0.09070 0.38029 0.00597 0.50129 0.11245 0.80652 1.016e+13 0.47913
1.250 1260.498 0.30648 0.00479 0.40420 0.09045 0.38029 0.00594 0.50154 0.11223 0.80591 1.015e+13 0.47951
1.255 1260.250 0.30624 0.00476 0.40410 0.09019 0.38028 0.00592 0.50180 0.11200 0.80530 1.015e+13 0.47989
1.260 1260.002 0.30600 0.00474 0.40400 0.08994 0.38027 0.00589 0.50206 0.11178 0.80469 1.014e+13 0.48027
1.265 1259.755 0.30577 0.00472 0.40390 0.08970 0.38027 0.00587 0.50231 0.11155 0.80408 1.013e+13 0.48065
1.270 1259.508 0.30553 0.00469 0.40380 0.08945 0.38026 0.00584 0.50257 0.11133 0.80347 1.012e+13 0.48103
1.275 1259.262 0.30529 0.00467 0.40370 0.08920 0.38025 0.00582 0.50283 0.11110 0.80286 1.012e+13 0.48140
1.280 1259.017 0.30506 0.00465 0.40360 0.08895 0.38025 0.00579 0.50308 0.11088 0.80226 1.011e+13 0.48178
1.285 1258.772 0.30482 0.00463 0.40350 0.08871 0.38024 0.00577 0.50334 0.11065 0.80165 1.010e+13 0.48216
1.290 1258.528 0.30458 0.00460 0.40340 0.08846 0.38023 0.00575 0.50359 0.11043 0.80105 1.009e+13 0.48253
1.295 1258.284 0.30435 0.00458 0.40330 0.08821 0.38022 0.00572 0.50385 0.11021 0.80044 1.009e+13 0.48290
1.300 1258.040 0.30411 0.00456 0.40320 0.08797 0.38022 0.00570 0.50410 0.10998 0.79984 1.008e+13 0.48328
1.305 1257.798 0.30388 0.00454 0.40310 0.08773 0.38021 0.00567 0.50436 0.10976 0.79924 1.007e+13 0.48365
1.310 1257.556 0.30364 0.00451 0.40300 0.08748 0.38020 0.00565 0.50461 0.10954 0.79864 1.006e+13 0.48402
1.315 1257.314 0.30341 0.00449 0.40290 0.08724 0.38019 0.00563 0.50487 0.10932 0.79804 1.006e+13 0.48439
1.320 1257.073 0.30317 0.00447 0.40280 0.08700 0.38018 0.00560 0.50512 0.10910 0.79744 1.005e+13 0.48476
1.325 1256.832 0.30294 0.00445 0.40270 0.08676 0.38017 0.00558 0.50537 0.10888 0.79684 1.004e+13 0.48513
1.330 1256.592 0.30270 0.00442 0.40260 0.08652 0.38016 0.00556 0.50563 0.10866 0.79625 1.003e+13 0.48550
1.335 1256.353 0.30247 0.00440 0.40250 0.08628 0.38015 0.00553 0.50588 0.10844 0.79565 1.003e+13 0.48586
1.340 1256.114 0.30223 0.00438 0.40240 0.08604 0.38014 0.00551 0.50613 0.10822 0.79506 1.002e+13 0.48623
1.345 1255.875 0.30200 0.00436 0.40230 0.08580 0.38013 0.00549 0.50639 0.10800 0.79446 1.001e+13 0.48659
1.350 1255.637 0.30176 0.00434 0.40220 0.08556 0.38012 0.00547 0.50664 0.10778 0.79387 1.000e+13 0.48696
1.355 1255.400 0.30153 0.00432 0.40210 0.08533 0.38011 0.00544 0.50689 0.10756 0.79328 9.995e+12 0.48732
1.360 1255.163 0.30130 0.00430 0.40201 0.08509 0.38010 0.00542 0.50714 0.10734 0.79269 9.988e+12 0.48769
1.365 1254.927 0.30106 0.00427 0.40191 0.08485 0.38008 0.00540 0.50739 0.10712 0.79210 9.980e+12 0.48805
1.370 1254.691 0.30083 0.00425 0.40181 0.08462 0.38007 0.00537 0.50765 0.10691 0.79151 9.973e+12 0.48841
1.375 1254.456 0.30060 0.00423 0.40171 0.08438 0.38006 0.00535 0.50790 0.10669 0.79092 9.966e+12 0.48877
1.380 1254.221 0.30036 0.00421 0.40161 0.08415 0.38005 0.00533 0.50815 0.10647 0.79033 9.958e+12 0.48913
1.385 1253.987 0.30013 0.00419 0.40151 0.08392 0.38003 0.00531 0.50840 0.10626 0.78975 9.951e+12 0.48949
1.390 1253.753 0.29990 0.00417 0.40141 0.08368 0.38002 0.00529 0.50865 0.10604 0.78916 9.943e+12 0.48985
1.395 1253.520 0.29967 0.00415 0.40131 0.08345 0.38001 0.00526 0.50890 0.10583 0.78858 9.936e+12 0.49021
1.400 1253.287 0.29943 0.00413 0.40121 0.08322 0.37999 0.00524 0.50915 0.10561 0.78799 9.929e+12 0.49056
1.405 1253.055 0.29920 0.00411 0.40111 0.08299 0.37998 0.00522 0.50940 0.10540 0.78741 9.921e+12 0.49092
1.410 1252.823 0.29897 0.00409 0.40101 0.08276 0.37997 0.00520 0.50965 0.10518 0.78683 9.914e+12 0.49127
1.415 1252.592 0.29874 0.00407 0.40091 0.08253 0.37995 0.00518 0.50990 0.10497 0.78625 9.907e+12 0.49163
1.420 1252.361 0.29851 0.00405 0.40081 0.08230 0.37994 0.00515 0.51015 0.10475 0.78567 9.899e+12 0.49198
1.425 1252.130 0.29828 0.00403 0.40071 0.08207 0.37992 0.00513 0.51040 0.10454 0.78509 9.892e+12 0.49233
1.430 1251.901 0.29804 0.00401 0.40061 0.08185 0.37991 0.00511 0.51065 0.10433 0.78452 9.885e+12 0.49269
1.435 1251.671 0.29781 0.00399 0.40052 0.08162 0.37989 0.00509 0.51090 0.10411 0.78394 9.878e+12 0.49304
1.440 1251.443 0.29758 0.00397 0.40042 0.08139 0.37988 0.00507 0.51115 0.10390 0.78336 9.870e+12 0.49339
1.445 1251.214 0.29735 0.00395 0.40032 0.08117 0.37986 0.00505 0.51140 0.10369 0.78279 9.863e+12 0.49374
1.450 1250.987 0.29712 0.00393 0.40022 0.08094 0.37985 0.00503 0.51165 0.10348 0.78222 9.856e+12 0.49409
1.455 1250.759 0.29689 0.00391 0.40012 0.08072 0.37983 0.00501 0.51190 0.10327 0.78164 9.849e+12 0.49444
1.460 1250.532 0.29666 0.00389 0.40002 0.08050 0.37981 0.00498 0.51214 0.10306 0.78107 9.841e+12 0.49478
1.465 1250.306 0.29643 0.00387 0.39992 0.08027 0.37980 0.00496 0.51239 0.10285 0.78050 9.834e+12 0.49513
1.470 1250.080 0.29620 0.00385 0.39982 0.08005 0.37978 0.00494 0.51264 0.10264 0.77993 9.827e+12 0.49548
1.475 1249.855 0.29597 0.00384 0.39972 0.07983 0.37976 0.00492 0.51289 0.10243 0.77936 9.820e+12 0.49582
1.480 1249.630 0.29574 0.00382 0.39962 0.07961 0.37975 0.00490 0.51313 0.10222 0.77879 9.813e+12 0.49617
1.485 1249.405 0.29551 0.00380 0.39953 0.07939 0.37973 0.00488 0.51338 0.10201 0.77822 9.806e+12 0.49651
1.490 1249.181 0.29529 0.00378 0.39943 0.07917 0.37971 0.00486 0.51363 0.10180 0.77766 9.798e+12 0.49685
1.495 1248.958 0.29506 0.00376 0.39933 0.07895 0.37969 0.00484 0.51387 0.10159 0.77709 9.791e+12 0.49720
1.500 1248.735 0.29483 0.00374 0.39923 0.07873 0.37968 0.00482 0.51412 0.10138 0.77653 9.784e+12 0.49754
1.505 1248.512 0.29460 0.00372 0.39913 0.07851 0.37966 0.00480 0.51437 0.10118 0.77596 9.777e+12 0.49788
1.510 1248.290 0.29437 0.00371 0.39903 0.07829 0.37964 0.00478 0.51461 0.10097 0.77540 9.770e+12 0.49822
1.515 1248.068 0.29414 0.00369 0.39893 0.07808 0.37962 0.00476 0.51486 0.10076 0.77484 9.763e+12 0.49856
1.520 1247.847 0.29392 0.00367 0.39883 0.07786 0.37960 0.00474 0.51510 0.10056 0.77428 9.756e+12 0.49890
1.525 1247.627 0.29369 0.00365 0.39874 0.07764 0.37958 0.00472 0.51535 0.10035 0.77372 9.749e+12 0.49923
1.530 1247.406 0.29346 0.00363 0.39864 0.07743 0.37956 0.00470 0.51559 0.10014 0.77316 9.742e+12 0.49957
1.535 1247.186 0.29323 0.00362 0.39854 0.07721 0.37954 0.00468 0.51584 0.09994 0.77260 9.735e+12 0.49991
1.540 1246.967 0.29301 0.00360 0.39844 0.07700 0.37952 0.00466 0.51608 0.09973 0.77204 9.728e+12 0.50024
1.545 1246.748 0.29278 0.00358 0.39834 0.07679 0.37950 0.00464 0.51633 0.09953 0.77149 9.721e+12 0.50058
1.550 1246.530 0.29255 0.00356 0.39824 0.07657 0.37948 0.00462 0.51657 0.09933 0.77093 9.714e+12 0.50091
1.555 1246.312 0.29233 0.00355 0.39814 0.07636 0.37946 0.00460 0.51682 0.09912 0.77038 9.707e+12 0.50125
1.560 1246.094 0.29210 0.00353 0.39805 0.07615 0.37944 0.00458 0.51706 0.09892 0.76982 9.700e+12 0.50158
1.565 1245.877 0.29187 0.00351 0.39795 0.07594 0.37942 0.00456 0.51731 0.09872 0.76927 9.693e+12 0.50191
1.570 1245.660 0.29165 0.00349 0.39785 0.07573 0.37939 0.00454 0.51755 0.09851 0.76872 9.686e+12 0.50224
1.575 1245.444 0.29142 0.00348 0.39775 0.07552 0.37937 0.00453 0.51779 0.09831 0.76816 9.679e+12 0.50258
1.580 1245.228 0.29120 0.00346 0.39765 0.07531 0.37935 0.00451 0.51804 0.09811 0.76761 9.672e+12 0.50291
1.585 1245.013 0.29097 0.00344 0.39755 0.07510 0.37933 0.00449 0.51828 0.09791 0.76706 9.665e+12 0.50323
1.590 1244.798 0.29074 0.00343 0.39745 0.07489 0.37931 0.00447 0.51852 0.09770 0.76652 9.658e+12 0.50356
1.595 1244.584 0.29052 0.00341 0.39736 0.07468 0.37928 0.00445 0.51876 0.09750 0.76597 9.651e+12 0.50389
1.600 1244.370 0.29029 0.00339 0.39726 0.07448 0.37926 0.00443 0.51901 0.09730 0.76542 9.644e+12 0.50422
1.605 1244.156 0.29007 0.00337 0.39716 0.07427 0.37924 0.00441 0.51925 0.09710 0.76487 9.637e+12 0.50455
1.610 1243.943 0.28984 0.00336 0.39706 0.07407 0.37921 0.00439 0.51949 0.09690 0.76433 9.631e+12 0.50487
1.615 1243.730 0.28962 0.00334 0.39696 0.07386 0.37919 0.00438 0.51973 0.09670 0.76378 9.624e+12 0.50520
1.620 1243.518 0.28940 0.00333 0.39686 0.07366 0.37917 0.00436 0.51997 0.09650 0.76324 9.617e+12 0.50552
1.625 1243.306 0.28917 0.00331 0.39677 0.07345 0.37914 0.00434 0.52021 0.09630 0.76270 9.610e+12 0.50585
1.630 1243.094 0.28895 0.00329 0.39667 0.07325 0.37912 0.00432 0.52046 0.09611 0.76216 9.603e+12 0.50617
1.635 1242.883 0.28872 0.00328 0.39657 0.07304 0.37909 0.00430 0.52070 0.09591 0.76161 9.596e+12 0.50649
1.640 1242.673 0.28850 0.00326 0.39647 0.07284 0.37907 0.00428 0.52094 0.09571 0.76107 9.590e+12 0.50681
1.645 1242.462 0.28828 0.00324 0.39637 0.07264 0.37904 0.00427 0.52118 0.09551 0.76053 9.583e+12 0.50713
1.650 1242.253 0.28805 0.00323 0.39628 0.07244 0.37902 0.00425 0.52142 0.09532 0.76000 9.576e+12 0.50745
1.655 1242.043 0.28783 0.00321 0.39618 0.07224 0.37899 0.00423 0.52166 0.09512 0.75946 9.569e+12 0.50777
1.660 1241.834 0.28761 0.00320 0.39608 0.07204 0.37897 0.00421 0.52190 0.09492 0.75892 9.562e+12 0.50809
1.665 1241.626 0.28738 0.00318 0.39598 0.07184 0.37894 0.00419 0.52214 0.09473 0.75839 9.556e+12 0.50841
1.670 1241.418 0.28716 0.00317 0.39588 0.07164 0.37892 0.00418 0.52238 0.09453 0.75785 9.549e+12 0.50873
1.675 1241.210 0.28694 0.00315 0.39579 0.07144 0.37889 0.00416 0.52262 0.09433 0.75732 9.542e+12 0.50905
1.680 1241.003 0.28672 0.00313 0.39569 0.07124 0.37886 0.00414 0.52286 0.09414 0.75678 9.535e+12 0.50936
1.685 1240.796 0.28649 0.00312 0.39559 0.07105 0.37884 0.00412 0.52309 0.09394 0.75625 9.529e+12 0.50968
1.690 1240.589 0.28627 0.00310 0.39549 0.07085 0.37881 0.00411 0.52333 0.09375 0.75572 9.522e+12 0.50999
1.695 1240.383 0.28605 0.00309 0.39539 0.07065 0.37878 0.00409 0.52357 0.09356 0.75519 9.515e+12 0.51031
1.700 1240.178 0.28583 0.00307 0.39530 0.07046 0.37875 0.00407 0.52381 0.09336 0.75466 9.509e+12 0.51062
1.705 1239.972 0.28561 0.00306 0.39520 0.07026 0.37873 0.00406 0.52405 0.09317 0.75413 9.502e+12 0.51094
1.710 1239.767 0.28539 0.00304 0.39510 0.07007 0.37870 0.00404 0.52429 0.09298 0.75360 9.495e+12 0.51125
1.715 1239.563 0.28517 0.00303 0.39500 0.06987 0.37867 0.00402 0.52452 0.09278 0.75307 9.489e+12 0.51156
1.720 1239.359 0.28494 0.00301 0.39490 0.06968 0.37864 0.00400 0.52476 0.09259 0.75254 9.482e+12 0.51187
1.725 1239.155 0.28472 0.00300 0.39481 0.06949 0.37861 0.00399 0.52500 0.09240 0.75202 9.475e+12 0.51218
1.730 1238.952 0.28450 0.00298 0.39471 0.06929 0.37859 0.00397 0.52524 0.09221 0.75149 9.469e+12 0.51249
1.735 1238.749 0.28428 0.00297 0.39461 0.06910 0.37856 0.00395 0.52547 0.09202 0.75096 9.462e+12 0.51280
1.740 1238.546 0.28406 0.00295 0.39451 0.06891 0.37853 0.00394 0.52571 0.09183 0.75044 9.456e+12 0.51311
1.745 1238.344 0.28384 0.00294 0.39442 0.06872 0.37850 0.00392 0.52595 0.09164 0.74992 9.449e+12 0.51342
1.750 1238.143 0.28362 0.00293 0.39432 0.06853 0.37847 0.00390 0.52618 0.09144 0.74940 9.442e+12 0.51373
1.755 1237.941 0.28340 0.00291 0.39422 0.06834 0.37844 0.00389 0.52642 0.09125 0.74887 9.436e+12 0.51403
1.760 1237.740 0.28318 0.00290 0.39412 0.06815 0.37841 0.00387 0.52665 0.09107 0.74835 9.429e+12 0.51434
1.765 1237.540 0.28296 0.00288 0.39403 0.06796 0.37838 0.00385 0.52689 0.09088 0.74783 9.423e+12 0.51464
1.770 1237.340 0.28274 0.00287 0.39393 0.06777 0.37835 0.00384 0.52713 0.09069 0.74731 9.416e+12 0.51495
1.775 1237.140 0.28253 0.00285 0.39383 0.06758 0.37832 0.00382 0.52736 0.09050 0.74680 9.410e+12 0.51525
1.780 1236.940 0.28231 0.00284 0.39373 0.06740 0.37829 0.00381 0.52760 0.09031 0.74628 9.403e+12 0.51556
1.785 1236.741 0.28209 0.00283 0.39364 0.06721 0.37826 0.00379 0.52783 0.09012 0.74576 9.397e+12 0.51586
1.790 1236.543 0.28187 0.00281 0.39354 0.06702 0.37822 0.00377 0.52807 0.08994 0.74524 9.390e+12 0.51616
1.795 1236.344 0.28165 0.00280 0.39344 0.06684 0.37819 0.00376 0.52830 0.08975 0.74473 9.384e+12 0.51646
1.800 1236.147 0.28143 0.00279 0.39334 0.06665 0.37816 0.00374 0.52854 0.08956 0.74421 9.377e+12 0.51677
1.805 1235.949 0.28121 0.00277 0.39325 0.06647 0.37813 0.00373 0.52877 0.08937 0.74370 9.371e+12 0.51707
1.810 1235.752 0.28100 0.00276 0.39315 0.06628 0.37810 0.00371 0.52900 0.08919 0.74319 9.364e+12 0.51737
1.815 1235.555 0.28078 0.00274 0.39305 0.06610 0.37806 0.00370 0.52924 0.08900 0.74268 9.358e+12 0.51766
1.820 1235.359 0.28056 0.00273 0.39296 0.06592 0.37803 0.00368 0.52947 0.08882 0.74216 9.351e+12 0.51796
1.825 1235.163 0.28034 0.00272 0.39286 0.06573 0.37800 0.00366 0.52971 0.08863 0.74165 9.345e+12 0.51826
1.830 1234.967 0.28013 0.00270 0.39276 0.06555 0.37797 0.00365 0.52994 0.08845 0.74114 9.338e+12 0.51856
1.835 1234.772 0.27991 0.00269 0.39266 0.06537 0.37793 0.00363 0.53017 0.08826 0.74063 9.332e+12 0.51886
1.840 1234.577 0.27969 0.00268 0.39257 0.06519 0.37790 0.00362 0.53040 0.08808 0.74013 9.326e+12 0.51915
1.845 1234.382 0.27948 0.00266 0.39247 0.06501 0.37787 0.00360 0.53064 0.08789 0.73962 9.319e+12 0.51945
1.850 1234.188 0.27926 0.00265 0.39237 0.06483 0.37783 0.00359 0.53087 0.08771 0.73911 9.313e+12 0.51974
1.855 1233.994 0.27904 0.00264 0.39227 0.06465 0.37780 0.00357 0.53110 0.08753 0.73861 9.306e+12 0.52004
1.860 1233.801 0.27883 0.00263 0.39218 0.06447 0.37776 0.00356 0.53133 0.08735 0.73810 9.300e+12 0.52033
1.865 1233.608 0.27861 0.00261 0.39208 0.06429 0.37773 0.00354 0.53157 0.08716 0.73760 9.294e+12 0.52062
1.870 1233.415 0.27840 0.00260 0.39198 0.06411 0.37769 0.00353 0.53180 0.08698 0.73709 9.287e+12 0.52092
1.875 1233.222 0.27818 0.00259 0.39189 0.06394 0.37766 0.00351 0.53203 0.08680 0.73659 9.281e+12 0.52121
1.880 1233.030 0.27796 0.00257 0.39179 0.06376 0.37762 0.00350 0.53226 0.08662 0.73609 9.275e+12 0.52150
1.885 1232.839 0.27775 0.00256 0.39169 0.06358 0.37759 0.00348 0.53249 0.08644 0.73558 9.268e+12 0.52179
1.890 1232.647 0.27753 0.00255 0.39160 0.06341 0.37755 0.00347 0.53272 0.08626 0.73508 9.262e+12 0.52208
1.895 1232.456 0.27732 0.00254 0.39150 0.06323 0.37752 0.00345 0.53295 0.08608 0.73458 9.256e+12 0.52237
1.900 1232.266 0.27710 0.00252 0.39140 0.06305 0.37748 0.00344 0.53318 0.08590 0.73408 9.249e+12 0.52266
1.905 1232.075 0.27689 0.00251 0.39131 0.06288 0.37745 0.00342 0.53341 0.08572 0.73359 9.243e+12 0.52295
1.910 1231.886 0.27668 0.00250 0.39121 0.06271 0.37741 0.00341 0.53364 0.08554 0.73309 9.237e+12 0.52323
1.915 1231.696 0.27646 0.00249 0.39111 0.06253 0.37737 0.00339 0.53387 0.08536 0.73259 9.231e+12 0.52352
1.920 1231.507 0.27625 0.00247 0.39101 0.06236 0.37734 0.00338 0.53410 0.08518 0.73209 9.224e+12 0.52381
1.925 1231.318 0.27603 0.00246 0.39092 0.06219 0.37730 0.00337 0.53433 0.08500 0.73160 9.218e+12 0.52409
1.930 1231.129 0.27582 0.00245 0.39082 0.06201 0.37726 0.00335 0.53456 0.08482 0.73110 9.212e+12 0.52438
1.935 1230.941 0.27561 0.00244 0.39072 0.06184 0.37723 0.00334 0.53479 0.08464 0.73061 9.206e+12 0.52467
1.940 1230.753 0.27539 0.00243 0.39063 0.06167 0.37719 0.00332 0.53502 0.08447 0.73012 9.199e+12 0.52495
1.945 1230.566 0.27518 0.00241 0.39053 0.06150 0.37715 0.00331 0.53525 0.08429 0.72962 9.193e+12 0.52523
1.950 1230.378 0.27497 0.00240 0.39043 0.06133 0.37711 0.00330 0.53548 0.08411 0.72913 9.187e+12 0.52552
1.955 1230.192 0.27475 0.00239 0.39034 0.06116 0.37708 0.00328 0.53571 0.08394 0.72864 9.181e+12 0.52580
1.960 1230.005 0.27454 0.00238 0.39024 0.06099 0.37704 0.00327 0.53594 0.08376 0.72815 9.175e+12 0.52608
1.965 1229.819 0.27433 0.00237 0.39014 0.06082 0.37700 0.00325 0.53616 0.08358 0.72766 9.168e+12 0.52636
1.970 1229.633 0.27411 0.00236 0.39005 0.06065 0.37696 0.00324 0.53639 0.08341 0.72717 9.162e+12 0.52664
1.975 1229.448 0.27390 0.00234 0.38995 0.06048 0.37692 0.00323 0.53662 0.08323 0.72668 9.156e+12 0.52692
1.980 1229.262 0.27369 0.00233 0.38986 0.06032 0.37688 0.00321 0.53685 0.08306 0.72619 9.150e+12 0.52720
1.985 1229.078 0.27348 0.00232 0.38976 0.06015 0.37684 0.00320 0.53708 0.08288 0.72571 9.144e+12 0.52748
1.990 1228.893 0.27327 0.00231 0.38966 0.05998 0.37680 0.00318 0.53730 0.08271 0.72522 9.138e+12 0.52776
1.995 1228.709 0.27305 0.00230 0.38957 0.05982 0.37676 0.00317 0.53753 0.08254 0.72473 9.132e+12 0.52804
2.000 1228.525 0.27284 0.00229 0.38947 0.05965 0.37672 0.00316 0.53776 0.08236 0.72425 9.126e+12 0.52832
2.005 1228.341 0.27263 0.00228 0.38937 0.05948 0.37668 0.00314 0.53798 0.08219 0.72376 9.119e+12 0.52859
2.010 1228.158 0.27242 0.00226 0.38928 0.05932 0.37664 0.00313 0.53821 0.08202 0.72328 9.113e+12 0.52887
2.015 1227.975 0.27221 0.00225 0.38918 0.05916 0.37660 0.00312 0.53844 0.08184 0.72280 9.107e+12 0.52915
2.020 1227.793 0.27200 0.00224 0.38908 0.05899 0.37656 0.00310 0.53866 0.08167 0.72232 9.101e+12 0.52942
2.025 1227.611 0.27179 0.00223 0.38899 0.05883 0.37652 0.00309 0.53889 0.08150 0.72183 9.095e+12 0.52970
2.030 1227.429 0.27158 0.00222 0.38889 0.05867 0.37648 0.00308 0.53911 0.08133 0.72135 9.089e+12 0.52997
2.035 1227.247 0.27137 0.00221 0.38880 0.05850 0.37644 0.00307 0.53934 0.08116 0.72087 9.083e+12 0.53024
2.040 1227.066 0.27116 0.00220 0.38870 0.05834 0.37640 0.00305 0.53956 0.08098 0.72039 9.077e+12 0.53052
2.045 1226.885 0.27095 0.00219 0.38860 0.05818 0.37636 0.00304 0.53979 0.08081 0.71992 9.071e+12 0.53079
2.050 1226.704 0.27074 0.00218 0.38851 0.05802 0.37632 0.00303 0.54001 0.08064 0.71944 9.065e+12 0.53106
2.055 1226.524 0.27053 0.00217 0.38841 0.05786 0.37627 0.00301 0.54024 0.08047 0.71896 9.059e+12 0.53133
2.060 1226.344 0.27032 0.00216 0.38831 0.05770 0.37623 0.00300 0.54046 0.08030 0.71848 9.053e+12 0.53160
2.065 1226.164 0.27011 0.00215 0.38822 0.05754 0.37619 0.00299 0.54069 0.08013 0.71801 9.047e+12 0.53187
2.070 1225.985 0.26990 0.00213 0.38812 0.05738 0.37615 0.00298 0.54091 0.07996 0.71753 9.041e+12 0.53214
2.075 1225.806 0.26969 0.00212 0.38803 0.05722 0.37610 0.00296 0.54114 0.07980 0.71706 9.035e+12 0.53241
2.080 1225.627 0.26948 0.00211 0.38793 0.05706 0.37606 0.00295 0.54136 0.07963 0.71658 9.029e+12 0.53268
2.085 1225.449 0.26927 0.00210 0.38783 0.05690 0.37602 0.00294 0.54158 0.07946 0.71611 9.023e+12 0.53295
2.090 1225.271 0.26906 0.00209 0.38774 0.05674 0.37598 0.00292 0.54181 0.07929 0.71564 9.017e+12 0.53322
2.095 1225.093 0.26885 0.00208 0.38764 0.05659 0.37593 0.00291 0.54203 0.07912 0.71517 9.011e+12 0.53348
2.100 1224.915 0.26865 0.00207 0.38755 0.05643 0.37589 0.00290 0.54225 0.07896 0.71469 9.005e+12 0.53375
2.105 1224.738 0.26844 0.00206 0.38745 0.05627 0.37585 0.00289 0.54248 0.07879 0.71422 8.999e+12 0.53402
2.110 1224.561 0.26823 0.00205 0.38735 0.05612 0.37580 0.00288 0.54270 0.07862 0.71375 8.993e+12 0.53428
2.115 1224.385 0.26802 0.00204 0.38726 0.05596 0.37576 0.00286 0.54292 0.07846 0.71328 8.987e+12 0.53455
2.120 1224.208 0.26781 0.00203 0.38716 0.05581 0.37571 0.00285 0.54315 0.07829 0.71282 8.981e+12 0.53481
2.125 1224.032 0.26761 0.00202 0.38707 0.05565 0.37567 0.00284 0.54337 0.07813 0.71235 8.976e+12 0.53507
2.130 1223.857 0.26740 0.00201 0.38697 0.05550 0.37562 0.00283 0.54359 0.07796 0.71188 8.970e+12 0.53534
2.135 1223.681 0.26719 0.00200 0.38688 0.05534 0.37558 0.00281 0.54381 0.07779 0.71141 8.964e+12 0.53560
2.140 1223.506 0.26699 0.00199 0.38678 0.05519 0.37553 0.00280 0.54403 0.07763 0.71095 8.958e+12 0.53586
2.145 1223.332 0.26678 0.00198 0.38668 0.05504 0.37549 0.00279 0.54425 0.07747 0.71048 8.952e+12 0.53613
2.150 1223.157 0.26657 0.00197 0.38659 0.05489 0.37544 0.00278 0.54448 0.07730 0.71002 8.946e+12 0.53639
2.155 1222.983 0.26637 0.00196 0.38649 0.05473 0.37540 0.00277 0.54470 0.07714 0.70955 8.940e+12 0.53665
2.160 1222.809 0.26616 0.00195 0.38640 0.05458 0.37535 0.00276 0.54492 0.07697 0.70909 8.935e+12 0.53691
2.165 1222.635 0.26595 0.00194 0.38630 0.05443 0.37531 0.00274 0.54514 0.07681 0.70863 8.929e+12 0.53717
2.170 1222.462 0.26575 0.00193 0.38621 0.05428 0.37526 0.00273 0.54536 0.07665 0.70817 8.923e+12 0.53743
2.175 1222.289 0.26554 0.00192 0.38611 0.05413 0.37521 0.00272 0.54558 0.07649 0.70771 8.917e+12 0.53769
2.180 1222.116 0.26534 0.00192 0.38601 0.05398 0.37517 0.00271 0.54580 0.07632 0.70724 8.911e+12 0.53794
2.185 1221.944 0.26513 0.00191 0.38592 0.05383 0.37512 0.00270 0.54602 0.07616 0.70678 8.905e+12 0.53820
2.190 1221.772 0.26492 0.00190 0.38582 0.05368 0.37507 0.00269 0.54624 0.07600 0.70632 8.900e+12 0.53846
2.195 1221.600 0.26472 0.00189 0.38573 0.05353 0.37503 0.00267 0.54646 0.07584 0.70587 8.894e+12 0.53871
2.200 1221.428 0.26451 0.00188 0.38563 0.05338 0.37498 0.00266 0.54668 0.07568 0.70541 8.888e+12 0.53897
2.205 1221.257 0.26431 0.00187 0.38554 0.05324 0.37493 0.00265 0.54690 0.07552 0.70495 8.882e+12 0.53923
2.210 1221.086 0.26410 0.00186 0.38544 0.05309 0.37489 0.00264 0.54712 0.07536 0.70449 8.877e+12 0.53948
2.215 1220.916 0.26390 0.00185 0.38535 0.05294 0.37484 0.00263 0.54734 0.07520 0.70404 8.871e+12 0.53974
2.220 1220.745 0.26370 0.00184 0.38525 0.05279 0.37479 0.00262 0.54756 0.07504 0.70358 8.865e+12 0.53999
2.225 1220.575 0.26349 0.00183 0.38516 0.05265 0.37474 0.00261 0.54778 0.07488 0.70313 8.859e+12 0.54024
2.230 1220.405 0.26329 0.00182 0.38506 0.05250 0.37469 0.00260 0.54799 0.07472 0.70267 8.854e+12 0.54050
2.235 1220.236 0.26308 0.00181 0.38497 0.05236 0.37465 0.00258 0.54821 0.07456 0.70222 8.848e+12 0.54075
2.240 1220.066 0.26288 0.00181 0.38487 0.05221 0.37460 0.00257 0.54843 0.07440 0.70177 8.842e+12 0.54100
2.245 1219.897 0.26268 0.00180 0.38477 0.05207 0.37455 0.00256 0.54865 0.07424 0.70131 8.837e+12 0.54125
2.250 1219.729 0.26247 0.00179 0.38468 0.05192 0.37450 0.00255 0.54887 0.07408 0.70086 8.831e+12 0.54151
2.255 1219.560 0.26227 0.00178 0.38458 0.05178 0.37445 0.00254 0.54908 0.07393 0.70041 8.825e+12 0.54176
2.260 1219.392 0.26207 0.00177 0.38449 0.05163 0.37440 0.00253 0.54930 0.07377 0.69996 8.819e+12 0.54201
2.265 1219.224 0.26186 0.00176 0.38439 0.05149 0.37435 0.00252 0.54952 0.07361 0.69951 8.814e+12 0.54226
2.270 1219.057 0.26166 0.00175 0.38430 0.05135 0.37430 0.00251 0.54974 0.07345 0.69906 8.808e+12 0.54250
2.275 1218.889 0.26146 0.00174 0.38420 0.05121 0.37425 0.00250 0.54995 0.07330 0.69861 8.803e+12 0.54275
2.280 1218.722 0.26125 0.00174 0.38411 0.05106 0.37420 0.00249 0.55017 0.07314 0.69816 8.797e+12 0.54300
2.285 1218.556 0.26105 0.00173 0.38401 0.05092 0.37415 0.00248 0.55039 0.07299 0.69772 8.791e+12 0.54325
2.290 1218.389 0.26085 0.00172 0.38392 0.05078 0.37410 0.00247 0.55060 0.07283 0.69727 8.786e+12 0.54350
2.295 1218.223 0.26065 0.00171 0.38382 0.05064 0.37405 0.00245 0.55082 0.07267 0.69682 8.780e+12 0.54374
2.300 1218.057 0.26045 0.00170 0.38373 0.05050 0.37400 0.00244 0.55104 0.07252 0.69638 8.774e+12 0.54399
2.305 1217.891 0.26024 0.00169 0.38363 0.05036 0.37395 0.00243 0.55125 0.07237 0.69593 8.769e+12 0.54424
2.310 1217.726 0.26004 0.00169 0.38354 0.05022 0.37390 0.00242 0.55147 0.07221 0.69549 8.763e+12 0.54448
2.315 1217.561 0.25984 0.00168 0.38344 0.05008 0.37385 0.00241 0.55168 0.07206 0.69504 8.758e+12 0.54473
2.320 1217.396 0.25964 0.00167 0.38335 0.04994 0.37380 0.00240 0.55190 0.07190 0.69460 8.752e+12 0.54497
2.325 1217.231 0.25944 0.00166 0.38325 0.04981 0.37375 0.00239 0.55211 0.07175 0.69416 8.746e+12 0.54521
2.330 1217.067 0.25924 0.00165 0.38316 0.04967 0.37369 0.00238 0.55233 0.07160 0.69372 8.741e+12 0.54546
2.335 1216.903 0.25904 0.00164 0.38306 0.04953 0.37364 0.00237 0.55254 0.07144 0.69327 8.735e+12 0.54570
2.340 1216.739 0.25884 0.00164 0.38297 0.04939 0.37359 0.00236 0.55276 0.07129 0.69283 8.730e+12 0.54594
2.345 1216.575 0.25864 0.00163 0.38287 0.04926 0.37354 0.00235 0.55297 0.07114 0.69239 8.724e+12 0.54618
2.350 1216.412 0.25843 0.00162 0.38278 0.04912 0.37349 0.00234 0.55319 0.07099 0.69195 8.719e+12 0.54643
2.355 1216.249 0.25823 0.00161 0.38269 0.04898 0.37343 0.00233 0.55340 0.07083 0.69152 8.713e+12 0.54667
2.360 1216.086 0.25803 0.00160 0.38259 0.04885 0.37338 0.00232 0.55362 0.07068 0.69108 8.708e+12 0.54691
2.365 1215.924 0.25783 0.00160 0.38250 0.04871 0.37333 0.00231 0.55383 0.07053 0.69064 8.702e+12 0.54715
2.370 1215.762 0.25763 0.00159 0.38240 0.04858 0.37328 0.00230 0.55404 0.07038 0.69020 8.697e+12 0.54739
2.375 1215.600 0.25744 0.00158 0.38231 0.04844 0.37322 0.00229 0.55426 0.07023 0.68976 8.691e+12 0.54763
2.380 1215.438 0.25724 0.00157 0.38221 0.04831 0.37317 0.00228 0.55447 0.07008 0.68933 8.686e+12 0.54787
2.385 1215.276 0.25704 0.00157 0.38212 0.04817 0.37312 0.00227 0.55468 0.06993 0.68889 8.680e+12 0.54810
2.390 1215.115 0.25684 0.00156 0.38202 0.04804 0.37306 0.00226 0.55490 0.06978 0.68846 8.675e+12 0.54834
2.395 1214.954 0.25664 0.00155 0.38193 0.04791 0.37301 0.00225 0.55511 0.06963 0.68802 8.669e+12 0.54858
2.400 1214.794 0.25644 0.00154 0.38183 0.04777 0.37295 0.00224 0.55532 0.06948 0.68759 8.664e+12 0.54882
2.405 1214.633 0.25624 0.00153 0.38174 0.04764 0.37290 0.00223 0.55553 0.06933 0.68716 8.658e+12 0.54905
2.410 1214.473 0.25604 0.00153 0.38164 0.04751 0.37285 0.00222 0.55575 0.06918 0.68672 8.653e+12 0.54929
2.415 1214.313 0.25584 0.00152 0.38155 0.04738 0.37279 0.00221 0.55596 0.06904 0.68629 8.647e+12 0.54952
2.420 1214.153 0.25565 0.00151 0.38146 0.04725 0.37274 0.00220 0.55617 0.06889 0.68586 8.642e+12 0.54976
2.425 1213.994 0.25545 0.00150 0.38136 0.04712 0.37268 0.00220 0.55638 0.06874 0.68543 8.636e+12 0.54999
2.430 1213.835 0.25525 0.00150 0.38127 0.04699 0.37263 0.00219 0.55659 0.06859 0.68500 8.631e+12 0.55023
2.435 1213.676 0.25505 0.00149 0.38117 0.04686 0.37257 0.00218 0.55681 0.06845 0.68457 8.626e+12 0.55046
2.440 1213.517 0.25485 0.00148 0.38108 0.04673 0.37252 0.00217 0.55702 0.06830 0.68414 8.620e+12 0.55069
2.445 1213.359 0.25466 0.00148 0.38098 0.04660 0.37246 0.00216 0.55723 0.06815 0.68371 8.615e+12 0.55093
2.450 1213.201 0.25446 0.00147 0.38089 0.04647 0.37241 0.00215 0.55744 0.06801 0.68329 8.609e+12 0.55116
2.455 1213.043 0.25426 0.00146 0.38080 0.04634 0.37235 0.00214 0.55765 0.06786 0.68286 8.604e+12 0.55139
2.460 1212.885 0.25407 0.00145 0.38070 0.04621 0.37230 0.00213 0.55786 0.06771 0.68243 8.599e+12 0.55162
2.465 1212.727 0.25387 0.00145 0.38061 0.04608 0.37224 0.00212 0.55807 0.06757 0.68200 8.593e+12 0.55185
2.470 1212.570 0.25367 0.00144 0.38051 0.04595 0.37218 0.00211 0.55828 0.06742 0.68158 8.588e+12 0.55208
2.475 1212.413 0.25348 0.00143 0.38042 0.04583 0.37213 0.00210 0.55849 0.06728 0.68115 8.583e+12 0.55231
2.480 1212.257 0.25328 0.00143 0.38032 0.04570 0.37207 0.00209 0.55870 0.06713 0.68073 8.577e+12 0.55254
2.485 1212.100 0.25308 0.00142 0.38023 0.04557 0.37201 0.00209 0.55891 0.06699 0.68031 8.572e+12 0.55277
2.490 1211.944 0.25289 0.00141 0.38014 0.04545 0.37196 0.00208 0.55912 0.06685 0.67988 8.567e+12 0.55300
2.495 1211.788 0.25269 0.00140 0.38004 0.04532 0.37190 0.00207 0.55933 0.06670 0.67946 8.561e+12 0.55323
2.500 1211.632 0.25250 0.00140 0.37995 0.04520 0.37184 0.00206 0.55954 0.06656 0.67904 8.556e+12 0.55346
2.505 1211.477 0.25230 0.00139 0.37985 0.04507 0.37179 0.00205 0.55975 0.06642 0.67862 8.551e+12 0.55369
2.510 1211.321 0.25210 0.00138 0.37976 0.04495 0.37173 0.00204 0.55996 0.06627 0.67819 8.545e+12 0.55391
2.515 1211.166 0.25191 0.00138 0.37967 0.04482 0.37167 0.00203 0.56017 0.06613 0.67777 8.540e+12 0.55414
2.520 1211.012 0.25171 0.00137 0.37957 0.04470 0.37161 0.00202 0.56038 0.06599 0.67735 8.535e+12 0.55437
2.525 1210.857 0.25152 0.00136 0.37948 0.04457 0.37156 0.00201 0.56058 0.06585 0.67693 8.529e+12 0.55459
2.530 1210.703 0.25132 0.00136 0.37938 0.04445 0.37150 0.00201 0.56079 0.06570 0.67651 8.524e+12 0.55482
2.535 1210.549 0.25113 0.00135 0.37929 0.04433 0.37144 0.00200 0.56100 0.06556 0.67610 8.519e+12 0.55504
2.540 1210.395 0.25093 0.00134 0.37920 0.04420 0.37138 0.00199 0.56121 0.06542 0.67568 8.514e+12 0.55527
2.545 1210.241 0.25074 0.00134 0.37910 0.04408 0.37132 0.00198 0.56142 0.06528 0.67526 8.508e+12 0.55549
2.550 1210.088 0.25055 0.00133 0.37901 0.04396 0.37127 0.00197 0.56162 0.06514 0.67484 8.503e+12 0.55571
2.555 1209.935 0.25035 0.00132 0.37892 0.04384 0.37121 0.00196 0.56183 0.06500 0.67443 8.498e+12 0.55594
2.560 1209.782 0.25016 0.00132 0.37882 0.04372 0.37115 0.00195 0.56204 0.06486 0.67401 8.493e+12 0.55616
2.565 1209.629 0.24996 0.00131 0.37873 0.04359 0.37109 0.00195 0.56225 0.06472 0.67360 8.487e+12 0.55638
2.570 1209.477 0.24977 0.00130 0.37863 0.04347 0.37103 0.00194 0.56245 0.06458 0.67318 8.482e+12 0.55660
2.575 1209.325 0.24958 0.00130 0.37854 0.04335 0.37097 0.00193 0.56266 0.06444 0.67277 8.477e+12 0.55683
2.580 1209.173 0.24938 0.00129 0.37845 0.04323 0.37091 0.00192 0.56287 0.06430 0.67236 8.472e+12 0.55705
2.585 1209.021 0.24919 0.00129 0.37835 0.04311 0.37085 0.00191 0.56307 0.06416 0.67194 8.466e+12 0.55727
2.590 1208.869 0.24900 0.00128 0.37826 0.04299 0.37079 0.00190 0.56328 0.06402 0.67153 8.461e+12 0.55749
2.595 1208.718 0.24880 0.00127 0.37817 0.04287 0.37073 0.00190 0.56349 0.06388 0.67112 8.456e+12 0.55771
2.600 1208.567 0.24861 0.00127 0.37807 0.04276 0.37067 0.00189 0.56369 0.06375 0.67071 8.451e+12 0.55793
2.605 1208.416 0.24842 0.00126 0.37798 0.04264 0.37061 0.00188 0.56390 0.06361 0.67030 8.446e+12 0.55815
2.610 1208.266 0.24823 0.00125 0.37789 0.04252 0.37055 0.00187 0.56410 0.06347 0.66989 8.441e+12 0.55836
2.615 1208.115 0.24803 0.00125 0.37779 0.04240 0.37049 0.00186 0.56431 0.06333 0.66948 8.435e+12 0.55858
2.620 1207.965 0.24784 0.00124 0.37770 0.04228 0.37043 0.00186 0.56452 0.06320 0.66907 8.430e+12 0.55880
2.625 1207.815 0.24765 0.00124 0.37760 0.04217 0.37037 0.00185 0.56472 0.06306 0.66866 8.425e+12 0.55902
2.630 1207.665 0.24746 0.00123 0.37751 0.04205 0.37031 0.00184 0.56493 0.06292 0.66825 8.420e+12 0.55923
2.635 1207.516 0.24727 0.00122 0.37742 0.04193 0.37025 0.00183 0.56513 0.06279 0.66784 8.415e+12 0.55945
2.640 1207.367 0.24708 0.00122 0.37732 0.04182 0.37019 0.00182 0.56534 0.06265 0.66743 8.410e+12 0.55967
2.645 1207.218 0.24688 0.00121 0.37723 0.04170 0.37013 0.00182 0.56554 0.06252 0.66703 8.405e+12 0.55988
2.650 1207.069 0.24669 0.00121 0.37714 0.04159 0.37006 0.00181 0.56574 0.06238 0.66662 8.399e+12 0.56010
2.655 1206.920 0.24650 0.00120 0.37704 0.04147 0.37000 0.00180 0.56595 0.06225 0.66622 8.394e+12 0.56031
2.660 1206.772 0.24631 0.00119 0.37695 0.04136 0.36994 0.00179 0.56615 0.06211 0.66581 8.389e+12 0.56053
2.665 1206.624 0.24612 0.00119 0.37686 0.04124 0.36988 0.00179 0.56636 0.06198 0.66541 8.384e+12 0.56074
2.670 1206.476 0.24593 0.00118 0.37676 0.04113 0.36982 0.00178 0.56656 0.06184 0.66500 8.379e+12 0.56095
2.675 1206.328 0.24574 0.00118 0.37667 0.04101 0.36976 0.00177 0.56677 0.06171 0.66460 8.374e+12 0.56117
2.680 1206.180 0.24555 0.00117 0.37658 0.04090 0.36969 0.00176 0.56697 0.06158 0.66420 8.369e+12 0.56138
2.685 1206.033 0.24536 0.00116 0.37648 0.04079 0.36963 0.00175 0.56717 0.06144 0.66379 8.364e+12 0.56159
2.690 1205.886 0.24517 0.00116 0.37639 0.04067 0.36957 0.00175 0.56738 0.06131 0.66339 8.359e+12 0.56180
2.695 1205.739 0.24498 0.00115 0.37630 0.04056 0.36951 0.00174 0.56758 0.06118 0.66299 8.354e+12 0.56202
2.700 1205.593 0.24479 0.00115 0.37621 0.04045 0.36944 0.00173 0.56778 0.06104 0.66259 8.349e+12 0.56223
2.705 1205.446 0.24460 0.00114 0.37611 0.04034 0.36938 0.00172 0.56798 0.06091 0.66219 8.344e+12 0.56244
2.710 1205.300 0.24441 0.00114 0.37602 0.04022 0.36932 0.00172 0.56819 0.06078 0.66179 8.339e+12 0.56265
2.715 1205.154 0.24422 0.00113 0.37593 0.04011 0.36925 0.00171 0.56839 0.06065 0.66139 8.333e+12 0.56286
2.720 1205.008 0.24403 0.00113 0.37583 0.04000 0.36919 0.00170 0.56859 0.06052 0.66099 8.328e+12 0.56307
2.725 1204.863 0.24384 0.00112 0.37574 0.03989 0.36913 0.00170 0.56879 0.06039 0.66059 8.323e+12 0.56328
2.730 1204.717 0.24365 0.00111 0.37565 0.03978 0.36906 0.00169 0.56900 0.06025 0.66019 8.318e+12 0.56349
2.735 1204.572 0.24346 0.00111 0.37555 0.03967 0.36900 0.00168 0.56920 0.06012 0.65980 8.313e+12 0.56369
2.740 1204.427 0.24328 0.00110 0.37546 0.03956 0.36893 0.00167 0.56940 0.05999 0.65940 8.308e+12 0.56390
2.745 1204.282 0.24309 0.00110 0.37537 0.03945 0.36887 0.00167 0.56960 0.05986 0.65900 8.303e+12 0.56411
2.750 1204.138 0.24290 0.00109 0.37528 0.03934 0.36881 0.00166 0.56980 0.05973 0.65861 8.298e+12 0.56432
2.755 1203.994 0.24271 0.00109 0.37518 0.03923 0.36874 0.00165 0.57000 0.05960 0.65821 8.293e+12 0.56452
2.760 1203.849 0.24252 0.00108 0.37509 0.03912 0.36868 0.00164 0.57020 0.05947 0.65782 8.288e+12 0.56473
2.765 1203.706 0.24233 0.00108 0.37500 0.03901 0.36861 0.00164 0.57041 0.05934 0.65742 8.284e+12 0.56494
2.770 1203.562 0.24215 0.00107 0.37490 0.03891 0.36855 0.00163 0.57061 0.05922 0.65703 8.279e+12 0.56514
2.775 1203.418 0.24196 0.00107 0.37481 0.03880 0.36848 0.00162 0.57081 0.05909 0.65663 8.274e+12 0.56535
2.780 1203.275 0.24177 0.00106 0.37472 0.03869 0.36842 0.00162 0.57101 0.05896 0.65624 8.269e+12 0.56555
2.785 1203.132 0.24158 0.00106 0.37463 0.03858 0.36835 0.00161 0.57121 0.05883 0.65585 8.264e+12 0.56576
2.790 1202.989 0.24140 0.00105 0.37453 0.03848 0.36829 0.00160 0.57141 0.05870 0.65546 8.259e+12 0.56596
2.795 1202.846 0.24121 0.00105 0.37444 0.03837 0.36822 0.00160 0.57161 0.05857 0.65507 8.254e+12 0.56617
2.800 1202.704 0.24102 0.00104 0.37435 0.03826 0.36816 0.00159 0.57181 0.05845 0.65467 8.249e+12 0.56637
2.805 1202.562 0.24084 0.00103 0.37426 0.03816 0.36809 0.00158 0.57201 0.05832 0.65428 8.244e+12 0.56657
2.810 1202.420 0.24065 0.00103 0.37416 0.03805 0.36803 0.00157 0.57221 0.05819 0.65389 8.239e+12 0.56677
2.815 1202.278 0.24046 0.00102 0.37407 0.03795 0.36796 0.00157 0.57241 0.05807 0.65350 8.234e+12 0.56698
2.820 1202.136 0.24028 0.00102 0.37398 0.03784 0.36789 0.00156 0.57261 0.05794 0.65312 8.229e+12 0.56718
2.825 1201.995 0.24009 0.00101 0.37388 0.03774 0.36783 0.00155 0.57280 0.05781 0.65273 8.224e+12 0.56738
2.830 1201.853 0.23991 0.00101 0.37379 0.03763 0.36776 0.00155 0.57300 0.05769 0.65234 8.219e+12 0.56758
2.835 1201.712 0.23972 0.00100 0.37370 0.03753 0.36770 0.00154 0.57320 0.05756 0.65195 8.215e+12 0.56778
2.840 1201.571 0.23953 0.00100 0.37361 0.03742 0.36763 0.00153 0.57340 0.05744 0.65156 8.210e+12 0.56798
2.845 1201.431 0.23935 0.00099 0.37351 0.03732 0.36756 0.00153 0.57360 0.05731 0.65118 8.205e+12 0.56818
2.850 1201.290 0.23916 0.00099 0.37342 0.03722 0.36750 0.00152 0.57380 0.05719 0.65079 8.200e+12 0.56838
2.855 1201.150 0.23898 0.00099 0.37333 0.03711 0.36743 0.00151 0.57400 0.05706 0.65041 8.195e+12 0.56858
2.860 1201.010 0.23879 0.00098 0.37324 0.03701 0.36736 0.00151 0.57419 0.05694 0.65002 8.190e+12 0.56878
2.865 1200.870 0.23861 0.00098 0.37315 0.03691 0.36729 0.00150 0.57439 0.05681 0.64964 8.185e+12 0.56898
2.870 1200.730 0.23842 0.00097 0.37305 0.03681 0.36723 0.00150 0.57459 0.05669 0.64925 8.181e+12 0.56918
2.875 1200.591 0.23824 0.00097 0.37296 0.03670 0.36716 0.00149 0.57479 0.05657 0.64887 8.176e+12 0.56937
2.880 1200.452 0.23805 0.00096 0.37287 0.03660 0.36709 0.00148 0.57498 0.05644 0.64848 8.171e+12 0.56957
2.885 1200.313 0.23787 0.00096 0.37278 0.03650 0.36702 0.00148 0.57518 0.05632 0.64810 8.166e+12 0.56977
2.890 1200.174 0.23768 0.00095 0.37268 0.03640 0.36696 0.00147 0.57538 0.05620 0.64772 8.161e+12 0.56997
2.895 1200.035 0.23750 0.00095 0.37259 0.03630 0.36689 0.00146 0.57558 0.05607 0.64734 8.156e+12 0.57016
2.900 1199.897 0.23732 0.00094 0.37250 0.03620 0.36682 0.00146 0.57577 0.05595 0.64696 8.152e+12 0.57036
2.905 1199.758 0.23713 0.00094 0.37241 0.03610 0.36675 0.00145 0.57597 0.05583 0.64657 8.147e+12 0.57055
2.910 1199.620 0.23695 0.00093 0.37231 0.03600 0.36668 0.00144 0.57617 0.05571 0.64619 8.142e+12 0.57075
2.915 1199.482 0.23677 0.00093 0.37222 0.03590 0.36661 0.00144 0.57636 0.05559 0.64581 8.137e+12 0.57094
2.920 1199.344 0.23658 0.00092 0.37213 0.03580 0.36655 0.00143 0.57656 0.05546 0.64543 8.132e+12 0.57114
2.925 1199.207 0.23640 0.00092 0.37204 0.03570 0.36648 0.00143 0.57675 0.05534 0.64506 8.128e+12 0.57133
2.930 1199.069 0.23622 0.00092 0.37195 0.03560 0.36641 0.00142 0.57695 0.05522 0.64468 8.123e+12 0.57153
2.935 1198.932 0.23603 0.00091 0.37185 0.03550 0.36634 0.00141 0.57715 0.05510 0.64430 8.118e+12 0.57172
2.940 1198.795 0.23585 0.00091 0.37176 0.03540 0.36627 0.00141 0.57734 0.05498 0.64392 8.113e+12 0.57191
2.945 1198.659 0.23567 0.00090 0.37167 0.03530 0.36620 0.00140 0.57754 0.05486 0.64354 8.109e+12 0.57210
2.950 1198.522 0.23548 0.00090 0.37158 0.03521 0.36613 0.00139 0.57773 0.05474 0.64317 8.104e+12 0.57230
2.955 1198.385 0.23530 0.00089 0.37149 0.03511 0.36606 0.00139 0.57793 0.05462 0.64279 8.099e+12 0.57249
2.960 1198.249 0.23512 0.00089 0.37139 0.03501 0.36599 0.00138 0.57812 0.05450 0.64241 8.094e+12 0.57268
2.965 1198.113 0.23494 0.00088 0.37130 0.03492 0.36592 0.00138 0.57832 0.05438 0.64204 8.090e+12 0.57287
2.970 1197.977 0.23476 0.00088 0.37121 0.03482 0.36585 0.00137 0.57851 0.05426 0.64166 8.085e+12 0.57306
2.975 1197.842 0.23457 0.00088 0.37112 0.03472 0.36578 0.00137 0.57871 0.05414 0.64129 8.080e+12 0.57325
2.980 1197.706 0.23439 0.00087 0.37103 0.03463 0.36571 0.00136 0.57890 0.05403 0.64092 8.076e+12 0.57344
2.985 1197.571 0.23421 0.00087 0.37094 0.03453 0.36564 0.00135 0.57910 0.05391 0.64054 8.071e+12 0.57363
2.990 1197.436 0.23403 0.00086 0.37084 0.03443 0.36557 0.00135 0.57929 0.05379 0.64017 8.066e+12 0.57382
2.995 1197.301 0.23385 0.00086 0.37075 0.03434 0.36550 0.00134 0.57948 0.05367 0.63980 8.061e+12 0.57401
3.000 1197.166 0.23367 0.00085 0.37066 0.03424 0.36543 0.00134 0.57968 0.05355 0.63942 8.057e+12 0.57420
3.005 1197.031 0.23349 0.00085 0.37057 0.03415 0.36536 0.00133 0.57987 0.05344 0.63905 8.052e+12 0.57439
3.010 1196.897 0.23330 0.00085 0.37048 0.03405 0.36529 0.00132 0.58007 0.05332 0.63868 8.047e+12 0.57458
3.015 1196.763 0.23312 0.00084 0.37038 0.03396 0.36522 0.00132 0.58026 0.05320 0.63831 8.043e+12 0.57477
3.020 1196.629 0.23294 0.00084 0.37029 0.03387 0.36515 0.00131 0.58045 0.05309 0.63794 8.038e+12 0.57495
3.025 1196.495 0.23276 0.00083 0.37020 0.03377 0.36508 0.00131 0.58065 0.05297 0.63757 8.033e+12 0.57514
3.030 1196.361 0.23258 0.00083 0.37011 0.03368 0.36501 0.00130 0.58084 0.05285 0.63720 8.029e+12 0.57533
3.035 1196.228 0.23240 0.00083 0.37002 0.03358 0.36494 0.00130 0.58103 0.05274 0.63683 8.024e+12 0.57551
3.040 1196.094 0.23222 0.00082 0.36993 0.03349 0.36486 0.00129 0.58122 0.05262 0.63646 8.019e+12 0.57570
3.045 1195.961 0.23204 0.00082 0.36984 0.03340 0.36479 0.00128 0.58142 0.05251 0.63609 8.015e+12 0.57588
3.050 1195.828 0.23186 0.00081 0.36974 0.03331 0.36472 0.00128 0.58161 0.05239 0.63573 8.010e+12 0.57607
3.055 1195.696 0.23168 0.00081 0.36965 0.03321 0.36465 0.00127 0.58180 0.05228 0.63536 8.006e+12 0.57625
3.060 1195.563 0.23150 0.00081 0.36956 0.03312 0.36458 0.00127 0.58199 0.05216 0.63499 8.001e+12 0.57644
3.065 1195.431 0.23132 0.00080 0.36947 0.03303 0.36451 0.00126 0.58219 0.05205 0.63462 7.996e+12 0.57662
3.070 1195.298 0.23114 0.00080 0.36938 0.03294 0.36443 0.00126 0.58238 0.05193 0.63426 7.992e+12 0.57681
3.075 1195.166 0.23097 0.00079 0.36929 0.03285 0.36436 0.00125 0.58257 0.05182 0.63389 7.987e+12 0.57699
3.080 1195.034 0.23079 0.00079 0.36920 0.03276 0.36429 0.00125 0.58276 0.05170 0.63353 7.982e+12 0.57717
3.085 1194.903 0.23061 0.00079 0.36910 0.03267 0.36422 0.00124 0.58295 0.05159 0.63316 7.978e+12 0.57736
3.090 1194.771 0.23043 0.00078 0.36901 0.03258 0.36414 0.00124 0.58314 0.05148 0.63280 7.973e+12 0.57754
3.095 1194.640 0.23025 0.00078 0.36892 0.03248 0.36407 0.00123 0.58333 0.05136 0.63243 7.969e+12 0.57772
3.100 1194.508 0.23007 0.00077 0.36883 0.03239 0.36400 0.00122 0.58353 0.05125 0.63207 7.964e+12 0.57790
3.105 1194.377 0.22989 0.00077 0.36874 0.03231 0.36392 0.00122 0.58372 0.05114 0.63171 7.960e+12 0.57809
3.110 1194.247 0.22972 0.00077 0.36865 0.03222 0.36385 0.00121 0.58391 0.05103 0.63135 7.955e+12 0.57827
3.115 1194.116 0.22954 0.00076 0.36856 0.03213 0.36378 0.00121 0.58410 0.05091 0.63098 7.950e+12 0.57845
3.120 1193.985 0.22936 0.00076 0.36846 0.03204 0.36371 0.00120 0.58429 0.05080 0.63062 7.946e+12 0.57863
3.125 1193.855 0.22918 0.00076 0.36837 0.03195 0.36363 0.00120 0.58448 0.05069 0.63026 7.941e+12 0.57881
3.130 1193.725 0.22901 0.00075 0.36828 0.03186 0.36356 0.00119 0.58467 0.05058 0.62990 7.937e+12 0.57899
3.135 1193.595 0.22883 0.00075 0.36819 0.03177 0.36348 0.00119 0.58486 0.05047 0.62954 7.932e+12 0.57917
3.140 1193.465 0.22865 0.00074 0.36810 0.03168 0.36341 0.00118 0.58505 0.05036 0.62918 7.928e+12 0.57935
3.145 1193.335 0.22847 0.00074 0.36801 0.03160 0.36334 0.00118 0.58524 0.05025 0.62882 7.923e+12 0.57953
3.150 1193.206 0.22830 0.00074 0.36792 0.03151 0.36326 0.00117 0.58543 0.05014 0.62846 7.919e+12 0.57971
3.155 1193.077 0.22812 0.00073 0.36783 0.03142 0.36319 0.00117 0.58562 0.05003 0.62810 7.914e+12 0.57988
3.160 1192.947 0.22794 0.00073 0.36774 0.03133 0.36312 0.00116 0.58581 0.04992 0.62774 7.910e+12 0.58006
3.165 1192.818 0.22777 0.00073 0.36764 0.03125 0.36304 0.00116 0.58600 0.04981 0.62738 7.905e+12 0.58024
3.170 1192.690 0.22759 0.00072 0.36755 0.03116 0.36297 0.00115 0.58619 0.04970 0.62703 7.901e+12 0.58042
3.175 1192.561 0.22741 0.00072 0.36746 0.03107 0.36289 0.00115 0.58637 0.04959 0.62667 7.896e+12 0.58059
3.180 1192.432 0.22724 0.00072 0.36737 0.03099 0.36282 0.00114 0.58656 0.04948 0.62631 7.892e+12 0.58077
3.185 1192.304 0.22706 0.00071 0.36728 0.03090 0.36274 0.00114 0.58675 0.04937 0.62596 7.887e+12 0.58095
3.190 1192.176 0.22689 0.00071 0.36719 0.03082 0.36267 0.00113 0.58694 0.04926 0.62560 7.883e+12 0.58112
3.195 1192.048 0.22671 0.00070 0.36710 0.03073 0.36259 0.00113 0.58713 0.04915 0.62524 7.878e+12 0.58130
3.200 1191.920 0.22653 0.00070 0.36701 0.03065 0.36252 0.00112 0.58732 0.04904 0.62489 7.874e+12 0.58147
3.205 1191.792 0.22636 0.00070 0.36692 0.03056 0.36244 0.00112 0.58751 0.04893 0.62453 7.869e+12 0.58165
3.210 1191.665 0.22618 0.00069 0.36683 0.03048 0.36237 0.00111 0.58769 0.04883 0.62418 7.865e+12 0.58182
3.215 1191.538 0.22601 0.00069 0.36674 0.03039 0.36229 0.00111 0.58788 0.04872 0.62383 7.860e+12 0.58200
3.220 1191.411 0.22583 0.00069 0.36665 0.03031 0.36222 0.00110 0.58807 0.04861 0.62347 7.856e+12 0.58217
3.225 1191.284 0.22566 0.00068 0.36655 0.03022 0.36214 0.00110 0.58826 0.04850 0.62312 7.851e+12 0.58235
3.230 1191.157 0.22548 0.00068 0.36646 0.03014 0.36207 0.00109 0.58844 0.04840 0.62277 7.847e+12 0.58252
3.235 1191.030 0.22531 0.00068 0.36637 0.03006 0.36199 0.00109 0.58863 0.04829 0.62242 7.842e+12 0.58269
3.240 1190.903 0.22513 0.00067 0.36628 0.02997 0.36191 0.00108 0.58882 0.04818 0.62206 7.838e+12 0.58287
3.245 1190.777 0.22496 0.00067 0.36619 0.02989 0.36184 0.00108 0.58901 0.04808 0.62171 7.834e+12 0.58304
3.250 1190.651 0.22478 0.00067 0.36610 0.02981 0.36176 0.00107 0.58919 0.04797 0.62136 7.829e+12 0.58321
3.255 1190.525 0.22461 0.00066 0.36601 0.02972 0.36169 0.00107 0.58938 0.04786 0.62101 7.825e+12 0.58338
3.260 1190.399 0.22444 0.00066 0.36592 0.02964 0.36161 0.00107 0.58957 0.04776 0.62066 7.820e+12 0.58355
3.265 1190.273 0.22426 0.00066 0.36583 0.02956 0.36153 0.00106 0.58975 0.04765 0.62031 7.816e+12 0.58372
3.270 1190.148 0.22409 0.00065 0.36574 0.02948 0.36146 0.00106 0.58994 0.04755 0.61996 7.812e+12 0.58390
3.275 1190.022 0.22392 0.00065 0.36565 0.02940 0.36138 0.00105 0.59013 0.04744 0.61961 7.807e+12 0.58407
3.280 1189.897 0.22374 0.00065 0.36556 0.02931 0.36130 0.00105 0.59031 0.04734 0.61926 7.803e+12 0.58424
3.285 1189.772 0.22357 0.00065 0.36547 0.02923 0.36123 0.00104 0.59050 0.04723 0.61892 7.798e+12 0.58441
3.290 1189.647 0.22340 0.00064 0.36538 0.02915 0.36115 0.00104 0.59068 0.04713 0.61857 7.794e+12 0.58458
3.295 1189.522 0.22322 0.00064 0.36529 0.02907 0.36107 0.00103 0.59087 0.04703 0.61822 7.790e+12 0.58475
3.300 1189.398 0.22305 0.00064 0.36520 0.02899 0.36100 0.00103 0.59105 0.04692 0.61787 7.785e+12 0.58491
3.305 1189.273 0.22288 0.00063 0.36511 0.02891 0.36092 0.00102 0.59124 0.04682 0.61753 7.781e+12 0.58508
3.310 1189.149 0.22270 0.00063 0.36502 0.02883 0.36084 0.00102 0.59142 0.04671 0.61718 7.776e+12 0.58525
3.315 1189.025 0.22253 0.00063 0.36493 0.02875 0.36076 0.00102 0.59161 0.04661 0.61683 7.772e+12 0.58542
3.320 1188.901 0.22236 0.00062 0.36484 0.02867 0.36069 0.00101 0.59180 0.04651 0.61649 7.768e+12 0.58559
3.325 1188.777 0.22219 0.00062 0.36474 0.02859 0.36061 0.00101 0.59198 0.04640 0.61614 7.763e+12 0.58576
3.330 1188.653 0.22201 0.00062 0.36465 0.02851 0.36053 0.00100 0.59216 0.04630 0.61580 7.759e+12 0.58592
3.335 1188.530 0.22184 0.00061 0.36456 0.02843 0.36045 0.00100 0.59235 0.04620 0.61545 7.755e+12 0.58609
3.340 1188.407 0.22167 0.00061 0.36447 0.02835 0.36038 0.00099 0.59253 0.04610 0.61511 7.750e+12 0.58626
3.345 1188.283 0.22150 0.00061 0.36438 0.02828 0.36030 0.00099 0.59272 0.04600 0.61477 7.746e+12 0.58642
3.350 1188.160 0.22133 0.00061 0.36429 0.02820 0.36022 0.00098 0.59290 0.04589 0.61442 7.742e+12 0.58659
3.355 1188.037 0.22116 0.00060 0.36420 0.02812 0.36014 0.00098 0.59309 0.04579 0.61408 7.737e+12 0.58675
3.360 1187.915 0.22098 0.00060 0.36411 0.02804 0.36006 0.00098 0.59327 0.04569 0.61374 7.733e+12 0.58692
3.365 1187.792 0.22081 0.00060 0.36402 0.02796 0.35998 0.00097 0.59345 0.04559 0.61340 7.729e+12 0.58708
3.370 1187.670 0.22064 0.00059 0.36393 0.02789 0.35991 0.00097 0.59364 0.04549 0.61306 7.724e+12 0.58725
3.375 1187.547 0.22047 0.00059 0.36384 0.02781 0.35983 0.00096 0.59382 0.04539 0.61271 7.720e+12 0.58741
3.380 1187.425 0.22030 0.00059 0.36375 0.02773 0.35975 0.00096 0.59401 0.04529 0.61237 7.716e+12 0.58758
3.385 1187.303 0.22013 0.00058 0.36366 0.02766 0.35967 0.00096 0.59419 0.04519 0.61203 7.712e+12 0.58774
3.390 1187.181 0.21996 0.00058 0.36357 0.02758 0.35959 0.00095 0.59437 0.04509 0.61169 7.707e+12 0.58791
3.395 1187.060 0.21979 0.00058 0.36348 0.02750 0.35951 0.00095 0.59455 0.04499 0.61135 7.703e+12 0.58807
3.400 1186.938 0.21962 0.00058 0.36339 0.02743 0.35943 0.00094 0.59474 0.04489 0.61101 7.699e+12 0.58823
3.405 1186.817 0.21945 0.00057 0.36330 0.02735 0.35935 0.00094 0.59492 0.04479 0.61068 7.695e+12 0.58840
3.410 1186.695 0.21928 0.00057 0.36321 0.02727 0.35928 0.00093 0.59510 0.04469 0.61034 7.690e+12 0.58856
3.415 1186.574 0.21911 0.00057 0.36312 0.02720 0.35920 0.00093 0.59529 0.04459 0.61000 7.686e+12 0.58872
3.420 1186.453 0.21894 0.00056 0.36303 0.02712 0.35912 0.00093 0.59547 0.04449 0.60966 7.682e+12 0.58888
3.425 1186.333 0.21877 0.00056 0.36294 0.02705 0.35904 0.00092 0.59565 0.04439 0.60932 7.677e+12 0.58904
3.430 1186.212 0.21860 0.00056 0.36285 0.02697 0.35896 0.00092 0.59583 0.04429 0.60899 7.673e+12 0.58920
3.435 1186.091 0.21843 0.00056 0.36276 0.02690 0.35888 0.00091 0.59601 0.04419 0.60865 7.669e+12 0.58937
3.440 1185.971 0.21826 0.00055 0.36267 0.02682 0.35880 0.00091 0.59620 0.04410 0.60831 7.665e+12 0.58953
3.445 1185.851 0.21809 0.00055 0.36258 0.02675 0.35872 0.00091 0.59638 0.04400 0.60798 7.661e+12 0.58969
3.450 1185.731 0.21792 0.00055 0.36249 0.02668 0.35864 0.00090 0.59656 0.04390 0.60764 7.656e+12 0.58985
3.455 1185.611 0.21775 0.00055 0.36241 0.02660 0.35856 0.00090 0.59674 0.04380 0.60731 7.652e+12 0.59001
3.460 1185.491 0.21759 0.00054 0.36232 0.02653 0.35848 0.00089 0.59692 0.04371 0.60697 7.648e+12 0.59017
3.465 1185.371 0.21742 0.00054 0.36223 0.02645 0.35840 0.00089 0.59710 0.04361 0.60664 7.644e+12 0.59033
3.470 1185.252 0.21725 0.00054 0.36214 0.02638 0.35832 0.00089 0.59729 0.04351 0.60630 7.639e+12 0.59048
3.475 1185.133 0.21708 0.00053 0.36205 0.02631 0.35824 0.00088 0.59747 0.04341 0.60597 7.635e+12 0.59064
3.480 1185.013 0.21691 0.00053 0.36196 0.02624 0.35816 0.00088 0.59765 0.04332 0.60564 7.631e+12 0.59080
3.485 1184.894 0.21674 0.00053 0.36187 0.02616 0.35808 0.00088 0.59783 0.04322 0.60530 7.627e+12 0.59096
3.490 1184.775 0.21658 0.00053 0.36178 0.02609 0.35799 0.00087 0.59801 0.04313 0.60497 7.623e+12 0.59112
3.495 1184.657 0.21641 0.00052 0.36169 0.02602 0.35791 0.00087 0.59819 0.04303 0.60464 7.618e+12 0.59127
3.500 1184.538 0.21624 0.00052 0.36160 0.02595 0.35783 0.00086 0.59837 0.04293 0.60431 7.614e+12 0.59143
3.505 1184.419 0.21607 0.00052 0.36151 0.02587 0.35775 0.00086 0.59855 0.04284 0.60398 7.610e+12 0.59159
3.510 1184.301 0.21591 0.00052 0.36142 0.02580 0.35767 0.00086 0.59873 0.04274 0.60364 7.606e+12 0.59175
3.515 1184.183 0.21574 0.00051 0.36133 0.02573 0.35759 0.00085 0.59891 0.04265 0.60331 7.602e+12 0.59190
3.520 1184.065 0.21557 0.00051 0.36124 0.02566 0.35751 0.00085 0.59909 0.04255 0.60298 7.598e+12 0.59206
3.525 1183.947 0.21540 0.00051 0.36115 0.02559 0.35743 0.00084 0.59927 0.04246 0.60265 7.593e+12 0.59221
3.530 1183.829 0.21524 0.00051 0.36106 0.02552 0.35735 0.00084 0.59945 0.04236 0.60232 7.589e+12 0.59237
3.535 1183.712 0.21507 0.00050 0.36097 0.02545 0.35726 0.00084 0.59963 0.04227 0.60199 7.585e+12 0.59252
3.540 1183.594 0.21490 0.00050 0.36088 0.02538 0.35718 0.00083 0.59981 0.04218 0.60167 7.581e+12 0.59268
3.545 1183.477 0.21474 0.00050 0.36079 0.02531 0.35710 0.00083 0.59999 0.04208 0.60134 7.577e+12 0.59283
3.550 1183.359 0.21457 0.00050 0.36070 0.02524 0.35702 0.00083 0.60017 0.04199 0.60101 7.573e+12 0.59299
3.555 1183.242 0.21441 0.00049 0.36062 0.02517 0.35694 0.00082 0.60034 0.04189 0.60068 7.569e+12 0.59314
3.560 1183.125 0.21424 0.00049 0.36053 0.02510 0.35686 0.00082 0.60052 0.04180 0.60035 7.564e+12 0.59330
3.565 1183.009 0.21407 0.00049 0.36044 0.02503 0.35677 0.00082 0.60070 0.04171 0.60003 7.560e+12 0.59345
3.570 1182.892 0.21391 0.00049 0.36035 0.02496 0.35669 0.00081 0.60088 0.04162 0.59970 7.556e+12 0.59360
3.575 1182.775 0.21374 0.00048 0.36026 0.02489 0.35661 0.00081 0.60106 0.04152 0.59937 7.552e+12 0.59376
3.580 1182.659 0.21358 0.00048 0.36017 0.02482 0.35653 0.00081 0.60124 0.04143 0.59905 7.548e+12 0.59391
3.585 1182.543 0.21341 0.00048 0.36008 0.02475 0.35644 0.00080 0.60142 0.04134 0.59872 7.544e+12 0.59406
3.590 1182.427 0.21325 0.00048 0.35999 0.02468 0.35636 0.00080 0.60159 0.04125 0.59840 7.540e+12 0.59421
3.595 1182.311 0.21308 0.00048 0.35990 0.02461 0.35628 0.00079 0.60177 0.04115 0.59807 7.536e+12 0.59437
3.600 1182.195 0.21292 0.00047 0.35981 0.02454 0.35620 0.00079 0.60195 0.04106 0.59775 7.532e+12 0.59452
3.605 1182.079 0.21275 0.00047 0.35972 0.02448 0.35611 0.00079 0.60213 0.04097 0.59742 7.528e+12 0.59467
3.610 1181.964 0.21259 0.00047 0.35964 0.02441 0.35603 0.00078 0.60231 0.04088 0.59710 7.523e+12 0.59482
3.615 1181.848 0.21242 0.00047 0.35955 0.02434 0.35595 0.00078 0.60248 0.04079 0.59677 7.519e+12 0.59497
3.620 1181.733 0.21226 0.00046 0.35946 0.02427 0.35587 0.00078 0.60266 0.04070 0.59645 7.515e+12 0.59512
3.625 1181.618 0.21209 0.00046 0.35937 0.02421 0.35578 0.00077 0.60284 0.04061 0.59613 7.511e+12 0.59527
3.630 1181.503 0.21193 0.00046 0.35928 0.02414 0.35570 0.00077 0.60301 0.04052 0.59581 7.507e+12 0.59542
3.635 1181.388 0.21176 0.00046 0.35919 0.02407 0.35562 0.00077 0.60319 0.04043 0.59548 7.503e+12 0.59557
3.640 1181.273 0.21160 0.00045 0.35910 0.02401 0.35553 0.00076 0.60337 0.04034 0.59516 7.499e+12 0.59572
3.645 1181.158 0.21144 0.00045 0.35901 0.02394 0.35545 0.00076 0.60355 0.04024 0.59484 7.495e+12 0.59587
3.650 1181.044 0.21127 0.00045 0.35892 0.02387 0.35537 0.00076 0.60372 0.04016 0.59452 7.491e+12 0.59602
3.655 1180.929 0.21111 0.00045 0.35884 0.02381 0.35528 0.00075 0.60390 0.04007 0.59420 7.487e+12 0.59617
3.660 1180.815 0.21094 0.00045 0.35875 0.02374 0.35520 0.00075 0.60407 0.03998 0.59388 7.483e+12 0.59632
3.665 1180.701 0.21078 0.00044 0.35866 0.02368 0.35511 0.00075 0.60425 0.03989 0.59356 7.479e+12 0.59646
3.670 1180.587 0.21062 0.00044 0.35857 0.02361 0.35503 0.00074 0.60443 0.03980 0.59324 7.475e+12 0.59661
3.675 1180.473 0.21045 0.00044 0.35848 0.02354 0.35495 0.00074 0.60460 0.03971 0.59292 7.471e+12 0.59676
3.680 1180.360 0.21029 0.00044 0.35839 0.02348 0.35486 0.00074 0.60478 0.03962 0.59260 7.467e+12 0.59691
3.685 1180.246 0.21013 0.00043 0.35830 0.02341 0.35478 0.00073 0.60495 0.03953 0.59228 7.463e+12 0.59705
3.690 1180.132 0.20997 0.00043 0.35821 0.02335 0.35469 0.00073 0.60513 0.03944 0.59196 7.459e+12 0.59720
3.695 1180.019 0.20980 0.00043 0.35813 0.02328 0.35461 0.00073 0.60531 0.03936 0.59164 7.455e+12 0.59735
3.700 1179.906 0.20964 0.00043 0.35804 0.02322 0.35453 0.00072 0.60548 0.03927 0.59133 7.451e+12 0.59749
3.705 1179.793 0.20948 0.00043 0.35795 0.02316 0.35444 0.00072 0.60566 0.03918 0.59101 7.447e+12 0.59764
3.710 1179.680 0.20932 0.00042 0.35786 0.02309 0.35436 0.00072 0.60583 0.03909 0.59069 7.443e+12 0.59779
3.715 1179.567 0.20915 0.00042 0.35777 0.02303 0.35427 0.00072 0.60601 0.03900 0.59037 7.439e+12 0.59793
3.720 1179.455 0.20899 0.00042 0.35768 0.02296 0.35419 0.00071 0.60618 0.03892 0.59006 7.435e+12 0.59808
3.725 1179.342 0.20883 0.00042 0.35759 0.02290 0.35410 0.00071 0.60636 0.03883 0.58974 7.431e+12 0.59822
3.730 1179.230 0.20867 0.00042 0.35751 0.02284 0.35402 0.00071 0.60653 0.03874 0.58943 7.427e+12 0.59837
3.735 1179.117 0.20851 0.00041 0.35742 0.02277 0.35393 0.00070 0.60671 0.03866 0.58911 7.423e+12 0.59851
3.740 1179.005 0.20834 0.00041 0.35733 0.02271 0.35385 0.00070 0.60688 0.03857 0.58879 7.419e+12 0.59865
3.745 1178.893 0.20818 0.00041 0.35724 0.02265 0.35376 0.00070 0.60706 0.03848 0.58848 7.415e+12 0.59880
3.750 1178.781 0.20802 0.00041 0.35715 0.02258 0.35368 0.00069 0.60723 0.03840 0.58817 7.411e+12 0.59894
3.755 1178.669 0.20786 0.00041 0.35706 0.02252 0.35359 0.00069 0.60740 0.03831 0.58785 7.407e+12 0.59908
3.760 1178.558 0.20770 0.00040 0.35697 0.02246 0.35351 0.00069 0.60758 0.03823 0.58754 7.403e+12 0.59923
3.765 1178.446 0.20754 0.00040 0.35689 0.02240 0.35342 0.00068 0.60775 0.03814 0.58722 7.399e+12 0.59937
3.770 1178.335 0.20738 0.00040 0.35680 0.02233 0.35334 0.00068 0.60793 0.03805 0.58691 7.395e+12 0.59951
3.775 1178.224 0.20722 0.00040 0.35671 0.02227 0.35325 0.00068 0.60810 0.03797 0.58660 7.391e+12 0.59966
3.780 1178.112 0.20706 0.00040 0.35662 0.02221 0.35317 0.00068 0.60827 0.03788 0.58629 7.387e+12 0.59980
3.785 1178.001 0.20690 0.00039 0.35653 0.02215 0.35308 0.00067 0.60845 0.03780 0.58597 7.383e+12 0.59994
3.790 1177.890 0.20674 0.00039 0.35645 0.02209 0.35300 0.00067 0.60862 0.03772 0.58566 7.379e+12 0.60008
3.795 1177.780 0.20658 0.00039 0.35636 0.02203 0.35291 0.00067 0.60879 0.03763 0.58535 7.375e+12 0.60022
3.800 1177.669 0.20642 0.00039 0.35627 0.02197 0.35282 0.00066 0.60897 0.03755 0.58504 7.371e+12 0.60036
3.805 1177.558 0.20626 0.00039 0.35618 0.02191 0.35274 0.00066 0.60914 0.03746 0.58473 7.368e+12 0.60050
3.810 1177.448 0.20610 0.00038 0.35609 0.02184 0.35265 0.00066 0.60931 0.03738 0.58442 7.364e+12 0.60065
3.815 1177.338 0.20594 0.00038 0.35600 0.02178 0.35257 0.00066 0.60948 0.03729 0.58411 7.360e+12 0.60079
3.820 1177.228 0.20578 0.00038 0.35592 0.02172 0.35248 0.00065 0.60966 0.03721 0.58380 7.356e+12 0.60093
3.825 1177.118 0.20562 0.00038 0.35583 0.02166 0.35239 0.00065 0.60983 0.03713 0.58349 7.352e+12 0.60107
3.830 1177.008 0.20546 0.00038 0.35574 0.02160 0.35231 0.00065 0.61000 0.03704 0.58318 7.348e+12 0.60121
3.835 1176.898 0.20530 0.00038 0.35565 0.02154 0.35222 0.00064 0.61017 0.03696 0.58287 7.344e+12 0.60134
3.840 1176.788 0.20514 0.00037 0.35556 0.02148 0.35213 0.00064 0.61035 0.03688 0.58256 7.340e+12 0.60148
3.845 1176.679 0.20498 0.00037 0.35548 0.02142 0.35205 0.00064 0.61052 0.03680 0.58225 7.336e+12 0.60162
3.850 1176.569 0.20482 0.00037 0.35539 0.02136 0.35196 0.00064 0.61069 0.03671 0.58195 7.333e+12 0.60176
3.855 1176.460 0.20466 0.00037 0.35530 0.02131 0.35188 0.00063 0.61086 0.03663 0.58164 7.329e+12 0.60190
3.860 1176.351 0.20451 0.00037 0.35521 0.02125 0.35179 0.00063 0.61103 0.03655 0.58133 7.325e+12 0.60204
3.865 1176.242 0.20435 0.00036 0.35512 0.02119 0.35170 0.00063 0.61120 0.03647 0.58102 7.321e+12 0.60218
3.870 1176.133 0.20419 0.00036 0.35504 0.02113 0.35161 0.00062 0.61138 0.03638 0.58072 7.317e+12 0.60231
3.875 1176.024 0.20403 0.00036 0.35495 0.02107 0.35153 0.00062 0.61155 0.03630 0.58041 7.313e+12 0.60245
3.880 1175.915 0.20387 0.00036 0.35486 0.02101 0.35144 0.00062 0.61172 0.03622 0.58010 7.309e+12 0.60259
3.885 1175.807 0.20371 0.00036 0.35477 0.02095 0.35135 0.00062 0.61189 0.03614 0.57980 7.305e+12 0.60272
3.890 1175.698 0.20356 0.00036 0.35469 0.02090 0.35127 0.00061 0.61206 0.03606 0.57949 7.302e+12 0.60286
3.895 1175.590 0.20340 0.00035 0.35460 0.02084 0.35118 0.00061 0.61223 0.03598 0.57919 7.298e+12 0.60300
3.900 1175.482 0.20324 0.00035 0.35451 0.02078 0.35109 0.00061 0.61240 0.03590 0.57888 7.294e+12 0.60313
3.905 1175.373 0.20308 0.00035 0.35442 0.02072 0.35100 0.00061 0.61257 0.03582 0.57858 7.290e+12 0.60327
3.910 1175.265 0.20293 0.00035 0.35433 0.02067 0.35092 0.00060 0.61274 0.03574 0.57827 7.286e+12 0.60340
3.915 1175.158 0.20277 0.00035 0.35425 0.02061 0.35083 0.00060 0.61291 0.03566 0.57797 7.282e+12 0.60354
3.920 1175.050 0.20261 0.00035 0.35416 0.02055 0.35074 0.00060 0.61308 0.03558 0.57767 7.279e+12 0.60368
3.925 1174.942 0.20246 0.00034 0.35407 0.02049 0.35065 0.00059 0.61326 0.03550 0.57736 7.275e+12 0.60381
3.930 1174.835 0.20230 0.00034 0.35398 0.02044 0.35057 0.00059 0.61343 0.03542 0.57706 7.271e+12 0.60394
3.935 1174.727 0.20214 0.00034 0.35390 0.02038 0.35048 0.00059 0.61360 0.03534 0.57676 7.267e+12 0.60408
3.940 1174.620 0.20199 0.00034 0.35381 0.02032 0.35039 0.00059 0.61376 0.03526 0.57646 7.263e+12 0.60421
3.945 1174.513 0.20183 0.00034 0.35372 0.02027 0.35030 0.00058 0.61393 0.03518 0.57615 7.260e+12 0.60435
3.950 1174.406 0.20167 0.00034 0.35363 0.02021 0.35022 0.00058 0.61410 0.03510 0.57585 7.256e+12 0.60448
3.955 1174.299 0.20152 0.00033 0.35355 0.02016 0.35013 0.00058 0.61427 0.03502 0.57555 7.252e+12 0.60461
3.960 1174.192 0.20136 0.00033 0.35346 0.02010 0.35004 0.00058 0.61444 0.03494 0.57525 7.248e+12 0.60475
3.965 1174.085 0.20120 0.00033 0.35337 0.02004 0.34995 0.00057 0.61461 0.03486 0.57495 7.244e+12 0.60488
3.970 1173.979 0.20105 0.00033 0.35328 0.01999 0.34986 0.00057 0.61478 0.03478 0.57465 7.241e+12 0.60501
3.975 1173.872 0.20089 0.00033 0.35320 0.01993 0.34977 0.00057 0.61495 0.03471 0.57435 7.237e+12 0.60515
3.980 1173.766 0.20074 0.00033 0.35311 0.01988 0.34969 0.00057 0.61512 0.03463 0.57405 7.233e+12 0.60528
3.985 1173.660 0.20058 0.00032 0.35302 0.01982 0.34960 0.00056 0.61529 0.03455 0.57375 7.229e+12 0.60541
3.990 1173.553 0.20043 0.00032 0.35293 0.01977 0.34951 0.00056 0.61546 0.03447 0.57345 7.225e+12 0.60554
3.995 1173.447 0.20027 0.00032 0.35285 0.01971 0.34942 0.00056 0.61563 0.03439 0.57315 7.222e+12 0.60567
4.000 1173.341 0.20012 0.00032 0.35276 0.01966 0.34933 0.00056 0.61579 0.03432 0.57285 7.218e+12 0.60580
4.005 1173.236 0.19996 0.00032 0.35267 0.01960 0.34924 0.00055 0.61596 0.03424 0.57255 7.214e+12 0.60594
4.010 1173.130 0.19981 0.00032 0.35258 0.01955 0.34915 0.00055 0.61613 0.03416 0.57226 7.210e+12 0.60607
4.015 1173.024 0.19965 0.00031 0.35250 0.01950 0.34907 0.00055 0.61630 0.03409 0.57196 7.207e+12 0.60620
4.020 1172.919 0.19950 0.00031 0.35241 0.01944 0.34898 0.00055 0.61647 0.03401 0.57166 7.203e+12 0.60633
4.025 1172.814 0.19934 0.00031 0.35232 0.01939 0.34889 0.00054 0.61664 0.03393 0.57136 7.199e+12 0.60646
4.030 1172.708 0.19919 0.00031 0.35224 0.01933 0.34880 0.00054 0.61680 0.03386 0.57107 7.195e+12 0.60659
4.035 1172.603 0.19903 0.00031 0.35215 0.01928 0.34871 0.00054 0.61697 0.03378 0.57077 7.192e+12 0.60672
4.040 1172.498 0.19888 0.00031 0.35206 0.01923 0.34862 0.00054 0.61714 0.03370 0.57047 7.188e+12 0.60685
4.045 1172.393 0.19872 0.00031 0.35197 0.01917 0.34853 0.00054 0.61731 0.03363 0.57018 7.184e+12 0.60698
4.050 1172.289 0.19857 0.00030 0.35189 0.01912 0.34844 0.00053 0.61747 0.03355 0.56988 7.181e+12 0.60711
4.055 1172.184 0.19842 0.00030 0.35180 0.01907 0.34835 0.00053 0.61764 0.03348 0.56959 7.177e+12 0.60723
4.060 1172.079 0.19826 0.00030 0.35171 0.01901 0.34826 0.00053 0.61781 0.03340 0.56929 7.173e+12 0.60736
4.065 1171.975 0.19811 0.00030 0.35163 0.01896 0.34817 0.00053 0.61798 0.03332 0.56900 7.169e+12 0.60749
4.070 1171.871 0.19796 0.00030 0.35154 0.01891 0.34808 0.00052 0.61814 0.03325 0.56870 7.166e+12 0.60762
4.075 1171.766 0.19780 0.00030 0.35145 0.01886 0.34799 0.00052 0.61831 0.03317 0.56841 7.162e+12 0.60775
4.080 1171.662 0.19765 0.00029 0.35136 0.01880 0.34790 0.00052 0.61848 0.03310 0.56811 7.158e+12 0.60787
4.085 1171.558 0.19750 0.00029 0.35128 0.01875 0.34781 0.00052 0.61864 0.03303 0.56782 7.155e+12 0.60800
4.090 1171.454 0.19734 0.00029 0.35119 0.01870 0.34772 0.00051 0.61881 0.03295 0.56753 7.151e+12 0.60813
4.095 1171.350 0.19719 0.00029 0.35110 0.01865 0.34764 0.00051 0.61898 0.03288 0.56723 7.147e+12 0.60826
4.100 1171.247 0.19704 0.00029 0.35102 0.01860 0.34755 0.00051 0.61914 0.03280 0.56694 7.143e+12 0.60838
4.105 1171.143 0.19688 0.00029 0.35093 0.01855 0.34746 0.00051 0.61931 0.03273 0.56665 7.140e+12 0.60851
4.110 1171.040 0.19673 0.00029 0.35084 0.01849 0.34737 0.00051 0.61948 0.03265 0.56636 7.136e+12 0.60864
4.115 1170.936 0.19658 0.00028 0.35076 0.01844 0.34727 0.00050 0.61964 0.03258 0.56606 7.132e+12 0.60876
4.120 1170.833 0.19643 0.00028 0.35067 0.01839 0.34718 0.00050 0.61981 0.03251 0.56577 7.129e+12 0.60889
4.125 1170.730 0.19628 0.00028 0.35058 0.01834 0.34709 0.00050 0.61997 0.03243 0.56548 7.125e+12 0.60901
4.130 1170.627 0.19612 0.00028 0.35050 0.01829 0.34700 0.00050 0.62014 0.03236 0.56519 7.121e+12 0.60914
4.135 1170.524 0.19597 0.00028 0.35041 0.01824 0.34691 0.00049 0.62030 0.03229 0.56490 7.118e+12 0.60926
4.140 1170.421 0.19582 0.00028 0.35032 0.01819 0.34682 0.00049 0.62047 0.03221 0.56461 7.114e+12 0.60939
4.145 1170.318 0.19567 0.00028 0.35024 0.01814 0.34673 0.00049 0.62064 0.03214 0.56432 7.110e+12 0.60951
4.150 1170.216 0.19552 0.00028 0.35015 0.01809 0.34664 0.00049 0.62080 0.03207 0.56403 7.107e+12 0.60964
4.155 1170.113 0.19536 0.00027 0.35006 0.01804 0.34655 0.00049 0.62097 0.03200 0.56374 7.103e+12 0.60976
4.160 1170.011 0.19521 0.00027 0.34998 0.01799 0.34646 0.00048 0.62113 0.03192 0.56345 7.099e+12 0.60988
4.165 1169.909 0.19506 0.00027 0.34989 0.01794 0.34637 0.00048 0.62130 0.03185 0.56316 7.096e+12 0.61001
4.170 1169.806 0.19491 0.00027 0.34980 0.01789 0.34628 0.00048 0.62146 0.03178 0.56287 7.092e+12 0.61013
4.175 1169.704 0.19476 0.00027 0.34972 0.01784 0.34619 0.00048 0.62163 0.03171 0.56258 7.089e+12 0.61026
4.180 1169.602 0.19461 0.00027 0.34963 0.01779 0.34610 0.00048 0.62179 0.03164 0.56230 7.085e+12 0.61038
4.185 1169.501 0.19446 0.00027 0.34954 0.01774 0.34601 0.00047 0.62195 0.03157 0.56201 7.081e+12 0.61050
4.190 1169.399 0.19431 0.00026 0.34946 0.01769 0.34592 0.00047 0.62212 0.03149 0.56172 7.078e+12 0.61062
4.195 1169.297 0.19416 0.00026 0.34937 0.01764 0.34582 0.00047 0.62228 0.03142 0.56143 7.074e+12 0.61075
4.200 1169.196 0.19401 0.00026 0.34928 0.01759 0.34573 0.00047 0.62245 0.03135 0.56115 7.070e+12 0.61087
4.205 1169.094 0.19386 0.00026 0.34920 0.01754 0.34564 0.00046 0.62261 0.03128 0.56086 7.067e+12 0.61099
4.210 1168.993 0.19371 0.00026 0.34911 0.01750 0.34555 0.00046 0.62278 0.03121 0.56057 7.063e+12 0.61111
4.215 1168.891 0.19356 0.00026 0.34902 0.01745 0.34546 0.00046 0.62294 0.03114 0.56029 7.060e+12 0.61123
4.220 1168.790 0.19341 0.00026 0.34894 0.01740 0.34537 0.00046 0.62310 0.03107 0.56000 7.056e+12 0.61136
4.225 1168.689 0.19326 0.00026 0.34885 0.01735 0.34528 0.00046 0.62327 0.03100 0.55971 7.052e+12 0.61148
4.230 1168.588 0.19311 0.00025 0.34877 0.01730 0.34519 0.00045 0.62343 0.03093 0.55943 7.049e+12 0.61160
4.235 1168.488 0.19296 0.00025 0.34868 0.01725 0.34509 0.00045 0.62359 0.03086 0.55914 7.045e+12 0.61172
4.240 1168.387 0.19281 0.00025 0.34859 0.01721 0.34500 0.00045 0.62376 0.03079 0.55886 7.042e+12 0.61184
4.245 1168.286 0.19266 0.00025 0.34851 0.01716 0.34491 0.00045 0.62392 0.03072 0.55857 7.038e+12 0.61196
4.250 1168.186 0.19251 0.00025 0.34842 0.01711 0.34482 0.00045 0.62408 0.03065 0.55829 7.034e+12 0.61208
4.255 1168.085 0.19236 0.00025 0.34833 0.01706 0.34473 0.00044 0.62425 0.03058 0.55801 7.031e+12 0.61220
4.260 1167.985 0.19221 0.00025 0.34825 0.01702 0.34464 0.00044 0.62441 0.03051 0.55772 7.027e+12 0.61232
4.265 1167.885 0.19206 0.00025 0.34816 0.01697 0.34454 0.00044 0.62457 0.03044 0.55744 7.024e+12 0.61244
4.270 1167.785 0.19191 0.00024 0.34808 0.01692 0.34445 0.00044 0.62474 0.03037 0.55716 7.020e+12 0.61256
4.275 1167.684 0.19176 0.00024 0.34799 0.01688 0.34436 0.00044 0.62490 0.03030 0.55687 7.017e+12 0.61268
4.280 1167.585 0.19162 0.00024 0.34790 0.01683 0.34427 0.00043 0.62506 0.03024 0.55659 7.013e+12 0.61279
4.285 1167.485 0.19147 0.00024 0.34782 0.01678 0.34418 0.00043 0.62522 0.03017 0.55631 7.009e+12 0.61291
4.290 1167.385 0.19132 0.00024 0.34773 0.01674 0.34408 0.00043 0.62539 0.03010 0.55603 7.006e+12 0.61303
4.295 1167.285 0.19117 0.00024 0.34765 0.01669 0.34399 0.00043 0.62555 0.03003 0.55574 7.002e+12 0.61315
4.300 1167.186 0.19102 0.00024 0.34756 0.01664 0.34390 0.00043 0.62571 0.02996 0.55546 6.999e+12 0.61327
4.305 1167.086 0.19088 0.00024 0.34747 0.01660 0.34381 0.00043 0.62587 0.02989 0.55518 6.995e+12 0.61339
4.310 1166.987 0.19073 0.00024 0.34739 0.01655 0.34371 0.00042 0.62604 0.02983 0.55490 6.992e+12 0.61350
4.315 1166.888 0.19058 0.00023 0.34730 0.01651 0.34362 0.00042 0.62620 0.02976 0.55462 6.988e+12 0.61362
4.320 1166.789 0.19043 0.00023 0.34722 0.01646 0.34353 0.00042 0.62636 0.02969 0.55434 6.985e+12 0.61374
4.325 1166.690 0.19028 0.00023 0.34713 0.01641 0.34344 0.00042 0.62652 0.02962 0.55406 6.981e+12 0.61385
4.330 1166.591 0.19014 0.00023 0.34704 0.01637 0.34334 0.00042 0.62668 0.02956 0.55378 6.978e+12 0.61397
4.335 1166.492 0.18999 0.00023 0.34696 0.01632 0.34325 0.00041 0.62684 0.02949 0.55350 6.974e+12 0.61409
4.340 1166.393 0.18984 0.00023 0.34687 0.01628 0.34316 0.00041 0.62701 0.02942 0.55322 6.971e+12 0.61420
4.345 1166.295 0.18970 0.00023 0.34679 0.01623 0.34307 0.00041 0.62717 0.02936 0.55294 6.967e+12 0.61432
4.350 1166.196 0.18955 0.00023 0.34670 0.01619 0.34297 0.00041 0.62733 0.02929 0.55266 6.964e+12 0.61444
4.355 1166.098 0.18940 0.00022 0.34661 0.01614 0.34288 0.00041 0.62749 0.02922 0.55238 6.960e+12 0.61455
4.360 1165.999 0.18925 0.00022 0.34653 0.01610 0.34279 0.00041 0.62765 0.02916 0.55211 6.957e+12 0.61467
4.365 1165.901 0.18911 0.00022 0.34644 0.01605 0.34269 0.00040 0.62781 0.02909 0.55183 6.953e+12 0.61478
4.370 1165.803 0.18896 0.00022 0.34636 0.01601 0.34260 0.00040 0.62797 0.02903 0.55155 6.950e+12 0.61490
4.375 1165.705 0.18882 0.00022 0.34627 0.01596 0.34251 0.00040 0.62813 0.02896 0.55127 6.946e+12 0.61501
4.380 1165.607 0.18867 0.00022 0.34619 0.01592 0.34242 0.00040 0.62829 0.02889 0.55099 6.943e+12 0.61513
4.385 1165.509 0.18852 0.00022 0.34610 0.01588 0.34232 0.00040 0.62845 0.02883 0.55072 6.939e+12 0.61524
4.390 1165.411 0.18838 0.00022 0.34601 0.01583 0.34223 0.00039 0.62861 0.02876 0.55044 6.936e+12 0.61535
4.395 1165.314 0.18823 0.00022 0.34593 0.01579 0.34214 0.00039 0.62877 0.02870 0.55016 6.932e+12 0.61547
4.400 1165.216 0.18808 0.00022 0.34584 0.01574 0.34204 0.00039 0.62893 0.02863 0.54989 6.929e+12 0.61558
4.405 1165.119 0.18794 0.00021 0.34576 0.01570 0.34195 0.00039 0.62909 0.02857 0.54961 6.925e+12 0.61570
4.410 1165.021 0.18779 0.00021 0.34567 0.01566 0.34186 0.00039 0.62925 0.02850 0.54934 6.922e+12 0.61581
4.415 1164.924 0.18765 0.00021 0.34559 0.01561 0.34176 0.00039 0.62941 0.02844 0.54906 6.918e+12 0.61592
4.420 1164.827 0.18750 0.00021 0.34550 0.01557 0.34167 0.00038 0.62957 0.02837 0.54879 6.915e+12 0.61603
4.425 1164.730 0.18736 0.00021 0.34542 0.01553 0.34158 0.00038 0.62973 0.02831 0.54851 6.911e+12 0.61615
4.430 1164.633 0.18721 0.00021 0.34533 0.01548 0.34148 0.00038 0.62989 0.02824 0.54824 6.908e+12 0.61626
4.435 1164.536 0.18707 0.00021 0.34524 0.01544 0.34139 0.00038 0.63005 0.02818 0.54796 6.904e+12 0.61637
4.440 1164.439 0.18692 0.00021 0.34516 0.01540 0.34129 0.00038 0.63021 0.02812 0.54769 6.901e+12 0.61648
4.445 1164.343 0.18678 0.00021 0.34507 0.01536 0.34120 0.00038 0.63037 0.02805 0.54741 6.897e+12 0.61660
4.450 1164.246 0.18663 0.00020 0.34499 0.01531 0.34111 0.00037 0.63053 0.02799 0.54714 6.894e+12 0.61671
4.455 1164.149 0.18649 0.00020 0.34490 0.01527 0.34101 0.00037 0.63069 0.02793 0.54687 6.891e+12 0.61682
4.460 1164.053 0.18634 0.00020 0.34482 0.01523 0.34092 0.00037 0.63085 0.02786 0.54659 6.887e+12 0.61693
4.465 1163.957 0.18620 0.00020 0.34473 0.01519 0.34082 0.00037 0.63101 0.02780 0.54632 6.884e+12 0.61704
4.470 1163.860 0.18606 0.00020 0.34465 0.01514 0.34073 0.00037 0.63117 0.02774 0.54605 6.880e+12 0.61715
4.475 1163.764 0.18591 0.00020 0.34456 0.01510 0.34064 0.00037 0.63133 0.02767 0.54578 6.877e+12 0.61726
4.480 1163.668 0.18577 0.00020 0.34448 0.01506 0.34054 0.00036 0.63148 0.02761 0.54550 6.873e+12 0.61737
4.485 1163.572 0.18562 0.00020 0.34439 0.01502 0.34045 0.00036 0.63164 0.02755 0.54523 6.870e+12 0.61748
4.490 1163.476 0.18548 0.00020 0.34431 0.01498 0.34035 0.00036 0.63180 0.02748 0.54496 6.866e+12 0.61759
4.495 1163.381 0.18534 0.00020 0.34422 0.01494 0.34026 0.00036 0.63196 0.02742 0.54469 6.863e+12 0.61770
4.500 1163.285 0.18519 0.00019 0.34414 0.01489 0.34017 0.00036 0.63212 0.02736 0.54442 6.860e+12 0.61781
4.505 1163.189 0.18505 0.00019 0.34405 0.01485 0.34007 0.00036 0.63228 0.02730 0.54415 6.856e+12 0.61792
4.510 1163.094 0.18491 0.00019 0.34397 0.01481 0.33998 0.00035 0.63243 0.02723 0.54388 6.853e+12 0.61803
4.515 1162.998 0.18476 0.00019 0.34388 0.01477 0.33988 0.00035 0.63259 0.02717 0.54361 6.849e+12 0.61814
4.520 1162.903 0.18462 0.00019 0.34379 0.01473 0.33979 0.00035 0.63275 0.02711 0.54334 6.846e+12 0.61825
4.525 1162.808 0.18448 0.00019 0.34371 0.01469 0.33969 0.00035 0.63291 0.02705 0.54307 6.843e+12 0.61836
4.530 1162.713 0.18433 0.00019 0.34362 0.01465 0.33960 0.00035 0.63306 0.02699 0.54280 6.839e+12 0.61847
4.535 1162.618 0.18419 0.00019 0.34354 0.01461 0.33950 0.00035 0.63322 0.02693 0.54253 6.836e+12 0.61858
4.540 1162.523 0.18405 0.00019 0.34345 0.01457 0.33941 0.00035 0.63338 0.02686 0.54226 6.832e+12 0.61868
4.545 1162.428 0.18390 0.00019 0.34337 0.01453 0.33932 0.00034 0.63354 0.02680 0.54199 6.829e+12 0.61879
4.550 1162.333 0.18376 0.00019 0.34328 0.01449 0.33922 0.00034 0.63369 0.02674 0.54172 6.826e+12 0.61890
4.555 1162.239 0.18362 0.00018 0.34320 0.01445 0.33913 0.00034 0.63385 0.02668 0.54145 6.822e+12 0.61901
4.560 1162.144 0.18348 0.00018 0.34311 0.01441 0.33903 0.00034 0.63401 0.02662 0.54118 6.819e+12 0.61912
4.565 1162.049 0.18334 0.00018 0.34303 0.01437 0.33894 0.00034 0.63417 0.02656 0.54092 6.816e+12 0.61922
4.570 1161.955 0.18319 0.00018 0.34295 0.01433 0.33884 0.00034 0.63432 0.02650 0.54065 6.812e+12 0.61933
4.575 1161.861 0.18305 0.00018 0.34286 0.01429 0.33875 0.00034 0.63448 0.02644 0.54038 6.809e+12 0.61944
4.580 1161.766 0.18291 0.00018 0.34278 0.01425 0.33865 0.00033 0.63464 0.02638 0.54011 6.805e+12 0.61954
4.585 1161.672 0.18277 0.00018 0.34269 0.01421 0.33856 0.00033 0.63479 0.02632 0.53985 6.802e+12 0.61965
4.590 1161.578 0.18263 0.00018 0.34261 0.01417 0.33846 0.00033 0.63495 0.02626 0.53958 6.799e+12 0.61976
4.595 1161.484 0.18249 0.00018 0.34252 0.01413 0.33837 0.00033 0.63511 0.02620 0.53931 6.795e+12 0.61986
4.600 1161.390 0.18234 0.00018 0.34244 0.01409 0.33827 0.00033 0.63526 0.02614 0.53905 6.792e+12 0.61997
4.605 1161.297 0.18220 0.00018 0.34235 0.01405 0.33818 0.00033 0.63542 0.02608 0.53878 6.789e+12 0.62007
