timeGa Urey Qt heat/H0 heatTW 1HPE 2HPE 3HPE 4HPE TempC
0.000 0.84000 104.92925 1.00000 88.14057 0.14715 0.29649 0.10464 0.45172 1800.000
0.005 0.83761 104.92925 0.99715 87.88952 0.14746 0.29588 0.10491 0.45175 1799.616
0.010 0.83612 104.81690 0.99431 87.63941 0.14776 0.29526 0.10519 0.45179 1799.229
0.015 0.83464 104.70373 0.99149 87.39025 0.14807 0.29465 0.10546 0.45182 1798.839
0.020 0.83318 104.58975 0.98867 87.14202 0.14838 0.29404 0.10573 0.45185 1798.446
0.025 0.83173 104.47498 0.98587 86.89472 0.14868 0.29343 0.10601 0.45188 1798.050
0.030 0.83029 104.35942 0.98307 86.64836 0.14899 0.29281 0.10628 0.45191 1797.651
0.035 0.82886 104.24309 0.98029 86.40292 0.14930 0.29220 0.10656 0.45194 1797.249
0.040 0.82744 104.12600 0.97751 86.15840 0.14960 0.29159 0.10684 0.45197 1796.845
0.045 0.82604 104.00817 0.97475 85.91480 0.14991 0.29098 0.10711 0.45199 1796.437
0.050 0.82465 103.88960 0.97199 85.67211 0.15022 0.29037 0.10739 0.45202 1796.027
0.055 0.82326 103.77032 0.96925 85.43033 0.15053 0.28976 0.10767 0.45204 1795.614
0.060 0.82189 103.65033 0.96652 85.18946 0.15084 0.28916 0.10794 0.45206 1795.198
0.065 0.82053 103.52965 0.96380 84.94949 0.15115 0.28855 0.10822 0.45208 1794.779
0.070 0.81918 103.40828 0.96108 84.71042 0.15146 0.28794 0.10850 0.45210 1794.358
0.075 0.81785 103.28625 0.95838 84.47224 0.15177 0.28733 0.10878 0.45212 1793.934
0.080 0.81652 103.16356 0.95569 84.23496 0.15208 0.28673 0.10906 0.45214 1793.508
0.085 0.81520 103.04022 0.95301 83.99856 0.15239 0.28612 0.10934 0.45215 1793.079
0.090 0.81390 102.91625 0.95033 83.76304 0.15270 0.28552 0.10962 0.45217 1792.648
0.095 0.81260 102.79166 0.94767 83.52841 0.15301 0.28491 0.10990 0.45218 1792.214
0.100 0.81131 102.66646 0.94502 83.29465 0.15332 0.28431 0.11018 0.45219 1791.777
0.105 0.81004 102.54065 0.94238 83.06177 0.15363 0.28371 0.11046 0.45221 1791.338
0.110 0.80877 102.41427 0.93975 82.82975 0.15394 0.28310 0.11074 0.45222 1790.897
0.115 0.80752 102.28730 0.93712 82.59860 0.15425 0.28250 0.11103 0.45222 1790.454
0.120 0.80627 102.15977 0.93451 82.36831 0.15456 0.28190 0.11131 0.45223 1790.008
0.125 0.80503 102.03168 0.93191 82.13888 0.15487 0.28130 0.11159 0.45224 1789.560
0.130 0.80381 101.90305 0.92931 81.91031 0.15518 0.28070 0.11188 0.45224 1789.110
0.135 0.80259 101.77389 0.92673 81.68258 0.15550 0.28010 0.11216 0.45225 1788.657
0.140 0.80138 101.64421 0.92416 81.45570 0.15581 0.27950 0.11245 0.45225 1788.202
0.145 0.80018 101.51401 0.92159 81.22967 0.15612 0.27890 0.11273 0.45225 1787.745
0.150 0.79899 101.38331 0.91904 81.00448 0.15643 0.27830 0.11302 0.45225 1787.286
0.155 0.79781 101.25212 0.91649 80.78012 0.15675 0.27770 0.11330 0.45225 1786.825
0.160 0.79664 101.12045 0.91396 80.55660 0.15706 0.27710 0.11359 0.45225 1786.362
0.165 0.79548 100.98831 0.91143 80.33391 0.15737 0.27651 0.11387 0.45225 1785.897
0.170 0.79432 100.85571 0.90891 80.11205 0.15769 0.27591 0.11416 0.45224 1785.429
0.175 0.79318 100.72265 0.90640 79.89100 0.15800 0.27531 0.11445 0.45224 1784.960
0.180 0.79204 100.58915 0.90391 79.67078 0.15831 0.27472 0.11474 0.45223 1784.489
0.185 0.79091 100.45523 0.90142 79.45138 0.15863 0.27412 0.11503 0.45222 1784.016
0.190 0.78979 100.32087 0.89894 79.23278 0.15894 0.27353 0.11531 0.45221 1783.541
0.195 0.78868 100.18611 0.89647 79.01500 0.15926 0.27294 0.11560 0.45220 1783.064
0.200 0.78758 100.05094 0.89400 78.79803 0.15957 0.27234 0.11589 0.45219 1782.585
0.205 0.78648 99.91538 0.89155 78.58185 0.15989 0.27175 0.11618 0.45218 1782.105
0.210 0.78540 99.77943 0.88911 78.36648 0.16020 0.27116 0.11647 0.45217 1781.622
0.215 0.78432 99.64310 0.88667 78.15190 0.16052 0.27057 0.11676 0.45215 1781.138
0.220 0.78325 99.50640 0.88425 77.93812 0.16083 0.26998 0.11706 0.45213 1780.652
0.225 0.78218 99.36935 0.88183 77.72513 0.16115 0.26939 0.11735 0.45212 1780.165
0.230 0.78113 99.23194 0.87942 77.51292 0.16147 0.26880 0.11764 0.45210 1779.675
0.235 0.78008 99.09419 0.87703 77.30149 0.16178 0.26821 0.11793 0.45208 1779.185
0.240 0.77904 98.95611 0.87464 77.09085 0.16210 0.26762 0.11823 0.45206 1778.692
0.245 0.77801 98.81770 0.87225 76.88098 0.16241 0.26703 0.11852 0.45204 1778.198
0.250 0.77698 98.67898 0.86988 76.67189 0.16273 0.26644 0.11881 0.45201 1777.702
0.255 0.77597 98.53995 0.86752 76.46357 0.16305 0.26586 0.11911 0.45199 1777.205
0.260 0.77495 98.40061 0.86516 76.25601 0.16337 0.26527 0.11940 0.45196 1776.706
0.265 0.77395 98.26098 0.86282 76.04922 0.16368 0.26469 0.11970 0.45194 1776.206
0.270 0.77296 98.12107 0.86048 75.84319 0.16400 0.26410 0.11999 0.45191 1775.704
0.275 0.77197 97.98088 0.85815 75.63791 0.16432 0.26352 0.12029 0.45188 1775.201
0.280 0.77098 97.84042 0.85583 75.43340 0.16464 0.26293 0.12058 0.45185 1774.696
0.285 0.77001 97.69970 0.85352 75.22963 0.16495 0.26235 0.12088 0.45182 1774.190
0.290 0.76904 97.55872 0.85122 75.02661 0.16527 0.26177 0.12118 0.45178 1773.682
0.295 0.76808 97.41750 0.84892 74.82434 0.16559 0.26118 0.12148 0.45175 1773.173
0.300 0.76712 97.27603 0.84663 74.62281 0.16591 0.26060 0.12177 0.45171 1772.663
0.305 0.76618 97.13433 0.84436 74.42202 0.16623 0.26002 0.12207 0.45168 1772.151
0.310 0.76523 96.99241 0.84209 74.22196 0.16655 0.25944 0.12237 0.45164 1771.638
0.315 0.76430 96.85027 0.83982 74.02264 0.16687 0.25886 0.12267 0.45160 1771.124
0.320 0.76337 96.70792 0.83757 73.82405 0.16718 0.25828 0.12297 0.45156 1770.609
0.325 0.76245 96.56536 0.83533 73.62618 0.16750 0.25771 0.12327 0.45152 1770.092
0.330 0.76153 96.42260 0.83309 73.42904 0.16782 0.25713 0.12357 0.45148 1769.574
0.335 0.76062 96.27966 0.83086 73.23262 0.16814 0.25655 0.12387 0.45143 1769.055
0.340 0.75972 96.13652 0.82864 73.03692 0.16846 0.25598 0.12417 0.45139 1768.535
0.345 0.75882 95.99321 0.82643 72.84194 0.16878 0.25540 0.12447 0.45134 1768.013
0.350 0.75793 95.84973 0.82423 72.64766 0.16910 0.25482 0.12478 0.45130 1767.490
0.355 0.75705 95.70609 0.82203 72.45410 0.16942 0.25425 0.12508 0.45125 1766.967
0.360 0.75617 95.56228 0.81984 72.26124 0.16975 0.25368 0.12538 0.45120 1766.442
0.365 0.75530 95.41833 0.81766 72.06909 0.17007 0.25310 0.12568 0.45115 1765.916
0.370 0.75443 95.27422 0.81549 71.87763 0.17039 0.25253 0.12599 0.45110 1765.389
0.375 0.75357 95.12998 0.81332 71.68688 0.17071 0.25196 0.12629 0.45104 1764.861
0.380 0.75271 94.98560 0.81117 71.49682 0.17103 0.25139 0.12660 0.45099 1764.332
0.385 0.75186 94.84109 0.80902 71.30745 0.17135 0.25082 0.12690 0.45093 1763.802
0.390 0.75102 94.69646 0.80688 71.11877 0.17167 0.25025 0.12721 0.45088 1763.270
0.395 0.75018 94.55172 0.80475 70.93078 0.17199 0.24968 0.12751 0.45082 1762.738
0.400 0.74935 94.40686 0.80262 70.74347 0.17232 0.24911 0.12782 0.45076 1762.205
0.405 0.74852 94.26190 0.80050 70.55684 0.17264 0.24854 0.12812 0.45070 1761.671
0.410 0.74770 94.11683 0.79839 70.37089 0.17296 0.24797 0.12843 0.45064 1761.136
0.415 0.74688 93.97168 0.79629 70.18562 0.17328 0.24741 0.12874 0.45058 1760.601
0.420 0.74607 93.82643 0.79420 70.00102 0.17360 0.24684 0.12904 0.45051 1760.064
0.425 0.74526 93.68110 0.79211 69.81709 0.17393 0.24627 0.12935 0.45045 1759.526
0.430 0.74446 93.53569 0.79003 69.63382 0.17425 0.24571 0.12966 0.45038 1758.988
0.435 0.74367 93.39021 0.78796 69.45122 0.17457 0.24514 0.12997 0.45031 1758.449
0.440 0.74288 93.24466 0.78590 69.26928 0.17489 0.24458 0.13028 0.45025 1757.909
0.445 0.74209 93.09905 0.78384 69.08800 0.17522 0.24402 0.13059 0.45018 1757.368
0.450 0.74131 92.95338 0.78179 68.90738 0.17554 0.24346 0.13090 0.45011 1756.826
0.455 0.74054 92.80766 0.77975 68.72741 0.17586 0.24289 0.13121 0.45003 1756.284
0.460 0.73977 92.66189 0.77771 68.54809 0.17619 0.24233 0.13152 0.44996 1755.741
0.465 0.73900 92.51607 0.77569 68.36942 0.17651 0.24177 0.13183 0.44989 1755.197
0.470 0.73824 92.37022 0.77367 68.19140 0.17683 0.24121 0.13214 0.44981 1754.652
0.475 0.73748 92.22433 0.77165 68.01401 0.17716 0.24065 0.13245 0.44973 1754.107
0.480 0.73673 92.07842 0.76965 67.83727 0.17748 0.24009 0.13277 0.44966 1753.561
0.485 0.73599 91.93248 0.76765 67.66117 0.17781 0.23954 0.13308 0.44958 1753.014
0.490 0.73525 91.78652 0.76566 67.48570 0.17813 0.23898 0.13339 0.44950 1752.467
0.495 0.73451 91.64054 0.76368 67.31086 0.17846 0.23842 0.13370 0.44942 1751.918
0.500 0.73378 91.49455 0.76170 67.13666 0.17878 0.23787 0.13402 0.44933 1751.370
0.505 0.73305 91.34856 0.75973 66.96308 0.17910 0.23731 0.13433 0.44925 1750.820
0.510 0.73233 91.20256 0.75777 66.79012 0.17943 0.23676 0.13465 0.44916 1750.271
0.515 0.73161 91.05657 0.75581 66.61779 0.17975 0.23620 0.13496 0.44908 1749.720
0.520 0.73089 90.91058 0.75386 66.44608 0.18008 0.23565 0.13528 0.44899 1749.169
0.525 0.73019 90.76460 0.75192 66.27498 0.18040 0.23510 0.13559 0.44890 1748.617
0.530 0.72948 90.61864 0.74999 66.10450 0.18073 0.23455 0.13591 0.44881 1748.065
0.535 0.72878 90.47269 0.74806 65.93464 0.18105 0.23400 0.13623 0.44872 1747.512
0.540 0.72808 90.32676 0.74614 65.76538 0.18138 0.23345 0.13654 0.44863 1746.959
0.545 0.72739 90.18086 0.74423 65.59673 0.18171 0.23290 0.13686 0.44854 1746.405
0.550 0.72670 90.03499 0.74232 65.42868 0.18203 0.23235 0.13718 0.44844 1745.851
0.555 0.72602 89.88915 0.74042 65.26124 0.18236 0.23180 0.13750 0.44835 1745.296
0.560 0.72534 89.74335 0.73853 65.09439 0.18268 0.23125 0.13781 0.44825 1744.741
0.565 0.72466 89.59759 0.73664 64.92815 0.18301 0.23071 0.13813 0.44816 1744.185
0.570 0.72399 89.45188 0.73476 64.76250 0.18333 0.23016 0.13845 0.44806 1743.629
0.575 0.72333 89.30621 0.73289 64.59744 0.18366 0.22961 0.13877 0.44796 1743.073
0.580 0.72266 89.16060 0.73103 64.43297 0.18399 0.22907 0.13909 0.44786 1742.516
0.585 0.72200 89.01504 0.72917 64.26909 0.18431 0.22852 0.13941 0.44775 1741.958
0.590 0.72135 88.86953 0.72731 64.10580 0.18464 0.22798 0.13973 0.44765 1741.400
0.595 0.72070 88.72409 0.72547 63.94309 0.18497 0.22744 0.14005 0.44754 1740.842
0.600 0.72005 88.57871 0.72363 63.78096 0.18529 0.22690 0.14037 0.44744 1740.284
0.605 0.71940 88.43341 0.72179 63.61940 0.18562 0.22635 0.14069 0.44733 1739.725
0.610 0.71876 88.28817 0.71997 63.45843 0.18594 0.22581 0.14102 0.44722 1739.165
0.615 0.71813 88.14301 0.71815 63.29802 0.18627 0.22527 0.14134 0.44712 1738.606
0.620 0.71750 87.99792 0.71634 63.13819 0.18660 0.22473 0.14166 0.44700 1738.046
0.625 0.71687 87.85292 0.71453 62.97893 0.18693 0.22420 0.14198 0.44689 1737.485
0.630 0.71624 87.70800 0.71273 62.82024 0.18725 0.22366 0.14231 0.44678 1736.925
0.635 0.71562 87.56317 0.71093 62.66211 0.18758 0.22312 0.14263 0.44667 1736.364
0.640 0.71500 87.41843 0.70915 62.50454 0.18791 0.22258 0.14296 0.44655 1735.803
0.645 0.71439 87.27378 0.70736 62.34753 0.18823 0.22205 0.14328 0.44644 1735.241
0.650 0.71378 87.12922 0.70559 62.19108 0.18856 0.22151 0.14361 0.44632 1734.679
0.655 0.71317 86.98477 0.70382 62.03519 0.18889 0.22098 0.14393 0.44620 1734.117
0.660 0.71257 86.84041 0.70206 61.87984 0.18922 0.22045 0.14426 0.44608 1733.555
0.665 0.71197 86.69616 0.70030 61.72505 0.18954 0.21991 0.14458 0.44596 1732.993
0.670 0.71137 86.55202 0.69855 61.57081 0.18987 0.21938 0.14491 0.44584 1732.430
0.675 0.71078 86.40798 0.69681 61.41712 0.19020 0.21885 0.14524 0.44572 1731.867
0.680 0.71019 86.26406 0.69507 61.26397 0.19053 0.21832 0.14556 0.44559 1731.304
0.685 0.70960 86.12025 0.69334 61.11136 0.19085 0.21779 0.14589 0.44547 1730.741
0.690 0.70902 85.97656 0.69161 60.95929 0.19118 0.21726 0.14622 0.44534 1730.177
0.695 0.70844 85.83299 0.68990 60.80776 0.19151 0.21673 0.14655 0.44521 1729.613
0.700 0.70787 85.68954 0.68818 60.65676 0.19184 0.21620 0.14687 0.44508 1729.049
0.705 0.70729 85.54622 0.68648 60.50630 0.19217 0.21568 0.14720 0.44495 1728.485
0.710 0.70672 85.40302 0.68477 60.35637 0.19249 0.21515 0.14753 0.44482 1727.921
0.715 0.70616 85.25995 0.68308 60.20697 0.19282 0.21462 0.14786 0.44469 1727.357
0.720 0.70559 85.11702 0.68139 60.05810 0.19315 0.21410 0.14819 0.44456 1726.792
0.725 0.70503 84.97421 0.67971 59.90975 0.19348 0.21357 0.14852 0.44442 1726.228
0.730 0.70448 84.83155 0.67803 59.76192 0.19381 0.21305 0.14885 0.44429 1725.663
0.735 0.70392 84.68902 0.67636 59.61462 0.19414 0.21253 0.14918 0.44415 1725.098
0.740 0.70337 84.54663 0.67469 59.46783 0.19446 0.21201 0.14951 0.44402 1724.533
0.745 0.70283 84.40439 0.67303 59.32156 0.19479 0.21148 0.14985 0.44388 1723.968
0.750 0.70228 84.26229 0.67138 59.17580 0.19512 0.21096 0.15018 0.44374 1723.403
0.755 0.70174 84.12033 0.66973 59.03056 0.19545 0.21044 0.15051 0.44360 1722.838
0.760 0.70120 83.97853 0.66809 58.88583 0.19578 0.20992 0.15084 0.44345 1722.273
0.765 0.70067 83.83687 0.66645 58.74160 0.19611 0.20941 0.15118 0.44331 1721.708
0.770 0.70013 83.69537 0.66482 58.59789 0.19644 0.20889 0.15151 0.44317 1721.142
0.775 0.69960 83.55403 0.66320 58.45467 0.19676 0.20837 0.15184 0.44302 1720.577
0.780 0.69908 83.41284 0.66158 58.31196 0.19709 0.20785 0.15218 0.44288 1720.011
0.785 0.69855 83.27181 0.65997 58.16975 0.19742 0.20734 0.15251 0.44273 1719.446
0.790 0.69803 83.13094 0.65836 58.02804 0.19775 0.20682 0.15285 0.44258 1718.881
0.795 0.69751 82.99023 0.65676 57.88682 0.19808 0.20631 0.15318 0.44243 1718.315
0.800 0.69700 82.84968 0.65516 57.74610 0.19841 0.20580 0.15352 0.44228 1717.750
0.805 0.69649 82.70931 0.65357 57.60587 0.19874 0.20528 0.15385 0.44213 1717.184
0.810 0.69598 82.56910 0.65198 57.46613 0.19907 0.20477 0.15419 0.44197 1716.619
0.815 0.69547 82.42905 0.65040 57.32688 0.19940 0.20426 0.15452 0.44182 1716.053
0.820 0.69497 82.28918 0.64883 57.18812 0.19972 0.20375 0.15486 0.44166 1715.488
0.825 0.69446 82.14948 0.64726 57.04984 0.20005 0.20324 0.15520 0.44151 1714.922
0.830 0.69397 82.00996 0.64570 56.91204 0.20038 0.20273 0.15553 0.44135 1714.357
0.835 0.69347 81.87061 0.64414 56.77473 0.20071 0.20222 0.15587 0.44119 1713.792
0.840 0.69298 81.73144 0.64259 56.63789 0.20104 0.20172 0.15621 0.44103 1713.227
0.845 0.69248 81.59245 0.64104 56.50153 0.20137 0.20121 0.15655 0.44087 1712.661
0.850 0.69200 81.45364 0.63950 56.36564 0.20170 0.20071 0.15689 0.44071 1712.096
0.855 0.69151 81.31501 0.63796 56.23023 0.20203 0.20020 0.15723 0.44055 1711.531
0.860 0.69103 81.17656 0.63643 56.09529 0.20236 0.19970 0.15756 0.44038 1710.966
0.865 0.69055 81.03830 0.63490 55.96082 0.20269 0.19919 0.15790 0.44022 1710.401
0.870 0.69007 80.90022 0.63338 55.82681 0.20302 0.19869 0.15824 0.44005 1709.836
0.875 0.68959 80.76233 0.63187 55.69327 0.20334 0.19819 0.15858 0.43988 1709.272
0.880 0.68912 80.62463 0.63036 55.56020 0.20367 0.19769 0.15892 0.43972 1708.707
0.885 0.68865 80.48712 0.62885 55.42758 0.20400 0.19719 0.15927 0.43955 1708.143
0.890 0.68818 80.34980 0.62736 55.29543 0.20433 0.19669 0.15961 0.43938 1707.578
0.895 0.68772 80.21268 0.62586 55.16374 0.20466 0.19619 0.15995 0.43920 1707.014
0.900 0.68726 80.07575 0.62437 55.03250 0.20499 0.19569 0.16029 0.43903 1706.450
0.905 0.68680 79.93901 0.62289 54.90171 0.20532 0.19519 0.16063 0.43886 1705.886
0.910 0.68634 79.80247 0.62141 54.77138 0.20565 0.19469 0.16097 0.43868 1705.322
0.915 0.68588 79.66613 0.61994 54.64150 0.20598 0.19420 0.16132 0.43851 1704.758
0.920 0.68543 79.52998 0.61847 54.51207 0.20631 0.19370 0.16166 0.43833 1704.195
0.925 0.68498 79.39404 0.61700 54.38309 0.20664 0.19321 0.16200 0.43815 1703.632
0.930 0.68453 79.25829 0.61555 54.25455 0.20696 0.19271 0.16235 0.43797 1703.068
0.935 0.68408 79.12275 0.61409 54.12645 0.20729 0.19222 0.16269 0.43779 1702.505
0.940 0.68364 78.98741 0.61264 53.99880 0.20762 0.19173 0.16304 0.43761 1701.942
0.945 0.68320 78.85228 0.61120 53.87159 0.20795 0.19124 0.16338 0.43743 1701.380
0.950 0.68276 78.71735 0.60976 53.74481 0.20828 0.19075 0.16372 0.43725 1700.817
0.955 0.68232 78.58263 0.60833 53.61848 0.20861 0.19026 0.16407 0.43706 1700.255
0.960 0.68188 78.44811 0.60690 53.49258 0.20894 0.18977 0.16442 0.43688 1699.693
0.965 0.68145 78.31380 0.60548 53.36711 0.20927 0.18928 0.16476 0.43669 1699.131
0.970 0.68102 78.17971 0.60406 53.24207 0.20960 0.18879 0.16511 0.43650 1698.569
0.975 0.68059 78.04582 0.60264 53.11747 0.20993 0.18831 0.16545 0.43632 1698.007
0.980 0.68017 77.91214 0.60124 52.99329 0.21025 0.18782 0.16580 0.43613 1697.446
0.985 0.67974 77.77867 0.59983 52.86954 0.21058 0.18733 0.16615 0.43593 1696.885
0.990 0.67932 77.64542 0.59843 52.74621 0.21091 0.18685 0.16649 0.43574 1696.324
0.995 0.67890 77.51238 0.59704 52.62331 0.21124 0.18637 0.16684 0.43555 1695.763
1.000 0.67848 77.37956 0.59565 52.50083 0.21157 0.18588 0.16719 0.43536 1695.203
1.005 0.67807 77.24695 0.59426 52.37877 0.21190 0.18540 0.16754 0.43516 1694.643
1.010 0.67766 77.11455 0.59288 52.25712 0.21223 0.18492 0.16789 0.43497 1694.083
1.015 0.67724 76.98237 0.59151 52.13590 0.21256 0.18444 0.16824 0.43477 1693.523
1.020 0.67684 76.85041 0.59014 52.01509 0.21288 0.18396 0.16858 0.43457 1692.964
1.025 0.67643 76.71867 0.58877 51.89469 0.21321 0.18348 0.16893 0.43437 1692.405
1.030 0.67602 76.58715 0.58741 51.77470 0.21354 0.18300 0.16928 0.43417 1691.846
1.035 0.67562 76.45585 0.58605 51.65512 0.21387 0.18252 0.16963 0.43397 1691.287
1.040 0.67522 76.32476 0.58470 51.53596 0.21420 0.18205 0.16998 0.43377 1690.729
1.045 0.67482 76.19390 0.58335 51.41720 0.21453 0.18157 0.17033 0.43357 1690.171
1.050 0.67442 76.06326 0.58201 51.29884 0.21486 0.18110 0.17068 0.43336 1689.613
1.055 0.67403 75.93284 0.58067 51.18089 0.21518 0.18062 0.17104 0.43316 1689.055
1.060 0.67364 75.80265 0.57934 51.06334 0.21551 0.18015 0.17139 0.43295 1688.498
1.065 0.67324 75.67267 0.57801 50.94619 0.21584 0.17968 0.17174 0.43275 1687.941
1.070 0.67286 75.54293 0.57669 50.82944 0.21617 0.17920 0.17209 0.43254 1687.384
1.075 0.67247 75.41340 0.57537 50.71309 0.21650 0.17873 0.17244 0.43233 1686.828
1.080 0.67208 75.28411 0.57405 50.59713 0.21682 0.17826 0.17279 0.43212 1686.272
1.085 0.67170 75.15503 0.57274 50.48157 0.21715 0.17779 0.17315 0.43191 1685.716
1.090 0.67132 75.02619 0.57143 50.36640 0.21748 0.17732 0.17350 0.43170 1685.161
1.095 0.67094 74.89757 0.57013 50.25162 0.21781 0.17685 0.17385 0.43148 1684.605
1.100 0.67056 74.76918 0.56883 50.13723 0.21814 0.17639 0.17421 0.43127 1684.051
1.105 0.67018 74.64101 0.56754 50.02323 0.21846 0.17592 0.17456 0.43105 1683.496
1.110 0.66981 74.51308 0.56625 49.90961 0.21879 0.17546 0.17492 0.43084 1682.942
1.115 0.66944 74.38537 0.56497 49.79638 0.21912 0.17499 0.17527 0.43062 1682.388
1.120 0.66907 74.25789 0.56369 49.68354 0.21945 0.17453 0.17562 0.43040 1681.834
1.125 0.66870 74.13065 0.56241 49.57107 0.21977 0.17406 0.17598 0.43018 1681.281
1.130 0.66833 74.00363 0.56114 49.45899 0.22010 0.17360 0.17633 0.42996 1680.728
1.135 0.66797 73.87684 0.55987 49.34728 0.22043 0.17314 0.17669 0.42974 1680.176
1.140 0.66760 73.75029 0.55861 49.23596 0.22076 0.17268 0.17705 0.42952 1679.623
1.145 0.66724 73.62396 0.55735 49.12501 0.22108 0.17222 0.17740 0.42930 1679.072
1.150 0.66688 73.49787 0.55609 49.01443 0.22141 0.17176 0.17776 0.42907 1678.520
1.155 0.66652 73.37200 0.55484 48.90423 0.22174 0.17130 0.17811 0.42885 1677.969
1.160 0.66617 73.24638 0.55360 48.79440 0.22206 0.17084 0.17847 0.42862 1677.418
1.165 0.66581 73.12098 0.55236 48.68494 0.22239 0.17038 0.17883 0.42840 1676.868
1.170 0.66546 72.99581 0.55112 48.57584 0.22272 0.16993 0.17918 0.42817 1676.318
1.175 0.66511 72.87088 0.54988 48.46712 0.22305 0.16947 0.17954 0.42794 1675.768
1.180 0.66476 72.74619 0.54865 48.35876 0.22337 0.16902 0.17990 0.42771 1675.219
1.185 0.66441 72.62172 0.54743 48.25077 0.22370 0.16856 0.18026 0.42748 1674.670
1.190 0.66407 72.49749 0.54621 48.14314 0.22402 0.16811 0.18062 0.42725 1674.121
1.195 0.66372 72.37350 0.54499 48.03587 0.22435 0.16766 0.18097 0.42702 1673.573
1.200 0.66338 72.24974 0.54378 47.92896 0.22468 0.16721 0.18133 0.42678 1673.025
1.205 0.66304 72.12621 0.54257 47.82241 0.22500 0.16676 0.18169 0.42655 1672.477
1.210 0.66270 72.00292 0.54136 47.71622 0.22533 0.16631 0.18205 0.42631 1671.930
1.215 0.66236 71.87987 0.54016 47.61038 0.22566 0.16586 0.18241 0.42608 1671.384
1.220 0.66202 71.75705 0.53897 47.50490 0.22598 0.16541 0.18277 0.42584 1670.837
1.225 0.66169 71.63446 0.53777 47.39977 0.22631 0.16496 0.18313 0.42560 1670.292
1.230 0.66136 71.51212 0.53659 47.29500 0.22663 0.16451 0.18349 0.42536 1669.746
1.235 0.66102 71.39000 0.53540 47.19057 0.22696 0.16407 0.18385 0.42512 1669.201
1.240 0.66069 71.26813 0.53422 47.08649 0.22728 0.16362 0.18421 0.42488 1668.656
1.245 0.66037 71.14649 0.53304 46.98276 0.22761 0.16318 0.18457 0.42464 1668.112
1.250 0.66004 71.02509 0.53187 46.87938 0.22793 0.16273 0.18494 0.42440 1667.568
1.255 0.65971 70.90392 0.53070 46.77635 0.22826 0.16229 0.18530 0.42415 1667.024
1.260 0.65939 70.78299 0.52954 46.67365 0.22858 0.16185 0.18566 0.42391 1666.481
1.265 0.65907 70.66230 0.52838 46.57130 0.22891 0.16141 0.18602 0.42366 1665.939
1.270 0.65875 70.54184 0.52722 46.46929 0.22923 0.16097 0.18638 0.42342 1665.396
1.275 0.65843 70.42162 0.52606 46.36763 0.22956 0.16053 0.18675 0.42317 1664.855
1.280 0.65811 70.30164 0.52491 46.26629 0.22988 0.16009 0.18711 0.42292 1664.313
1.285 0.65780 70.18190 0.52377 46.16530 0.23021 0.15965 0.18747 0.42267 1663.772
1.290 0.65748 70.06239 0.52263 46.06464 0.23053 0.15921 0.18783 0.42242 1663.232
1.295 0.65717 69.94312 0.52149 45.96432 0.23086 0.15878 0.18820 0.42217 1662.692
1.300 0.65686 69.82409 0.52035 45.86433 0.23118 0.15834 0.18856 0.42192 1662.152
1.305 0.65655 69.70529 0.51922 45.76467 0.23150 0.15791 0.18892 0.42166 1661.613
1.310 0.65624 69.58674 0.51810 45.66535 0.23183 0.15747 0.18929 0.42141 1661.074
1.315 0.65593 69.46842 0.51697 45.56635 0.23215 0.15704 0.18965 0.42115 1660.535
1.320 0.65562 69.35034 0.51585 45.46768 0.23248 0.15661 0.19002 0.42090 1659.997
1.325 0.65532 69.23249 0.51474 45.36934 0.23280 0.15618 0.19038 0.42064 1659.460
1.330 0.65502 69.11489 0.51363 45.27132 0.23312 0.15575 0.19075 0.42039 1658.923
1.335 0.65471 68.99752 0.51252 45.17363 0.23345 0.15532 0.19111 0.42013 1658.386
1.340 0.65441 68.88039 0.51141 45.07626 0.23377 0.15489 0.19148 0.41987 1657.850
1.345 0.65411 68.76349 0.51031 44.97922 0.23409 0.15446 0.19184 0.41961 1657.314
1.350 0.65382 68.64684 0.50921 44.88249 0.23441 0.15403 0.19221 0.41935 1656.779
1.355 0.65352 68.53042 0.50812 44.78608 0.23474 0.15360 0.19258 0.41908 1656.244
1.360 0.65323 68.41424 0.50703 44.69000 0.23506 0.15318 0.19294 0.41882 1655.710
1.365 0.65293 68.29829 0.50594 44.59423 0.23538 0.15275 0.19331 0.41856 1655.176
1.370 0.65264 68.18259 0.50486 44.49877 0.23570 0.15233 0.19368 0.41829 1654.642
1.375 0.65235 68.06712 0.50378 44.40363 0.23603 0.15190 0.19404 0.41803 1654.109
1.380 0.65206 67.95188 0.50271 44.30880 0.23635 0.15148 0.19441 0.41776 1653.576
1.385 0.65177 67.83689 0.50163 44.21429 0.23667 0.15106 0.19478 0.41749 1653.044
1.390 0.65149 67.72213 0.50056 44.12008 0.23699 0.15064 0.19514 0.41723 1652.513
1.395 0.65120 67.60761 0.49950 44.02619 0.23731 0.15022 0.19551 0.41696 1651.981
1.400 0.65092 67.49333 0.49844 43.93260 0.23763 0.14980 0.19588 0.41669 1651.451
1.405 0.65064 67.37928 0.49738 43.83932 0.23795 0.14938 0.19625 0.41642 1650.921
1.410 0.65035 67.26547 0.49632 43.74635 0.23828 0.14896 0.19662 0.41615 1650.391
1.415 0.65007 67.15190 0.49527 43.65368 0.23860 0.14854 0.19699 0.41587 1649.861
1.420 0.64979 67.03856 0.49423 43.56132 0.23892 0.14813 0.19735 0.41560 1649.333
1.425 0.64952 66.92546 0.49318 43.46926 0.23924 0.14771 0.19772 0.41533 1648.804
1.430 0.64924 66.81260 0.49214 43.37750 0.23956 0.14730 0.19809 0.41505 1648.276
1.435 0.64897 66.69997 0.49110 43.28604 0.23988 0.14688 0.19846 0.41478 1647.749
1.440 0.64869 66.58758 0.49007 43.19488 0.24020 0.14647 0.19883 0.41450 1647.222
1.445 0.64842 66.47542 0.48904 43.10402 0.24052 0.14606 0.19920 0.41422 1646.696
1.450 0.64815 66.36350 0.48801 43.01346 0.24084 0.14565 0.19957 0.41394 1646.170
1.455 0.64788 66.25182 0.48699 42.92319 0.24116 0.14524 0.19994 0.41367 1645.644
1.460 0.64761 66.14037 0.48596 42.83321 0.24148 0.14483 0.20031 0.41339 1645.119
1.465 0.64734 66.02915 0.48495 42.74353 0.24180 0.14442 0.20068 0.41311 1644.595
1.470 0.64708 65.91818 0.48393 42.65415 0.24211 0.14401 0.20105 0.41282 1644.070
1.475 0.64681 65.80743 0.48292 42.56505 0.24243 0.14360 0.20142 0.41254 1643.547
1.480 0.64655 65.69692 0.48191 42.47624 0.24275 0.14319 0.20180 0.41226 1643.024
1.485 0.64629 65.58665 0.48091 42.38772 0.24307 0.14279 0.20217 0.41197 1642.501
1.490 0.64602 65.47661 0.47991 42.29950 0.24339 0.14238 0.20254 0.41169 1641.979
1.495 0.64576 65.36680 0.47891 42.21155 0.24371 0.14198 0.20291 0.41140 1641.458
1.500 0.64551 65.25723 0.47792 42.12390 0.24402 0.14158 0.20328 0.41112 1640.937
1.505 0.64525 65.14789 0.47693 42.03652 0.24434 0.14117 0.20365 0.41083 1640.416
1.510 0.64499 65.03878 0.47594 41.94944 0.24466 0.14077 0.20403 0.41054 1639.896
1.515 0.64474 64.92991 0.47495 41.86263 0.24498 0.14037 0.20440 0.41025 1639.376
1.520 0.64448 64.82127 0.47397 41.77611 0.24529 0.13997 0.20477 0.40996 1638.857
1.525 0.64423 64.71287 0.47299 41.68986 0.24561 0.13957 0.20514 0.40967 1638.338
1.530 0.64398 64.60469 0.47202 41.60390 0.24593 0.13917 0.20552 0.40938 1637.820
1.535 0.64373 64.49675 0.47105 41.51821 0.24625 0.13877 0.20589 0.40909 1637.303
1.540 0.64348 64.38904 0.47008 41.43280 0.24656 0.13838 0.20626 0.40880 1636.786
1.545 0.64323 64.28157 0.46911 41.34767 0.24688 0.13798 0.20664 0.40851 1636.269
1.550 0.64298 64.17432 0.46815 41.26281 0.24719 0.13758 0.20701 0.40821 1635.753
1.555 0.64273 64.06731 0.46719 41.17823 0.24751 0.13719 0.20738 0.40792 1635.237
1.560 0.64249 63.96052 0.46623 41.09392 0.24783 0.13680 0.20776 0.40762 1634.722
1.565 0.64224 63.85397 0.46528 41.00988 0.24814 0.13640 0.20813 0.40732 1634.208
1.570 0.64200 63.74765 0.46433 40.92611 0.24846 0.13601 0.20851 0.40703 1633.694
1.575 0.64176 63.64156 0.46338 40.84261 0.24877 0.13562 0.20888 0.40673 1633.180
1.580 0.64152 63.53570 0.46244 40.75938 0.24909 0.13523 0.20926 0.40643 1632.667
1.585 0.64128 63.43007 0.46149 40.67642 0.24940 0.13484 0.20963 0.40613 1632.154
1.590 0.64104 63.32467 0.46056 40.59373 0.24972 0.13445 0.21001 0.40583 1631.642
1.595 0.64080 63.21950 0.45962 40.51130 0.25003 0.13406 0.21038 0.40553 1631.131
1.600 0.64057 63.11455 0.45869 40.42913 0.25034 0.13367 0.21076 0.40523 1630.620
1.605 0.64033 63.00984 0.45776 40.34724 0.25066 0.13329 0.21113 0.40492 1630.109
1.610 0.64010 62.90535 0.45683 40.26560 0.25097 0.13290 0.21151 0.40462 1629.599
1.615 0.63986 62.80110 0.45591 40.18422 0.25128 0.13252 0.21188 0.40432 1629.090
1.620 0.63963 62.69707 0.45499 40.10311 0.25160 0.13213 0.21226 0.40401 1628.581
1.625 0.63940 62.59327 0.45407 40.02225 0.25191 0.13175 0.21264 0.40371 1628.073
1.630 0.63917 62.48969 0.45316 39.94166 0.25222 0.13136 0.21301 0.40340 1627.565
1.635 0.63894 62.38634 0.45225 39.86132 0.25254 0.13098 0.21339 0.40309 1627.057
1.640 0.63872 62.28322 0.45134 39.78124 0.25285 0.13060 0.21377 0.40278 1626.550
1.645 0.63849 62.18033 0.45043 39.70142 0.25316 0.13022 0.21414 0.40248 1626.044
1.650 0.63826 62.07766 0.44953 39.62185 0.25347 0.12984 0.21452 0.40217 1625.538
1.655 0.63804 61.97522 0.44863 39.54253 0.25378 0.12946 0.21490 0.40186 1625.033
1.660 0.63781 61.87300 0.44773 39.46347 0.25410 0.12908 0.21527 0.40155 1624.528
1.665 0.63759 61.77101 0.44684 39.38466 0.25441 0.12871 0.21565 0.40123 1624.024
1.670 0.63737 61.66924 0.44595 39.30610 0.25472 0.12833 0.21603 0.40092 1623.520
1.675 0.63715 61.56770 0.44506 39.22779 0.25503 0.12796 0.21641 0.40061 1623.017
1.680 0.63693 61.46638 0.44417 39.14973 0.25534 0.12758 0.21678 0.40030 1622.514
1.685 0.63671 61.36529 0.44329 39.07192 0.25565 0.12721 0.21716 0.39998 1622.012
1.690 0.63649 61.26442 0.44241 38.99436 0.25596 0.12683 0.21754 0.39967 1621.510
1.695 0.63628 61.16377 0.44153 38.91704 0.25627 0.12646 0.21792 0.39935 1621.009
1.700 0.63606 61.06334 0.44066 38.83997 0.25658 0.12609 0.21830 0.39903 1620.509
1.705 0.63585 60.96314 0.43979 38.76314 0.25689 0.12572 0.21868 0.39872 1620.009
1.710 0.63563 60.86316 0.43892 38.68656 0.25720 0.12535 0.21905 0.39840 1619.509
1.715 0.63542 60.76340 0.43805 38.61022 0.25751 0.12498 0.21943 0.39808 1619.010
1.720 0.63521 60.66386 0.43719 38.53412 0.25781 0.12461 0.21981 0.39776 1618.512
1.725 0.63500 60.56455 0.43633 38.45826 0.25812 0.12424 0.22019 0.39744 1618.014
1.730 0.63479 60.46545 0.43547 38.38264 0.25843 0.12388 0.22057 0.39712 1617.516
1.735 0.63458 60.36658 0.43462 38.30726 0.25874 0.12351 0.22095 0.39680 1617.019
1.740 0.63437 60.26792 0.43376 38.23212 0.25905 0.12315 0.22133 0.39648 1616.523
1.745 0.63416 60.16949 0.43291 38.15722 0.25935 0.12278 0.22171 0.39615 1616.027
1.750 0.63396 60.07127 0.43207 38.08255 0.25966 0.12242 0.22209 0.39583 1615.532
1.755 0.63375 59.97327 0.43122 38.00812 0.25997 0.12205 0.22247 0.39551 1615.037
1.760 0.63355 59.87549 0.43038 37.93393 0.26028 0.12169 0.22285 0.39518 1614.543
1.765 0.63334 59.77793 0.42954 37.85996 0.26058 0.12133 0.22323 0.39486 1614.049
1.770 0.63314 59.68059 0.42870 37.78624 0.26089 0.12097 0.22361 0.39453 1613.556
1.775 0.63294 59.58347 0.42787 37.71274 0.26119 0.12061 0.22399 0.39421 1613.063
1.780 0.63274 59.48656 0.42704 37.63947 0.26150 0.12025 0.22437 0.39388 1612.571
1.785 0.63254 59.38987 0.42621 37.56644 0.26180 0.11989 0.22475 0.39355 1612.079
1.790 0.63234 59.29339 0.42538 37.49363 0.26211 0.11954 0.22513 0.39322 1611.588
1.795 0.63214 59.19714 0.42456 37.42105 0.26241 0.11918 0.22551 0.39289 1611.098
1.800 0.63195 59.10109 0.42374 37.34871 0.26272 0.11882 0.22589 0.39256 1610.608
1.805 0.63175 59.00527 0.42292 37.27658 0.26302 0.11847 0.22627 0.39223 1610.118
1.810 0.63156 58.90965 0.42211 37.20469 0.26333 0.11812 0.22666 0.39190 1609.629
1.815 0.63136 58.81425 0.42129 37.13302 0.26363 0.11776 0.22704 0.39157 1609.141
1.820 0.63117 58.71907 0.42048 37.06157 0.26394 0.11741 0.22742 0.39124 1608.653
1.825 0.63098 58.62410 0.41967 36.99035 0.26424 0.11706 0.22780 0.39090 1608.166
1.830 0.63078 58.52934 0.41887 36.91935 0.26454 0.11671 0.22818 0.39057 1607.679
1.835 0.63059 58.43480 0.41807 36.84857 0.26484 0.11636 0.22856 0.39024 1607.193
1.840 0.63040 58.34047 0.41727 36.77801 0.26515 0.11601 0.22894 0.38990 1606.707
1.845 0.63021 58.24635 0.41647 36.70767 0.26545 0.11566 0.22933 0.38957 1606.222
1.850 0.63003 58.15244 0.41567 36.63756 0.26575 0.11531 0.22971 0.38923 1605.737
1.855 0.62984 58.05875 0.41488 36.56766 0.26605 0.11496 0.23009 0.38889 1605.253
1.860 0.62965 57.96526 0.41409 36.49798 0.26635 0.11462 0.23047 0.38856 1604.770
1.865 0.62947 57.87199 0.41330 36.42851 0.26666 0.11427 0.23085 0.38822 1604.287
1.870 0.62928 57.77893 0.41251 36.35926 0.26696 0.11393 0.23124 0.38788 1603.804
1.875 0.62910 57.68607 0.41173 36.29023 0.26726 0.11358 0.23162 0.38754 1603.322
1.880 0.62892 57.59343 0.41095 36.22141 0.26756 0.11324 0.23200 0.38720 1602.841
1.885 0.62873 57.50099 0.41017 36.15281 0.26786 0.11290 0.23239 0.38686 1602.360
1.890 0.62855 57.40877 0.40940 36.08442 0.26816 0.11255 0.23277 0.38652 1601.880
1.895 0.62837 57.31675 0.40862 36.01624 0.26846 0.11221 0.23315 0.38618 1601.400
1.900 0.62819 57.22494 0.40785 35.94827 0.26876 0.11187 0.23353 0.38584 1600.921
1.905 0.62801 57.13333 0.40708 35.88052 0.26906 0.11153 0.23392 0.38549 1600.442
1.910 0.62784 57.04194 0.40632 35.81297 0.26935 0.11120 0.23430 0.38515 1599.964
1.915 0.62766 56.95075 0.40555 35.74563 0.26965 0.11086 0.23468 0.38481 1599.486
1.920 0.62748 56.85977 0.40479 35.67850 0.26995 0.11052 0.23507 0.38446 1599.009
1.925 0.62731 56.76899 0.40403 35.61158 0.27025 0.11018 0.23545 0.38412 1598.532
1.930 0.62713 56.67842 0.40327 35.54487 0.27055 0.10985 0.23583 0.38377 1598.056
1.935 0.62696 56.58805 0.40252 35.47836 0.27084 0.10951 0.23622 0.38343 1597.581
1.940 0.62679 56.49789 0.40177 35.41206 0.27114 0.10918 0.23660 0.38308 1597.106
1.945 0.62661 56.40793 0.40102 35.34596 0.27144 0.10885 0.23699 0.38273 1596.631
1.950 0.62644 56.31818 0.40027 35.28006 0.27173 0.10851 0.23737 0.38238 1596.157
1.955 0.62627 56.22863 0.39953 35.21437 0.27203 0.10818 0.23775 0.38204 1595.684
1.960 0.62610 56.13928 0.39878 35.14888 0.27232 0.10785 0.23814 0.38169 1595.211
1.965 0.62593 56.05013 0.39804 35.08359 0.27262 0.10752 0.23852 0.38134 1594.739
1.970 0.62576 55.96119 0.39730 35.01850 0.27291 0.10719 0.23891 0.38099 1594.267
1.975 0.62560 55.87245 0.39657 34.95362 0.27321 0.10686 0.23929 0.38064 1593.796
1.980 0.62543 55.78391 0.39583 34.88893 0.27350 0.10654 0.23967 0.38029 1593.325
1.985 0.62526 55.69557 0.39510 34.82444 0.27380 0.10621 0.24006 0.37994 1592.855
1.990 0.62510 55.60743 0.39437 34.76015 0.27409 0.10588 0.24044 0.37958 1592.386
1.995 0.62493 55.51950 0.39364 34.69605 0.27439 0.10556 0.24083 0.37923 1591.916
2.000 0.62477 55.43176 0.39292 34.63216 0.27468 0.10523 0.24121 0.37888 1591.448
2.005 0.62461 55.34422 0.39220 34.56845 0.27497 0.10491 0.24160 0.37852 1590.980
2.010 0.62445 55.25688 0.39148 34.50494 0.27526 0.10458 0.24198 0.37817 1590.512
2.015 0.62428 55.16974 0.39076 34.44163 0.27556 0.10426 0.24237 0.37781 1590.046
2.020 0.62412 55.08280 0.39004 34.37851 0.27585 0.10394 0.24275 0.37746 1589.579
2.025 0.62396 54.99605 0.38933 34.31558 0.27614 0.10362 0.24314 0.37710 1589.113
2.030 0.62381 54.90950 0.38862 34.25285 0.27643 0.10330 0.24352 0.37675 1588.648
2.035 0.62365 54.82315 0.38791 34.19031 0.27672 0.10298 0.24391 0.37639 1588.183
2.040 0.62349 54.73699 0.38720 34.12795 0.27701 0.10266 0.24429 0.37603 1587.719
2.045 0.62333 54.65103 0.38649 34.06579 0.27730 0.10234 0.24468 0.37568 1587.255
2.050 0.62318 54.56527 0.38579 34.00382 0.27759 0.10203 0.24506 0.37532 1586.792
2.055 0.62302 54.47970 0.38509 33.94203 0.27788 0.10171 0.24545 0.37496 1586.330
2.060 0.62287 54.39433 0.38439 33.88043 0.27817 0.10139 0.24583 0.37460 1585.867
2.065 0.62271 54.30915 0.38369 33.81902 0.27846 0.10108 0.24622 0.37424 1585.406
2.070 0.62256 54.22416 0.38300 33.75780 0.27875 0.10076 0.24660 0.37388 1584.945
2.075 0.62241 54.13937 0.38231 33.69676 0.27904 0.10045 0.24699 0.37352 1584.484
2.080 0.62226 54.05477 0.38162 33.63591 0.27933 0.10014 0.24737 0.37316 1584.024
2.085 0.62211 53.97037 0.38093 33.57524 0.27962 0.09983 0.24776 0.37280 1583.565
2.090 0.62195 53.88615 0.38024 33.51476 0.27990 0.09952 0.24815 0.37243 1583.106
2.095 0.62181 53.80213 0.37956 33.45446 0.28019 0.09920 0.24853 0.37207 1582.648
2.100 0.62166 53.71830 0.37888 33.39434 0.28048 0.09890 0.24892 0.37171 1582.190
2.105 0.62151 53.63466 0.37820 33.33440 0.28077 0.09859 0.24930 0.37134 1581.733
2.110 0.62136 53.55121 0.37752 33.27465 0.28105 0.09828 0.24969 0.37098 1581.276
2.115 0.62121 53.46795 0.37684 33.21507 0.28134 0.09797 0.25008 0.37062 1580.820
2.120 0.62107 53.38488 0.37617 33.15568 0.28162 0.09766 0.25046 0.37025 1580.364
2.125 0.62092 53.30200 0.37550 33.09646 0.28191 0.09736 0.25085 0.36989 1579.909
2.130 0.62078 53.21931 0.37483 33.03743 0.28219 0.09705 0.25123 0.36952 1579.454
2.135 0.62064 53.13680 0.37416 32.97857 0.28248 0.09675 0.25162 0.36915 1579.000
2.140 0.62049 53.05449 0.37349 32.91989 0.28276 0.09644 0.25201 0.36879 1578.547
2.145 0.62035 52.97236 0.37283 32.86138 0.28305 0.09614 0.25239 0.36842 1578.094
2.150 0.62021 52.89042 0.37217 32.80305 0.28333 0.09584 0.25278 0.36805 1577.641
2.155 0.62007 52.80866 0.37151 32.74490 0.28361 0.09554 0.25316 0.36768 1577.189
2.160 0.61993 52.72710 0.37085 32.68692 0.28390 0.09524 0.25355 0.36732 1576.738
2.165 0.61979 52.64572 0.37019 32.62911 0.28418 0.09494 0.25394 0.36695 1576.287
2.170 0.61965 52.56452 0.36954 32.57148 0.28446 0.09464 0.25432 0.36658 1575.837
2.175 0.61951 52.48351 0.36889 32.51402 0.28474 0.09434 0.25471 0.36621 1575.387
2.180 0.61937 52.40268 0.36824 32.45673 0.28503 0.09404 0.25510 0.36584 1574.937
2.185 0.61923 52.32204 0.36759 32.39962 0.28531 0.09374 0.25548 0.36547 1574.489
2.190 0.61910 52.24158 0.36694 32.34267 0.28559 0.09345 0.25587 0.36510 1574.040
2.195 0.61896 52.16131 0.36630 32.28590 0.28587 0.09315 0.25626 0.36472 1573.593
2.200 0.61883 52.08122 0.36566 32.22929 0.28615 0.09286 0.25664 0.36435 1573.146
2.205 0.61869 52.00131 0.36502 32.17286 0.28643 0.09256 0.25703 0.36398 1572.699
2.210 0.61856 51.92158 0.36438 32.11659 0.28671 0.09227 0.25742 0.36361 1572.253
2.215 0.61843 51.84203 0.36374 32.06049 0.28699 0.09198 0.25780 0.36323 1571.807
2.220 0.61829 51.76267 0.36311 32.00456 0.28727 0.09169 0.25819 0.36286 1571.362
2.225 0.61816 51.68349 0.36248 31.94879 0.28754 0.09139 0.25858 0.36249 1570.918
2.230 0.61803 51.60448 0.36184 31.89320 0.28782 0.09110 0.25896 0.36211 1570.474
2.235 0.61790 51.52566 0.36122 31.83776 0.28810 0.09081 0.25935 0.36174 1570.030
2.240 0.61777 51.44702 0.36059 31.78249 0.28838 0.09053 0.25974 0.36136 1569.587
2.245 0.61764 51.36855 0.35996 31.72739 0.28865 0.09024 0.26012 0.36099 1569.145
2.250 0.61751 51.29027 0.35934 31.67245 0.28893 0.08995 0.26051 0.36061 1568.703
2.255 0.61739 51.21216 0.35872 31.61767 0.28921 0.08966 0.26090 0.36023 1568.261
2.260 0.61726 51.13423 0.35810 31.56305 0.28948 0.08938 0.26128 0.35986 1567.821
2.265 0.61713 51.05648 0.35748 31.50860 0.28976 0.08909 0.26167 0.35948 1567.380
2.270 0.61701 50.97891 0.35687 31.45431 0.29003 0.08881 0.26206 0.35910 1566.940
2.275 0.61688 50.90151 0.35625 31.40017 0.29031 0.08852 0.26244 0.35873 1566.501
2.280 0.61676 50.82429 0.35564 31.34620 0.29058 0.08824 0.26283 0.35835 1566.062
2.285 0.61663 50.74725 0.35503 31.29239 0.29086 0.08796 0.26322 0.35797 1565.624
2.290 0.61651 50.67038 0.35442 31.23874 0.29113 0.08768 0.26360 0.35759 1565.186
2.295 0.61639 50.59368 0.35381 31.18524 0.29141 0.08739 0.26399 0.35721 1564.749
2.300 0.61626 50.51716 0.35321 31.13191 0.29168 0.08711 0.26438 0.35683 1564.313
2.305 0.61614 50.44082 0.35260 31.07873 0.29195 0.08683 0.26476 0.35645 1563.876
2.310 0.61602 50.36465 0.35200 31.02570 0.29222 0.08656 0.26515 0.35607 1563.441
2.315 0.61590 50.28865 0.35140 30.97284 0.29250 0.08628 0.26554 0.35569 1563.006
2.320 0.61578 50.21282 0.35080 30.92012 0.29277 0.08600 0.26592 0.35531 1562.571
2.325 0.61566 50.13717 0.35021 30.86757 0.29304 0.08572 0.26631 0.35493 1562.137
2.330 0.61554 50.06169 0.34961 30.81517 0.29331 0.08545 0.26670 0.35455 1561.704
2.335 0.61543 49.98638 0.34902 30.76292 0.29358 0.08517 0.26708 0.35416 1561.271
2.340 0.61531 49.91124 0.34843 30.71083 0.29385 0.08490 0.26747 0.35378 1560.838
2.345 0.61519 49.83628 0.34784 30.65888 0.29412 0.08462 0.26786 0.35340 1560.406
2.350 0.61508 49.76148 0.34725 30.60709 0.29439 0.08435 0.26825 0.35302 1559.975
2.355 0.61496 49.68686 0.34667 30.55546 0.29466 0.08408 0.26863 0.35263 1559.544
2.360 0.61485 49.61240 0.34608 30.50397 0.29493 0.08380 0.26902 0.35225 1559.113
2.365 0.61473 49.53811 0.34550 30.45264 0.29520 0.08353 0.26941 0.35187 1558.683
2.370 0.61462 49.46400 0.34492 30.40145 0.29546 0.08326 0.26979 0.35148 1558.254
2.375 0.61450 49.39005 0.34434 30.35041 0.29573 0.08299 0.27018 0.35110 1557.825
2.380 0.61439 49.31627 0.34376 30.29953 0.29600 0.08272 0.27057 0.35071 1557.397
2.385 0.61428 49.24265 0.34319 30.24879 0.29626 0.08246 0.27095 0.35033 1556.969
2.390 0.61417 49.16921 0.34261 30.19820 0.29653 0.08219 0.27134 0.34994 1556.541
2.395 0.61406 49.09593 0.34204 30.14776 0.29680 0.08192 0.27173 0.34955 1556.115
2.400 0.61395 49.02282 0.34147 30.09746 0.29706 0.08166 0.27211 0.34917 1555.688
2.405 0.61384 48.94987 0.34090 30.04731 0.29733 0.08139 0.27250 0.34878 1555.263
2.410 0.61373 48.87709 0.34033 29.99731 0.29759 0.08112 0.27289 0.34840 1554.837
2.415 0.61362 48.80447 0.33977 29.94745 0.29786 0.08086 0.27327 0.34801 1554.412
2.420 0.61351 48.73202 0.33921 29.89774 0.29812 0.08060 0.27366 0.34762 1553.988
2.425 0.61341 48.65974 0.33864 29.84817 0.29839 0.08033 0.27405 0.34723 1553.564
2.430 0.61330 48.58761 0.33808 29.79874 0.29865 0.08007 0.27443 0.34685 1553.141
2.435 0.61319 48.51566 0.33752 29.74946 0.29891 0.07981 0.27482 0.34646 1552.719
2.440 0.61309 48.44386 0.33697 29.70032 0.29917 0.07955 0.27521 0.34607 1552.296
2.445 0.61298 48.37223 0.33641 29.65132 0.29944 0.07929 0.27559 0.34568 1551.875
2.450 0.61288 48.30076 0.33586 29.60247 0.29970 0.07903 0.27598 0.34529 1551.453
2.455 0.61277 48.22945 0.33530 29.55375 0.29996 0.07877 0.27637 0.34490 1551.033
2.460 0.61267 48.15830 0.33475 29.50518 0.30022 0.07851 0.27675 0.34451 1550.613
2.465 0.61257 48.08732 0.33420 29.45675 0.30048 0.07826 0.27714 0.34412 1550.193
2.470 0.61247 48.01650 0.33365 29.40846 0.30074 0.07800 0.27753 0.34373 1549.774
2.475 0.61236 47.94583 0.33311 29.36030 0.30100 0.07774 0.27791 0.34334 1549.355
2.480 0.61226 47.87533 0.33256 29.31229 0.30126 0.07749 0.27830 0.34295 1548.937
2.485 0.61216 47.80499 0.33202 29.26441 0.30152 0.07723 0.27868 0.34256 1548.519
2.490 0.61206 47.73480 0.33148 29.21667 0.30178 0.07698 0.27907 0.34217 1548.102
2.495 0.61196 47.66478 0.33094 29.16907 0.30204 0.07673 0.27946 0.34178 1547.686
2.500 0.61186 47.59491 0.33040 29.12161 0.30230 0.07648 0.27984 0.34139 1547.269
2.505 0.61177 47.52520 0.32986 29.07428 0.30255 0.07622 0.28023 0.34099 1546.854
2.510 0.61167 47.45565 0.32933 29.02709 0.30281 0.07597 0.28062 0.34060 1546.439
2.515 0.61157 47.38626 0.32879 28.98003 0.30307 0.07572 0.28100 0.34021 1546.024
2.520 0.61147 47.31702 0.32826 28.93311 0.30332 0.07547 0.28139 0.33982 1545.610
2.525 0.61138 47.24794 0.32773 28.88632 0.30358 0.07522 0.28177 0.33942 1545.196
2.530 0.61128 47.17901 0.32720 28.83967 0.30383 0.07497 0.28216 0.33903 1544.783
2.535 0.61119 47.11025 0.32667 28.79315 0.30409 0.07473 0.28255 0.33864 1544.371
2.540 0.61109 47.04163 0.32615 28.74676 0.30434 0.07448 0.28293 0.33824 1543.959
2.545 0.61100 46.97318 0.32562 28.70051 0.30460 0.07423 0.28332 0.33785 1543.547
2.550 0.61090 46.90487 0.32510 28.65438 0.30485 0.07399 0.28370 0.33746 1543.136
2.555 0.61081 46.83672 0.32458 28.60839 0.30511 0.07374 0.28409 0.33706 1542.725
2.560 0.61072 46.76873 0.32406 28.56253 0.30536 0.07350 0.28447 0.33667 1542.315
2.565 0.61063 46.70089 0.32354 28.51680 0.30561 0.07325 0.28486 0.33627 1541.905
2.570 0.61054 46.63320 0.32302 28.47121 0.30586 0.07301 0.28525 0.33588 1541.496
2.575 0.61044 46.56566 0.32250 28.42574 0.30612 0.07277 0.28563 0.33548 1541.088
2.580 0.61035 46.49828 0.32199 28.38040 0.30637 0.07253 0.28602 0.33509 1540.680
2.585 0.61026 46.43105 0.32148 28.33519 0.30662 0.07229 0.28640 0.33469 1540.272
2.590 0.61017 46.36397 0.32097 28.29010 0.30687 0.07204 0.28679 0.33430 1539.865
2.595 0.61009 46.29704 0.32046 28.24515 0.30712 0.07180 0.28717 0.33390 1539.458
2.600 0.61000 46.23026 0.31995 28.20032 0.30737 0.07157 0.28756 0.33351 1539.052
2.605 0.60991 46.16363 0.31944 28.15562 0.30762 0.07133 0.28794 0.33311 1538.646
2.610 0.60982 46.09716 0.31893 28.11105 0.30787 0.07109 0.28833 0.33271 1538.241
2.615 0.60973 46.03083 0.31843 28.06660 0.30812 0.07085 0.28871 0.33232 1537.837
2.620 0.60965 45.96465 0.31793 28.02228 0.30837 0.07062 0.28910 0.33192 1537.433
2.625 0.60956 45.89862 0.31743 27.97809 0.30861 0.07038 0.28948 0.33152 1537.029
2.630 0.60948 45.83274 0.31693 27.93402 0.30886 0.07014 0.28987 0.33113 1536.626
2.635 0.60939 45.76701 0.31643 27.89007 0.30911 0.06991 0.29025 0.33073 1536.223
2.640 0.60931 45.70142 0.31593 27.84625 0.30935 0.06968 0.29064 0.33033 1535.821
2.645 0.60922 45.63598 0.31543 27.80255 0.30960 0.06944 0.29102 0.32993 1535.419
2.650 0.60914 45.57069 0.31494 27.75897 0.30985 0.06921 0.29141 0.32954 1535.018
2.655 0.60906 45.50555 0.31445 27.71552 0.31009 0.06898 0.29179 0.32914 1534.617
2.660 0.60898 45.44055 0.31396 27.67219 0.31034 0.06875 0.29218 0.32874 1534.217
2.665 0.60889 45.37570 0.31346 27.62898 0.31058 0.06852 0.29256 0.32834 1533.817
2.670 0.60881 45.31099 0.31298 27.58589 0.31083 0.06829 0.29295 0.32794 1533.418
2.675 0.60873 45.24643 0.31249 27.54293 0.31107 0.06806 0.29333 0.32754 1533.019
2.680 0.60865 45.18202 0.31200 27.50008 0.31131 0.06783 0.29371 0.32715 1532.621
2.685 0.60857 45.11774 0.31152 27.45736 0.31156 0.06760 0.29410 0.32675 1532.223
2.690 0.60849 45.05362 0.31103 27.41475 0.31180 0.06737 0.29448 0.32635 1531.826
2.695 0.60841 44.98963 0.31055 27.37226 0.31204 0.06714 0.29487 0.32595 1531.429
2.700 0.60833 44.92579 0.31007 27.32990 0.31228 0.06692 0.29525 0.32555 1531.032
2.705 0.60826 44.86209 0.30959 27.28765 0.31252 0.06669 0.29564 0.32515 1530.637
2.710 0.60818 44.79854 0.30911 27.24552 0.31276 0.06647 0.29602 0.32475 1530.241
2.715 0.60810 44.73513 0.30864 27.20350 0.31300 0.06624 0.29640 0.32435 1529.846
2.720 0.60803 44.67186 0.30816 27.16161 0.31324 0.06602 0.29679 0.32395 1529.452
2.725 0.60795 44.60873 0.30769 27.11983 0.31348 0.06580 0.29717 0.32355 1529.058
2.730 0.60787 44.54574 0.30722 27.07816 0.31372 0.06557 0.29755 0.32315 1528.664
2.735 0.60780 44.48289 0.30674 27.03662 0.31396 0.06535 0.29794 0.32275 1528.271
2.740 0.60772 44.42018 0.30627 26.99519 0.31420 0.06513 0.29832 0.32235 1527.879
2.745 0.60765 44.35762 0.30581 26.95387 0.31444 0.06491 0.29870 0.32195 1527.487
2.750 0.60758 44.29519 0.30534 26.91267 0.31467 0.06469 0.29909 0.32155 1527.095
2.755 0.60750 44.23290 0.30487 26.87158 0.31491 0.06447 0.29947 0.32115 1526.704
2.760 0.60743 44.17075 0.30441 26.83061 0.31515 0.06425 0.29985 0.32075 1526.314
2.765 0.60736 44.10874 0.30394 26.78975 0.31538 0.06403 0.30024 0.32035 1525.923
2.770 0.60728 44.04687 0.30348 26.74900 0.31562 0.06382 0.30062 0.31994 1525.534
2.775 0.60721 43.98514 0.30302 26.70837 0.31586 0.06360 0.30100 0.31954 1525.145
2.780 0.60714 43.92354 0.30256 26.66785 0.31609 0.06338 0.30139 0.31914 1524.756
2.785 0.60707 43.86208 0.30210 26.62744 0.31632 0.06317 0.30177 0.31874 1524.368
2.790 0.60700 43.80076 0.30164 26.58715 0.31656 0.06295 0.30215 0.31834 1523.980
2.795 0.60693 43.73958 0.30119 26.54696 0.31679 0.06274 0.30253 0.31794 1523.593
2.800 0.60686 43.67853 0.30073 26.50689 0.31703 0.06252 0.30292 0.31754 1523.206
2.805 0.60679 43.61762 0.30028 26.46692 0.31726 0.06231 0.30330 0.31713 1522.820
2.810 0.60673 43.55684 0.29983 26.42707 0.31749 0.06210 0.30368 0.31673 1522.434
2.815 0.60666 43.49620 0.29938 26.38733 0.31772 0.06189 0.30406 0.31633 1522.048
2.820 0.60659 43.43569 0.29893 26.34769 0.31795 0.06167 0.30444 0.31593 1521.663
2.825 0.60652 43.37531 0.29848 26.30817 0.31818 0.06146 0.30483 0.31553 1521.279
2.830 0.60646 43.31508 0.29803 26.26875 0.31841 0.06125 0.30521 0.31512 1520.895
2.835 0.60639 43.25497 0.29759 26.22944 0.31865 0.06104 0.30559 0.31472 1520.511
2.840 0.60633 43.19500 0.29714 26.19024 0.31887 0.06083 0.30597 0.31432 1520.128
2.845 0.60626 43.13516 0.29670 26.15115 0.31910 0.06063 0.30635 0.31392 1519.746
2.850 0.60620 43.07545 0.29626 26.11216 0.31933 0.06042 0.30673 0.31351 1519.364
2.855 0.60613 43.01588 0.29581 26.07328 0.31956 0.06021 0.30712 0.31311 1518.982
2.860 0.60607 42.95644 0.29537 26.03451 0.31979 0.06000 0.30750 0.31271 1518.601
2.865 0.60600 42.89713 0.29494 25.99584 0.32002 0.05980 0.30788 0.31231 1518.220
2.870 0.60594 42.83795 0.29450 25.95728 0.32024 0.05959 0.30826 0.31190 1517.840
2.875 0.60588 42.77890 0.29406 25.91883 0.32047 0.05939 0.30864 0.31150 1517.460
2.880 0.60582 42.71999 0.29363 25.88048 0.32070 0.05918 0.30902 0.31110 1517.081
2.885 0.60575 42.66120 0.29319 25.84223 0.32092 0.05898 0.30940 0.31069 1516.702
2.890 0.60569 42.60254 0.29276 25.80409 0.32115 0.05878 0.30978 0.31029 1516.324
2.895 0.60563 42.54402 0.29233 25.76605 0.32137 0.05858 0.31016 0.30989 1515.946
2.900 0.60557 42.48562 0.29190 25.72812 0.32160 0.05837 0.31054 0.30949 1515.568
2.905 0.60551 42.42735 0.29147 25.69029 0.32182 0.05817 0.31092 0.30908 1515.191
2.910 0.60545 42.36921 0.29104 25.65256 0.32205 0.05797 0.31130 0.30868 1514.815
2.915 0.60539 42.31120 0.29061 25.61494 0.32227 0.05777 0.31168 0.30828 1514.439
2.920 0.60534 42.25332 0.29019 25.57741 0.32249 0.05757 0.31206 0.30787 1514.063
2.925 0.60528 42.19556 0.28976 25.53999 0.32271 0.05737 0.31244 0.30747 1513.688
2.930 0.60522 42.13793 0.28934 25.50267 0.32294 0.05717 0.31282 0.30707 1513.313
2.935 0.60516 42.08043 0.28892 25.46545 0.32316 0.05698 0.31320 0.30666 1512.939
2.940 0.60510 42.02306 0.28850 25.42833 0.32338 0.05678 0.31358 0.30626 1512.565
2.945 0.60505 41.96581 0.28808 25.39132 0.32360 0.05658 0.31396 0.30586 1512.192
2.950 0.60499 41.90869 0.28766 25.35440 0.32382 0.05639 0.31434 0.30545 1511.819
2.955 0.60494 41.85169 0.28724 25.31758 0.32404 0.05619 0.31472 0.30505 1511.446
2.960 0.60488 41.79482 0.28682 25.28086 0.32426 0.05600 0.31510 0.30465 1511.074
2.965 0.60483 41.73808 0.28641 25.24424 0.32448 0.05580 0.31548 0.30424 1510.703
2.970 0.60477 41.68146 0.28599 25.20772 0.32469 0.05561 0.31586 0.30384 1510.332
2.975 0.60472 41.62496 0.28558 25.17130 0.32491 0.05542 0.31624 0.30343 1509.961
2.980 0.60466 41.56859 0.28517 25.13498 0.32513 0.05522 0.31662 0.30303 1509.591
2.985 0.60461 41.51234 0.28476 25.09875 0.32535 0.05503 0.31699 0.30263 1509.221
2.990 0.60456 41.45622 0.28435 25.06262 0.32556 0.05484 0.31737 0.30222 1508.852
2.995 0.60450 41.40021 0.28394 25.02659 0.32578 0.05465 0.31775 0.30182 1508.483
3.000 0.60445 41.34434 0.28353 24.99065 0.32600 0.05446 0.31813 0.30142 1508.115
3.005 0.60440 41.28858 0.28313 24.95481 0.32621 0.05427 0.31851 0.30101 1507.747
3.010 0.60435 41.23294 0.28272 24.91907 0.32643 0.05408 0.31888 0.30061 1507.379
3.015 0.60430 41.17743 0.28232 24.88342 0.32664 0.05389 0.31926 0.30021 1507.012
3.020 0.60425 41.12204 0.28191 24.84787 0.32685 0.05370 0.31964 0.29980 1506.646
3.025 0.60420 41.06677 0.28151 24.81241 0.32707 0.05352 0.32002 0.29940 1506.279
3.030 0.60415 41.01162 0.28111 24.77705 0.32728 0.05333 0.32040 0.29900 1505.914
3.035 0.60410 40.95660 0.28071 24.74178 0.32749 0.05314 0.32077 0.29859 1505.548
3.040 0.60405 40.90169 0.28031 24.70661 0.32771 0.05296 0.32115 0.29819 1505.184
3.045 0.60400 40.84690 0.27991 24.67153 0.32792 0.05277 0.32153 0.29778 1504.819
3.050 0.60395 40.79223 0.27951 24.63655 0.32813 0.05259 0.32190 0.29738 1504.455
3.055 0.60390 40.73768 0.27912 24.60165 0.32834 0.05240 0.32228 0.29698 1504.092
3.060 0.60386 40.68326 0.27872 24.56685 0.32855 0.05222 0.32266 0.29657 1503.729
3.065 0.60381 40.62894 0.27833 24.53215 0.32876 0.05204 0.32303 0.29617 1503.366
3.070 0.60376 40.57475 0.27794 24.49753 0.32897 0.05185 0.32341 0.29577 1503.004
3.075 0.60372 40.52068 0.27755 24.46301 0.32918 0.05167 0.32379 0.29536 1502.642
3.080 0.60367 40.46672 0.27715 24.42858 0.32939 0.05149 0.32416 0.29496 1502.281
3.085 0.60363 40.41288 0.27677 24.39423 0.32959 0.05131 0.32454 0.29456 1501.920
3.090 0.60358 40.35916 0.27638 24.35999 0.32980 0.05113 0.32491 0.29415 1501.560
3.095 0.60354 40.30556 0.27599 24.32583 0.33001 0.05095 0.32529 0.29375 1501.200
3.100 0.60349 40.25207 0.27560 24.29176 0.33022 0.05077 0.32567 0.29335 1500.840
3.105 0.60345 40.19870 0.27522 24.25778 0.33042 0.05059 0.32604 0.29294 1500.481
3.110 0.60340 40.14544 0.27483 24.22389 0.33063 0.05041 0.32642 0.29254 1500.123
3.115 0.60336 40.09230 0.27445 24.19009 0.33083 0.05024 0.32679 0.29214 1499.765
3.120 0.60332 40.03928 0.27407 24.15638 0.33104 0.05006 0.32717 0.29174 1499.407
3.125 0.60327 39.98637 0.27369 24.12276 0.33124 0.04988 0.32754 0.29133 1499.049
3.130 0.60323 39.93357 0.27330 24.08923 0.33145 0.04971 0.32792 0.29093 1498.693
3.135 0.60319 39.88089 0.27293 24.05579 0.33165 0.04953 0.32829 0.29053 1498.336
3.140 0.60315 39.82833 0.27255 24.02243 0.33185 0.04936 0.32867 0.29012 1497.980
3.145 0.60311 39.77588 0.27217 23.98916 0.33206 0.04918 0.32904 0.28972 1497.624
3.150 0.60307 39.72354 0.27179 23.95598 0.33226 0.04901 0.32941 0.28932 1497.269
3.155 0.60303 39.67131 0.27142 23.92289 0.33246 0.04883 0.32979 0.28892 1496.914
3.160 0.60299 39.61920 0.27104 23.88988 0.33266 0.04866 0.33016 0.28851 1496.560
3.165 0.60295 39.56720 0.27067 23.85696 0.33286 0.04849 0.33054 0.28811 1496.206
3.170 0.60291 39.51531 0.27030 23.82413 0.33306 0.04832 0.33091 0.28771 1495.853
3.175 0.60287 39.46354 0.26993 23.79138 0.33326 0.04815 0.33128 0.28731 1495.500
3.180 0.60283 39.41188 0.26955 23.75872 0.33346 0.04798 0.33166 0.28690 1495.147
3.185 0.60279 39.36033 0.26919 23.72614 0.33366 0.04781 0.33203 0.28650 1494.795
3.190 0.60276 39.30889 0.26882 23.69365 0.33386 0.04764 0.33240 0.28610 1494.443
3.195 0.60272 39.25756 0.26845 23.66124 0.33406 0.04747 0.33278 0.28570 1494.092
3.200 0.60268 39.20634 0.26808 23.62892 0.33426 0.04730 0.33315 0.28530 1493.741
3.205 0.60264 39.15523 0.26772 23.59668 0.33446 0.04713 0.33352 0.28489 1493.391
3.210 0.60261 39.10423 0.26735 23.56453 0.33465 0.04696 0.33389 0.28449 1493.041
3.215 0.60257 39.05334 0.26699 23.53245 0.33485 0.04680 0.33427 0.28409 1492.691
3.220 0.60254 39.00257 0.26662 23.50047 0.33505 0.04663 0.33464 0.28369 1492.342
3.225 0.60250 38.95190 0.26626 23.46856 0.33524 0.04646 0.33501 0.28329 1491.993
3.230 0.60247 38.90134 0.26590 23.43674 0.33544 0.04630 0.33538 0.28289 1491.645
3.235 0.60243 38.85089 0.26554 23.40500 0.33563 0.04613 0.33575 0.28248 1491.297
3.240 0.60240 38.80054 0.26518 23.37335 0.33582 0.04597 0.33612 0.28208 1490.949
3.245 0.60236 38.75031 0.26482 23.34177 0.33602 0.04580 0.33650 0.28168 1490.602
3.250 0.60233 38.70018 0.26447 23.31028 0.33621 0.04564 0.33687 0.28128 1490.255
3.255 0.60230 38.65016 0.26411 23.27887 0.33640 0.04548 0.33724 0.28088 1489.909
3.260 0.60226 38.60025 0.26376 23.24754 0.33660 0.04532 0.33761 0.28048 1489.563
3.265 0.60223 38.55044 0.26340 23.21629 0.33679 0.04515 0.33798 0.28008 1489.218
3.270 0.60220 38.50075 0.26305 23.18512 0.33698 0.04499 0.33835 0.27968 1488.873
3.275 0.60217 38.45115 0.26269 23.15403 0.33717 0.04483 0.33872 0.27928 1488.528
3.280 0.60214 38.40167 0.26234 23.12302 0.33736 0.04467 0.33909 0.27888 1488.184
3.285 0.60210 38.35229 0.26199 23.09210 0.33755 0.04451 0.33946 0.27848 1487.840
3.290 0.60207 38.30301 0.26164 23.06125 0.33774 0.04435 0.33983 0.27808 1487.497
3.295 0.60204 38.25385 0.26129 23.03048 0.33793 0.04419 0.34020 0.27768 1487.154
3.300 0.60201 38.20478 0.26094 22.99979 0.33812 0.04403 0.34057 0.27728 1486.812
3.305 0.60198 38.15582 0.26060 22.96918 0.33831 0.04388 0.34094 0.27688 1486.470
3.310 0.60195 38.10697 0.26025 22.93865 0.33850 0.04372 0.34131 0.27648 1486.128
3.315 0.60192 38.05822 0.25991 22.90819 0.33868 0.04356 0.34168 0.27608 1485.787
3.320 0.60190 38.00957 0.25956 22.87782 0.33887 0.04341 0.34205 0.27568 1485.446
3.325 0.60187 37.96103 0.25922 22.84752 0.33906 0.04325 0.34242 0.27528 1485.105
3.330 0.60184 37.91259 0.25887 22.81730 0.33924 0.04309 0.34279 0.27488 1484.765
3.335 0.60181 37.86425 0.25853 22.78715 0.33943 0.04294 0.34315 0.27448 1484.426
3.340 0.60178 37.81602 0.25819 22.75709 0.33961 0.04278 0.34352 0.27408 1484.086
3.345 0.60176 37.76789 0.25785 22.72710 0.33980 0.04263 0.34389 0.27368 1483.748
3.350 0.60173 37.71986 0.25751 22.69718 0.33998 0.04248 0.34426 0.27328 1483.409
3.355 0.60170 37.67194 0.25717 22.66735 0.34017 0.04232 0.34463 0.27288 1483.071
3.360 0.60168 37.62411 0.25684 22.63759 0.34035 0.04217 0.34499 0.27249 1482.734
3.365 0.60165 37.57639 0.25650 22.60790 0.34053 0.04202 0.34536 0.27209 1482.397
3.370 0.60163 37.52877 0.25616 22.57829 0.34072 0.04187 0.34573 0.27169 1482.060
3.375 0.60160 37.48125 0.25583 22.54876 0.34090 0.04172 0.34610 0.27129 1481.723
3.380 0.60158 37.43383 0.25549 22.51930 0.34108 0.04157 0.34646 0.27089 1481.387
3.385 0.60155 37.38651 0.25516 22.48991 0.34126 0.04142 0.34683 0.27049 1481.052
3.390 0.60153 37.33929 0.25483 22.46060 0.34144 0.04127 0.34720 0.27010 1480.717
3.395 0.60150 37.29217 0.25450 22.43137 0.34162 0.04112 0.34756 0.26970 1480.382
3.400 0.60148 37.24516 0.25416 22.40220 0.34180 0.04097 0.34793 0.26930 1480.048
3.405 0.60146 37.19824 0.25383 22.37312 0.34198 0.04082 0.34830 0.26891 1479.714
3.410 0.60143 37.15142 0.25351 22.34410 0.34216 0.04067 0.34866 0.26851 1479.380
3.415 0.60141 37.10470 0.25318 22.31516 0.34234 0.04052 0.34903 0.26811 1479.047
3.420 0.60139 37.05807 0.25285 22.28629 0.34251 0.04038 0.34939 0.26772 1478.714
3.425 0.60137 37.01155 0.25252 22.25750 0.34269 0.04023 0.34976 0.26732 1478.382
3.430 0.60134 36.96512 0.25220 22.22877 0.34287 0.04009 0.35012 0.26692 1478.050
3.435 0.60132 36.91880 0.25187 22.20012 0.34305 0.03994 0.35049 0.26653 1477.718
3.440 0.60130 36.87257 0.25155 22.17155 0.34322 0.03979 0.35085 0.26613 1477.387
3.445 0.60128 36.82643 0.25122 22.14304 0.34340 0.03965 0.35122 0.26573 1477.057
3.450 0.60126 36.78040 0.25090 22.11461 0.34357 0.03951 0.35158 0.26534 1476.726
3.455 0.60124 36.73446 0.25058 22.08624 0.34375 0.03936 0.35195 0.26494 1476.396
3.460 0.60122 36.68862 0.25026 22.05795 0.34392 0.03922 0.35231 0.26455 1476.067
3.465 0.60120 36.64287 0.24994 22.02973 0.34409 0.03908 0.35268 0.26415 1475.737
3.470 0.60118 36.59722 0.24962 22.00158 0.34427 0.03893 0.35304 0.26376 1475.409
3.475 0.60116 36.55167 0.24930 21.97350 0.34444 0.03879 0.35340 0.26336 1475.080
3.480 0.60114 36.50621 0.24898 21.94549 0.34461 0.03865 0.35377 0.26297 1474.752
3.485 0.60113 36.46085 0.24867 21.91755 0.34479 0.03851 0.35413 0.26257 1474.425
3.490 0.60111 36.41559 0.24835 21.88968 0.34496 0.03837 0.35449 0.26218 1474.098
3.495 0.60109 36.37041 0.24803 21.86188 0.34513 0.03823 0.35486 0.26179 1473.771
3.500 0.60107 36.32534 0.24772 21.83415 0.34530 0.03809 0.35522 0.26139 1473.444
3.505 0.60105 36.28035 0.24741 21.80649 0.34547 0.03795 0.35558 0.26100 1473.118
3.510 0.60104 36.23546 0.24709 21.77889 0.34564 0.03781 0.35594 0.26060 1472.793
3.515 0.60102 36.19067 0.24678 21.75137 0.34581 0.03767 0.35631 0.26021 1472.467
3.520 0.60101 36.14597 0.24647 21.72391 0.34598 0.03754 0.35667 0.25982 1472.142
3.525 0.60099 36.10136 0.24616 21.69653 0.34615 0.03740 0.35703 0.25943 1471.818
3.530 0.60097 36.05685 0.24585 21.66921 0.34631 0.03726 0.35739 0.25903 1471.494
3.535 0.60096 36.01243 0.24554 21.64196 0.34648 0.03713 0.35775 0.25864 1471.170
3.540 0.60094 35.96810 0.24523 21.61477 0.34665 0.03699 0.35811 0.25825 1470.847
3.545 0.60093 35.92386 0.24492 21.58766 0.34681 0.03686 0.35848 0.25786 1470.524
3.550 0.60091 35.87972 0.24462 21.56061 0.34698 0.03672 0.35884 0.25746 1470.201
3.555 0.60090 35.83567 0.24431 21.53362 0.34715 0.03659 0.35920 0.25707 1469.879
3.560 0.60089 35.79171 0.24400 21.50671 0.34731 0.03645 0.35956 0.25668 1469.557
3.565 0.60087 35.74784 0.24370 21.47986 0.34748 0.03632 0.35992 0.25629 1469.236
3.570 0.60086 35.70406 0.24340 21.45307 0.34764 0.03618 0.36028 0.25590 1468.915
3.575 0.60084 35.66038 0.24309 21.42636 0.34780 0.03605 0.36064 0.25551 1468.594
3.580 0.60083 35.61678 0.24279 21.39971 0.34797 0.03592 0.36100 0.25512 1468.274
3.585 0.60082 35.57328 0.24249 21.37312 0.34813 0.03579 0.36136 0.25473 1467.954
3.590 0.60081 35.52986 0.24219 21.34660 0.34829 0.03566 0.36172 0.25434 1467.635
3.595 0.60080 35.48654 0.24189 21.32014 0.34845 0.03552 0.36208 0.25395 1467.316
3.600 0.60078 35.44331 0.24159 21.29375 0.34862 0.03539 0.36243 0.25356 1466.997
3.605 0.60077 35.40016 0.24129 21.26743 0.34878 0.03526 0.36279 0.25317 1466.679
3.610 0.60076 35.35711 0.24099 21.24117 0.34894 0.03513 0.36315 0.25278 1466.361
3.615 0.60075 35.31414 0.24069 21.21497 0.34910 0.03500 0.36351 0.25239 1466.043
3.620 0.60074 35.27126 0.24040 21.18884 0.34926 0.03488 0.36387 0.25200 1465.726
3.625 0.60073 35.22848 0.24010 21.16277 0.34942 0.03475 0.36423 0.25161 1465.409
3.630 0.60072 35.18578 0.23981 21.13677 0.34958 0.03462 0.36459 0.25122 1465.093
3.635 0.60071 35.14317 0.23951 21.11083 0.34973 0.03449 0.36494 0.25083 1464.776
3.640 0.60070 35.10064 0.23922 21.08495 0.34989 0.03436 0.36530 0.25044 1464.461
3.645 0.60069 35.05821 0.23893 21.05914 0.35005 0.03424 0.36566 0.25006 1464.145
3.650 0.60068 35.01586 0.23863 21.03338 0.35021 0.03411 0.36601 0.24967 1463.830
3.655 0.60067 34.97360 0.23834 21.00769 0.35036 0.03398 0.36637 0.24928 1463.516
3.660 0.60066 34.93143 0.23805 20.98207 0.35052 0.03386 0.36673 0.24889 1463.202
3.665 0.60066 34.88934 0.23776 20.95650 0.35068 0.03373 0.36708 0.24851 1462.888
3.670 0.60065 34.84734 0.23747 20.93100 0.35083 0.03361 0.36744 0.24812 1462.574
3.675 0.60064 34.80543 0.23718 20.90556 0.35099 0.03348 0.36780 0.24773 1462.261
3.680 0.60063 34.76360 0.23690 20.88019 0.35114 0.03336 0.36815 0.24735 1461.948
3.685 0.60063 34.72186 0.23661 20.85487 0.35129 0.03324 0.36851 0.24696 1461.636
3.690 0.60062 34.68021 0.23632 20.82961 0.35145 0.03311 0.36886 0.24658 1461.324
3.695 0.60061 34.63864 0.23604 20.80442 0.35160 0.03299 0.36922 0.24619 1461.012
3.700 0.60061 34.59716 0.23575 20.77929 0.35175 0.03287 0.36957 0.24581 1460.701
3.705 0.60060 34.55576 0.23547 20.75421 0.35190 0.03275 0.36993 0.24542 1460.390
3.710 0.60059 34.51444 0.23518 20.72920 0.35206 0.03262 0.37028 0.24504 1460.080
3.715 0.60059 34.47322 0.23490 20.70425 0.35221 0.03250 0.37064 0.24465 1459.770
3.720 0.60058 34.43207 0.23462 20.67936 0.35236 0.03238 0.37099 0.24427 1459.460
3.725 0.60058 34.39101 0.23434 20.65453 0.35251 0.03226 0.37135 0.24388 1459.150
3.730 0.60057 34.35004 0.23406 20.62976 0.35266 0.03214 0.37170 0.24350 1458.841
3.735 0.60057 34.30914 0.23377 20.60505 0.35281 0.03202 0.37205 0.24311 1458.533
3.740 0.60057 34.26834 0.23350 20.58039 0.35296 0.03190 0.37241 0.24273 1458.224
3.745 0.60056 34.22761 0.23322 20.55580 0.35311 0.03178 0.37276 0.24235 1457.916
3.750 0.60056 34.18697 0.23294 20.53127 0.35325 0.03167 0.37311 0.24197 1457.609
3.755 0.60055 34.14641 0.23266 20.50679 0.35340 0.03155 0.37347 0.24158 1457.302
3.760 0.60055 34.10593 0.23238 20.48237 0.35355 0.03143 0.37382 0.24120 1456.995
3.765 0.60055 34.06554 0.23211 20.45802 0.35370 0.03131 0.37417 0.24082 1456.688
3.770 0.60055 34.02523 0.23183 20.43372 0.35384 0.03120 0.37452 0.24044 1456.382
3.775 0.60054 33.98500 0.23156 20.40947 0.35399 0.03108 0.37488 0.24006 1456.076
3.780 0.60054 33.94485 0.23128 20.38529 0.35413 0.03096 0.37523 0.23967 1455.771
3.785 0.60054 33.90479 0.23101 20.36116 0.35428 0.03085 0.37558 0.23929 1455.466
3.790 0.60054 33.86481 0.23073 20.33710 0.35442 0.03073 0.37593 0.23891 1455.161
3.795 0.60054 33.82490 0.23046 20.31309 0.35457 0.03062 0.37628 0.23853 1454.857
3.800 0.60054 33.78508 0.23019 20.28913 0.35471 0.03050 0.37663 0.23815 1454.553
3.805 0.60053 33.74534 0.22992 20.26523 0.35485 0.03039 0.37698 0.23777 1454.249
3.810 0.60053 33.70568 0.22965 20.24139 0.35500 0.03028 0.37734 0.23739 1453.946
3.815 0.60053 33.66610 0.22938 20.21761 0.35514 0.03016 0.37769 0.23701 1453.643
3.820 0.60053 33.62660 0.22911 20.19388 0.35528 0.03005 0.37804 0.23663 1453.340
3.825 0.60053 33.58719 0.22884 20.17021 0.35542 0.02994 0.37839 0.23626 1453.038
3.830 0.60053 33.54785 0.22857 20.14660 0.35556 0.02983 0.37874 0.23588 1452.736
3.835 0.60053 33.50859 0.22831 20.12304 0.35570 0.02971 0.37909 0.23550 1452.434
3.840 0.60053 33.46941 0.22804 20.09954 0.35584 0.02960 0.37943 0.23512 1452.133
3.845 0.60054 33.43031 0.22777 20.07609 0.35598 0.02949 0.37978 0.23474 1451.832
3.850 0.60054 33.39129 0.22751 20.05270 0.35612 0.02938 0.38013 0.23437 1451.532
3.855 0.60054 33.35234 0.22724 20.02936 0.35626 0.02927 0.38048 0.23399 1451.232
3.860 0.60054 33.31348 0.22698 20.00608 0.35640 0.02916 0.38083 0.23361 1450.932
3.865 0.60054 33.27469 0.22672 19.98285 0.35654 0.02905 0.38118 0.23323 1450.633
3.870 0.60054 33.23599 0.22645 19.95968 0.35667 0.02894 0.38153 0.23286 1450.334
3.875 0.60055 33.19736 0.22619 19.93656 0.35681 0.02883 0.38187 0.23248 1450.035
3.880 0.60055 33.15881 0.22593 19.91350 0.35695 0.02872 0.38222 0.23211 1449.737
3.885 0.60055 33.12033 0.22567 19.89049 0.35708 0.02862 0.38257 0.23173 1449.439
3.890 0.60056 33.08194 0.22541 19.86754 0.35722 0.02851 0.38292 0.23136 1449.141
3.895 0.60056 33.04362 0.22515 19.84464 0.35735 0.02840 0.38326 0.23098 1448.844
3.900 0.60056 33.00537 0.22489 19.82179 0.35749 0.02829 0.38361 0.23061 1448.547
3.905 0.60057 32.96721 0.22463 19.79900 0.35762 0.02819 0.38396 0.23023 1448.250
3.910 0.60057 32.92912 0.22437 19.77626 0.35776 0.02808 0.38430 0.22986 1447.954
3.915 0.60057 32.89111 0.22411 19.75357 0.35789 0.02798 0.38465 0.22948 1447.658
3.920 0.60058 32.85317 0.22386 19.73093 0.35802 0.02787 0.38500 0.22911 1447.362
3.925 0.60058 32.81531 0.22360 19.70835 0.35816 0.02777 0.38534 0.22874 1447.067
3.930 0.60059 32.77753 0.22335 19.68582 0.35829 0.02766 0.38569 0.22837 1446.772
3.935 0.60059 32.73982 0.22309 19.66335 0.35842 0.02756 0.38603 0.22799 1446.478
3.940 0.60060 32.70219 0.22284 19.64092 0.35855 0.02745 0.38638 0.22762 1446.183
3.945 0.60061 32.66463 0.22258 19.61855 0.35868 0.02735 0.38672 0.22725 1445.889
3.950 0.60061 32.62715 0.22233 19.59623 0.35881 0.02724 0.38707 0.22688 1445.596
3.955 0.60062 32.58974 0.22208 19.57397 0.35894 0.02714 0.38741 0.22651 1445.303
3.960 0.60062 32.55241 0.22182 19.55175 0.35907 0.02704 0.38776 0.22613 1445.010
3.965 0.60063 32.51515 0.22157 19.52959 0.35920 0.02694 0.38810 0.22576 1444.717
3.970 0.60064 32.47797 0.22132 19.50747 0.35933 0.02683 0.38844 0.22539 1444.425
3.975 0.60064 32.44086 0.22107 19.48541 0.35946 0.02673 0.38879 0.22502 1444.133
3.980 0.60065 32.40382 0.22082 19.46340 0.35958 0.02663 0.38913 0.22465 1443.842
3.985 0.60066 32.36686 0.22057 19.44144 0.35971 0.02653 0.38947 0.22428 1443.551
3.990 0.60067 32.32997 0.22032 19.41953 0.35984 0.02643 0.38982 0.22391 1443.260
3.995 0.60067 32.29316 0.22008 19.39767 0.35997 0.02633 0.39016 0.22355 1442.969
4.000 0.60068 32.25642 0.21983 19.37587 0.36009 0.02623 0.39050 0.22318 1442.679
4.005 0.60069 32.21975 0.21958 19.35411 0.36022 0.02613 0.39084 0.22281 1442.389
4.010 0.60070 32.18315 0.21934 19.33240 0.36034 0.02603 0.39119 0.22244 1442.100
4.015 0.60071 32.14663 0.21909 19.31074 0.36047 0.02593 0.39153 0.22207 1441.811
4.020 0.60072 32.11018 0.21885 19.28913 0.36059 0.02583 0.39187 0.22171 1441.522
4.025 0.60073 32.07380 0.21860 19.26758 0.36071 0.02574 0.39221 0.22134 1441.234
4.030 0.60074 32.03750 0.21836 19.24607 0.36084 0.02564 0.39255 0.22097 1440.945
4.035 0.60075 32.00126 0.21811 19.22461 0.36096 0.02554 0.39289 0.22061 1440.658
4.040 0.60076 31.96510 0.21787 19.20320 0.36108 0.02544 0.39323 0.22024 1440.370
4.045 0.60077 31.92901 0.21763 19.18184 0.36121 0.02535 0.39357 0.21987 1440.083
4.050 0.60078 31.89299 0.21739 19.16053 0.36133 0.02525 0.39391 0.21951 1439.796
4.055 0.60079 31.85704 0.21714 19.13926 0.36145 0.02515 0.39425 0.21914 1439.510
4.060 0.60080 31.82117 0.21690 19.11805 0.36157 0.02506 0.39459 0.21878 1439.224
4.065 0.60081 31.78536 0.21666 19.09688 0.36169 0.02496 0.39493 0.21841 1438.938
4.070 0.60082 31.74962 0.21642 19.07576 0.36181 0.02487 0.39527 0.21805 1438.652
4.075 0.60083 31.71396 0.21619 19.05469 0.36193 0.02477 0.39561 0.21769 1438.367
4.080 0.60084 31.67836 0.21595 19.03367 0.36205 0.02468 0.39595 0.21732 1438.082
4.085 0.60085 31.64284 0.21571 19.01270 0.36217 0.02458 0.39629 0.21696 1437.798
4.090 0.60086 31.60739 0.21547 18.99177 0.36228 0.02449 0.39663 0.21660 1437.514
4.095 0.60088 31.57200 0.21523 18.97089 0.36240 0.02440 0.39697 0.21623 1437.230
4.100 0.60089 31.53668 0.21500 18.95006 0.36252 0.02430 0.39730 0.21587 1436.946
4.105 0.60090 31.50144 0.21476 18.92928 0.36264 0.02421 0.39764 0.21551 1436.663
4.110 0.60091 31.46626 0.21453 18.90854 0.36275 0.02412 0.39798 0.21515 1436.380
4.115 0.60093 31.43116 0.21429 18.88785 0.36287 0.02403 0.39832 0.21479 1436.098
4.120 0.60094 31.39612 0.21406 18.86721 0.36298 0.02393 0.39865 0.21443 1435.815
4.125 0.60095 31.36115 0.21382 18.84661 0.36310 0.02384 0.39899 0.21407 1435.534
4.130 0.60097 31.32625 0.21359 18.82606 0.36321 0.02375 0.39933 0.21371 1435.252
4.135 0.60098 31.29141 0.21336 18.80556 0.36333 0.02366 0.39966 0.21335 1434.971
4.140 0.60100 31.25665 0.21313 18.78510 0.36344 0.02357 0.40000 0.21299 1434.690
4.145 0.60101 31.22195 0.21290 18.76469 0.36356 0.02348 0.40034 0.21263 1434.409
4.150 0.60102 31.18732 0.21266 18.74432 0.36367 0.02339 0.40067 0.21227 1434.129
4.155 0.60104 31.15276 0.21243 18.72400 0.36378 0.02330 0.40101 0.21191 1433.849
4.160 0.60105 31.11827 0.21220 18.70373 0.36389 0.02321 0.40134 0.21155 1433.569
4.165 0.60107 31.08384 0.21197 18.68350 0.36401 0.02312 0.40168 0.21119 1433.290
4.170 0.60108 31.04948 0.21174 18.66332 0.36412 0.02303 0.40201 0.21084 1433.011
4.175 0.60110 31.01519 0.21152 18.64318 0.36423 0.02294 0.40235 0.21048 1432.732
4.180 0.60111 30.98097 0.21129 18.62309 0.36434 0.02286 0.40268 0.21012 1432.454
4.185 0.60113 30.94681 0.21106 18.60304 0.36445 0.02277 0.40302 0.20977 1432.176
4.190 0.60115 30.91272 0.21083 18.58304 0.36456 0.02268 0.40335 0.20941 1431.898
4.195 0.60116 30.87869 0.21061 18.56308 0.36467 0.02259 0.40368 0.20905 1431.621
4.200 0.60118 30.84473 0.21038 18.54317 0.36478 0.02251 0.40402 0.20870 1431.344
4.205 0.60119 30.81084 0.21016 18.52330 0.36488 0.02242 0.40435 0.20834 1431.067
4.210 0.60121 30.77701 0.20993 18.50347 0.36499 0.02233 0.40468 0.20799 1430.790
4.215 0.60123 30.74325 0.20971 18.48369 0.36510 0.02225 0.40502 0.20763 1430.514
4.220 0.60124 30.70955 0.20948 18.46396 0.36521 0.02216 0.40535 0.20728 1430.238
4.225 0.60126 30.67592 0.20926 18.44427 0.36531 0.02208 0.40568 0.20693 1429.963
4.230 0.60128 30.64236 0.20904 18.42462 0.36542 0.02199 0.40601 0.20657 1429.688
4.235 0.60130 30.60886 0.20881 18.40501 0.36553 0.02191 0.40635 0.20622 1429.413
4.240 0.60131 30.57542 0.20859 18.38545 0.36563 0.02182 0.40668 0.20587 1429.138
4.245 0.60133 30.54205 0.20837 18.36593 0.36574 0.02174 0.40701 0.20552 1428.864
4.250 0.60135 30.50874 0.20815 18.34646 0.36584 0.02166 0.40734 0.20516 1428.590
4.255 0.60137 30.47550 0.20793 18.32703 0.36595 0.02157 0.40767 0.20481 1428.316
4.260 0.60139 30.44232 0.20771 18.30764 0.36605 0.02149 0.40800 0.20446 1428.043
4.265 0.60141 30.40921 0.20749 18.28829 0.36615 0.02141 0.40833 0.20411 1427.770
4.270 0.60143 30.37616 0.20727 18.26899 0.36626 0.02132 0.40866 0.20376 1427.497
4.275 0.60144 30.34317 0.20705 18.24973 0.36636 0.02124 0.40899 0.20341 1427.225
4.280 0.60146 30.31025 0.20683 18.23051 0.36646 0.02116 0.40932 0.20306 1426.953
4.285 0.60148 30.27739 0.20662 18.21133 0.36656 0.02108 0.40965 0.20271 1426.681
4.290 0.60150 30.24460 0.20640 18.19220 0.36666 0.02100 0.40998 0.20236 1426.409
4.295 0.60152 30.21186 0.20618 18.17311 0.36676 0.02091 0.41031 0.20201 1426.138
4.300 0.60154 30.17919 0.20597 18.15406 0.36686 0.02083 0.41064 0.20166 1425.867
4.305 0.60156 30.14659 0.20575 18.13505 0.36696 0.02075 0.41097 0.20132 1425.597
4.310 0.60158 30.11404 0.20554 18.11609 0.36706 0.02067 0.41130 0.20097 1425.326
4.315 0.60160 30.08156 0.20532 18.09716 0.36716 0.02059 0.41162 0.20062 1425.056
4.320 0.60162 30.04914 0.20511 18.07828 0.36726 0.02051 0.41195 0.20027 1424.787
4.325 0.60164 30.01678 0.20489 18.05944 0.36736 0.02043 0.41228 0.19993 1424.517
4.330 0.60167 29.98449 0.20468 18.04064 0.36746 0.02035 0.41261 0.19958 1424.248
4.335 0.60169 29.95226 0.20447 18.02188 0.36756 0.02027 0.41293 0.19923 1423.980
4.340 0.60171 29.92008 0.20426 18.00316 0.36765 0.02020 0.41326 0.19889 1423.711
4.345 0.60173 29.88797 0.20404 17.98448 0.36775 0.02012 0.41359 0.19854 1423.443
4.350 0.60175 29.85593 0.20383 17.96584 0.36785 0.02004 0.41392 0.19820 1423.175
4.355 0.60177 29.82394 0.20362 17.94725 0.36794 0.01996 0.41424 0.19785 1422.908
4.360 0.60180 29.79201 0.20341 17.92869 0.36804 0.01988 0.41457 0.19751 1422.641
4.365 0.60182 29.76015 0.20320 17.91018 0.36813 0.01981 0.41489 0.19717 1422.374
4.370 0.60184 29.72834 0.20299 17.89170 0.36823 0.01973 0.41522 0.19682 1422.107
4.375 0.60186 29.69660 0.20278 17.87327 0.36832 0.01965 0.41554 0.19648 1421.841
4.380 0.60189 29.66491 0.20257 17.85487 0.36841 0.01958 0.41587 0.19614 1421.575
4.385 0.60191 29.63329 0.20236 17.83651 0.36851 0.01950 0.41619 0.19580 1421.309
4.390 0.60193 29.60173 0.20216 17.81820 0.36860 0.01943 0.41652 0.19545 1421.043
4.395 0.60195 29.57023 0.20195 17.79992 0.36869 0.01935 0.41684 0.19511 1420.778
4.400 0.60198 29.53878 0.20174 17.78169 0.36879 0.01927 0.41717 0.19477 1420.513
4.405 0.60200 29.50740 0.20154 17.76349 0.36888 0.01920 0.41749 0.19443 1420.249
4.410 0.60202 29.47608 0.20133 17.74533 0.36897 0.01912 0.41782 0.19409 1419.985
4.415 0.60205 29.44481 0.20112 17.72721 0.36906 0.01905 0.41814 0.19375 1419.721
4.420 0.60207 29.41361 0.20092 17.70913 0.36915 0.01898 0.41846 0.19341 1419.457
4.425 0.60210 29.38246 0.20071 17.69109 0.36924 0.01890 0.41879 0.19307 1419.194
4.430 0.60212 29.35138 0.20051 17.67309 0.36933 0.01883 0.41911 0.19273 1418.931
4.435 0.60215 29.32035 0.20031 17.65513 0.36942 0.01875 0.41943 0.19239 1418.668
4.440 0.60217 29.28938 0.20010 17.63720 0.36951 0.01868 0.41975 0.19206 1418.405
4.445 0.60220 29.25847 0.19990 17.61931 0.36960 0.01861 0.42008 0.19172 1418.143
4.450 0.60222 29.22762 0.19970 17.60147 0.36969 0.01854 0.42040 0.19138 1417.881
4.455 0.60225 29.19682 0.19950 17.58366 0.36977 0.01846 0.42072 0.19104 1417.620
4.460 0.60227 29.16609 0.19929 17.56588 0.36986 0.01839 0.42104 0.19071 1417.358
4.465 0.60230 29.13541 0.19909 17.54815 0.36995 0.01832 0.42136 0.19037 1417.097
4.470 0.60232 29.10479 0.19889 17.53046 0.37003 0.01825 0.42168 0.19003 1416.837
4.475 0.60235 29.07423 0.19869 17.51280 0.37012 0.01818 0.42200 0.18970 1416.576
4.480 0.60237 29.04372 0.19849 17.49518 0.37021 0.01811 0.42232 0.18936 1416.316
4.485 0.60240 29.01328 0.19829 17.47759 0.37029 0.01803 0.42264 0.18903 1416.056
4.490 0.60243 28.98289 0.19809 17.46005 0.37038 0.01796 0.42296 0.18869 1415.797
4.495 0.60245 28.95255 0.19789 17.44254 0.37046 0.01789 0.42328 0.18836 1415.537
4.500 0.60248 28.92228 0.19770 17.42507 0.37055 0.01782 0.42360 0.18803 1415.278
4.505 0.60251 28.89206 0.19750 17.40763 0.37063 0.01775 0.42392 0.18769 1415.020
4.510 0.60253 28.86190 0.19730 17.39024 0.37071 0.01768 0.42424 0.18736 1414.761
4.515 0.60256 28.83179 0.19710 17.37288 0.37080 0.01762 0.42456 0.18703 1414.503
4.520 0.60259 28.80174 0.19691 17.35555 0.37088 0.01755 0.42488 0.18670 1414.245
4.525 0.60261 28.77175 0.19671 17.33827 0.37096 0.01748 0.42520 0.18636 1413.988
4.530 0.60264 28.74182 0.19652 17.32102 0.37104 0.01741 0.42552 0.18603 1413.731
4.535 0.60267 28.71194 0.19632 17.30380 0.37112 0.01734 0.42583 0.18570 1413.474
4.540 0.60270 28.68211 0.19613 17.28663 0.37120 0.01727 0.42615 0.18537 1413.217
4.545 0.60273 28.65234 0.19593 17.26949 0.37128 0.01720 0.42647 0.18504 1412.961
4.550 0.60275 28.62263 0.19574 17.25238 0.37136 0.01714 0.42679 0.18471 1412.704
4.555 0.60278 28.59297 0.19554 17.23531 0.37144 0.01707 0.42710 0.18438 1412.449
