timeGa Urey Qt heat/H0 heatTW 1HPE 2HPE 3HPE 4HPE TempC
0.000 0.10000 36.00000 1.00000 3.60000 0.37200 0.01640 0.43000 0.18100 1351.850
0.005 0.10004 36.00000 1.00038 3.60136 0.37215 0.01647 0.42994 0.18143 1352.580
0.010 0.09984 36.10632 1.00136 3.60489 0.37207 0.01654 0.42963 0.18176 1353.312
0.015 0.09964 36.21321 1.00234 3.60843 0.37199 0.01661 0.42931 0.18209 1354.046
0.020 0.09945 36.32066 1.00333 3.61198 0.37192 0.01667 0.42900 0.18241 1354.783
0.025 0.09925 36.42869 1.00431 3.61553 0.37184 0.01674 0.42868 0.18274 1355.522
0.030 0.09905 36.53730 1.00530 3.61909 0.37176 0.01680 0.42837 0.18307 1356.264
0.035 0.09885 36.64649 1.00629 3.62266 0.37168 0.01687 0.42805 0.18340 1357.008
0.040 0.09866 36.75627 1.00729 3.62624 0.37161 0.01694 0.42773 0.18372 1357.754
0.045 0.09846 36.86664 1.00828 3.62982 0.37153 0.01700 0.42742 0.18405 1358.503
0.050 0.09826 36.97761 1.00928 3.63341 0.37145 0.01707 0.42710 0.18438 1359.254
0.055 0.09806 37.08918 1.01028 3.63701 0.37137 0.01714 0.42678 0.18471 1360.007
0.060 0.09786 37.20135 1.01128 3.64062 0.37129 0.01720 0.42647 0.18504 1360.763
0.065 0.09766 37.31414 1.01229 3.64423 0.37121 0.01727 0.42615 0.18537 1361.522
0.070 0.09746 37.42754 1.01329 3.64785 0.37113 0.01734 0.42583 0.18570 1362.283
0.075 0.09726 37.54156 1.01430 3.65148 0.37104 0.01741 0.42551 0.18603 1363.046
0.080 0.09707 37.65620 1.01531 3.65512 0.37096 0.01748 0.42520 0.18636 1363.812
0.085 0.09687 37.77147 1.01632 3.65876 0.37088 0.01755 0.42488 0.18670 1364.580
0.090 0.09667 37.88738 1.01734 3.66241 0.37080 0.01761 0.42456 0.18703 1365.351
0.095 0.09647 38.00393 1.01835 3.66607 0.37071 0.01768 0.42424 0.18736 1366.125
0.100 0.09627 38.12112 1.01937 3.66974 0.37063 0.01775 0.42392 0.18769 1366.901
0.105 0.09606 38.23897 1.02039 3.67341 0.37055 0.01782 0.42360 0.18803 1367.679
0.110 0.09586 38.35746 1.02142 3.67710 0.37046 0.01789 0.42328 0.18836 1368.461
0.115 0.09566 38.47662 1.02244 3.68079 0.37038 0.01796 0.42296 0.18869 1369.244
0.120 0.09546 38.59644 1.02347 3.68449 0.37029 0.01803 0.42264 0.18903 1370.031
0.125 0.09526 38.71694 1.02450 3.68819 0.37021 0.01811 0.42232 0.18936 1370.820
0.130 0.09506 38.83810 1.02553 3.69191 0.37012 0.01818 0.42200 0.18970 1371.612
0.135 0.09486 38.95995 1.02656 3.69563 0.37004 0.01825 0.42168 0.19003 1372.406
0.140 0.09466 39.08249 1.02760 3.69936 0.36995 0.01832 0.42136 0.19037 1373.203
0.145 0.09445 39.20572 1.02864 3.70310 0.36986 0.01839 0.42104 0.19071 1374.003
0.150 0.09425 39.32965 1.02968 3.70685 0.36978 0.01846 0.42072 0.19104 1374.805
0.155 0.09405 39.45428 1.03072 3.71060 0.36969 0.01854 0.42040 0.19138 1375.610
0.160 0.09385 39.57961 1.03177 3.71436 0.36960 0.01861 0.42007 0.19172 1376.418
0.165 0.09364 39.70567 1.03281 3.71813 0.36951 0.01868 0.41975 0.19206 1377.229
0.170 0.09344 39.83244 1.03386 3.72191 0.36942 0.01875 0.41943 0.19239 1378.042
0.175 0.09324 39.95994 1.03492 3.72570 0.36933 0.01883 0.41911 0.19273 1378.858
0.180 0.09303 40.08817 1.03597 3.72949 0.36924 0.01890 0.41878 0.19307 1379.677
0.185 0.09283 40.21715 1.03703 3.73330 0.36915 0.01898 0.41846 0.19341 1380.499
0.190 0.09262 40.34686 1.03809 3.73711 0.36906 0.01905 0.41814 0.19375 1381.324
0.195 0.09242 40.47733 1.03915 3.74093 0.36897 0.01912 0.41781 0.19409 1382.151
0.200 0.09222 40.60855 1.04021 3.74476 0.36888 0.01920 0.41749 0.19443 1382.982
0.205 0.09201 40.74053 1.04128 3.74859 0.36879 0.01927 0.41717 0.19477 1383.815
0.210 0.09181 40.87329 1.04234 3.75244 0.36870 0.01935 0.41684 0.19511 1384.651
0.215 0.09160 41.00682 1.04341 3.75629 0.36860 0.01942 0.41652 0.19545 1385.490
0.220 0.09140 41.14113 1.04449 3.76015 0.36851 0.01950 0.41619 0.19580 1386.332
0.225 0.09119 41.27623 1.04556 3.76402 0.36842 0.01958 0.41587 0.19614 1387.177
0.230 0.09099 41.41213 1.04664 3.76790 0.36832 0.01965 0.41554 0.19648 1388.025
0.235 0.09078 41.54883 1.04772 3.77179 0.36823 0.01973 0.41522 0.19682 1388.876
0.240 0.09057 41.68633 1.04880 3.77568 0.36813 0.01981 0.41489 0.19717 1389.730
0.245 0.09037 41.82465 1.04988 3.77958 0.36804 0.01988 0.41457 0.19751 1390.587
0.250 0.09016 41.96380 1.05097 3.78350 0.36794 0.01996 0.41424 0.19785 1391.447
0.255 0.08995 42.10377 1.05206 3.78742 0.36785 0.02004 0.41391 0.19820 1392.310
0.260 0.08975 42.24458 1.05315 3.79134 0.36775 0.02012 0.41359 0.19854 1393.177
0.265 0.08954 42.38623 1.05424 3.79528 0.36765 0.02020 0.41326 0.19889 1394.046
0.270 0.08933 42.52874 1.05534 3.79923 0.36756 0.02027 0.41293 0.19923 1394.918
0.275 0.08913 42.67210 1.05644 3.80318 0.36746 0.02035 0.41261 0.19958 1395.794
0.280 0.08892 42.81632 1.05754 3.80715 0.36736 0.02043 0.41228 0.19993 1396.673
0.285 0.08871 42.96142 1.05864 3.81112 0.36726 0.02051 0.41195 0.20027 1397.554
0.290 0.08850 43.10740 1.05975 3.81510 0.36716 0.02059 0.41162 0.20062 1398.439
0.295 0.08829 43.25426 1.06086 3.81909 0.36707 0.02067 0.41129 0.20097 1399.328
0.300 0.08809 43.40202 1.06197 3.82309 0.36697 0.02075 0.41097 0.20132 1400.219
0.305 0.08788 43.55069 1.06308 3.82709 0.36687 0.02083 0.41064 0.20166 1401.114
0.310 0.08767 43.70026 1.06420 3.83111 0.36677 0.02091 0.41031 0.20201 1402.012
0.315 0.08746 43.85075 1.06532 3.83513 0.36666 0.02100 0.40998 0.20236 1402.914
0.320 0.08725 44.00217 1.06644 3.83917 0.36656 0.02108 0.40965 0.20271 1403.818
0.325 0.08704 44.15453 1.06756 3.84321 0.36646 0.02116 0.40932 0.20306 1404.726
0.330 0.08683 44.30783 1.06868 3.84726 0.36636 0.02124 0.40899 0.20341 1405.638
0.335 0.08662 44.46208 1.06981 3.85132 0.36626 0.02132 0.40866 0.20376 1406.553
0.340 0.08641 44.61729 1.07094 3.85539 0.36615 0.02141 0.40833 0.20411 1407.471
0.345 0.08620 44.77346 1.07207 3.85947 0.36605 0.02149 0.40800 0.20446 1408.392
0.350 0.08599 44.93062 1.07321 3.86356 0.36595 0.02157 0.40767 0.20481 1409.317
0.355 0.08578 45.08876 1.07435 3.86765 0.36584 0.02166 0.40734 0.20516 1410.246
0.360 0.08557 45.24789 1.07549 3.87176 0.36574 0.02174 0.40701 0.20552 1411.178
0.365 0.08536 45.40803 1.07663 3.87587 0.36563 0.02182 0.40668 0.20587 1412.114
0.370 0.08515 45.56917 1.07778 3.88000 0.36553 0.02191 0.40634 0.20622 1413.053
0.375 0.08493 45.73134 1.07893 3.88413 0.36542 0.02199 0.40601 0.20657 1413.995
0.380 0.08472 45.89455 1.08008 3.88827 0.36532 0.02208 0.40568 0.20693 1414.941
0.385 0.08451 46.05879 1.08123 3.89242 0.36521 0.02216 0.40535 0.20728 1415.891
0.390 0.08430 46.22407 1.08238 3.89658 0.36510 0.02225 0.40501 0.20763 1416.845
0.395 0.08409 46.39042 1.08354 3.90075 0.36499 0.02233 0.40468 0.20799 1417.802
0.400 0.08387 46.55784 1.08470 3.90493 0.36489 0.02242 0.40435 0.20834 1418.763
0.405 0.08366 46.72633 1.08587 3.90912 0.36478 0.02251 0.40402 0.20870 1419.727
0.410 0.08345 46.89591 1.08703 3.91332 0.36467 0.02259 0.40368 0.20905 1420.695
0.415 0.08323 47.06659 1.08820 3.91753 0.36456 0.02268 0.40335 0.20941 1421.667
0.420 0.08302 47.23838 1.08937 3.92174 0.36445 0.02277 0.40301 0.20977 1422.643
0.425 0.08281 47.41129 1.09055 3.92597 0.36434 0.02286 0.40268 0.21012 1423.623
0.430 0.08259 47.58532 1.09172 3.93021 0.36423 0.02294 0.40235 0.21048 1424.606
0.435 0.08238 47.76049 1.09290 3.93445 0.36412 0.02303 0.40201 0.21084 1425.593
0.440 0.08216 47.93682 1.09409 3.93871 0.36401 0.02312 0.40168 0.21119 1426.584
0.445 0.08195 48.11430 1.09527 3.94297 0.36390 0.02321 0.40134 0.21155 1427.579
0.450 0.08174 48.29295 1.09646 3.94724 0.36378 0.02330 0.40101 0.21191 1428.578
0.455 0.08152 48.47279 1.09765 3.95153 0.36367 0.02339 0.40067 0.21227 1429.581
0.460 0.08131 48.65382 1.09884 3.95582 0.36356 0.02348 0.40033 0.21263 1430.588
0.465 0.08109 48.83605 1.10003 3.96012 0.36344 0.02357 0.40000 0.21299 1431.599
0.470 0.08087 49.01950 1.10123 3.96444 0.36333 0.02366 0.39966 0.21335 1432.614
0.475 0.08066 49.20417 1.10243 3.96876 0.36322 0.02375 0.39933 0.21371 1433.633
0.480 0.08044 49.39009 1.10364 3.97309 0.36310 0.02384 0.39899 0.21407 1434.656
0.485 0.08023 49.57725 1.10484 3.97743 0.36299 0.02393 0.39865 0.21443 1435.683
0.490 0.08001 49.76568 1.10605 3.98179 0.36287 0.02403 0.39832 0.21479 1436.714
0.495 0.07979 49.95538 1.10726 3.98615 0.36275 0.02412 0.39798 0.21515 1437.750
0.500 0.07958 50.14637 1.10848 3.99052 0.36264 0.02421 0.39764 0.21551 1438.789
0.505 0.07936 50.33866 1.10969 3.99490 0.36252 0.02430 0.39730 0.21587 1439.833
0.510 0.07914 50.53226 1.11091 3.99929 0.36240 0.02440 0.39696 0.21623 1440.881
0.515 0.07893 50.72718 1.11214 4.00369 0.36229 0.02449 0.39663 0.21660 1441.934
0.520 0.07871 50.92344 1.11336 4.00810 0.36217 0.02458 0.39629 0.21696 1442.991
0.525 0.07849 51.12105 1.11459 4.01253 0.36205 0.02468 0.39595 0.21732 1444.052
0.530 0.07827 51.32003 1.11582 4.01696 0.36193 0.02477 0.39561 0.21769 1445.117
0.535 0.07805 51.52038 1.11706 4.02140 0.36181 0.02487 0.39527 0.21805 1446.187
0.540 0.07784 51.72212 1.11829 4.02585 0.36169 0.02496 0.39493 0.21841 1447.262
0.545 0.07762 51.92527 1.11953 4.03031 0.36157 0.02506 0.39459 0.21878 1448.341
0.550 0.07740 52.12983 1.12077 4.03479 0.36145 0.02515 0.39425 0.21914 1449.424
0.555 0.07718 52.33583 1.12202 4.03927 0.36133 0.02525 0.39391 0.21951 1450.512
0.560 0.07696 52.54327 1.12327 4.04376 0.36121 0.02535 0.39357 0.21987 1451.604
0.565 0.07674 52.75217 1.12452 4.04826 0.36109 0.02544 0.39323 0.22024 1452.701
0.570 0.07652 52.96255 1.12577 4.05278 0.36096 0.02554 0.39289 0.22061 1453.803
0.575 0.07630 53.17441 1.12703 4.05730 0.36084 0.02564 0.39255 0.22097 1454.910
0.580 0.07608 53.38778 1.12829 4.06184 0.36072 0.02574 0.39221 0.22134 1456.021
0.585 0.07586 53.60268 1.12955 4.06638 0.36059 0.02583 0.39187 0.22171 1457.137
0.590 0.07564 53.81910 1.13082 4.07094 0.36047 0.02593 0.39153 0.22207 1458.257
0.595 0.07542 54.03708 1.13208 4.07550 0.36034 0.02603 0.39118 0.22244 1459.383
0.600 0.07520 54.25662 1.13335 4.08008 0.36022 0.02613 0.39084 0.22281 1460.513
0.605 0.07498 54.47775 1.13463 4.08466 0.36009 0.02623 0.39050 0.22318 1461.648
0.610 0.07476 54.70047 1.13591 4.08926 0.35997 0.02633 0.39016 0.22355 1462.788
0.615 0.07454 54.92481 1.13719 4.09387 0.35984 0.02643 0.38981 0.22391 1463.933
0.620 0.07431 55.15078 1.13847 4.09849 0.35971 0.02653 0.38947 0.22428 1465.083
0.625 0.07409 55.37840 1.13976 4.10312 0.35959 0.02663 0.38913 0.22465 1466.238
0.630 0.07387 55.60769 1.14104 4.10776 0.35946 0.02673 0.38879 0.22502 1467.398
0.635 0.07365 55.83865 1.14234 4.11241 0.35933 0.02683 0.38844 0.22539 1468.563
0.640 0.07343 56.07132 1.14363 4.11707 0.35920 0.02694 0.38810 0.22576 1469.734
0.645 0.07320 56.30570 1.14493 4.12174 0.35907 0.02704 0.38775 0.22613 1470.909
0.650 0.07298 56.54183 1.14623 4.12643 0.35894 0.02714 0.38741 0.22651 1472.090
0.655 0.07276 56.77970 1.14753 4.13112 0.35881 0.02724 0.38707 0.22688 1473.276
0.660 0.07253 57.01935 1.14884 4.13583 0.35868 0.02735 0.38672 0.22725 1474.467
0.665 0.07231 57.26078 1.15015 4.14054 0.35855 0.02745 0.38638 0.22762 1475.664
0.670 0.07209 57.50403 1.15146 4.14527 0.35842 0.02756 0.38603 0.22799 1476.865
0.675 0.07186 57.74911 1.15278 4.15001 0.35829 0.02766 0.38569 0.22837 1478.073
0.680 0.07164 57.99604 1.15410 4.15476 0.35816 0.02776 0.38534 0.22874 1479.286
0.685 0.07141 58.24483 1.15542 4.15952 0.35803 0.02787 0.38499 0.22911 1480.504
0.690 0.07119 58.49551 1.15675 4.16429 0.35789 0.02798 0.38465 0.22948 1481.728
0.695 0.07097 58.74811 1.15808 4.16907 0.35776 0.02808 0.38430 0.22986 1482.957
0.700 0.07074 59.00263 1.15941 4.17387 0.35763 0.02819 0.38396 0.23023 1484.192
0.705 0.07052 59.25910 1.16074 4.17867 0.35749 0.02829 0.38361 0.23061 1485.433
0.710 0.07029 59.51754 1.16208 4.18349 0.35736 0.02840 0.38326 0.23098 1486.679
0.715 0.07006 59.77798 1.16342 4.18831 0.35722 0.02851 0.38292 0.23136 1487.932
0.720 0.06984 60.04043 1.16477 4.19315 0.35709 0.02862 0.38257 0.23173 1489.190
0.725 0.06961 60.30491 1.16611 4.19800 0.35695 0.02872 0.38222 0.23211 1490.453
0.730 0.06939 60.57146 1.16746 4.20287 0.35681 0.02883 0.38187 0.23248 1491.723
0.735 0.06916 60.84008 1.16882 4.20774 0.35668 0.02894 0.38152 0.23286 1492.999
0.740 0.06893 61.11081 1.17017 4.21262 0.35654 0.02905 0.38118 0.23323 1494.281
0.745 0.06871 61.38367 1.17153 4.21752 0.35640 0.02916 0.38083 0.23361 1495.568
0.750 0.06848 61.65868 1.17290 4.22243 0.35626 0.02927 0.38048 0.23399 1496.862
0.755 0.06825 61.93587 1.17426 4.22735 0.35612 0.02938 0.38013 0.23437 1498.162
0.760 0.06803 62.21526 1.17563 4.23228 0.35598 0.02949 0.37978 0.23474 1499.468
0.765 0.06780 62.49687 1.17701 4.23722 0.35584 0.02960 0.37943 0.23512 1500.780
0.770 0.06757 62.78073 1.17838 4.24218 0.35570 0.02971 0.37908 0.23550 1502.099
0.775 0.06734 63.06686 1.17976 4.24714 0.35556 0.02982 0.37873 0.23588 1503.424
0.780 0.06712 63.35530 1.18115 4.25212 0.35542 0.02994 0.37838 0.23626 1504.755
0.785 0.06689 63.64606 1.18253 4.25711 0.35528 0.03005 0.37803 0.23663 1506.093
0.790 0.06666 63.93918 1.18392 4.26211 0.35514 0.03016 0.37768 0.23701 1507.437
0.795 0.06643 64.23467 1.18531 4.26713 0.35500 0.03028 0.37733 0.23739 1508.788
0.800 0.06620 64.53258 1.18671 4.27215 0.35486 0.03039 0.37698 0.23777 1510.146
0.805 0.06597 64.83292 1.18811 4.27719 0.35471 0.03050 0.37663 0.23815 1511.510
0.810 0.06574 65.13572 1.18951 4.28224 0.35457 0.03062 0.37628 0.23853 1512.880
0.815 0.06551 65.44102 1.19092 4.28730 0.35442 0.03073 0.37593 0.23891 1514.258
0.820 0.06528 65.74883 1.19233 4.29238 0.35428 0.03085 0.37558 0.23929 1515.642
0.825 0.06505 66.05920 1.19374 4.29746 0.35413 0.03096 0.37523 0.23967 1517.034
0.830 0.06482 66.37215 1.19516 4.30256 0.35399 0.03108 0.37488 0.24006 1518.432
0.835 0.06459 66.68770 1.19658 4.30767 0.35384 0.03120 0.37452 0.24044 1519.837
0.840 0.06436 67.00590 1.19800 4.31279 0.35370 0.03131 0.37417 0.24082 1521.249
0.845 0.06413 67.32678 1.19942 4.31793 0.35355 0.03143 0.37382 0.24120 1522.668
0.850 0.06390 67.65035 1.20085 4.32308 0.35340 0.03155 0.37347 0.24158 1524.095
0.855 0.06367 67.97666 1.20229 4.32824 0.35326 0.03167 0.37311 0.24197 1525.529
0.860 0.06344 68.30575 1.20372 4.33341 0.35311 0.03178 0.37276 0.24235 1526.970
0.865 0.06321 68.63763 1.20516 4.33859 0.35296 0.03190 0.37241 0.24273 1528.418
0.870 0.06298 68.97235 1.20661 4.34379 0.35281 0.03202 0.37205 0.24311 1529.874
0.875 0.06275 69.30994 1.20806 4.34900 0.35266 0.03214 0.37170 0.24350 1531.337
0.880 0.06252 69.65044 1.20951 4.35422 0.35251 0.03226 0.37135 0.24388 1532.808
0.885 0.06228 69.99387 1.21096 4.35946 0.35236 0.03238 0.37099 0.24427 1534.286
0.890 0.06205 70.34029 1.21242 4.36470 0.35221 0.03250 0.37064 0.24465 1535.773
0.895 0.06182 70.68971 1.21388 4.36996 0.35206 0.03262 0.37028 0.24504 1537.266
0.900 0.06159 71.04219 1.21534 4.37524 0.35191 0.03275 0.36993 0.24542 1538.768
0.905 0.06135 71.39775 1.21681 4.38052 0.35175 0.03287 0.36957 0.24580 1540.278
0.910 0.06112 71.75644 1.21828 4.38582 0.35160 0.03299 0.36922 0.24619 1541.795
0.915 0.06089 72.11829 1.21976 4.39113 0.35145 0.03311 0.36886 0.24658 1543.321
0.920 0.06065 72.48334 1.22124 4.39646 0.35130 0.03324 0.36851 0.24696 1544.855
0.925 0.06042 72.85164 1.22272 4.40179 0.35114 0.03336 0.36815 0.24735 1546.397
0.930 0.06019 73.22322 1.22421 4.40714 0.35099 0.03348 0.36780 0.24773 1547.947
0.935 0.05995 73.59813 1.22570 4.41251 0.35083 0.03361 0.36744 0.24812 1549.505
0.940 0.05972 73.97641 1.22719 4.41788 0.35068 0.03373 0.36708 0.24851 1551.072
0.945 0.05949 74.35809 1.22869 4.42327 0.35052 0.03386 0.36673 0.24889 1552.647
0.950 0.05925 74.74323 1.23019 4.42867 0.35037 0.03398 0.36637 0.24928 1554.231
0.955 0.05902 75.13187 1.23169 4.43409 0.35021 0.03411 0.36601 0.24967 1555.824
0.960 0.05878 75.52405 1.23320 4.43952 0.35005 0.03424 0.36566 0.25006 1557.425
0.965 0.05855 75.91981 1.23471 4.44496 0.34989 0.03436 0.36530 0.25044 1559.035
0.970 0.05831 76.31921 1.23623 4.45041 0.34974 0.03449 0.36494 0.25083 1560.654
0.975 0.05808 76.72230 1.23775 4.45588 0.34958 0.03462 0.36458 0.25122 1562.282
0.980 0.05784 77.12911 1.23927 4.46137 0.34942 0.03475 0.36423 0.25161 1563.919
0.985 0.05761 77.53970 1.24079 4.46686 0.34926 0.03487 0.36387 0.25200 1565.565
0.990 0.05737 77.95411 1.24232 4.47237 0.34910 0.03500 0.36351 0.25239 1567.220
0.995 0.05714 78.37241 1.24386 4.47789 0.34894 0.03513 0.36315 0.25278 1568.884
1.000 0.05690 78.79463 1.24540 4.48343 0.34878 0.03526 0.36279 0.25317 1570.558
1.005 0.05666 79.22083 1.24694 4.48898 0.34862 0.03539 0.36243 0.25356 1572.242
1.010 0.05643 79.65107 1.24848 4.49454 0.34846 0.03552 0.36207 0.25394 1573.935
1.015 0.05619 80.08539 1.25003 4.50012 0.34829 0.03565 0.36172 0.25433 1575.637
1.020 0.05595 80.52386 1.25159 4.50571 0.34813 0.03579 0.36136 0.25473 1577.350
1.025 0.05572 80.96652 1.25314 4.51131 0.34797 0.03592 0.36100 0.25512 1579.072
1.030 0.05548 81.41344 1.25470 4.51693 0.34781 0.03605 0.36064 0.25551 1580.804
1.035 0.05524 81.86467 1.25627 4.52256 0.34764 0.03618 0.36028 0.25590 1582.546
1.040 0.05501 82.32027 1.25784 4.52821 0.34748 0.03632 0.35992 0.25629 1584.299
1.045 0.05477 82.78030 1.25941 4.53387 0.34731 0.03645 0.35956 0.25668 1586.061
1.050 0.05453 83.24482 1.26098 4.53955 0.34715 0.03659 0.35920 0.25707 1587.834
1.055 0.05429 83.71389 1.26256 4.54523 0.34698 0.03672 0.35883 0.25746 1589.617
1.060 0.05406 84.18758 1.26415 4.55094 0.34682 0.03685 0.35847 0.25786 1591.411
1.065 0.05382 84.66595 1.26574 4.55665 0.34665 0.03699 0.35811 0.25825 1593.216
1.070 0.05358 85.14906 1.26733 4.56238 0.34648 0.03713 0.35775 0.25864 1595.031
1.075 0.05334 85.63699 1.26892 4.56813 0.34632 0.03726 0.35739 0.25903 1596.857
1.080 0.05310 86.12979 1.27052 4.57389 0.34615 0.03740 0.35703 0.25942 1598.694
1.085 0.05287 86.62754 1.27213 4.57966 0.34598 0.03754 0.35667 0.25982 1600.542
1.090 0.05263 87.13030 1.27374 4.58545 0.34581 0.03767 0.35630 0.26021 1602.402
1.095 0.05239 87.63815 1.27535 4.59125 0.34564 0.03781 0.35594 0.26060 1604.272
1.100 0.05215 88.15117 1.27696 4.59707 0.34547 0.03795 0.35558 0.26100 1606.155
1.105 0.05191 88.66941 1.27858 4.60290 0.34530 0.03809 0.35522 0.26139 1608.048
1.110 0.05167 89.19297 1.28021 4.60875 0.34513 0.03823 0.35485 0.26179 1609.954
1.115 0.05143 89.72191 1.28183 4.61461 0.34496 0.03837 0.35449 0.26218 1611.871
1.120 0.05119 90.25632 1.28347 4.62048 0.34479 0.03851 0.35413 0.26257 1613.800
1.125 0.05095 90.79627 1.28510 4.62637 0.34462 0.03865 0.35377 0.26297 1615.741
1.130 0.05071 91.34184 1.28674 4.63228 0.34444 0.03879 0.35340 0.26336 1617.694
1.135 0.05047 91.89312 1.28839 4.63820 0.34427 0.03893 0.35304 0.26376 1619.659
1.140 0.05023 92.45019 1.29004 4.64413 0.34410 0.03908 0.35267 0.26415 1621.637
1.145 0.04999 93.01313 1.29169 4.65008 0.34392 0.03922 0.35231 0.26455 1623.628
1.150 0.04975 93.58204 1.29335 4.65604 0.34375 0.03936 0.35195 0.26494 1625.631
1.155 0.04951 94.15700 1.29501 4.66202 0.34357 0.03951 0.35158 0.26534 1627.647
1.160 0.04927 94.73810 1.29667 4.66802 0.34340 0.03965 0.35122 0.26573 1629.676
1.165 0.04903 95.32544 1.29834 4.67403 0.34322 0.03979 0.35085 0.26613 1631.718
1.170 0.04879 95.91911 1.30001 4.68005 0.34305 0.03994 0.35049 0.26653 1633.773
1.175 0.04855 96.51920 1.30169 4.68609 0.34287 0.04008 0.35012 0.26692 1635.841
1.180 0.04831 97.12581 1.30337 4.69215 0.34269 0.04023 0.34976 0.26732 1637.924
1.185 0.04807 97.73904 1.30506 4.69822 0.34252 0.04038 0.34939 0.26771 1640.019
1.190 0.04783 98.35900 1.30675 4.70430 0.34234 0.04052 0.34903 0.26811 1642.129
1.195 0.04759 98.98579 1.30845 4.71040 0.34216 0.04067 0.34866 0.26851 1644.253
1.200 0.04735 99.61950 1.31014 4.71652 0.34198 0.04082 0.34829 0.26891 1646.390
1.205 0.04710 100.26026 1.31185 4.72265 0.34180 0.04097 0.34793 0.26930 1648.543
1.210 0.04686 100.90817 1.31356 4.72880 0.34162 0.04112 0.34756 0.26970 1650.709
1.215 0.04662 101.56334 1.31527 4.73496 0.34144 0.04127 0.34720 0.27010 1652.890
1.220 0.04638 102.22589 1.31698 4.74114 0.34126 0.04141 0.34683 0.27049 1655.086
1.225 0.04614 102.89593 1.31870 4.74734 0.34108 0.04156 0.34646 0.27089 1657.297
1.230 0.04590 103.57358 1.32043 4.75355 0.34090 0.04172 0.34609 0.27129 1659.523
1.235 0.04565 104.25897 1.32216 4.75977 0.34072 0.04187 0.34573 0.27169 1661.764
1.240 0.04541 104.95222 1.32389 4.76602 0.34053 0.04202 0.34536 0.27209 1664.021
1.245 0.04517 105.65345 1.32563 4.77227 0.34035 0.04217 0.34499 0.27248 1666.293
1.250 0.04493 106.36279 1.32737 4.77855 0.34017 0.04232 0.34463 0.27288 1668.582
1.255 0.04468 107.08038 1.32912 4.78484 0.33998 0.04248 0.34426 0.27328 1670.886
1.260 0.04444 107.80635 1.33087 4.79114 0.33980 0.04263 0.34389 0.27368 1673.206
1.265 0.04420 108.54084 1.33263 4.79747 0.33962 0.04278 0.34352 0.27408 1675.543
1.270 0.04396 109.28398 1.33439 4.80380 0.33943 0.04294 0.34315 0.27448 1677.897
1.275 0.04371 110.03593 1.33616 4.81016 0.33925 0.04309 0.34278 0.27488 1680.267
1.280 0.04347 110.79682 1.33792 4.81653 0.33906 0.04325 0.34242 0.27528 1682.654
1.285 0.04323 111.56681 1.33970 4.82292 0.33887 0.04340 0.34205 0.27568 1685.059
1.290 0.04299 112.34604 1.34148 4.82932 0.33869 0.04356 0.34168 0.27608 1687.481
1.295 0.04274 113.13468 1.34326 4.83574 0.33850 0.04372 0.34131 0.27648 1689.920
1.300 0.04250 113.93289 1.34505 4.84218 0.33831 0.04388 0.34094 0.27688 1692.378
1.305 0.04226 114.74082 1.34684 4.84863 0.33812 0.04403 0.34057 0.27727 1694.853
1.310 0.04201 115.55865 1.34864 4.85510 0.33793 0.04419 0.34020 0.27767 1697.347
1.315 0.04177 116.38653 1.35044 4.86159 0.33774 0.04435 0.33983 0.27808 1699.859
1.320 0.04153 117.22466 1.35225 4.86809 0.33755 0.04451 0.33946 0.27848 1702.390
1.325 0.04128 118.07320 1.35406 4.87461 0.33736 0.04467 0.33909 0.27888 1704.940
1.330 0.04104 118.93233 1.35587 4.88115 0.33717 0.04483 0.33872 0.27928 1707.509
1.335 0.04080 119.80224 1.35769 4.88770 0.33698 0.04499 0.33835 0.27968 1710.097
1.340 0.04055 120.68313 1.35952 4.89427 0.33679 0.04515 0.33798 0.28008 1712.706
1.345 0.04031 121.57518 1.36135 4.90086 0.33660 0.04531 0.33761 0.28048 1715.334
1.350 0.04007 122.47859 1.36318 4.90746 0.33641 0.04548 0.33724 0.28088 1717.982
1.355 0.03982 123.39356 1.36502 4.91408 0.33621 0.04564 0.33687 0.28128 1720.651
1.360 0.03958 124.32031 1.36687 4.92072 0.33602 0.04580 0.33650 0.28168 1723.340
1.365 0.03934 125.25905 1.36872 4.92738 0.33583 0.04597 0.33612 0.28208 1726.051
1.370 0.03909 126.20998 1.37057 4.93405 0.33563 0.04613 0.33575 0.28248 1728.783
1.375 0.03885 127.17335 1.37243 4.94074 0.33544 0.04630 0.33538 0.28288 1731.536
1.380 0.03861 128.14936 1.37429 4.94745 0.33524 0.04646 0.33501 0.28329 1734.311
1.385 0.03836 129.13825 1.37616 4.95418 0.33505 0.04663 0.33464 0.28369 1737.109
1.390 0.03812 130.14027 1.37803 4.96092 0.33485 0.04679 0.33426 0.28409 1739.929
1.395 0.03788 131.15566 1.37991 4.96768 0.33465 0.04696 0.33389 0.28449 1742.771
1.400 0.03763 132.18466 1.38179 4.97446 0.33446 0.04713 0.33352 0.28489 1745.636
1.405 0.03739 133.22754 1.38368 4.98126 0.33426 0.04730 0.33315 0.28529 1748.525
1.410 0.03715 134.28454 1.38558 4.98807 0.33406 0.04747 0.33277 0.28570 1751.438
1.415 0.03690 135.35595 1.38747 4.99490 0.33386 0.04764 0.33240 0.28610 1754.374
1.420 0.03666 136.44204 1.38938 5.00175 0.33367 0.04780 0.33203 0.28650 1757.335
1.425 0.03641 137.54308 1.39128 5.00862 0.33347 0.04797 0.33166 0.28690 1760.321
1.430 0.03617 138.65937 1.39320 5.01551 0.33327 0.04815 0.33128 0.28731 1763.331
1.435 0.03593 139.79120 1.39511 5.02241 0.33307 0.04832 0.33091 0.28771 1766.367
1.440 0.03568 140.93887 1.39704 5.02933 0.33287 0.04849 0.33053 0.28811 1769.428
1.445 0.03544 142.10270 1.39896 5.03627 0.33267 0.04866 0.33016 0.28851 1772.516
1.450 0.03520 143.28300 1.40090 5.04323 0.33246 0.04883 0.32979 0.28892 1775.630
1.455 0.03495 144.48010 1.40284 5.05021 0.33226 0.04901 0.32941 0.28932 1778.770
1.460 0.03471 145.69433 1.40478 5.05720 0.33206 0.04918 0.32904 0.28972 1781.938
1.465 0.03447 146.92603 1.40673 5.06421 0.33186 0.04936 0.32866 0.29012 1785.134
1.470 0.03422 148.17557 1.40868 5.07125 0.33165 0.04953 0.32829 0.29053 1788.357
1.475 0.03398 149.44329 1.41064 5.07830 0.33145 0.04971 0.32792 0.29093 1791.609
1.480 0.03374 150.72956 1.41260 5.08537 0.33125 0.04988 0.32754 0.29133 1794.890
1.485 0.03350 152.03478 1.41457 5.09245 0.33104 0.05006 0.32717 0.29174 1798.200
1.490 0.03325 153.35932 1.41654 5.09956 0.33084 0.05023 0.32679 0.29214 1801.540
1.495 0.03301 154.70359 1.41852 5.10668 0.33063 0.05041 0.32642 0.29254 1804.909
1.500 0.03277 156.06799 1.42051 5.11383 0.33042 0.05059 0.32604 0.29294 1808.310
1.505 0.03252 157.45296 1.42250 5.12099 0.33022 0.05077 0.32566 0.29335 1811.741
1.510 0.03228 158.85891 1.42449 5.12817 0.33001 0.05095 0.32529 0.29375 1815.204
1.515 0.03204 160.28631 1.42649 5.13537 0.32980 0.05113 0.32491 0.29415 1818.699
1.520 0.03180 161.73559 1.42850 5.14259 0.32960 0.05131 0.32454 0.29456 1822.226
1.525 0.03155 163.20724 1.43051 5.14983 0.32939 0.05149 0.32416 0.29496 1825.787
1.530 0.03131 164.70172 1.43253 5.15709 0.32918 0.05167 0.32379 0.29536 1829.381
