timeGa Urey Qt heat/H0 heatTW 1HPE 2HPE 3HPE 4HPE TempC
0.005 0.10004 36.00000 1.00038 3.60136 0.37215 0.01647 0.42994 0.18143 1350.730
0.010 0.09988 36.09147 1.00136 3.60489 0.37207 0.01654 0.42963 0.18176 1351.462
0.015 0.09973 36.18334 1.00234 3.60843 0.37199 0.01661 0.42931 0.18209 1352.195
0.020 0.09957 36.27562 1.00333 3.61198 0.37192 0.01667 0.42900 0.18241 1352.931
0.025 0.09941 36.36832 1.00431 3.61553 0.37184 0.01674 0.42868 0.18274 1353.669
0.030 0.09926 36.46143 1.00530 3.61909 0.37176 0.01680 0.42837 0.18307 1354.409
0.035 0.09910 36.55496 1.00629 3.62266 0.37168 0.01687 0.42805 0.18340 1355.151
0.040 0.09895 36.64891 1.00729 3.62624 0.37161 0.01694 0.42773 0.18372 1355.894
0.045 0.09879 36.74328 1.00828 3.62982 0.37153 0.01700 0.42742 0.18405 1356.640
0.050 0.09863 36.83808 1.00928 3.63341 0.37145 0.01707 0.42710 0.18438 1357.388
0.055 0.09848 36.93330 1.01028 3.63701 0.37137 0.01714 0.42678 0.18471 1358.138
0.060 0.09832 37.02896 1.01128 3.64062 0.37129 0.01720 0.42647 0.18504 1358.890
0.065 0.09816 37.12506 1.01229 3.64423 0.37121 0.01727 0.42615 0.18537 1359.645
0.070 0.09800 37.22158 1.01329 3.64785 0.37113 0.01734 0.42583 0.18570 1360.401
0.075 0.09785 37.31855 1.01430 3.65148 0.37104 0.01741 0.42551 0.18603 1361.159
0.080 0.09769 37.41597 1.01531 3.65512 0.37096 0.01748 0.42520 0.18636 1361.920
0.085 0.09753 37.51382 1.01632 3.65876 0.37088 0.01755 0.42488 0.18670 1362.682
0.090 0.09737 37.61213 1.01734 3.66241 0.37080 0.01761 0.42456 0.18703 1363.447
0.095 0.09722 37.71088 1.01835 3.66607 0.37071 0.01768 0.42424 0.18736 1364.214
0.100 0.09706 37.81009 1.01937 3.66974 0.37063 0.01775 0.42392 0.18769 1364.983
0.105 0.09690 37.90976 1.02039 3.67341 0.37055 0.01782 0.42360 0.18803 1365.754
0.110 0.09674 38.00989 1.02142 3.67710 0.37046 0.01789 0.42328 0.18836 1366.528
0.115 0.09658 38.11048 1.02244 3.68079 0.37038 0.01796 0.42296 0.18869 1367.303
0.120 0.09642 38.21153 1.02347 3.68449 0.37029 0.01803 0.42264 0.18903 1368.081
0.125 0.09626 38.31305 1.02450 3.68819 0.37021 0.01811 0.42232 0.18936 1368.861
0.130 0.09611 38.41505 1.02553 3.69191 0.37012 0.01818 0.42200 0.18970 1369.643
0.135 0.09595 38.51752 1.02656 3.69563 0.37004 0.01825 0.42168 0.19003 1370.427
0.140 0.09579 38.62047 1.02760 3.69936 0.36995 0.01832 0.42136 0.19037 1371.214
0.145 0.09563 38.72390 1.02864 3.70310 0.36986 0.01839 0.42104 0.19071 1372.003
0.150 0.09547 38.82782 1.02968 3.70685 0.36978 0.01846 0.42072 0.19104 1372.794
0.155 0.09531 38.93222 1.03072 3.71060 0.36969 0.01854 0.42040 0.19138 1373.587
0.160 0.09515 39.03711 1.03177 3.71436 0.36960 0.01861 0.42007 0.19172 1374.383
0.165 0.09499 39.14250 1.03281 3.71813 0.36951 0.01868 0.41975 0.19206 1375.181
0.170 0.09483 39.24839 1.03386 3.72191 0.36942 0.01875 0.41943 0.19239 1375.981
0.175 0.09467 39.35477 1.03492 3.72570 0.36933 0.01883 0.41911 0.19273 1376.784
0.180 0.09451 39.46166 1.03597 3.72949 0.36924 0.01890 0.41878 0.19307 1377.589
0.185 0.09435 39.56906 1.03703 3.73330 0.36915 0.01898 0.41846 0.19341 1378.396
0.190 0.09419 39.67696 1.03809 3.73711 0.36906 0.01905 0.41814 0.19375 1379.205
0.195 0.09403 39.78539 1.03915 3.74093 0.36897 0.01912 0.41781 0.19409 1380.017
0.200 0.09387 39.89433 1.04021 3.74476 0.36888 0.01920 0.41749 0.19443 1380.832
0.205 0.09371 40.00379 1.04128 3.74859 0.36879 0.01927 0.41717 0.19477 1381.648
0.210 0.09354 40.11377 1.04234 3.75244 0.36870 0.01935 0.41684 0.19511 1382.467
0.215 0.09338 40.22428 1.04341 3.75629 0.36860 0.01942 0.41652 0.19545 1383.289
0.220 0.09322 40.33533 1.04449 3.76015 0.36851 0.01950 0.41619 0.19580 1384.113
0.225 0.09306 40.44691 1.04556 3.76402 0.36842 0.01958 0.41587 0.19614 1384.939
0.230 0.09290 40.55903 1.04664 3.76790 0.36832 0.01965 0.41554 0.19648 1385.768
0.235 0.09274 40.67169 1.04772 3.77179 0.36823 0.01973 0.41522 0.19682 1386.599
0.240 0.09258 40.78489 1.04880 3.77568 0.36813 0.01981 0.41489 0.19717 1387.433
0.245 0.09241 40.89865 1.04988 3.77958 0.36804 0.01988 0.41457 0.19751 1388.269
0.250 0.09225 41.01296 1.05097 3.78350 0.36794 0.01996 0.41424 0.19785 1389.107
0.255 0.09209 41.12783 1.05206 3.78742 0.36785 0.02004 0.41391 0.19820 1389.949
0.260 0.09193 41.24326 1.05315 3.79134 0.36775 0.02012 0.41359 0.19854 1390.792
0.265 0.09176 41.35926 1.05424 3.79528 0.36765 0.02020 0.41326 0.19889 1391.638
0.270 0.09160 41.47582 1.05534 3.79923 0.36756 0.02027 0.41293 0.19923 1392.487
0.275 0.09144 41.59296 1.05644 3.80318 0.36746 0.02035 0.41261 0.19958 1393.338
0.280 0.09128 41.71067 1.05754 3.80715 0.36736 0.02043 0.41228 0.19993 1394.192
0.285 0.09111 41.82896 1.05864 3.81112 0.36726 0.02051 0.41195 0.20027 1395.048
0.290 0.09095 41.94784 1.05975 3.81510 0.36716 0.02059 0.41162 0.20062 1395.907
0.295 0.09079 42.06731 1.06086 3.81909 0.36707 0.02067 0.41129 0.20097 1396.769
0.300 0.09062 42.18737 1.06197 3.82309 0.36697 0.02075 0.41097 0.20132 1397.633
0.305 0.09046 42.30803 1.06308 3.82709 0.36687 0.02083 0.41064 0.20166 1398.500
0.310 0.09029 42.42929 1.06420 3.83111 0.36677 0.02091 0.41031 0.20201 1399.369
0.315 0.09013 42.55116 1.06532 3.83513 0.36666 0.02100 0.40998 0.20236 1400.242
0.320 0.08997 42.67363 1.06644 3.83917 0.36656 0.02108 0.40965 0.20271 1401.116
0.325 0.08980 42.79672 1.06756 3.84321 0.36646 0.02116 0.40932 0.20306 1401.994
0.330 0.08964 42.92043 1.06868 3.84726 0.36636 0.02124 0.40899 0.20341 1402.874
0.335 0.08947 43.04476 1.06981 3.85132 0.36626 0.02132 0.40866 0.20376 1403.757
0.340 0.08931 43.16972 1.07094 3.85539 0.36615 0.02141 0.40833 0.20411 1404.642
0.345 0.08914 43.29531 1.07207 3.85947 0.36605 0.02149 0.40800 0.20446 1405.531
0.350 0.08898 43.42153 1.07321 3.86356 0.36595 0.02157 0.40767 0.20481 1406.422
0.355 0.08881 43.54840 1.07435 3.86765 0.36584 0.02166 0.40734 0.20516 1407.316
0.360 0.08865 43.67591 1.07549 3.87176 0.36574 0.02174 0.40701 0.20552 1408.212
0.365 0.08848 43.80407 1.07663 3.87587 0.36563 0.02182 0.40668 0.20587 1409.112
0.370 0.08832 43.93289 1.07778 3.88000 0.36553 0.02191 0.40634 0.20622 1410.014
0.375 0.08815 44.06236 1.07893 3.88413 0.36542 0.02199 0.40601 0.20657 1410.919
0.380 0.08798 44.19250 1.08008 3.88827 0.36532 0.02208 0.40568 0.20693 1411.827
0.385 0.08782 44.32331 1.08123 3.89242 0.36521 0.02216 0.40535 0.20728 1412.738
0.390 0.08765 44.45479 1.08238 3.89658 0.36510 0.02225 0.40501 0.20763 1413.651
0.395 0.08749 44.58695 1.08354 3.90075 0.36499 0.02233 0.40468 0.20799 1414.568
0.400 0.08732 44.71979 1.08470 3.90493 0.36489 0.02242 0.40435 0.20834 1415.487
0.405 0.08715 44.85332 1.08587 3.90912 0.36478 0.02251 0.40402 0.20870 1416.409
0.410 0.08699 44.98754 1.08703 3.91332 0.36467 0.02259 0.40368 0.20905 1417.335
0.415 0.08682 45.12247 1.08820 3.91753 0.36456 0.02268 0.40335 0.20941 1418.263
0.420 0.08665 45.25809 1.08937 3.92174 0.36445 0.02277 0.40301 0.20977 1419.194
0.425 0.08649 45.39442 1.09055 3.92597 0.36434 0.02286 0.40268 0.21012 1420.128
0.430 0.08632 45.53147 1.09172 3.93021 0.36423 0.02294 0.40235 0.21048 1421.065
0.435 0.08615 45.66924 1.09290 3.93445 0.36412 0.02303 0.40201 0.21084 1422.005
0.440 0.08598 45.80773 1.09409 3.93871 0.36401 0.02312 0.40168 0.21119 1422.948
0.445 0.08582 45.94695 1.09527 3.94297 0.36390 0.02321 0.40134 0.21155 1423.894
0.450 0.08565 46.08690 1.09646 3.94724 0.36378 0.02330 0.40101 0.21191 1424.844
0.455 0.08548 46.22760 1.09765 3.95153 0.36367 0.02339 0.40067 0.21227 1425.796
0.460 0.08531 46.36904 1.09884 3.95582 0.36356 0.02348 0.40033 0.21263 1426.751
0.465 0.08514 46.51123 1.10003 3.96012 0.36344 0.02357 0.40000 0.21299 1427.710
0.470 0.08497 46.65418 1.10123 3.96444 0.36333 0.02366 0.39966 0.21335 1428.671
0.475 0.08481 46.79789 1.10243 3.96876 0.36322 0.02375 0.39933 0.21371 1429.636
0.480 0.08464 46.94237 1.10364 3.97309 0.36310 0.02384 0.39899 0.21407 1430.604
0.485 0.08447 47.08762 1.10484 3.97743 0.36299 0.02393 0.39865 0.21443 1431.575
0.490 0.08430 47.23366 1.10605 3.98179 0.36287 0.02403 0.39832 0.21479 1432.549
0.495 0.08413 47.38047 1.10726 3.98615 0.36275 0.02412 0.39798 0.21515 1433.527
0.500 0.08396 47.52809 1.10848 3.99052 0.36264 0.02421 0.39764 0.21551 1434.508
0.505 0.08379 47.67649 1.10969 3.99490 0.36252 0.02430 0.39730 0.21587 1435.492
0.510 0.08362 47.82571 1.11091 3.99929 0.36240 0.02440 0.39696 0.21623 1436.479
0.515 0.08345 47.97573 1.11214 4.00369 0.36229 0.02449 0.39663 0.21660 1437.469
0.520 0.08328 48.12657 1.11336 4.00810 0.36217 0.02458 0.39629 0.21696 1438.463
0.525 0.08311 48.27823 1.11459 4.01253 0.36205 0.02468 0.39595 0.21732 1439.460
0.530 0.08294 48.43072 1.11582 4.01696 0.36193 0.02477 0.39561 0.21769 1440.461
0.535 0.08277 48.58404 1.11706 4.02140 0.36181 0.02487 0.39527 0.21805 1441.465
0.540 0.08260 48.73820 1.11829 4.02585 0.36169 0.02496 0.39493 0.21841 1442.472
0.545 0.08243 48.89322 1.11953 4.03031 0.36157 0.02506 0.39459 0.21878 1443.482
0.550 0.08226 49.04908 1.12077 4.03479 0.36145 0.02515 0.39425 0.21914 1444.496
0.555 0.08209 49.20581 1.12202 4.03927 0.36133 0.02525 0.39391 0.21951 1445.514
0.560 0.08192 49.36340 1.12327 4.04376 0.36121 0.02535 0.39357 0.21987 1446.535
0.565 0.08175 49.52187 1.12452 4.04826 0.36109 0.02544 0.39323 0.22024 1447.559
0.570 0.08158 49.68122 1.12577 4.05278 0.36096 0.02554 0.39289 0.22061 1448.587
0.575 0.08140 49.84146 1.12703 4.05730 0.36084 0.02564 0.39255 0.22097 1449.618
0.580 0.08123 50.00259 1.12829 4.06184 0.36072 0.02574 0.39221 0.22134 1450.653
0.585 0.08106 50.16462 1.12955 4.06638 0.36059 0.02583 0.39187 0.22171 1451.691
0.590 0.08089 50.32756 1.13082 4.07094 0.36047 0.02593 0.39153 0.22207 1452.733
0.595 0.08072 50.49142 1.13208 4.07550 0.36034 0.02603 0.39118 0.22244 1453.779
0.600 0.08054 50.65620 1.13335 4.08008 0.36022 0.02613 0.39084 0.22281 1454.828
0.605 0.08037 50.82191 1.13463 4.08466 0.36009 0.02623 0.39050 0.22318 1455.881
0.610 0.08020 50.98856 1.13591 4.08926 0.35997 0.02633 0.39016 0.22355 1456.937
0.615 0.08003 51.15616 1.13719 4.09387 0.35984 0.02643 0.38981 0.22391 1457.997
0.620 0.07985 51.32470 1.13847 4.09849 0.35971 0.02653 0.38947 0.22428 1459.061
0.625 0.07968 51.49421 1.13976 4.10312 0.35959 0.02663 0.38913 0.22465 1460.129
0.630 0.07951 51.66469 1.14104 4.10776 0.35946 0.02673 0.38879 0.22502 1461.200
0.635 0.07933 51.83614 1.14234 4.11241 0.35933 0.02683 0.38844 0.22539 1462.275
0.640 0.07916 52.00857 1.14363 4.11707 0.35920 0.02694 0.38810 0.22576 1463.354
0.645 0.07899 52.18200 1.14493 4.12174 0.35907 0.02704 0.38775 0.22613 1464.436
0.650 0.07881 52.35642 1.14623 4.12643 0.35894 0.02714 0.38741 0.22651 1465.523
0.655 0.07864 52.53185 1.14753 4.13112 0.35881 0.02724 0.38707 0.22688 1466.613
0.660 0.07847 52.70830 1.14884 4.13583 0.35868 0.02735 0.38672 0.22725 1467.707
0.665 0.07829 52.88577 1.15015 4.14054 0.35855 0.02745 0.38638 0.22762 1468.805
0.670 0.07812 53.06427 1.15146 4.14527 0.35842 0.02756 0.38603 0.22799 1469.907
0.675 0.07794 53.24381 1.15278 4.15001 0.35829 0.02766 0.38569 0.22837 1471.013
0.680 0.07777 53.42440 1.15410 4.15476 0.35816 0.02776 0.38534 0.22874 1472.123
0.685 0.07759 53.60605 1.15542 4.15952 0.35803 0.02787 0.38499 0.22911 1473.237
0.690 0.07742 53.78877 1.15675 4.16429 0.35789 0.02798 0.38465 0.22948 1474.354
0.695 0.07724 53.97256 1.15808 4.16907 0.35776 0.02808 0.38430 0.22986 1475.476
0.700 0.07707 54.15743 1.15941 4.17387 0.35763 0.02819 0.38396 0.23023 1476.602
0.705 0.07689 54.34340 1.16074 4.17867 0.35749 0.02829 0.38361 0.23061 1477.732
0.710 0.07672 54.53047 1.16208 4.18349 0.35736 0.02840 0.38326 0.23098 1478.866
0.715 0.07654 54.71864 1.16342 4.18831 0.35722 0.02851 0.38292 0.23136 1480.004
0.720 0.07637 54.90794 1.16477 4.19315 0.35709 0.02862 0.38257 0.23173 1481.147
0.725 0.07619 55.09837 1.16611 4.19800 0.35695 0.02872 0.38222 0.23211 1482.293
0.730 0.07602 55.28994 1.16746 4.20287 0.35681 0.02883 0.38187 0.23248 1483.444
0.735 0.07584 55.48265 1.16882 4.20774 0.35668 0.02894 0.38152 0.23286 1484.599
0.740 0.07566 55.67652 1.17017 4.21262 0.35654 0.02905 0.38118 0.23323 1485.758
0.745 0.07549 55.87156 1.17153 4.21752 0.35640 0.02916 0.38083 0.23361 1486.922
0.750 0.07531 56.06778 1.17290 4.22243 0.35626 0.02927 0.38048 0.23399 1488.090
0.755 0.07513 56.26518 1.17426 4.22735 0.35612 0.02938 0.38013 0.23437 1489.262
0.760 0.07496 56.46378 1.17563 4.23228 0.35598 0.02949 0.37978 0.23474 1490.439
0.765 0.07478 56.66359 1.17701 4.23722 0.35584 0.02960 0.37943 0.23512 1491.620
0.770 0.07460 56.86462 1.17838 4.24218 0.35570 0.02971 0.37908 0.23550 1492.805
0.775 0.07442 57.06687 1.17976 4.24714 0.35556 0.02982 0.37873 0.23588 1493.995
0.780 0.07425 57.27036 1.18115 4.25212 0.35542 0.02994 0.37838 0.23626 1495.189
0.785 0.07407 57.47511 1.18253 4.25711 0.35528 0.03005 0.37803 0.23663 1496.388
0.790 0.07389 57.68111 1.18392 4.26211 0.35514 0.03016 0.37768 0.23701 1497.591
0.795 0.07371 57.88838 1.18531 4.26713 0.35500 0.03028 0.37733 0.23739 1498.799
0.800 0.07353 58.09693 1.18671 4.27215 0.35486 0.03039 0.37698 0.23777 1500.011
0.805 0.07336 58.30678 1.18811 4.27719 0.35471 0.03050 0.37663 0.23815 1501.228
0.810 0.07318 58.51793 1.18951 4.28224 0.35457 0.03062 0.37628 0.23853 1502.450
0.815 0.07300 58.73040 1.19092 4.28730 0.35442 0.03073 0.37593 0.23891 1503.676
0.820 0.07282 58.94419 1.19233 4.29238 0.35428 0.03085 0.37558 0.23929 1504.908
0.825 0.07264 59.15932 1.19374 4.29746 0.35413 0.03096 0.37523 0.23967 1506.143
0.830 0.07246 59.37580 1.19516 4.30256 0.35399 0.03108 0.37488 0.24006 1507.384
0.835 0.07228 59.59364 1.19658 4.30767 0.35384 0.03120 0.37452 0.24044 1508.629
0.840 0.07210 59.81285 1.19800 4.31279 0.35370 0.03131 0.37417 0.24082 1509.879
0.845 0.07193 60.03345 1.19942 4.31793 0.35355 0.03143 0.37382 0.24120 1511.134
0.850 0.07175 60.25545 1.20085 4.32308 0.35340 0.03155 0.37347 0.24158 1512.394
0.855 0.07157 60.47886 1.20229 4.32824 0.35326 0.03167 0.37311 0.24197 1513.659
0.860 0.07139 60.70369 1.20372 4.33341 0.35311 0.03178 0.37276 0.24235 1514.929
0.865 0.07121 60.92996 1.20516 4.33859 0.35296 0.03190 0.37241 0.24273 1516.204
0.870 0.07103 61.15767 1.20661 4.34379 0.35281 0.03202 0.37205 0.24311 1517.484
0.875 0.07085 61.38685 1.20806 4.34900 0.35266 0.03214 0.37170 0.24350 1518.768
0.880 0.07067 61.61750 1.20951 4.35422 0.35251 0.03226 0.37135 0.24388 1520.058
0.885 0.07048 61.84964 1.21096 4.35946 0.35236 0.03238 0.37099 0.24427 1521.353
0.890 0.07030 62.08328 1.21242 4.36470 0.35221 0.03250 0.37064 0.24465 1522.653
0.895 0.07012 62.31843 1.21388 4.36996 0.35206 0.03262 0.37028 0.24504 1523.959
0.900 0.06994 62.55511 1.21534 4.37524 0.35191 0.03275 0.36993 0.24542 1525.269
0.905 0.06976 62.79333 1.21681 4.38052 0.35175 0.03287 0.36957 0.24580 1526.585
0.910 0.06958 63.03311 1.21828 4.38582 0.35160 0.03299 0.36922 0.24619 1527.906
0.915 0.06940 63.27446 1.21976 4.39113 0.35145 0.03311 0.36886 0.24658 1529.233
0.920 0.06922 63.51739 1.22124 4.39646 0.35130 0.03324 0.36851 0.24696 1530.564
0.925 0.06903 63.76192 1.22272 4.40179 0.35114 0.03336 0.36815 0.24735 1531.901
0.930 0.06885 64.00806 1.22421 4.40714 0.35099 0.03348 0.36780 0.24773 1533.244
0.935 0.06867 64.25584 1.22570 4.41251 0.35083 0.03361 0.36744 0.24812 1534.592
0.940 0.06849 64.50525 1.22719 4.41788 0.35068 0.03373 0.36708 0.24851 1535.945
0.945 0.06831 64.75633 1.22869 4.42327 0.35052 0.03386 0.36673 0.24889 1537.305
0.950 0.06812 65.00907 1.23019 4.42867 0.35037 0.03398 0.36637 0.24928 1538.669
0.955 0.06794 65.26351 1.23169 4.43409 0.35021 0.03411 0.36601 0.24967 1540.039
0.960 0.06776 65.51965 1.23320 4.43952 0.35005 0.03424 0.36566 0.25006 1541.415
0.965 0.06758 65.77752 1.23471 4.44496 0.34989 0.03436 0.36530 0.25044 1542.797
0.970 0.06739 66.03712 1.23623 4.45041 0.34974 0.03449 0.36494 0.25083 1544.184
0.975 0.06721 66.29847 1.23775 4.45588 0.34958 0.03462 0.36458 0.25122 1545.577
0.980 0.06703 66.56160 1.23927 4.46137 0.34942 0.03475 0.36423 0.25161 1546.976
0.985 0.06684 66.82651 1.24079 4.46686 0.34926 0.03487 0.36387 0.25200 1548.381
0.990 0.06666 67.09322 1.24232 4.47237 0.34910 0.03500 0.36351 0.25239 1549.791
0.995 0.06648 67.36176 1.24386 4.47789 0.34894 0.03513 0.36315 0.25278 1551.208
1.000 0.06629 67.63213 1.24540 4.48343 0.34878 0.03526 0.36279 0.25317 1552.630
1.005 0.06611 67.90436 1.24694 4.48898 0.34862 0.03539 0.36243 0.25356 1554.059
1.010 0.06592 68.17846 1.24848 4.49454 0.34846 0.03552 0.36207 0.25394 1555.493
1.015 0.06574 68.45445 1.25003 4.50012 0.34829 0.03565 0.36172 0.25433 1556.934
1.020 0.06555 68.73235 1.25159 4.50571 0.34813 0.03579 0.36136 0.25473 1558.381
1.025 0.06537 69.01218 1.25314 4.51131 0.34797 0.03592 0.36100 0.25512 1559.834
1.030 0.06519 69.29396 1.25470 4.51693 0.34781 0.03605 0.36064 0.25551 1561.293
1.035 0.06500 69.57770 1.25627 4.52256 0.34764 0.03618 0.36028 0.25590 1562.758
1.040 0.06482 69.86342 1.25784 4.52821 0.34748 0.03632 0.35992 0.25629 1564.230
1.045 0.06463 70.15115 1.25941 4.53387 0.34731 0.03645 0.35956 0.25668 1565.708
1.050 0.06444 70.44090 1.26098 4.53955 0.34715 0.03659 0.35920 0.25707 1567.192
1.055 0.06426 70.73270 1.26256 4.54523 0.34698 0.03672 0.35883 0.25746 1568.683
1.060 0.06407 71.02655 1.26415 4.55094 0.34682 0.03685 0.35847 0.25786 1570.181
1.065 0.06389 71.32249 1.26574 4.55665 0.34665 0.03699 0.35811 0.25825 1571.685
1.070 0.06370 71.62054 1.26733 4.56238 0.34648 0.03713 0.35775 0.25864 1573.195
1.075 0.06352 71.92071 1.26892 4.56813 0.34632 0.03726 0.35739 0.25903 1574.712
1.080 0.06333 72.22302 1.27052 4.57389 0.34615 0.03740 0.35703 0.25942 1576.236
1.085 0.06314 72.52750 1.27213 4.57966 0.34598 0.03754 0.35667 0.25982 1577.767
1.090 0.06296 72.83417 1.27374 4.58545 0.34581 0.03767 0.35630 0.26021 1579.304
1.095 0.06277 73.14305 1.27535 4.59125 0.34564 0.03781 0.35594 0.26060 1580.848
1.100 0.06258 73.45416 1.27696 4.59707 0.34547 0.03795 0.35558 0.26100 1582.399
1.105 0.06240 73.76753 1.27858 4.60290 0.34530 0.03809 0.35522 0.26139 1583.957
1.110 0.06221 74.08317 1.28021 4.60875 0.34513 0.03823 0.35485 0.26179 1585.522
1.115 0.06202 74.40111 1.28183 4.61461 0.34496 0.03837 0.35449 0.26218 1587.094
1.120 0.06184 74.72138 1.28347 4.62048 0.34479 0.03851 0.35413 0.26257 1588.673
1.125 0.06165 75.04400 1.28510 4.62637 0.34462 0.03865 0.35377 0.26297 1590.260
1.130 0.06146 75.36898 1.28674 4.63228 0.34444 0.03879 0.35340 0.26336 1591.853
1.135 0.06127 75.69637 1.28839 4.63820 0.34427 0.03893 0.35304 0.26376 1593.454
1.140 0.06109 76.02617 1.29004 4.64413 0.34410 0.03908 0.35267 0.26415 1595.062
1.145 0.06090 76.35842 1.29169 4.65008 0.34392 0.03922 0.35231 0.26455 1596.677
1.150 0.06071 76.69314 1.29335 4.65604 0.34375 0.03936 0.35195 0.26494 1598.299
1.155 0.06052 77.03035 1.29501 4.66202 0.34357 0.03951 0.35158 0.26534 1599.930
1.160 0.06033 77.37008 1.29667 4.66802 0.34340 0.03965 0.35122 0.26573 1601.567
1.165 0.06015 77.71237 1.29834 4.67403 0.34322 0.03979 0.35085 0.26613 1603.213
1.170 0.05996 78.05723 1.30001 4.68005 0.34305 0.03994 0.35049 0.26653 1604.865
1.175 0.05977 78.40468 1.30169 4.68609 0.34287 0.04008 0.35012 0.26692 1606.526
1.180 0.05958 78.75477 1.30337 4.69215 0.34269 0.04023 0.34976 0.26732 1608.194
1.185 0.05939 79.10751 1.30506 4.69822 0.34252 0.04038 0.34939 0.26771 1609.870
1.190 0.05920 79.46294 1.30675 4.70430 0.34234 0.04052 0.34903 0.26811 1611.554
1.195 0.05901 79.82108 1.30845 4.71040 0.34216 0.04067 0.34866 0.26851 1613.246
1.200 0.05882 80.18196 1.31014 4.71652 0.34198 0.04082 0.34829 0.26891 1614.946
1.205 0.05863 80.54561 1.31185 4.72265 0.34180 0.04097 0.34793 0.26930 1616.654
1.210 0.05844 80.91206 1.31356 4.72880 0.34162 0.04112 0.34756 0.26970 1618.370
1.215 0.05825 81.28134 1.31527 4.73496 0.34144 0.04127 0.34720 0.27010 1620.095
1.220 0.05806 81.65348 1.31698 4.74114 0.34126 0.04141 0.34683 0.27049 1621.827
1.225 0.05787 82.02851 1.31870 4.74734 0.34108 0.04156 0.34646 0.27089 1623.568
1.230 0.05768 82.40646 1.32043 4.75355 0.34090 0.04172 0.34609 0.27129 1625.317
1.235 0.05749 82.78736 1.32216 4.75977 0.34072 0.04187 0.34573 0.27169 1627.075
1.240 0.05730 83.17125 1.32389 4.76602 0.34053 0.04202 0.34536 0.27209 1628.841
1.245 0.05711 83.55816 1.32563 4.77227 0.34035 0.04217 0.34499 0.27248 1630.616
1.250 0.05692 83.94812 1.32737 4.77855 0.34017 0.04232 0.34463 0.27288 1632.399
1.255 0.05673 84.34116 1.32912 4.78484 0.33998 0.04248 0.34426 0.27328 1634.191
1.260 0.05654 84.73732 1.33087 4.79114 0.33980 0.04263 0.34389 0.27368 1635.992
1.265 0.05635 85.13663 1.33263 4.79747 0.33962 0.04278 0.34352 0.27408 1637.801
1.270 0.05616 85.53913 1.33439 4.80380 0.33943 0.04294 0.34315 0.27448 1639.620
1.275 0.05597 85.94485 1.33616 4.81016 0.33925 0.04309 0.34278 0.27488 1641.448
1.280 0.05578 86.35383 1.33792 4.81653 0.33906 0.04325 0.34242 0.27528 1643.284
1.285 0.05559 86.76610 1.33970 4.82292 0.33887 0.04340 0.34205 0.27568 1645.130
1.290 0.05539 87.18171 1.34148 4.82932 0.33869 0.04356 0.34168 0.27608 1646.985
1.295 0.05520 87.60068 1.34326 4.83574 0.33850 0.04372 0.34131 0.27648 1648.850
1.300 0.05501 88.02306 1.34505 4.84218 0.33831 0.04388 0.34094 0.27688 1650.723
1.305 0.05482 88.44888 1.34684 4.84863 0.33812 0.04403 0.34057 0.27727 1652.606
1.310 0.05463 88.87819 1.34864 4.85510 0.33793 0.04419 0.34020 0.27767 1654.499
1.315 0.05443 89.31102 1.35044 4.86159 0.33774 0.04435 0.33983 0.27808 1656.401
1.320 0.05424 89.74741 1.35225 4.86809 0.33755 0.04451 0.33946 0.27848 1658.313
1.325 0.05405 90.18740 1.35406 4.87461 0.33736 0.04467 0.33909 0.27888 1660.235
1.330 0.05386 90.63104 1.35587 4.88115 0.33717 0.04483 0.33872 0.27928 1662.167
1.335 0.05366 91.07837 1.35769 4.88770 0.33698 0.04499 0.33835 0.27968 1664.108
1.340 0.05347 91.52942 1.35952 4.89427 0.33679 0.04515 0.33798 0.28008 1666.060
1.345 0.05328 91.98425 1.36135 4.90086 0.33660 0.04531 0.33761 0.28048 1668.021
1.350 0.05309 92.44289 1.36318 4.90746 0.33641 0.04548 0.33724 0.28088 1669.993
1.355 0.05289 92.90540 1.36502 4.91408 0.33621 0.04564 0.33687 0.28128 1671.975
1.360 0.05270 93.37180 1.36687 4.92072 0.33602 0.04580 0.33650 0.28168 1673.968
1.365 0.05251 93.84216 1.36872 4.92738 0.33583 0.04597 0.33612 0.28208 1675.971
1.370 0.05231 94.31651 1.37057 4.93405 0.33563 0.04613 0.33575 0.28248 1677.984
1.375 0.05212 94.79491 1.37243 4.94074 0.33544 0.04630 0.33538 0.28288 1680.008
1.380 0.05193 95.27740 1.37429 4.94745 0.33524 0.04646 0.33501 0.28329 1682.043
1.385 0.05173 95.76403 1.37616 4.95418 0.33505 0.04663 0.33464 0.28369 1684.088
1.390 0.05154 96.25485 1.37803 4.96092 0.33485 0.04679 0.33426 0.28409 1686.145
1.395 0.05135 96.74990 1.37991 4.96768 0.33465 0.04696 0.33389 0.28449 1688.212
1.400 0.05115 97.24925 1.38179 4.97446 0.33446 0.04713 0.33352 0.28489 1690.291
1.405 0.05096 97.75294 1.38368 4.98126 0.33426 0.04730 0.33315 0.28529 1692.380
1.410 0.05076 98.26102 1.38558 4.98807 0.33406 0.04747 0.33277 0.28570 1694.482
1.415 0.05057 98.77354 1.38747 4.99490 0.33386 0.04764 0.33240 0.28610 1696.594
1.420 0.05037 99.29057 1.38938 5.00175 0.33367 0.04780 0.33203 0.28650 1698.718
1.425 0.05018 99.81215 1.39128 5.00862 0.33347 0.04797 0.33166 0.28690 1700.853
1.430 0.04999 100.33834 1.39320 5.01551 0.33327 0.04815 0.33128 0.28731 1703.001
1.435 0.04979 100.86919 1.39511 5.02241 0.33307 0.04832 0.33091 0.28771 1705.160
1.440 0.04960 101.40477 1.39704 5.02933 0.33287 0.04849 0.33053 0.28811 1707.331
1.445 0.04940 101.94513 1.39896 5.03627 0.33267 0.04866 0.33016 0.28851 1709.513
1.450 0.04921 102.49033 1.40090 5.04323 0.33246 0.04883 0.32979 0.28892 1711.709
1.455 0.04901 103.04043 1.40284 5.05021 0.33226 0.04901 0.32941 0.28932 1713.916
1.460 0.04882 103.59549 1.40478 5.05720 0.33206 0.04918 0.32904 0.28972 1716.136
1.465 0.04862 104.15558 1.40673 5.06421 0.33186 0.04936 0.32866 0.29012 1718.368
1.470 0.04843 104.72075 1.40868 5.07125 0.33165 0.04953 0.32829 0.29053 1720.612
1.475 0.04823 105.29107 1.41064 5.07830 0.33145 0.04971 0.32792 0.29093 1722.870
1.480 0.04804 105.86660 1.41260 5.08537 0.33125 0.04988 0.32754 0.29133 1725.140
1.485 0.04784 106.44741 1.41457 5.09245 0.33104 0.05006 0.32717 0.29174 1727.423
1.490 0.04764 107.03357 1.41654 5.09956 0.33084 0.05023 0.32679 0.29214 1729.719
1.495 0.04745 107.62515 1.41852 5.10668 0.33063 0.05041 0.32642 0.29254 1732.028
1.500 0.04725 108.22221 1.42051 5.11383 0.33042 0.05059 0.32604 0.29294 1734.351
1.505 0.04706 108.82482 1.42250 5.12099 0.33022 0.05077 0.32566 0.29335 1736.687
1.510 0.04686 109.43306 1.42449 5.12817 0.33001 0.05095 0.32529 0.29375 1739.036
1.515 0.04667 110.04699 1.42649 5.13537 0.32980 0.05113 0.32491 0.29415 1741.400
1.520 0.04647 110.66670 1.42850 5.14259 0.32960 0.05131 0.32454 0.29456 1743.777
1.525 0.04627 111.29225 1.43051 5.14983 0.32939 0.05149 0.32416 0.29496 1746.168
1.530 0.04608 111.92373 1.43253 5.15709 0.32918 0.05167 0.32379 0.29536 1748.573
1.535 0.04588 112.56120 1.43455 5.16437 0.32897 0.05185 0.32341 0.29577 1750.992
1.540 0.04568 113.20476 1.43657 5.17167 0.32876 0.05204 0.32303 0.29617 1753.425
1.545 0.04549 113.85447 1.43861 5.17898 0.32855 0.05222 0.32266 0.29657 1755.873
1.550 0.04529 114.51042 1.44064 5.18632 0.32834 0.05240 0.32228 0.29698 1758.336
1.555 0.04509 115.17269 1.44269 5.19368 0.32813 0.05259 0.32190 0.29738 1760.813
1.560 0.04490 115.84137 1.44474 5.20105 0.32792 0.05277 0.32153 0.29778 1763.306
1.565 0.04470 116.51654 1.44679 5.20845 0.32771 0.05296 0.32115 0.29819 1765.813
1.570 0.04450 117.19828 1.44885 5.21586 0.32750 0.05314 0.32077 0.29859 1768.335
1.575 0.04431 117.88670 1.45092 5.22330 0.32728 0.05333 0.32039 0.29900 1770.873
1.580 0.04411 118.58187 1.45299 5.23075 0.32707 0.05351 0.32002 0.29940 1773.426
1.585 0.04391 119.28388 1.45506 5.23823 0.32686 0.05370 0.31964 0.29980 1775.995
1.590 0.04372 119.99284 1.45714 5.24572 0.32664 0.05389 0.31926 0.30021 1778.580
1.595 0.04352 120.70883 1.45923 5.25324 0.32643 0.05408 0.31888 0.30061 1781.181
1.600 0.04332 121.43196 1.46133 5.26077 0.32621 0.05427 0.31851 0.30101 1783.798
1.605 0.04313 122.16231 1.46342 5.26833 0.32600 0.05446 0.31813 0.30142 1786.431
1.610 0.04293 122.89999 1.46553 5.27590 0.32578 0.05465 0.31775 0.30182 1789.080
1.615 0.04273 123.64510 1.46764 5.28350 0.32557 0.05484 0.31737 0.30222 1791.747
1.620 0.04253 124.39774 1.46975 5.29111 0.32535 0.05503 0.31699 0.30263 1794.430
1.625 0.04234 125.15802 1.47188 5.29875 0.32513 0.05522 0.31661 0.30303 1797.129
1.630 0.04214 125.92605 1.47400 5.30641 0.32491 0.05541 0.31624 0.30343 1799.847
1.635 0.04194 126.70192 1.47614 5.31409 0.32470 0.05561 0.31586 0.30384 1802.581
1.640 0.04174 127.48576 1.47827 5.32179 0.32448 0.05580 0.31548 0.30424 1805.333
1.645 0.04155 128.27768 1.48042 5.32951 0.32426 0.05600 0.31510 0.30465 1808.102
1.650 0.04135 129.07778 1.48257 5.33725 0.32404 0.05619 0.31472 0.30505 1810.890
1.655 0.04115 129.88620 1.48472 5.34501 0.32382 0.05639 0.31434 0.30545 1813.695
1.660 0.04095 130.70303 1.48689 5.35279 0.32360 0.05658 0.31396 0.30586 1816.519
1.665 0.04076 131.52841 1.48905 5.36059 0.32338 0.05678 0.31358 0.30626 1819.361
1.670 0.04056 132.36246 1.49123 5.36842 0.32316 0.05698 0.31320 0.30666 1822.221
1.675 0.04036 133.20531 1.49341 5.37627 0.32294 0.05717 0.31282 0.30707 1825.101
1.680 0.04016 134.05707 1.49559 5.38413 0.32272 0.05737 0.31244 0.30747 1827.999
