timeGa Urey Qt heat/H0 heatTW 1HPE 2HPE 3HPE 4HPE TempC
0.005 0.95727 104.92925 0.99715 100.44516 0.14746 0.29588 0.10491 0.45175 1799.899
0.010 0.95467 104.91473 0.99431 100.15933 0.14776 0.29526 0.10519 0.45179 1799.792
0.015 0.95210 104.89933 0.99149 99.87457 0.14807 0.29465 0.10546 0.45182 1799.679
0.020 0.94954 104.88306 0.98867 99.59088 0.14838 0.29404 0.10573 0.45185 1799.559
0.025 0.94700 104.86593 0.98587 99.30826 0.14868 0.29343 0.10601 0.45188 1799.434
0.030 0.94448 104.84793 0.98307 99.02670 0.14899 0.29281 0.10628 0.45191 1799.303
0.035 0.94197 104.82909 0.98029 98.74619 0.14930 0.29220 0.10656 0.45194 1799.166
0.040 0.93948 104.80940 0.97751 98.46674 0.14960 0.29159 0.10684 0.45197 1799.023
0.045 0.93701 104.78887 0.97475 98.18834 0.14991 0.29098 0.10711 0.45199 1798.875
0.050 0.93455 104.76751 0.97199 97.91098 0.15022 0.29037 0.10739 0.45202 1798.720
0.055 0.93211 104.74532 0.96925 97.63466 0.15053 0.28976 0.10767 0.45204 1798.560
0.060 0.92969 104.72231 0.96652 97.35938 0.15084 0.28916 0.10794 0.45206 1798.394
0.065 0.92728 104.69849 0.96380 97.08513 0.15115 0.28855 0.10822 0.45208 1798.223
0.070 0.92489 104.67386 0.96108 96.81191 0.15146 0.28794 0.10850 0.45210 1798.046
0.075 0.92251 104.64843 0.95838 96.53971 0.15177 0.28733 0.10878 0.45212 1797.863
0.080 0.92015 104.62220 0.95569 96.26852 0.15208 0.28673 0.10906 0.45214 1797.675
0.085 0.91781 104.59519 0.95301 95.99835 0.15239 0.28612 0.10934 0.45215 1797.481
0.090 0.91548 104.56739 0.95033 95.72919 0.15270 0.28552 0.10962 0.45217 1797.282
0.095 0.91316 104.53881 0.94767 95.46104 0.15301 0.28491 0.10990 0.45218 1797.077
0.100 0.91086 104.50946 0.94502 95.19389 0.15332 0.28431 0.11018 0.45219 1796.868
0.105 0.90858 104.47935 0.94238 94.92773 0.15363 0.28371 0.11046 0.45221 1796.652
0.110 0.90631 104.44847 0.93975 94.66257 0.15394 0.28310 0.11074 0.45222 1796.432
0.115 0.90405 104.41685 0.93712 94.39840 0.15425 0.28250 0.11103 0.45222 1796.206
0.120 0.90181 104.38448 0.93451 94.13521 0.15456 0.28190 0.11131 0.45223 1795.975
0.125 0.89959 104.35136 0.93191 93.87301 0.15487 0.28130 0.11159 0.45224 1795.739
0.130 0.89737 104.31751 0.92931 93.61178 0.15518 0.28070 0.11188 0.45224 1795.498
0.135 0.89518 104.28293 0.92673 93.35152 0.15550 0.28010 0.11216 0.45225 1795.252
0.140 0.89299 104.24763 0.92416 93.09223 0.15581 0.27950 0.11245 0.45225 1795.001
0.145 0.89082 104.21161 0.92159 92.83391 0.15612 0.27890 0.11273 0.45225 1794.744
0.150 0.88866 104.17488 0.91904 92.57655 0.15643 0.27830 0.11302 0.45225 1794.483
0.155 0.88652 104.13744 0.91649 92.32014 0.15675 0.27770 0.11330 0.45225 1794.217
0.160 0.88439 104.09930 0.91396 92.06469 0.15706 0.27710 0.11359 0.45225 1793.946
0.165 0.88228 104.06046 0.91143 91.81018 0.15737 0.27651 0.11387 0.45225 1793.670
0.170 0.88017 104.02094 0.90891 91.55662 0.15769 0.27591 0.11416 0.45224 1793.389
0.175 0.87809 103.98073 0.90640 91.30400 0.15800 0.27531 0.11445 0.45224 1793.104
0.180 0.87601 103.93984 0.90391 91.05232 0.15831 0.27472 0.11474 0.45223 1792.813
0.185 0.87395 103.89828 0.90142 90.80157 0.15863 0.27412 0.11503 0.45222 1792.518
0.190 0.87190 103.85605 0.89894 90.55175 0.15894 0.27353 0.11531 0.45221 1792.219
0.195 0.86986 103.81316 0.89647 90.30286 0.15926 0.27294 0.11560 0.45220 1791.914
0.200 0.86783 103.76962 0.89400 90.05489 0.15957 0.27234 0.11589 0.45219 1791.605
0.205 0.86582 103.72542 0.89155 89.80783 0.15989 0.27175 0.11618 0.45218 1791.292
0.210 0.86382 103.68058 0.88911 89.56169 0.16020 0.27116 0.11647 0.45217 1790.974
0.215 0.86184 103.63510 0.88667 89.31646 0.16052 0.27057 0.11676 0.45215 1790.651
0.220 0.85986 103.58898 0.88425 89.07214 0.16083 0.26998 0.11706 0.45213 1790.324
0.225 0.85790 103.54223 0.88183 88.82871 0.16115 0.26939 0.11735 0.45212 1789.993
0.230 0.85595 103.49486 0.87942 88.58619 0.16147 0.26880 0.11764 0.45210 1789.657
0.235 0.85401 103.44688 0.87703 88.34456 0.16178 0.26821 0.11793 0.45208 1789.317
0.240 0.85208 103.39827 0.87464 88.10383 0.16210 0.26762 0.11823 0.45206 1788.972
0.245 0.85017 103.34906 0.87225 87.86398 0.16241 0.26703 0.11852 0.45204 1788.624
0.250 0.84826 103.29925 0.86988 87.62502 0.16273 0.26644 0.11881 0.45201 1788.270
0.255 0.84637 103.24884 0.86752 87.38693 0.16305 0.26586 0.11911 0.45199 1787.913
0.260 0.84449 103.19784 0.86516 87.14973 0.16337 0.26527 0.11940 0.45196 1787.552
0.265 0.84262 103.14625 0.86282 86.91339 0.16368 0.26469 0.11970 0.45194 1787.186
0.270 0.84077 103.09407 0.86048 86.67793 0.16400 0.26410 0.11999 0.45191 1786.816
0.275 0.83892 103.04132 0.85815 86.44333 0.16432 0.26352 0.12029 0.45188 1786.442
0.280 0.83708 102.98800 0.85583 86.20959 0.16464 0.26293 0.12058 0.45185 1786.064
0.285 0.83526 102.93411 0.85352 85.97672 0.16495 0.26235 0.12088 0.45182 1785.682
0.290 0.83345 102.87965 0.85122 85.74470 0.16527 0.26177 0.12118 0.45178 1785.296
0.295 0.83164 102.82464 0.84892 85.51353 0.16559 0.26118 0.12148 0.45175 1784.907
0.300 0.82985 102.76908 0.84663 85.28321 0.16591 0.26060 0.12177 0.45171 1784.513
0.305 0.82807 102.71297 0.84436 85.05373 0.16623 0.26002 0.12207 0.45168 1784.115
0.310 0.82630 102.65631 0.84209 84.82510 0.16655 0.25944 0.12237 0.45164 1783.713
0.315 0.82454 102.59912 0.83982 84.59730 0.16687 0.25886 0.12267 0.45160 1783.308
0.320 0.82279 102.54140 0.83757 84.37034 0.16718 0.25828 0.12297 0.45156 1782.898
0.325 0.82105 102.48314 0.83533 84.14421 0.16750 0.25771 0.12327 0.45152 1782.485
0.330 0.81933 102.42437 0.83309 83.91890 0.16782 0.25713 0.12357 0.45148 1782.068
0.335 0.81761 102.36507 0.83086 83.69443 0.16814 0.25655 0.12387 0.45143 1781.648
0.340 0.81590 102.30526 0.82864 83.47077 0.16846 0.25598 0.12417 0.45139 1781.224
0.345 0.81420 102.24494 0.82643 83.24793 0.16878 0.25540 0.12447 0.45134 1780.796
0.350 0.81251 102.18412 0.82423 83.02590 0.16910 0.25482 0.12478 0.45130 1780.364
0.355 0.81083 102.12279 0.82203 82.80468 0.16942 0.25425 0.12508 0.45125 1779.929
0.360 0.80917 102.06097 0.81984 82.58428 0.16975 0.25368 0.12538 0.45120 1779.490
0.365 0.80751 101.99866 0.81766 82.36467 0.17007 0.25310 0.12568 0.45115 1779.048
0.370 0.80586 101.93586 0.81549 82.14587 0.17039 0.25253 0.12599 0.45110 1778.602
0.375 0.80422 101.87258 0.81332 81.92786 0.17071 0.25196 0.12629 0.45104 1778.153
0.380 0.80259 101.80883 0.81117 81.71065 0.17103 0.25139 0.12660 0.45099 1777.700
0.385 0.80097 101.74460 0.80902 81.49423 0.17135 0.25082 0.12690 0.45093 1777.244
0.390 0.79936 101.67990 0.80688 81.27860 0.17167 0.25025 0.12721 0.45088 1776.784
0.395 0.79776 101.61473 0.80475 81.06375 0.17199 0.24968 0.12751 0.45082 1776.322
0.400 0.79616 101.54911 0.80262 80.84968 0.17232 0.24911 0.12782 0.45076 1775.855
0.405 0.79458 101.48303 0.80050 80.63639 0.17264 0.24854 0.12812 0.45070 1775.386
0.410 0.79301 101.41650 0.79839 80.42388 0.17296 0.24797 0.12843 0.45064 1774.913
0.415 0.79144 101.34953 0.79629 80.21214 0.17328 0.24741 0.12874 0.45058 1774.437
0.420 0.78988 101.28211 0.79420 80.00116 0.17360 0.24684 0.12904 0.45051 1773.957
0.425 0.78834 101.21425 0.79211 79.79096 0.17393 0.24627 0.12935 0.45045 1773.475
0.430 0.78680 101.14596 0.79003 79.58151 0.17425 0.24571 0.12966 0.45038 1772.989
0.435 0.78527 101.07725 0.78796 79.37283 0.17457 0.24514 0.12997 0.45031 1772.500
0.440 0.78375 101.00810 0.78590 79.16490 0.17489 0.24458 0.13028 0.45025 1772.008
0.445 0.78224 100.93853 0.78384 78.95772 0.17522 0.24402 0.13059 0.45018 1771.513
0.450 0.78073 100.86855 0.78179 78.75129 0.17554 0.24346 0.13090 0.45011 1771.015
0.455 0.77924 100.79815 0.77975 78.54561 0.17586 0.24289 0.13121 0.45003 1770.513
0.460 0.77775 100.72735 0.77771 78.34068 0.17619 0.24233 0.13152 0.44996 1770.009
0.465 0.77627 100.65614 0.77569 78.13648 0.17651 0.24177 0.13183 0.44989 1769.502
0.470 0.77480 100.58453 0.77367 77.93302 0.17683 0.24121 0.13214 0.44981 1768.992
0.475 0.77334 100.51252 0.77165 77.73030 0.17716 0.24065 0.13245 0.44973 1768.478
0.480 0.77189 100.44012 0.76965 77.52831 0.17748 0.24009 0.13277 0.44966 1767.962
0.485 0.77044 100.36733 0.76765 77.32705 0.17781 0.23954 0.13308 0.44958 1767.443
0.490 0.76900 100.29415 0.76566 77.12651 0.17813 0.23898 0.13339 0.44950 1766.922
0.495 0.76757 100.22060 0.76368 76.92670 0.17846 0.23842 0.13370 0.44942 1766.397
0.500 0.76615 100.14666 0.76170 76.72761 0.17878 0.23787 0.13402 0.44933 1765.869
0.505 0.76474 100.07236 0.75973 76.52923 0.17910 0.23731 0.13433 0.44925 1765.339
0.510 0.76333 99.99768 0.75777 76.33157 0.17943 0.23676 0.13465 0.44916 1764.806
0.515 0.76194 99.92264 0.75581 76.13462 0.17975 0.23620 0.13496 0.44908 1764.270
0.520 0.76055 99.84724 0.75386 75.93838 0.18008 0.23565 0.13528 0.44899 1763.731
0.525 0.75916 99.77147 0.75192 75.74284 0.18040 0.23510 0.13559 0.44890 1763.190
0.530 0.75779 99.69536 0.74999 75.54800 0.18073 0.23455 0.13591 0.44881 1762.646
0.535 0.75642 99.61889 0.74806 75.35387 0.18105 0.23400 0.13623 0.44872 1762.100
0.540 0.75506 99.54208 0.74614 75.16043 0.18138 0.23345 0.13654 0.44863 1761.550
0.545 0.75371 99.46493 0.74423 74.96769 0.18171 0.23290 0.13686 0.44854 1760.999
0.550 0.75237 99.38743 0.74232 74.77564 0.18203 0.23235 0.13718 0.44844 1760.444
0.555 0.75103 99.30960 0.74042 74.58427 0.18236 0.23180 0.13750 0.44835 1759.887
0.560 0.74970 99.23144 0.73853 74.39359 0.18268 0.23125 0.13781 0.44825 1759.328
0.565 0.74838 99.15295 0.73664 74.20360 0.18301 0.23071 0.13813 0.44816 1758.766
0.570 0.74706 99.07413 0.73476 74.01428 0.18333 0.23016 0.13845 0.44806 1758.201
0.575 0.74575 98.99499 0.73289 73.82565 0.18366 0.22961 0.13877 0.44796 1757.634
0.580 0.74445 98.91554 0.73103 73.63768 0.18399 0.22907 0.13909 0.44786 1757.065
0.585 0.74316 98.83576 0.72917 73.45039 0.18431 0.22852 0.13941 0.44775 1756.493
0.590 0.74187 98.75568 0.72731 73.26377 0.18464 0.22798 0.13973 0.44765 1755.919
0.595 0.74059 98.67529 0.72547 73.07781 0.18497 0.22744 0.14005 0.44754 1755.342
0.600 0.73932 98.59460 0.72363 72.89252 0.18529 0.22690 0.14037 0.44744 1754.763
0.605 0.73805 98.51361 0.72179 72.70789 0.18562 0.22635 0.14069 0.44733 1754.182
0.610 0.73679 98.43232 0.71997 72.52392 0.18594 0.22581 0.14102 0.44722 1753.598
0.615 0.73554 98.35073 0.71815 72.34060 0.18627 0.22527 0.14134 0.44712 1753.013
0.620 0.73429 98.26886 0.71634 72.15794 0.18660 0.22473 0.14166 0.44700 1752.424
0.625 0.73305 98.18669 0.71453 71.97592 0.18693 0.22420 0.14198 0.44689 1751.834
0.630 0.73182 98.10425 0.71273 71.79456 0.18725 0.22366 0.14231 0.44678 1751.241
0.635 0.73059 98.02152 0.71093 71.61384 0.18758 0.22312 0.14263 0.44667 1750.646
0.640 0.72937 97.93852 0.70915 71.43376 0.18791 0.22258 0.14296 0.44655 1750.049
0.645 0.72816 97.85524 0.70736 71.25432 0.18823 0.22205 0.14328 0.44644 1749.450
0.650 0.72695 97.77169 0.70559 71.07552 0.18856 0.22151 0.14361 0.44632 1748.849
0.655 0.72575 97.68787 0.70382 70.89735 0.18889 0.22098 0.14393 0.44620 1748.245
0.660 0.72456 97.60379 0.70206 70.71982 0.18922 0.22045 0.14426 0.44608 1747.640
0.665 0.72337 97.51945 0.70030 70.54292 0.18954 0.21991 0.14458 0.44596 1747.032
0.670 0.72219 97.43485 0.69855 70.36664 0.18987 0.21938 0.14491 0.44584 1746.422
0.675 0.72102 97.34999 0.69681 70.19099 0.19020 0.21885 0.14524 0.44572 1745.811
0.680 0.71985 97.26488 0.69507 70.01596 0.19053 0.21832 0.14556 0.44559 1745.197
0.685 0.71869 97.17953 0.69334 69.84155 0.19085 0.21779 0.14589 0.44547 1744.581
0.690 0.71753 97.09392 0.69161 69.66776 0.19118 0.21726 0.14622 0.44534 1743.963
0.695 0.71638 97.00808 0.68990 69.49458 0.19151 0.21673 0.14655 0.44521 1743.343
0.700 0.71524 96.92199 0.68818 69.32201 0.19184 0.21620 0.14687 0.44508 1742.722
0.705 0.71410 96.83567 0.68648 69.15006 0.19217 0.21568 0.14720 0.44495 1742.098
0.710 0.71296 96.74911 0.68477 68.97871 0.19249 0.21515 0.14753 0.44482 1741.473
0.715 0.71184 96.66233 0.68308 68.80796 0.19282 0.21462 0.14786 0.44469 1740.845
0.720 0.71072 96.57531 0.68139 68.63782 0.19315 0.21410 0.14819 0.44456 1740.216
0.725 0.70960 96.48807 0.67971 68.46828 0.19348 0.21357 0.14852 0.44442 1739.585
0.730 0.70849 96.40061 0.67803 68.29934 0.19381 0.21305 0.14885 0.44429 1738.952
0.735 0.70739 96.31293 0.67636 68.13099 0.19414 0.21253 0.14918 0.44415 1738.317
0.740 0.70629 96.22503 0.67469 67.96323 0.19446 0.21201 0.14951 0.44402 1737.680
0.745 0.70520 96.13692 0.67303 67.79607 0.19479 0.21148 0.14985 0.44388 1737.042
0.750 0.70412 96.04859 0.67138 67.62949 0.19512 0.21096 0.15018 0.44374 1736.402
0.755 0.70304 95.96006 0.66973 67.46350 0.19545 0.21044 0.15051 0.44360 1735.760
0.760 0.70196 95.87133 0.66809 67.29809 0.19578 0.20992 0.15084 0.44345 1735.116
0.765 0.70089 95.78239 0.66645 67.13326 0.19611 0.20941 0.15118 0.44331 1734.471
0.770 0.69983 95.69325 0.66482 66.96901 0.19644 0.20889 0.15151 0.44317 1733.824
0.775 0.69877 95.60392 0.66320 66.80534 0.19676 0.20837 0.15184 0.44302 1733.175
0.780 0.69772 95.51439 0.66158 66.64224 0.19709 0.20785 0.15218 0.44288 1732.525
0.785 0.69667 95.42467 0.65997 66.47972 0.19742 0.20734 0.15251 0.44273 1731.873
0.790 0.69563 95.33476 0.65836 66.31776 0.19775 0.20682 0.15285 0.44258 1731.219
0.795 0.69459 95.24466 0.65676 66.15637 0.19808 0.20631 0.15318 0.44243 1730.564
0.800 0.69356 95.15438 0.65516 65.99555 0.19841 0.20580 0.15352 0.44228 1729.907
0.805 0.69254 95.06392 0.65357 65.83528 0.19874 0.20528 0.15385 0.44213 1729.249
0.810 0.69152 94.97328 0.65198 65.67558 0.19907 0.20477 0.15419 0.44197 1728.589
0.815 0.69050 94.88247 0.65040 65.51644 0.19940 0.20426 0.15452 0.44182 1727.927
0.820 0.68949 94.79148 0.64883 65.35785 0.19972 0.20375 0.15486 0.44166 1727.264
0.825 0.68849 94.70032 0.64726 65.19982 0.20005 0.20324 0.15520 0.44151 1726.600
0.830 0.68749 94.60900 0.64570 65.04233 0.20038 0.20273 0.15553 0.44135 1725.934
0.835 0.68649 94.51750 0.64414 64.88540 0.20071 0.20222 0.15587 0.44119 1725.266
0.840 0.68550 94.42585 0.64259 64.72902 0.20104 0.20172 0.15621 0.44103 1724.597
0.845 0.68452 94.33403 0.64104 64.57318 0.20137 0.20121 0.15655 0.44087 1723.927
0.850 0.68354 94.24206 0.63950 64.41788 0.20170 0.20071 0.15689 0.44071 1723.255
0.855 0.68256 94.14992 0.63796 64.26312 0.20203 0.20020 0.15723 0.44055 1722.582
0.860 0.68159 94.05764 0.63643 64.10890 0.20236 0.19970 0.15756 0.44038 1721.907
0.865 0.68063 93.96520 0.63490 63.95522 0.20269 0.19919 0.15790 0.44022 1721.231
0.870 0.67967 93.87262 0.63338 63.80207 0.20302 0.19869 0.15824 0.44005 1720.554
0.875 0.67871 93.77989 0.63187 63.64945 0.20334 0.19819 0.15858 0.43988 1719.875
0.880 0.67776 93.68701 0.63036 63.49737 0.20367 0.19769 0.15892 0.43972 1719.195
0.885 0.67681 93.59400 0.62885 63.34581 0.20400 0.19719 0.15927 0.43955 1718.514
0.890 0.67587 93.50084 0.62736 63.19478 0.20433 0.19669 0.15961 0.43938 1717.831
0.895 0.67494 93.40755 0.62586 63.04427 0.20466 0.19619 0.15995 0.43920 1717.147
0.900 0.67401 93.31412 0.62437 62.89428 0.20499 0.19569 0.16029 0.43903 1716.462
0.905 0.67308 93.22056 0.62289 62.74481 0.20532 0.19519 0.16063 0.43886 1715.775
0.910 0.67216 93.12687 0.62141 62.59586 0.20565 0.19469 0.16097 0.43868 1715.088
0.915 0.67124 93.03305 0.61994 62.44743 0.20598 0.19420 0.16132 0.43851 1714.399
0.920 0.67033 92.93911 0.61847 62.29951 0.20631 0.19370 0.16166 0.43833 1713.708
0.925 0.66942 92.84504 0.61700 62.15210 0.20664 0.19321 0.16200 0.43815 1713.017
0.930 0.66851 92.75085 0.61555 62.00520 0.20696 0.19271 0.16235 0.43797 1712.324
0.935 0.66761 92.65655 0.61409 61.85880 0.20729 0.19222 0.16269 0.43779 1711.631
0.940 0.66672 92.56212 0.61264 61.71291 0.20762 0.19173 0.16304 0.43761 1710.936
0.945 0.66583 92.46758 0.61120 61.56753 0.20795 0.19124 0.16338 0.43743 1710.240
0.950 0.66494 92.37293 0.60976 61.42265 0.20828 0.19075 0.16372 0.43725 1709.543
0.955 0.66406 92.27816 0.60833 61.27826 0.20861 0.19026 0.16407 0.43706 1708.844
0.960 0.66318 92.18329 0.60690 61.13437 0.20894 0.18977 0.16442 0.43688 1708.145
0.965 0.66231 92.08831 0.60548 60.99098 0.20927 0.18928 0.16476 0.43669 1707.444
0.970 0.66144 91.99323 0.60406 60.84808 0.20960 0.18879 0.16511 0.43650 1706.743
0.975 0.66058 91.89804 0.60264 60.70568 0.20993 0.18831 0.16545 0.43632 1706.040
0.980 0.65972 91.80276 0.60124 60.56376 0.21025 0.18782 0.16580 0.43613 1705.337
0.985 0.65886 91.70737 0.59983 60.42233 0.21058 0.18733 0.16615 0.43593 1704.632
0.990 0.65801 91.61189 0.59843 60.28139 0.21091 0.18685 0.16649 0.43574 1703.926
0.995 0.65716 91.51631 0.59704 60.14093 0.21124 0.18637 0.16684 0.43555 1703.219
1.000 0.65632 91.42065 0.59565 60.00095 0.21157 0.18588 0.16719 0.43536 1702.512
1.005 0.65548 91.32489 0.59426 59.86145 0.21190 0.18540 0.16754 0.43516 1701.803
1.010 0.65464 91.22904 0.59288 59.72243 0.21223 0.18492 0.16789 0.43497 1701.093
1.015 0.65381 91.13311 0.59151 59.58388 0.21256 0.18444 0.16824 0.43477 1700.382
1.020 0.65298 91.03709 0.59014 59.44581 0.21288 0.18396 0.16858 0.43457 1699.671
1.025 0.65216 90.94099 0.58877 59.30821 0.21321 0.18348 0.16893 0.43437 1698.958
1.030 0.65134 90.84480 0.58741 59.17109 0.21354 0.18300 0.16928 0.43417 1698.245
1.035 0.65053 90.74854 0.58605 59.03443 0.21387 0.18252 0.16963 0.43397 1697.530
1.040 0.64972 90.65220 0.58470 58.89824 0.21420 0.18205 0.16998 0.43377 1696.815
1.045 0.64891 90.55579 0.58335 58.76251 0.21453 0.18157 0.17033 0.43357 1696.099
1.050 0.64811 90.45930 0.58201 58.62725 0.21486 0.18110 0.17068 0.43336 1695.382
1.055 0.64731 90.36274 0.58067 58.49244 0.21518 0.18062 0.17104 0.43316 1694.664
1.060 0.64651 90.26612 0.57934 58.35810 0.21551 0.18015 0.17139 0.43295 1693.945
1.065 0.64572 90.16942 0.57801 58.22422 0.21584 0.17968 0.17174 0.43275 1693.226
1.070 0.64493 90.07265 0.57669 58.09079 0.21617 0.17920 0.17209 0.43254 1692.505
1.075 0.64415 89.97583 0.57537 57.95781 0.21650 0.17873 0.17244 0.43233 1691.784
1.080 0.64337 89.87894 0.57405 57.82529 0.21682 0.17826 0.17279 0.43212 1691.062
1.085 0.64259 89.78198 0.57274 57.69322 0.21715 0.17779 0.17315 0.43191 1690.339
1.090 0.64182 89.68497 0.57143 57.56159 0.21748 0.17732 0.17350 0.43170 1689.616
1.095 0.64105 89.58790 0.57013 57.43042 0.21781 0.17685 0.17385 0.43148 1688.891
1.100 0.64029 89.49078 0.56883 57.29969 0.21814 0.17639 0.17421 0.43127 1688.166
1.105 0.63952 89.39360 0.56754 57.16940 0.21846 0.17592 0.17456 0.43105 1687.440
1.110 0.63877 89.29636 0.56625 57.03956 0.21879 0.17546 0.17492 0.43084 1686.714
1.115 0.63801 89.19908 0.56497 56.91015 0.21912 0.17499 0.17527 0.43062 1685.986
1.120 0.63726 89.10175 0.56369 56.78118 0.21945 0.17453 0.17562 0.43040 1685.258
1.125 0.63652 89.00437 0.56241 56.65265 0.21977 0.17406 0.17598 0.43018 1684.530
1.130 0.63577 88.90694 0.56114 56.52456 0.22010 0.17360 0.17633 0.42996 1683.800
1.135 0.63503 88.80947 0.55987 56.39690 0.22043 0.17314 0.17669 0.42974 1683.070
1.140 0.63430 88.71196 0.55861 56.26966 0.22076 0.17268 0.17705 0.42952 1682.339
1.145 0.63356 88.61440 0.55735 56.14286 0.22108 0.17222 0.17740 0.42930 1681.608
1.150 0.63283 88.51680 0.55609 56.01649 0.22141 0.17176 0.17776 0.42907 1680.876
1.155 0.63211 88.41917 0.55484 55.89055 0.22174 0.17130 0.17811 0.42885 1680.143
1.160 0.63139 88.32150 0.55360 55.76502 0.22206 0.17084 0.17847 0.42862 1679.410
1.165 0.63067 88.22380 0.55236 55.63993 0.22239 0.17038 0.17883 0.42840 1678.676
1.170 0.62995 88.12606 0.55112 55.51525 0.22272 0.16993 0.17918 0.42817 1677.941
1.175 0.62924 88.02828 0.54988 55.39099 0.22305 0.16947 0.17954 0.42794 1677.206
1.180 0.62853 87.93048 0.54865 55.26716 0.22337 0.16902 0.17990 0.42771 1676.470
1.185 0.62783 87.83265 0.54743 55.14373 0.22370 0.16856 0.18026 0.42748 1675.734
1.190 0.62713 87.73479 0.54621 55.02073 0.22402 0.16811 0.18062 0.42725 1674.997
1.195 0.62643 87.63691 0.54499 54.89813 0.22435 0.16766 0.18097 0.42702 1674.259
1.200 0.62573 87.53900 0.54378 54.77595 0.22468 0.16721 0.18133 0.42678 1673.521
1.205 0.62504 87.44106 0.54257 54.65418 0.22500 0.16676 0.18169 0.42655 1672.783
1.210 0.62435 87.34311 0.54136 54.53282 0.22533 0.16631 0.18205 0.42631 1672.044
1.215 0.62367 87.24513 0.54016 54.41186 0.22566 0.16586 0.18241 0.42608 1671.304
1.220 0.62298 87.14714 0.53897 54.29131 0.22598 0.16541 0.18277 0.42584 1670.564
1.225 0.62231 87.04912 0.53777 54.17117 0.22631 0.16496 0.18313 0.42560 1669.823
1.230 0.62163 86.95109 0.53659 54.05142 0.22663 0.16451 0.18349 0.42536 1669.082
1.235 0.62096 86.85305 0.53540 53.93208 0.22696 0.16407 0.18385 0.42512 1668.341
1.240 0.62029 86.75499 0.53422 53.81314 0.22728 0.16362 0.18421 0.42488 1667.599
1.245 0.61962 86.65692 0.53304 53.69459 0.22761 0.16318 0.18457 0.42464 1666.856
1.250 0.61896 86.55884 0.53187 53.57644 0.22793 0.16273 0.18494 0.42440 1666.113
1.255 0.61830 86.46075 0.53070 53.45868 0.22826 0.16229 0.18530 0.42415 1665.370
1.260 0.61764 86.36265 0.52954 53.34132 0.22858 0.16185 0.18566 0.42391 1664.626
1.265 0.61699 86.26454 0.52838 53.22435 0.22891 0.16141 0.18602 0.42366 1663.882
1.270 0.61634 86.16643 0.52722 53.10777 0.22923 0.16097 0.18638 0.42342 1663.137
1.275 0.61569 86.06831 0.52606 52.99157 0.22956 0.16053 0.18675 0.42317 1662.392
1.280 0.61505 85.97019 0.52491 52.87577 0.22988 0.16009 0.18711 0.42292 1661.647
1.285 0.61441 85.87207 0.52377 52.76034 0.23021 0.15965 0.18747 0.42267 1660.901
1.290 0.61377 85.77394 0.52263 52.64531 0.23053 0.15921 0.18783 0.42242 1660.154
1.295 0.61313 85.67582 0.52149 52.53065 0.23086 0.15878 0.18820 0.42217 1659.408
1.300 0.61250 85.57770 0.52035 52.41638 0.23118 0.15834 0.18856 0.42192 1658.661
1.305 0.61187 85.47958 0.51922 52.30249 0.23150 0.15791 0.18892 0.42166 1657.914
1.310 0.61124 85.38147 0.51810 52.18897 0.23183 0.15747 0.18929 0.42141 1657.166
1.315 0.61062 85.28336 0.51697 52.07583 0.23215 0.15704 0.18965 0.42115 1656.418
1.320 0.61000 85.18526 0.51585 51.96307 0.23248 0.15661 0.19002 0.42090 1655.669
1.325 0.60938 85.08716 0.51474 51.85067 0.23280 0.15618 0.19038 0.42064 1654.921
1.330 0.60877 84.98908 0.51363 51.73866 0.23312 0.15575 0.19075 0.42039 1654.172
1.335 0.60816 84.89100 0.51252 51.62701 0.23345 0.15532 0.19111 0.42013 1653.423
1.340 0.60755 84.79294 0.51141 51.51573 0.23377 0.15489 0.19148 0.41987 1652.673
1.345 0.60694 84.69489 0.51031 51.40482 0.23409 0.15446 0.19184 0.41961 1651.923
1.350 0.60634 84.59685 0.50921 51.29428 0.23441 0.15403 0.19221 0.41935 1651.173
1.355 0.60574 84.49882 0.50812 51.18410 0.23474 0.15360 0.19258 0.41908 1650.422
1.360 0.60514 84.40081 0.50703 51.07428 0.23506 0.15318 0.19294 0.41882 1649.672
1.365 0.60454 84.30282 0.50594 50.96483 0.23538 0.15275 0.19331 0.41856 1648.921
1.370 0.60395 84.20485 0.50486 50.85574 0.23570 0.15233 0.19368 0.41829 1648.170
1.375 0.60336 84.10689 0.50378 50.74701 0.23603 0.15190 0.19404 0.41803 1647.418
1.380 0.60278 84.00896 0.50271 50.63863 0.23635 0.15148 0.19441 0.41776 1646.666
1.385 0.60219 83.91104 0.50163 50.53061 0.23667 0.15106 0.19478 0.41749 1645.915
1.390 0.60161 83.81315 0.50056 50.42295 0.23699 0.15064 0.19514 0.41723 1645.162
1.395 0.60103 83.71528 0.49950 50.31564 0.23731 0.15022 0.19551 0.41696 1644.410
1.400 0.60046 83.61744 0.49844 50.20869 0.23763 0.14980 0.19588 0.41669 1643.657
1.405 0.59988 83.51962 0.49738 50.10208 0.23795 0.14938 0.19625 0.41642 1642.905
1.410 0.59931 83.42182 0.49632 49.99583 0.23828 0.14896 0.19662 0.41615 1642.152
1.415 0.59875 83.32406 0.49527 49.88992 0.23860 0.14854 0.19699 0.41587 1641.399
1.420 0.59818 83.22632 0.49423 49.78437 0.23892 0.14813 0.19735 0.41560 1640.645
1.425 0.59762 83.12861 0.49318 49.67915 0.23924 0.14771 0.19772 0.41533 1639.892
1.430 0.59706 83.03093 0.49214 49.57429 0.23956 0.14730 0.19809 0.41505 1639.138
1.435 0.59650 82.93328 0.49110 49.46976 0.23988 0.14688 0.19846 0.41478 1638.384
1.440 0.59595 82.83567 0.49007 49.36558 0.24020 0.14647 0.19883 0.41450 1637.630
1.445 0.59539 82.73809 0.48904 49.26174 0.24052 0.14606 0.19920 0.41422 1636.876
1.450 0.59484 82.64054 0.48801 49.15824 0.24084 0.14565 0.19957 0.41394 1636.122
1.455 0.59430 82.54302 0.48699 49.05507 0.24116 0.14524 0.19994 0.41367 1635.368
1.460 0.59375 82.44555 0.48596 48.95224 0.24148 0.14483 0.20031 0.41339 1634.613
1.465 0.59321 82.34810 0.48495 48.84975 0.24180 0.14442 0.20068 0.41311 1633.859
1.470 0.59267 82.25070 0.48393 48.74759 0.24211 0.14401 0.20105 0.41282 1633.104
1.475 0.59213 82.15334 0.48292 48.64577 0.24243 0.14360 0.20142 0.41254 1632.349
1.480 0.59160 82.05601 0.48191 48.54428 0.24275 0.14319 0.20180 0.41226 1631.594
1.485 0.59107 81.95873 0.48091 48.44311 0.24307 0.14279 0.20217 0.41197 1630.840
1.490 0.59054 81.86148 0.47991 48.34228 0.24339 0.14238 0.20254 0.41169 1630.084
1.495 0.59001 81.76428 0.47891 48.24177 0.24371 0.14198 0.20291 0.41140 1629.329
1.500 0.58949 81.66712 0.47792 48.14160 0.24402 0.14158 0.20328 0.41112 1628.574
1.505 0.58896 81.57001 0.47693 48.04174 0.24434 0.14117 0.20365 0.41083 1627.819
1.510 0.58844 81.47294 0.47594 47.94221 0.24466 0.14077 0.20403 0.41054 1627.064
1.515 0.58793 81.37591 0.47495 47.84301 0.24498 0.14037 0.20440 0.41025 1626.308
1.520 0.58741 81.27893 0.47397 47.74412 0.24529 0.13997 0.20477 0.40996 1625.553
1.525 0.58690 81.18200 0.47299 47.64556 0.24561 0.13957 0.20514 0.40967 1624.797
1.530 0.58639 81.08512 0.47202 47.54731 0.24593 0.13917 0.20552 0.40938 1624.042
1.535 0.58588 80.98828 0.47105 47.44938 0.24625 0.13877 0.20589 0.40909 1623.286
1.540 0.58537 80.89150 0.47008 47.35177 0.24656 0.13838 0.20626 0.40880 1622.531
1.545 0.58487 80.79476 0.46911 47.25448 0.24688 0.13798 0.20664 0.40851 1621.775
1.550 0.58437 80.69808 0.46815 47.15750 0.24719 0.13758 0.20701 0.40821 1621.020
1.555 0.58387 80.60145 0.46719 47.06083 0.24751 0.13719 0.20738 0.40792 1620.264
1.560 0.58337 80.50487 0.46623 46.96448 0.24783 0.13680 0.20776 0.40762 1619.509
1.565 0.58288 80.40835 0.46528 46.86843 0.24814 0.13640 0.20813 0.40732 1618.753
1.570 0.58239 80.31188 0.46433 46.77270 0.24846 0.13601 0.20851 0.40703 1617.998
1.575 0.58190 80.21546 0.46338 46.67727 0.24877 0.13562 0.20888 0.40673 1617.242
1.580 0.58141 80.11910 0.46244 46.58215 0.24909 0.13523 0.20926 0.40643 1616.487
1.585 0.58093 80.02280 0.46149 46.48734 0.24940 0.13484 0.20963 0.40613 1615.732
1.590 0.58044 79.92655 0.46056 46.39283 0.24972 0.13445 0.21001 0.40583 1614.976
1.595 0.57996 79.83036 0.45962 46.29863 0.25003 0.13406 0.21038 0.40553 1614.221
1.600 0.57948 79.73423 0.45869 46.20473 0.25034 0.13367 0.21076 0.40523 1613.466
1.605 0.57901 79.63816 0.45776 46.11113 0.25066 0.13329 0.21113 0.40492 1612.710
1.610 0.57853 79.54215 0.45683 46.01783 0.25097 0.13290 0.21151 0.40462 1611.955
1.615 0.57806 79.44620 0.45591 45.92483 0.25128 0.13252 0.21188 0.40432 1611.200
1.620 0.57759 79.35031 0.45499 45.83212 0.25160 0.13213 0.21226 0.40401 1610.445
1.625 0.57712 79.25448 0.45407 45.73972 0.25191 0.13175 0.21264 0.40371 1609.690
1.630 0.57666 79.15872 0.45316 45.64761 0.25222 0.13136 0.21301 0.40340 1608.935
1.635 0.57620 79.06302 0.45225 45.55580 0.25254 0.13098 0.21339 0.40309 1608.181
1.640 0.57573 78.96739 0.45134 45.46428 0.25285 0.13060 0.21377 0.40278 1607.426
1.645 0.57528 78.87181 0.45043 45.37305 0.25316 0.13022 0.21414 0.40248 1606.671
1.650 0.57482 78.77631 0.44953 45.28211 0.25347 0.12984 0.21452 0.40217 1605.917
1.655 0.57436 78.68087 0.44863 45.19146 0.25378 0.12946 0.21490 0.40186 1605.162
1.660 0.57391 78.58550 0.44773 45.10111 0.25410 0.12908 0.21527 0.40155 1604.408
1.665 0.57346 78.49019 0.44684 45.01104 0.25441 0.12871 0.21565 0.40123 1603.654
1.670 0.57301 78.39495 0.44595 44.92126 0.25472 0.12833 0.21603 0.40092 1602.900
1.675 0.57257 78.29978 0.44506 44.83176 0.25503 0.12796 0.21641 0.40061 1602.146
1.680 0.57212 78.20468 0.44417 44.74255 0.25534 0.12758 0.21678 0.40030 1601.392
1.685 0.57168 78.10965 0.44329 44.65362 0.25565 0.12721 0.21716 0.39998 1600.639
1.690 0.57124 78.01469 0.44241 44.56498 0.25596 0.12683 0.21754 0.39967 1599.885
1.695 0.57080 77.91980 0.44153 44.47662 0.25627 0.12646 0.21792 0.39935 1599.132
1.700 0.57036 77.82499 0.44066 44.38853 0.25658 0.12609 0.21830 0.39903 1598.379
1.705 0.56993 77.73024 0.43979 44.30073 0.25689 0.12572 0.21868 0.39872 1597.626
1.710 0.56950 77.63557 0.43892 44.21321 0.25720 0.12535 0.21905 0.39840 1596.873
1.715 0.56907 77.54097 0.43805 44.12596 0.25751 0.12498 0.21943 0.39808 1596.120
1.720 0.56864 77.44644 0.43719 44.03899 0.25781 0.12461 0.21981 0.39776 1595.368
1.725 0.56821 77.35199 0.43633 43.95230 0.25812 0.12424 0.22019 0.39744 1594.615
1.730 0.56779 77.25762 0.43547 43.86588 0.25843 0.12388 0.22057 0.39712 1593.863
1.735 0.56736 77.16331 0.43462 43.77973 0.25874 0.12351 0.22095 0.39680 1593.111
1.740 0.56694 77.06909 0.43376 43.69385 0.25905 0.12315 0.22133 0.39648 1592.359
1.745 0.56653 76.97494 0.43291 43.60825 0.25935 0.12278 0.22171 0.39615 1591.608
1.750 0.56611 76.88087 0.43207 43.52292 0.25966 0.12242 0.22209 0.39583 1590.856
1.755 0.56569 76.78688 0.43122 43.43785 0.25997 0.12205 0.22247 0.39551 1590.105
1.760 0.56528 76.69296 0.43038 43.35306 0.26028 0.12169 0.22285 0.39518 1589.354
1.765 0.56487 76.59912 0.42954 43.26853 0.26058 0.12133 0.22323 0.39486 1588.603
1.770 0.56446 76.50537 0.42870 43.18427 0.26089 0.12097 0.22361 0.39453 1587.853
1.775 0.56405 76.41169 0.42787 43.10027 0.26119 0.12061 0.22399 0.39421 1587.102
1.780 0.56365 76.31809 0.42704 43.01654 0.26150 0.12025 0.22437 0.39388 1586.352
1.785 0.56324 76.22457 0.42621 42.93307 0.26180 0.11989 0.22475 0.39355 1585.602
1.790 0.56284 76.13114 0.42538 42.84986 0.26211 0.11954 0.22513 0.39322 1584.853
1.795 0.56244 76.03778 0.42456 42.76692 0.26241 0.11918 0.22551 0.39289 1584.103
1.800 0.56205 75.94451 0.42374 42.68423 0.26272 0.11882 0.22589 0.39256 1583.354
1.805 0.56165 75.85132 0.42292 42.60181 0.26302 0.11847 0.22627 0.39223 1582.605
1.810 0.56125 75.75821 0.42211 42.51964 0.26333 0.11812 0.22666 0.39190 1581.856
1.815 0.56086 75.66519 0.42129 42.43773 0.26363 0.11776 0.22704 0.39157 1581.108
1.820 0.56047 75.57225 0.42048 42.35608 0.26394 0.11741 0.22742 0.39124 1580.360
1.825 0.56008 75.47939 0.41967 42.27468 0.26424 0.11706 0.22780 0.39090 1579.612
1.830 0.55970 75.38662 0.41887 42.19354 0.26454 0.11671 0.22818 0.39057 1578.864
1.835 0.55931 75.29393 0.41807 42.11265 0.26484 0.11636 0.22856 0.39024 1578.116
1.840 0.55893 75.20133 0.41727 42.03201 0.26515 0.11601 0.22894 0.38990 1577.369
1.845 0.55854 75.10882 0.41647 41.95163 0.26545 0.11566 0.22933 0.38957 1576.622
1.850 0.55816 75.01639 0.41567 41.87149 0.26575 0.11531 0.22971 0.38923 1575.876
1.855 0.55779 74.92405 0.41488 41.79161 0.26605 0.11496 0.23009 0.38889 1575.129
1.860 0.55741 74.83180 0.41409 41.71197 0.26635 0.11462 0.23047 0.38856 1574.383
1.865 0.55703 74.73963 0.41330 41.63259 0.26666 0.11427 0.23085 0.38822 1573.638
1.870 0.55666 74.64755 0.41251 41.55345 0.26696 0.11393 0.23124 0.38788 1572.892
1.875 0.55629 74.55556 0.41173 41.47455 0.26726 0.11358 0.23162 0.38754 1572.147
1.880 0.55592 74.46366 0.41095 41.39590 0.26756 0.11324 0.23200 0.38720 1571.402
1.885 0.55555 74.37185 0.41017 41.31750 0.26786 0.11290 0.23239 0.38686 1570.658
1.890 0.55519 74.28013 0.40940 41.23934 0.26816 0.11255 0.23277 0.38652 1569.913
1.895 0.55482 74.18850 0.40862 41.16142 0.26846 0.11221 0.23315 0.38618 1569.169
1.900 0.55446 74.09696 0.40785 41.08374 0.26876 0.11187 0.23353 0.38584 1568.426
1.905 0.55410 74.00551 0.40708 41.00631 0.26906 0.11153 0.23392 0.38549 1567.682
1.910 0.55374 73.91415 0.40632 40.92911 0.26935 0.11120 0.23430 0.38515 1566.939
1.915 0.55338 73.82288 0.40555 40.85215 0.26965 0.11086 0.23468 0.38481 1566.197
1.920 0.55302 73.73171 0.40479 40.77543 0.26995 0.11052 0.23507 0.38446 1565.454
1.925 0.55267 73.64062 0.40403 40.69895 0.27025 0.11018 0.23545 0.38412 1564.712
1.930 0.55232 73.54963 0.40327 40.62271 0.27055 0.10985 0.23583 0.38377 1563.971
1.935 0.55197 73.45874 0.40252 40.54670 0.27084 0.10951 0.23622 0.38343 1563.229
1.940 0.55162 73.36793 0.40177 40.47092 0.27114 0.10918 0.23660 0.38308 1562.488
1.945 0.55127 73.27722 0.40102 40.39538 0.27144 0.10885 0.23699 0.38273 1561.747
1.950 0.55092 73.18660 0.40027 40.32007 0.27173 0.10851 0.23737 0.38238 1561.007
1.955 0.55058 73.09608 0.39953 40.24499 0.27203 0.10818 0.23775 0.38204 1560.267
1.960 0.55023 73.00565 0.39878 40.17015 0.27232 0.10785 0.23814 0.38169 1559.527
1.965 0.54989 72.91532 0.39804 40.09553 0.27262 0.10752 0.23852 0.38134 1558.788
1.970 0.54955 72.82508 0.39730 40.02115 0.27291 0.10719 0.23891 0.38099 1558.049
1.975 0.54921 72.73494 0.39657 39.94699 0.27321 0.10686 0.23929 0.38064 1557.311
1.980 0.54888 72.64489 0.39583 39.87306 0.27350 0.10654 0.23967 0.38029 1556.572
1.985 0.54854 72.55494 0.39510 39.79936 0.27380 0.10621 0.24006 0.37994 1555.835
1.990 0.54821 72.46509 0.39437 39.72588 0.27409 0.10588 0.24044 0.37958 1555.097
1.995 0.54787 72.37533 0.39364 39.65263 0.27439 0.10556 0.24083 0.37923 1554.360
2.000 0.54754 72.28567 0.39292 39.57961 0.27468 0.10523 0.24121 0.37888 1553.623
2.005 0.54722 72.19611 0.39220 39.50680 0.27497 0.10491 0.24160 0.37852 1552.887
2.010 0.54689 72.10664 0.39148 39.43422 0.27526 0.10458 0.24198 0.37817 1552.151
2.015 0.54656 72.01728 0.39076 39.36186 0.27556 0.10426 0.24237 0.37781 1551.415
2.020 0.54624 71.92801 0.39004 39.28973 0.27585 0.10394 0.24275 0.37746 1550.680
2.025 0.54591 71.83884 0.38933 39.21781 0.27614 0.10362 0.24314 0.37710 1549.945
2.030 0.54559 71.74976 0.38862 39.14611 0.27643 0.10330 0.24352 0.37675 1549.211
2.035 0.54527 71.66079 0.38791 39.07464 0.27672 0.10298 0.24391 0.37639 1548.477
2.040 0.54495 71.57192 0.38720 39.00338 0.27701 0.10266 0.24429 0.37603 1547.743
2.045 0.54464 71.48314 0.38649 38.93233 0.27730 0.10234 0.24468 0.37568 1547.010
2.050 0.54432 71.39447 0.38579 38.86150 0.27759 0.10203 0.24506 0.37532 1546.277
2.055 0.54401 71.30589 0.38509 38.79089 0.27788 0.10171 0.24545 0.37496 1545.545
2.060 0.54369 71.21742 0.38439 38.72050 0.27817 0.10139 0.24583 0.37460 1544.813
2.065 0.54338 71.12904 0.38369 38.65031 0.27846 0.10108 0.24622 0.37424 1544.081
2.070 0.54307 71.04077 0.38300 38.58034 0.27875 0.10076 0.24660 0.37388 1543.350
2.075 0.54277 70.95260 0.38231 38.51059 0.27904 0.10045 0.24699 0.37352 1542.619
2.080 0.54246 70.86453 0.38162 38.44104 0.27933 0.10014 0.24737 0.37316 1541.889
2.085 0.54215 70.77656 0.38093 38.37171 0.27962 0.09983 0.24776 0.37280 1541.159
2.090 0.54185 70.68869 0.38024 38.30258 0.27990 0.09952 0.24815 0.37243 1540.429
2.095 0.54155 70.60092 0.37956 38.23367 0.28019 0.09920 0.24853 0.37207 1539.700
2.100 0.54125 70.51326 0.37888 38.16496 0.28048 0.09890 0.24892 0.37171 1538.972
2.105 0.54095 70.42570 0.37820 38.09646 0.28077 0.09859 0.24930 0.37134 1538.243
2.110 0.54065 70.33824 0.37752 38.02817 0.28105 0.09828 0.24969 0.37098 1537.516
2.115 0.54035 70.25088 0.37684 37.96009 0.28134 0.09797 0.25008 0.37062 1536.788
2.120 0.54005 70.16363 0.37617 37.89221 0.28162 0.09766 0.25046 0.37025 1536.061
2.125 0.53976 70.07647 0.37550 37.82453 0.28191 0.09736 0.25085 0.36989 1535.335
2.130 0.53947 69.98943 0.37483 37.75706 0.28219 0.09705 0.25123 0.36952 1534.609
2.135 0.53918 69.90248 0.37416 37.68979 0.28248 0.09675 0.25162 0.36915 1533.883
2.140 0.53889 69.81564 0.37349 37.62273 0.28276 0.09644 0.25201 0.36879 1533.158
2.145 0.53860 69.72891 0.37283 37.55586 0.28305 0.09614 0.25239 0.36842 1532.433
2.150 0.53831 69.64227 0.37217 37.48920 0.28333 0.09584 0.25278 0.36805 1531.709
2.155 0.53803 69.55574 0.37151 37.42274 0.28361 0.09554 0.25316 0.36768 1530.985
2.160 0.53774 69.46932 0.37085 37.35648 0.28390 0.09524 0.25355 0.36732 1530.262
2.165 0.53746 69.38300 0.37019 37.29041 0.28418 0.09494 0.25394 0.36695 1529.539
2.170 0.53718 69.29679 0.36954 37.22455 0.28446 0.09464 0.25432 0.36658 1528.816
2.175 0.53690 69.21068 0.36889 37.15888 0.28474 0.09434 0.25471 0.36621 1528.094
2.180 0.53662 69.12467 0.36824 37.09341 0.28503 0.09404 0.25510 0.36584 1527.373
2.185 0.53634 69.03877 0.36759 37.02813 0.28531 0.09374 0.25548 0.36547 1526.652
2.190 0.53606 68.95298 0.36694 36.96305 0.28559 0.09345 0.25587 0.36510 1525.931
2.195 0.53579 68.86729 0.36630 36.89817 0.28587 0.09315 0.25626 0.36472 1525.211
2.200 0.53551 68.78171 0.36566 36.83348 0.28615 0.09286 0.25664 0.36435 1524.491
2.205 0.53524 68.69623 0.36502 36.76898 0.28643 0.09256 0.25703 0.36398 1523.772
2.210 0.53497 68.61086 0.36438 36.70468 0.28671 0.09227 0.25742 0.36361 1523.054
2.215 0.53470 68.52560 0.36374 36.64056 0.28699 0.09198 0.25780 0.36323 1522.335
2.220 0.53443 68.44044 0.36311 36.57664 0.28727 0.09169 0.25819 0.36286 1521.618
2.225 0.53416 68.35539 0.36248 36.51291 0.28754 0.09139 0.25858 0.36249 1520.900
2.230 0.53390 68.27045 0.36184 36.44937 0.28782 0.09110 0.25896 0.36211 1520.184
2.235 0.53363 68.18561 0.36122 36.38601 0.28810 0.09081 0.25935 0.36174 1519.467
2.240 0.53337 68.10088 0.36059 36.32285 0.28838 0.09053 0.25974 0.36136 1518.751
2.245 0.53311 68.01625 0.35996 36.25987 0.28865 0.09024 0.26012 0.36099 1518.036
2.250 0.53284 67.93174 0.35934 36.19708 0.28893 0.08995 0.26051 0.36061 1517.321
2.255 0.53259 67.84733 0.35872 36.13448 0.28921 0.08966 0.26090 0.36023 1516.607
2.260 0.53233 67.76303 0.35810 36.07206 0.28948 0.08938 0.26128 0.35986 1515.893
2.265 0.53207 67.67883 0.35748 36.00983 0.28976 0.08909 0.26167 0.35948 1515.180
2.270 0.53181 67.59474 0.35687 35.94778 0.29003 0.08881 0.26206 0.35910 1514.467
2.275 0.53156 67.51077 0.35625 35.88591 0.29031 0.08852 0.26244 0.35873 1513.754
2.280 0.53130 67.42689 0.35564 35.82423 0.29058 0.08824 0.26283 0.35835 1513.043
2.285 0.53105 67.34313 0.35503 35.76273 0.29086 0.08796 0.26322 0.35797 1512.331
2.290 0.53080 67.25948 0.35442 35.70141 0.29113 0.08768 0.26360 0.35759 1511.620
2.295 0.53055 67.17593 0.35381 35.64028 0.29141 0.08739 0.26399 0.35721 1510.910
2.300 0.53030 67.09249 0.35321 35.57932 0.29168 0.08711 0.26438 0.35683 1510.200
2.305 0.53006 67.00916 0.35260 35.51854 0.29195 0.08683 0.26476 0.35645 1509.491
2.310 0.52981 66.92594 0.35200 35.45795 0.29222 0.08656 0.26515 0.35607 1508.782
2.315 0.52956 66.84283 0.35140 35.39753 0.29250 0.08628 0.26554 0.35569 1508.074
2.320 0.52932 66.75982 0.35080 35.33729 0.29277 0.08600 0.26592 0.35531 1507.366
2.325 0.52908 66.67693 0.35021 35.27722 0.29304 0.08572 0.26631 0.35493 1506.658
2.330 0.52884 66.59414 0.34961 35.21733 0.29331 0.08545 0.26670 0.35455 1505.952
2.335 0.52859 66.51146 0.34902 35.15762 0.29358 0.08517 0.26708 0.35416 1505.245
2.340 0.52836 66.42889 0.34843 35.09809 0.29385 0.08490 0.26747 0.35378 1504.540
2.345 0.52812 66.34643 0.34784 35.03872 0.29412 0.08462 0.26786 0.35340 1503.834
2.350 0.52788 66.26408 0.34725 34.97954 0.29439 0.08435 0.26825 0.35302 1503.130
2.355 0.52765 66.18184 0.34667 34.92052 0.29466 0.08408 0.26863 0.35263 1502.426
2.360 0.52741 66.09971 0.34608 34.86168 0.29493 0.08380 0.26902 0.35225 1501.722
2.365 0.52718 66.01769 0.34550 34.80301 0.29520 0.08353 0.26941 0.35187 1501.019
2.370 0.52694 65.93578 0.34492 34.74451 0.29546 0.08326 0.26979 0.35148 1500.316
2.375 0.52671 65.85397 0.34434 34.68619 0.29573 0.08299 0.27018 0.35110 1499.614
2.380 0.52648 65.77228 0.34376 34.62803 0.29600 0.08272 0.27057 0.35071 1498.912
2.385 0.52625 65.69070 0.34319 34.57004 0.29626 0.08246 0.27095 0.35033 1498.211
2.390 0.52603 65.60922 0.34261 34.51223 0.29653 0.08219 0.27134 0.34994 1497.511
2.395 0.52580 65.52786 0.34204 34.45458 0.29680 0.08192 0.27173 0.34955 1496.811
2.400 0.52557 65.44660 0.34147 34.39710 0.29706 0.08166 0.27211 0.34917 1496.112
2.405 0.52535 65.36546 0.34090 34.33978 0.29733 0.08139 0.27250 0.34878 1495.413
2.410 0.52513 65.28443 0.34033 34.28264 0.29759 0.08112 0.27289 0.34840 1494.714
2.415 0.52491 65.20350 0.33977 34.22566 0.29786 0.08086 0.27327 0.34801 1494.017
2.420 0.52468 65.12269 0.33921 34.16884 0.29812 0.08060 0.27366 0.34762 1493.319
2.425 0.52446 65.04198 0.33864 34.11219 0.29839 0.08033 0.27405 0.34723 1492.623
2.430 0.52425 64.96139 0.33808 34.05570 0.29865 0.08007 0.27443 0.34685 1491.926
2.435 0.52403 64.88091 0.33752 33.99938 0.29891 0.07981 0.27482 0.34646 1491.231
2.440 0.52381 64.80053 0.33697 33.94322 0.29917 0.07955 0.27521 0.34607 1490.536
2.445 0.52360 64.72027 0.33641 33.88723 0.29944 0.07929 0.27559 0.34568 1489.841
2.450 0.52338 64.64012 0.33586 33.83139 0.29970 0.07903 0.27598 0.34529 1489.147
2.455 0.52317 64.56008 0.33530 33.77572 0.29996 0.07877 0.27637 0.34490 1488.454
2.460 0.52295 64.48014 0.33475 33.72021 0.30022 0.07851 0.27675 0.34451 1487.761
2.465 0.52274 64.40032 0.33420 33.66486 0.30048 0.07826 0.27714 0.34412 1487.069
2.470 0.52253 64.32061 0.33365 33.60966 0.30074 0.07800 0.27753 0.34373 1486.377
2.475 0.52232 64.24101 0.33311 33.55463 0.30100 0.07774 0.27791 0.34334 1485.686
2.480 0.52212 64.16152 0.33256 33.49976 0.30126 0.07749 0.27830 0.34295 1484.995
2.485 0.52191 64.08214 0.33202 33.44504 0.30152 0.07723 0.27868 0.34256 1484.305
2.490 0.52170 64.00287 0.33148 33.39048 0.30178 0.07698 0.27907 0.34217 1483.615
2.495 0.52150 63.92372 0.33094 33.33608 0.30204 0.07673 0.27946 0.34178 1482.926
2.500 0.52129 63.84467 0.33040 33.28184 0.30230 0.07648 0.27984 0.34139 1482.238
2.505 0.52109 63.76573 0.32986 33.22775 0.30255 0.07622 0.28023 0.34099 1481.550
2.510 0.52089 63.68690 0.32933 33.17381 0.30281 0.07597 0.28062 0.34060 1480.863
2.515 0.52069 63.60819 0.32879 33.12003 0.30307 0.07572 0.28100 0.34021 1480.176
2.520 0.52049 63.52958 0.32826 33.06641 0.30332 0.07547 0.28139 0.33982 1479.490
2.525 0.52029 63.45109 0.32773 33.01294 0.30358 0.07522 0.28177 0.33942 1478.804
2.530 0.52009 63.37271 0.32720 32.95962 0.30383 0.07497 0.28216 0.33903 1478.119
2.535 0.51989 63.29443 0.32667 32.90645 0.30409 0.07473 0.28255 0.33864 1477.434
2.540 0.51970 63.21627 0.32615 32.85344 0.30434 0.07448 0.28293 0.33824 1476.750
2.545 0.51950 63.13822 0.32562 32.80058 0.30460 0.07423 0.28332 0.33785 1476.067
2.550 0.51931 63.06028 0.32510 32.74787 0.30485 0.07399 0.28370 0.33746 1475.384
2.555 0.51912 62.98245 0.32458 32.69531 0.30511 0.07374 0.28409 0.33706 1474.702
2.560 0.51893 62.90473 0.32406 32.64289 0.30536 0.07350 0.28447 0.33667 1474.020
2.565 0.51874 62.82713 0.32354 32.59063 0.30561 0.07325 0.28486 0.33627 1473.339
2.570 0.51855 62.74963 0.32302 32.53852 0.30586 0.07301 0.28525 0.33588 1472.659
2.575 0.51836 62.67224 0.32250 32.48656 0.30612 0.07277 0.28563 0.33548 1471.979
2.580 0.51817 62.59497 0.32199 32.43474 0.30637 0.07253 0.28602 0.33509 1471.299
2.585 0.51798 62.51780 0.32148 32.38307 0.30662 0.07229 0.28640 0.33469 1470.621
2.590 0.51780 62.44075 0.32097 32.33155 0.30687 0.07204 0.28679 0.33430 1469.942
2.595 0.51761 62.36380 0.32046 32.28017 0.30712 0.07180 0.28717 0.33390 1469.265
2.600 0.51743 62.28697 0.31995 32.22894 0.30737 0.07157 0.28756 0.33351 1468.588
2.605 0.51724 62.21025 0.31944 32.17786 0.30762 0.07133 0.28794 0.33311 1467.911
2.610 0.51706 62.13363 0.31893 32.12692 0.30787 0.07109 0.28833 0.33271 1467.235
2.615 0.51688 62.05713 0.31843 32.07612 0.30812 0.07085 0.28871 0.33232 1466.560
2.620 0.51670 61.98074 0.31793 32.02547 0.30837 0.07062 0.28910 0.33192 1465.885
2.625 0.51652 61.90446 0.31743 31.97496 0.30861 0.07038 0.28948 0.33152 1465.211
2.630 0.51634 61.82829 0.31693 31.92459 0.30886 0.07014 0.28987 0.33113 1464.537
2.635 0.51617 61.75223 0.31643 31.87437 0.30911 0.06991 0.29025 0.33073 1463.864
2.640 0.51599 61.67629 0.31593 31.82428 0.30935 0.06968 0.29064 0.33033 1463.192
2.645 0.51581 61.60045 0.31543 31.77434 0.30960 0.06944 0.29102 0.32993 1462.520
2.650 0.51564 61.52472 0.31494 31.72454 0.30985 0.06921 0.29141 0.32954 1461.849
2.655 0.51547 61.44910 0.31445 31.67488 0.31009 0.06898 0.29179 0.32914 1461.178
2.660 0.51529 61.37360 0.31396 31.62536 0.31034 0.06875 0.29218 0.32874 1460.508
2.665 0.51512 61.29820 0.31346 31.57598 0.31058 0.06852 0.29256 0.32834 1459.838
2.670 0.51495 61.22292 0.31298 31.52674 0.31083 0.06829 0.29295 0.32794 1459.169
2.675 0.51478 61.14774 0.31249 31.47763 0.31107 0.06806 0.29333 0.32754 1458.501
2.680 0.51461 61.07268 0.31200 31.42866 0.31131 0.06783 0.29371 0.32715 1457.833
2.685 0.51444 60.99772 0.31152 31.37984 0.31156 0.06760 0.29410 0.32675 1457.166
2.690 0.51428 60.92288 0.31103 31.33114 0.31180 0.06737 0.29448 0.32635 1456.500
2.695 0.51411 60.84814 0.31055 31.28259 0.31204 0.06714 0.29487 0.32595 1455.834
2.700 0.51394 60.77352 0.31007 31.23417 0.31228 0.06692 0.29525 0.32555 1455.168
2.705 0.51378 60.69900 0.30959 31.18588 0.31252 0.06669 0.29564 0.32515 1454.503
2.710 0.51362 60.62460 0.30911 31.13773 0.31276 0.06647 0.29602 0.32475 1453.839
2.715 0.51345 60.55031 0.30864 31.08972 0.31300 0.06624 0.29640 0.32435 1453.176
2.720 0.51329 60.47612 0.30816 31.04184 0.31324 0.06602 0.29679 0.32395 1452.513
2.725 0.51313 60.40205 0.30769 30.99409 0.31348 0.06580 0.29717 0.32355 1451.850
2.730 0.51297 60.32808 0.30722 30.94647 0.31372 0.06557 0.29755 0.32315 1451.188
2.735 0.51281 60.25423 0.30674 30.89899 0.31396 0.06535 0.29794 0.32275 1450.527
2.740 0.51265 60.18048 0.30627 30.85164 0.31420 0.06513 0.29832 0.32235 1449.866
2.745 0.51249 60.10685 0.30581 30.80442 0.31444 0.06491 0.29870 0.32195 1449.206
2.750 0.51234 60.03332 0.30534 30.75734 0.31467 0.06469 0.29909 0.32155 1448.547
2.755 0.51218 59.95991 0.30487 30.71038 0.31491 0.06447 0.29947 0.32115 1447.888
2.760 0.51203 59.88660 0.30441 30.66355 0.31515 0.06425 0.29985 0.32075 1447.230
2.765 0.51187 59.81341 0.30394 30.61686 0.31538 0.06403 0.30024 0.32035 1446.572
2.770 0.51172 59.74032 0.30348 30.57029 0.31562 0.06382 0.30062 0.31994 1445.915
2.775 0.51157 59.66734 0.30302 30.52385 0.31586 0.06360 0.30100 0.31954 1445.258
2.780 0.51142 59.59447 0.30256 30.47754 0.31609 0.06338 0.30139 0.31914 1444.603
2.785 0.51126 59.52171 0.30210 30.43136 0.31632 0.06317 0.30177 0.31874 1443.947
2.790 0.51112 59.44907 0.30164 30.38531 0.31656 0.06295 0.30215 0.31834 1443.293
2.795 0.51097 59.37652 0.30119 30.33938 0.31679 0.06274 0.30253 0.31794 1442.639
2.800 0.51082 59.30409 0.30073 30.29359 0.31703 0.06252 0.30292 0.31754 1441.985
2.805 0.51067 59.23177 0.30028 30.24791 0.31726 0.06231 0.30330 0.31713 1441.332
2.810 0.51052 59.15956 0.29983 30.20237 0.31749 0.06210 0.30368 0.31673 1440.680
2.815 0.51038 59.08745 0.29938 30.15694 0.31772 0.06189 0.30406 0.31633 1440.028
2.820 0.51023 59.01546 0.29893 30.11165 0.31795 0.06167 0.30444 0.31593 1439.377
2.825 0.51009 58.94357 0.29848 30.06648 0.31818 0.06146 0.30483 0.31553 1438.727
2.830 0.50995 58.87179 0.29803 30.02143 0.31841 0.06125 0.30521 0.31512 1438.077
2.835 0.50980 58.80012 0.29759 29.97650 0.31865 0.06104 0.30559 0.31472 1437.428
2.840 0.50966 58.72856 0.29714 29.93170 0.31887 0.06083 0.30597 0.31432 1436.779
2.845 0.50952 58.65711 0.29670 29.88703 0.31910 0.06063 0.30635 0.31392 1436.131
2.850 0.50938 58.58577 0.29626 29.84247 0.31933 0.06042 0.30673 0.31351 1435.483
2.855 0.50924 58.51453 0.29581 29.79804 0.31956 0.06021 0.30712 0.31311 1434.836
2.860 0.50910 58.44341 0.29537 29.75373 0.31979 0.06000 0.30750 0.31271 1434.190
2.865 0.50897 58.37239 0.29494 29.70954 0.32002 0.05980 0.30788 0.31231 1433.545
2.870 0.50883 58.30148 0.29450 29.66547 0.32024 0.05959 0.30826 0.31190 1432.900
2.875 0.50869 58.23067 0.29406 29.62152 0.32047 0.05939 0.30864 0.31150 1432.255
2.880 0.50856 58.15998 0.29363 29.57769 0.32070 0.05918 0.30902 0.31110 1431.611
2.885 0.50842 58.08939 0.29319 29.53398 0.32092 0.05898 0.30940 0.31069 1430.968
2.890 0.50829 58.01891 0.29276 29.49039 0.32115 0.05878 0.30978 0.31029 1430.325
2.895 0.50816 57.94854 0.29233 29.44692 0.32137 0.05858 0.31016 0.30989 1429.683
2.900 0.50802 57.87828 0.29190 29.40357 0.32160 0.05837 0.31054 0.30949 1429.042
2.905 0.50789 57.80812 0.29147 29.36033 0.32182 0.05817 0.31092 0.30908 1428.401
2.910 0.50776 57.73808 0.29104 29.31721 0.32205 0.05797 0.31130 0.30868 1427.761
2.915 0.50763 57.66813 0.29061 29.27421 0.32227 0.05777 0.31168 0.30828 1427.121
2.920 0.50750 57.59830 0.29019 29.23133 0.32249 0.05757 0.31206 0.30787 1426.482
2.925 0.50738 57.52857 0.28976 29.18856 0.32271 0.05737 0.31244 0.30747 1425.844
2.930 0.50725 57.45896 0.28934 29.14591 0.32294 0.05717 0.31282 0.30707 1425.206
2.935 0.50712 57.38944 0.28892 29.10337 0.32316 0.05698 0.31320 0.30666 1424.569
2.940 0.50699 57.32004 0.28850 29.06095 0.32338 0.05678 0.31358 0.30626 1423.932
2.945 0.50687 57.25074 0.28808 29.01865 0.32360 0.05658 0.31396 0.30586 1423.297
2.950 0.50674 57.18155 0.28766 28.97646 0.32382 0.05639 0.31434 0.30545 1422.661
2.955 0.50662 57.11247 0.28724 28.93438 0.32404 0.05619 0.31472 0.30505 1422.026
2.960 0.50650 57.04349 0.28682 28.89241 0.32426 0.05600 0.31510 0.30465 1421.392
2.965 0.50638 56.97462 0.28641 28.85056 0.32448 0.05580 0.31548 0.30424 1420.759
2.970 0.50625 56.90585 0.28599 28.80882 0.32469 0.05561 0.31586 0.30384 1420.126
2.975 0.50613 56.83720 0.28558 28.76720 0.32491 0.05542 0.31624 0.30343 1419.494
2.980 0.50601 56.76864 0.28517 28.72569 0.32513 0.05522 0.31662 0.30303 1418.862
2.985 0.50589 56.70020 0.28476 28.68428 0.32535 0.05503 0.31699 0.30263 1418.231
2.990 0.50578 56.63186 0.28435 28.64299 0.32556 0.05484 0.31737 0.30222 1417.600
2.995 0.50566 56.56363 0.28394 28.60181 0.32578 0.05465 0.31775 0.30182 1416.971
3.000 0.50554 56.49550 0.28353 28.56074 0.32600 0.05446 0.31813 0.30142 1416.341
3.005 0.50542 56.42748 0.28313 28.51979 0.32621 0.05427 0.31851 0.30101 1415.713
3.010 0.50531 56.35956 0.28272 28.47894 0.32643 0.05408 0.31888 0.30061 1415.085
3.015 0.50519 56.29175 0.28232 28.43820 0.32664 0.05389 0.31926 0.30021 1414.457
3.020 0.50508 56.22405 0.28191 28.39757 0.32685 0.05370 0.31964 0.29980 1413.830
3.025 0.50497 56.15645 0.28151 28.35704 0.32707 0.05352 0.32002 0.29940 1413.204
3.030 0.50485 56.08895 0.28111 28.31663 0.32728 0.05333 0.32040 0.29900 1412.579
3.035 0.50474 56.02157 0.28071 28.27633 0.32749 0.05314 0.32077 0.29859 1411.954
3.040 0.50463 55.95428 0.28031 28.23613 0.32771 0.05296 0.32115 0.29819 1411.329
3.045 0.50452 55.88710 0.27991 28.19604 0.32792 0.05277 0.32153 0.29778 1410.705
3.050 0.50441 55.82003 0.27951 28.15605 0.32813 0.05259 0.32190 0.29738 1410.082
3.055 0.50430 55.75306 0.27912 28.11617 0.32834 0.05240 0.32228 0.29698 1409.460
3.060 0.50419 55.68620 0.27872 28.07640 0.32855 0.05222 0.32266 0.29657 1408.838
3.065 0.50408 55.61944 0.27833 28.03674 0.32876 0.05204 0.32303 0.29617 1408.217
3.070 0.50397 55.55278 0.27794 27.99718 0.32897 0.05185 0.32341 0.29577 1407.596
3.075 0.50387 55.48623 0.27755 27.95772 0.32918 0.05167 0.32379 0.29536 1406.976
3.080 0.50376 55.41979 0.27715 27.91837 0.32939 0.05149 0.32416 0.29496 1406.356
3.085 0.50366 55.35345 0.27677 27.87913 0.32959 0.05131 0.32454 0.29456 1405.737
3.090 0.50355 55.28721 0.27638 27.83998 0.32980 0.05113 0.32491 0.29415 1405.119
3.095 0.50345 55.22108 0.27599 27.80095 0.33001 0.05095 0.32529 0.29375 1404.501
3.100 0.50334 55.15505 0.27560 27.76201 0.33022 0.05077 0.32567 0.29335 1403.884
3.105 0.50324 55.08912 0.27522 27.72318 0.33042 0.05059 0.32604 0.29294 1403.268
3.110 0.50314 55.02330 0.27483 27.68445 0.33063 0.05041 0.32642 0.29254 1402.652
3.115 0.50304 54.95758 0.27445 27.64582 0.33083 0.05024 0.32679 0.29214 1402.037
3.120 0.50294 54.89197 0.27407 27.60730 0.33104 0.05006 0.32717 0.29174 1401.422
3.125 0.50284 54.82645 0.27369 27.56887 0.33124 0.04988 0.32754 0.29133 1400.808
3.130 0.50274 54.76105 0.27330 27.53055 0.33145 0.04971 0.32792 0.29093 1400.195
3.135 0.50264 54.69574 0.27293 27.49233 0.33165 0.04953 0.32829 0.29053 1399.582
3.140 0.50254 54.63054 0.27255 27.45421 0.33185 0.04936 0.32867 0.29012 1398.970
3.145 0.50245 54.56544 0.27217 27.41619 0.33206 0.04918 0.32904 0.28972 1398.358
3.150 0.50235 54.50044 0.27179 27.37827 0.33226 0.04901 0.32941 0.28932 1397.747
3.155 0.50225 54.43555 0.27142 27.34044 0.33246 0.04883 0.32979 0.28892 1397.137
3.160 0.50216 54.37076 0.27104 27.30272 0.33266 0.04866 0.33016 0.28851 1396.527
3.165 0.50206 54.30607 0.27067 27.26510 0.33286 0.04849 0.33054 0.28811 1395.918
3.170 0.50197 54.24148 0.27030 27.22757 0.33306 0.04832 0.33091 0.28771 1395.310
3.175 0.50188 54.17700 0.26993 27.19015 0.33326 0.04815 0.33128 0.28731 1394.702
3.180 0.50178 54.11262 0.26955 27.15282 0.33346 0.04798 0.33166 0.28690 1394.095
3.185 0.50169 54.04834 0.26919 27.11559 0.33366 0.04781 0.33203 0.28650 1393.488
3.190 0.50160 53.98416 0.26882 27.07845 0.33386 0.04764 0.33240 0.28610 1392.882
3.195 0.50151 53.92008 0.26845 27.04142 0.33406 0.04747 0.33278 0.28570 1392.276
3.200 0.50142 53.85611 0.26808 27.00448 0.33426 0.04730 0.33315 0.28530 1391.672
3.205 0.50133 53.79224 0.26772 26.96763 0.33446 0.04713 0.33352 0.28489 1391.067
3.210 0.50124 53.72847 0.26735 26.93089 0.33465 0.04696 0.33389 0.28449 1390.464
3.215 0.50115 53.66480 0.26699 26.89423 0.33485 0.04680 0.33427 0.28409 1389.861
3.220 0.50106 53.60123 0.26662 26.85768 0.33505 0.04663 0.33464 0.28369 1389.258
3.225 0.50098 53.53776 0.26626 26.82121 0.33524 0.04646 0.33501 0.28329 1388.656
3.230 0.50089 53.47439 0.26590 26.78485 0.33544 0.04630 0.33538 0.28289 1388.055
3.235 0.50081 53.41113 0.26554 26.74857 0.33563 0.04613 0.33575 0.28248 1387.455
3.240 0.50072 53.34796 0.26518 26.71240 0.33582 0.04597 0.33612 0.28208 1386.855
3.245 0.50064 53.28490 0.26482 26.67631 0.33602 0.04580 0.33650 0.28168 1386.255
3.250 0.50055 53.22193 0.26447 26.64032 0.33621 0.04564 0.33687 0.28128 1385.656
3.255 0.50047 53.15907 0.26411 26.60442 0.33640 0.04548 0.33724 0.28088 1385.058
3.260 0.50039 53.09631 0.26376 26.56861 0.33660 0.04532 0.33761 0.28048 1384.461
3.265 0.50030 53.03364 0.26340 26.53290 0.33679 0.04515 0.33798 0.28008 1383.864
3.270 0.50022 52.97108 0.26305 26.49728 0.33698 0.04499 0.33835 0.27968 1383.267
3.275 0.50014 52.90862 0.26269 26.46175 0.33717 0.04483 0.33872 0.27928 1382.672
3.280 0.50006 52.84625 0.26234 26.42631 0.33736 0.04467 0.33909 0.27888 1382.077
3.285 0.49998 52.78399 0.26199 26.39097 0.33755 0.04451 0.33946 0.27848 1381.482
3.290 0.49990 52.72183 0.26164 26.35571 0.33774 0.04435 0.33983 0.27808 1380.888
3.295 0.49982 52.65976 0.26129 26.32055 0.33793 0.04419 0.34020 0.27768 1380.295
3.300 0.49974 52.59780 0.26094 26.28547 0.33812 0.04403 0.34057 0.27728 1379.702
3.305 0.49967 52.53593 0.26060 26.25049 0.33831 0.04388 0.34094 0.27688 1379.110
3.310 0.49959 52.47416 0.26025 26.21560 0.33850 0.04372 0.34131 0.27648 1378.519
3.315 0.49951 52.41249 0.25991 26.18079 0.33868 0.04356 0.34168 0.27608 1377.928
3.320 0.49944 52.35092 0.25956 26.14607 0.33887 0.04341 0.34205 0.27568 1377.337
3.325 0.49936 52.28945 0.25922 26.11145 0.33906 0.04325 0.34242 0.27528 1376.748
3.330 0.49929 52.22808 0.25887 26.07691 0.33924 0.04309 0.34279 0.27488 1376.159
3.335 0.49922 52.16681 0.25853 26.04246 0.33943 0.04294 0.34315 0.27448 1375.570
3.340 0.49914 52.10563 0.25819 26.00810 0.33961 0.04278 0.34352 0.27408 1374.982
3.345 0.49907 52.04455 0.25785 25.97382 0.33980 0.04263 0.34389 0.27368 1374.395
3.350 0.49900 51.98357 0.25751 25.93964 0.33998 0.04248 0.34426 0.27328 1373.808
3.355 0.49893 51.92269 0.25717 25.90554 0.34017 0.04232 0.34463 0.27288 1373.222
3.360 0.49885 51.86191 0.25684 25.87153 0.34035 0.04217 0.34499 0.27249 1372.637
3.365 0.49878 51.80122 0.25650 25.83760 0.34053 0.04202 0.34536 0.27209 1372.052
3.370 0.49871 51.74063 0.25616 25.80376 0.34072 0.04187 0.34573 0.27169 1371.468
3.375 0.49864 51.68014 0.25583 25.77001 0.34090 0.04172 0.34610 0.27129 1370.884
3.380 0.49858 51.61975 0.25549 25.73634 0.34108 0.04157 0.34646 0.27089 1370.301
3.385 0.49851 51.55945 0.25516 25.70276 0.34126 0.04142 0.34683 0.27049 1369.719
3.390 0.49844 51.49925 0.25483 25.66926 0.34144 0.04127 0.34720 0.27010 1369.137
3.395 0.49837 51.43915 0.25450 25.63585 0.34162 0.04112 0.34756 0.26970 1368.556
3.400 0.49831 51.37914 0.25416 25.60252 0.34180 0.04097 0.34793 0.26930 1367.975
3.405 0.49824 51.31923 0.25383 25.56928 0.34198 0.04082 0.34830 0.26891 1367.395
3.410 0.49817 51.25942 0.25351 25.53612 0.34216 0.04067 0.34866 0.26851 1366.815
3.415 0.49811 51.19970 0.25318 25.50304 0.34234 0.04052 0.34903 0.26811 1366.237
3.420 0.49804 51.14008 0.25285 25.47005 0.34251 0.04038 0.34939 0.26772 1365.658
3.425 0.49798 51.08056 0.25252 25.43714 0.34269 0.04023 0.34976 0.26732 1365.081
3.430 0.49792 51.02113 0.25220 25.40431 0.34287 0.04009 0.35012 0.26692 1364.504
3.435 0.49785 50.96180 0.25187 25.37157 0.34305 0.03994 0.35049 0.26653 1363.927
3.440 0.49779 50.90256 0.25155 25.33891 0.34322 0.03979 0.35085 0.26613 1363.351
3.445 0.49773 50.84342 0.25122 25.30633 0.34340 0.03965 0.35122 0.26573 1362.776
3.450 0.49767 50.78437 0.25090 25.27383 0.34357 0.03951 0.35158 0.26534 1362.202
3.455 0.49761 50.72542 0.25058 25.24142 0.34375 0.03936 0.35195 0.26494 1361.628
3.460 0.49755 50.66657 0.25026 25.20909 0.34392 0.03922 0.35231 0.26455 1361.054
3.465 0.49749 50.60781 0.24994 25.17683 0.34409 0.03908 0.35268 0.26415 1360.481
3.470 0.49743 50.54914 0.24962 25.14466 0.34427 0.03893 0.35304 0.26376 1359.909
3.475 0.49737 50.49057 0.24930 25.11257 0.34444 0.03879 0.35340 0.26336 1359.337
3.480 0.49731 50.43210 0.24898 25.08056 0.34461 0.03865 0.35377 0.26297 1358.766
3.485 0.49726 50.37371 0.24867 25.04863 0.34479 0.03851 0.35413 0.26257 1358.196
3.490 0.49720 50.31543 0.24835 25.01678 0.34496 0.03837 0.35449 0.26218 1357.626
3.495 0.49714 50.25724 0.24803 24.98501 0.34513 0.03823 0.35486 0.26179 1357.057
3.500 0.49709 50.19914 0.24772 24.95331 0.34530 0.03809 0.35522 0.26139 1356.488
3.505 0.49703 50.14113 0.24741 24.92170 0.34547 0.03795 0.35558 0.26100 1355.920
3.510 0.49698 50.08322 0.24709 24.89016 0.34564 0.03781 0.35594 0.26060 1355.352
3.515 0.49692 50.02541 0.24678 24.85871 0.34581 0.03767 0.35631 0.26021 1354.785
3.520 0.49687 49.96768 0.24647 24.82733 0.34598 0.03754 0.35667 0.25982 1354.219
3.525 0.49681 49.91005 0.24616 24.79603 0.34615 0.03740 0.35703 0.25943 1353.653
3.530 0.49676 49.85252 0.24585 24.76481 0.34631 0.03726 0.35739 0.25903 1353.088
3.535 0.49671 49.79508 0.24554 24.73366 0.34648 0.03713 0.35775 0.25864 1352.524
3.540 0.49666 49.73773 0.24523 24.70260 0.34665 0.03699 0.35811 0.25825 1351.960
3.545 0.49661 49.68047 0.24492 24.67161 0.34681 0.03686 0.35848 0.25786 1351.397
3.550 0.49655 49.62330 0.24462 24.64069 0.34698 0.03672 0.35884 0.25746 1350.834
3.555 0.49650 49.56623 0.24431 24.60985 0.34715 0.03659 0.35920 0.25707 1350.272
3.560 0.49645 49.50925 0.24400 24.57909 0.34731 0.03645 0.35956 0.25668 1349.710
3.565 0.49641 49.45237 0.24370 24.54841 0.34748 0.03632 0.35992 0.25629 1349.149
3.570 0.49636 49.39557 0.24340 24.51780 0.34764 0.03618 0.36028 0.25590 1348.589
3.575 0.49631 49.33887 0.24309 24.48727 0.34780 0.03605 0.36064 0.25551 1348.029
3.580 0.49626 49.28226 0.24279 24.45681 0.34797 0.03592 0.36100 0.25512 1347.470
3.585 0.49621 49.22574 0.24249 24.42642 0.34813 0.03579 0.36136 0.25473 1346.911
3.590 0.49617 49.16932 0.24219 24.39611 0.34829 0.03566 0.36172 0.25434 1346.353
3.595 0.49612 49.11298 0.24189 24.36588 0.34845 0.03552 0.36208 0.25395 1345.796
3.600 0.49607 49.05674 0.24159 24.33572 0.34862 0.03539 0.36243 0.25356 1345.239
3.605 0.49603 49.00059 0.24129 24.30563 0.34878 0.03526 0.36279 0.25317 1344.682
3.610 0.49598 48.94453 0.24099 24.27562 0.34894 0.03513 0.36315 0.25278 1344.127
3.615 0.49594 48.88856 0.24069 24.24568 0.34910 0.03500 0.36351 0.25239 1343.572
3.620 0.49589 48.83268 0.24040 24.21582 0.34926 0.03488 0.36387 0.25200 1343.017
3.625 0.49585 48.77689 0.24010 24.18603 0.34942 0.03475 0.36423 0.25161 1342.463
3.630 0.49581 48.72120 0.23981 24.15631 0.34958 0.03462 0.36459 0.25122 1341.910
3.635 0.49576 48.66559 0.23951 24.12666 0.34973 0.03449 0.36494 0.25083 1341.357
3.640 0.49572 48.61007 0.23922 24.09709 0.34989 0.03436 0.36530 0.25044 1340.805
3.645 0.49568 48.55465 0.23893 24.06758 0.35005 0.03424 0.36566 0.25006 1340.253
3.650 0.49564 48.49931 0.23863 24.03815 0.35021 0.03411 0.36601 0.24967 1339.702
3.655 0.49560 48.44407 0.23834 24.00879 0.35036 0.03398 0.36637 0.24928 1339.152
3.660 0.49556 48.38891 0.23805 23.97951 0.35052 0.03386 0.36673 0.24889 1338.602
3.665 0.49552 48.33385 0.23776 23.95029 0.35068 0.03373 0.36708 0.24851 1338.053
3.670 0.49548 48.27887 0.23747 23.92115 0.35083 0.03361 0.36744 0.24812 1337.504
3.675 0.49544 48.22398 0.23718 23.89207 0.35099 0.03348 0.36780 0.24773 1336.956
3.680 0.49540 48.16918 0.23690 23.86307 0.35114 0.03336 0.36815 0.24735 1336.409
3.685 0.49536 48.11448 0.23661 23.83414 0.35129 0.03324 0.36851 0.24696 1335.862
3.690 0.49533 48.05986 0.23632 23.80527 0.35145 0.03311 0.36886 0.24658 1335.315
3.695 0.49529 48.00533 0.23604 23.77648 0.35160 0.03299 0.36922 0.24619 1334.769
3.700 0.49525 47.95088 0.23575 23.74776 0.35175 0.03287 0.36957 0.24581 1334.224
3.705 0.49522 47.89653 0.23547 23.71910 0.35190 0.03275 0.36993 0.24542 1333.680
3.710 0.49518 47.84227 0.23518 23.69052 0.35206 0.03262 0.37028 0.24504 1333.136
3.715 0.49514 47.78809 0.23490 23.66200 0.35221 0.03250 0.37064 0.24465 1332.592
3.720 0.49511 47.73400 0.23462 23.63355 0.35236 0.03238 0.37099 0.24427 1332.049
3.725 0.49507 47.68000 0.23434 23.60518 0.35251 0.03226 0.37135 0.24388 1331.507
3.730 0.49504 47.62609 0.23406 23.57687 0.35266 0.03214 0.37170 0.24350 1330.965
3.735 0.49501 47.57227 0.23377 23.54862 0.35281 0.03202 0.37205 0.24311 1330.424
3.740 0.49497 47.51853 0.23350 23.52045 0.35296 0.03190 0.37241 0.24273 1329.884
3.745 0.49494 47.46488 0.23322 23.49234 0.35311 0.03178 0.37276 0.24235 1329.344
3.750 0.49491 47.41132 0.23294 23.46430 0.35325 0.03167 0.37311 0.24197 1328.804
3.755 0.49488 47.35785 0.23266 23.43633 0.35340 0.03155 0.37347 0.24158 1328.265
3.760 0.49485 47.30446 0.23238 23.40843 0.35355 0.03143 0.37382 0.24120 1327.727
3.765 0.49482 47.25116 0.23211 23.38059 0.35370 0.03131 0.37417 0.24082 1327.189
3.770 0.49478 47.19795 0.23183 23.35282 0.35384 0.03120 0.37452 0.24044 1326.652
3.775 0.49475 47.14482 0.23156 23.32511 0.35399 0.03108 0.37488 0.24006 1326.116
3.780 0.49472 47.09178 0.23128 23.29748 0.35413 0.03096 0.37523 0.23967 1325.580
3.785 0.49470 47.03883 0.23101 23.26990 0.35428 0.03085 0.37558 0.23929 1325.044
3.790 0.49467 46.98596 0.23073 23.24240 0.35442 0.03073 0.37593 0.23891 1324.509
3.795 0.49464 46.93318 0.23046 23.21495 0.35457 0.03062 0.37628 0.23853 1323.975
3.800 0.49461 46.88048 0.23019 23.18758 0.35471 0.03050 0.37663 0.23815 1323.441
3.805 0.49458 46.82788 0.22992 23.16027 0.35485 0.03039 0.37698 0.23777 1322.908
3.810 0.49456 46.77535 0.22965 23.13302 0.35500 0.03028 0.37734 0.23739 1322.376
3.815 0.49453 46.72292 0.22938 23.10584 0.35514 0.03016 0.37769 0.23701 1321.844
3.820 0.49450 46.67056 0.22911 23.07872 0.35528 0.03005 0.37804 0.23663 1321.312
3.825 0.49448 46.61830 0.22884 23.05167 0.35542 0.02994 0.37839 0.23626 1320.781
3.830 0.49445 46.56612 0.22857 23.02468 0.35556 0.02983 0.37874 0.23588 1320.251
3.835 0.49443 46.51402 0.22831 22.99776 0.35570 0.02971 0.37909 0.23550 1319.721
3.840 0.49440 46.46201 0.22804 22.97090 0.35584 0.02960 0.37943 0.23512 1319.192
3.845 0.49438 46.41008 0.22777 22.94410 0.35598 0.02949 0.37978 0.23474 1318.664
3.850 0.49435 46.35824 0.22751 22.91737 0.35612 0.02938 0.38013 0.23437 1318.136
3.855 0.49433 46.30648 0.22724 22.89070 0.35626 0.02927 0.38048 0.23399 1317.608
3.860 0.49431 46.25481 0.22698 22.86409 0.35640 0.02916 0.38083 0.23361 1317.081
3.865 0.49428 46.20322 0.22672 22.83755 0.35654 0.02905 0.38118 0.23323 1316.555
3.870 0.49426 46.15172 0.22645 22.81106 0.35667 0.02894 0.38153 0.23286 1316.029
3.875 0.49424 46.10030 0.22619 22.78464 0.35681 0.02883 0.38187 0.23248 1315.504
3.880 0.49422 46.04896 0.22593 22.75829 0.35695 0.02872 0.38222 0.23211 1314.979
3.885 0.49420 45.99771 0.22567 22.73199 0.35708 0.02862 0.38257 0.23173 1314.455
3.890 0.49418 45.94654 0.22541 22.70576 0.35722 0.02851 0.38292 0.23136 1313.932
3.895 0.49416 45.89546 0.22515 22.67958 0.35735 0.02840 0.38326 0.23098 1313.409
3.900 0.49414 45.84445 0.22489 22.65347 0.35749 0.02829 0.38361 0.23061 1312.886
3.905 0.49412 45.79354 0.22463 22.62742 0.35762 0.02819 0.38396 0.23023 1312.365
3.910 0.49410 45.74270 0.22437 22.60143 0.35776 0.02808 0.38430 0.22986 1311.843
3.915 0.49408 45.69195 0.22411 22.57551 0.35789 0.02798 0.38465 0.22948 1311.323
3.920 0.49406 45.64128 0.22386 22.54964 0.35802 0.02787 0.38500 0.22911 1310.802
3.925 0.49404 45.59069 0.22360 22.52383 0.35816 0.02777 0.38534 0.22874 1310.283
3.930 0.49403 45.54019 0.22335 22.49808 0.35829 0.02766 0.38569 0.22837 1309.764
3.935 0.49401 45.48976 0.22309 22.47240 0.35842 0.02756 0.38603 0.22799 1309.245
3.940 0.49399 45.43942 0.22284 22.44677 0.35855 0.02745 0.38638 0.22762 1308.727
3.945 0.49398 45.38917 0.22258 22.42120 0.35868 0.02735 0.38672 0.22725 1308.210
3.950 0.49396 45.33899 0.22233 22.39570 0.35881 0.02724 0.38707 0.22688 1307.693
3.955 0.49395 45.28890 0.22208 22.37025 0.35894 0.02714 0.38741 0.22651 1307.177
3.960 0.49393 45.23888 0.22182 22.34486 0.35907 0.02704 0.38776 0.22613 1306.661
3.965 0.49392 45.18895 0.22157 22.31953 0.35920 0.02694 0.38810 0.22576 1306.146
3.970 0.49390 45.13910 0.22132 22.29425 0.35933 0.02683 0.38844 0.22539 1305.632
3.975 0.49389 45.08933 0.22107 22.26904 0.35946 0.02673 0.38879 0.22502 1305.118
3.980 0.49387 45.03965 0.22082 22.24389 0.35958 0.02663 0.38913 0.22465 1304.604
3.985 0.49386 44.99004 0.22057 22.21879 0.35971 0.02653 0.38947 0.22428 1304.091
3.990 0.49385 44.94052 0.22032 22.19375 0.35984 0.02643 0.38982 0.22391 1303.579
3.995 0.49383 44.89107 0.22008 22.16877 0.35997 0.02633 0.39016 0.22355 1303.067
4.000 0.49382 44.84171 0.21983 22.14385 0.36009 0.02623 0.39050 0.22318 1302.556
4.005 0.49381 44.79243 0.21958 22.11898 0.36022 0.02613 0.39084 0.22281 1302.045
4.010 0.49380 44.74322 0.21934 22.09417 0.36034 0.02603 0.39119 0.22244 1301.535
4.015 0.49379 44.69410 0.21909 22.06942 0.36047 0.02593 0.39153 0.22207 1301.025
4.020 0.49378 44.64506 0.21885 22.04473 0.36059 0.02583 0.39187 0.22171 1300.516
4.025 0.49377 44.59610 0.21860 22.02009 0.36071 0.02574 0.39221 0.22134 1300.007
4.030 0.49376 44.54722 0.21836 21.99551 0.36084 0.02564 0.39255 0.22097 1299.499
4.035 0.49375 44.49841 0.21811 21.97098 0.36096 0.02554 0.39289 0.22061 1298.992
4.040 0.49374 44.44969 0.21787 21.94651 0.36108 0.02544 0.39323 0.22024 1298.485
4.045 0.49373 44.40105 0.21763 21.92210 0.36121 0.02535 0.39357 0.21987 1297.979
4.050 0.49372 44.35248 0.21739 21.89774 0.36133 0.02525 0.39391 0.21951 1297.473
4.055 0.49371 44.30400 0.21714 21.87344 0.36145 0.02515 0.39425 0.21914 1296.968
4.060 0.49370 44.25559 0.21690 21.84920 0.36157 0.02506 0.39459 0.21878 1296.463
4.065 0.49370 44.20726 0.21666 21.82501 0.36169 0.02496 0.39493 0.21841 1295.959
4.070 0.49369 44.15901 0.21642 21.80087 0.36181 0.02487 0.39527 0.21805 1295.455
4.075 0.49368 44.11085 0.21619 21.77679 0.36193 0.02477 0.39561 0.21769 1294.952
4.080 0.49368 44.06275 0.21595 21.75277 0.36205 0.02468 0.39595 0.21732 1294.449
4.085 0.49367 44.01474 0.21571 21.72880 0.36217 0.02458 0.39629 0.21696 1293.947
4.090 0.49367 43.96681 0.21547 21.70488 0.36228 0.02449 0.39663 0.21660 1293.446
4.095 0.49366 43.91895 0.21523 21.68102 0.36240 0.02440 0.39697 0.21623 1292.945
4.100 0.49365 43.87117 0.21500 21.65721 0.36252 0.02430 0.39730 0.21587 1292.445
4.105 0.49365 43.82347 0.21476 21.63346 0.36264 0.02421 0.39764 0.21551 1291.945
4.110 0.49365 43.77585 0.21453 21.60976 0.36275 0.02412 0.39798 0.21515 1291.446
4.115 0.49364 43.72830 0.21429 21.58611 0.36287 0.02403 0.39832 0.21479 1290.947
4.120 0.49364 43.68083 0.21406 21.56252 0.36298 0.02393 0.39865 0.21443 1290.449
4.125 0.49363 43.63344 0.21382 21.53898 0.36310 0.02384 0.39899 0.21407 1289.951
4.130 0.49363 43.58613 0.21359 21.51550 0.36321 0.02375 0.39933 0.21371 1289.454
4.135 0.49363 43.53889 0.21336 21.49206 0.36333 0.02366 0.39966 0.21335 1288.957
4.140 0.49363 43.49173 0.21313 21.46868 0.36344 0.02357 0.40000 0.21299 1288.461
4.145 0.49362 43.44465 0.21290 21.44536 0.36356 0.02348 0.40034 0.21263 1287.965
4.150 0.49362 43.39765 0.21266 21.42208 0.36367 0.02339 0.40067 0.21227 1287.470
4.155 0.49362 43.35072 0.21243 21.39886 0.36378 0.02330 0.40101 0.21191 1286.976
4.160 0.49362 43.30386 0.21220 21.37569 0.36389 0.02321 0.40134 0.21155 1286.482
4.165 0.49362 43.25709 0.21197 21.35257 0.36401 0.02312 0.40168 0.21119 1285.989
4.170 0.49362 43.21039 0.21174 21.32951 0.36412 0.02303 0.40201 0.21084 1285.496
4.175 0.49362 43.16376 0.21152 21.30649 0.36423 0.02294 0.40235 0.21048 1285.003
4.180 0.49362 43.11721 0.21129 21.28353 0.36434 0.02286 0.40268 0.21012 1284.511
4.185 0.49362 43.07074 0.21106 21.26062 0.36445 0.02277 0.40302 0.20977 1284.020
4.190 0.49362 43.02434 0.21083 21.23776 0.36456 0.02268 0.40335 0.20941 1283.529
4.195 0.49362 42.97802 0.21061 21.21495 0.36467 0.02259 0.40368 0.20905 1283.039
4.200 0.49362 42.93177 0.21038 21.19219 0.36478 0.02251 0.40402 0.20870 1282.550
4.205 0.49363 42.88560 0.21016 21.16948 0.36488 0.02242 0.40435 0.20834 1282.060
4.210 0.49363 42.83950 0.20993 21.14683 0.36499 0.02233 0.40468 0.20799 1281.572
4.215 0.49363 42.79348 0.20971 21.12422 0.36510 0.02225 0.40502 0.20763 1281.084
4.220 0.49363 42.74754 0.20948 21.10167 0.36521 0.02216 0.40535 0.20728 1280.596
4.225 0.49364 42.70166 0.20926 21.07916 0.36531 0.02208 0.40568 0.20693 1280.109
4.230 0.49364 42.65587 0.20904 21.05671 0.36542 0.02199 0.40601 0.20657 1279.622
4.235 0.49365 42.61014 0.20881 21.03430 0.36553 0.02191 0.40635 0.20622 1279.136
4.240 0.49365 42.56450 0.20859 21.01194 0.36563 0.02182 0.40668 0.20587 1278.651
4.245 0.49365 42.51892 0.20837 20.98964 0.36574 0.02174 0.40701 0.20552 1278.166
4.250 0.49366 42.47342 0.20815 20.96738 0.36584 0.02166 0.40734 0.20516 1277.681
4.255 0.49366 42.42800 0.20793 20.94517 0.36595 0.02157 0.40767 0.20481 1277.198
4.260 0.49367 42.38264 0.20771 20.92301 0.36605 0.02149 0.40800 0.20446 1276.714
4.265 0.49368 42.33736 0.20749 20.90090 0.36615 0.02141 0.40833 0.20411 1276.231
4.270 0.49368 42.29216 0.20727 20.87884 0.36626 0.02132 0.40866 0.20376 1275.749
4.275 0.49369 42.24703 0.20705 20.85683 0.36636 0.02124 0.40899 0.20341 1275.267
4.280 0.49369 42.20197 0.20683 20.83487 0.36646 0.02116 0.40932 0.20306 1274.786
4.285 0.49370 42.15698 0.20662 20.81295 0.36656 0.02108 0.40965 0.20271 1274.305
4.290 0.49371 42.11207 0.20640 20.79109 0.36666 0.02100 0.40998 0.20236 1273.825
4.295 0.49372 42.06723 0.20618 20.76927 0.36676 0.02091 0.41031 0.20201 1273.345
4.300 0.49372 42.02246 0.20597 20.74750 0.36686 0.02083 0.41064 0.20166 1272.866
4.305 0.49373 41.97777 0.20575 20.72577 0.36696 0.02075 0.41097 0.20132 1272.387
4.310 0.49374 41.93315 0.20554 20.70410 0.36706 0.02067 0.41130 0.20097 1271.909
4.315 0.49375 41.88860 0.20532 20.68247 0.36716 0.02059 0.41162 0.20062 1271.431
4.320 0.49376 41.84412 0.20511 20.66089 0.36726 0.02051 0.41195 0.20027 1270.954
4.325 0.49377 41.79972 0.20489 20.63936 0.36736 0.02043 0.41228 0.19993 1270.477
4.330 0.49378 41.75538 0.20468 20.61787 0.36746 0.02035 0.41261 0.19958 1270.001
4.335 0.49379 41.71112 0.20447 20.59643 0.36756 0.02027 0.41293 0.19923 1269.526
4.340 0.49380 41.66693 0.20426 20.57504 0.36765 0.02020 0.41326 0.19889 1269.050
4.345 0.49381 41.62282 0.20404 20.55369 0.36775 0.02012 0.41359 0.19854 1268.576
4.350 0.49382 41.57877 0.20383 20.53239 0.36785 0.02004 0.41392 0.19820 1268.102
4.355 0.49383 41.53479 0.20362 20.51114 0.36794 0.01996 0.41424 0.19785 1267.628
4.360 0.49384 41.49089 0.20341 20.48993 0.36804 0.01988 0.41457 0.19751 1267.155
4.365 0.49385 41.44706 0.20320 20.46877 0.36813 0.01981 0.41489 0.19717 1266.683
4.370 0.49387 41.40330 0.20299 20.44766 0.36823 0.01973 0.41522 0.19682 1266.211
4.375 0.49388 41.35961 0.20278 20.42659 0.36832 0.01965 0.41554 0.19648 1265.739
4.380 0.49389 41.31599 0.20257 20.40557 0.36841 0.01958 0.41587 0.19614 1265.268
4.385 0.49390 41.27244 0.20236 20.38459 0.36851 0.01950 0.41619 0.19580 1264.798
4.390 0.49392 41.22896 0.20216 20.36366 0.36860 0.01943 0.41652 0.19545 1264.328
4.395 0.49393 41.18555 0.20195 20.34277 0.36869 0.01935 0.41684 0.19511 1263.858
4.400 0.49394 41.14221 0.20174 20.32193 0.36879 0.01927 0.41717 0.19477 1263.389
4.405 0.49396 41.09894 0.20154 20.30113 0.36888 0.01920 0.41749 0.19443 1262.921
4.410 0.49397 41.05575 0.20133 20.28038 0.36897 0.01912 0.41782 0.19409 1262.453
4.415 0.49399 41.01262 0.20112 20.25967 0.36906 0.01905 0.41814 0.19375 1261.985
4.420 0.49400 40.96956 0.20092 20.23901 0.36915 0.01898 0.41846 0.19341 1261.518
4.425 0.49402 40.92657 0.20071 20.21839 0.36924 0.01890 0.41879 0.19307 1261.052
4.430 0.49403 40.88365 0.20051 20.19782 0.36933 0.01883 0.41911 0.19273 1260.586
4.435 0.49405 40.84080 0.20031 20.17729 0.36942 0.01875 0.41943 0.19239 1260.120
4.440 0.49406 40.79802 0.20010 20.15680 0.36951 0.01868 0.41975 0.19206 1259.655
4.445 0.49408 40.75531 0.19990 20.13636 0.36960 0.01861 0.42008 0.19172 1259.191
4.450 0.49410 40.71267 0.19970 20.11596 0.36969 0.01854 0.42040 0.19138 1258.727
4.455 0.49411 40.67009 0.19950 20.09561 0.36977 0.01846 0.42072 0.19104 1258.263
4.460 0.49413 40.62759 0.19929 20.07530 0.36986 0.01839 0.42104 0.19071 1257.800
4.465 0.49415 40.58515 0.19909 20.05503 0.36995 0.01832 0.42136 0.19037 1257.338
4.470 0.49416 40.54279 0.19889 20.03481 0.37003 0.01825 0.42168 0.19003 1256.876
4.475 0.49418 40.50049 0.19869 20.01462 0.37012 0.01818 0.42200 0.18970 1256.415
4.480 0.49420 40.45826 0.19849 19.99449 0.37021 0.01811 0.42232 0.18936 1255.954
4.485 0.49422 40.41609 0.19829 19.97439 0.37029 0.01803 0.42264 0.18903 1255.493
4.490 0.49424 40.37400 0.19809 19.95434 0.37038 0.01796 0.42296 0.18869 1255.033
4.495 0.49426 40.33197 0.19789 19.93433 0.37046 0.01789 0.42328 0.18836 1254.574
4.500 0.49428 40.29001 0.19770 19.91436 0.37055 0.01782 0.42360 0.18803 1254.115
4.505 0.49429 40.24812 0.19750 19.89444 0.37063 0.01775 0.42392 0.18769 1253.656
4.510 0.49431 40.20630 0.19730 19.87456 0.37071 0.01768 0.42424 0.18736 1253.198
4.515 0.49433 40.16454 0.19710 19.85472 0.37080 0.01762 0.42456 0.18703 1252.741
4.520 0.49435 40.12285 0.19691 19.83492 0.37088 0.01755 0.42488 0.18670 1252.284
4.525 0.49438 40.08123 0.19671 19.81516 0.37096 0.01748 0.42520 0.18636 1251.827
4.530 0.49440 40.03967 0.19652 19.79545 0.37104 0.01741 0.42552 0.18603 1251.371
4.535 0.49442 39.99818 0.19632 19.77578 0.37112 0.01734 0.42583 0.18570 1250.916
4.540 0.49444 39.95676 0.19613 19.75614 0.37120 0.01727 0.42615 0.18537 1250.461
4.545 0.49446 39.91541 0.19593 19.73655 0.37128 0.01720 0.42647 0.18504 1250.006
4.550 0.49448 39.87412 0.19574 19.71701 0.37136 0.01714 0.42679 0.18471 1249.552
4.555 0.49450 39.83290 0.19554 19.69750 0.37144 0.01707 0.42710 0.18438 1249.099
4.560 0.49453 39.79174 0.19535 19.67803 0.37152 0.01700 0.42742 0.18405 1248.645
4.565 0.49455 39.75065 0.19516 19.65861 0.37160 0.01694 0.42774 0.18372 1248.193
4.570 0.49457 39.70963 0.19496 19.63922 0.37168 0.01687 0.42805 0.18340 1247.741
4.575 0.49459 39.66867 0.19477 19.61988 0.37176 0.01680 0.42837 0.18307 1247.289
4.580 0.49462 39.62778 0.19458 19.60057 0.37184 0.01674 0.42868 0.18274 1246.838
4.585 0.49464 39.58696 0.19439 19.58131 0.37192 0.01667 0.42900 0.18241 1246.387
4.590 0.49466 39.54620 0.19420 19.56209 0.37199 0.01661 0.42932 0.18209 1245.937
4.595 0.49469 39.50550 0.19401 19.54291 0.37207 0.01654 0.42963 0.18176 1245.488
4.600 0.49471 39.46487 0.19382 19.52376 0.37215 0.01648 0.42995 0.18143 1245.038
4.605 0.49474 39.42431 0.19363 19.50466 0.37222 0.01641 0.43026 0.18111 1244.590
