timeGa Urey Qt heat/H0 heatTW 1HPE 2HPE 3HPE 4HPE TempC
0.000 1.04000 104.92925 1.00000 109.12642 0.14715 0.29649 0.10464 0.45172 1800.000
0.005 1.03704 104.92925 0.99715 108.81560 0.14746 0.29588 0.10491 0.45175 1800.088
0.010 1.03387 104.95162 0.99431 108.50594 0.14776 0.29526 0.10519 0.45179 1800.168
0.015 1.03073 104.97209 0.99149 108.19745 0.14807 0.29465 0.10546 0.45182 1800.240
0.020 1.02762 104.99066 0.98867 107.89012 0.14838 0.29404 0.10573 0.45185 1800.306
0.025 1.02454 105.00736 0.98587 107.58394 0.14868 0.29343 0.10601 0.45188 1800.364
0.030 1.02149 105.02220 0.98307 107.27892 0.14899 0.29281 0.10628 0.45191 1800.414
0.035 1.01847 105.03519 0.98029 106.97504 0.14930 0.29220 0.10656 0.45194 1800.458
0.040 1.01548 105.04637 0.97751 106.67230 0.14960 0.29159 0.10684 0.45197 1800.495
0.045 1.01252 105.05573 0.97475 106.37070 0.14991 0.29098 0.10711 0.45199 1800.524
0.050 1.00958 105.06331 0.97199 106.07023 0.15022 0.29037 0.10739 0.45202 1800.547
0.055 1.00668 105.06911 0.96925 105.77089 0.15053 0.28976 0.10767 0.45204 1800.563
0.060 1.00380 105.07315 0.96652 105.47266 0.15084 0.28916 0.10794 0.45206 1800.572
0.065 1.00095 105.07546 0.96380 105.17556 0.15115 0.28855 0.10822 0.45208 1800.574
0.070 0.99813 105.07603 0.96108 104.87957 0.15146 0.28794 0.10850 0.45210 1800.570
0.075 0.99533 105.07490 0.95838 104.58468 0.15177 0.28733 0.10878 0.45212 1800.559
0.080 0.99257 105.07208 0.95569 104.29090 0.15208 0.28673 0.10906 0.45214 1800.541
0.085 0.98982 105.06758 0.95301 103.99822 0.15239 0.28612 0.10934 0.45215 1800.517
0.090 0.98710 105.06141 0.95033 103.70663 0.15270 0.28552 0.10962 0.45217 1800.486
0.095 0.98441 105.05361 0.94767 103.41613 0.15301 0.28491 0.10990 0.45218 1800.450
0.100 0.98175 105.04418 0.94502 103.12671 0.15332 0.28431 0.11018 0.45219 1800.406
0.105 0.97910 105.03313 0.94238 102.83838 0.15363 0.28371 0.11046 0.45221 1800.357
0.110 0.97649 105.02049 0.93975 102.55112 0.15394 0.28310 0.11074 0.45222 1800.301
0.115 0.97389 105.00627 0.93712 102.26493 0.15425 0.28250 0.11103 0.45222 1800.240
0.120 0.97132 104.99048 0.93451 101.97982 0.15456 0.28190 0.11131 0.45223 1800.172
0.125 0.96878 104.97315 0.93191 101.69576 0.15487 0.28130 0.11159 0.45224 1800.098
0.130 0.96626 104.95428 0.92931 101.41276 0.15518 0.28070 0.11188 0.45224 1800.018
0.135 0.96376 104.93389 0.92673 101.13082 0.15550 0.28010 0.11216 0.45225 1799.932
0.140 0.96128 104.91200 0.92416 100.84992 0.15581 0.27950 0.11245 0.45225 1799.841
0.145 0.95883 104.88862 0.92159 100.57007 0.15612 0.27890 0.11273 0.45225 1799.744
0.150 0.95640 104.86377 0.91904 100.29126 0.15643 0.27830 0.11302 0.45225 1799.641
0.155 0.95399 104.83746 0.91649 100.01349 0.15675 0.27770 0.11330 0.45225 1799.532
0.160 0.95160 104.80971 0.91396 99.73675 0.15706 0.27710 0.11359 0.45225 1799.418
0.165 0.94923 104.78053 0.91143 99.46103 0.15737 0.27651 0.11387 0.45225 1799.298
0.170 0.94689 104.74994 0.90891 99.18634 0.15769 0.27591 0.11416 0.45224 1799.173
0.175 0.94456 104.71796 0.90640 98.91267 0.15800 0.27531 0.11445 0.45224 1799.042
0.180 0.94226 104.68459 0.90391 98.64002 0.15831 0.27472 0.11474 0.45223 1798.906
0.185 0.93998 104.64985 0.90142 98.36837 0.15863 0.27412 0.11503 0.45222 1798.764
0.190 0.93771 104.61376 0.89894 98.09773 0.15894 0.27353 0.11531 0.45221 1798.617
0.195 0.93547 104.57633 0.89647 97.82810 0.15926 0.27294 0.11560 0.45220 1798.465
0.200 0.93325 104.53757 0.89400 97.55946 0.15957 0.27234 0.11589 0.45219 1798.308
0.205 0.93104 104.49751 0.89155 97.29182 0.15989 0.27175 0.11618 0.45218 1798.146
0.210 0.92886 104.45615 0.88911 97.02517 0.16020 0.27116 0.11647 0.45217 1797.979
0.215 0.92670 104.41350 0.88667 96.75950 0.16052 0.27057 0.11676 0.45215 1797.806
0.220 0.92455 104.36959 0.88425 96.49481 0.16083 0.26998 0.11706 0.45213 1797.629
0.225 0.92242 104.32443 0.88183 96.23111 0.16115 0.26939 0.11735 0.45212 1797.446
0.230 0.92031 104.27802 0.87942 95.96837 0.16147 0.26880 0.11764 0.45210 1797.259
0.235 0.91822 104.23039 0.87703 95.70661 0.16178 0.26821 0.11793 0.45208 1797.067
0.240 0.91615 104.18154 0.87464 95.44581 0.16210 0.26762 0.11823 0.45206 1796.870
0.245 0.91409 104.13150 0.87225 95.18598 0.16241 0.26703 0.11852 0.45204 1796.669
0.250 0.91206 104.08027 0.86988 94.92710 0.16273 0.26644 0.11881 0.45201 1796.463
0.255 0.91004 104.02787 0.86752 94.66918 0.16305 0.26586 0.11911 0.45199 1796.252
0.260 0.90803 103.97431 0.86516 94.41220 0.16337 0.26527 0.11940 0.45196 1796.037
0.265 0.90605 103.91960 0.86282 94.15617 0.16368 0.26469 0.11970 0.45194 1795.817
0.270 0.90408 103.86377 0.86048 93.90109 0.16400 0.26410 0.11999 0.45191 1795.592
0.275 0.90213 103.80681 0.85815 93.64694 0.16432 0.26352 0.12029 0.45188 1795.363
0.280 0.90019 103.74874 0.85583 93.39373 0.16464 0.26293 0.12058 0.45185 1795.130
0.285 0.89827 103.68959 0.85352 93.14144 0.16495 0.26235 0.12088 0.45182 1794.893
0.290 0.89637 103.62935 0.85122 92.89009 0.16527 0.26177 0.12118 0.45178 1794.651
0.295 0.89448 103.56804 0.84892 92.63966 0.16559 0.26118 0.12148 0.45175 1794.404
0.300 0.89261 103.50568 0.84663 92.39014 0.16591 0.26060 0.12177 0.45171 1794.154
0.305 0.89075 103.44228 0.84436 92.14154 0.16623 0.26002 0.12207 0.45168 1793.899
0.310 0.88891 103.37784 0.84209 91.89386 0.16655 0.25944 0.12237 0.45164 1793.641
0.315 0.88709 103.31239 0.83982 91.64708 0.16687 0.25886 0.12267 0.45160 1793.378
0.320 0.88528 103.24593 0.83757 91.40120 0.16718 0.25828 0.12297 0.45156 1793.111
0.325 0.88348 103.17848 0.83533 91.15622 0.16750 0.25771 0.12327 0.45152 1792.840
0.330 0.88170 103.11004 0.83309 90.91215 0.16782 0.25713 0.12357 0.45148 1792.566
0.335 0.87993 103.04064 0.83086 90.66896 0.16814 0.25655 0.12387 0.45143 1792.287
0.340 0.87818 102.97028 0.82864 90.42666 0.16846 0.25598 0.12417 0.45139 1792.004
0.345 0.87644 102.89897 0.82643 90.18525 0.16878 0.25540 0.12447 0.45134 1791.718
0.350 0.87472 102.82673 0.82423 89.94472 0.16910 0.25482 0.12478 0.45130 1791.428
0.355 0.87301 102.75357 0.82203 89.70507 0.16942 0.25425 0.12508 0.45125 1791.134
0.360 0.87132 102.67949 0.81984 89.46630 0.16975 0.25368 0.12538 0.45120 1790.836
0.365 0.86963 102.60452 0.81766 89.22839 0.17007 0.25310 0.12568 0.45115 1790.535
0.370 0.86797 102.52866 0.81549 88.99136 0.17039 0.25253 0.12599 0.45110 1790.230
0.375 0.86631 102.45192 0.81332 88.75518 0.17071 0.25196 0.12629 0.45104 1789.922
0.380 0.86467 102.37432 0.81117 88.51987 0.17103 0.25139 0.12660 0.45099 1789.609
0.385 0.86304 102.29586 0.80902 88.28542 0.17135 0.25082 0.12690 0.45093 1789.294
0.390 0.86142 102.21656 0.80688 88.05181 0.17167 0.25025 0.12721 0.45088 1788.975
0.395 0.85982 102.13642 0.80475 87.81906 0.17199 0.24968 0.12751 0.45082 1788.652
0.400 0.85823 102.05546 0.80262 87.58716 0.17232 0.24911 0.12782 0.45076 1788.326
0.405 0.85665 101.97370 0.80050 87.35609 0.17264 0.24854 0.12812 0.45070 1787.997
0.410 0.85509 101.89113 0.79839 87.12587 0.17296 0.24797 0.12843 0.45064 1787.664
0.415 0.85353 101.80777 0.79629 86.89648 0.17328 0.24741 0.12874 0.45058 1787.329
0.420 0.85199 101.72364 0.79420 86.66793 0.17360 0.24684 0.12904 0.45051 1786.989
0.425 0.85047 101.63873 0.79211 86.44020 0.17393 0.24627 0.12935 0.45045 1786.647
0.430 0.84895 101.55307 0.79003 86.21330 0.17425 0.24571 0.12966 0.45038 1786.302
0.435 0.84744 101.46665 0.78796 85.98723 0.17457 0.24514 0.12997 0.45031 1785.953
0.440 0.84595 101.37950 0.78590 85.76197 0.17489 0.24458 0.13028 0.45025 1785.601
0.445 0.84447 101.29163 0.78384 85.53753 0.17522 0.24402 0.13059 0.45018 1785.246
0.450 0.84300 101.20303 0.78179 85.31390 0.17554 0.24346 0.13090 0.45011 1784.888
0.455 0.84154 101.11373 0.77975 85.09108 0.17586 0.24289 0.13121 0.45003 1784.527
0.460 0.84009 101.02372 0.77771 84.86907 0.17619 0.24233 0.13152 0.44996 1784.163
0.465 0.83865 100.93303 0.77569 84.64785 0.17651 0.24177 0.13183 0.44989 1783.797
0.470 0.83723 100.84166 0.77367 84.42744 0.17683 0.24121 0.13214 0.44981 1783.427
0.475 0.83581 100.74962 0.77165 84.20783 0.17716 0.24065 0.13245 0.44973 1783.054
0.480 0.83441 100.65693 0.76965 83.98900 0.17748 0.24009 0.13277 0.44966 1782.679
0.485 0.83302 100.56358 0.76765 83.77097 0.17781 0.23954 0.13308 0.44958 1782.301
0.490 0.83163 100.46959 0.76566 83.55372 0.17813 0.23898 0.13339 0.44950 1781.920
0.495 0.83026 100.37496 0.76368 83.33726 0.17846 0.23842 0.13370 0.44942 1781.536
0.500 0.82890 100.27972 0.76170 83.12157 0.17878 0.23787 0.13402 0.44933 1781.149
0.505 0.82755 100.18386 0.75973 82.90667 0.17910 0.23731 0.13433 0.44925 1780.760
0.510 0.82620 100.08740 0.75777 82.69253 0.17943 0.23676 0.13465 0.44916 1780.368
0.515 0.82487 99.99034 0.75581 82.47917 0.17975 0.23620 0.13496 0.44908 1779.974
0.520 0.82355 99.89269 0.75386 82.26657 0.18008 0.23565 0.13528 0.44899 1779.577
0.525 0.82224 99.79447 0.75192 82.05474 0.18040 0.23510 0.13559 0.44890 1779.177
0.530 0.82093 99.69568 0.74999 81.84367 0.18073 0.23455 0.13591 0.44881 1778.775
0.535 0.81964 99.59633 0.74806 81.63336 0.18105 0.23400 0.13623 0.44872 1778.370
0.540 0.81836 99.49642 0.74614 81.42380 0.18138 0.23345 0.13654 0.44863 1777.963
0.545 0.81709 99.39597 0.74423 81.21500 0.18171 0.23290 0.13686 0.44854 1777.554
0.550 0.81582 99.29499 0.74232 81.00694 0.18203 0.23235 0.13718 0.44844 1777.142
0.555 0.81457 99.19348 0.74042 80.79963 0.18236 0.23180 0.13750 0.44835 1776.727
0.560 0.81332 99.09145 0.73853 80.59306 0.18268 0.23125 0.13781 0.44825 1776.311
0.565 0.81208 98.98891 0.73664 80.38723 0.18301 0.23071 0.13813 0.44816 1775.892
0.570 0.81086 98.88586 0.73476 80.18214 0.18333 0.23016 0.13845 0.44806 1775.470
0.575 0.80964 98.78232 0.73289 79.97778 0.18366 0.22961 0.13877 0.44796 1775.047
0.580 0.80843 98.67830 0.73103 79.77416 0.18399 0.22907 0.13909 0.44786 1774.621
0.585 0.80723 98.57380 0.72917 79.57126 0.18431 0.22852 0.13941 0.44775 1774.193
0.590 0.80603 98.46882 0.72731 79.36908 0.18464 0.22798 0.13973 0.44765 1773.763
0.595 0.80485 98.36339 0.72547 79.16763 0.18497 0.22744 0.14005 0.44754 1773.330
0.600 0.80367 98.25749 0.72363 78.96690 0.18529 0.22690 0.14037 0.44744 1772.896
0.605 0.80251 98.15115 0.72179 78.76688 0.18562 0.22635 0.14069 0.44733 1772.459
0.610 0.80135 98.04437 0.71997 78.56758 0.18594 0.22581 0.14102 0.44722 1772.020
0.615 0.80020 97.93716 0.71815 78.36898 0.18627 0.22527 0.14134 0.44712 1771.580
0.620 0.79905 97.82952 0.71634 78.17110 0.18660 0.22473 0.14166 0.44700 1771.137
0.625 0.79792 97.72146 0.71453 77.97392 0.18693 0.22420 0.14198 0.44689 1770.692
0.630 0.79679 97.61299 0.71273 77.77744 0.18725 0.22366 0.14231 0.44678 1770.245
0.635 0.79568 97.50412 0.71093 77.58166 0.18758 0.22312 0.14263 0.44667 1769.796
0.640 0.79457 97.39485 0.70915 77.38657 0.18791 0.22258 0.14296 0.44655 1769.346
0.645 0.79346 97.28519 0.70736 77.19218 0.18823 0.22205 0.14328 0.44644 1768.893
0.650 0.79237 97.17515 0.70559 76.99848 0.18856 0.22151 0.14361 0.44632 1768.439
0.655 0.79128 97.06473 0.70382 76.80547 0.18889 0.22098 0.14393 0.44620 1767.982
0.660 0.79020 96.95394 0.70206 76.61314 0.18922 0.22045 0.14426 0.44608 1767.524
0.665 0.78913 96.84279 0.70030 76.42149 0.18954 0.21991 0.14458 0.44596 1767.064
0.670 0.78806 96.73128 0.69855 76.23053 0.18987 0.21938 0.14491 0.44584 1766.602
0.675 0.78701 96.61943 0.69681 76.04024 0.19020 0.21885 0.14524 0.44572 1766.139
0.680 0.78596 96.50723 0.69507 75.85062 0.19053 0.21832 0.14556 0.44559 1765.673
0.685 0.78492 96.39469 0.69334 75.66168 0.19085 0.21779 0.14589 0.44547 1765.206
0.690 0.78388 96.28183 0.69161 75.47340 0.19118 0.21726 0.14622 0.44534 1764.738
0.695 0.78285 96.16864 0.68990 75.28579 0.19151 0.21673 0.14655 0.44521 1764.267
0.700 0.78183 96.05514 0.68818 75.09885 0.19184 0.21620 0.14687 0.44508 1763.795
0.705 0.78082 95.94132 0.68648 74.91256 0.19217 0.21568 0.14720 0.44495 1763.321
0.710 0.77981 95.82720 0.68477 74.72693 0.19249 0.21515 0.14753 0.44482 1762.846
0.715 0.77881 95.71278 0.68308 74.54196 0.19282 0.21462 0.14786 0.44469 1762.369
0.720 0.77782 95.59807 0.68139 74.35764 0.19315 0.21410 0.14819 0.44456 1761.891
0.725 0.77683 95.48307 0.67971 74.17397 0.19348 0.21357 0.14852 0.44442 1761.411
0.730 0.77585 95.36779 0.67803 73.99095 0.19381 0.21305 0.14885 0.44429 1760.929
0.735 0.77487 95.25224 0.67636 73.80857 0.19414 0.21253 0.14918 0.44415 1760.446
0.740 0.77391 95.13642 0.67469 73.62684 0.19446 0.21201 0.14951 0.44402 1759.962
0.745 0.77295 95.02033 0.67303 73.44574 0.19479 0.21148 0.14985 0.44388 1759.476
0.750 0.77199 94.90399 0.67138 73.26528 0.19512 0.21096 0.15018 0.44374 1758.988
0.755 0.77105 94.78740 0.66973 73.08546 0.19545 0.21044 0.15051 0.44360 1758.500
0.760 0.77010 94.67055 0.66809 72.90626 0.19578 0.20992 0.15084 0.44345 1758.009
0.765 0.76917 94.55347 0.66645 72.72770 0.19611 0.20941 0.15118 0.44331 1757.518
0.770 0.76824 94.43616 0.66482 72.54977 0.19644 0.20889 0.15151 0.44317 1757.025
0.775 0.76732 94.31861 0.66320 72.37245 0.19676 0.20837 0.15184 0.44302 1756.530
0.780 0.76640 94.20084 0.66158 72.19576 0.19709 0.20785 0.15218 0.44288 1756.035
0.785 0.76549 94.08285 0.65997 72.01969 0.19742 0.20734 0.15251 0.44273 1755.538
0.790 0.76459 93.96464 0.65836 71.84424 0.19775 0.20682 0.15285 0.44258 1755.039
0.795 0.76369 93.84623 0.65676 71.66940 0.19808 0.20631 0.15318 0.44243 1754.540
0.800 0.76280 93.72761 0.65516 71.49517 0.19841 0.20580 0.15352 0.44228 1754.039
0.805 0.76191 93.60880 0.65357 71.32156 0.19874 0.20528 0.15385 0.44213 1753.537
0.810 0.76103 93.48979 0.65198 71.14855 0.19907 0.20477 0.15419 0.44197 1753.034
0.815 0.76016 93.37059 0.65040 70.97614 0.19940 0.20426 0.15452 0.44182 1752.529
0.820 0.75929 93.25121 0.64883 70.80434 0.19972 0.20375 0.15486 0.44166 1752.024
0.825 0.75842 93.13165 0.64726 70.63314 0.20005 0.20324 0.15520 0.44151 1751.517
0.830 0.75756 93.01192 0.64570 70.46253 0.20038 0.20273 0.15553 0.44135 1751.009
0.835 0.75671 92.89202 0.64414 70.29252 0.20071 0.20222 0.15587 0.44119 1750.500
0.840 0.75587 92.77195 0.64259 70.12310 0.20104 0.20172 0.15621 0.44103 1749.990
0.845 0.75502 92.65172 0.64104 69.95427 0.20137 0.20121 0.15655 0.44087 1749.478
0.850 0.75419 92.53134 0.63950 69.78603 0.20170 0.20071 0.15689 0.44071 1748.966
0.855 0.75336 92.41081 0.63796 69.61838 0.20203 0.20020 0.15723 0.44055 1748.453
0.860 0.75253 92.29013 0.63643 69.45131 0.20236 0.19970 0.15756 0.44038 1747.938
0.865 0.75171 92.16931 0.63490 69.28482 0.20269 0.19919 0.15790 0.44022 1747.423
0.870 0.75090 92.04835 0.63338 69.11891 0.20302 0.19869 0.15824 0.44005 1746.906
0.875 0.75009 91.92726 0.63187 68.95358 0.20334 0.19819 0.15858 0.43988 1746.389
0.880 0.74928 91.80604 0.63036 68.78882 0.20367 0.19769 0.15892 0.43972 1745.870
0.885 0.74849 91.68469 0.62885 68.62463 0.20400 0.19719 0.15927 0.43955 1745.351
0.890 0.74769 91.56323 0.62736 68.46101 0.20433 0.19669 0.15961 0.43938 1744.830
0.895 0.74690 91.44165 0.62586 68.29796 0.20466 0.19619 0.15995 0.43920 1744.309
0.900 0.74612 91.31996 0.62437 68.13547 0.20499 0.19569 0.16029 0.43903 1743.787
0.905 0.74534 91.19816 0.62289 67.97355 0.20532 0.19519 0.16063 0.43886 1743.264
0.910 0.74456 91.07626 0.62141 67.81219 0.20565 0.19469 0.16097 0.43868 1742.740
0.915 0.74380 90.95426 0.61994 67.65138 0.20598 0.19420 0.16132 0.43851 1742.215
0.920 0.74303 90.83216 0.61847 67.49113 0.20631 0.19370 0.16166 0.43833 1741.689
0.925 0.74227 90.70997 0.61700 67.33144 0.20664 0.19321 0.16200 0.43815 1741.162
0.930 0.74152 90.58769 0.61555 67.17230 0.20696 0.19271 0.16235 0.43797 1740.635
0.935 0.74077 90.46533 0.61409 67.01370 0.20729 0.19222 0.16269 0.43779 1740.106
0.940 0.74002 90.34289 0.61264 66.85566 0.20762 0.19173 0.16304 0.43761 1739.577
0.945 0.73928 90.22037 0.61120 66.69816 0.20795 0.19124 0.16338 0.43743 1739.048
0.950 0.73854 90.09778 0.60976 66.54120 0.20828 0.19075 0.16372 0.43725 1738.517
0.955 0.73781 89.97512 0.60833 66.38478 0.20861 0.19026 0.16407 0.43706 1737.986
0.960 0.73709 89.85240 0.60690 66.22891 0.20894 0.18977 0.16442 0.43688 1737.453
0.965 0.73636 89.72961 0.60548 66.07356 0.20927 0.18928 0.16476 0.43669 1736.921
0.970 0.73564 89.60676 0.60406 65.91876 0.20960 0.18879 0.16511 0.43650 1736.387
0.975 0.73493 89.48386 0.60264 65.76448 0.20993 0.18831 0.16545 0.43632 1735.853
0.980 0.73422 89.36091 0.60124 65.61074 0.21025 0.18782 0.16580 0.43613 1735.318
0.985 0.73352 89.23791 0.59983 65.45752 0.21058 0.18733 0.16615 0.43593 1734.782
0.990 0.73282 89.11487 0.59843 65.30483 0.21091 0.18685 0.16649 0.43574 1734.246
0.995 0.73212 88.99178 0.59704 65.15267 0.21124 0.18637 0.16684 0.43555 1733.709
1.000 0.73143 88.86866 0.59565 65.00103 0.21157 0.18588 0.16719 0.43536 1733.171
1.005 0.73074 88.74550 0.59426 64.84990 0.21190 0.18540 0.16754 0.43516 1732.633
1.010 0.73006 88.62231 0.59288 64.69930 0.21223 0.18492 0.16789 0.43497 1732.094
1.015 0.72938 88.49909 0.59151 64.54921 0.21256 0.18444 0.16824 0.43477 1731.554
1.020 0.72870 88.37584 0.59014 64.39963 0.21288 0.18396 0.16858 0.43457 1731.014
1.025 0.72803 88.25258 0.58877 64.25057 0.21321 0.18348 0.16893 0.43437 1730.474
1.030 0.72736 88.12929 0.58741 64.10201 0.21354 0.18300 0.16928 0.43417 1729.932
1.035 0.72670 88.00599 0.58605 63.95396 0.21387 0.18252 0.16963 0.43397 1729.391
1.040 0.72604 87.88268 0.58470 63.80642 0.21420 0.18205 0.16998 0.43377 1728.848
1.045 0.72539 87.75935 0.58335 63.65939 0.21453 0.18157 0.17033 0.43357 1728.305
1.050 0.72473 87.63602 0.58201 63.51285 0.21486 0.18110 0.17068 0.43336 1727.762
1.055 0.72409 87.51269 0.58067 63.36681 0.21518 0.18062 0.17104 0.43316 1727.218
1.060 0.72344 87.38935 0.57934 63.22128 0.21551 0.18015 0.17139 0.43295 1726.674
1.065 0.72280 87.26602 0.57801 63.07623 0.21584 0.17968 0.17174 0.43275 1726.129
1.070 0.72217 87.14268 0.57669 62.93169 0.21617 0.17920 0.17209 0.43254 1725.583
1.075 0.72154 87.01936 0.57537 62.78763 0.21650 0.17873 0.17244 0.43233 1725.038
1.080 0.72091 86.89605 0.57405 62.64406 0.21682 0.17826 0.17279 0.43212 1724.491
1.085 0.72028 86.77275 0.57274 62.50099 0.21715 0.17779 0.17315 0.43191 1723.945
1.090 0.71966 86.64946 0.57143 62.35839 0.21748 0.17732 0.17350 0.43170 1723.397
1.095 0.71905 86.52619 0.57013 62.21629 0.21781 0.17685 0.17385 0.43148 1722.850
1.100 0.71843 86.40294 0.56883 62.07466 0.21814 0.17639 0.17421 0.43127 1722.302
1.105 0.71782 86.27972 0.56754 61.93352 0.21846 0.17592 0.17456 0.43105 1721.753
1.110 0.71722 86.15652 0.56625 61.79285 0.21879 0.17546 0.17492 0.43084 1721.205
1.115 0.71661 86.03335 0.56497 61.65266 0.21912 0.17499 0.17527 0.43062 1720.655
1.120 0.71601 85.91020 0.56369 61.51295 0.21945 0.17453 0.17562 0.43040 1720.106
1.125 0.71542 85.78710 0.56241 61.37371 0.21977 0.17406 0.17598 0.43018 1719.556
1.130 0.71483 85.66402 0.56114 61.23494 0.22010 0.17360 0.17633 0.42996 1719.006
1.135 0.71424 85.54099 0.55987 61.09664 0.22043 0.17314 0.17669 0.42974 1718.455
1.140 0.71365 85.41799 0.55861 60.95880 0.22076 0.17268 0.17705 0.42952 1717.904
1.145 0.71307 85.29504 0.55735 60.82144 0.22108 0.17222 0.17740 0.42930 1717.353
1.150 0.71249 85.17213 0.55609 60.68453 0.22141 0.17176 0.17776 0.42907 1716.801
1.155 0.71192 85.04927 0.55484 60.54809 0.22174 0.17130 0.17811 0.42885 1716.249
1.160 0.71135 84.92646 0.55360 60.41211 0.22206 0.17084 0.17847 0.42862 1715.697
1.165 0.71078 84.80370 0.55236 60.27659 0.22239 0.17038 0.17883 0.42840 1715.145
1.170 0.71021 84.68099 0.55112 60.14152 0.22272 0.16993 0.17918 0.42817 1714.592
1.175 0.70965 84.55834 0.54988 60.00691 0.22305 0.16947 0.17954 0.42794 1714.039
1.180 0.70909 84.43574 0.54865 59.87275 0.22337 0.16902 0.17990 0.42771 1713.485
1.185 0.70854 84.31321 0.54743 59.73905 0.22370 0.16856 0.18026 0.42748 1712.932
1.190 0.70799 84.19074 0.54621 59.60579 0.22402 0.16811 0.18062 0.42725 1712.378
1.195 0.70744 84.06833 0.54499 59.47298 0.22435 0.16766 0.18097 0.42702 1711.824
1.200 0.70689 83.94599 0.54378 59.34062 0.22468 0.16721 0.18133 0.42678 1711.270
1.205 0.70635 83.82371 0.54257 59.20870 0.22500 0.16676 0.18169 0.42655 1710.715
1.210 0.70581 83.70151 0.54136 59.07722 0.22533 0.16631 0.18205 0.42631 1710.161
1.215 0.70527 83.57938 0.54016 58.94619 0.22566 0.16586 0.18241 0.42608 1709.606
1.220 0.70474 83.45732 0.53897 58.81559 0.22598 0.16541 0.18277 0.42584 1709.051
1.225 0.70421 83.33534 0.53777 58.68543 0.22631 0.16496 0.18313 0.42560 1708.495
1.230 0.70368 83.21344 0.53659 58.55571 0.22663 0.16451 0.18349 0.42536 1707.940
1.235 0.70316 83.09161 0.53540 58.42642 0.22696 0.16407 0.18385 0.42512 1707.384
1.240 0.70264 82.96987 0.53422 58.29756 0.22728 0.16362 0.18421 0.42488 1706.829
1.245 0.70212 82.84821 0.53304 58.16914 0.22761 0.16318 0.18457 0.42464 1706.273
1.250 0.70160 82.72663 0.53187 58.04114 0.22793 0.16273 0.18494 0.42440 1705.717
1.255 0.70109 82.60514 0.53070 57.91357 0.22826 0.16229 0.18530 0.42415 1705.160
1.260 0.70058 82.48374 0.52954 57.78643 0.22858 0.16185 0.18566 0.42391 1704.604
1.265 0.70007 82.36243 0.52838 57.65971 0.22891 0.16141 0.18602 0.42366 1704.048
1.270 0.69957 82.24121 0.52722 57.53341 0.22923 0.16097 0.18638 0.42342 1703.491
1.275 0.69907 82.12009 0.52606 57.40754 0.22956 0.16053 0.18675 0.42317 1702.934
1.280 0.69857 81.99906 0.52491 57.28208 0.22988 0.16009 0.18711 0.42292 1702.378
1.285 0.69807 81.87812 0.52377 57.15704 0.23021 0.15965 0.18747 0.42267 1701.821
1.290 0.69758 81.75729 0.52263 57.03242 0.23053 0.15921 0.18783 0.42242 1701.264
1.295 0.69709 81.63655 0.52149 56.90821 0.23086 0.15878 0.18820 0.42217 1700.707
1.300 0.69661 81.51592 0.52035 56.78441 0.23118 0.15834 0.18856 0.42192 1700.150
1.305 0.69612 81.39538 0.51922 56.66103 0.23150 0.15791 0.18892 0.42166 1699.593
1.310 0.69564 81.27496 0.51810 56.53805 0.23183 0.15747 0.18929 0.42141 1699.035
1.315 0.69516 81.15464 0.51697 56.41548 0.23215 0.15704 0.18965 0.42115 1698.478
1.320 0.69468 81.03442 0.51585 56.29332 0.23248 0.15661 0.19002 0.42090 1697.921
1.325 0.69421 80.91432 0.51474 56.17156 0.23280 0.15618 0.19038 0.42064 1697.364
1.330 0.69374 80.79432 0.51363 56.05021 0.23312 0.15575 0.19075 0.42039 1696.806
1.335 0.69327 80.67444 0.51252 55.92926 0.23345 0.15532 0.19111 0.42013 1696.249
1.340 0.69281 80.55466 0.51141 55.80871 0.23377 0.15489 0.19148 0.41987 1695.691
1.345 0.69234 80.43501 0.51031 55.68855 0.23409 0.15446 0.19184 0.41961 1695.134
1.350 0.69188 80.31547 0.50921 55.56880 0.23441 0.15403 0.19221 0.41935 1694.576
1.355 0.69142 80.19604 0.50812 55.44944 0.23474 0.15360 0.19258 0.41908 1694.019
1.360 0.69097 80.07673 0.50703 55.33047 0.23506 0.15318 0.19294 0.41882 1693.462
1.365 0.69052 79.95755 0.50594 55.21190 0.23538 0.15275 0.19331 0.41856 1692.904
1.370 0.69006 79.83848 0.50486 55.09372 0.23570 0.15233 0.19368 0.41829 1692.347
1.375 0.68962 79.71954 0.50378 54.97592 0.23603 0.15190 0.19404 0.41803 1691.789
1.380 0.68917 79.60072 0.50271 54.85852 0.23635 0.15148 0.19441 0.41776 1691.232
1.385 0.68873 79.48202 0.50163 54.74150 0.23667 0.15106 0.19478 0.41749 1690.675
1.390 0.68829 79.36345 0.50056 54.62486 0.23699 0.15064 0.19514 0.41723 1690.118
1.395 0.68785 79.24501 0.49950 54.50861 0.23731 0.15022 0.19551 0.41696 1689.560
1.400 0.68741 79.12669 0.49844 54.39275 0.23763 0.14980 0.19588 0.41669 1689.003
1.405 0.68698 79.00850 0.49738 54.27726 0.23795 0.14938 0.19625 0.41642 1688.446
1.410 0.68655 78.89045 0.49632 54.16215 0.23828 0.14896 0.19662 0.41615 1687.889
1.415 0.68612 78.77252 0.49527 54.04742 0.23860 0.14854 0.19699 0.41587 1687.332
1.420 0.68569 78.65473 0.49423 53.93306 0.23892 0.14813 0.19735 0.41560 1686.775
1.425 0.68527 78.53707 0.49318 53.81908 0.23924 0.14771 0.19772 0.41533 1686.218
1.430 0.68485 78.41954 0.49214 53.70548 0.23956 0.14730 0.19809 0.41505 1685.662
1.435 0.68443 78.30215 0.49110 53.59224 0.23988 0.14688 0.19846 0.41478 1685.105
1.440 0.68401 78.18490 0.49007 53.47938 0.24020 0.14647 0.19883 0.41450 1684.549
1.445 0.68360 78.06778 0.48904 53.36688 0.24052 0.14606 0.19920 0.41422 1683.992
1.450 0.68318 77.95080 0.48801 53.25476 0.24084 0.14565 0.19957 0.41394 1683.436
1.455 0.68277 77.83397 0.48699 53.14299 0.24116 0.14524 0.19994 0.41367 1682.880
1.460 0.68237 77.71727 0.48596 53.03160 0.24148 0.14483 0.20031 0.41339 1682.324
1.465 0.68196 77.60071 0.48495 52.92056 0.24180 0.14442 0.20068 0.41311 1681.768
1.470 0.68156 77.48430 0.48393 52.80989 0.24211 0.14401 0.20105 0.41282 1681.212
1.475 0.68115 77.36803 0.48292 52.69958 0.24243 0.14360 0.20142 0.41254 1680.656
1.480 0.68076 77.25190 0.48191 52.58963 0.24275 0.14319 0.20180 0.41226 1680.101
1.485 0.68036 77.13592 0.48091 52.48004 0.24307 0.14279 0.20217 0.41197 1679.545
1.490 0.67996 77.02009 0.47991 52.37080 0.24339 0.14238 0.20254 0.41169 1678.990
1.495 0.67957 76.90440 0.47891 52.26192 0.24371 0.14198 0.20291 0.41140 1678.435
1.500 0.67918 76.78886 0.47792 52.15340 0.24402 0.14158 0.20328 0.41112 1677.880
1.505 0.67879 76.67347 0.47693 52.04522 0.24434 0.14117 0.20365 0.41083 1677.325
1.510 0.67840 76.55822 0.47594 51.93740 0.24466 0.14077 0.20403 0.41054 1676.771
1.515 0.67802 76.44313 0.47495 51.82992 0.24498 0.14037 0.20440 0.41025 1676.216
1.520 0.67764 76.32819 0.47397 51.72280 0.24529 0.13997 0.20477 0.40996 1675.662
1.525 0.67726 76.21340 0.47299 51.61602 0.24561 0.13957 0.20514 0.40967 1675.108
1.530 0.67688 76.09876 0.47202 51.50959 0.24593 0.13917 0.20552 0.40938 1674.554
1.535 0.67650 75.98427 0.47105 51.40350 0.24625 0.13877 0.20589 0.40909 1674.000
1.540 0.67613 75.86994 0.47008 51.29775 0.24656 0.13838 0.20626 0.40880 1673.447
1.545 0.67576 75.75576 0.46911 51.19235 0.24688 0.13798 0.20664 0.40851 1672.894
1.550 0.67538 75.64174 0.46815 51.08729 0.24719 0.13758 0.20701 0.40821 1672.340
1.555 0.67502 75.52787 0.46719 50.98257 0.24751 0.13719 0.20738 0.40792 1671.788
1.560 0.67465 75.41416 0.46623 50.87818 0.24783 0.13680 0.20776 0.40762 1671.235
1.565 0.67429 75.30061 0.46528 50.77413 0.24814 0.13640 0.20813 0.40732 1670.682
1.570 0.67392 75.18722 0.46433 50.67042 0.24846 0.13601 0.20851 0.40703 1670.130
1.575 0.67356 75.07398 0.46338 50.56704 0.24877 0.13562 0.20888 0.40673 1669.578
1.580 0.67320 74.96090 0.46244 50.46400 0.24909 0.13523 0.20926 0.40643 1669.026
1.585 0.67285 74.84799 0.46149 50.36128 0.24940 0.13484 0.20963 0.40613 1668.475
1.590 0.67249 74.73523 0.46056 50.25890 0.24972 0.13445 0.21001 0.40583 1667.923
1.595 0.67214 74.62263 0.45962 50.15685 0.25003 0.13406 0.21038 0.40553 1667.372
1.600 0.67179 74.51020 0.45869 50.05512 0.25034 0.13367 0.21076 0.40523 1666.821
1.605 0.67144 74.39793 0.45776 49.95372 0.25066 0.13329 0.21113 0.40492 1666.271
1.610 0.67109 74.28582 0.45683 49.85265 0.25097 0.13290 0.21151 0.40462 1665.720
1.615 0.67075 74.17387 0.45591 49.75190 0.25128 0.13252 0.21188 0.40432 1665.170
1.620 0.67040 74.06209 0.45499 49.65147 0.25160 0.13213 0.21226 0.40401 1664.620
1.625 0.67006 73.95047 0.45407 49.55136 0.25191 0.13175 0.21264 0.40371 1664.071
1.630 0.66972 73.83902 0.45316 49.45158 0.25222 0.13136 0.21301 0.40340 1663.521
1.635 0.66938 73.72773 0.45225 49.35211 0.25254 0.13098 0.21339 0.40309 1662.972
1.640 0.66905 73.61661 0.45134 49.25297 0.25285 0.13060 0.21377 0.40278 1662.424
1.645 0.66871 73.50565 0.45043 49.15413 0.25316 0.13022 0.21414 0.40248 1661.875
1.650 0.66838 73.39486 0.44953 49.05562 0.25347 0.12984 0.21452 0.40217 1661.327
1.655 0.66805 73.28424 0.44863 48.95742 0.25378 0.12946 0.21490 0.40186 1660.779
1.660 0.66772 73.17379 0.44773 48.85953 0.25410 0.12908 0.21527 0.40155 1660.231
1.665 0.66739 73.06350 0.44684 48.76196 0.25441 0.12871 0.21565 0.40123 1659.684
1.670 0.66707 72.95338 0.44595 48.66469 0.25472 0.12833 0.21603 0.40092 1659.137
1.675 0.66674 72.84344 0.44506 48.56774 0.25503 0.12796 0.21641 0.40061 1658.590
1.680 0.66642 72.73366 0.44417 48.47110 0.25534 0.12758 0.21678 0.40030 1658.043
1.685 0.66610 72.62405 0.44329 48.37476 0.25565 0.12721 0.21716 0.39998 1657.497
1.690 0.66578 72.51461 0.44241 48.27873 0.25596 0.12683 0.21754 0.39967 1656.951
1.695 0.66546 72.40534 0.44153 48.18300 0.25627 0.12646 0.21792 0.39935 1656.405
1.700 0.66515 72.29624 0.44066 48.08758 0.25658 0.12609 0.21830 0.39903 1655.860
1.705 0.66483 72.18732 0.43979 47.99246 0.25689 0.12572 0.21868 0.39872 1655.315
1.710 0.66452 72.07856 0.43892 47.89764 0.25720 0.12535 0.21905 0.39840 1654.770
1.715 0.66421 71.96998 0.43805 47.80312 0.25751 0.12498 0.21943 0.39808 1654.226
1.720 0.66390 71.86157 0.43719 47.70891 0.25781 0.12461 0.21981 0.39776 1653.682
1.725 0.66359 71.75333 0.43633 47.61499 0.25812 0.12424 0.22019 0.39744 1653.138
1.730 0.66329 71.64527 0.43547 47.52137 0.25843 0.12388 0.22057 0.39712 1652.595
1.735 0.66298 71.53738 0.43462 47.42804 0.25874 0.12351 0.22095 0.39680 1652.052
1.740 0.66268 71.42966 0.43376 47.33501 0.25905 0.12315 0.22133 0.39648 1651.509
1.745 0.66238 71.32212 0.43291 47.24227 0.25935 0.12278 0.22171 0.39615 1650.967
1.750 0.66208 71.21475 0.43207 47.14983 0.25966 0.12242 0.22209 0.39583 1650.424
1.755 0.66178 71.10756 0.43122 47.05768 0.25997 0.12205 0.22247 0.39551 1649.883
1.760 0.66149 71.00054 0.43038 46.96581 0.26028 0.12169 0.22285 0.39518 1649.341
1.765 0.66119 70.89369 0.42954 46.87424 0.26058 0.12133 0.22323 0.39486 1648.800
1.770 0.66090 70.78702 0.42870 46.78296 0.26089 0.12097 0.22361 0.39453 1648.260
1.775 0.66061 70.68053 0.42787 46.69196 0.26119 0.12061 0.22399 0.39421 1647.719
1.780 0.66032 70.57421 0.42704 46.60125 0.26150 0.12025 0.22437 0.39388 1647.179
1.785 0.66003 70.46807 0.42621 46.51083 0.26180 0.11989 0.22475 0.39355 1646.640
1.790 0.65974 70.36211 0.42538 46.42069 0.26211 0.11954 0.22513 0.39322 1646.100
1.795 0.65945 70.25632 0.42456 46.33083 0.26241 0.11918 0.22551 0.39289 1645.561
1.800 0.65917 70.15071 0.42374 46.24125 0.26272 0.11882 0.22589 0.39256 1645.023
1.805 0.65889 70.04527 0.42292 46.15196 0.26302 0.11847 0.22627 0.39223 1644.484
1.810 0.65861 69.94001 0.42211 46.06295 0.26333 0.11812 0.22666 0.39190 1643.947
1.815 0.65833 69.83493 0.42129 45.97421 0.26363 0.11776 0.22704 0.39157 1643.409
1.820 0.65805 69.73003 0.42048 45.88575 0.26394 0.11741 0.22742 0.39124 1642.872
1.825 0.65777 69.62531 0.41967 45.79757 0.26424 0.11706 0.22780 0.39090 1642.335
1.830 0.65750 69.52076 0.41887 45.70967 0.26454 0.11671 0.22818 0.39057 1641.799
1.835 0.65722 69.41639 0.41807 45.62204 0.26484 0.11636 0.22856 0.39024 1641.263
1.840 0.65695 69.31220 0.41727 45.53468 0.26515 0.11601 0.22894 0.38990 1640.727
1.845 0.65668 69.20819 0.41647 45.44760 0.26545 0.11566 0.22933 0.38957 1640.192
1.850 0.65641 69.10435 0.41567 45.36078 0.26575 0.11531 0.22971 0.38923 1639.657
1.855 0.65614 69.00070 0.41488 45.27424 0.26605 0.11496 0.23009 0.38889 1639.123
1.860 0.65588 68.89722 0.41409 45.18797 0.26635 0.11462 0.23047 0.38856 1638.589
1.865 0.65561 68.79393 0.41330 45.10197 0.26666 0.11427 0.23085 0.38822 1638.055
1.870 0.65535 68.69081 0.41251 45.01623 0.26696 0.11393 0.23124 0.38788 1637.522
1.875 0.65508 68.58787 0.41173 44.93076 0.26726 0.11358 0.23162 0.38754 1636.989
1.880 0.65482 68.48511 0.41095 44.84556 0.26756 0.11324 0.23200 0.38720 1636.456
1.885 0.65456 68.38253 0.41017 44.76062 0.26786 0.11290 0.23239 0.38686 1635.924
1.890 0.65430 68.28013 0.40940 44.67595 0.26816 0.11255 0.23277 0.38652 1635.393
1.895 0.65405 68.17791 0.40862 44.59154 0.26846 0.11221 0.23315 0.38618 1634.861
1.900 0.65379 68.07586 0.40785 44.50739 0.26876 0.11187 0.23353 0.38584 1634.330
1.905 0.65354 67.97400 0.40708 44.42350 0.26906 0.11153 0.23392 0.38549 1633.800
1.910 0.65328 67.87232 0.40632 44.33987 0.26935 0.11120 0.23430 0.38515 1633.270
1.915 0.65303 67.77082 0.40555 44.25650 0.26965 0.11086 0.23468 0.38481 1632.740
1.920 0.65278 67.66949 0.40479 44.17339 0.26995 0.11052 0.23507 0.38446 1632.211
1.925 0.65253 67.56835 0.40403 44.09053 0.27025 0.11018 0.23545 0.38412 1631.682
1.930 0.65228 67.46739 0.40327 44.00793 0.27055 0.10985 0.23583 0.38377 1631.154
1.935 0.65204 67.36661 0.40252 43.92559 0.27084 0.10951 0.23622 0.38343 1630.626
1.940 0.65179 67.26601 0.40177 43.84350 0.27114 0.10918 0.23660 0.38308 1630.098
1.945 0.65155 67.16558 0.40102 43.76166 0.27144 0.10885 0.23699 0.38273 1629.571
1.950 0.65131 67.06534 0.40027 43.68008 0.27173 0.10851 0.23737 0.38238 1629.044
1.955 0.65106 66.96528 0.39953 43.59874 0.27203 0.10818 0.23775 0.38204 1628.518
1.960 0.65082 66.86540 0.39878 43.51766 0.27232 0.10785 0.23814 0.38169 1627.992
1.965 0.65059 66.76570 0.39804 43.43683 0.27262 0.10752 0.23852 0.38134 1627.466
1.970 0.65035 66.66618 0.39730 43.35624 0.27291 0.10719 0.23891 0.38099 1626.941
1.975 0.65011 66.56684 0.39657 43.27591 0.27321 0.10686 0.23929 0.38064 1626.417
1.980 0.64988 66.46768 0.39583 43.19582 0.27350 0.10654 0.23967 0.38029 1625.892
1.985 0.64964 66.36870 0.39510 43.11597 0.27380 0.10621 0.24006 0.37994 1625.369
1.990 0.64941 66.26990 0.39437 43.03637 0.27409 0.10588 0.24044 0.37958 1624.845
1.995 0.64918 66.17128 0.39364 42.95702 0.27439 0.10556 0.24083 0.37923 1624.322
2.000 0.64895 66.07284 0.39292 42.87791 0.27468 0.10523 0.24121 0.37888 1623.800
2.005 0.64872 65.97458 0.39220 42.79904 0.27497 0.10491 0.24160 0.37852 1623.278
2.010 0.64849 65.87650 0.39148 42.72041 0.27526 0.10458 0.24198 0.37817 1622.756
2.015 0.64827 65.77860 0.39076 42.64202 0.27556 0.10426 0.24237 0.37781 1622.235
2.020 0.64804 65.68088 0.39004 42.56387 0.27585 0.10394 0.24275 0.37746 1621.714
2.025 0.64782 65.58335 0.38933 42.48596 0.27614 0.10362 0.24314 0.37710 1621.194
2.030 0.64759 65.48599 0.38862 42.40829 0.27643 0.10330 0.24352 0.37675 1620.674
2.035 0.64737 65.38881 0.38791 42.33086 0.27672 0.10298 0.24391 0.37639 1620.155
2.040 0.64715 65.29181 0.38720 42.25366 0.27701 0.10266 0.24429 0.37603 1619.636
2.045 0.64693 65.19499 0.38649 42.17669 0.27730 0.10234 0.24468 0.37568 1619.117
2.050 0.64671 65.09836 0.38579 42.09996 0.27759 0.10203 0.24506 0.37532 1618.599
2.055 0.64650 65.00190 0.38509 42.02347 0.27788 0.10171 0.24545 0.37496 1618.082
2.060 0.64628 64.90562 0.38439 41.94720 0.27817 0.10139 0.24583 0.37460 1617.564
2.065 0.64607 64.80952 0.38369 41.87117 0.27846 0.10108 0.24622 0.37424 1617.048
2.070 0.64585 64.71360 0.38300 41.79537 0.27875 0.10076 0.24660 0.37388 1616.531
2.075 0.64564 64.61786 0.38231 41.71980 0.27904 0.10045 0.24699 0.37352 1616.016
2.080 0.64543 64.52230 0.38162 41.64446 0.27933 0.10014 0.24737 0.37316 1615.500
2.085 0.64522 64.42692 0.38093 41.56935 0.27962 0.09983 0.24776 0.37280 1614.985
2.090 0.64501 64.33172 0.38024 41.49447 0.27990 0.09952 0.24815 0.37243 1614.471
2.095 0.64480 64.23669 0.37956 41.41981 0.28019 0.09920 0.24853 0.37207 1613.957
2.100 0.64459 64.14185 0.37888 41.34537 0.28048 0.09890 0.24892 0.37171 1613.444
2.105 0.64439 64.04718 0.37820 41.27117 0.28077 0.09859 0.24930 0.37134 1612.931
2.110 0.64418 63.95270 0.37752 41.19719 0.28105 0.09828 0.24969 0.37098 1612.418
2.115 0.64398 63.85839 0.37684 41.12343 0.28134 0.09797 0.25008 0.37062 1611.906
2.120 0.64378 63.76426 0.37617 41.04989 0.28162 0.09766 0.25046 0.37025 1611.394
2.125 0.64357 63.67031 0.37550 40.97657 0.28191 0.09736 0.25085 0.36989 1610.883
2.130 0.64337 63.57654 0.37483 40.90348 0.28219 0.09705 0.25123 0.36952 1610.372
2.135 0.64317 63.48295 0.37416 40.83061 0.28248 0.09675 0.25162 0.36915 1609.862
2.140 0.64298 63.38954 0.37349 40.75795 0.28276 0.09644 0.25201 0.36879 1609.352
2.145 0.64278 63.29630 0.37283 40.68552 0.28305 0.09614 0.25239 0.36842 1608.843
2.150 0.64258 63.20324 0.37217 40.61330 0.28333 0.09584 0.25278 0.36805 1608.334
2.155 0.64239 63.11036 0.37151 40.54130 0.28361 0.09554 0.25316 0.36768 1607.826
2.160 0.64219 63.01766 0.37085 40.46952 0.28390 0.09524 0.25355 0.36732 1607.318
2.165 0.64200 62.92513 0.37019 40.39795 0.28418 0.09494 0.25394 0.36695 1606.810
2.170 0.64181 62.83278 0.36954 40.32659 0.28446 0.09464 0.25432 0.36658 1606.303
2.175 0.64162 62.74061 0.36889 40.25545 0.28474 0.09434 0.25471 0.36621 1605.797
2.180 0.64143 62.64862 0.36824 40.18453 0.28503 0.09404 0.25510 0.36584 1605.291
2.185 0.64124 62.55680 0.36759 40.11381 0.28531 0.09374 0.25548 0.36547 1604.785
2.190 0.64105 62.46516 0.36694 40.04331 0.28559 0.09345 0.25587 0.36510 1604.280
2.195 0.64086 62.37370 0.36630 39.97302 0.28587 0.09315 0.25626 0.36472 1603.776
2.200 0.64068 62.28241 0.36566 39.90294 0.28615 0.09286 0.25664 0.36435 1603.271
2.205 0.64049 62.19130 0.36502 39.83306 0.28643 0.09256 0.25703 0.36398 1602.768
2.210 0.64031 62.10037 0.36438 39.76340 0.28671 0.09227 0.25742 0.36361 1602.265
2.215 0.64013 62.00961 0.36374 39.69394 0.28699 0.09198 0.25780 0.36323 1601.762
2.220 0.63994 61.91903 0.36311 39.62469 0.28727 0.09169 0.25819 0.36286 1601.260
2.225 0.63976 61.82862 0.36248 39.55565 0.28754 0.09139 0.25858 0.36249 1600.758
2.230 0.63958 61.73839 0.36184 39.48681 0.28782 0.09110 0.25896 0.36211 1600.257
2.235 0.63940 61.64833 0.36122 39.41818 0.28810 0.09081 0.25935 0.36174 1599.756
2.240 0.63923 61.55845 0.36059 39.34975 0.28838 0.09053 0.25974 0.36136 1599.256
2.245 0.63905 61.46875 0.35996 39.28153 0.28865 0.09024 0.26012 0.36099 1598.756
2.250 0.63887 61.37922 0.35934 39.21350 0.28893 0.08995 0.26051 0.36061 1598.257
2.255 0.63870 61.28986 0.35872 39.14568 0.28921 0.08966 0.26090 0.36023 1597.758
2.260 0.63852 61.20068 0.35810 39.07806 0.28948 0.08938 0.26128 0.35986 1597.260
2.265 0.63835 61.11167 0.35748 39.01065 0.28976 0.08909 0.26167 0.35948 1596.762
2.270 0.63818 61.02284 0.35687 38.94343 0.29003 0.08881 0.26206 0.35910 1596.264
2.275 0.63801 60.93418 0.35625 38.87641 0.29031 0.08852 0.26244 0.35873 1595.768
2.280 0.63784 60.84570 0.35564 38.80958 0.29058 0.08824 0.26283 0.35835 1595.271
2.285 0.63767 60.75739 0.35503 38.74296 0.29086 0.08796 0.26322 0.35797 1594.775
2.290 0.63750 60.66925 0.35442 38.67653 0.29113 0.08768 0.26360 0.35759 1594.280
2.295 0.63733 60.58128 0.35381 38.61030 0.29141 0.08739 0.26399 0.35721 1593.785
2.300 0.63716 60.49349 0.35321 38.54426 0.29168 0.08711 0.26438 0.35683 1593.291
2.305 0.63700 60.40587 0.35260 38.47842 0.29195 0.08683 0.26476 0.35645 1592.797
2.310 0.63683 60.31843 0.35200 38.41277 0.29222 0.08656 0.26515 0.35607 1592.303
2.315 0.63667 60.23115 0.35140 38.34732 0.29250 0.08628 0.26554 0.35569 1591.810
2.320 0.63651 60.14405 0.35080 38.28206 0.29277 0.08600 0.26592 0.35531 1591.318
2.325 0.63634 60.05712 0.35021 38.21699 0.29304 0.08572 0.26631 0.35493 1590.826
2.330 0.63618 59.97036 0.34961 38.15211 0.29331 0.08545 0.26670 0.35455 1590.334
2.335 0.63602 59.88377 0.34902 38.08742 0.29358 0.08517 0.26708 0.35416 1589.843
2.340 0.63586 59.79736 0.34843 38.02293 0.29385 0.08490 0.26747 0.35378 1589.353
2.345 0.63570 59.71111 0.34784 37.95862 0.29412 0.08462 0.26786 0.35340 1588.863
2.350 0.63555 59.62504 0.34725 37.89450 0.29439 0.08435 0.26825 0.35302 1588.373
2.355 0.63539 59.53914 0.34667 37.83057 0.29466 0.08408 0.26863 0.35263 1587.884
2.360 0.63523 59.45340 0.34608 37.76682 0.29493 0.08380 0.26902 0.35225 1587.396
2.365 0.63508 59.36784 0.34550 37.70326 0.29520 0.08353 0.26941 0.35187 1586.908
2.370 0.63492 59.28245 0.34492 37.63989 0.29546 0.08326 0.26979 0.35148 1586.420
2.375 0.63477 59.19723 0.34434 37.57670 0.29573 0.08299 0.27018 0.35110 1585.933
2.380 0.63462 59.11217 0.34376 37.51370 0.29600 0.08272 0.27057 0.35071 1585.447
2.385 0.63447 59.02729 0.34319 37.45088 0.29626 0.08246 0.27095 0.35033 1584.961
2.390 0.63432 58.94257 0.34261 37.38825 0.29653 0.08219 0.27134 0.34994 1584.475
2.395 0.63417 58.85803 0.34204 37.32579 0.29680 0.08192 0.27173 0.34955 1583.990
2.400 0.63402 58.77365 0.34147 37.26352 0.29706 0.08166 0.27211 0.34917 1583.506
2.405 0.63387 58.68944 0.34090 37.20143 0.29733 0.08139 0.27250 0.34878 1583.022
2.410 0.63372 58.60540 0.34033 37.13952 0.29759 0.08112 0.27289 0.34840 1582.538
2.415 0.63358 58.52153 0.33977 37.07779 0.29786 0.08086 0.27327 0.34801 1582.055
2.420 0.63343 58.43782 0.33921 37.01624 0.29812 0.08060 0.27366 0.34762 1581.573
2.425 0.63328 58.35428 0.33864 36.95487 0.29839 0.08033 0.27405 0.34723 1581.091
2.430 0.63314 58.27091 0.33808 36.89368 0.29865 0.08007 0.27443 0.34685 1580.609
2.435 0.63300 58.18771 0.33752 36.83266 0.29891 0.07981 0.27482 0.34646 1580.128
2.440 0.63285 58.10467 0.33697 36.77182 0.29917 0.07955 0.27521 0.34607 1579.647
2.445 0.63271 58.02180 0.33641 36.71116 0.29944 0.07929 0.27559 0.34568 1579.167
2.450 0.63257 57.93909 0.33586 36.65067 0.29970 0.07903 0.27598 0.34529 1578.688
2.455 0.63243 57.85655 0.33530 36.59036 0.29996 0.07877 0.27637 0.34490 1578.209
2.460 0.63229 57.77418 0.33475 36.53022 0.30022 0.07851 0.27675 0.34451 1577.730
2.465 0.63215 57.69197 0.33420 36.47026 0.30048 0.07826 0.27714 0.34412 1577.252
2.470 0.63202 57.60993 0.33365 36.41047 0.30074 0.07800 0.27753 0.34373 1576.775
2.475 0.63188 57.52805 0.33311 36.35085 0.30100 0.07774 0.27791 0.34334 1576.298
2.480 0.63174 57.44634 0.33256 36.29140 0.30126 0.07749 0.27830 0.34295 1575.821
2.485 0.63161 57.36479 0.33202 36.23213 0.30152 0.07723 0.27868 0.34256 1575.345
2.490 0.63147 57.28341 0.33148 36.17302 0.30178 0.07698 0.27907 0.34217 1574.870
2.495 0.63134 57.20219 0.33094 36.11409 0.30204 0.07673 0.27946 0.34178 1574.395
2.500 0.63121 57.12113 0.33040 36.05532 0.30230 0.07648 0.27984 0.34139 1573.920
2.505 0.63108 57.04024 0.32986 35.99673 0.30255 0.07622 0.28023 0.34099 1573.446
2.510 0.63094 56.95951 0.32933 35.93830 0.30281 0.07597 0.28062 0.34060 1572.973
2.515 0.63081 56.87894 0.32879 35.88004 0.30307 0.07572 0.28100 0.34021 1572.499
2.520 0.63068 56.79854 0.32826 35.82194 0.30332 0.07547 0.28139 0.33982 1572.027
2.525 0.63056 56.71829 0.32773 35.76402 0.30358 0.07522 0.28177 0.33942 1571.555
2.530 0.63043 56.63821 0.32720 35.70625 0.30383 0.07497 0.28216 0.33903 1571.083
2.535 0.63030 56.55830 0.32667 35.64866 0.30409 0.07473 0.28255 0.33864 1570.612
2.540 0.63017 56.47854 0.32615 35.59123 0.30434 0.07448 0.28293 0.33824 1570.142
2.545 0.63005 56.39894 0.32562 35.53396 0.30460 0.07423 0.28332 0.33785 1569.672
2.550 0.62992 56.31951 0.32510 35.47686 0.30485 0.07399 0.28370 0.33746 1569.202
2.555 0.62980 56.24024 0.32458 35.41991 0.30511 0.07374 0.28409 0.33706 1568.733
2.560 0.62967 56.16112 0.32406 35.36314 0.30536 0.07350 0.28447 0.33667 1568.265
2.565 0.62955 56.08217 0.32354 35.30652 0.30561 0.07325 0.28486 0.33627 1567.797
2.570 0.62943 56.00338 0.32302 35.25006 0.30586 0.07301 0.28525 0.33588 1567.330
2.575 0.62931 55.92474 0.32250 35.19377 0.30612 0.07277 0.28563 0.33548 1566.863
2.580 0.62918 55.84627 0.32199 35.13763 0.30637 0.07253 0.28602 0.33509 1566.396
2.585 0.62906 55.76796 0.32148 35.08166 0.30662 0.07229 0.28640 0.33469 1565.930
2.590 0.62895 55.68980 0.32097 35.02584 0.30687 0.07204 0.28679 0.33430 1565.465
2.595 0.62883 55.61180 0.32046 34.97019 0.30712 0.07180 0.28717 0.33390 1565.000
2.600 0.62871 55.53397 0.31995 34.91469 0.30737 0.07157 0.28756 0.33351 1564.535
2.605 0.62859 55.45629 0.31944 34.85934 0.30762 0.07133 0.28794 0.33311 1564.071
2.610 0.62847 55.37876 0.31893 34.80416 0.30787 0.07109 0.28833 0.33271 1563.608
2.615 0.62836 55.30140 0.31843 34.74913 0.30812 0.07085 0.28871 0.33232 1563.145
2.620 0.62824 55.22419 0.31793 34.69426 0.30837 0.07062 0.28910 0.33192 1562.682
2.625 0.62813 55.14714 0.31743 34.63954 0.30861 0.07038 0.28948 0.33152 1562.220
2.630 0.62802 55.07025 0.31693 34.58497 0.30886 0.07014 0.28987 0.33113 1561.759
2.635 0.62790 54.99351 0.31643 34.53056 0.30911 0.06991 0.29025 0.33073 1561.298
2.640 0.62779 54.91693 0.31593 34.47631 0.30935 0.06968 0.29064 0.33033 1560.838
2.645 0.62768 54.84050 0.31543 34.42220 0.30960 0.06944 0.29102 0.32993 1560.378
2.650 0.62757 54.76423 0.31494 34.36825 0.30985 0.06921 0.29141 0.32954 1559.918
2.655 0.62746 54.68812 0.31445 34.31445 0.31009 0.06898 0.29179 0.32914 1559.459
2.660 0.62735 54.61216 0.31396 34.26081 0.31034 0.06875 0.29218 0.32874 1559.001
2.665 0.62724 54.53635 0.31346 34.20731 0.31058 0.06852 0.29256 0.32834 1558.543
2.670 0.62713 54.46070 0.31298 34.15396 0.31083 0.06829 0.29295 0.32794 1558.085
2.675 0.62702 54.38521 0.31249 34.10077 0.31107 0.06806 0.29333 0.32754 1557.629
2.680 0.62692 54.30986 0.31200 34.04772 0.31131 0.06783 0.29371 0.32715 1557.172
2.685 0.62681 54.23468 0.31152 33.99482 0.31156 0.06760 0.29410 0.32675 1556.716
2.690 0.62670 54.15964 0.31103 33.94207 0.31180 0.06737 0.29448 0.32635 1556.261
2.695 0.62660 54.08476 0.31055 33.88947 0.31204 0.06714 0.29487 0.32595 1555.806
2.700 0.62650 54.01003 0.31007 33.83701 0.31228 0.06692 0.29525 0.32555 1555.351
2.705 0.62639 53.93545 0.30959 33.78471 0.31252 0.06669 0.29564 0.32515 1554.898
2.710 0.62629 53.86103 0.30911 33.73254 0.31276 0.06647 0.29602 0.32475 1554.444
2.715 0.62619 53.78676 0.30864 33.68053 0.31300 0.06624 0.29640 0.32435 1553.991
2.720 0.62608 53.71263 0.30816 33.62865 0.31324 0.06602 0.29679 0.32395 1553.539
2.725 0.62598 53.63867 0.30769 33.57693 0.31348 0.06580 0.29717 0.32355 1553.087
2.730 0.62588 53.56485 0.30722 33.52535 0.31372 0.06557 0.29755 0.32315 1552.636
2.735 0.62578 53.49118 0.30674 33.47391 0.31396 0.06535 0.29794 0.32275 1552.185
2.740 0.62568 53.41766 0.30627 33.42261 0.31420 0.06513 0.29832 0.32235 1551.734
2.745 0.62559 53.34430 0.30581 33.37146 0.31444 0.06491 0.29870 0.32195 1551.284
2.750 0.62549 53.27108 0.30534 33.32045 0.31467 0.06469 0.29909 0.32155 1550.835
2.755 0.62539 53.19801 0.30487 33.26958 0.31491 0.06447 0.29947 0.32115 1550.386
2.760 0.62529 53.12509 0.30441 33.21885 0.31515 0.06425 0.29985 0.32075 1549.938
2.765 0.62520 53.05233 0.30394 33.16826 0.31538 0.06403 0.30024 0.32035 1549.490
2.770 0.62510 52.97971 0.30348 33.11782 0.31562 0.06382 0.30062 0.31994 1549.042
2.775 0.62501 52.90724 0.30302 33.06751 0.31586 0.06360 0.30100 0.31954 1548.595
2.780 0.62492 52.83491 0.30256 33.01734 0.31609 0.06338 0.30139 0.31914 1548.149
2.785 0.62482 52.76274 0.30210 32.96731 0.31632 0.06317 0.30177 0.31874 1547.703
2.790 0.62473 52.69071 0.30164 32.91742 0.31656 0.06295 0.30215 0.31834 1547.258
2.795 0.62464 52.61883 0.30119 32.86767 0.31679 0.06274 0.30253 0.31794 1546.813
2.800 0.62455 52.54710 0.30073 32.81805 0.31703 0.06252 0.30292 0.31754 1546.368
2.805 0.62445 52.47551 0.30028 32.76857 0.31726 0.06231 0.30330 0.31713 1545.924
2.810 0.62436 52.40407 0.29983 32.71923 0.31749 0.06210 0.30368 0.31673 1545.481
2.815 0.62427 52.33278 0.29938 32.67002 0.31772 0.06189 0.30406 0.31633 1545.038
2.820 0.62419 52.26163 0.29893 32.62095 0.31795 0.06167 0.30444 0.31593 1544.596
2.825 0.62410 52.19063 0.29848 32.57202 0.31818 0.06146 0.30483 0.31553 1544.154
2.830 0.62401 52.11977 0.29803 32.52321 0.31841 0.06125 0.30521 0.31512 1543.712
2.835 0.62392 52.04906 0.29759 32.47455 0.31865 0.06104 0.30559 0.31472 1543.271
2.840 0.62384 51.97850 0.29714 32.42601 0.31887 0.06083 0.30597 0.31432 1542.831
2.845 0.62375 51.90808 0.29670 32.37761 0.31910 0.06063 0.30635 0.31392 1542.391
2.850 0.62366 51.83780 0.29626 32.32934 0.31933 0.06042 0.30673 0.31351 1541.952
2.855 0.62358 51.76766 0.29581 32.28121 0.31956 0.06021 0.30712 0.31311 1541.513
2.860 0.62349 51.69767 0.29537 32.23320 0.31979 0.06000 0.30750 0.31271 1541.074
2.865 0.62341 51.62783 0.29494 32.18533 0.32002 0.05980 0.30788 0.31231 1540.636
2.870 0.62333 51.55812 0.29450 32.13759 0.32024 0.05959 0.30826 0.31190 1540.199
2.875 0.62324 51.48856 0.29406 32.08998 0.32047 0.05939 0.30864 0.31150 1539.762
2.880 0.62316 51.41915 0.29363 32.04250 0.32070 0.05918 0.30902 0.31110 1539.325
2.885 0.62308 51.34987 0.29319 31.99515 0.32092 0.05898 0.30940 0.31069 1538.889
2.890 0.62300 51.28074 0.29276 31.94792 0.32115 0.05878 0.30978 0.31029 1538.454
2.895 0.62292 51.21174 0.29233 31.90083 0.32137 0.05858 0.31016 0.30989 1538.019
2.900 0.62284 51.14289 0.29190 31.85386 0.32160 0.05837 0.31054 0.30949 1537.584
2.905 0.62276 51.07418 0.29147 31.80702 0.32182 0.05817 0.31092 0.30908 1537.150
2.910 0.62268 51.00561 0.29104 31.76031 0.32205 0.05797 0.31130 0.30868 1536.717
2.915 0.62260 50.93719 0.29061 31.71373 0.32227 0.05777 0.31168 0.30828 1536.284
2.920 0.62253 50.86890 0.29019 31.66727 0.32249 0.05757 0.31206 0.30787 1535.851
2.925 0.62245 50.80075 0.28976 31.62094 0.32271 0.05737 0.31244 0.30747 1535.419
2.930 0.62237 50.73274 0.28934 31.57474 0.32294 0.05717 0.31282 0.30707 1534.988
2.935 0.62230 50.66487 0.28892 31.52865 0.32316 0.05698 0.31320 0.30666 1534.557
2.940 0.62222 50.59714 0.28850 31.48270 0.32338 0.05678 0.31358 0.30626 1534.126
2.945 0.62215 50.52955 0.28808 31.43687 0.32360 0.05658 0.31396 0.30586 1533.696
2.950 0.62207 50.46209 0.28766 31.39116 0.32382 0.05639 0.31434 0.30545 1533.266
2.955 0.62200 50.39478 0.28724 31.34558 0.32404 0.05619 0.31472 0.30505 1532.837
2.960 0.62193 50.32760 0.28682 31.30011 0.32426 0.05600 0.31510 0.30465 1532.409
2.965 0.62185 50.26056 0.28641 31.25478 0.32448 0.05580 0.31548 0.30424 1531.981
2.970 0.62178 50.19366 0.28599 31.20956 0.32469 0.05561 0.31586 0.30384 1531.553
2.975 0.62171 50.12690 0.28558 31.16447 0.32491 0.05542 0.31624 0.30343 1531.126
2.980 0.62164 50.06027 0.28517 31.11949 0.32513 0.05522 0.31662 0.30303 1530.699
2.985 0.62157 49.99378 0.28476 31.07464 0.32535 0.05503 0.31699 0.30263 1530.273
2.990 0.62150 49.92742 0.28435 31.02991 0.32556 0.05484 0.31737 0.30222 1529.847
2.995 0.62143 49.86120 0.28394 30.98530 0.32578 0.05465 0.31775 0.30182 1529.422
3.000 0.62136 49.79512 0.28353 30.94081 0.32600 0.05446 0.31813 0.30142 1528.997
3.005 0.62129 49.72917 0.28313 30.89643 0.32621 0.05427 0.31851 0.30101 1528.573
3.010 0.62123 49.66335 0.28272 30.85218 0.32643 0.05408 0.31888 0.30061 1528.150
3.015 0.62116 49.59767 0.28232 30.80805 0.32664 0.05389 0.31926 0.30021 1527.726
3.020 0.62109 49.53213 0.28191 30.76403 0.32685 0.05370 0.31964 0.29980 1527.304
3.025 0.62103 49.46672 0.28151 30.72013 0.32707 0.05352 0.32002 0.29940 1526.881
3.030 0.62096 49.40144 0.28111 30.67635 0.32728 0.05333 0.32040 0.29900 1526.459
3.035 0.62090 49.33630 0.28071 30.63269 0.32749 0.05314 0.32077 0.29859 1526.038
3.040 0.62083 49.27129 0.28031 30.58914 0.32771 0.05296 0.32115 0.29819 1525.617
3.045 0.62077 49.20641 0.27991 30.54571 0.32792 0.05277 0.32153 0.29778 1525.197
3.050 0.62070 49.14167 0.27951 30.50239 0.32813 0.05259 0.32190 0.29738 1524.777
3.055 0.62064 49.07706 0.27912 30.45919 0.32834 0.05240 0.32228 0.29698 1524.358
3.060 0.62058 49.01258 0.27872 30.41610 0.32855 0.05222 0.32266 0.29657 1523.939
3.065 0.62052 48.94823 0.27833 30.37313 0.32876 0.05204 0.32303 0.29617 1523.520
3.070 0.62045 48.88402 0.27794 30.33028 0.32897 0.05185 0.32341 0.29577 1523.102
3.075 0.62039 48.81993 0.27755 30.28753 0.32918 0.05167 0.32379 0.29536 1522.685
3.080 0.62033 48.75598 0.27715 30.24490 0.32939 0.05149 0.32416 0.29496 1522.268
3.085 0.62027 48.69216 0.27677 30.20239 0.32959 0.05131 0.32454 0.29456 1521.852
3.090 0.62021 48.62847 0.27638 30.15998 0.32980 0.05113 0.32491 0.29415 1521.436
3.095 0.62015 48.56491 0.27599 30.11769 0.33001 0.05095 0.32529 0.29375 1521.020
3.100 0.62009 48.50148 0.27560 30.07551 0.33022 0.05077 0.32567 0.29335 1520.605
3.105 0.62004 48.43817 0.27522 30.03344 0.33042 0.05059 0.32604 0.29294 1520.190
3.110 0.61998 48.37500 0.27483 29.99149 0.33063 0.05041 0.32642 0.29254 1519.776
3.115 0.61992 48.31196 0.27445 29.94964 0.33083 0.05024 0.32679 0.29214 1519.363
3.120 0.61987 48.24904 0.27407 29.90790 0.33104 0.05006 0.32717 0.29174 1518.949
3.125 0.61981 48.18626 0.27369 29.86628 0.33124 0.04988 0.32754 0.29133 1518.537
3.130 0.61975 48.12360 0.27330 29.82476 0.33145 0.04971 0.32792 0.29093 1518.125
3.135 0.61970 48.06107 0.27293 29.78336 0.33165 0.04953 0.32829 0.29053 1517.713
3.140 0.61964 47.99867 0.27255 29.74206 0.33185 0.04936 0.32867 0.29012 1517.302
3.145 0.61959 47.93639 0.27217 29.70087 0.33206 0.04918 0.32904 0.28972 1516.891
3.150 0.61954 47.87425 0.27179 29.65979 0.33226 0.04901 0.32941 0.28932 1516.481
3.155 0.61948 47.81223 0.27142 29.61881 0.33246 0.04883 0.32979 0.28892 1516.071
3.160 0.61943 47.75033 0.27104 29.57795 0.33266 0.04866 0.33016 0.28851 1515.661
3.165 0.61938 47.68856 0.27067 29.53719 0.33286 0.04849 0.33054 0.28811 1515.253
3.170 0.61932 47.62692 0.27030 29.49654 0.33306 0.04832 0.33091 0.28771 1514.844
3.175 0.61927 47.56541 0.26993 29.45599 0.33326 0.04815 0.33128 0.28731 1514.436
3.180 0.61922 47.50402 0.26955 29.41555 0.33346 0.04798 0.33166 0.28690 1514.029
3.185 0.61917 47.44275 0.26919 29.37522 0.33366 0.04781 0.33203 0.28650 1513.622
3.190 0.61912 47.38161 0.26882 29.33499 0.33386 0.04764 0.33240 0.28610 1513.215
3.195 0.61907 47.32060 0.26845 29.29487 0.33406 0.04747 0.33278 0.28570 1512.809
3.200 0.61902 47.25970 0.26808 29.25485 0.33426 0.04730 0.33315 0.28530 1512.404
3.205 0.61897 47.19894 0.26772 29.21494 0.33446 0.04713 0.33352 0.28489 1511.999
3.210 0.61893 47.13829 0.26735 29.17513 0.33465 0.04696 0.33389 0.28449 1511.594
3.215 0.61888 47.07777 0.26699 29.13542 0.33485 0.04680 0.33427 0.28409 1511.190
3.220 0.61883 47.01738 0.26662 29.09582 0.33505 0.04663 0.33464 0.28369 1510.786
3.225 0.61878 46.95710 0.26626 29.05632 0.33524 0.04646 0.33501 0.28329 1510.383
3.230 0.61874 46.89695 0.26590 29.01692 0.33544 0.04630 0.33538 0.28289 1509.980
3.235 0.61869 46.83693 0.26554 28.97762 0.33563 0.04613 0.33575 0.28248 1509.578
3.240 0.61865 46.77702 0.26518 28.93843 0.33582 0.04597 0.33612 0.28208 1509.176
3.245 0.61860 46.71724 0.26482 28.89934 0.33602 0.04580 0.33650 0.28168 1508.775
3.250 0.61856 46.65757 0.26447 28.86035 0.33621 0.04564 0.33687 0.28128 1508.374
3.255 0.61851 46.59803 0.26411 28.82146 0.33640 0.04548 0.33724 0.28088 1507.973
3.260 0.61847 46.53861 0.26376 28.78267 0.33660 0.04532 0.33761 0.28048 1507.573
3.265 0.61843 46.47931 0.26340 28.74398 0.33679 0.04515 0.33798 0.28008 1507.174
3.270 0.61838 46.42013 0.26305 28.70539 0.33698 0.04499 0.33835 0.27968 1506.775
3.275 0.61834 46.36108 0.26269 28.66690 0.33717 0.04483 0.33872 0.27928 1506.376
3.280 0.61830 46.30214 0.26234 28.62851 0.33736 0.04467 0.33909 0.27888 1505.978
3.285 0.61826 46.24332 0.26199 28.59021 0.33755 0.04451 0.33946 0.27848 1505.580
3.290 0.61821 46.18462 0.26164 28.55202 0.33774 0.04435 0.33983 0.27808 1505.183
3.295 0.61817 46.12604 0.26129 28.51393 0.33793 0.04419 0.34020 0.27768 1504.786
3.300 0.61813 46.06758 0.26094 28.47593 0.33812 0.04403 0.34057 0.27728 1504.390
3.305 0.61809 46.00924 0.26060 28.43803 0.33831 0.04388 0.34094 0.27688 1503.994
3.310 0.61805 45.95101 0.26025 28.40023 0.33850 0.04372 0.34131 0.27648 1503.599
3.315 0.61802 45.89291 0.25991 28.36252 0.33868 0.04356 0.34168 0.27608 1503.204
3.320 0.61798 45.83492 0.25956 28.32491 0.33887 0.04341 0.34205 0.27568 1502.810
3.325 0.61794 45.77705 0.25922 28.28740 0.33906 0.04325 0.34242 0.27528 1502.416
3.330 0.61790 45.71930 0.25887 28.24999 0.33924 0.04309 0.34279 0.27488 1502.022
3.335 0.61786 45.66166 0.25853 28.21267 0.33943 0.04294 0.34315 0.27448 1501.629
3.340 0.61783 45.60414 0.25819 28.17544 0.33961 0.04278 0.34352 0.27408 1501.237
3.345 0.61779 45.54674 0.25785 28.13831 0.33980 0.04263 0.34389 0.27368 1500.845
3.350 0.61775 45.48945 0.25751 28.10127 0.33998 0.04248 0.34426 0.27328 1500.453
3.355 0.61772 45.43228 0.25717 28.06433 0.34017 0.04232 0.34463 0.27288 1500.062
3.360 0.61768 45.37523 0.25684 28.02749 0.34035 0.04217 0.34499 0.27249 1499.671
3.365 0.61765 45.31829 0.25650 27.99073 0.34053 0.04202 0.34536 0.27209 1499.281
3.370 0.61761 45.26147 0.25616 27.95407 0.34072 0.04187 0.34573 0.27169 1498.891
3.375 0.61758 45.20476 0.25583 27.91751 0.34090 0.04172 0.34610 0.27129 1498.501
3.380 0.61755 45.14817 0.25549 27.88103 0.34108 0.04157 0.34646 0.27089 1498.112
3.385 0.61751 45.09169 0.25516 27.84465 0.34126 0.04142 0.34683 0.27049 1497.724
3.390 0.61748 45.03532 0.25483 27.80836 0.34144 0.04127 0.34720 0.27010 1497.336
3.395 0.61745 44.97907 0.25450 27.77217 0.34162 0.04112 0.34756 0.26970 1496.948
3.400 0.61741 44.92293 0.25416 27.73606 0.34180 0.04097 0.34793 0.26930 1496.561
3.405 0.61738 44.86691 0.25383 27.70005 0.34198 0.04082 0.34830 0.26891 1496.174
3.410 0.61735 44.81100 0.25351 27.66413 0.34216 0.04067 0.34866 0.26851 1495.788
3.415 0.61732 44.75520 0.25318 27.62829 0.34234 0.04052 0.34903 0.26811 1495.402
3.420 0.61729 44.69951 0.25285 27.59255 0.34251 0.04038 0.34939 0.26772 1495.017
3.425 0.61726 44.64394 0.25252 27.55690 0.34269 0.04023 0.34976 0.26732 1494.632
3.430 0.61723 44.58848 0.25220 27.52134 0.34287 0.04009 0.35012 0.26692 1494.248
3.435 0.61720 44.53313 0.25187 27.48587 0.34305 0.03994 0.35049 0.26653 1493.864
3.440 0.61717 44.47789 0.25155 27.45049 0.34322 0.03979 0.35085 0.26613 1493.480
3.445 0.61714 44.42277 0.25122 27.41519 0.34340 0.03965 0.35122 0.26573 1493.097
3.450 0.61711 44.36775 0.25090 27.37999 0.34357 0.03951 0.35158 0.26534 1492.714
3.455 0.61709 44.31285 0.25058 27.34487 0.34375 0.03936 0.35195 0.26494 1492.332
3.460 0.61706 44.25806 0.25026 27.30984 0.34392 0.03922 0.35231 0.26455 1491.950
3.465 0.61703 44.20337 0.24994 27.27490 0.34409 0.03908 0.35268 0.26415 1491.569
3.470 0.61701 44.14880 0.24962 27.24005 0.34427 0.03893 0.35304 0.26376 1491.188
3.475 0.61698 44.09434 0.24930 27.20528 0.34444 0.03879 0.35340 0.26336 1490.808
3.480 0.61695 44.03998 0.24898 27.17061 0.34461 0.03865 0.35377 0.26297 1490.428
3.485 0.61693 43.98574 0.24867 27.13601 0.34479 0.03851 0.35413 0.26257 1490.048
3.490 0.61690 43.93160 0.24835 27.10151 0.34496 0.03837 0.35449 0.26218 1489.669
3.495 0.61688 43.87758 0.24803 27.06709 0.34513 0.03823 0.35486 0.26179 1489.290
3.500 0.61685 43.82366 0.24772 27.03276 0.34530 0.03809 0.35522 0.26139 1488.912
3.505 0.61683 43.76985 0.24741 26.99851 0.34547 0.03795 0.35558 0.26100 1488.534
3.510 0.61681 43.71615 0.24709 26.96435 0.34564 0.03781 0.35594 0.26060 1488.157
3.515 0.61678 43.66255 0.24678 26.93027 0.34581 0.03767 0.35631 0.26021 1487.780
3.520 0.61676 43.60907 0.24647 26.89628 0.34598 0.03754 0.35667 0.25982 1487.404
3.525 0.61674 43.55569 0.24616 26.86237 0.34615 0.03740 0.35703 0.25943 1487.028
3.530 0.61671 43.50242 0.24585 26.82854 0.34631 0.03726 0.35739 0.25903 1486.652
3.535 0.61669 43.44925 0.24554 26.79480 0.34648 0.03713 0.35775 0.25864 1486.277
3.540 0.61667 43.39619 0.24523 26.76115 0.34665 0.03699 0.35811 0.25825 1485.902
3.545 0.61665 43.34324 0.24492 26.72757 0.34681 0.03686 0.35848 0.25786 1485.528
3.550 0.61663 43.29040 0.24462 26.69408 0.34698 0.03672 0.35884 0.25746 1485.154
3.555 0.61661 43.23766 0.24431 26.66068 0.34715 0.03659 0.35920 0.25707 1484.781
3.560 0.61659 43.18502 0.24400 26.62735 0.34731 0.03645 0.35956 0.25668 1484.408
3.565 0.61657 43.13249 0.24370 26.59411 0.34748 0.03632 0.35992 0.25629 1484.035
3.570 0.61655 43.08007 0.24340 26.56095 0.34764 0.03618 0.36028 0.25590 1483.663
3.575 0.61653 43.02775 0.24309 26.52787 0.34780 0.03605 0.36064 0.25551 1483.291
3.580 0.61651 42.97554 0.24279 26.49487 0.34797 0.03592 0.36100 0.25512 1482.920
3.585 0.61649 42.92343 0.24249 26.46196 0.34813 0.03579 0.36136 0.25473 1482.549
3.590 0.61647 42.87142 0.24219 26.42912 0.34829 0.03566 0.36172 0.25434 1482.179
3.595 0.61646 42.81952 0.24189 26.39637 0.34845 0.03552 0.36208 0.25395 1481.809
3.600 0.61644 42.76772 0.24159 26.36370 0.34862 0.03539 0.36243 0.25356 1481.439
3.605 0.61642 42.71603 0.24129 26.33110 0.34878 0.03526 0.36279 0.25317 1481.070
3.610 0.61641 42.66443 0.24099 26.29859 0.34894 0.03513 0.36315 0.25278 1480.702
3.615 0.61639 42.61295 0.24069 26.26616 0.34910 0.03500 0.36351 0.25239 1480.333
3.620 0.61637 42.56156 0.24040 26.23380 0.34926 0.03488 0.36387 0.25200 1479.966
3.625 0.61636 42.51028 0.24010 26.20153 0.34942 0.03475 0.36423 0.25161 1479.598
3.630 0.61634 42.45909 0.23981 26.16933 0.34958 0.03462 0.36459 0.25122 1479.231
3.635 0.61633 42.40801 0.23951 26.13721 0.34973 0.03449 0.36494 0.25083 1478.865
3.640 0.61631 42.35704 0.23922 26.10518 0.34989 0.03436 0.36530 0.25044 1478.499
3.645 0.61630 42.30616 0.23893 26.07321 0.35005 0.03424 0.36566 0.25006 1478.133
3.650 0.61628 42.25539 0.23863 26.04133 0.35021 0.03411 0.36601 0.24967 1477.768
3.655 0.61627 42.20471 0.23834 26.00953 0.35036 0.03398 0.36637 0.24928 1477.403
3.660 0.61626 42.15414 0.23805 25.97780 0.35052 0.03386 0.36673 0.24889 1477.039
3.665 0.61624 42.10367 0.23776 25.94615 0.35068 0.03373 0.36708 0.24851 1476.675
3.670 0.61623 42.05329 0.23747 25.91458 0.35083 0.03361 0.36744 0.24812 1476.311
3.675 0.61622 42.00302 0.23718 25.88308 0.35099 0.03348 0.36780 0.24773 1475.948
3.680 0.61621 41.95285 0.23690 25.85166 0.35114 0.03336 0.36815 0.24735 1475.585
3.685 0.61620 41.90278 0.23661 25.82031 0.35129 0.03324 0.36851 0.24696 1475.223
3.690 0.61618 41.85280 0.23632 25.78905 0.35145 0.03311 0.36886 0.24658 1474.861
3.695 0.61617 41.80293 0.23604 25.75785 0.35160 0.03299 0.36922 0.24619 1474.500
3.700 0.61616 41.75316 0.23575 25.72674 0.35175 0.03287 0.36957 0.24581 1474.139
3.705 0.61615 41.70348 0.23547 25.69569 0.35190 0.03275 0.36993 0.24542 1473.778
3.710 0.61614 41.65390 0.23518 25.66473 0.35206 0.03262 0.37028 0.24504 1473.418
3.715 0.61613 41.60442 0.23490 25.63383 0.35221 0.03250 0.37064 0.24465 1473.058
3.720 0.61612 41.55504 0.23462 25.60302 0.35236 0.03238 0.37099 0.24427 1472.699
3.725 0.61611 41.50576 0.23434 25.57227 0.35251 0.03226 0.37135 0.24388 1472.340
3.730 0.61611 41.45657 0.23406 25.54160 0.35266 0.03214 0.37170 0.24350 1471.982
3.735 0.61610 41.40748 0.23377 25.51101 0.35281 0.03202 0.37205 0.24311 1471.623
3.740 0.61609 41.35849 0.23350 25.48049 0.35296 0.03190 0.37241 0.24273 1471.266
3.745 0.61608 41.30959 0.23322 25.45004 0.35311 0.03178 0.37276 0.24235 1470.909
3.750 0.61607 41.26080 0.23294 25.41966 0.35325 0.03167 0.37311 0.24197 1470.552
3.755 0.61607 41.21209 0.23266 25.38936 0.35340 0.03155 0.37347 0.24158 1470.195
3.760 0.61606 41.16349 0.23238 25.35913 0.35355 0.03143 0.37382 0.24120 1469.839
3.765 0.61605 41.11498 0.23211 25.32897 0.35370 0.03131 0.37417 0.24082 1469.484
3.770 0.61605 41.06656 0.23183 25.29889 0.35384 0.03120 0.37452 0.24044 1469.129
3.775 0.61604 41.01825 0.23156 25.26887 0.35399 0.03108 0.37488 0.24006 1468.774
3.780 0.61603 40.97002 0.23128 25.23893 0.35413 0.03096 0.37523 0.23967 1468.419
3.785 0.61603 40.92189 0.23101 25.20906 0.35428 0.03085 0.37558 0.23929 1468.065
3.790 0.61602 40.87386 0.23073 25.17926 0.35442 0.03073 0.37593 0.23891 1467.712
3.795 0.61602 40.82592 0.23046 25.14953 0.35457 0.03062 0.37628 0.23853 1467.359
3.800 0.61601 40.77808 0.23019 25.11988 0.35471 0.03050 0.37663 0.23815 1467.006
3.805 0.61601 40.73033 0.22992 25.09029 0.35485 0.03039 0.37698 0.23777 1466.654
3.810 0.61601 40.68267 0.22965 25.06077 0.35500 0.03028 0.37734 0.23739 1466.302
3.815 0.61600 40.63511 0.22938 25.03133 0.35514 0.03016 0.37769 0.23701 1465.950
3.820 0.61600 40.58764 0.22911 25.00195 0.35528 0.03005 0.37804 0.23663 1465.599
3.825 0.61600 40.54026 0.22884 24.97264 0.35542 0.02994 0.37839 0.23626 1465.249
3.830 0.61599 40.49298 0.22857 24.94341 0.35556 0.02983 0.37874 0.23588 1464.898
3.835 0.61599 40.44579 0.22831 24.91424 0.35570 0.02971 0.37909 0.23550 1464.549
3.840 0.61599 40.39869 0.22804 24.88514 0.35584 0.02960 0.37943 0.23512 1464.199
3.845 0.61599 40.35169 0.22777 24.85611 0.35598 0.02949 0.37978 0.23474 1463.850
3.850 0.61599 40.30478 0.22751 24.82715 0.35612 0.02938 0.38013 0.23437 1463.501
3.855 0.61598 40.25795 0.22724 24.79826 0.35626 0.02927 0.38048 0.23399 1463.153
3.860 0.61598 40.21123 0.22698 24.76943 0.35640 0.02916 0.38083 0.23361 1462.805
3.865 0.61598 40.16459 0.22672 24.74068 0.35654 0.02905 0.38118 0.23323 1462.458
3.870 0.61598 40.11804 0.22645 24.71199 0.35667 0.02894 0.38153 0.23286 1462.111
3.875 0.61598 40.07159 0.22619 24.68336 0.35681 0.02883 0.38187 0.23248 1461.764
3.880 0.61598 40.02522 0.22593 24.65481 0.35695 0.02872 0.38222 0.23211 1461.418
3.885 0.61598 39.97895 0.22567 24.62632 0.35708 0.02862 0.38257 0.23173 1461.072
3.890 0.61598 39.93277 0.22541 24.59790 0.35722 0.02851 0.38292 0.23136 1460.727
3.895 0.61598 39.88668 0.22515 24.56955 0.35735 0.02840 0.38326 0.23098 1460.382
3.900 0.61599 39.84067 0.22489 24.54126 0.35749 0.02829 0.38361 0.23061 1460.037
3.905 0.61599 39.79476 0.22463 24.51304 0.35762 0.02819 0.38396 0.23023 1459.693
3.910 0.61599 39.74894 0.22437 24.48489 0.35776 0.02808 0.38430 0.22986 1459.349
3.915 0.61599 39.70320 0.22411 24.45680 0.35789 0.02798 0.38465 0.22948 1459.006
3.920 0.61599 39.65756 0.22386 24.42878 0.35802 0.02787 0.38500 0.22911 1458.663
3.925 0.61600 39.61200 0.22360 24.40082 0.35816 0.02777 0.38534 0.22874 1458.320
3.930 0.61600 39.56654 0.22335 24.37292 0.35829 0.02766 0.38569 0.22837 1457.978
3.935 0.61600 39.52116 0.22309 24.34510 0.35842 0.02756 0.38603 0.22799 1457.636
3.940 0.61601 39.47587 0.22284 24.31733 0.35855 0.02745 0.38638 0.22762 1457.294
3.945 0.61601 39.43067 0.22258 24.28964 0.35868 0.02735 0.38672 0.22725 1456.953
3.950 0.61601 39.38555 0.22233 24.26200 0.35881 0.02724 0.38707 0.22688 1456.613
3.955 0.61602 39.34053 0.22208 24.23443 0.35894 0.02714 0.38741 0.22651 1456.272
3.960 0.61602 39.29559 0.22182 24.20693 0.35907 0.02704 0.38776 0.22613 1455.932
3.965 0.61603 39.25074 0.22157 24.17949 0.35920 0.02694 0.38810 0.22576 1455.593
3.970 0.61603 39.20598 0.22132 24.15211 0.35933 0.02683 0.38844 0.22539 1455.254
3.975 0.61604 39.16130 0.22107 24.12479 0.35946 0.02673 0.38879 0.22502 1454.915
3.980 0.61604 39.11671 0.22082 24.09754 0.35958 0.02663 0.38913 0.22465 1454.577
3.985 0.61605 39.07220 0.22057 24.07035 0.35971 0.02653 0.38947 0.22428 1454.239
3.990 0.61605 39.02779 0.22032 24.04323 0.35984 0.02643 0.38982 0.22391 1453.901
3.995 0.61606 38.98346 0.22008 24.01617 0.35997 0.02633 0.39016 0.22355 1453.564
4.000 0.61607 38.93921 0.21983 23.98917 0.36009 0.02623 0.39050 0.22318 1453.227
4.005 0.61607 38.89505 0.21958 23.96223 0.36022 0.02613 0.39084 0.22281 1452.891
4.010 0.61608 38.85098 0.21934 23.93535 0.36034 0.02603 0.39119 0.22244 1452.555
4.015 0.61609 38.80699 0.21909 23.90854 0.36047 0.02593 0.39153 0.22207 1452.219
4.020 0.61610 38.76308 0.21885 23.88179 0.36059 0.02583 0.39187 0.22171 1451.884
4.025 0.61610 38.71926 0.21860 23.85509 0.36071 0.02574 0.39221 0.22134 1451.549
4.030 0.61611 38.67553 0.21836 23.82847 0.36084 0.02564 0.39255 0.22097 1451.215
4.035 0.61612 38.63188 0.21811 23.80190 0.36096 0.02554 0.39289 0.22061 1450.881
4.040 0.61613 38.58831 0.21787 23.77539 0.36108 0.02544 0.39323 0.22024 1450.547
4.045 0.61614 38.54483 0.21763 23.74894 0.36121 0.02535 0.39357 0.21987 1450.214
4.050 0.61615 38.50144 0.21739 23.72256 0.36133 0.02525 0.39391 0.21951 1449.881
4.055 0.61616 38.45812 0.21714 23.69623 0.36145 0.02515 0.39425 0.21914 1449.549
4.060 0.61617 38.41489 0.21690 23.66996 0.36157 0.02506 0.39459 0.21878 1449.216
4.065 0.61618 38.37174 0.21666 23.64376 0.36169 0.02496 0.39493 0.21841 1448.885
4.070 0.61619 38.32868 0.21642 23.61761 0.36181 0.02487 0.39527 0.21805 1448.553
4.075 0.61620 38.28570 0.21619 23.59153 0.36193 0.02477 0.39561 0.21769 1448.222
4.080 0.61621 38.24280 0.21595 23.56550 0.36205 0.02468 0.39595 0.21732 1447.892
4.085 0.61622 38.19999 0.21571 23.53953 0.36217 0.02458 0.39629 0.21696 1447.561
4.090 0.61623 38.15725 0.21547 23.51362 0.36228 0.02449 0.39663 0.21660 1447.232
4.095 0.61624 38.11460 0.21523 23.48777 0.36240 0.02440 0.39697 0.21623 1446.902
4.100 0.61625 38.07203 0.21500 23.46198 0.36252 0.02430 0.39730 0.21587 1446.573
4.105 0.61626 38.02954 0.21476 23.43625 0.36264 0.02421 0.39764 0.21551 1446.244
4.110 0.61628 37.98714 0.21453 23.41057 0.36275 0.02412 0.39798 0.21515 1445.916
4.115 0.61629 37.94481 0.21429 23.38496 0.36287 0.02403 0.39832 0.21479 1445.588
4.120 0.61630 37.90257 0.21406 23.35940 0.36298 0.02393 0.39865 0.21443 1445.260
4.125 0.61631 37.86041 0.21382 23.33390 0.36310 0.02384 0.39899 0.21407 1444.933
4.130 0.61633 37.81832 0.21359 23.30846 0.36321 0.02375 0.39933 0.21371 1444.606
4.135 0.61634 37.77632 0.21336 23.28307 0.36333 0.02366 0.39966 0.21335 1444.280
4.140 0.61635 37.73440 0.21313 23.25774 0.36344 0.02357 0.40000 0.21299 1443.954
4.145 0.61637 37.69256 0.21290 23.23247 0.36356 0.02348 0.40034 0.21263 1443.628
4.150 0.61638 37.65080 0.21266 23.20726 0.36367 0.02339 0.40067 0.21227 1443.303
4.155 0.61640 37.60912 0.21243 23.18210 0.36378 0.02330 0.40101 0.21191 1442.978
4.160 0.61641 37.56752 0.21220 23.15700 0.36389 0.02321 0.40134 0.21155 1442.653
4.165 0.61642 37.52600 0.21197 23.13195 0.36401 0.02312 0.40168 0.21119 1442.329
4.170 0.61644 37.48455 0.21174 23.10697 0.36412 0.02303 0.40201 0.21084 1442.005
4.175 0.61645 37.44319 0.21152 23.08203 0.36423 0.02294 0.40235 0.21048 1441.681
4.180 0.61647 37.40191 0.21129 23.05716 0.36434 0.02286 0.40268 0.21012 1441.358
4.185 0.61649 37.36070 0.21106 23.03234 0.36445 0.02277 0.40302 0.20977 1441.036
4.190 0.61650 37.31957 0.21083 23.00757 0.36456 0.02268 0.40335 0.20941 1440.713
4.195 0.61652 37.27852 0.21061 22.98286 0.36467 0.02259 0.40368 0.20905 1440.391
4.200 0.61653 37.23755 0.21038 22.95821 0.36478 0.02251 0.40402 0.20870 1440.070
4.205 0.61655 37.19666 0.21016 22.93361 0.36488 0.02242 0.40435 0.20834 1439.748
4.210 0.61657 37.15585 0.20993 22.90906 0.36499 0.02233 0.40468 0.20799 1439.427
4.215 0.61658 37.11511 0.20971 22.88457 0.36510 0.02225 0.40502 0.20763 1439.107
4.220 0.61660 37.07445 0.20948 22.86014 0.36521 0.02216 0.40535 0.20728 1438.787
4.225 0.61662 37.03387 0.20926 22.83576 0.36531 0.02208 0.40568 0.20693 1438.467
4.230 0.61664 36.99336 0.20904 22.81143 0.36542 0.02199 0.40601 0.20657 1438.147
4.235 0.61665 36.95293 0.20881 22.78716 0.36553 0.02191 0.40635 0.20622 1437.828
4.240 0.61667 36.91258 0.20859 22.76294 0.36563 0.02182 0.40668 0.20587 1437.509
4.245 0.61669 36.87230 0.20837 22.73877 0.36574 0.02174 0.40701 0.20552 1437.191
4.250 0.61671 36.83210 0.20815 22.71466 0.36584 0.02166 0.40734 0.20516 1436.873
4.255 0.61673 36.79198 0.20793 22.69060 0.36595 0.02157 0.40767 0.20481 1436.555
4.260 0.61675 36.75193 0.20771 22.66660 0.36605 0.02149 0.40800 0.20446 1436.238
4.265 0.61676 36.71196 0.20749 22.64265 0.36615 0.02141 0.40833 0.20411 1435.921
4.270 0.61678 36.67206 0.20727 22.61875 0.36626 0.02132 0.40866 0.20376 1435.605
4.275 0.61680 36.63224 0.20705 22.59490 0.36636 0.02124 0.40899 0.20341 1435.288
4.280 0.61682 36.59250 0.20683 22.57111 0.36646 0.02116 0.40932 0.20306 1434.973
4.285 0.61684 36.55283 0.20662 22.54737 0.36656 0.02108 0.40965 0.20271 1434.657
4.290 0.61686 36.51323 0.20640 22.52368 0.36666 0.02100 0.40998 0.20236 1434.342
4.295 0.61688 36.47371 0.20618 22.50004 0.36676 0.02091 0.41031 0.20201 1434.027
4.300 0.61690 36.43427 0.20597 22.47645 0.36686 0.02083 0.41064 0.20166 1433.713
4.305 0.61693 36.39490 0.20575 22.45292 0.36696 0.02075 0.41097 0.20132 1433.399
4.310 0.61695 36.35560 0.20554 22.42944 0.36706 0.02067 0.41130 0.20097 1433.085
4.315 0.61697 36.31637 0.20532 22.40601 0.36716 0.02059 0.41162 0.20062 1432.772
4.320 0.61699 36.27722 0.20511 22.38263 0.36726 0.02051 0.41195 0.20027 1432.459
4.325 0.61701 36.23815 0.20489 22.35930 0.36736 0.02043 0.41228 0.19993 1432.146
4.330 0.61703 36.19915 0.20468 22.33603 0.36746 0.02035 0.41261 0.19958 1431.834
4.335 0.61705 36.16022 0.20447 22.31280 0.36756 0.02027 0.41293 0.19923 1431.522
4.340 0.61708 36.12136 0.20426 22.28962 0.36765 0.02020 0.41326 0.19889 1431.210
4.345 0.61710 36.08258 0.20404 22.26650 0.36775 0.02012 0.41359 0.19854 1430.899
4.350 0.61712 36.04387 0.20383 22.24343 0.36785 0.02004 0.41392 0.19820 1430.588
4.355 0.61714 36.00523 0.20362 22.22040 0.36794 0.01996 0.41424 0.19785 1430.278
4.360 0.61717 35.96667 0.20341 22.19743 0.36804 0.01988 0.41457 0.19751 1429.968
4.365 0.61719 35.92817 0.20320 22.17450 0.36813 0.01981 0.41489 0.19717 1429.658
4.370 0.61721 35.88975 0.20299 22.15163 0.36823 0.01973 0.41522 0.19682 1429.348
4.375 0.61724 35.85140 0.20278 22.12880 0.36832 0.01965 0.41554 0.19648 1429.039
4.380 0.61726 35.81313 0.20257 22.10603 0.36841 0.01958 0.41587 0.19614 1428.730
4.385 0.61728 35.77492 0.20236 22.08330 0.36851 0.01950 0.41619 0.19580 1428.422
4.390 0.61731 35.73679 0.20216 22.06063 0.36860 0.01943 0.41652 0.19545 1428.114
4.395 0.61733 35.69873 0.20195 22.03800 0.36869 0.01935 0.41684 0.19511 1427.806
4.400 0.61736 35.66073 0.20174 22.01542 0.36879 0.01927 0.41717 0.19477 1427.499
4.405 0.61738 35.62281 0.20154 21.99289 0.36888 0.01920 0.41749 0.19443 1427.192
4.410 0.61741 35.58496 0.20133 21.97041 0.36897 0.01912 0.41782 0.19409 1426.885
4.415 0.61743 35.54718 0.20112 21.94798 0.36906 0.01905 0.41814 0.19375 1426.579
4.420 0.61746 35.50948 0.20092 21.92559 0.36915 0.01898 0.41846 0.19341 1426.273
4.425 0.61748 35.47184 0.20071 21.90326 0.36924 0.01890 0.41879 0.19307 1425.967
4.430 0.61751 35.43427 0.20051 21.88097 0.36933 0.01883 0.41911 0.19273 1425.662
4.435 0.61753 35.39677 0.20031 21.85873 0.36942 0.01875 0.41943 0.19239 1425.357
4.440 0.61756 35.35934 0.20010 21.83653 0.36951 0.01868 0.41975 0.19206 1425.052
4.445 0.61759 35.32198 0.19990 21.81439 0.36960 0.01861 0.42008 0.19172 1424.748
4.450 0.61761 35.28469 0.19970 21.79229 0.36969 0.01854 0.42040 0.19138 1424.444
4.455 0.61764 35.24747 0.19950 21.77024 0.36977 0.01846 0.42072 0.19104 1424.141
4.460 0.61767 35.21032 0.19929 21.74824 0.36986 0.01839 0.42104 0.19071 1423.837
4.465 0.61769 35.17324 0.19909 21.72628 0.36995 0.01832 0.42136 0.19037 1423.534
4.470 0.61772 35.13623 0.19889 21.70437 0.37003 0.01825 0.42168 0.19003 1423.232
4.475 0.61775 35.09928 0.19869 21.68251 0.37012 0.01818 0.42200 0.18970 1422.930
4.480 0.61778 35.06241 0.19849 21.66069 0.37021 0.01811 0.42232 0.18936 1422.628
4.485 0.61780 35.02560 0.19829 21.63893 0.37029 0.01803 0.42264 0.18903 1422.326
4.490 0.61783 34.98886 0.19809 21.61720 0.37038 0.01796 0.42296 0.18869 1422.025
4.495 0.61786 34.95219 0.19789 21.59553 0.37046 0.01789 0.42328 0.18836 1421.724
4.500 0.61789 34.91558 0.19770 21.57389 0.37055 0.01782 0.42360 0.18803 1421.424
4.505 0.61792 34.87905 0.19750 21.55231 0.37063 0.01775 0.42392 0.18769 1421.123
4.510 0.61794 34.84258 0.19730 21.53077 0.37071 0.01768 0.42424 0.18736 1420.824
4.515 0.61797 34.80618 0.19710 21.50928 0.37080 0.01762 0.42456 0.18703 1420.524
4.520 0.61800 34.76984 0.19691 21.48783 0.37088 0.01755 0.42488 0.18670 1420.225
4.525 0.61803 34.73358 0.19671 21.46643 0.37096 0.01748 0.42520 0.18636 1419.926
4.530 0.61806 34.69738 0.19652 21.44507 0.37104 0.01741 0.42552 0.18603 1419.628
4.535 0.61809 34.66124 0.19632 21.42376 0.37112 0.01734 0.42583 0.18570 1419.329
4.540 0.61812 34.62518 0.19613 21.40249 0.37120 0.01727 0.42615 0.18537 1419.031
4.545 0.61815 34.58918 0.19593 21.38127 0.37128 0.01720 0.42647 0.18504 1418.734
4.550 0.61818 34.55324 0.19574 21.36009 0.37136 0.01714 0.42679 0.18471 1418.437
4.555 0.61821 34.51737 0.19554 21.33896 0.37144 0.01707 0.42710 0.18438 1418.140
