timeGa Urey Qt heat/H0 heatTW 1HPE 2HPE 3HPE 4HPE TempC
0.005 1.05698 104.92925 0.99715 110.90820 0.14746 0.29588 0.10491 0.45175 1800.135
0.010 1.05368 104.95865 0.99431 110.59259 0.14776 0.29526 0.10519 0.45179 1800.262
0.015 1.05040 104.98636 0.99149 110.27817 0.14807 0.29465 0.10546 0.45182 1800.381
0.020 1.04716 105.01239 0.98867 109.96493 0.14838 0.29404 0.10573 0.45185 1800.492
0.025 1.04395 105.03675 0.98587 109.65287 0.14868 0.29343 0.10601 0.45188 1800.596
0.030 1.04076 105.05947 0.98307 109.34198 0.14899 0.29281 0.10628 0.45191 1800.693
0.035 1.03761 105.08054 0.98029 109.03225 0.14930 0.29220 0.10656 0.45194 1800.782
0.040 1.03448 105.09999 0.97751 108.72369 0.14960 0.29159 0.10684 0.45197 1800.863
0.045 1.03138 105.11783 0.97475 108.41629 0.14991 0.29098 0.10711 0.45199 1800.938
0.050 1.02831 105.13406 0.97199 108.11004 0.15022 0.29037 0.10739 0.45202 1801.005
0.055 1.02526 105.14871 0.96925 107.80494 0.15053 0.28976 0.10767 0.45204 1801.065
0.060 1.02224 105.16179 0.96652 107.50098 0.15084 0.28916 0.10794 0.45206 1801.117
0.065 1.01925 105.17331 0.96380 107.19817 0.15115 0.28855 0.10822 0.45208 1801.163
0.070 1.01629 105.18328 0.96108 106.89648 0.15146 0.28794 0.10850 0.45210 1801.202
0.075 1.01335 105.19172 0.95838 106.59592 0.15177 0.28733 0.10878 0.45212 1801.233
0.080 1.01044 105.19863 0.95569 106.29649 0.15208 0.28673 0.10906 0.45214 1801.258
0.085 1.00755 105.20404 0.95301 105.99818 0.15239 0.28612 0.10934 0.45215 1801.276
0.090 1.00469 105.20795 0.95033 105.70099 0.15270 0.28552 0.10962 0.45217 1801.287
0.095 1.00185 105.21038 0.94767 105.40490 0.15301 0.28491 0.10990 0.45218 1801.291
0.100 0.99904 105.21133 0.94502 105.10992 0.15332 0.28431 0.11018 0.45219 1801.289
0.105 0.99625 105.21083 0.94238 104.81604 0.15363 0.28371 0.11046 0.45221 1801.280
0.110 0.99348 105.20889 0.93975 104.52326 0.15394 0.28310 0.11074 0.45222 1801.265
0.115 0.99074 105.20551 0.93712 104.23157 0.15425 0.28250 0.11103 0.45222 1801.243
0.120 0.98803 105.20072 0.93451 103.94097 0.15456 0.28190 0.11131 0.45223 1801.214
0.125 0.98533 105.19451 0.93191 103.65145 0.15487 0.28130 0.11159 0.45224 1801.180
0.130 0.98266 105.18691 0.92931 103.36301 0.15518 0.28070 0.11188 0.45224 1801.138
0.135 0.98001 105.17793 0.92673 103.07564 0.15550 0.28010 0.11216 0.45225 1801.091
0.140 0.97739 105.16758 0.92416 102.78934 0.15581 0.27950 0.11245 0.45225 1801.038
0.145 0.97478 105.15587 0.92159 102.50411 0.15612 0.27890 0.11273 0.45225 1800.978
0.150 0.97220 105.14282 0.91904 102.21994 0.15643 0.27830 0.11302 0.45225 1800.912
0.155 0.96964 105.12843 0.91649 101.93682 0.15675 0.27770 0.11330 0.45225 1800.840
0.160 0.96710 105.11272 0.91396 101.65476 0.15706 0.27710 0.11359 0.45225 1800.762
0.165 0.96459 105.09570 0.91143 101.37374 0.15737 0.27651 0.11387 0.45225 1800.678
0.170 0.96209 105.07738 0.90891 101.09377 0.15769 0.27591 0.11416 0.45224 1800.589
0.175 0.95961 105.05778 0.90640 100.81484 0.15800 0.27531 0.11445 0.45224 1800.493
0.180 0.95716 105.03690 0.90391 100.53694 0.15831 0.27472 0.11474 0.45223 1800.392
0.185 0.95472 105.01476 0.90142 100.26007 0.15863 0.27412 0.11503 0.45222 1800.285
0.190 0.95231 104.99138 0.89894 99.98423 0.15894 0.27353 0.11531 0.45221 1800.172
0.195 0.94991 104.96675 0.89647 99.70941 0.15926 0.27294 0.11560 0.45220 1800.053
0.200 0.94754 104.94089 0.89400 99.43560 0.15957 0.27234 0.11589 0.45219 1799.929
0.205 0.94518 104.91383 0.89155 99.16281 0.15989 0.27175 0.11618 0.45218 1799.800
0.210 0.94285 104.88555 0.88911 98.89103 0.16020 0.27116 0.11647 0.45217 1799.665
0.215 0.94053 104.85609 0.88667 98.62026 0.16052 0.27057 0.11676 0.45215 1799.524
0.220 0.93823 104.82544 0.88425 98.35048 0.16083 0.26998 0.11706 0.45213 1799.378
0.225 0.93595 104.79363 0.88183 98.08171 0.16115 0.26939 0.11735 0.45212 1799.227
0.230 0.93369 104.76065 0.87942 97.81392 0.16147 0.26880 0.11764 0.45210 1799.071
0.235 0.93145 104.72653 0.87703 97.54712 0.16178 0.26821 0.11793 0.45208 1798.909
0.240 0.92922 104.69127 0.87464 97.28131 0.16210 0.26762 0.11823 0.45206 1798.742
0.245 0.92701 104.65489 0.87225 97.01648 0.16241 0.26703 0.11852 0.45204 1798.570
0.250 0.92482 104.61740 0.86988 96.75262 0.16273 0.26644 0.11881 0.45201 1798.393
0.255 0.92265 104.57880 0.86752 96.48974 0.16305 0.26586 0.11911 0.45199 1798.211
0.260 0.92050 104.53911 0.86516 96.22782 0.16337 0.26527 0.11940 0.45196 1798.023
0.265 0.91836 104.49834 0.86282 95.96687 0.16368 0.26469 0.11970 0.45194 1797.831
0.270 0.91624 104.45650 0.86048 95.70688 0.16400 0.26410 0.11999 0.45191 1797.634
0.275 0.91413 104.41360 0.85815 95.44784 0.16432 0.26352 0.12029 0.45188 1797.432
0.280 0.91204 104.36965 0.85583 95.18976 0.16464 0.26293 0.12058 0.45185 1797.225
0.285 0.90997 104.32466 0.85352 94.93263 0.16495 0.26235 0.12088 0.45182 1797.014
0.290 0.90792 104.27865 0.85122 94.67644 0.16527 0.26177 0.12118 0.45178 1796.798
0.295 0.90588 104.23162 0.84892 94.42119 0.16559 0.26118 0.12148 0.45175 1796.577
0.300 0.90386 104.18358 0.84663 94.16687 0.16591 0.26060 0.12177 0.45171 1796.351
0.305 0.90185 104.13454 0.84436 93.91350 0.16623 0.26002 0.12207 0.45168 1796.121
0.310 0.89986 104.08452 0.84209 93.66104 0.16655 0.25944 0.12237 0.45164 1795.886
0.315 0.89788 104.03353 0.83982 93.40952 0.16687 0.25886 0.12267 0.45160 1795.647
0.320 0.89592 103.98156 0.83757 93.15892 0.16718 0.25828 0.12297 0.45156 1795.403
0.325 0.89397 103.92865 0.83533 92.90923 0.16750 0.25771 0.12327 0.45152 1795.155
0.330 0.89204 103.87478 0.83309 92.66046 0.16782 0.25713 0.12357 0.45148 1794.902
0.335 0.89012 103.81998 0.83086 92.41259 0.16814 0.25655 0.12387 0.45143 1794.645
0.340 0.88822 103.76426 0.82864 92.16564 0.16846 0.25598 0.12417 0.45139 1794.384
0.345 0.88633 103.70762 0.82643 91.91959 0.16878 0.25540 0.12447 0.45134 1794.118
0.350 0.88446 103.65007 0.82423 91.67443 0.16910 0.25482 0.12478 0.45130 1793.849
0.355 0.88260 103.59163 0.82203 91.43017 0.16942 0.25425 0.12508 0.45125 1793.575
0.360 0.88076 103.53230 0.81984 91.18680 0.16975 0.25368 0.12538 0.45120 1793.296
0.365 0.87893 103.47209 0.81766 90.94432 0.17007 0.25310 0.12568 0.45115 1793.014
0.370 0.87711 103.41102 0.81549 90.70273 0.17039 0.25253 0.12599 0.45110 1792.728
0.375 0.87531 103.34909 0.81332 90.46201 0.17071 0.25196 0.12629 0.45104 1792.438
0.380 0.87352 103.28631 0.81117 90.22218 0.17103 0.25139 0.12660 0.45099 1792.143
0.385 0.87174 103.22269 0.80902 89.98321 0.17135 0.25082 0.12690 0.45093 1791.845
0.390 0.86998 103.15824 0.80688 89.74512 0.17167 0.25025 0.12721 0.45088 1791.543
0.395 0.86822 103.09297 0.80475 89.50789 0.17199 0.24968 0.12751 0.45082 1791.237
0.400 0.86649 103.02689 0.80262 89.27152 0.17232 0.24911 0.12782 0.45076 1790.927
0.405 0.86476 102.96001 0.80050 89.03602 0.17264 0.24854 0.12812 0.45070 1790.614
0.410 0.86305 102.89233 0.79839 88.80137 0.17296 0.24797 0.12843 0.45064 1790.296
0.415 0.86135 102.82387 0.79629 88.56757 0.17328 0.24741 0.12874 0.45058 1789.975
0.420 0.85967 102.75463 0.79420 88.33462 0.17360 0.24684 0.12904 0.45051 1789.650
0.425 0.85799 102.68463 0.79211 88.10252 0.17393 0.24627 0.12935 0.45045 1789.322
0.430 0.85633 102.61387 0.79003 87.87125 0.17425 0.24571 0.12966 0.45038 1788.990
0.435 0.85468 102.54236 0.78796 87.64083 0.17457 0.24514 0.12997 0.45031 1788.654
0.440 0.85304 102.47011 0.78590 87.41124 0.17489 0.24458 0.13028 0.45025 1788.315
0.445 0.85142 102.39713 0.78384 87.18248 0.17522 0.24402 0.13059 0.45018 1787.972
0.450 0.84980 102.32342 0.78179 86.95455 0.17554 0.24346 0.13090 0.45011 1787.626
0.455 0.84820 102.24900 0.77975 86.72745 0.17586 0.24289 0.13121 0.45003 1787.276
0.460 0.84661 102.17388 0.77771 86.50116 0.17619 0.24233 0.13152 0.44996 1786.923
0.465 0.84503 102.09805 0.77569 86.27570 0.17651 0.24177 0.13183 0.44989 1786.567
0.470 0.84346 102.02154 0.77367 86.05105 0.17683 0.24121 0.13214 0.44981 1786.207
0.475 0.84190 101.94434 0.77165 85.82721 0.17716 0.24065 0.13245 0.44973 1785.844
0.480 0.84036 101.86648 0.76965 85.60418 0.17748 0.24009 0.13277 0.44966 1785.478
0.485 0.83882 101.78794 0.76765 85.38195 0.17781 0.23954 0.13308 0.44958 1785.108
0.490 0.83730 101.70875 0.76566 85.16052 0.17813 0.23898 0.13339 0.44950 1784.735
0.495 0.83578 101.62891 0.76368 84.93990 0.17846 0.23842 0.13370 0.44942 1784.359
0.500 0.83428 101.54843 0.76170 84.72007 0.17878 0.23787 0.13402 0.44933 1783.980
0.505 0.83279 101.46732 0.75973 84.50103 0.17910 0.23731 0.13433 0.44925 1783.598
0.510 0.83131 101.38558 0.75777 84.28277 0.17943 0.23676 0.13465 0.44916 1783.213
0.515 0.82984 101.30322 0.75581 84.06531 0.17975 0.23620 0.13496 0.44908 1782.825
0.520 0.82838 101.22026 0.75386 83.84862 0.18008 0.23565 0.13528 0.44899 1782.433
0.525 0.82693 101.13669 0.75192 83.63272 0.18040 0.23510 0.13559 0.44890 1782.039
0.530 0.82549 101.05252 0.74999 83.41759 0.18073 0.23455 0.13591 0.44881 1781.642
0.535 0.82406 100.96777 0.74806 83.20323 0.18105 0.23400 0.13623 0.44872 1781.242
0.540 0.82264 100.88244 0.74614 82.98964 0.18138 0.23345 0.13654 0.44863 1780.839
0.545 0.82123 100.79654 0.74423 82.77682 0.18171 0.23290 0.13686 0.44854 1780.433
0.550 0.81983 100.71007 0.74232 82.56476 0.18203 0.23235 0.13718 0.44844 1780.024
0.555 0.81844 100.62305 0.74042 82.35347 0.18236 0.23180 0.13750 0.44835 1779.612
0.560 0.81705 100.53548 0.73853 82.14293 0.18268 0.23125 0.13781 0.44825 1779.198
0.565 0.81568 100.44736 0.73664 81.93314 0.18301 0.23071 0.13813 0.44816 1778.781
0.570 0.81432 100.35870 0.73476 81.72410 0.18333 0.23016 0.13845 0.44806 1778.361
0.575 0.81297 100.26952 0.73289 81.51582 0.18366 0.22961 0.13877 0.44796 1777.939
0.580 0.81162 100.17982 0.73103 81.30827 0.18399 0.22907 0.13909 0.44786 1777.514
0.585 0.81029 100.08960 0.72917 81.10147 0.18431 0.22852 0.13941 0.44775 1777.086
0.590 0.80896 99.99887 0.72731 80.89541 0.18464 0.22798 0.13973 0.44765 1776.656
0.595 0.80765 99.90764 0.72547 80.69008 0.18497 0.22744 0.14005 0.44754 1776.223
0.600 0.80634 99.81592 0.72363 80.48549 0.18529 0.22690 0.14037 0.44744 1775.787
0.605 0.80504 99.72371 0.72179 80.28163 0.18562 0.22635 0.14069 0.44733 1775.349
0.610 0.80375 99.63102 0.71997 80.07849 0.18594 0.22581 0.14102 0.44722 1774.909
0.615 0.80247 99.53785 0.71815 79.87608 0.18627 0.22527 0.14134 0.44712 1774.466
0.620 0.80120 99.44422 0.71634 79.67439 0.18660 0.22473 0.14166 0.44700 1774.021
0.625 0.79993 99.35013 0.71453 79.47341 0.18693 0.22420 0.14198 0.44689 1773.573
0.630 0.79868 99.25558 0.71273 79.27316 0.18725 0.22366 0.14231 0.44678 1773.123
0.635 0.79743 99.16058 0.71093 79.07361 0.18758 0.22312 0.14263 0.44667 1772.670
0.640 0.79619 99.06515 0.70915 78.87478 0.18791 0.22258 0.14296 0.44655 1772.216
0.645 0.79496 98.96927 0.70736 78.67665 0.18823 0.22205 0.14328 0.44644 1771.759
0.650 0.79374 98.87297 0.70559 78.47922 0.18856 0.22151 0.14361 0.44632 1771.299
0.655 0.79252 98.77624 0.70382 78.28250 0.18889 0.22098 0.14393 0.44620 1770.837
0.660 0.79132 98.67910 0.70206 78.08647 0.18922 0.22045 0.14426 0.44608 1770.374
0.665 0.79012 98.58155 0.70030 77.89114 0.18954 0.21991 0.14458 0.44596 1769.908
0.670 0.78893 98.48359 0.69855 77.69650 0.18987 0.21938 0.14491 0.44584 1769.439
0.675 0.78775 98.38523 0.69681 77.50255 0.19020 0.21885 0.14524 0.44572 1768.969
0.680 0.78657 98.28649 0.69507 77.30929 0.19053 0.21832 0.14556 0.44559 1768.496
0.685 0.78540 98.18735 0.69334 77.11671 0.19085 0.21779 0.14589 0.44547 1768.022
0.690 0.78424 98.08783 0.69161 76.92482 0.19118 0.21726 0.14622 0.44534 1767.545
0.695 0.78309 97.98794 0.68990 76.73360 0.19151 0.21673 0.14655 0.44521 1767.066
0.700 0.78195 97.88768 0.68818 76.54306 0.19184 0.21620 0.14687 0.44508 1766.585
0.705 0.78081 97.78706 0.68648 76.35319 0.19217 0.21568 0.14720 0.44495 1766.103
0.710 0.77968 97.68608 0.68477 76.16399 0.19249 0.21515 0.14753 0.44482 1765.618
0.715 0.77856 97.58474 0.68308 75.97546 0.19282 0.21462 0.14786 0.44469 1765.131
0.720 0.77744 97.48306 0.68139 75.78760 0.19315 0.21410 0.14819 0.44456 1764.642
0.725 0.77634 97.38104 0.67971 75.60039 0.19348 0.21357 0.14852 0.44442 1764.152
0.730 0.77524 97.27868 0.67803 75.41385 0.19381 0.21305 0.14885 0.44429 1763.659
0.735 0.77414 97.17599 0.67636 75.22797 0.19414 0.21253 0.14918 0.44415 1763.165
0.740 0.77305 97.07298 0.67469 75.04274 0.19446 0.21201 0.14951 0.44402 1762.669
0.745 0.77198 96.96965 0.67303 74.85816 0.19479 0.21148 0.14985 0.44388 1762.171
0.750 0.77090 96.86600 0.67138 74.67423 0.19512 0.21096 0.15018 0.44374 1761.671
0.755 0.76984 96.76205 0.66973 74.49095 0.19545 0.21044 0.15051 0.44360 1761.169
0.760 0.76878 96.65779 0.66809 74.30831 0.19578 0.20992 0.15084 0.44345 1760.666
0.765 0.76772 96.55323 0.66645 74.12631 0.19611 0.20941 0.15118 0.44331 1760.160
0.770 0.76668 96.44838 0.66482 73.94495 0.19644 0.20889 0.15151 0.44317 1759.653
0.775 0.76564 96.34324 0.66320 73.76423 0.19676 0.20837 0.15184 0.44302 1759.145
0.780 0.76461 96.23781 0.66158 73.58414 0.19709 0.20785 0.15218 0.44288 1758.635
0.785 0.76358 96.13211 0.65997 73.40469 0.19742 0.20734 0.15251 0.44273 1758.123
0.790 0.76256 96.02614 0.65836 73.22586 0.19775 0.20682 0.15285 0.44258 1757.609
0.795 0.76155 95.91989 0.65676 73.04766 0.19808 0.20631 0.15318 0.44243 1757.094
0.800 0.76054 95.81338 0.65516 72.87008 0.19841 0.20580 0.15352 0.44228 1756.577
0.805 0.75954 95.70662 0.65357 72.69313 0.19874 0.20528 0.15385 0.44213 1756.059
0.810 0.75855 95.59960 0.65198 72.51679 0.19907 0.20477 0.15419 0.44197 1755.539
0.815 0.75756 95.49232 0.65040 72.34107 0.19940 0.20426 0.15452 0.44182 1755.017
0.820 0.75658 95.38481 0.64883 72.16596 0.19972 0.20375 0.15486 0.44166 1754.494
0.825 0.75560 95.27705 0.64726 71.99146 0.20005 0.20324 0.15520 0.44151 1753.970
0.830 0.75463 95.16906 0.64570 71.81758 0.20038 0.20273 0.15553 0.44135 1753.444
0.835 0.75367 95.06084 0.64414 71.64430 0.20071 0.20222 0.15587 0.44119 1752.916
0.840 0.75271 94.95239 0.64259 71.47162 0.20104 0.20172 0.15621 0.44103 1752.387
0.845 0.75176 94.84372 0.64104 71.29955 0.20137 0.20121 0.15655 0.44087 1751.857
0.850 0.75081 94.73483 0.63950 71.12807 0.20170 0.20071 0.15689 0.44071 1751.325
0.855 0.74987 94.62572 0.63796 70.95720 0.20203 0.20020 0.15723 0.44055 1750.792
0.860 0.74894 94.51641 0.63643 70.78691 0.20236 0.19970 0.15756 0.44038 1750.257
0.865 0.74801 94.40689 0.63490 70.61722 0.20269 0.19919 0.15790 0.44022 1749.722
0.870 0.74709 94.29718 0.63338 70.44812 0.20302 0.19869 0.15824 0.44005 1749.184
0.875 0.74617 94.18726 0.63187 70.27961 0.20334 0.19819 0.15858 0.43988 1748.646
0.880 0.74526 94.07716 0.63036 70.11168 0.20367 0.19769 0.15892 0.43972 1748.106
0.885 0.74435 93.96686 0.62885 69.94433 0.20400 0.19719 0.15927 0.43955 1747.565
0.890 0.74345 93.85638 0.62736 69.77757 0.20433 0.19669 0.15961 0.43938 1747.022
0.895 0.74256 93.74573 0.62586 69.61138 0.20466 0.19619 0.15995 0.43920 1746.479
0.900 0.74167 93.63489 0.62437 69.44577 0.20499 0.19569 0.16029 0.43903 1745.934
0.905 0.74078 93.52389 0.62289 69.28073 0.20532 0.19519 0.16063 0.43886 1745.388
0.910 0.73990 93.41271 0.62141 69.11627 0.20565 0.19469 0.16097 0.43868 1744.840
0.915 0.73903 93.30138 0.61994 68.95237 0.20598 0.19420 0.16132 0.43851 1744.292
0.920 0.73816 93.18988 0.61847 68.78904 0.20631 0.19370 0.16166 0.43833 1743.742
0.925 0.73730 93.07822 0.61700 68.62627 0.20664 0.19321 0.16200 0.43815 1743.192
0.930 0.73644 92.96642 0.61555 68.46407 0.20696 0.19271 0.16235 0.43797 1742.640
0.935 0.73559 92.85446 0.61409 68.30243 0.20729 0.19222 0.16269 0.43779 1742.087
0.940 0.73474 92.74236 0.61264 68.14134 0.20762 0.19173 0.16304 0.43761 1741.532
0.945 0.73390 92.63012 0.61120 67.98081 0.20795 0.19124 0.16338 0.43743 1740.977
0.950 0.73306 92.51774 0.60976 67.82084 0.20828 0.19075 0.16372 0.43725 1740.421
0.955 0.73222 92.40523 0.60833 67.66141 0.20861 0.19026 0.16407 0.43706 1739.864
0.960 0.73140 92.29259 0.60690 67.50254 0.20894 0.18977 0.16442 0.43688 1739.305
0.965 0.73057 92.17982 0.60548 67.34421 0.20927 0.18928 0.16476 0.43669 1738.746
0.970 0.72976 92.06692 0.60406 67.18643 0.20960 0.18879 0.16511 0.43650 1738.185
0.975 0.72894 91.95391 0.60264 67.02919 0.20993 0.18831 0.16545 0.43632 1737.624
0.980 0.72813 91.84078 0.60124 66.87248 0.21025 0.18782 0.16580 0.43613 1737.061
0.985 0.72733 91.72754 0.59983 66.71632 0.21058 0.18733 0.16615 0.43593 1736.498
0.990 0.72653 91.61419 0.59843 66.56070 0.21091 0.18685 0.16649 0.43574 1735.934
0.995 0.72574 91.50073 0.59704 66.40560 0.21124 0.18637 0.16684 0.43555 1735.368
1.000 0.72495 91.38717 0.59565 66.25105 0.21157 0.18588 0.16719 0.43536 1734.802
1.005 0.72416 91.27351 0.59426 66.09702 0.21190 0.18540 0.16754 0.43516 1734.235
1.010 0.72338 91.15975 0.59288 65.94351 0.21223 0.18492 0.16789 0.43497 1733.667
1.015 0.72261 91.04590 0.59151 65.79054 0.21256 0.18444 0.16824 0.43477 1733.098
1.020 0.72184 90.93196 0.59014 65.63808 0.21288 0.18396 0.16858 0.43457 1732.528
1.025 0.72107 90.81793 0.58877 65.48615 0.21321 0.18348 0.16893 0.43437 1731.958
1.030 0.72031 90.70382 0.58741 65.33474 0.21354 0.18300 0.16928 0.43417 1731.386
1.035 0.71955 90.58963 0.58605 65.18385 0.21387 0.18252 0.16963 0.43397 1730.814
1.040 0.71880 90.47536 0.58470 65.03347 0.21420 0.18205 0.16998 0.43377 1730.241
1.045 0.71805 90.36101 0.58335 64.88360 0.21453 0.18157 0.17033 0.43357 1729.667
1.050 0.71730 90.24660 0.58201 64.73425 0.21486 0.18110 0.17068 0.43336 1729.092
1.055 0.71656 90.13211 0.58067 64.58541 0.21518 0.18062 0.17104 0.43316 1728.517
1.060 0.71583 90.01756 0.57934 64.43707 0.21551 0.18015 0.17139 0.43295 1727.941
1.065 0.71510 89.90295 0.57801 64.28924 0.21584 0.17968 0.17174 0.43275 1727.364
1.070 0.71437 89.78828 0.57669 64.14191 0.21617 0.17920 0.17209 0.43254 1726.786
1.075 0.71365 89.67355 0.57537 63.99508 0.21650 0.17873 0.17244 0.43233 1726.207
1.080 0.71293 89.55877 0.57405 63.84876 0.21682 0.17826 0.17279 0.43212 1725.628
1.085 0.71221 89.44393 0.57274 63.70293 0.21715 0.17779 0.17315 0.43191 1725.049
1.090 0.71150 89.32905 0.57143 63.55759 0.21748 0.17732 0.17350 0.43170 1724.468
1.095 0.71079 89.21412 0.57013 63.41275 0.21781 0.17685 0.17385 0.43148 1723.887
1.100 0.71009 89.09914 0.56883 63.26841 0.21814 0.17639 0.17421 0.43127 1723.305
1.105 0.70939 88.98413 0.56754 63.12455 0.21846 0.17592 0.17456 0.43105 1722.722
1.110 0.70870 88.86908 0.56625 62.98118 0.21879 0.17546 0.17492 0.43084 1722.139
1.115 0.70801 88.75399 0.56497 62.83829 0.21912 0.17499 0.17527 0.43062 1721.556
1.120 0.70732 88.63888 0.56369 62.69589 0.21945 0.17453 0.17562 0.43040 1720.971
1.125 0.70664 88.52373 0.56241 62.55397 0.21977 0.17406 0.17598 0.43018 1720.386
1.130 0.70596 88.40855 0.56114 62.41253 0.22010 0.17360 0.17633 0.42996 1719.801
1.135 0.70528 88.29335 0.55987 62.27157 0.22043 0.17314 0.17669 0.42974 1719.214
1.140 0.70461 88.17813 0.55861 62.13109 0.22076 0.17268 0.17705 0.42952 1718.628
1.145 0.70394 88.06288 0.55735 61.99108 0.22108 0.17222 0.17740 0.42930 1718.040
1.150 0.70328 87.94762 0.55609 61.85154 0.22141 0.17176 0.17776 0.42907 1717.453
1.155 0.70262 87.83234 0.55484 61.71248 0.22174 0.17130 0.17811 0.42885 1716.864
1.160 0.70196 87.71705 0.55360 61.57388 0.22206 0.17084 0.17847 0.42862 1716.275
1.165 0.70131 87.60175 0.55236 61.43575 0.22239 0.17038 0.17883 0.42840 1715.686
1.170 0.70066 87.48645 0.55112 61.29809 0.22272 0.16993 0.17918 0.42817 1715.096
1.175 0.70001 87.37113 0.54988 61.16089 0.22305 0.16947 0.17954 0.42794 1714.506
1.180 0.69937 87.25581 0.54865 61.02415 0.22337 0.16902 0.17990 0.42771 1713.915
1.185 0.69873 87.14050 0.54743 60.88787 0.22370 0.16856 0.18026 0.42748 1713.323
1.190 0.69810 87.02518 0.54621 60.75205 0.22402 0.16811 0.18062 0.42725 1712.732
1.195 0.69747 86.90986 0.54499 60.61669 0.22435 0.16766 0.18097 0.42702 1712.139
1.200 0.69684 86.79456 0.54378 60.48178 0.22468 0.16721 0.18133 0.42678 1711.547
1.205 0.69621 86.67925 0.54257 60.34733 0.22500 0.16676 0.18169 0.42655 1710.953
1.210 0.69559 86.56396 0.54136 60.21332 0.22533 0.16631 0.18205 0.42631 1710.360
1.215 0.69498 86.44868 0.54016 60.07977 0.22566 0.16586 0.18241 0.42608 1709.766
1.220 0.69436 86.33342 0.53897 59.94666 0.22598 0.16541 0.18277 0.42584 1709.171
1.225 0.69375 86.21817 0.53777 59.81400 0.22631 0.16496 0.18313 0.42560 1708.577
1.230 0.69314 86.10293 0.53659 59.68178 0.22663 0.16451 0.18349 0.42536 1707.982
1.235 0.69254 85.98772 0.53540 59.55000 0.22696 0.16407 0.18385 0.42512 1707.386
1.240 0.69194 85.87253 0.53422 59.41867 0.22728 0.16362 0.18421 0.42488 1706.790
1.245 0.69134 85.75737 0.53304 59.28777 0.22761 0.16318 0.18457 0.42464 1706.194
1.250 0.69075 85.64223 0.53187 59.15732 0.22793 0.16273 0.18494 0.42440 1705.597
1.255 0.69016 85.52712 0.53070 59.02729 0.22826 0.16229 0.18530 0.42415 1705.000
1.260 0.68957 85.41203 0.52954 58.89771 0.22858 0.16185 0.18566 0.42391 1704.403
1.265 0.68899 85.29698 0.52838 58.76855 0.22891 0.16141 0.18602 0.42366 1703.806
1.270 0.68841 85.18197 0.52722 58.63982 0.22923 0.16097 0.18638 0.42342 1703.208
1.275 0.68783 85.06699 0.52606 58.51153 0.22956 0.16053 0.18675 0.42317 1702.609
1.280 0.68725 84.95204 0.52491 58.38366 0.22988 0.16009 0.18711 0.42292 1702.011
1.285 0.68668 84.83714 0.52377 58.25621 0.23021 0.15965 0.18747 0.42267 1701.412
1.290 0.68611 84.72227 0.52263 58.12919 0.23053 0.15921 0.18783 0.42242 1700.813
1.295 0.68555 84.60745 0.52149 58.00260 0.23086 0.15878 0.18820 0.42217 1700.214
1.300 0.68499 84.49268 0.52035 57.87642 0.23118 0.15834 0.18856 0.42192 1699.614
1.305 0.68443 84.37795 0.51922 57.75066 0.23150 0.15791 0.18892 0.42166 1699.015
1.310 0.68387 84.26326 0.51810 57.62532 0.23183 0.15747 0.18929 0.42141 1698.415
1.315 0.68332 84.14863 0.51697 57.50040 0.23215 0.15704 0.18965 0.42115 1697.814
1.320 0.68277 84.03405 0.51585 57.37588 0.23248 0.15661 0.19002 0.42090 1697.214
1.325 0.68222 83.91952 0.51474 57.25179 0.23280 0.15618 0.19038 0.42064 1696.613
1.330 0.68168 83.80505 0.51363 57.12810 0.23312 0.15575 0.19075 0.42039 1696.012
1.335 0.68114 83.69063 0.51252 57.00482 0.23345 0.15532 0.19111 0.42013 1695.411
1.340 0.68060 83.57627 0.51141 56.88195 0.23377 0.15489 0.19148 0.41987 1694.810
1.345 0.68006 83.46197 0.51031 56.75949 0.23409 0.15446 0.19184 0.41961 1694.208
1.350 0.67953 83.34773 0.50921 56.63743 0.23441 0.15403 0.19221 0.41935 1693.607
1.355 0.67900 83.23355 0.50812 56.51577 0.23474 0.15360 0.19258 0.41908 1693.005
1.360 0.67848 83.11944 0.50703 56.39452 0.23506 0.15318 0.19294 0.41882 1692.403
1.365 0.67795 83.00539 0.50594 56.27367 0.23538 0.15275 0.19331 0.41856 1691.801
1.370 0.67743 82.89141 0.50486 56.15321 0.23570 0.15233 0.19368 0.41829 1691.198
1.375 0.67691 82.77749 0.50378 56.03315 0.23603 0.15190 0.19404 0.41803 1690.596
1.380 0.67640 82.66365 0.50271 55.91349 0.23635 0.15148 0.19441 0.41776 1689.993
1.385 0.67588 82.54988 0.50163 55.79422 0.23667 0.15106 0.19478 0.41749 1689.391
1.390 0.67538 82.43618 0.50056 55.67534 0.23699 0.15064 0.19514 0.41723 1688.788
1.395 0.67487 82.32255 0.49950 55.55686 0.23731 0.15022 0.19551 0.41696 1688.185
1.400 0.67436 82.20900 0.49844 55.43876 0.23763 0.14980 0.19588 0.41669 1687.582
1.405 0.67386 82.09553 0.49738 55.32105 0.23795 0.14938 0.19625 0.41642 1686.979
1.410 0.67336 81.98214 0.49632 55.20373 0.23828 0.14896 0.19662 0.41615 1686.376
1.415 0.67287 81.86882 0.49527 55.08679 0.23860 0.14854 0.19699 0.41587 1685.772
1.420 0.67237 81.75559 0.49423 54.97024 0.23892 0.14813 0.19735 0.41560 1685.169
1.425 0.67188 81.64243 0.49318 54.85407 0.23924 0.14771 0.19772 0.41533 1684.565
1.430 0.67139 81.52937 0.49214 54.73827 0.23956 0.14730 0.19809 0.41505 1683.962
1.435 0.67091 81.41638 0.49110 54.62286 0.23988 0.14688 0.19846 0.41478 1683.358
1.440 0.67042 81.30348 0.49007 54.50783 0.24020 0.14647 0.19883 0.41450 1682.755
1.445 0.66994 81.19067 0.48904 54.39317 0.24052 0.14606 0.19920 0.41422 1682.151
1.450 0.66947 81.07795 0.48801 54.27889 0.24084 0.14565 0.19957 0.41394 1681.548
1.455 0.66899 80.96532 0.48699 54.16497 0.24116 0.14524 0.19994 0.41367 1680.944
1.460 0.66852 80.85277 0.48596 54.05144 0.24148 0.14483 0.20031 0.41339 1680.340
1.465 0.66805 80.74032 0.48495 53.93827 0.24180 0.14442 0.20068 0.41311 1679.736
1.470 0.66758 80.62797 0.48393 53.82547 0.24211 0.14401 0.20105 0.41282 1679.133
1.475 0.66711 80.51570 0.48292 53.71304 0.24243 0.14360 0.20142 0.41254 1678.529
1.480 0.66665 80.40353 0.48191 53.60097 0.24275 0.14319 0.20180 0.41226 1677.925
1.485 0.66619 80.29146 0.48091 53.48927 0.24307 0.14279 0.20217 0.41197 1677.321
1.490 0.66573 80.17949 0.47991 53.37793 0.24339 0.14238 0.20254 0.41169 1676.718
1.495 0.66527 80.06761 0.47891 53.26696 0.24371 0.14198 0.20291 0.41140 1676.114
1.500 0.66482 79.95584 0.47792 53.15635 0.24402 0.14158 0.20328 0.41112 1675.510
1.505 0.66437 79.84416 0.47693 53.04609 0.24434 0.14117 0.20365 0.41083 1674.907
1.510 0.66392 79.73259 0.47594 52.93619 0.24466 0.14077 0.20403 0.41054 1674.303
1.515 0.66348 79.62112 0.47495 52.82665 0.24498 0.14037 0.20440 0.41025 1673.699
1.520 0.66303 79.50976 0.47397 52.71747 0.24529 0.13997 0.20477 0.40996 1673.096
1.525 0.66259 79.39850 0.47299 52.60863 0.24561 0.13957 0.20514 0.40967 1672.492
1.530 0.66215 79.28734 0.47202 52.50016 0.24593 0.13917 0.20552 0.40938 1671.889
1.535 0.66171 79.17629 0.47105 52.39203 0.24625 0.13877 0.20589 0.40909 1671.286
1.540 0.66128 79.06535 0.47008 52.28425 0.24656 0.13838 0.20626 0.40880 1670.682
1.545 0.66085 78.95452 0.46911 52.17682 0.24688 0.13798 0.20664 0.40851 1670.079
1.550 0.66042 78.84380 0.46815 52.06974 0.24719 0.13758 0.20701 0.40821 1669.476
1.555 0.65999 78.73319 0.46719 51.96300 0.24751 0.13719 0.20738 0.40792 1668.873
1.560 0.65956 78.62269 0.46623 51.85661 0.24783 0.13680 0.20776 0.40762 1668.270
1.565 0.65914 78.51230 0.46528 51.75056 0.24814 0.13640 0.20813 0.40732 1667.667
1.570 0.65872 78.40203 0.46433 51.64485 0.24846 0.13601 0.20851 0.40703 1667.065
1.575 0.65830 78.29187 0.46338 51.53949 0.24877 0.13562 0.20888 0.40673 1666.462
1.580 0.65788 78.18182 0.46244 51.43446 0.24909 0.13523 0.20926 0.40643 1665.860
1.585 0.65747 78.07189 0.46149 51.32977 0.24940 0.13484 0.20963 0.40613 1665.257
1.590 0.65706 77.96208 0.46056 51.22542 0.24972 0.13445 0.21001 0.40583 1664.655
1.595 0.65665 77.85239 0.45962 51.12140 0.25003 0.13406 0.21038 0.40553 1664.053
1.600 0.65624 77.74281 0.45869 51.01772 0.25034 0.13367 0.21076 0.40523 1663.451
1.605 0.65583 77.63335 0.45776 50.91437 0.25066 0.13329 0.21113 0.40492 1662.849
1.610 0.65543 77.52402 0.45683 50.81135 0.25097 0.13290 0.21151 0.40462 1662.247
1.615 0.65503 77.41480 0.45591 50.70866 0.25128 0.13252 0.21188 0.40432 1661.646
1.620 0.65463 77.30571 0.45499 50.60630 0.25160 0.13213 0.21226 0.40401 1661.044
1.625 0.65423 77.19674 0.45407 50.50427 0.25191 0.13175 0.21264 0.40371 1660.443
1.630 0.65383 77.08789 0.45316 50.40257 0.25222 0.13136 0.21301 0.40340 1659.842
1.635 0.65344 76.97916 0.45225 50.30119 0.25254 0.13098 0.21339 0.40309 1659.241
1.640 0.65305 76.87056 0.45134 50.20014 0.25285 0.13060 0.21377 0.40278 1658.640
1.645 0.65266 76.76208 0.45043 50.09941 0.25316 0.13022 0.21414 0.40248 1658.040
1.650 0.65227 76.65374 0.44953 49.99900 0.25347 0.12984 0.21452 0.40217 1657.439
1.655 0.65189 76.54551 0.44863 49.89891 0.25378 0.12946 0.21490 0.40186 1656.839
1.660 0.65150 76.43742 0.44773 49.79914 0.25410 0.12908 0.21527 0.40155 1656.239
1.665 0.65112 76.32945 0.44684 49.69969 0.25441 0.12871 0.21565 0.40123 1655.639
1.670 0.65074 76.22161 0.44595 49.60055 0.25472 0.12833 0.21603 0.40092 1655.039
1.675 0.65036 76.11390 0.44506 49.50174 0.25503 0.12796 0.21641 0.40061 1654.440
1.680 0.64999 76.00632 0.44417 49.40323 0.25534 0.12758 0.21678 0.40030 1653.841
1.685 0.64961 75.89887 0.44329 49.30504 0.25565 0.12721 0.21716 0.39998 1653.242
1.690 0.64924 75.79155 0.44241 49.20716 0.25596 0.12683 0.21754 0.39967 1652.643
1.695 0.64887 75.68437 0.44153 49.10960 0.25627 0.12646 0.21792 0.39935 1652.044
1.700 0.64851 75.57731 0.44066 49.01234 0.25658 0.12609 0.21830 0.39903 1651.446
1.705 0.64814 75.47039 0.43979 48.91539 0.25689 0.12572 0.21868 0.39872 1650.848
1.710 0.64778 75.36361 0.43892 48.81875 0.25720 0.12535 0.21905 0.39840 1650.250
1.715 0.64741 75.25695 0.43805 48.72241 0.25751 0.12498 0.21943 0.39808 1649.652
1.720 0.64705 75.15043 0.43719 48.62639 0.25781 0.12461 0.21981 0.39776 1649.054
1.725 0.64670 75.04405 0.43633 48.53066 0.25812 0.12424 0.22019 0.39744 1648.457
1.730 0.64634 74.93780 0.43547 48.43524 0.25843 0.12388 0.22057 0.39712 1647.860
1.735 0.64598 74.83169 0.43462 48.34012 0.25874 0.12351 0.22095 0.39680 1647.263
1.740 0.64563 74.72572 0.43376 48.24530 0.25905 0.12315 0.22133 0.39648 1646.667
1.745 0.64528 74.61988 0.43291 48.15078 0.25935 0.12278 0.22171 0.39615 1646.071
1.750 0.64493 74.51418 0.43207 48.05656 0.25966 0.12242 0.22209 0.39583 1645.475
1.755 0.64458 74.40862 0.43122 47.96263 0.25997 0.12205 0.22247 0.39551 1644.879
1.760 0.64424 74.30320 0.43038 47.86900 0.26028 0.12169 0.22285 0.39518 1644.284
1.765 0.64390 74.19792 0.42954 47.77567 0.26058 0.12133 0.22323 0.39486 1643.688
1.770 0.64355 74.09278 0.42870 47.68263 0.26089 0.12097 0.22361 0.39453 1643.094
1.775 0.64321 73.98778 0.42787 47.58988 0.26119 0.12061 0.22399 0.39421 1642.499
1.780 0.64287 73.88292 0.42704 47.49743 0.26150 0.12025 0.22437 0.39388 1641.905
1.785 0.64254 73.77820 0.42621 47.40527 0.26180 0.11989 0.22475 0.39355 1641.310
1.790 0.64220 73.67362 0.42538 47.31339 0.26211 0.11954 0.22513 0.39322 1640.717
1.795 0.64187 73.56918 0.42456 47.22181 0.26241 0.11918 0.22551 0.39289 1640.123
1.800 0.64154 73.46489 0.42374 47.13051 0.26272 0.11882 0.22589 0.39256 1639.530
1.805 0.64121 73.36074 0.42292 47.03950 0.26302 0.11847 0.22627 0.39223 1638.937
1.810 0.64088 73.25673 0.42211 46.94877 0.26333 0.11812 0.22666 0.39190 1638.344
1.815 0.64055 73.15287 0.42129 46.85833 0.26363 0.11776 0.22704 0.39157 1637.752
1.820 0.64023 73.04915 0.42048 46.76817 0.26394 0.11741 0.22742 0.39124 1637.160
1.825 0.63991 72.94557 0.41967 46.67829 0.26424 0.11706 0.22780 0.39090 1636.568
1.830 0.63958 72.84214 0.41887 46.58870 0.26454 0.11671 0.22818 0.39057 1635.977
1.835 0.63926 72.73886 0.41807 46.49938 0.26484 0.11636 0.22856 0.39024 1635.386
1.840 0.63895 72.63572 0.41727 46.41035 0.26515 0.11601 0.22894 0.38990 1634.795
1.845 0.63863 72.53273 0.41647 46.32159 0.26545 0.11566 0.22933 0.38957 1634.205
1.850 0.63832 72.42988 0.41567 46.23311 0.26575 0.11531 0.22971 0.38923 1633.615
1.855 0.63800 72.32718 0.41488 46.14490 0.26605 0.11496 0.23009 0.38889 1633.025
1.860 0.63769 72.22463 0.41409 46.05697 0.26635 0.11462 0.23047 0.38856 1632.436
1.865 0.63738 72.12223 0.41330 45.96931 0.26666 0.11427 0.23085 0.38822 1631.846
1.870 0.63707 72.01997 0.41251 45.88193 0.26696 0.11393 0.23124 0.38788 1631.258
1.875 0.63677 71.91786 0.41173 45.79482 0.26726 0.11358 0.23162 0.38754 1630.669
1.880 0.63646 71.81590 0.41095 45.70798 0.26756 0.11324 0.23200 0.38720 1630.081
1.885 0.63616 71.71409 0.41017 45.62140 0.26786 0.11290 0.23239 0.38686 1629.493
1.890 0.63585 71.61242 0.40940 45.53510 0.26816 0.11255 0.23277 0.38652 1628.906
1.895 0.63555 71.51091 0.40862 45.44907 0.26846 0.11221 0.23315 0.38618 1628.319
1.900 0.63526 71.40955 0.40785 45.36330 0.26876 0.11187 0.23353 0.38584 1627.732
1.905 0.63496 71.30833 0.40708 45.27780 0.26906 0.11153 0.23392 0.38549 1627.146
1.910 0.63466 71.20727 0.40632 45.19256 0.26935 0.11120 0.23430 0.38515 1626.560
1.915 0.63437 71.10635 0.40555 45.10759 0.26965 0.11086 0.23468 0.38481 1625.974
1.920 0.63408 71.00559 0.40479 45.02287 0.26995 0.11052 0.23507 0.38446 1625.389
1.925 0.63378 70.90498 0.40403 44.93843 0.27025 0.11018 0.23545 0.38412 1624.804
1.930 0.63349 70.80451 0.40327 44.85424 0.27055 0.10985 0.23583 0.38377 1624.219
1.935 0.63321 70.70420 0.40252 44.77031 0.27084 0.10951 0.23622 0.38343 1623.635
1.940 0.63292 70.60405 0.40177 44.68664 0.27114 0.10918 0.23660 0.38308 1623.051
1.945 0.63263 70.50404 0.40102 44.60323 0.27144 0.10885 0.23699 0.38273 1622.468
1.950 0.63235 70.40418 0.40027 44.52008 0.27173 0.10851 0.23737 0.38238 1621.885
1.955 0.63207 70.30448 0.39953 44.43718 0.27203 0.10818 0.23775 0.38204 1621.302
1.960 0.63179 70.20493 0.39878 44.35454 0.27232 0.10785 0.23814 0.38169 1620.720
1.965 0.63151 70.10553 0.39804 44.27215 0.27262 0.10752 0.23852 0.38134 1620.138
1.970 0.63123 70.00629 0.39730 44.19002 0.27291 0.10719 0.23891 0.38099 1619.557
1.975 0.63095 69.90720 0.39657 44.10814 0.27321 0.10686 0.23929 0.38064 1618.975
1.980 0.63068 69.80826 0.39583 44.02651 0.27350 0.10654 0.23967 0.38029 1618.395
1.985 0.63040 69.70947 0.39510 43.94513 0.27380 0.10621 0.24006 0.37994 1617.814
1.990 0.63013 69.61084 0.39437 43.86400 0.27409 0.10588 0.24044 0.37958 1617.234
1.995 0.62986 69.51237 0.39364 43.78312 0.27439 0.10556 0.24083 0.37923 1616.655
2.000 0.62959 69.41404 0.39292 43.70248 0.27468 0.10523 0.24121 0.37888 1616.076
2.005 0.62932 69.31587 0.39220 43.62209 0.27497 0.10491 0.24160 0.37852 1615.497
2.010 0.62906 69.21786 0.39148 43.54195 0.27526 0.10458 0.24198 0.37817 1614.918
2.015 0.62879 69.12000 0.39076 43.46206 0.27556 0.10426 0.24237 0.37781 1614.340
2.020 0.62853 69.02229 0.39004 43.38241 0.27585 0.10394 0.24275 0.37746 1613.763
2.025 0.62826 68.92474 0.38933 43.30300 0.27614 0.10362 0.24314 0.37710 1613.186
2.030 0.62800 68.82734 0.38862 43.22383 0.27643 0.10330 0.24352 0.37675 1612.609
2.035 0.62774 68.73010 0.38791 43.14491 0.27672 0.10298 0.24391 0.37639 1612.033
2.040 0.62749 68.63301 0.38720 43.06623 0.27701 0.10266 0.24429 0.37603 1611.457
2.045 0.62723 68.53608 0.38649 42.98778 0.27730 0.10234 0.24468 0.37568 1610.881
2.050 0.62697 68.43930 0.38579 42.90958 0.27759 0.10203 0.24506 0.37532 1610.306
2.055 0.62672 68.34268 0.38509 42.83161 0.27788 0.10171 0.24545 0.37496 1609.732
2.060 0.62647 68.24622 0.38439 42.75388 0.27817 0.10139 0.24583 0.37460 1609.157
2.065 0.62621 68.14991 0.38369 42.67639 0.27846 0.10108 0.24622 0.37424 1608.584
2.070 0.62596 68.05375 0.38300 42.59913 0.27875 0.10076 0.24660 0.37388 1608.010
2.075 0.62571 67.95775 0.38231 42.52211 0.27904 0.10045 0.24699 0.37352 1607.437
2.080 0.62547 67.86191 0.38162 42.44532 0.27933 0.10014 0.24737 0.37316 1606.865
2.085 0.62522 67.76623 0.38093 42.36876 0.27962 0.09983 0.24776 0.37280 1606.293
2.090 0.62497 67.67070 0.38024 42.29244 0.27990 0.09952 0.24815 0.37243 1605.721
2.095 0.62473 67.57532 0.37956 42.21634 0.28019 0.09920 0.24853 0.37207 1605.150
2.100 0.62449 67.48010 0.37888 42.14048 0.28048 0.09890 0.24892 0.37171 1604.579
2.105 0.62425 67.38504 0.37820 42.06484 0.28077 0.09859 0.24930 0.37134 1604.009
2.110 0.62401 67.29014 0.37752 41.98944 0.28105 0.09828 0.24969 0.37098 1603.439
2.115 0.62377 67.19539 0.37684 41.91426 0.28134 0.09797 0.25008 0.37062 1602.869
2.120 0.62353 67.10079 0.37617 41.83931 0.28162 0.09766 0.25046 0.37025 1602.300
2.125 0.62329 67.00636 0.37550 41.76459 0.28191 0.09736 0.25085 0.36989 1601.732
2.130 0.62306 66.91208 0.37483 41.69009 0.28219 0.09705 0.25123 0.36952 1601.163
2.135 0.62282 66.81796 0.37416 41.61581 0.28248 0.09675 0.25162 0.36915 1600.596
2.140 0.62259 66.72399 0.37349 41.54176 0.28276 0.09644 0.25201 0.36879 1600.028
2.145 0.62236 66.63018 0.37283 41.46793 0.28305 0.09614 0.25239 0.36842 1599.462
2.150 0.62213 66.53653 0.37217 41.39433 0.28333 0.09584 0.25278 0.36805 1598.895
2.155 0.62190 66.44303 0.37151 41.32094 0.28361 0.09554 0.25316 0.36768 1598.329
2.160 0.62167 66.34969 0.37085 41.24778 0.28390 0.09524 0.25355 0.36732 1597.764
2.165 0.62145 66.25651 0.37019 41.17483 0.28418 0.09494 0.25394 0.36695 1597.199
2.170 0.62122 66.16349 0.36954 41.10211 0.28446 0.09464 0.25432 0.36658 1596.634
2.175 0.62100 66.07062 0.36889 41.02960 0.28474 0.09434 0.25471 0.36621 1596.070
2.180 0.62077 65.97790 0.36824 40.95731 0.28503 0.09404 0.25510 0.36584 1595.507
2.185 0.62055 65.88535 0.36759 40.88523 0.28531 0.09374 0.25548 0.36547 1594.944
2.190 0.62033 65.79295 0.36694 40.81337 0.28559 0.09345 0.25587 0.36510 1594.381
2.195 0.62011 65.70071 0.36630 40.74173 0.28587 0.09315 0.25626 0.36472 1593.819
2.200 0.61989 65.60863 0.36566 40.67030 0.28615 0.09286 0.25664 0.36435 1593.257
2.205 0.61968 65.51670 0.36502 40.59908 0.28643 0.09256 0.25703 0.36398 1592.696
2.210 0.61946 65.42493 0.36438 40.52808 0.28671 0.09227 0.25742 0.36361 1592.135
2.215 0.61924 65.33331 0.36374 40.45729 0.28699 0.09198 0.25780 0.36323 1591.575
2.220 0.61903 65.24185 0.36311 40.38671 0.28727 0.09169 0.25819 0.36286 1591.015
2.225 0.61882 65.15055 0.36248 40.31634 0.28754 0.09139 0.25858 0.36249 1590.455
2.230 0.61861 65.05941 0.36184 40.24617 0.28782 0.09110 0.25896 0.36211 1589.896
2.235 0.61840 64.96842 0.36122 40.17622 0.28810 0.09081 0.25935 0.36174 1589.338
2.240 0.61819 64.87759 0.36059 40.10648 0.28838 0.09053 0.25974 0.36136 1588.780
2.245 0.61798 64.78692 0.35996 40.03694 0.28865 0.09024 0.26012 0.36099 1588.222
2.250 0.61777 64.69640 0.35934 39.96761 0.28893 0.08995 0.26051 0.36061 1587.665
2.255 0.61757 64.60604 0.35872 39.89849 0.28921 0.08966 0.26090 0.36023 1587.109
2.260 0.61736 64.51584 0.35810 39.82957 0.28948 0.08938 0.26128 0.35986 1586.553
2.265 0.61716 64.42579 0.35748 39.76085 0.28976 0.08909 0.26167 0.35948 1585.997
2.270 0.61695 64.33590 0.35687 39.69234 0.29003 0.08881 0.26206 0.35910 1585.442
2.275 0.61675 64.24616 0.35625 39.62403 0.29031 0.08852 0.26244 0.35873 1584.887
2.280 0.61655 64.15658 0.35564 39.55592 0.29058 0.08824 0.26283 0.35835 1584.333
2.285 0.61635 64.06716 0.35503 39.48802 0.29086 0.08796 0.26322 0.35797 1583.780
2.290 0.61616 63.97790 0.35442 39.42031 0.29113 0.08768 0.26360 0.35759 1583.226
2.295 0.61596 63.88879 0.35381 39.35281 0.29141 0.08739 0.26399 0.35721 1582.674
2.300 0.61576 63.79983 0.35321 39.28550 0.29168 0.08711 0.26438 0.35683 1582.121
2.305 0.61557 63.71103 0.35260 39.21839 0.29195 0.08683 0.26476 0.35645 1581.570
2.310 0.61537 63.62239 0.35200 39.15148 0.29222 0.08656 0.26515 0.35607 1581.019
2.315 0.61518 63.53391 0.35140 39.08477 0.29250 0.08628 0.26554 0.35569 1580.468
2.320 0.61499 63.44558 0.35080 39.01825 0.29277 0.08600 0.26592 0.35531 1579.918
2.325 0.61480 63.35740 0.35021 38.95193 0.29304 0.08572 0.26631 0.35493 1579.368
2.330 0.61461 63.26938 0.34961 38.88581 0.29331 0.08545 0.26670 0.35455 1578.819
2.335 0.61442 63.18152 0.34902 38.81987 0.29358 0.08517 0.26708 0.35416 1578.270
2.340 0.61423 63.09381 0.34843 38.75414 0.29385 0.08490 0.26747 0.35378 1577.721
2.345 0.61404 63.00626 0.34784 38.68859 0.29412 0.08462 0.26786 0.35340 1577.174
2.350 0.61386 62.91886 0.34725 38.62324 0.29439 0.08435 0.26825 0.35302 1576.626
2.355 0.61367 62.83162 0.34667 38.55808 0.29466 0.08408 0.26863 0.35263 1576.080
2.360 0.61349 62.74453 0.34608 38.49311 0.29493 0.08380 0.26902 0.35225 1575.533
2.365 0.61331 62.65760 0.34550 38.42833 0.29520 0.08353 0.26941 0.35187 1574.988
2.370 0.61312 62.57082 0.34492 38.36373 0.29546 0.08326 0.26979 0.35148 1574.442
2.375 0.61294 62.48420 0.34434 38.29933 0.29573 0.08299 0.27018 0.35110 1573.898
2.380 0.61276 62.39773 0.34376 38.23512 0.29600 0.08272 0.27057 0.35071 1573.353
2.385 0.61259 62.31142 0.34319 38.17109 0.29626 0.08246 0.27095 0.35033 1572.809
2.390 0.61241 62.22526 0.34261 38.10725 0.29653 0.08219 0.27134 0.34994 1572.266
2.395 0.61223 62.13926 0.34204 38.04360 0.29680 0.08192 0.27173 0.34955 1571.723
2.400 0.61206 62.05341 0.34147 37.98013 0.29706 0.08166 0.27211 0.34917 1571.181
2.405 0.61188 61.96771 0.34090 37.91684 0.29733 0.08139 0.27250 0.34878 1570.639
2.410 0.61171 61.88217 0.34033 37.85374 0.29759 0.08112 0.27289 0.34840 1570.098
2.415 0.61153 61.79678 0.33977 37.79083 0.29786 0.08086 0.27327 0.34801 1569.557
2.420 0.61136 61.71155 0.33921 37.72809 0.29812 0.08060 0.27366 0.34762 1569.017
2.425 0.61119 61.62647 0.33864 37.66554 0.29839 0.08033 0.27405 0.34723 1568.477
2.430 0.61102 61.54154 0.33808 37.60317 0.29865 0.08007 0.27443 0.34685 1567.938
2.435 0.61085 61.45677 0.33752 37.54098 0.29891 0.07981 0.27482 0.34646 1567.399
2.440 0.61068 61.37215 0.33697 37.47898 0.29917 0.07955 0.27521 0.34607 1566.861
2.445 0.61052 61.28768 0.33641 37.41715 0.29944 0.07929 0.27559 0.34568 1566.324
2.450 0.61035 61.20337 0.33586 37.35550 0.29970 0.07903 0.27598 0.34529 1565.786
2.455 0.61018 61.11921 0.33530 37.29402 0.29996 0.07877 0.27637 0.34490 1565.250
2.460 0.61002 61.03520 0.33475 37.23273 0.30022 0.07851 0.27675 0.34451 1564.714
2.465 0.60986 60.95134 0.33420 37.17161 0.30048 0.07826 0.27714 0.34412 1564.178
2.470 0.60969 60.86764 0.33365 37.11067 0.30074 0.07800 0.27753 0.34373 1563.643
2.475 0.60953 60.78409 0.33311 37.04991 0.30100 0.07774 0.27791 0.34334 1563.108
2.480 0.60937 60.70069 0.33256 36.98932 0.30126 0.07749 0.27830 0.34295 1562.574
2.485 0.60921 60.61745 0.33202 36.92890 0.30152 0.07723 0.27868 0.34256 1562.040
2.490 0.60905 60.53435 0.33148 36.86866 0.30178 0.07698 0.27907 0.34217 1561.507
2.495 0.60890 60.45141 0.33094 36.80859 0.30204 0.07673 0.27946 0.34178 1560.975
2.500 0.60874 60.36862 0.33040 36.74869 0.30230 0.07648 0.27984 0.34139 1560.443
2.505 0.60858 60.28598 0.32986 36.68897 0.30255 0.07622 0.28023 0.34099 1559.911
2.510 0.60843 60.20349 0.32933 36.62942 0.30281 0.07597 0.28062 0.34060 1559.380
2.515 0.60827 60.12115 0.32879 36.57004 0.30307 0.07572 0.28100 0.34021 1558.850
2.520 0.60812 60.03897 0.32826 36.51083 0.30332 0.07547 0.28139 0.33982 1558.320
2.525 0.60797 59.95693 0.32773 36.45178 0.30358 0.07522 0.28177 0.33942 1557.790
2.530 0.60781 59.87505 0.32720 36.39291 0.30383 0.07497 0.28216 0.33903 1557.261
2.535 0.60766 59.79331 0.32667 36.33421 0.30409 0.07473 0.28255 0.33864 1556.733
2.540 0.60751 59.71173 0.32615 36.27567 0.30434 0.07448 0.28293 0.33824 1556.205
2.545 0.60736 59.63029 0.32562 36.21730 0.30460 0.07423 0.28332 0.33785 1555.677
2.550 0.60722 59.54901 0.32510 36.15910 0.30485 0.07399 0.28370 0.33746 1555.151
2.555 0.60707 59.46788 0.32458 36.10107 0.30511 0.07374 0.28409 0.33706 1554.624
2.560 0.60692 59.38689 0.32406 36.04320 0.30536 0.07350 0.28447 0.33667 1554.098
2.565 0.60678 59.30606 0.32354 35.98549 0.30561 0.07325 0.28486 0.33627 1553.573
2.570 0.60663 59.22537 0.32302 35.92795 0.30586 0.07301 0.28525 0.33588 1553.048
2.575 0.60649 59.14484 0.32250 35.87057 0.30612 0.07277 0.28563 0.33548 1552.524
2.580 0.60634 59.06445 0.32199 35.81336 0.30637 0.07253 0.28602 0.33509 1552.000
2.585 0.60620 58.98421 0.32148 35.75631 0.30662 0.07229 0.28640 0.33469 1551.477
2.590 0.60606 58.90412 0.32097 35.69942 0.30687 0.07204 0.28679 0.33430 1550.954
2.595 0.60592 58.82418 0.32046 35.64269 0.30712 0.07180 0.28717 0.33390 1550.432
2.600 0.60578 58.74439 0.31995 35.58612 0.30737 0.07157 0.28756 0.33351 1549.910
2.605 0.60564 58.66475 0.31944 35.52972 0.30762 0.07133 0.28794 0.33311 1549.389
2.610 0.60550 58.58525 0.31893 35.47347 0.30787 0.07109 0.28833 0.33271 1548.869
2.615 0.60536 58.50590 0.31843 35.41738 0.30812 0.07085 0.28871 0.33232 1548.349
2.620 0.60523 58.42670 0.31793 35.36145 0.30837 0.07062 0.28910 0.33192 1547.829
2.625 0.60509 58.34765 0.31743 35.30568 0.30861 0.07038 0.28948 0.33152 1547.310
2.630 0.60496 58.26874 0.31693 35.25007 0.30886 0.07014 0.28987 0.33113 1546.792
2.635 0.60482 58.18998 0.31643 35.19461 0.30911 0.06991 0.29025 0.33073 1546.274
2.640 0.60469 58.11137 0.31593 35.13931 0.30935 0.06968 0.29064 0.33033 1545.756
2.645 0.60456 58.03290 0.31543 35.08417 0.30960 0.06944 0.29102 0.32993 1545.239
2.650 0.60442 57.95458 0.31494 35.02918 0.30985 0.06921 0.29141 0.32954 1544.723
2.655 0.60429 57.87641 0.31445 34.97435 0.31009 0.06898 0.29179 0.32914 1544.207
2.660 0.60416 57.79838 0.31396 34.91967 0.31034 0.06875 0.29218 0.32874 1543.692
2.665 0.60403 57.72050 0.31346 34.86514 0.31058 0.06852 0.29256 0.32834 1543.177
2.670 0.60391 57.64277 0.31298 34.81077 0.31083 0.06829 0.29295 0.32794 1542.662
2.675 0.60378 57.56518 0.31249 34.75655 0.31107 0.06806 0.29333 0.32754 1542.149
2.680 0.60365 57.48773 0.31200 34.70248 0.31131 0.06783 0.29371 0.32715 1541.635
2.685 0.60352 57.41043 0.31152 34.64857 0.31156 0.06760 0.29410 0.32675 1541.123
2.690 0.60340 57.33328 0.31103 34.59480 0.31180 0.06737 0.29448 0.32635 1540.610
2.695 0.60327 57.25627 0.31055 34.54119 0.31204 0.06714 0.29487 0.32595 1540.099
2.700 0.60315 57.17940 0.31007 34.48773 0.31228 0.06692 0.29525 0.32555 1539.588
2.705 0.60303 57.10268 0.30959 34.43441 0.31252 0.06669 0.29564 0.32515 1539.077
2.710 0.60290 57.02611 0.30911 34.38125 0.31276 0.06647 0.29602 0.32475 1538.567
2.715 0.60278 56.94967 0.30864 34.32823 0.31300 0.06624 0.29640 0.32435 1538.057
2.720 0.60266 56.87338 0.30816 34.27536 0.31324 0.06602 0.29679 0.32395 1537.548
2.725 0.60254 56.79724 0.30769 34.22264 0.31348 0.06580 0.29717 0.32355 1537.040
2.730 0.60242 56.72124 0.30722 34.17006 0.31372 0.06557 0.29755 0.32315 1536.532
2.735 0.60230 56.64538 0.30674 34.11764 0.31396 0.06535 0.29794 0.32275 1536.024
2.740 0.60218 56.56966 0.30627 34.06535 0.31420 0.06513 0.29832 0.32235 1535.517
2.745 0.60207 56.49409 0.30581 34.01322 0.31444 0.06491 0.29870 0.32195 1535.011
2.750 0.60195 56.41866 0.30534 33.96122 0.31467 0.06469 0.29909 0.32155 1534.505
2.755 0.60183 56.34337 0.30487 33.90938 0.31491 0.06447 0.29947 0.32115 1534.000
2.760 0.60172 56.26822 0.30441 33.85767 0.31515 0.06425 0.29985 0.32075 1533.495
2.765 0.60160 56.19322 0.30394 33.80611 0.31538 0.06403 0.30024 0.32035 1532.991
2.770 0.60149 56.11835 0.30348 33.75470 0.31562 0.06382 0.30062 0.31994 1532.487
2.775 0.60138 56.04363 0.30302 33.70342 0.31586 0.06360 0.30100 0.31954 1531.984
2.780 0.60127 55.96905 0.30256 33.65229 0.31609 0.06338 0.30139 0.31914 1531.481
2.785 0.60115 55.89461 0.30210 33.60130 0.31632 0.06317 0.30177 0.31874 1530.979
2.790 0.60104 55.82031 0.30164 33.55045 0.31656 0.06295 0.30215 0.31834 1530.477
2.795 0.60093 55.74616 0.30119 33.49974 0.31679 0.06274 0.30253 0.31794 1529.976
2.800 0.60082 55.67214 0.30073 33.44917 0.31703 0.06252 0.30292 0.31754 1529.475
2.805 0.60072 55.59826 0.30028 33.39874 0.31726 0.06231 0.30330 0.31713 1528.975
2.810 0.60061 55.52452 0.29983 33.34845 0.31749 0.06210 0.30368 0.31673 1528.476
2.815 0.60050 55.45093 0.29938 33.29829 0.31772 0.06189 0.30406 0.31633 1527.977
2.820 0.60039 55.37747 0.29893 33.24828 0.31795 0.06167 0.30444 0.31593 1527.478
2.825 0.60029 55.30415 0.29848 33.19840 0.31818 0.06146 0.30483 0.31553 1526.980
2.830 0.60018 55.23097 0.29803 33.14866 0.31841 0.06125 0.30521 0.31512 1526.483
2.835 0.60008 55.15793 0.29759 33.09906 0.31865 0.06104 0.30559 0.31472 1525.986
2.840 0.59997 55.08503 0.29714 33.04959 0.31887 0.06083 0.30597 0.31432 1525.490
2.845 0.59987 55.01227 0.29670 33.00026 0.31910 0.06063 0.30635 0.31392 1524.994
2.850 0.59977 54.93964 0.29626 32.95106 0.31933 0.06042 0.30673 0.31351 1524.499
2.855 0.59967 54.86715 0.29581 32.90200 0.31956 0.06021 0.30712 0.31311 1524.004
2.860 0.59957 54.79480 0.29537 32.85307 0.31979 0.06000 0.30750 0.31271 1523.510
2.865 0.59947 54.72259 0.29494 32.80428 0.32002 0.05980 0.30788 0.31231 1523.016
2.870 0.59937 54.65052 0.29450 32.75562 0.32024 0.05959 0.30826 0.31190 1522.523
2.875 0.59927 54.57858 0.29406 32.70709 0.32047 0.05939 0.30864 0.31150 1522.030
2.880 0.59917 54.50678 0.29363 32.65870 0.32070 0.05918 0.30902 0.31110 1521.538
2.885 0.59907 54.43512 0.29319 32.61044 0.32092 0.05898 0.30940 0.31069 1521.046
2.890 0.59897 54.36359 0.29276 32.56231 0.32115 0.05878 0.30978 0.31029 1520.555
2.895 0.59888 54.29220 0.29233 32.51431 0.32137 0.05858 0.31016 0.30989 1520.065
2.900 0.59878 54.22094 0.29190 32.46644 0.32160 0.05837 0.31054 0.30949 1519.575
2.905 0.59869 54.14982 0.29147 32.41870 0.32182 0.05817 0.31092 0.30908 1519.085
2.910 0.59859 54.07884 0.29104 32.37109 0.32205 0.05797 0.31130 0.30868 1518.596
2.915 0.59850 54.00799 0.29061 32.32361 0.32227 0.05777 0.31168 0.30828 1518.108
2.920 0.59840 53.93728 0.29019 32.27626 0.32249 0.05757 0.31206 0.30787 1517.620
2.925 0.59831 53.86670 0.28976 32.22904 0.32271 0.05737 0.31244 0.30747 1517.132
2.930 0.59822 53.79626 0.28934 32.18194 0.32294 0.05717 0.31282 0.30707 1516.645
2.935 0.59813 53.72595 0.28892 32.13498 0.32316 0.05698 0.31320 0.30666 1516.159
2.940 0.59804 53.65577 0.28850 32.08814 0.32338 0.05678 0.31358 0.30626 1515.673
2.945 0.59795 53.58573 0.28808 32.04142 0.32360 0.05658 0.31396 0.30586 1515.188
2.950 0.59786 53.51583 0.28766 31.99484 0.32382 0.05639 0.31434 0.30545 1514.703
2.955 0.59777 53.44605 0.28724 31.94838 0.32404 0.05619 0.31472 0.30505 1514.219
2.960 0.59768 53.37641 0.28682 31.90204 0.32426 0.05600 0.31510 0.30465 1513.735
2.965 0.59759 53.30690 0.28641 31.85583 0.32448 0.05580 0.31548 0.30424 1513.252
2.970 0.59751 53.23753 0.28599 31.80974 0.32469 0.05561 0.31586 0.30384 1512.769
2.975 0.59742 53.16829 0.28558 31.76378 0.32491 0.05542 0.31624 0.30343 1512.287
2.980 0.59733 53.09918 0.28517 31.71794 0.32513 0.05522 0.31662 0.30303 1511.806
2.985 0.59725 53.03020 0.28476 31.67223 0.32535 0.05503 0.31699 0.30263 1511.324
2.990 0.59716 52.96136 0.28435 31.62664 0.32556 0.05484 0.31737 0.30222 1510.844
2.995 0.59708 52.89264 0.28394 31.58117 0.32578 0.05465 0.31775 0.30182 1510.364
3.000 0.59700 52.82406 0.28353 31.53582 0.32600 0.05446 0.31813 0.30142 1509.884
3.005 0.59691 52.75561 0.28313 31.49060 0.32621 0.05427 0.31851 0.30101 1509.405
3.010 0.59683 52.68729 0.28272 31.44549 0.32643 0.05408 0.31888 0.30061 1508.927
3.015 0.59675 52.61910 0.28232 31.40051 0.32664 0.05389 0.31926 0.30021 1508.449
3.020 0.59667 52.55105 0.28191 31.35565 0.32685 0.05370 0.31964 0.29980 1507.971
3.025 0.59659 52.48312 0.28151 31.31090 0.32707 0.05352 0.32002 0.29940 1507.494
3.030 0.59651 52.41532 0.28111 31.26628 0.32728 0.05333 0.32040 0.29900 1507.018
3.035 0.59643 52.34765 0.28071 31.22178 0.32749 0.05314 0.32077 0.29859 1506.542
3.040 0.59635 52.28011 0.28031 31.17739 0.32771 0.05296 0.32115 0.29819 1506.067
3.045 0.59627 52.21270 0.27991 31.13312 0.32792 0.05277 0.32153 0.29778 1505.592
3.050 0.59620 52.14542 0.27951 31.08897 0.32813 0.05259 0.32190 0.29738 1505.118
3.055 0.59612 52.07827 0.27912 31.04494 0.32834 0.05240 0.32228 0.29698 1504.644
3.060 0.59604 52.01125 0.27872 31.00103 0.32855 0.05222 0.32266 0.29657 1504.171
3.065 0.59597 51.94436 0.27833 30.95723 0.32876 0.05204 0.32303 0.29617 1503.698
3.070 0.59589 51.87759 0.27794 30.91355 0.32897 0.05185 0.32341 0.29577 1503.226
3.075 0.59582 51.81096 0.27755 30.86998 0.32918 0.05167 0.32379 0.29536 1502.754
3.080 0.59575 51.74445 0.27715 30.82654 0.32939 0.05149 0.32416 0.29496 1502.283
3.085 0.59567 51.67806 0.27677 30.78320 0.32959 0.05131 0.32454 0.29456 1501.812
3.090 0.59560 51.61181 0.27638 30.73998 0.32980 0.05113 0.32491 0.29415 1501.342
3.095 0.59553 51.54568 0.27599 30.69688 0.33001 0.05095 0.32529 0.29375 1500.872
3.100 0.59546 51.47968 0.27560 30.65389 0.33022 0.05077 0.32567 0.29335 1500.403
3.105 0.59538 51.41381 0.27522 30.61101 0.33042 0.05059 0.32604 0.29294 1499.935
3.110 0.59531 51.34806 0.27483 30.56825 0.33063 0.05041 0.32642 0.29254 1499.466
3.115 0.59524 51.28244 0.27445 30.52559 0.33083 0.05024 0.32679 0.29214 1498.999
3.120 0.59518 51.21694 0.27407 30.48306 0.33104 0.05006 0.32717 0.29174 1498.532
3.125 0.59511 51.15157 0.27369 30.44063 0.33124 0.04988 0.32754 0.29133 1498.065
3.130 0.59504 51.08633 0.27330 30.39832 0.33145 0.04971 0.32792 0.29093 1497.599
3.135 0.59497 51.02121 0.27293 30.35611 0.33165 0.04953 0.32829 0.29053 1497.134
3.140 0.59490 50.95622 0.27255 30.31402 0.33185 0.04936 0.32867 0.29012 1496.669
3.145 0.59484 50.89135 0.27217 30.27204 0.33206 0.04918 0.32904 0.28972 1496.204
3.150 0.59477 50.82660 0.27179 30.23017 0.33226 0.04901 0.32941 0.28932 1495.740
3.155 0.59471 50.76198 0.27142 30.18841 0.33246 0.04883 0.32979 0.28892 1495.277
3.160 0.59464 50.69748 0.27104 30.14676 0.33266 0.04866 0.33016 0.28851 1494.814
3.165 0.59458 50.63311 0.27067 30.10521 0.33286 0.04849 0.33054 0.28811 1494.352
3.170 0.59451 50.56886 0.27030 30.06378 0.33306 0.04832 0.33091 0.28771 1493.890
3.175 0.59445 50.50474 0.26993 30.02245 0.33326 0.04815 0.33128 0.28731 1493.428
3.180 0.59439 50.44073 0.26955 29.98124 0.33346 0.04798 0.33166 0.28690 1492.968
3.185 0.59432 50.37686 0.26919 29.94013 0.33366 0.04781 0.33203 0.28650 1492.507
3.190 0.59426 50.31310 0.26882 29.89913 0.33386 0.04764 0.33240 0.28610 1492.047
3.195 0.59420 50.24946 0.26845 29.85823 0.33406 0.04747 0.33278 0.28570 1491.588
3.200 0.59414 50.18595 0.26808 29.81744 0.33426 0.04730 0.33315 0.28530 1491.129
3.205 0.59408 50.12256 0.26772 29.77676 0.33446 0.04713 0.33352 0.28489 1490.671
3.210 0.59402 50.05929 0.26735 29.73619 0.33465 0.04696 0.33389 0.28449 1490.213
3.215 0.59396 49.99615 0.26699 29.69572 0.33485 0.04680 0.33427 0.28409 1489.756
3.220 0.59390 49.93312 0.26662 29.65535 0.33505 0.04663 0.33464 0.28369 1489.299
3.225 0.59384 49.87021 0.26626 29.61509 0.33524 0.04646 0.33501 0.28329 1488.843
3.230 0.59379 49.80743 0.26590 29.57494 0.33544 0.04630 0.33538 0.28289 1488.387
3.235 0.59373 49.74477 0.26554 29.53488 0.33563 0.04613 0.33575 0.28248 1487.932
3.240 0.59367 49.68222 0.26518 29.49494 0.33582 0.04597 0.33612 0.28208 1487.477
3.245 0.59362 49.61980 0.26482 29.45509 0.33602 0.04580 0.33650 0.28168 1487.023
3.250 0.59356 49.55750 0.26447 29.41535 0.33621 0.04564 0.33687 0.28128 1486.569
3.255 0.59350 49.49531 0.26411 29.37571 0.33640 0.04548 0.33724 0.28088 1486.116
3.260 0.59345 49.43325 0.26376 29.33618 0.33660 0.04532 0.33761 0.28048 1485.663
3.265 0.59340 49.37131 0.26340 29.29675 0.33679 0.04515 0.33798 0.28008 1485.211
3.270 0.59334 49.30948 0.26305 29.25741 0.33698 0.04499 0.33835 0.27968 1484.759
3.275 0.59329 49.24777 0.26269 29.21818 0.33717 0.04483 0.33872 0.27928 1484.308
3.280 0.59324 49.18618 0.26234 29.17905 0.33736 0.04467 0.33909 0.27888 1483.857
3.285 0.59318 49.12471 0.26199 29.14003 0.33755 0.04451 0.33946 0.27848 1483.407
3.290 0.59313 49.06336 0.26164 29.10110 0.33774 0.04435 0.33983 0.27808 1482.958
3.295 0.59308 49.00213 0.26129 29.06227 0.33793 0.04419 0.34020 0.27768 1482.508
3.300 0.59303 48.94101 0.26094 29.02354 0.33812 0.04403 0.34057 0.27728 1482.060
3.305 0.59298 48.88001 0.26060 28.98492 0.33831 0.04388 0.34094 0.27688 1481.612
3.310 0.59293 48.81913 0.26025 28.94639 0.33850 0.04372 0.34131 0.27648 1481.164
3.315 0.59288 48.75836 0.25991 28.90796 0.33868 0.04356 0.34168 0.27608 1480.717
3.320 0.59283 48.69771 0.25956 28.86962 0.33887 0.04341 0.34205 0.27568 1480.270
3.325 0.59279 48.63718 0.25922 28.83139 0.33906 0.04325 0.34242 0.27528 1479.824
3.330 0.59274 48.57676 0.25887 28.79325 0.33924 0.04309 0.34279 0.27488 1479.378
3.335 0.59269 48.51646 0.25853 28.75522 0.33943 0.04294 0.34315 0.27448 1478.933
3.340 0.59264 48.45628 0.25819 28.71728 0.33961 0.04278 0.34352 0.27408 1478.489
3.345 0.59260 48.39621 0.25785 28.67943 0.33980 0.04263 0.34389 0.27368 1478.045
3.350 0.59255 48.33625 0.25751 28.64168 0.33998 0.04248 0.34426 0.27328 1477.601
3.355 0.59251 48.27641 0.25717 28.60403 0.34017 0.04232 0.34463 0.27288 1477.158
3.360 0.59246 48.21669 0.25684 28.56648 0.34035 0.04217 0.34499 0.27249 1476.715
3.365 0.59242 48.15708 0.25650 28.52902 0.34053 0.04202 0.34536 0.27209 1476.273
3.370 0.59237 48.09758 0.25616 28.49165 0.34072 0.04187 0.34573 0.27169 1475.831
3.375 0.59233 48.03820 0.25583 28.45438 0.34090 0.04172 0.34610 0.27129 1475.390
3.380 0.59229 47.97893 0.25549 28.41721 0.34108 0.04157 0.34646 0.27089 1474.950
3.385 0.59224 47.91978 0.25516 28.38013 0.34126 0.04142 0.34683 0.27049 1474.509
3.390 0.59220 47.86074 0.25483 28.34314 0.34144 0.04127 0.34720 0.27010 1474.070
3.395 0.59216 47.80181 0.25450 28.30625 0.34162 0.04112 0.34756 0.26970 1473.631
3.400 0.59212 47.74300 0.25416 28.26945 0.34180 0.04097 0.34793 0.26930 1473.192
3.405 0.59208 47.68430 0.25383 28.23274 0.34198 0.04082 0.34830 0.26891 1472.754
3.410 0.59204 47.62571 0.25351 28.19613 0.34216 0.04067 0.34866 0.26851 1472.316
3.415 0.59200 47.56723 0.25318 28.15961 0.34234 0.04052 0.34903 0.26811 1471.879
3.420 0.59196 47.50887 0.25285 28.12318 0.34251 0.04038 0.34939 0.26772 1471.442
3.425 0.59192 47.45061 0.25252 28.08684 0.34269 0.04023 0.34976 0.26732 1471.006
3.430 0.59188 47.39247 0.25220 28.05060 0.34287 0.04009 0.35012 0.26692 1470.570
3.435 0.59184 47.33444 0.25187 28.01444 0.34305 0.03994 0.35049 0.26653 1470.135
3.440 0.59180 47.27652 0.25155 27.97838 0.34322 0.03979 0.35085 0.26613 1469.701
3.445 0.59177 47.21872 0.25122 27.94241 0.34340 0.03965 0.35122 0.26573 1469.266
3.450 0.59173 47.16102 0.25090 27.90653 0.34357 0.03951 0.35158 0.26534 1468.833
3.455 0.59169 47.10343 0.25058 27.87073 0.34375 0.03936 0.35195 0.26494 1468.399
3.460 0.59166 47.04595 0.25026 27.83503 0.34392 0.03922 0.35231 0.26455 1467.967
3.465 0.59162 46.98859 0.24994 27.79942 0.34409 0.03908 0.35268 0.26415 1467.534
3.470 0.59159 46.93133 0.24962 27.76390 0.34427 0.03893 0.35304 0.26376 1467.103
3.475 0.59155 46.87418 0.24930 27.72846 0.34444 0.03879 0.35340 0.26336 1466.671
3.480 0.59152 46.81715 0.24898 27.69312 0.34461 0.03865 0.35377 0.26297 1466.241
3.485 0.59148 46.76022 0.24867 27.65786 0.34479 0.03851 0.35413 0.26257 1465.810
3.490 0.59145 46.70340 0.24835 27.62269 0.34496 0.03837 0.35449 0.26218 1465.380
3.495 0.59142 46.64669 0.24803 27.58761 0.34513 0.03823 0.35486 0.26179 1464.951
3.500 0.59138 46.59008 0.24772 27.55262 0.34530 0.03809 0.35522 0.26139 1464.522
3.505 0.59135 46.53359 0.24741 27.51771 0.34547 0.03795 0.35558 0.26100 1464.094
3.510 0.59132 46.47720 0.24709 27.48289 0.34564 0.03781 0.35594 0.26060 1463.666
3.515 0.59129 46.42092 0.24678 27.44816 0.34581 0.03767 0.35631 0.26021 1463.239
3.520 0.59126 46.36475 0.24647 27.41351 0.34598 0.03754 0.35667 0.25982 1462.812
3.525 0.59123 46.30869 0.24616 27.37895 0.34615 0.03740 0.35703 0.25943 1462.385
3.530 0.59120 46.25273 0.24585 27.34448 0.34631 0.03726 0.35739 0.25903 1461.960
3.535 0.59117 46.19688 0.24554 27.31009 0.34648 0.03713 0.35775 0.25864 1461.534
3.540 0.59114 46.14114 0.24523 27.27578 0.34665 0.03699 0.35811 0.25825 1461.109
3.545 0.59111 46.08550 0.24492 27.24156 0.34681 0.03686 0.35848 0.25786 1460.685
3.550 0.59108 46.02997 0.24462 27.20743 0.34698 0.03672 0.35884 0.25746 1460.261
3.555 0.59105 45.97455 0.24431 27.17338 0.34715 0.03659 0.35920 0.25707 1459.837
3.560 0.59103 45.91923 0.24400 27.13942 0.34731 0.03645 0.35956 0.25668 1459.414
3.565 0.59100 45.86401 0.24370 27.10553 0.34748 0.03632 0.35992 0.25629 1458.992
3.570 0.59097 45.80891 0.24340 27.07174 0.34764 0.03618 0.36028 0.25590 1458.570
3.575 0.59094 45.75390 0.24309 27.03802 0.34780 0.03605 0.36064 0.25551 1458.148
3.580 0.59092 45.69901 0.24279 27.00439 0.34797 0.03592 0.36100 0.25512 1457.727
3.585 0.59089 45.64421 0.24249 26.97084 0.34813 0.03579 0.36136 0.25473 1457.306
3.590 0.59087 45.58952 0.24219 26.93738 0.34829 0.03566 0.36172 0.25434 1456.886
3.595 0.59084 45.53494 0.24189 26.90399 0.34845 0.03552 0.36208 0.25395 1456.466
3.600 0.59082 45.48046 0.24159 26.87069 0.34862 0.03539 0.36243 0.25356 1456.047
3.605 0.59079 45.42608 0.24129 26.83747 0.34878 0.03526 0.36279 0.25317 1455.628
3.610 0.59077 45.37181 0.24099 26.80433 0.34894 0.03513 0.36315 0.25278 1455.210
3.615 0.59075 45.31764 0.24069 26.77127 0.34910 0.03500 0.36351 0.25239 1454.792
3.620 0.59072 45.26357 0.24040 26.73830 0.34926 0.03488 0.36387 0.25200 1454.375
3.625 0.59070 45.20961 0.24010 26.70540 0.34942 0.03475 0.36423 0.25161 1453.958
3.630 0.59068 45.15575 0.23981 26.67259 0.34958 0.03462 0.36459 0.25122 1453.542
3.635 0.59066 45.10199 0.23951 26.63985 0.34973 0.03449 0.36494 0.25083 1453.126
3.640 0.59064 45.04833 0.23922 26.60720 0.34989 0.03436 0.36530 0.25044 1452.711
3.645 0.59062 44.99478 0.23893 26.57462 0.35005 0.03424 0.36566 0.25006 1452.296
3.650 0.59060 44.94133 0.23863 26.54213 0.35021 0.03411 0.36601 0.24967 1451.881
3.655 0.59057 44.88798 0.23834 26.50971 0.35036 0.03398 0.36637 0.24928 1451.467
3.660 0.59056 44.83473 0.23805 26.47737 0.35052 0.03386 0.36673 0.24889 1451.054
3.665 0.59054 44.78158 0.23776 26.44511 0.35068 0.03373 0.36708 0.24851 1450.641
3.670 0.59052 44.72853 0.23747 26.41293 0.35083 0.03361 0.36744 0.24812 1450.228
3.675 0.59050 44.67559 0.23718 26.38083 0.35099 0.03348 0.36780 0.24773 1449.816
3.680 0.59048 44.62274 0.23690 26.34881 0.35114 0.03336 0.36815 0.24735 1449.404
3.685 0.59046 44.56999 0.23661 26.31686 0.35129 0.03324 0.36851 0.24696 1448.993
3.690 0.59044 44.51735 0.23632 26.28499 0.35145 0.03311 0.36886 0.24658 1448.583
3.695 0.59043 44.46480 0.23604 26.25320 0.35160 0.03299 0.36922 0.24619 1448.172
3.700 0.59041 44.41236 0.23575 26.22148 0.35175 0.03287 0.36957 0.24581 1447.763
3.705 0.59039 44.36001 0.23547 26.18984 0.35190 0.03275 0.36993 0.24542 1447.353
3.710 0.59038 44.30777 0.23518 26.15828 0.35206 0.03262 0.37028 0.24504 1446.944
3.715 0.59036 44.25562 0.23490 26.12679 0.35221 0.03250 0.37064 0.24465 1446.536
3.720 0.59035 44.20357 0.23462 26.09538 0.35236 0.03238 0.37099 0.24427 1446.128
3.725 0.59033 44.15162 0.23434 26.06405 0.35251 0.03226 0.37135 0.24388 1445.721
3.730 0.59032 44.09977 0.23406 26.03279 0.35266 0.03214 0.37170 0.24350 1445.314
3.735 0.59030 44.04801 0.23377 26.00161 0.35281 0.03202 0.37205 0.24311 1444.907
3.740 0.59029 43.99636 0.23350 25.97050 0.35296 0.03190 0.37241 0.24273 1444.501
3.745 0.59027 43.94480 0.23322 25.93946 0.35311 0.03178 0.37276 0.24235 1444.096
3.750 0.59026 43.89334 0.23294 25.90850 0.35325 0.03167 0.37311 0.24197 1443.691
3.755 0.59025 43.84198 0.23266 25.87762 0.35340 0.03155 0.37347 0.24158 1443.286
3.760 0.59023 43.79071 0.23238 25.84681 0.35355 0.03143 0.37382 0.24120 1442.882
3.765 0.59022 43.73954 0.23211 25.81607 0.35370 0.03131 0.37417 0.24082 1442.478
3.770 0.59021 43.68847 0.23183 25.78540 0.35384 0.03120 0.37452 0.24044 1442.075
3.775 0.59020 43.63750 0.23156 25.75481 0.35399 0.03108 0.37488 0.24006 1441.672
3.780 0.59019 43.58662 0.23128 25.72430 0.35413 0.03096 0.37523 0.23967 1441.269
3.785 0.59018 43.53584 0.23101 25.69385 0.35428 0.03085 0.37558 0.23929 1440.868
3.790 0.59017 43.48515 0.23073 25.66348 0.35442 0.03073 0.37593 0.23891 1440.466
3.795 0.59016 43.43456 0.23046 25.63318 0.35457 0.03062 0.37628 0.23853 1440.065
3.800 0.59015 43.38406 0.23019 25.60295 0.35471 0.03050 0.37663 0.23815 1439.665
3.805 0.59014 43.33366 0.22992 25.57280 0.35485 0.03039 0.37698 0.23777 1439.265
3.810 0.59013 43.28336 0.22965 25.54271 0.35500 0.03028 0.37734 0.23739 1438.865
3.815 0.59012 43.23315 0.22938 25.51270 0.35514 0.03016 0.37769 0.23701 1438.466
3.820 0.59011 43.18303 0.22911 25.48276 0.35528 0.03005 0.37804 0.23663 1438.067
3.825 0.59010 43.13301 0.22884 25.45289 0.35542 0.02994 0.37839 0.23626 1437.669
3.830 0.59009 43.08309 0.22857 25.42309 0.35556 0.02983 0.37874 0.23588 1437.271
3.835 0.59009 43.03325 0.22831 25.39336 0.35570 0.02971 0.37909 0.23550 1436.874
3.840 0.59008 42.98352 0.22804 25.36370 0.35584 0.02960 0.37943 0.23512 1436.477
3.845 0.59007 42.93387 0.22777 25.33411 0.35598 0.02949 0.37978 0.23474 1436.080
3.850 0.59007 42.88432 0.22751 25.30460 0.35612 0.02938 0.38013 0.23437 1435.684
3.855 0.59006 42.83486 0.22724 25.27515 0.35626 0.02927 0.38048 0.23399 1435.289
3.860 0.59005 42.78550 0.22698 25.24577 0.35640 0.02916 0.38083 0.23361 1434.894
3.865 0.59005 42.73623 0.22672 25.21646 0.35654 0.02905 0.38118 0.23323 1434.499
3.870 0.59004 42.68705 0.22645 25.18722 0.35667 0.02894 0.38153 0.23286 1434.105
3.875 0.59004 42.63796 0.22619 25.15804 0.35681 0.02883 0.38187 0.23248 1433.711
3.880 0.59003 42.58896 0.22593 25.12894 0.35695 0.02872 0.38222 0.23211 1433.318
3.885 0.59003 42.54006 0.22567 25.09991 0.35708 0.02862 0.38257 0.23173 1432.925
3.890 0.59003 42.49125 0.22541 25.07094 0.35722 0.02851 0.38292 0.23136 1432.533
3.895 0.59002 42.44253 0.22515 25.04204 0.35735 0.02840 0.38326 0.23098 1432.141
3.900 0.59002 42.39391 0.22489 25.01321 0.35749 0.02829 0.38361 0.23061 1431.749
3.905 0.59002 42.34537 0.22463 24.98445 0.35762 0.02819 0.38396 0.23023 1431.358
3.910 0.59001 42.29693 0.22437 24.95575 0.35776 0.02808 0.38430 0.22986 1430.967
3.915 0.59001 42.24857 0.22411 24.92712 0.35789 0.02798 0.38465 0.22948 1430.577
3.920 0.59001 42.20031 0.22386 24.89856 0.35802 0.02787 0.38500 0.22911 1430.187
3.925 0.59001 42.15214 0.22360 24.87006 0.35816 0.02777 0.38534 0.22874 1429.798
3.930 0.59001 42.10405 0.22335 24.84163 0.35829 0.02766 0.38569 0.22837 1429.409
3.935 0.59000 42.05606 0.22309 24.81327 0.35842 0.02756 0.38603 0.22799 1429.021
3.940 0.59000 42.00816 0.22284 24.78498 0.35855 0.02745 0.38638 0.22762 1428.633
3.945 0.59000 41.96034 0.22258 24.75674 0.35868 0.02735 0.38672 0.22725 1428.245
3.950 0.59000 41.91262 0.22233 24.72858 0.35881 0.02724 0.38707 0.22688 1427.858
3.955 0.59000 41.86499 0.22208 24.70048 0.35894 0.02714 0.38741 0.22651 1427.472
3.960 0.59000 41.81744 0.22182 24.67245 0.35907 0.02704 0.38776 0.22613 1427.085
3.965 0.59000 41.76999 0.22157 24.64448 0.35920 0.02694 0.38810 0.22576 1426.700
3.970 0.59001 41.72262 0.22132 24.61657 0.35933 0.02683 0.38844 0.22539 1426.314
3.975 0.59001 41.67534 0.22107 24.58873 0.35946 0.02673 0.38879 0.22502 1425.929
3.980 0.59001 41.62815 0.22082 24.56096 0.35958 0.02663 0.38913 0.22465 1425.545
3.985 0.59001 41.58105 0.22057 24.53325 0.35971 0.02653 0.38947 0.22428 1425.161
3.990 0.59001 41.53404 0.22032 24.50560 0.35984 0.02643 0.38982 0.22391 1424.777
3.995 0.59001 41.48711 0.22008 24.47802 0.35997 0.02633 0.39016 0.22355 1424.394
4.000 0.59002 41.44027 0.21983 24.45050 0.36009 0.02623 0.39050 0.22318 1424.012
4.005 0.59002 41.39352 0.21958 24.42304 0.36022 0.02613 0.39084 0.22281 1423.629
4.010 0.59002 41.34686 0.21934 24.39565 0.36034 0.02603 0.39119 0.22244 1423.247
4.015 0.59003 41.30028 0.21909 24.36832 0.36047 0.02593 0.39153 0.22207 1422.866
4.020 0.59003 41.25379 0.21885 24.34105 0.36059 0.02583 0.39187 0.22171 1422.485
4.025 0.59004 41.20738 0.21860 24.31385 0.36071 0.02574 0.39221 0.22134 1422.105
4.030 0.59004 41.16107 0.21836 24.28670 0.36084 0.02564 0.39255 0.22097 1421.724
4.035 0.59005 41.11484 0.21811 24.25963 0.36096 0.02554 0.39289 0.22061 1421.345
4.040 0.59005 41.06869 0.21787 24.23261 0.36108 0.02544 0.39323 0.22024 1420.966
4.045 0.59006 41.02263 0.21763 24.20565 0.36121 0.02535 0.39357 0.21987 1420.587
4.050 0.59006 40.97666 0.21739 24.17876 0.36133 0.02525 0.39391 0.21951 1420.208
4.055 0.59007 40.93077 0.21714 24.15193 0.36145 0.02515 0.39425 0.21914 1419.830
4.060 0.59007 40.88497 0.21690 24.12516 0.36157 0.02506 0.39459 0.21878 1419.453
4.065 0.59008 40.83925 0.21666 24.09845 0.36169 0.02496 0.39493 0.21841 1419.076
4.070 0.59009 40.79362 0.21642 24.07180 0.36181 0.02487 0.39527 0.21805 1418.699
4.075 0.59009 40.74807 0.21619 24.04521 0.36193 0.02477 0.39561 0.21769 1418.323
4.080 0.59010 40.70261 0.21595 24.01868 0.36205 0.02468 0.39595 0.21732 1417.947
4.085 0.59011 40.65723 0.21571 23.99221 0.36217 0.02458 0.39629 0.21696 1417.572
4.090 0.59012 40.61194 0.21547 23.96581 0.36228 0.02449 0.39663 0.21660 1417.197
4.095 0.59013 40.56673 0.21523 23.93946 0.36240 0.02440 0.39697 0.21623 1416.822
4.100 0.59013 40.52160 0.21500 23.91317 0.36252 0.02430 0.39730 0.21587 1416.448
4.105 0.59014 40.47656 0.21476 23.88694 0.36264 0.02421 0.39764 0.21551 1416.074
4.110 0.59015 40.43160 0.21453 23.86078 0.36275 0.02412 0.39798 0.21515 1415.701
4.115 0.59016 40.38672 0.21429 23.83467 0.36287 0.02403 0.39832 0.21479 1415.328
4.120 0.59017 40.34193 0.21406 23.80862 0.36298 0.02393 0.39865 0.21443 1414.956
4.125 0.59018 40.29722 0.21382 23.78263 0.36310 0.02384 0.39899 0.21407 1414.584
4.130 0.59019 40.25259 0.21359 23.75670 0.36321 0.02375 0.39933 0.21371 1414.212
4.135 0.59020 40.20805 0.21336 23.73082 0.36333 0.02366 0.39966 0.21335 1413.841
4.140 0.59021 40.16358 0.21313 23.70501 0.36344 0.02357 0.40000 0.21299 1413.470
4.145 0.59022 40.11920 0.21290 23.67925 0.36356 0.02348 0.40034 0.21263 1413.100
4.150 0.59023 40.07490 0.21266 23.65355 0.36367 0.02339 0.40067 0.21227 1412.730
4.155 0.59024 40.03069 0.21243 23.62791 0.36378 0.02330 0.40101 0.21191 1412.361
4.160 0.59026 39.98655 0.21220 23.60233 0.36389 0.02321 0.40134 0.21155 1411.992
4.165 0.59027 39.94250 0.21197 23.57680 0.36401 0.02312 0.40168 0.21119 1411.623
4.170 0.59028 39.89853 0.21174 23.55133 0.36412 0.02303 0.40201 0.21084 1411.255
4.175 0.59029 39.85464 0.21152 23.52592 0.36423 0.02294 0.40235 0.21048 1410.887
4.180 0.59031 39.81083 0.21129 23.50056 0.36434 0.02286 0.40268 0.21012 1410.519
4.185 0.59032 39.76710 0.21106 23.47527 0.36445 0.02277 0.40302 0.20977 1410.152
4.190 0.59033 39.72345 0.21083 23.45003 0.36456 0.02268 0.40335 0.20941 1409.786
4.195 0.59035 39.67988 0.21061 23.42484 0.36467 0.02259 0.40368 0.20905 1409.420
4.200 0.59036 39.63639 0.21038 23.39971 0.36478 0.02251 0.40402 0.20870 1409.054
4.205 0.59037 39.59298 0.21016 23.37464 0.36488 0.02242 0.40435 0.20834 1408.689
4.210 0.59039 39.54966 0.20993 23.34962 0.36499 0.02233 0.40468 0.20799 1408.324
4.215 0.59040 39.50641 0.20971 23.32466 0.36510 0.02225 0.40502 0.20763 1407.959
4.220 0.59042 39.46324 0.20948 23.29976 0.36521 0.02216 0.40535 0.20728 1407.595
4.225 0.59043 39.42015 0.20926 23.27491 0.36531 0.02208 0.40568 0.20693 1407.231
4.230 0.59045 39.37714 0.20904 23.25011 0.36542 0.02199 0.40601 0.20657 1406.868
4.235 0.59046 39.33421 0.20881 23.22537 0.36553 0.02191 0.40635 0.20622 1406.505
4.240 0.59048 39.29135 0.20859 23.20069 0.36563 0.02182 0.40668 0.20587 1406.143
4.245 0.59049 39.24858 0.20837 23.17606 0.36574 0.02174 0.40701 0.20552 1405.781
4.250 0.59051 39.20588 0.20815 23.15148 0.36584 0.02166 0.40734 0.20516 1405.419
4.255 0.59053 39.16327 0.20793 23.12696 0.36595 0.02157 0.40767 0.20481 1405.058
4.260 0.59054 39.12073 0.20771 23.10249 0.36605 0.02149 0.40800 0.20446 1404.697
4.265 0.59056 39.07827 0.20749 23.07808 0.36615 0.02141 0.40833 0.20411 1404.337
4.270 0.59058 39.03588 0.20727 23.05372 0.36626 0.02132 0.40866 0.20376 1403.977
4.275 0.59060 38.99358 0.20705 23.02942 0.36636 0.02124 0.40899 0.20341 1403.617
4.280 0.59061 38.95135 0.20683 23.00517 0.36646 0.02116 0.40932 0.20306 1403.258
4.285 0.59063 38.90920 0.20662 22.98097 0.36656 0.02108 0.40965 0.20271 1402.899
4.290 0.59065 38.86712 0.20640 22.95682 0.36666 0.02100 0.40998 0.20236 1402.541
4.295 0.59067 38.82513 0.20618 22.93273 0.36676 0.02091 0.41031 0.20201 1402.183
4.300 0.59069 38.78320 0.20597 22.90869 0.36686 0.02083 0.41064 0.20166 1401.825
4.305 0.59070 38.74136 0.20575 22.88471 0.36696 0.02075 0.41097 0.20132 1401.468
4.310 0.59072 38.69959 0.20554 22.86077 0.36706 0.02067 0.41130 0.20097 1401.111
4.315 0.59074 38.65790 0.20532 22.83689 0.36716 0.02059 0.41162 0.20062 1400.755
4.320 0.59076 38.61629 0.20511 22.81307 0.36726 0.02051 0.41195 0.20027 1400.399
4.325 0.59078 38.57475 0.20489 22.78929 0.36736 0.02043 0.41228 0.19993 1400.043
4.330 0.59080 38.53328 0.20468 22.76556 0.36746 0.02035 0.41261 0.19958 1399.688
4.335 0.59082 38.49190 0.20447 22.74189 0.36756 0.02027 0.41293 0.19923 1399.333
4.340 0.59084 38.45058 0.20426 22.71827 0.36765 0.02020 0.41326 0.19889 1398.979
4.345 0.59086 38.40935 0.20404 22.69470 0.36775 0.02012 0.41359 0.19854 1398.625
4.350 0.59088 38.36818 0.20383 22.67118 0.36785 0.02004 0.41392 0.19820 1398.271
4.355 0.59091 38.32710 0.20362 22.64772 0.36794 0.01996 0.41424 0.19785 1397.918
4.360 0.59093 38.28608 0.20341 22.62430 0.36804 0.01988 0.41457 0.19751 1397.565
4.365 0.59095 38.24515 0.20320 22.60094 0.36813 0.01981 0.41489 0.19717 1397.213
4.370 0.59097 38.20428 0.20299 22.57762 0.36823 0.01973 0.41522 0.19682 1396.861
4.375 0.59099 38.16349 0.20278 22.55436 0.36832 0.01965 0.41554 0.19648 1396.509
4.380 0.59102 38.12278 0.20257 22.53115 0.36841 0.01958 0.41587 0.19614 1396.158
4.385 0.59104 38.08214 0.20236 22.50798 0.36851 0.01950 0.41619 0.19580 1395.807
4.390 0.59106 38.04157 0.20216 22.48487 0.36860 0.01943 0.41652 0.19545 1395.457
4.395 0.59108 38.00107 0.20195 22.46181 0.36869 0.01935 0.41684 0.19511 1395.107
4.400 0.59111 37.96065 0.20174 22.43879 0.36879 0.01927 0.41717 0.19477 1394.757
4.405 0.59113 37.92031 0.20154 22.41583 0.36888 0.01920 0.41749 0.19443 1394.408
4.410 0.59115 37.88003 0.20133 22.39292 0.36897 0.01912 0.41782 0.19409 1394.059
4.415 0.59118 37.83983 0.20112 22.37005 0.36906 0.01905 0.41814 0.19375 1393.711
4.420 0.59120 37.79970 0.20092 22.34724 0.36915 0.01898 0.41846 0.19341 1393.363
4.425 0.59123 37.75965 0.20071 22.32447 0.36924 0.01890 0.41879 0.19307 1393.015
4.430 0.59125 37.71966 0.20051 22.30176 0.36933 0.01883 0.41911 0.19273 1392.668
4.435 0.59127 37.67975 0.20031 22.27909 0.36942 0.01875 0.41943 0.19239 1392.321
4.440 0.59130 37.63991 0.20010 22.25647 0.36951 0.01868 0.41975 0.19206 1391.974
4.445 0.59132 37.60015 0.19990 22.23390 0.36960 0.01861 0.42008 0.19172 1391.628
4.450 0.59135 37.56045 0.19970 22.21137 0.36969 0.01854 0.42040 0.19138 1391.282
4.455 0.59138 37.52083 0.19950 22.18890 0.36977 0.01846 0.42072 0.19104 1390.937
4.460 0.59140 37.48127 0.19929 22.16647 0.36986 0.01839 0.42104 0.19071 1390.592
4.465 0.59143 37.44179 0.19909 22.14410 0.36995 0.01832 0.42136 0.19037 1390.247
4.470 0.59145 37.40238 0.19889 22.12176 0.37003 0.01825 0.42168 0.19003 1389.903
4.475 0.59148 37.36305 0.19869 22.09948 0.37012 0.01818 0.42200 0.18970 1389.559
4.480 0.59151 37.32378 0.19849 22.07725 0.37021 0.01811 0.42232 0.18936 1389.216
4.485 0.59153 37.28458 0.19829 22.05506 0.37029 0.01803 0.42264 0.18903 1388.873
4.490 0.59156 37.24545 0.19809 22.03292 0.37038 0.01796 0.42296 0.18869 1388.530
4.495 0.59159 37.20640 0.19789 22.01082 0.37046 0.01789 0.42328 0.18836 1388.188
4.500 0.59161 37.16741 0.19770 21.98878 0.37055 0.01782 0.42360 0.18803 1387.846
4.505 0.59164 37.12850 0.19750 21.96678 0.37063 0.01775 0.42392 0.18769 1387.504
4.510 0.59167 37.08965 0.19730 21.94482 0.37071 0.01768 0.42424 0.18736 1387.163
4.515 0.59170 37.05087 0.19710 21.92292 0.37080 0.01762 0.42456 0.18703 1386.822
4.520 0.59173 37.01217 0.19691 21.90106 0.37088 0.01755 0.42488 0.18670 1386.482
4.525 0.59175 36.97353 0.19671 21.87924 0.37096 0.01748 0.42520 0.18636 1386.142
4.530 0.59178 36.93496 0.19652 21.85747 0.37104 0.01741 0.42552 0.18603 1385.802
4.535 0.59181 36.89646 0.19632 21.83575 0.37112 0.01734 0.42583 0.18570 1385.463
4.540 0.59184 36.85804 0.19613 21.81408 0.37120 0.01727 0.42615 0.18537 1385.124
4.545 0.59187 36.81967 0.19593 21.79245 0.37128 0.01720 0.42647 0.18504 1384.786
4.550 0.59190 36.78138 0.19574 21.77086 0.37136 0.01714 0.42679 0.18471 1384.448
4.555 0.59193 36.74316 0.19554 21.74932 0.37144 0.01707 0.42710 0.18438 1384.110
4.560 0.59196 36.70500 0.19535 21.72783 0.37152 0.01700 0.42742 0.18405 1383.773
4.565 0.59199 36.66692 0.19516 21.70638 0.37160 0.01694 0.42774 0.18372 1383.436
4.570 0.59202 36.62890 0.19496 21.68497 0.37168 0.01687 0.42805 0.18340 1383.099
4.575 0.59205 36.59095 0.19477 21.66362 0.37176 0.01680 0.42837 0.18307 1382.763
4.580 0.59208 36.55306 0.19458 21.64230 0.37184 0.01674 0.42868 0.18274 1382.427
4.585 0.59211 36.51525 0.19439 21.62103 0.37192 0.01667 0.42900 0.18241 1382.091
4.590 0.59214 36.47750 0.19420 21.59981 0.37199 0.01661 0.42932 0.18209 1381.756
4.595 0.59217 36.43982 0.19401 21.57863 0.37207 0.01654 0.42963 0.18176 1381.421
4.600 0.59220 36.40221 0.19382 21.55749 0.37215 0.01648 0.42995 0.18143 1381.087
4.605 0.59223 36.36466 0.19363 21.53640 0.37222 0.01641 0.43026 0.18111 1380.753
