timeGa Urey Qt heat/H0 heatTW 1HPE 2HPE 3HPE 4HPE TempC
0.000 0.38000 36.00000 1.00000 13.68000 0.37200 0.01640 0.43000 0.18100 1351.850
0.005 0.38014 36.00000 1.00038 13.68518 0.37215 0.01647 0.42994 0.18143 1352.353
0.010 0.38002 36.04733 1.00136 13.69860 0.37207 0.01654 0.42963 0.18176 1352.856
0.015 0.37989 36.09477 1.00234 13.71205 0.37199 0.01661 0.42931 0.18209 1353.360
0.020 0.37976 36.14232 1.00333 13.72552 0.37192 0.01667 0.42900 0.18241 1353.865
0.025 0.37964 36.18997 1.00431 13.73902 0.37184 0.01674 0.42868 0.18274 1354.371
0.030 0.37951 36.23774 1.00530 13.75255 0.37176 0.01680 0.42837 0.18307 1354.877
0.035 0.37938 36.28562 1.00629 13.76611 0.37168 0.01687 0.42805 0.18340 1355.385
0.040 0.37925 36.33360 1.00729 13.77970 0.37161 0.01694 0.42773 0.18372 1355.893
0.045 0.37913 36.38170 1.00828 13.79332 0.37153 0.01700 0.42742 0.18405 1356.402
0.050 0.37900 36.42991 1.00928 13.80696 0.37145 0.01707 0.42710 0.18438 1356.911
0.055 0.37887 36.47824 1.01028 13.82063 0.37137 0.01714 0.42678 0.18471 1357.422
0.060 0.37875 36.52667 1.01128 13.83434 0.37129 0.01720 0.42647 0.18504 1357.933
0.065 0.37862 36.57521 1.01229 13.84807 0.37121 0.01727 0.42615 0.18537 1358.445
0.070 0.37849 36.62387 1.01329 13.86183 0.37113 0.01734 0.42583 0.18570 1358.957
0.075 0.37836 36.67265 1.01430 13.87562 0.37104 0.01741 0.42551 0.18603 1359.471
0.080 0.37824 36.72153 1.01531 13.88944 0.37096 0.01748 0.42520 0.18636 1359.985
0.085 0.37811 36.77053 1.01632 13.90329 0.37088 0.01755 0.42488 0.18670 1360.500
0.090 0.37798 36.81964 1.01734 13.91716 0.37080 0.01761 0.42456 0.18703 1361.016
0.095 0.37785 36.86887 1.01835 13.93107 0.37071 0.01768 0.42424 0.18736 1361.533
0.100 0.37773 36.91821 1.01937 13.94501 0.37063 0.01775 0.42392 0.18769 1362.050
0.105 0.37760 36.96767 1.02039 13.95897 0.37055 0.01782 0.42360 0.18803 1362.569
0.110 0.37747 37.01724 1.02142 13.97297 0.37046 0.01789 0.42328 0.18836 1363.088
0.115 0.37734 37.06693 1.02244 13.98699 0.37038 0.01796 0.42296 0.18869 1363.608
0.120 0.37722 37.11674 1.02347 14.00105 0.37029 0.01803 0.42264 0.18903 1364.128
0.125 0.37709 37.16666 1.02450 14.01513 0.37021 0.01811 0.42232 0.18936 1364.650
0.130 0.37696 37.21670 1.02553 14.02925 0.37012 0.01818 0.42200 0.18970 1365.172
0.135 0.37683 37.26686 1.02656 14.04340 0.37004 0.01825 0.42168 0.19003 1365.695
0.140 0.37671 37.31713 1.02760 14.05757 0.36995 0.01832 0.42136 0.19037 1366.219
0.145 0.37658 37.36753 1.02864 14.07178 0.36986 0.01839 0.42104 0.19071 1366.744
0.150 0.37645 37.41804 1.02968 14.08601 0.36978 0.01846 0.42072 0.19104 1367.270
0.155 0.37632 37.46867 1.03072 14.10028 0.36969 0.01854 0.42040 0.19138 1367.796
0.160 0.37619 37.51942 1.03177 14.11458 0.36960 0.01861 0.42007 0.19172 1368.323
0.165 0.37607 37.57029 1.03281 14.12891 0.36951 0.01868 0.41975 0.19206 1368.851
0.170 0.37594 37.62128 1.03386 14.14327 0.36942 0.01875 0.41943 0.19239 1369.380
0.175 0.37581 37.67239 1.03492 14.15766 0.36933 0.01883 0.41911 0.19273 1369.910
0.180 0.37568 37.72362 1.03597 14.17208 0.36924 0.01890 0.41878 0.19307 1370.440
0.185 0.37555 37.77498 1.03703 14.18653 0.36915 0.01898 0.41846 0.19341 1370.972
0.190 0.37543 37.82645 1.03809 14.20102 0.36906 0.01905 0.41814 0.19375 1371.504
0.195 0.37530 37.87805 1.03915 14.21553 0.36897 0.01912 0.41781 0.19409 1372.037
0.200 0.37517 37.92977 1.04021 14.23008 0.36888 0.01920 0.41749 0.19443 1372.571
0.205 0.37504 37.98161 1.04128 14.24465 0.36879 0.01927 0.41717 0.19477 1373.105
0.210 0.37491 38.03358 1.04234 14.25926 0.36870 0.01935 0.41684 0.19511 1373.641
0.215 0.37478 38.08567 1.04341 14.27390 0.36860 0.01942 0.41652 0.19545 1374.177
0.220 0.37466 38.13788 1.04449 14.28858 0.36851 0.01950 0.41619 0.19580 1374.714
0.225 0.37453 38.19022 1.04556 14.30328 0.36842 0.01958 0.41587 0.19614 1375.253
0.230 0.37440 38.24268 1.04664 14.31802 0.36832 0.01965 0.41554 0.19648 1375.791
0.235 0.37427 38.29527 1.04772 14.33278 0.36823 0.01973 0.41522 0.19682 1376.331
0.240 0.37414 38.34799 1.04880 14.34758 0.36813 0.01981 0.41489 0.19717 1376.872
0.245 0.37401 38.40083 1.04988 14.36242 0.36804 0.01988 0.41457 0.19751 1377.413
0.250 0.37388 38.45379 1.05097 14.37728 0.36794 0.01996 0.41424 0.19785 1377.956
0.255 0.37376 38.50689 1.05206 14.39218 0.36785 0.02004 0.41391 0.19820 1378.499
0.260 0.37363 38.56011 1.05315 14.40711 0.36775 0.02012 0.41359 0.19854 1379.043
0.265 0.37350 38.61346 1.05424 14.42207 0.36765 0.02020 0.41326 0.19889 1379.588
0.270 0.37337 38.66694 1.05534 14.43707 0.36756 0.02027 0.41293 0.19923 1380.134
0.275 0.37324 38.72054 1.05644 14.45209 0.36746 0.02035 0.41261 0.19958 1380.680
0.280 0.37311 38.77428 1.05754 14.46716 0.36736 0.02043 0.41228 0.19993 1381.228
0.285 0.37298 38.82814 1.05864 14.48225 0.36726 0.02051 0.41195 0.20027 1381.776
0.290 0.37285 38.88214 1.05975 14.49738 0.36716 0.02059 0.41162 0.20062 1382.326
0.295 0.37273 38.93627 1.06086 14.51254 0.36707 0.02067 0.41129 0.20097 1382.876
0.300 0.37260 38.99052 1.06197 14.52773 0.36697 0.02075 0.41097 0.20132 1383.427
0.305 0.37247 39.04491 1.06308 14.54296 0.36687 0.02083 0.41064 0.20166 1383.979
0.310 0.37234 39.09943 1.06420 14.55822 0.36677 0.02091 0.41031 0.20201 1384.531
0.315 0.37221 39.15408 1.06532 14.57351 0.36666 0.02100 0.40998 0.20236 1385.085
0.320 0.37208 39.20887 1.06644 14.58884 0.36656 0.02108 0.40965 0.20271 1385.640
0.325 0.37195 39.26378 1.06756 14.60420 0.36646 0.02116 0.40932 0.20306 1386.195
0.330 0.37182 39.31883 1.06868 14.61959 0.36636 0.02124 0.40899 0.20341 1386.752
0.335 0.37169 39.37402 1.06981 14.63502 0.36626 0.02132 0.40866 0.20376 1387.309
0.340 0.37156 39.42934 1.07094 14.65049 0.36615 0.02141 0.40833 0.20411 1387.867
0.345 0.37143 39.48479 1.07207 14.66599 0.36605 0.02149 0.40800 0.20446 1388.426
0.350 0.37130 39.54038 1.07321 14.68152 0.36595 0.02157 0.40767 0.20481 1388.986
0.355 0.37117 39.59611 1.07435 14.69708 0.36584 0.02166 0.40734 0.20516 1389.547
0.360 0.37105 39.65197 1.07549 14.71268 0.36574 0.02174 0.40701 0.20552 1390.109
0.365 0.37092 39.70797 1.07663 14.72832 0.36563 0.02182 0.40668 0.20587 1390.671
0.370 0.37079 39.76410 1.07778 14.74399 0.36553 0.02191 0.40634 0.20622 1391.235
0.375 0.37066 39.82037 1.07893 14.75970 0.36542 0.02199 0.40601 0.20657 1391.800
0.380 0.37053 39.87678 1.08008 14.77544 0.36532 0.02208 0.40568 0.20693 1392.365
0.385 0.37040 39.93333 1.08123 14.79121 0.36521 0.02216 0.40535 0.20728 1392.931
0.390 0.37027 39.99002 1.08238 14.80702 0.36510 0.02225 0.40501 0.20763 1393.499
0.395 0.37014 40.04685 1.08354 14.82287 0.36499 0.02233 0.40468 0.20799 1394.067
0.400 0.37001 40.10382 1.08470 14.83875 0.36489 0.02242 0.40435 0.20834 1394.636
0.405 0.36988 40.16092 1.08587 14.85466 0.36478 0.02251 0.40402 0.20870 1395.206
0.410 0.36975 40.21817 1.08703 14.87062 0.36467 0.02259 0.40368 0.20905 1395.777
0.415 0.36962 40.27556 1.08820 14.88661 0.36456 0.02268 0.40335 0.20941 1396.349
0.420 0.36949 40.33309 1.08937 14.90263 0.36445 0.02277 0.40301 0.20977 1396.922
0.425 0.36936 40.39077 1.09055 14.91869 0.36434 0.02286 0.40268 0.21012 1397.495
0.430 0.36923 40.44858 1.09172 14.93478 0.36423 0.02294 0.40235 0.21048 1398.070
0.435 0.36910 40.50654 1.09290 14.95092 0.36412 0.02303 0.40201 0.21084 1398.646
0.440 0.36897 40.56465 1.09409 14.96708 0.36401 0.02312 0.40168 0.21119 1399.222
0.445 0.36884 40.62289 1.09527 14.98329 0.36390 0.02321 0.40134 0.21155 1399.800
0.450 0.36871 40.68129 1.09646 14.99953 0.36378 0.02330 0.40101 0.21191 1400.378
0.455 0.36858 40.73982 1.09765 15.01581 0.36367 0.02339 0.40067 0.21227 1400.958
0.460 0.36845 40.79851 1.09884 15.03212 0.36356 0.02348 0.40033 0.21263 1401.538
0.465 0.36832 40.85734 1.10003 15.04847 0.36344 0.02357 0.40000 0.21299 1402.120
0.470 0.36819 40.91631 1.10123 15.06486 0.36333 0.02366 0.39966 0.21335 1402.702
0.475 0.36806 40.97544 1.10243 15.08129 0.36322 0.02375 0.39933 0.21371 1403.285
0.480 0.36793 41.03471 1.10364 15.09775 0.36310 0.02384 0.39899 0.21407 1403.869
0.485 0.36780 41.09413 1.10484 15.11425 0.36299 0.02393 0.39865 0.21443 1404.455
0.490 0.36767 41.15370 1.10605 15.13078 0.36287 0.02403 0.39832 0.21479 1405.041
0.495 0.36753 41.21341 1.10726 15.14736 0.36275 0.02412 0.39798 0.21515 1405.628
0.500 0.36740 41.27328 1.10848 15.16397 0.36264 0.02421 0.39764 0.21551 1406.216
0.505 0.36727 41.33330 1.10969 15.18062 0.36252 0.02430 0.39730 0.21587 1406.805
0.510 0.36714 41.39346 1.11091 15.19731 0.36240 0.02440 0.39696 0.21623 1407.395
0.515 0.36701 41.45378 1.11214 15.21403 0.36229 0.02449 0.39663 0.21660 1407.986
0.520 0.36688 41.51426 1.11336 15.23080 0.36217 0.02458 0.39629 0.21696 1408.578
0.525 0.36675 41.57488 1.11459 15.24760 0.36205 0.02468 0.39595 0.21732 1409.172
0.530 0.36662 41.63565 1.11582 15.26444 0.36193 0.02477 0.39561 0.21769 1409.766
0.535 0.36649 41.69658 1.11706 15.28132 0.36181 0.02487 0.39527 0.21805 1410.361
0.540 0.36636 41.75767 1.11829 15.29824 0.36169 0.02496 0.39493 0.21841 1410.957
0.545 0.36623 41.81891 1.11953 15.31519 0.36157 0.02506 0.39459 0.21878 1411.554
0.550 0.36610 41.88030 1.12077 15.33219 0.36145 0.02515 0.39425 0.21914 1412.152
0.555 0.36596 41.94185 1.12202 15.34922 0.36133 0.02525 0.39391 0.21951 1412.751
0.560 0.36583 42.00355 1.12327 15.36629 0.36121 0.02535 0.39357 0.21987 1413.351
0.565 0.36570 42.06541 1.12452 15.38341 0.36109 0.02544 0.39323 0.22024 1413.952
0.570 0.36557 42.12743 1.12577 15.40056 0.36096 0.02554 0.39289 0.22061 1414.554
0.575 0.36544 42.18961 1.12703 15.41775 0.36084 0.02564 0.39255 0.22097 1415.157
0.580 0.36531 42.25194 1.12829 15.43498 0.36072 0.02574 0.39221 0.22134 1415.761
0.585 0.36518 42.31443 1.12955 15.45225 0.36059 0.02583 0.39187 0.22171 1416.366
0.590 0.36505 42.37709 1.13082 15.46956 0.36047 0.02593 0.39153 0.22207 1416.972
0.595 0.36491 42.43990 1.13208 15.48691 0.36034 0.02603 0.39118 0.22244 1417.579
0.600 0.36478 42.50287 1.13335 15.50430 0.36022 0.02613 0.39084 0.22281 1418.187
0.605 0.36465 42.56600 1.13463 15.52173 0.36009 0.02623 0.39050 0.22318 1418.797
0.610 0.36452 42.62930 1.13591 15.53920 0.35997 0.02633 0.39016 0.22355 1419.407
0.615 0.36439 42.69276 1.13719 15.55671 0.35984 0.02643 0.38981 0.22391 1420.018
0.620 0.36426 42.75638 1.13847 15.57426 0.35971 0.02653 0.38947 0.22428 1420.630
0.625 0.36412 42.82016 1.13976 15.59185 0.35959 0.02663 0.38913 0.22465 1421.244
0.630 0.36399 42.88411 1.14104 15.60948 0.35946 0.02673 0.38879 0.22502 1421.858
0.635 0.36386 42.94822 1.14234 15.62715 0.35933 0.02683 0.38844 0.22539 1422.473
0.640 0.36373 43.01250 1.14363 15.64487 0.35920 0.02694 0.38810 0.22576 1423.090
0.645 0.36360 43.07694 1.14493 15.66262 0.35907 0.02704 0.38775 0.22613 1423.707
0.650 0.36346 43.14155 1.14623 15.68042 0.35894 0.02714 0.38741 0.22651 1424.326
0.655 0.36333 43.20632 1.14753 15.69826 0.35881 0.02724 0.38707 0.22688 1424.946
0.660 0.36320 43.27127 1.14884 15.71614 0.35868 0.02735 0.38672 0.22725 1425.566
0.665 0.36307 43.33638 1.15015 15.73406 0.35855 0.02745 0.38638 0.22762 1426.188
0.670 0.36294 43.40166 1.15146 15.75202 0.35842 0.02756 0.38603 0.22799 1426.811
0.675 0.36280 43.46710 1.15278 15.77003 0.35829 0.02766 0.38569 0.22837 1427.435
0.680 0.36267 43.53272 1.15410 15.78808 0.35816 0.02776 0.38534 0.22874 1428.060
0.685 0.36254 43.59851 1.15542 15.80617 0.35803 0.02787 0.38499 0.22911 1428.686
0.690 0.36241 43.66447 1.15675 15.82430 0.35789 0.02798 0.38465 0.22948 1429.313
0.695 0.36227 43.73060 1.15808 15.84247 0.35776 0.02808 0.38430 0.22986 1429.941
0.700 0.36214 43.79690 1.15941 15.86069 0.35763 0.02819 0.38396 0.23023 1430.571
0.705 0.36201 43.86338 1.16074 15.87895 0.35749 0.02829 0.38361 0.23061 1431.201
0.710 0.36188 43.93003 1.16208 15.89725 0.35736 0.02840 0.38326 0.23098 1431.832
0.715 0.36174 43.99685 1.16342 15.91560 0.35722 0.02851 0.38292 0.23136 1432.465
0.720 0.36161 44.06385 1.16477 15.93399 0.35709 0.02862 0.38257 0.23173 1433.099
0.725 0.36148 44.13102 1.16611 15.95242 0.35695 0.02872 0.38222 0.23211 1433.733
0.730 0.36135 44.19837 1.16746 15.97089 0.35681 0.02883 0.38187 0.23248 1434.369
0.735 0.36121 44.26590 1.16882 15.98941 0.35668 0.02894 0.38152 0.23286 1435.006
0.740 0.36108 44.33360 1.17017 16.00797 0.35654 0.02905 0.38118 0.23323 1435.644
0.745 0.36095 44.40148 1.17153 16.02658 0.35640 0.02916 0.38083 0.23361 1436.283
0.750 0.36081 44.46954 1.17290 16.04523 0.35626 0.02927 0.38048 0.23399 1436.924
0.755 0.36068 44.53778 1.17426 16.06393 0.35612 0.02938 0.38013 0.23437 1437.565
0.760 0.36055 44.60620 1.17563 16.08266 0.35598 0.02949 0.37978 0.23474 1438.207
0.765 0.36041 44.67480 1.17701 16.10145 0.35584 0.02960 0.37943 0.23512 1438.851
0.770 0.36028 44.74358 1.17838 16.12028 0.35570 0.02971 0.37908 0.23550 1439.496
0.775 0.36015 44.81254 1.17976 16.13915 0.35556 0.02982 0.37873 0.23588 1440.142
0.780 0.36001 44.88168 1.18115 16.15807 0.35542 0.02994 0.37838 0.23626 1440.789
0.785 0.35988 44.95101 1.18253 16.17703 0.35528 0.03005 0.37803 0.23663 1441.437
0.790 0.35975 45.02052 1.18392 16.19604 0.35514 0.03016 0.37768 0.23701 1442.086
0.795 0.35961 45.09021 1.18531 16.21509 0.35500 0.03028 0.37733 0.23739 1442.737
0.800 0.35948 45.16009 1.18671 16.23419 0.35486 0.03039 0.37698 0.23777 1443.388
0.805 0.35935 45.23016 1.18811 16.25333 0.35471 0.03050 0.37663 0.23815 1444.041
0.810 0.35921 45.30041 1.18951 16.27252 0.35457 0.03062 0.37628 0.23853 1444.695
0.815 0.35908 45.37085 1.19092 16.29175 0.35442 0.03073 0.37593 0.23891 1445.350
0.820 0.35895 45.44147 1.19233 16.31103 0.35428 0.03085 0.37558 0.23929 1446.006
0.825 0.35881 45.51229 1.19374 16.33036 0.35413 0.03096 0.37523 0.23967 1446.663
0.830 0.35868 45.58329 1.19516 16.34973 0.35399 0.03108 0.37488 0.24006 1447.322
0.835 0.35854 45.65449 1.19658 16.36915 0.35384 0.03120 0.37452 0.24044 1447.982
0.840 0.35841 45.72587 1.19800 16.38862 0.35370 0.03131 0.37417 0.24082 1448.642
0.845 0.35828 45.79745 1.19942 16.40813 0.35355 0.03143 0.37382 0.24120 1449.304
0.850 0.35814 45.86921 1.20085 16.42769 0.35340 0.03155 0.37347 0.24158 1449.968
0.855 0.35801 45.94117 1.20229 16.44730 0.35326 0.03167 0.37311 0.24197 1450.632
0.860 0.35787 46.01333 1.20372 16.46695 0.35311 0.03178 0.37276 0.24235 1451.298
0.865 0.35774 46.08567 1.20516 16.48665 0.35296 0.03190 0.37241 0.24273 1451.964
0.870 0.35760 46.15821 1.20661 16.50640 0.35281 0.03202 0.37205 0.24311 1452.632
0.875 0.35747 46.23095 1.20806 16.52620 0.35266 0.03214 0.37170 0.24350 1453.301
0.880 0.35734 46.30389 1.20951 16.54604 0.35251 0.03226 0.37135 0.24388 1453.972
0.885 0.35720 46.37702 1.21096 16.56594 0.35236 0.03238 0.37099 0.24427 1454.643
0.890 0.35707 46.45034 1.21242 16.58588 0.35221 0.03250 0.37064 0.24465 1455.316
0.895 0.35693 46.52387 1.21388 16.60586 0.35206 0.03262 0.37028 0.24504 1455.990
0.900 0.35680 46.59760 1.21534 16.62590 0.35191 0.03275 0.36993 0.24542 1456.665
0.905 0.35666 46.67152 1.21681 16.64598 0.35175 0.03287 0.36957 0.24580 1457.341
0.910 0.35653 46.74565 1.21828 16.66612 0.35160 0.03299 0.36922 0.24619 1458.019
0.915 0.35639 46.81997 1.21976 16.68630 0.35145 0.03311 0.36886 0.24658 1458.698
0.920 0.35626 46.89450 1.22124 16.70653 0.35130 0.03324 0.36851 0.24696 1459.378
0.925 0.35612 46.96923 1.22272 16.72681 0.35114 0.03336 0.36815 0.24735 1460.059
0.930 0.35599 47.04417 1.22421 16.74714 0.35099 0.03348 0.36780 0.24773 1460.741
0.935 0.35585 47.11931 1.22570 16.76752 0.35083 0.03361 0.36744 0.24812 1461.425
0.940 0.35572 47.19465 1.22719 16.78795 0.35068 0.03373 0.36708 0.24851 1462.110
0.945 0.35558 47.27020 1.22869 16.80843 0.35052 0.03386 0.36673 0.24889 1462.796
0.950 0.35545 47.34596 1.23019 16.82896 0.35037 0.03398 0.36637 0.24928 1463.484
0.955 0.35531 47.42193 1.23169 16.84954 0.35021 0.03411 0.36601 0.24967 1464.172
0.960 0.35518 47.49810 1.23320 16.87017 0.35005 0.03424 0.36566 0.25006 1464.862
0.965 0.35504 47.57448 1.23471 16.89085 0.34989 0.03436 0.36530 0.25044 1465.553
0.970 0.35490 47.65107 1.23623 16.91158 0.34974 0.03449 0.36494 0.25083 1466.246
0.975 0.35477 47.72787 1.23775 16.93236 0.34958 0.03462 0.36458 0.25122 1466.939
0.980 0.35463 47.80489 1.23927 16.95319 0.34942 0.03475 0.36423 0.25161 1467.634
0.985 0.35450 47.88211 1.24079 16.97407 0.34926 0.03487 0.36387 0.25200 1468.331
0.990 0.35436 47.95955 1.24232 16.99501 0.34910 0.03500 0.36351 0.25239 1469.028
0.995 0.35423 48.03720 1.24386 17.01599 0.34894 0.03513 0.36315 0.25278 1469.727
1.000 0.35409 48.11507 1.24540 17.03703 0.34878 0.03526 0.36279 0.25317 1470.427
1.005 0.35395 48.19315 1.24694 17.05812 0.34862 0.03539 0.36243 0.25356 1471.128
1.010 0.35382 48.27145 1.24848 17.07926 0.34846 0.03552 0.36207 0.25394 1471.831
1.015 0.35368 48.34996 1.25003 17.10045 0.34829 0.03565 0.36172 0.25433 1472.535
1.020 0.35354 48.42870 1.25159 17.12170 0.34813 0.03579 0.36136 0.25473 1473.240
1.025 0.35341 48.50765 1.25314 17.14299 0.34797 0.03592 0.36100 0.25512 1473.947
1.030 0.35327 48.58682 1.25470 17.16434 0.34781 0.03605 0.36064 0.25551 1474.654
1.035 0.35314 48.66621 1.25627 17.18575 0.34764 0.03618 0.36028 0.25590 1475.363
1.040 0.35300 48.74582 1.25784 17.20720 0.34748 0.03632 0.35992 0.25629 1476.074
1.045 0.35286 48.82566 1.25941 17.22871 0.34731 0.03645 0.35956 0.25668 1476.786
1.050 0.35273 48.90571 1.26098 17.25027 0.34715 0.03659 0.35920 0.25707 1477.499
1.055 0.35259 48.98599 1.26256 17.27189 0.34698 0.03672 0.35883 0.25746 1478.213
1.060 0.35245 49.06650 1.26415 17.29356 0.34682 0.03685 0.35847 0.25786 1478.929
1.065 0.35231 49.14723 1.26574 17.31528 0.34665 0.03699 0.35811 0.25825 1479.646
1.070 0.35218 49.22818 1.26733 17.33706 0.34648 0.03713 0.35775 0.25864 1480.364
1.075 0.35204 49.30937 1.26892 17.35889 0.34632 0.03726 0.35739 0.25903 1481.084
1.080 0.35190 49.39078 1.27052 17.38077 0.34615 0.03740 0.35703 0.25942 1481.805
1.085 0.35177 49.47242 1.27213 17.40271 0.34598 0.03754 0.35667 0.25982 1482.527
1.090 0.35163 49.55429 1.27374 17.42471 0.34581 0.03767 0.35630 0.26021 1483.251
1.095 0.35149 49.63639 1.27535 17.44675 0.34564 0.03781 0.35594 0.26060 1483.976
1.100 0.35135 49.71873 1.27696 17.46886 0.34547 0.03795 0.35558 0.26100 1484.703
1.105 0.35122 49.80129 1.27858 17.49102 0.34530 0.03809 0.35522 0.26139 1485.430
1.110 0.35108 49.88409 1.28021 17.51323 0.34513 0.03823 0.35485 0.26179 1486.160
1.115 0.35094 49.96712 1.28183 17.53550 0.34496 0.03837 0.35449 0.26218 1486.890
1.120 0.35080 50.05039 1.28347 17.55783 0.34479 0.03851 0.35413 0.26257 1487.622
1.125 0.35067 50.13389 1.28510 17.58021 0.34462 0.03865 0.35377 0.26297 1488.355
1.130 0.35053 50.21763 1.28674 17.60265 0.34444 0.03879 0.35340 0.26336 1489.090
1.135 0.35039 50.30161 1.28839 17.62514 0.34427 0.03893 0.35304 0.26376 1489.826
1.140 0.35025 50.38583 1.29004 17.64769 0.34410 0.03908 0.35267 0.26415 1490.564
1.145 0.35011 50.47028 1.29169 17.67030 0.34392 0.03922 0.35231 0.26455 1491.302
1.150 0.34997 50.55498 1.29335 17.69297 0.34375 0.03936 0.35195 0.26494 1492.043
1.155 0.34984 50.63992 1.29501 17.71569 0.34357 0.03951 0.35158 0.26534 1492.784
1.160 0.34970 50.72510 1.29667 17.73847 0.34340 0.03965 0.35122 0.26573 1493.527
1.165 0.34956 50.81053 1.29834 17.76130 0.34322 0.03979 0.35085 0.26613 1494.272
1.170 0.34942 50.89620 1.30001 17.78419 0.34305 0.03994 0.35049 0.26653 1495.018
1.175 0.34928 50.98211 1.30169 17.80715 0.34287 0.04008 0.35012 0.26692 1495.765
1.180 0.34914 51.06827 1.30337 17.83016 0.34269 0.04023 0.34976 0.26732 1496.514
1.185 0.34900 51.15468 1.30506 17.85322 0.34252 0.04038 0.34939 0.26771 1497.264
1.190 0.34887 51.24134 1.30675 17.87635 0.34234 0.04052 0.34903 0.26811 1498.015
1.195 0.34873 51.32825 1.30845 17.89953 0.34216 0.04067 0.34866 0.26851 1498.768
1.200 0.34859 51.41540 1.31014 17.92278 0.34198 0.04082 0.34829 0.26891 1499.523
1.205 0.34845 51.50281 1.31185 17.94608 0.34180 0.04097 0.34793 0.26930 1500.279
1.210 0.34831 51.59047 1.31356 17.96944 0.34162 0.04112 0.34756 0.26970 1501.036
1.215 0.34817 51.67838 1.31527 17.99286 0.34144 0.04127 0.34720 0.27010 1501.795
1.220 0.34803 51.76655 1.31698 18.01634 0.34126 0.04141 0.34683 0.27049 1502.555
1.225 0.34789 51.85497 1.31870 18.03988 0.34108 0.04156 0.34646 0.27089 1503.317
1.230 0.34775 51.94365 1.32043 18.06348 0.34090 0.04172 0.34609 0.27129 1504.080
1.235 0.34761 52.03259 1.32216 18.08714 0.34072 0.04187 0.34573 0.27169 1504.845
1.240 0.34747 52.12178 1.32389 18.11086 0.34053 0.04202 0.34536 0.27209 1505.611
1.245 0.34733 52.21124 1.32563 18.13464 0.34035 0.04217 0.34499 0.27248 1506.378
1.250 0.34719 52.30095 1.32737 18.15848 0.34017 0.04232 0.34463 0.27288 1507.147
1.255 0.34705 52.39093 1.32912 18.18238 0.33998 0.04248 0.34426 0.27328 1507.918
1.260 0.34691 52.48116 1.33087 18.20634 0.33980 0.04263 0.34389 0.27368 1508.690
1.265 0.34677 52.57166 1.33263 18.23037 0.33962 0.04278 0.34352 0.27408 1509.464
1.270 0.34663 52.66243 1.33439 18.25445 0.33943 0.04294 0.34315 0.27448 1510.239
1.275 0.34649 52.75346 1.33616 18.27860 0.33925 0.04309 0.34278 0.27488 1511.015
1.280 0.34635 52.84476 1.33792 18.30281 0.33906 0.04325 0.34242 0.27528 1511.793
1.285 0.34621 52.93633 1.33970 18.32708 0.33887 0.04340 0.34205 0.27568 1512.573
1.290 0.34607 53.02816 1.34148 18.35142 0.33869 0.04356 0.34168 0.27608 1513.354
1.295 0.34593 53.12026 1.34326 18.37581 0.33850 0.04372 0.34131 0.27648 1514.137
1.300 0.34579 53.21264 1.34505 18.40027 0.33831 0.04388 0.34094 0.27688 1514.921
1.305 0.34565 53.30529 1.34684 18.42479 0.33812 0.04403 0.34057 0.27727 1515.707
1.310 0.34551 53.39821 1.34864 18.44938 0.33793 0.04419 0.34020 0.27767 1516.494
1.315 0.34536 53.49140 1.35044 18.47403 0.33774 0.04435 0.33983 0.27808 1517.283
1.320 0.34522 53.58487 1.35225 18.49874 0.33755 0.04451 0.33946 0.27848 1518.073
1.325 0.34508 53.67862 1.35406 18.52352 0.33736 0.04467 0.33909 0.27888 1518.865
1.330 0.34494 53.77264 1.35587 18.54836 0.33717 0.04483 0.33872 0.27928 1519.658
1.335 0.34480 53.86695 1.35769 18.57326 0.33698 0.04499 0.33835 0.27968 1520.453
1.340 0.34466 53.96153 1.35952 18.59823 0.33679 0.04515 0.33798 0.28008 1521.250
1.345 0.34452 54.05639 1.36135 18.62326 0.33660 0.04531 0.33761 0.28048 1522.048
1.350 0.34437 54.15154 1.36318 18.64836 0.33641 0.04548 0.33724 0.28088 1522.848
1.355 0.34423 54.24697 1.36502 18.67352 0.33621 0.04564 0.33687 0.28128 1523.649
1.360 0.34409 54.34268 1.36687 18.69875 0.33602 0.04580 0.33650 0.28168 1524.452
1.365 0.34395 54.43868 1.36872 18.72404 0.33583 0.04597 0.33612 0.28208 1525.257
1.370 0.34381 54.53497 1.37057 18.74940 0.33563 0.04613 0.33575 0.28248 1526.063
1.375 0.34366 54.63154 1.37243 18.77483 0.33544 0.04630 0.33538 0.28288 1526.870
1.380 0.34352 54.72840 1.37429 18.80032 0.33524 0.04646 0.33501 0.28329 1527.680
1.385 0.34338 54.82556 1.37616 18.82588 0.33505 0.04663 0.33464 0.28369 1528.491
1.390 0.34324 54.92300 1.37803 18.85150 0.33485 0.04679 0.33426 0.28409 1529.303
1.395 0.34309 55.02074 1.37991 18.87719 0.33465 0.04696 0.33389 0.28449 1530.117
1.400 0.34295 55.11877 1.38179 18.90295 0.33446 0.04713 0.33352 0.28489 1530.933
1.405 0.34281 55.21710 1.38368 18.92878 0.33426 0.04730 0.33315 0.28529 1531.750
1.410 0.34266 55.31572 1.38558 18.95467 0.33406 0.04747 0.33277 0.28570 1532.570
1.415 0.34252 55.41464 1.38747 18.98063 0.33386 0.04764 0.33240 0.28610 1533.390
1.420 0.34238 55.51386 1.38938 19.00666 0.33367 0.04780 0.33203 0.28650 1534.213
1.425 0.34223 55.61338 1.39128 19.03276 0.33347 0.04797 0.33166 0.28690 1535.037
1.430 0.34209 55.71320 1.39320 19.05892 0.33327 0.04815 0.33128 0.28731 1535.862
1.435 0.34195 55.81332 1.39511 19.08516 0.33307 0.04832 0.33091 0.28771 1536.690
1.440 0.34180 55.91375 1.39704 19.11146 0.33287 0.04849 0.33053 0.28811 1537.519
1.445 0.34166 56.01448 1.39896 19.13783 0.33267 0.04866 0.33016 0.28851 1538.349
1.450 0.34151 56.11552 1.40090 19.16427 0.33246 0.04883 0.32979 0.28892 1539.182
1.455 0.34137 56.21686 1.40284 19.19078 0.33226 0.04901 0.32941 0.28932 1540.016
1.460 0.34123 56.31852 1.40478 19.21736 0.33206 0.04918 0.32904 0.28972 1540.851
1.465 0.34108 56.42048 1.40673 19.24401 0.33186 0.04936 0.32866 0.29012 1541.689
1.470 0.34094 56.52276 1.40868 19.27074 0.33165 0.04953 0.32829 0.29053 1542.528
1.475 0.34079 56.62534 1.41064 19.29753 0.33145 0.04971 0.32792 0.29093 1543.369
1.480 0.34065 56.72825 1.41260 19.32439 0.33125 0.04988 0.32754 0.29133 1544.211
1.485 0.34050 56.83147 1.41457 19.35132 0.33104 0.05006 0.32717 0.29174 1545.056
1.490 0.34036 56.93500 1.41654 19.37833 0.33084 0.05023 0.32679 0.29214 1545.902
1.495 0.34021 57.03885 1.41852 19.40540 0.33063 0.05041 0.32642 0.29254 1546.749
1.500 0.34007 57.14302 1.42051 19.43255 0.33042 0.05059 0.32604 0.29294 1547.599
1.505 0.33992 57.24752 1.42250 19.45977 0.33022 0.05077 0.32566 0.29335 1548.450
1.510 0.33978 57.35233 1.42449 19.48706 0.33001 0.05095 0.32529 0.29375 1549.303
1.515 0.33963 57.45747 1.42649 19.51442 0.32980 0.05113 0.32491 0.29415 1550.158
1.520 0.33949 57.56293 1.42850 19.54186 0.32960 0.05131 0.32454 0.29456 1551.014
1.525 0.33934 57.66872 1.43051 19.56937 0.32939 0.05149 0.32416 0.29496 1551.872
1.530 0.33920 57.77484 1.43253 19.59695 0.32918 0.05167 0.32379 0.29536 1552.732
1.535 0.33905 57.88128 1.43455 19.62461 0.32897 0.05185 0.32341 0.29577 1553.594
1.540 0.33890 57.98806 1.43657 19.65234 0.32876 0.05204 0.32303 0.29617 1554.457
1.545 0.33876 58.09516 1.43861 19.68014 0.32855 0.05222 0.32266 0.29657 1555.323
1.550 0.33861 58.20260 1.44064 19.70802 0.32834 0.05240 0.32228 0.29698 1556.190
1.555 0.33846 58.31038 1.44269 19.73597 0.32813 0.05259 0.32190 0.29738 1557.059
1.560 0.33832 58.41849 1.44474 19.76400 0.32792 0.05277 0.32153 0.29778 1557.930
1.565 0.33817 58.52694 1.44679 19.79210 0.32771 0.05296 0.32115 0.29819 1558.802
1.570 0.33802 58.63572 1.44885 19.82028 0.32750 0.05314 0.32077 0.29859 1559.676
1.575 0.33788 58.74485 1.45092 19.84853 0.32728 0.05333 0.32039 0.29900 1560.553
1.580 0.33773 58.85432 1.45299 19.87686 0.32707 0.05351 0.32002 0.29940 1561.431
1.585 0.33758 58.96413 1.45506 19.90526 0.32686 0.05370 0.31964 0.29980 1562.310
1.590 0.33744 59.07429 1.45714 19.93374 0.32664 0.05389 0.31926 0.30021 1563.192
1.595 0.33729 59.18479 1.45923 19.96230 0.32643 0.05408 0.31888 0.30061 1564.076
1.600 0.33714 59.29564 1.46133 19.99093 0.32621 0.05427 0.31851 0.30101 1564.961
1.605 0.33699 59.40684 1.46342 20.01964 0.32600 0.05446 0.31813 0.30142 1565.848
1.610 0.33684 59.51839 1.46553 20.04843 0.32578 0.05465 0.31775 0.30182 1566.737
1.615 0.33670 59.63029 1.46764 20.07729 0.32557 0.05484 0.31737 0.30222 1567.628
1.620 0.33655 59.74255 1.46975 20.10623 0.32535 0.05503 0.31699 0.30263 1568.521
1.625 0.33640 59.85516 1.47188 20.13526 0.32513 0.05522 0.31661 0.30303 1569.416
1.630 0.33625 59.96813 1.47400 20.16435 0.32491 0.05541 0.31624 0.30343 1570.312
1.635 0.33610 60.08146 1.47614 20.19353 0.32470 0.05561 0.31586 0.30384 1571.211
1.640 0.33595 60.19514 1.47827 20.22279 0.32448 0.05580 0.31548 0.30424 1572.111
1.645 0.33580 60.30919 1.48042 20.25212 0.32426 0.05600 0.31510 0.30465 1573.014
1.650 0.33566 60.42360 1.48257 20.28154 0.32404 0.05619 0.31472 0.30505 1573.918
1.655 0.33551 60.53838 1.48472 20.31103 0.32382 0.05639 0.31434 0.30545 1574.824
1.660 0.33536 60.65352 1.48689 20.34061 0.32360 0.05658 0.31396 0.30586 1575.732
1.665 0.33521 60.76903 1.48905 20.37026 0.32338 0.05678 0.31358 0.30626 1576.642
1.670 0.33506 60.88490 1.49123 20.39999 0.32316 0.05698 0.31320 0.30666 1577.554
1.675 0.33491 61.00115 1.49341 20.42981 0.32294 0.05717 0.31282 0.30707 1578.468
1.680 0.33476 61.11778 1.49559 20.45971 0.32272 0.05737 0.31244 0.30747 1579.384
1.685 0.33461 61.23477 1.49778 20.48968 0.32249 0.05757 0.31206 0.30787 1580.302
1.690 0.33446 61.35215 1.49998 20.51974 0.32227 0.05777 0.31168 0.30828 1581.221
1.695 0.33431 61.46990 1.50218 20.54988 0.32205 0.05797 0.31130 0.30868 1582.143
1.700 0.33416 61.58802 1.50439 20.58011 0.32182 0.05817 0.31092 0.30908 1583.067
1.705 0.33401 61.70653 1.50661 20.61041 0.32160 0.05837 0.31054 0.30949 1583.993
1.710 0.33386 61.82543 1.50883 20.64080 0.32138 0.05857 0.31016 0.30989 1584.920
1.715 0.33371 61.94470 1.51106 20.67127 0.32115 0.05878 0.30978 0.31029 1585.850
1.720 0.33355 62.06437 1.51329 20.70183 0.32092 0.05898 0.30940 0.31069 1586.782
1.725 0.33340 62.18442 1.51553 20.73247 0.32070 0.05918 0.30902 0.31110 1587.716
1.730 0.33325 62.30486 1.51778 20.76319 0.32047 0.05939 0.30864 0.31150 1588.651
1.735 0.33310 62.42569 1.52003 20.79399 0.32025 0.05959 0.30826 0.31190 1589.589
1.740 0.33295 62.54691 1.52229 20.82488 0.32002 0.05980 0.30788 0.31231 1590.529
1.745 0.33280 62.66853 1.52455 20.85586 0.31979 0.06000 0.30750 0.31271 1591.471
1.750 0.33264 62.79054 1.52682 20.88692 0.31956 0.06021 0.30711 0.31311 1592.415
1.755 0.33249 62.91296 1.52910 20.91806 0.31933 0.06042 0.30673 0.31351 1593.361
1.760 0.33234 63.03577 1.53138 20.94929 0.31911 0.06063 0.30635 0.31392 1594.309
1.765 0.33219 63.15898 1.53367 20.98061 0.31888 0.06083 0.30597 0.31432 1595.259
1.770 0.33203 63.28260 1.53597 21.01201 0.31865 0.06104 0.30559 0.31472 1596.211
1.775 0.33188 63.40663 1.53827 21.04350 0.31842 0.06125 0.30521 0.31512 1597.165
1.780 0.33173 63.53106 1.54058 21.07508 0.31819 0.06146 0.30483 0.31553 1598.122
1.785 0.33158 63.65590 1.54289 21.10674 0.31796 0.06167 0.30444 0.31593 1599.080
1.790 0.33142 63.78115 1.54521 21.13849 0.31772 0.06188 0.30406 0.31633 1600.041
1.795 0.33127 63.90681 1.54754 21.17033 0.31749 0.06210 0.30368 0.31673 1601.003
1.800 0.33112 64.03289 1.54987 21.20226 0.31726 0.06231 0.30330 0.31713 1601.968
1.805 0.33096 64.15938 1.55221 21.23427 0.31703 0.06252 0.30291 0.31754 1602.935
1.810 0.33081 64.28629 1.55456 21.26637 0.31679 0.06274 0.30253 0.31794 1603.904
1.815 0.33065 64.41362 1.55691 21.29857 0.31656 0.06295 0.30215 0.31834 1604.875
1.820 0.33050 64.54138 1.55927 21.33085 0.31633 0.06317 0.30177 0.31874 1605.848
1.825 0.33034 64.66956 1.56164 21.36322 0.31609 0.06338 0.30138 0.31914 1606.824
1.830 0.33019 64.79816 1.56401 21.39568 0.31586 0.06360 0.30100 0.31954 1607.802
1.835 0.33003 64.92719 1.56639 21.42823 0.31562 0.06381 0.30062 0.31994 1608.782
1.840 0.32988 65.05666 1.56878 21.46087 0.31539 0.06403 0.30024 0.32035 1609.764
1.845 0.32972 65.18655 1.57117 21.49360 0.31515 0.06425 0.29985 0.32075 1610.748
1.850 0.32957 65.31688 1.57357 21.52642 0.31491 0.06447 0.29947 0.32115 1611.734
1.855 0.32941 65.44764 1.57597 21.55934 0.31468 0.06469 0.29909 0.32155 1612.723
1.860 0.32926 65.57884 1.57839 21.59234 0.31444 0.06491 0.29870 0.32195 1613.714
1.865 0.32910 65.71048 1.58081 21.62544 0.31420 0.06513 0.29832 0.32235 1614.707
1.870 0.32895 65.84256 1.58323 21.65863 0.31396 0.06535 0.29794 0.32275 1615.702
1.875 0.32879 65.97509 1.58567 21.69191 0.31372 0.06557 0.29755 0.32315 1616.699
1.880 0.32863 66.10806 1.58811 21.72529 0.31349 0.06579 0.29717 0.32355 1617.699
1.885 0.32848 66.24148 1.59055 21.75875 0.31325 0.06602 0.29679 0.32395 1618.701
1.890 0.32832 66.37535 1.59301 21.79232 0.31301 0.06624 0.29640 0.32435 1619.705
1.895 0.32816 66.50967 1.59547 21.82597 0.31277 0.06647 0.29602 0.32475 1620.712
1.900 0.32801 66.64445 1.59793 21.85972 0.31252 0.06669 0.29563 0.32515 1621.721
1.905 0.32785 66.77968 1.60041 21.89357 0.31228 0.06692 0.29525 0.32555 1622.732
1.910 0.32769 66.91537 1.60289 21.92751 0.31204 0.06714 0.29487 0.32595 1623.745
1.915 0.32753 67.05152 1.60538 21.96154 0.31180 0.06737 0.29448 0.32635 1624.761
1.920 0.32737 67.18814 1.60787 21.99567 0.31156 0.06760 0.29410 0.32675 1625.779
1.925 0.32722 67.32521 1.61037 22.02990 0.31131 0.06783 0.29371 0.32715 1626.799
1.930 0.32706 67.46276 1.61288 22.06422 0.31107 0.06805 0.29333 0.32754 1627.822
1.935 0.32690 67.60077 1.61540 22.09864 0.31083 0.06828 0.29295 0.32794 1628.847
1.940 0.32674 67.73926 1.61792 22.13316 0.31058 0.06851 0.29256 0.32834 1629.874
1.945 0.32658 67.87822 1.62045 22.16777 0.31034 0.06874 0.29218 0.32874 1630.904
1.950 0.32642 68.01765 1.62299 22.20249 0.31009 0.06898 0.29179 0.32914 1631.936
1.955 0.32626 68.15757 1.62553 22.23730 0.30985 0.06921 0.29141 0.32954 1632.970
1.960 0.32610 68.29796 1.62809 22.27220 0.30960 0.06944 0.29102 0.32993 1634.007
1.965 0.32594 68.43883 1.63064 22.30721 0.30936 0.06967 0.29064 0.33033 1635.046
1.970 0.32578 68.58019 1.63321 22.34231 0.30911 0.06991 0.29025 0.33073 1636.088
1.975 0.32562 68.72204 1.63578 22.37752 0.30886 0.07014 0.28987 0.33113 1637.132
1.980 0.32546 68.86438 1.63836 22.41282 0.30862 0.07038 0.28948 0.33152 1638.178
1.985 0.32530 69.00721 1.64095 22.44823 0.30837 0.07061 0.28910 0.33192 1639.227
1.990 0.32514 69.15053 1.64355 22.48373 0.30812 0.07085 0.28871 0.33232 1640.278
1.995 0.32498 69.29435 1.64615 22.51934 0.30787 0.07109 0.28833 0.33271 1641.332
2.000 0.32482 69.43866 1.64876 22.55505 0.30762 0.07133 0.28794 0.33311 1642.388
2.005 0.32466 69.58348 1.65138 22.59085 0.30737 0.07156 0.28756 0.33351 1643.446
2.010 0.32450 69.72880 1.65400 22.62676 0.30712 0.07180 0.28717 0.33390 1644.507
2.015 0.32433 69.87463 1.65664 22.66278 0.30687 0.07204 0.28679 0.33430 1645.571
2.020 0.32417 70.02096 1.65928 22.69889 0.30662 0.07228 0.28640 0.33469 1646.637
2.025 0.32401 70.16781 1.66192 22.73511 0.30637 0.07252 0.28602 0.33509 1647.705
2.030 0.32385 70.31517 1.66458 22.77143 0.30612 0.07277 0.28563 0.33548 1648.776
2.035 0.32369 70.46304 1.66724 22.80785 0.30587 0.07301 0.28524 0.33588 1649.850
2.040 0.32352 70.61143 1.66991 22.84438 0.30561 0.07325 0.28486 0.33627 1650.926
2.045 0.32336 70.76035 1.67259 22.88101 0.30536 0.07350 0.28447 0.33667 1652.004
2.050 0.32320 70.90978 1.67527 22.91775 0.30511 0.07374 0.28409 0.33706 1653.085
2.055 0.32303 71.05974 1.67797 22.95459 0.30485 0.07399 0.28370 0.33746 1654.169
2.060 0.32287 71.21023 1.68067 22.99154 0.30460 0.07423 0.28332 0.33785 1655.255
2.065 0.32270 71.36125 1.68338 23.02859 0.30435 0.07448 0.28293 0.33824 1656.344
2.070 0.32254 71.51281 1.68609 23.06575 0.30409 0.07473 0.28254 0.33864 1657.435
2.075 0.32238 71.66489 1.68882 23.10302 0.30384 0.07497 0.28216 0.33903 1658.529
2.080 0.32221 71.81752 1.69155 23.14039 0.30358 0.07522 0.28177 0.33942 1659.625
2.085 0.32205 71.97069 1.69429 23.17787 0.30333 0.07547 0.28139 0.33982 1660.724
2.090 0.32188 72.12440 1.69704 23.21546 0.30307 0.07572 0.28100 0.34021 1661.826
2.095 0.32172 72.27866 1.69979 23.25316 0.30281 0.07597 0.28061 0.34060 1662.930
2.100 0.32155 72.43346 1.70256 23.29096 0.30256 0.07622 0.28023 0.34099 1664.037
2.105 0.32138 72.58882 1.70533 23.32888 0.30230 0.07647 0.27984 0.34139 1665.147
2.110 0.32122 72.74473 1.70811 23.36690 0.30204 0.07673 0.27946 0.34178 1666.259
2.115 0.32105 72.90120 1.71089 23.40503 0.30178 0.07698 0.27907 0.34217 1667.374
2.120 0.32088 73.05823 1.71369 23.44327 0.30152 0.07723 0.27868 0.34256 1668.492
2.125 0.32072 73.21582 1.71649 23.48163 0.30126 0.07749 0.27830 0.34295 1669.612
2.130 0.32055 73.37398 1.71930 23.52009 0.30100 0.07774 0.27791 0.34334 1670.735
2.135 0.32038 73.53270 1.72212 23.55867 0.30074 0.07800 0.27752 0.34373 1671.861
2.140 0.32022 73.69199 1.72495 23.59735 0.30048 0.07826 0.27714 0.34412 1672.989
2.145 0.32005 73.85186 1.72779 23.63615 0.30022 0.07851 0.27675 0.34451 1674.120
2.150 0.31988 74.01231 1.73063 23.67506 0.29996 0.07877 0.27637 0.34490 1675.254
2.155 0.31971 74.17333 1.73349 23.71409 0.29970 0.07903 0.27598 0.34529 1676.391
2.160 0.31954 74.33494 1.73635 23.75322 0.29944 0.07929 0.27559 0.34568 1677.530
2.165 0.31937 74.49713 1.73922 23.79247 0.29918 0.07955 0.27521 0.34607 1678.672
2.170 0.31921 74.65991 1.74209 23.83184 0.29891 0.07981 0.27482 0.34646 1679.817
2.175 0.31904 74.82327 1.74498 23.87132 0.29865 0.08007 0.27443 0.34685 1680.965
2.180 0.31887 74.98724 1.74787 23.91091 0.29839 0.08033 0.27405 0.34723 1682.116
2.185 0.31870 75.15180 1.75078 23.95062 0.29812 0.08060 0.27366 0.34762 1683.269
2.190 0.31853 75.31696 1.75369 23.99044 0.29786 0.08086 0.27327 0.34801 1684.425
2.195 0.31836 75.48272 1.75661 24.03038 0.29760 0.08112 0.27289 0.34840 1685.584
2.200 0.31819 75.64909 1.75954 24.07044 0.29733 0.08139 0.27250 0.34878 1686.746
2.205 0.31801 75.81606 1.76247 24.11062 0.29707 0.08165 0.27211 0.34917 1687.911
2.210 0.31784 75.98365 1.76542 24.15091 0.29680 0.08192 0.27173 0.34955 1689.078
2.215 0.31767 76.15185 1.76837 24.19132 0.29653 0.08219 0.27134 0.34994 1690.249
2.220 0.31750 76.32067 1.77133 24.23184 0.29627 0.08245 0.27095 0.35033 1691.422
2.225 0.31733 76.49011 1.77430 24.27249 0.29600 0.08272 0.27057 0.35071 1692.598
2.230 0.31716 76.66018 1.77728 24.31325 0.29573 0.08299 0.27018 0.35110 1693.777
2.235 0.31698 76.83087 1.78027 24.35414 0.29547 0.08326 0.26979 0.35148 1694.960
2.240 0.31681 77.00220 1.78327 24.39514 0.29520 0.08353 0.26941 0.35187 1696.145
2.245 0.31664 77.17415 1.78628 24.43626 0.29493 0.08380 0.26902 0.35225 1697.333
2.250 0.31646 77.34675 1.78929 24.47751 0.29466 0.08408 0.26863 0.35263 1698.523
2.255 0.31629 77.51998 1.79232 24.51888 0.29439 0.08435 0.26824 0.35302 1699.717
2.260 0.31612 77.69386 1.79535 24.56036 0.29412 0.08462 0.26786 0.35340 1700.914
2.265 0.31594 77.86838 1.79839 24.60197 0.29385 0.08489 0.26747 0.35378 1702.114
2.270 0.31577 78.04355 1.80144 24.64370 0.29358 0.08517 0.26708 0.35416 1703.317
2.275 0.31559 78.21938 1.80450 24.68556 0.29331 0.08544 0.26670 0.35455 1704.523
2.280 0.31542 78.39586 1.80757 24.72754 0.29304 0.08572 0.26631 0.35493 1705.732
2.285 0.31524 78.57301 1.81065 24.76964 0.29277 0.08600 0.26592 0.35531 1706.944
2.290 0.31507 78.75081 1.81373 24.81186 0.29250 0.08628 0.26554 0.35569 1708.159
2.295 0.31489 78.92929 1.81683 24.85421 0.29223 0.08655 0.26515 0.35607 1709.377
2.300 0.31472 79.10843 1.81993 24.89669 0.29195 0.08683 0.26476 0.35645 1710.598
2.305 0.31454 79.28825 1.82305 24.93929 0.29168 0.08711 0.26438 0.35683 1711.822
2.310 0.31436 79.46874 1.82617 24.98202 0.29141 0.08739 0.26399 0.35721 1713.050
2.315 0.31419 79.64991 1.82930 25.02487 0.29113 0.08767 0.26360 0.35759 1714.280
2.320 0.31401 79.83177 1.83245 25.06785 0.29086 0.08796 0.26322 0.35797 1715.514
2.325 0.31383 80.01432 1.83560 25.11096 0.29059 0.08824 0.26283 0.35835 1716.750
2.330 0.31365 80.19755 1.83876 25.15420 0.29031 0.08852 0.26244 0.35873 1717.990
2.335 0.31347 80.38149 1.84193 25.19756 0.29004 0.08881 0.26206 0.35910 1719.233
2.340 0.31330 80.56611 1.84511 25.24105 0.28976 0.08909 0.26167 0.35948 1720.480
2.345 0.31312 80.75145 1.84829 25.28468 0.28949 0.08938 0.26128 0.35986 1721.729
2.350 0.31294 80.93748 1.85149 25.32843 0.28921 0.08966 0.26089 0.36023 1722.982
2.355 0.31276 81.12423 1.85470 25.37231 0.28893 0.08995 0.26051 0.36061 1724.237
2.360 0.31258 81.31169 1.85792 25.41632 0.28866 0.09024 0.26012 0.36099 1725.497
2.365 0.31240 81.49987 1.86115 25.46046 0.28838 0.09052 0.25973 0.36136 1726.759
2.370 0.31222 81.68876 1.86438 25.50474 0.28810 0.09081 0.25935 0.36174 1728.024
2.375 0.31204 81.87838 1.86763 25.54915 0.28782 0.09110 0.25896 0.36211 1729.293
2.380 0.31186 82.06873 1.87088 25.59369 0.28755 0.09139 0.25857 0.36249 1730.565
2.385 0.31168 82.25981 1.87415 25.63836 0.28727 0.09168 0.25819 0.36286 1731.841
2.390 0.31149 82.45163 1.87742 25.68317 0.28699 0.09198 0.25780 0.36323 1733.120
2.395 0.31131 82.64419 1.88071 25.72811 0.28671 0.09227 0.25741 0.36361 1734.402
2.400 0.31113 82.83749 1.88400 25.77318 0.28643 0.09256 0.25703 0.36398 1735.687
2.405 0.31095 83.03154 1.88731 25.81839 0.28615 0.09286 0.25664 0.36435 1736.976
2.410 0.31076 83.22633 1.89062 25.86373 0.28587 0.09315 0.25626 0.36472 1738.268
2.415 0.31058 83.42189 1.89395 25.90922 0.28559 0.09345 0.25587 0.36510 1739.564
2.420 0.31040 83.61820 1.89728 25.95483 0.28531 0.09374 0.25548 0.36547 1740.862
2.425 0.31021 83.81528 1.90063 26.00059 0.28503 0.09404 0.25510 0.36584 1742.165
2.430 0.31003 84.01312 1.90398 26.04648 0.28475 0.09434 0.25471 0.36621 1743.470
2.435 0.30984 84.21174 1.90735 26.09251 0.28446 0.09464 0.25432 0.36658 1744.780
2.440 0.30966 84.41113 1.91072 26.13868 0.28418 0.09494 0.25394 0.36695 1746.092
2.445 0.30947 84.61130 1.91411 26.18498 0.28390 0.09524 0.25355 0.36732 1747.408
2.450 0.30929 84.81226 1.91750 26.23143 0.28362 0.09554 0.25316 0.36768 1748.728
2.455 0.30910 85.01400 1.92091 26.27802 0.28333 0.09584 0.25278 0.36805 1750.051
2.460 0.30892 85.21654 1.92432 26.32474 0.28305 0.09614 0.25239 0.36842 1751.378
2.465 0.30873 85.41987 1.92775 26.37161 0.28276 0.09644 0.25201 0.36879 1752.708
2.470 0.30854 85.62401 1.93119 26.41862 0.28248 0.09675 0.25162 0.36915 1754.041
2.475 0.30835 85.82895 1.93463 26.46577 0.28220 0.09705 0.25123 0.36952 1755.379
2.480 0.30817 86.03470 1.93809 26.51306 0.28191 0.09736 0.25085 0.36989 1756.719
2.485 0.30798 86.24126 1.94156 26.56050 0.28163 0.09766 0.25046 0.37025 1758.064
2.490 0.30779 86.44864 1.94504 26.60808 0.28134 0.09797 0.25007 0.37062 1759.412
2.495 0.30760 86.65685 1.94852 26.65581 0.28105 0.09828 0.24969 0.37098 1760.763
2.500 0.30741 86.86588 1.95202 26.70367 0.28077 0.09858 0.24930 0.37134 1762.118
2.505 0.30722 87.07574 1.95553 26.75169 0.28048 0.09889 0.24892 0.37171 1763.477
2.510 0.30703 87.28645 1.95905 26.79985 0.28019 0.09920 0.24853 0.37207 1764.840
2.515 0.30684 87.49799 1.96258 26.84815 0.27991 0.09951 0.24815 0.37243 1766.206
2.520 0.30665 87.71038 1.96613 26.89661 0.27962 0.09982 0.24776 0.37280 1767.576
2.525 0.30646 87.92361 1.96968 26.94521 0.27933 0.10014 0.24737 0.37316 1768.949
2.530 0.30627 88.13771 1.97324 26.99395 0.27904 0.10045 0.24699 0.37352 1770.327
2.535 0.30608 88.35266 1.97682 27.04285 0.27875 0.10076 0.24660 0.37388 1771.708
2.540 0.30589 88.56848 1.98040 27.09189 0.27847 0.10108 0.24622 0.37424 1773.093
2.545 0.30569 88.78516 1.98400 27.14109 0.27818 0.10139 0.24583 0.37460 1774.481
2.550 0.30550 89.00272 1.98760 27.19043 0.27789 0.10171 0.24545 0.37496 1775.873
2.555 0.30531 89.22116 1.99122 27.23993 0.27760 0.10202 0.24506 0.37532 1777.270
2.560 0.30511 89.44048 1.99485 27.28957 0.27731 0.10234 0.24468 0.37568 1778.670
2.565 0.30492 89.66069 1.99849 27.33937 0.27702 0.10266 0.24429 0.37603 1780.073
2.570 0.30473 89.88180 2.00214 27.38932 0.27673 0.10298 0.24391 0.37639 1781.481
2.575 0.30453 90.10380 2.00581 27.43942 0.27643 0.10330 0.24352 0.37675 1782.893
2.580 0.30434 90.32671 2.00948 27.48968 0.27614 0.10362 0.24314 0.37710 1784.308
2.585 0.30414 90.55052 2.01316 27.54009 0.27585 0.10394 0.24275 0.37746 1785.728
2.590 0.30394 90.77525 2.01686 27.59065 0.27556 0.10426 0.24237 0.37782 1787.151
2.595 0.30375 91.00090 2.02057 27.64137 0.27527 0.10458 0.24198 0.37817 1788.578
2.600 0.30355 91.22747 2.02429 27.69225 0.27497 0.10491 0.24160 0.37852 1790.009
2.605 0.30335 91.45497 2.02802 27.74328 0.27468 0.10523 0.24121 0.37888 1791.444
2.610 0.30316 91.68340 2.03176 27.79447 0.27439 0.10555 0.24083 0.37923 1792.883
2.615 0.30296 91.91277 2.03551 27.84581 0.27409 0.10588 0.24044 0.37958 1794.327
2.620 0.30276 92.14309 2.03928 27.89731 0.27380 0.10621 0.24006 0.37994 1795.774
2.625 0.30256 92.37436 2.04305 27.94897 0.27351 0.10653 0.23967 0.38029 1797.225
2.630 0.30236 92.60658 2.04684 28.00080 0.27321 0.10686 0.23929 0.38064 1798.680
2.635 0.30216 92.83976 2.05064 28.05278 0.27292 0.10719 0.23890 0.38099 1800.140
2.640 0.30196 93.07391 2.05445 28.10492 0.27262 0.10752 0.23852 0.38134 1801.603
2.645 0.30176 93.30903 2.05828 28.15722 0.27233 0.10785 0.23814 0.38169 1803.071
2.650 0.30156 93.54513 2.06211 28.20968 0.27203 0.10818 0.23775 0.38204 1804.543
2.655 0.30136 93.78221 2.06596 28.26230 0.27173 0.10851 0.23737 0.38239 1806.018
2.660 0.30116 94.02028 2.06982 28.31509 0.27144 0.10884 0.23698 0.38273 1807.498
2.665 0.30096 94.25935 2.07369 28.36804 0.27114 0.10918 0.23660 0.38308 1808.983
2.670 0.30075 94.49941 2.07757 28.42116 0.27084 0.10951 0.23622 0.38343 1810.471
2.675 0.30055 94.74048 2.08146 28.47444 0.27055 0.10985 0.23583 0.38377 1811.964
2.680 0.30035 94.98256 2.08537 28.52788 0.27025 0.11018 0.23545 0.38412 1813.461
2.685 0.30014 95.22566 2.08929 28.58149 0.26995 0.11052 0.23507 0.38446 1814.962
2.690 0.29994 95.46978 2.09322 28.63527 0.26965 0.11086 0.23468 0.38481 1816.467
2.695 0.29974 95.71493 2.09716 28.68921 0.26936 0.11119 0.23430 0.38515 1817.977
2.700 0.29953 95.96111 2.10112 28.74332 0.26906 0.11153 0.23392 0.38549 1819.491
2.705 0.29933 96.20833 2.10509 28.79760 0.26876 0.11187 0.23353 0.38584 1821.010
2.710 0.29912 96.45660 2.10907 28.85204 0.26846 0.11221 0.23315 0.38618 1822.533
2.715 0.29891 96.70593 2.11306 28.90666 0.26816 0.11255 0.23277 0.38652 1824.060
2.720 0.29871 96.95631 2.11706 28.96145 0.26786 0.11289 0.23238 0.38686 1825.592
2.725 0.29850 97.20776 2.12108 29.01640 0.26756 0.11324 0.23200 0.38720 1827.128
