timeGa Urey Qt heat/H0 heatTW 1HPE 2HPE 3HPE 4HPE TempC
0.000 0.62000 36.00000 1.00000 22.32000 0.37200 0.01640 0.43000 0.18100 1351.850
0.005 0.62023 36.00000 1.00038 22.32845 0.37215 0.01647 0.42994 0.18143 1352.158
0.010 0.62034 36.02899 1.00136 22.35035 0.37207 0.01654 0.42963 0.18176 1352.466
0.015 0.62045 36.05801 1.00234 22.37229 0.37199 0.01661 0.42931 0.18209 1352.774
0.020 0.62056 36.08707 1.00333 22.39427 0.37192 0.01667 0.42900 0.18241 1353.083
0.025 0.62067 36.11614 1.00431 22.41630 0.37184 0.01674 0.42868 0.18274 1353.391
0.030 0.62078 36.14525 1.00530 22.43838 0.37176 0.01680 0.42837 0.18307 1353.700
0.035 0.62090 36.17439 1.00629 22.46050 0.37168 0.01687 0.42805 0.18340 1354.009
0.040 0.62101 36.20356 1.00729 22.48267 0.37161 0.01694 0.42773 0.18372 1354.318
0.045 0.62112 36.23275 1.00828 22.50488 0.37153 0.01700 0.42742 0.18405 1354.627
0.050 0.62123 36.26197 1.00928 22.52715 0.37145 0.01707 0.42710 0.18438 1354.937
0.055 0.62135 36.29123 1.01028 22.54946 0.37137 0.01714 0.42678 0.18471 1355.246
0.060 0.62146 36.32051 1.01128 22.57181 0.37129 0.01720 0.42647 0.18504 1355.556
0.065 0.62158 36.34982 1.01229 22.59422 0.37121 0.01727 0.42615 0.18537 1355.866
0.070 0.62169 36.37916 1.01329 22.61667 0.37113 0.01734 0.42583 0.18570 1356.176
0.075 0.62181 36.40852 1.01430 22.63917 0.37104 0.01741 0.42551 0.18603 1356.486
0.080 0.62193 36.43792 1.01531 22.66171 0.37096 0.01748 0.42520 0.18636 1356.796
0.085 0.62204 36.46734 1.01632 22.68431 0.37088 0.01755 0.42488 0.18670 1357.107
0.090 0.62216 36.49680 1.01734 22.70695 0.37080 0.01761 0.42456 0.18703 1357.417
0.095 0.62228 36.52628 1.01835 22.72964 0.37071 0.01768 0.42424 0.18736 1357.728
0.100 0.62240 36.55579 1.01937 22.75238 0.37063 0.01775 0.42392 0.18769 1358.039
0.105 0.62252 36.58533 1.02039 22.77517 0.37055 0.01782 0.42360 0.18803 1358.350
0.110 0.62264 36.61490 1.02142 22.79800 0.37046 0.01789 0.42328 0.18836 1358.661
0.115 0.62276 36.64449 1.02244 22.82088 0.37038 0.01796 0.42296 0.18869 1358.973
0.120 0.62289 36.67412 1.02347 22.84382 0.37029 0.01803 0.42264 0.18903 1359.284
0.125 0.62301 36.70377 1.02450 22.86680 0.37021 0.01811 0.42232 0.18936 1359.596
0.130 0.62313 36.73345 1.02553 22.88983 0.37012 0.01818 0.42200 0.18970 1359.908
0.135 0.62326 36.76316 1.02656 22.91291 0.37004 0.01825 0.42168 0.19003 1360.220
0.140 0.62338 36.79290 1.02760 22.93604 0.36995 0.01832 0.42136 0.19037 1360.532
0.145 0.62351 36.82267 1.02864 22.95922 0.36986 0.01839 0.42104 0.19071 1360.844
0.150 0.62363 36.85247 1.02968 22.98245 0.36978 0.01846 0.42072 0.19104 1361.157
0.155 0.62376 36.88229 1.03072 23.00572 0.36969 0.01854 0.42040 0.19138 1361.469
0.160 0.62389 36.91214 1.03177 23.02905 0.36960 0.01861 0.42007 0.19172 1361.782
0.165 0.62402 36.94202 1.03281 23.05243 0.36951 0.01868 0.41975 0.19206 1362.095
0.170 0.62415 36.97193 1.03386 23.07586 0.36942 0.01875 0.41943 0.19239 1362.408
0.175 0.62427 37.00187 1.03492 23.09934 0.36933 0.01883 0.41911 0.19273 1362.721
0.180 0.62441 37.03183 1.03597 23.12287 0.36924 0.01890 0.41878 0.19307 1363.034
0.185 0.62454 37.06183 1.03703 23.14645 0.36915 0.01898 0.41846 0.19341 1363.348
0.190 0.62467 37.09185 1.03809 23.17008 0.36906 0.01905 0.41814 0.19375 1363.661
0.195 0.62480 37.12190 1.03915 23.19376 0.36897 0.01912 0.41781 0.19409 1363.975
0.200 0.62493 37.15198 1.04021 23.21749 0.36888 0.01920 0.41749 0.19443 1364.289
0.205 0.62507 37.18208 1.04128 23.24128 0.36879 0.01927 0.41717 0.19477 1364.603
0.210 0.62520 37.21222 1.04234 23.26511 0.36870 0.01935 0.41684 0.19511 1364.917
0.215 0.62534 37.24238 1.04341 23.28900 0.36860 0.01942 0.41652 0.19545 1365.232
0.220 0.62547 37.27257 1.04449 23.31294 0.36851 0.01950 0.41619 0.19580 1365.546
0.225 0.62561 37.30279 1.04556 23.33693 0.36842 0.01958 0.41587 0.19614 1365.861
0.230 0.62575 37.33304 1.04664 23.36097 0.36832 0.01965 0.41554 0.19648 1366.175
0.235 0.62588 37.36331 1.04772 23.38507 0.36823 0.01973 0.41522 0.19682 1366.490
0.240 0.62602 37.39361 1.04880 23.40922 0.36813 0.01981 0.41489 0.19717 1366.805
0.245 0.62616 37.42394 1.04988 23.43342 0.36804 0.01988 0.41457 0.19751 1367.120
0.250 0.62630 37.45430 1.05097 23.45767 0.36794 0.01996 0.41424 0.19785 1367.436
0.255 0.62644 37.48468 1.05206 23.48198 0.36785 0.02004 0.41391 0.19820 1367.751
0.260 0.62658 37.51510 1.05315 23.50634 0.36775 0.02012 0.41359 0.19854 1368.067
0.265 0.62673 37.54554 1.05424 23.53075 0.36765 0.02020 0.41326 0.19889 1368.382
0.270 0.62687 37.57601 1.05534 23.55521 0.36756 0.02027 0.41293 0.19923 1368.698
0.275 0.62701 37.60650 1.05644 23.57973 0.36746 0.02035 0.41261 0.19958 1369.014
0.280 0.62716 37.63703 1.05754 23.60431 0.36736 0.02043 0.41228 0.19993 1369.330
0.285 0.62730 37.66758 1.05864 23.62893 0.36726 0.02051 0.41195 0.20027 1369.646
0.290 0.62745 37.69816 1.05975 23.65361 0.36716 0.02059 0.41162 0.20062 1369.963
0.295 0.62759 37.72876 1.06086 23.67835 0.36707 0.02067 0.41129 0.20097 1370.279
0.300 0.62774 37.75940 1.06197 23.70314 0.36697 0.02075 0.41097 0.20132 1370.596
0.305 0.62789 37.79006 1.06308 23.72798 0.36687 0.02083 0.41064 0.20166 1370.913
0.310 0.62804 37.82075 1.06420 23.75288 0.36677 0.02091 0.41031 0.20201 1371.230
0.315 0.62819 37.85146 1.06532 23.77783 0.36666 0.02100 0.40998 0.20236 1371.547
0.320 0.62834 37.88221 1.06644 23.80284 0.36656 0.02108 0.40965 0.20271 1371.864
0.325 0.62849 37.91298 1.06756 23.82790 0.36646 0.02116 0.40932 0.20306 1372.181
0.330 0.62864 37.94378 1.06868 23.85302 0.36636 0.02124 0.40899 0.20341 1372.498
0.335 0.62879 37.97460 1.06981 23.87820 0.36626 0.02132 0.40866 0.20376 1372.816
0.340 0.62895 38.00545 1.07094 23.90343 0.36615 0.02141 0.40833 0.20411 1373.134
0.345 0.62910 38.03633 1.07207 23.92871 0.36605 0.02149 0.40800 0.20446 1373.451
0.350 0.62926 38.06724 1.07321 23.95405 0.36595 0.02157 0.40767 0.20481 1373.769
0.355 0.62941 38.09817 1.07435 23.97945 0.36584 0.02166 0.40734 0.20516 1374.087
0.360 0.62957 38.12913 1.07549 24.00491 0.36574 0.02174 0.40701 0.20552 1374.406
0.365 0.62973 38.16012 1.07663 24.03042 0.36563 0.02182 0.40668 0.20587 1374.724
0.370 0.62988 38.19113 1.07778 24.05598 0.36553 0.02191 0.40634 0.20622 1375.042
0.375 0.63004 38.22217 1.07893 24.08161 0.36542 0.02199 0.40601 0.20657 1375.361
0.380 0.63020 38.25324 1.08008 24.10729 0.36532 0.02208 0.40568 0.20693 1375.679
0.385 0.63036 38.28433 1.08123 24.13303 0.36521 0.02216 0.40535 0.20728 1375.998
0.390 0.63052 38.31545 1.08238 24.15882 0.36510 0.02225 0.40501 0.20763 1376.317
0.395 0.63069 38.34660 1.08354 24.18468 0.36499 0.02233 0.40468 0.20799 1376.636
0.400 0.63085 38.37778 1.08470 24.21059 0.36489 0.02242 0.40435 0.20834 1376.955
0.405 0.63101 38.40898 1.08587 24.23656 0.36478 0.02251 0.40402 0.20870 1377.274
0.410 0.63118 38.44020 1.08703 24.26259 0.36467 0.02259 0.40368 0.20905 1377.594
0.415 0.63134 38.47146 1.08820 24.28867 0.36456 0.02268 0.40335 0.20941 1377.913
0.420 0.63151 38.50274 1.08937 24.31482 0.36445 0.02277 0.40301 0.20977 1378.233
0.425 0.63168 38.53404 1.09055 24.34102 0.36434 0.02286 0.40268 0.21012 1378.553
0.430 0.63184 38.56537 1.09172 24.36728 0.36423 0.02294 0.40235 0.21048 1378.872
0.435 0.63201 38.59673 1.09290 24.39360 0.36412 0.02303 0.40201 0.21084 1379.192
0.440 0.63218 38.62812 1.09409 24.41998 0.36401 0.02312 0.40168 0.21119 1379.512
0.445 0.63235 38.65953 1.09527 24.44642 0.36390 0.02321 0.40134 0.21155 1379.833
0.450 0.63252 38.69096 1.09646 24.47292 0.36378 0.02330 0.40101 0.21191 1380.153
0.455 0.63269 38.72243 1.09765 24.49947 0.36367 0.02339 0.40067 0.21227 1380.473
0.460 0.63287 38.75391 1.09884 24.52609 0.36356 0.02348 0.40033 0.21263 1380.794
0.465 0.63304 38.78543 1.10003 24.55277 0.36344 0.02357 0.40000 0.21299 1381.114
0.470 0.63322 38.81697 1.10123 24.57951 0.36333 0.02366 0.39966 0.21335 1381.435
0.475 0.63339 38.84853 1.10243 24.60631 0.36322 0.02375 0.39933 0.21371 1381.756
0.480 0.63357 38.88013 1.10364 24.63317 0.36310 0.02384 0.39899 0.21407 1382.077
0.485 0.63374 38.91174 1.10484 24.66009 0.36299 0.02393 0.39865 0.21443 1382.398
0.490 0.63392 38.94338 1.10605 24.68707 0.36287 0.02403 0.39832 0.21479 1382.719
0.495 0.63410 38.97505 1.10726 24.71411 0.36275 0.02412 0.39798 0.21515 1383.040
0.500 0.63428 39.00675 1.10848 24.74122 0.36264 0.02421 0.39764 0.21551 1383.361
0.505 0.63446 39.03847 1.10969 24.76838 0.36252 0.02430 0.39730 0.21587 1383.683
0.510 0.63464 39.07021 1.11091 24.79561 0.36240 0.02440 0.39696 0.21623 1384.004
0.515 0.63482 39.10198 1.11214 24.82290 0.36229 0.02449 0.39663 0.21660 1384.326
0.520 0.63501 39.13377 1.11336 24.85025 0.36217 0.02458 0.39629 0.21696 1384.648
0.525 0.63519 39.16559 1.11459 24.87766 0.36205 0.02468 0.39595 0.21732 1384.970
0.530 0.63538 39.19744 1.11582 24.90514 0.36193 0.02477 0.39561 0.21769 1385.292
0.535 0.63556 39.22931 1.11706 24.93268 0.36181 0.02487 0.39527 0.21805 1385.614
0.540 0.63575 39.26120 1.11829 24.96028 0.36169 0.02496 0.39493 0.21841 1385.936
0.545 0.63594 39.29312 1.11953 24.98795 0.36157 0.02506 0.39459 0.21878 1386.258
0.550 0.63613 39.32506 1.12077 25.01567 0.36145 0.02515 0.39425 0.21914 1386.580
0.555 0.63631 39.35703 1.12202 25.04347 0.36133 0.02525 0.39391 0.21951 1386.903
0.560 0.63651 39.38903 1.12327 25.07132 0.36121 0.02535 0.39357 0.21987 1387.225
0.565 0.63670 39.42104 1.12452 25.09924 0.36109 0.02544 0.39323 0.22024 1387.548
0.570 0.63689 39.45308 1.12577 25.12722 0.36096 0.02554 0.39289 0.22061 1387.871
0.575 0.63708 39.48515 1.12703 25.15527 0.36084 0.02564 0.39255 0.22097 1388.193
0.580 0.63728 39.51724 1.12829 25.18338 0.36072 0.02574 0.39221 0.22134 1388.516
0.585 0.63747 39.54936 1.12955 25.21156 0.36059 0.02583 0.39187 0.22171 1388.839
0.590 0.63767 39.58150 1.13082 25.23980 0.36047 0.02593 0.39153 0.22207 1389.162
0.595 0.63786 39.61366 1.13208 25.26811 0.36034 0.02603 0.39118 0.22244 1389.485
0.600 0.63806 39.64585 1.13335 25.29648 0.36022 0.02613 0.39084 0.22281 1389.809
0.605 0.63826 39.67806 1.13463 25.32492 0.36009 0.02623 0.39050 0.22318 1390.132
0.610 0.63846 39.71029 1.13591 25.35342 0.35997 0.02633 0.39016 0.22355 1390.455
0.615 0.63866 39.74255 1.13719 25.38199 0.35984 0.02643 0.38981 0.22391 1390.779
0.620 0.63886 39.77483 1.13847 25.41063 0.35971 0.02653 0.38947 0.22428 1391.102
0.625 0.63906 39.80714 1.13976 25.43933 0.35959 0.02663 0.38913 0.22465 1391.426
0.630 0.63927 39.83947 1.14104 25.46810 0.35946 0.02673 0.38879 0.22502 1391.750
0.635 0.63947 39.87182 1.14234 25.49694 0.35933 0.02683 0.38844 0.22539 1392.074
0.640 0.63968 39.90420 1.14363 25.52584 0.35920 0.02694 0.38810 0.22576 1392.398
0.645 0.63988 39.93660 1.14493 25.55481 0.35907 0.02704 0.38775 0.22613 1392.722
0.650 0.64009 39.96902 1.14623 25.58384 0.35894 0.02714 0.38741 0.22651 1393.046
0.655 0.64030 40.00146 1.14753 25.61295 0.35881 0.02724 0.38707 0.22688 1393.370
0.660 0.64051 40.03393 1.14884 25.64212 0.35868 0.02735 0.38672 0.22725 1393.694
0.665 0.64072 40.06642 1.15015 25.67136 0.35855 0.02745 0.38638 0.22762 1394.018
0.670 0.64093 40.09894 1.15146 25.70067 0.35842 0.02756 0.38603 0.22799 1394.342
0.675 0.64114 40.13147 1.15278 25.73005 0.35829 0.02766 0.38569 0.22837 1394.667
0.680 0.64136 40.16403 1.15410 25.75949 0.35816 0.02776 0.38534 0.22874 1394.991
0.685 0.64157 40.19662 1.15542 25.78901 0.35803 0.02787 0.38499 0.22911 1395.316
0.690 0.64179 40.22922 1.15675 25.81859 0.35789 0.02798 0.38465 0.22948 1395.640
0.695 0.64200 40.26185 1.15808 25.84824 0.35776 0.02808 0.38430 0.22986 1395.965
0.700 0.64222 40.29450 1.15941 25.87797 0.35763 0.02819 0.38396 0.23023 1396.290
0.705 0.64244 40.32717 1.16074 25.90776 0.35749 0.02829 0.38361 0.23061 1396.615
0.710 0.64266 40.35986 1.16208 25.93762 0.35736 0.02840 0.38326 0.23098 1396.940
0.715 0.64288 40.39257 1.16342 25.96755 0.35722 0.02851 0.38292 0.23136 1397.264
0.720 0.64310 40.42531 1.16477 25.99756 0.35709 0.02862 0.38257 0.23173 1397.589
0.725 0.64332 40.45807 1.16611 26.02763 0.35695 0.02872 0.38222 0.23211 1397.915
0.730 0.64355 40.49085 1.16746 26.05777 0.35681 0.02883 0.38187 0.23248 1398.240
0.735 0.64377 40.52365 1.16882 26.08799 0.35668 0.02894 0.38152 0.23286 1398.565
0.740 0.64400 40.55648 1.17017 26.11827 0.35654 0.02905 0.38118 0.23323 1398.890
0.745 0.64422 40.58932 1.17153 26.14863 0.35640 0.02916 0.38083 0.23361 1399.215
0.750 0.64445 40.62219 1.17290 26.17906 0.35626 0.02927 0.38048 0.23399 1399.541
0.755 0.64468 40.65507 1.17426 26.20956 0.35612 0.02938 0.38013 0.23437 1399.866
0.760 0.64491 40.68798 1.17563 26.24014 0.35598 0.02949 0.37978 0.23474 1400.192
0.765 0.64514 40.72091 1.17701 26.27078 0.35584 0.02960 0.37943 0.23512 1400.517
0.770 0.64537 40.75386 1.17838 26.30150 0.35570 0.02971 0.37908 0.23550 1400.843
0.775 0.64561 40.78683 1.17976 26.33229 0.35556 0.02982 0.37873 0.23588 1401.168
0.780 0.64584 40.81982 1.18115 26.36316 0.35542 0.02994 0.37838 0.23626 1401.494
0.785 0.64608 40.85283 1.18253 26.39410 0.35528 0.03005 0.37803 0.23663 1401.820
0.790 0.64631 40.88586 1.18392 26.42511 0.35514 0.03016 0.37768 0.23701 1402.145
0.795 0.64655 40.91891 1.18531 26.45620 0.35500 0.03028 0.37733 0.23739 1402.471
0.800 0.64679 40.95199 1.18671 26.48736 0.35486 0.03039 0.37698 0.23777 1402.797
0.805 0.64703 40.98508 1.18811 26.51859 0.35471 0.03050 0.37663 0.23815 1403.123
0.810 0.64727 41.01819 1.18951 26.54990 0.35457 0.03062 0.37628 0.23853 1403.449
0.815 0.64751 41.05132 1.19092 26.58128 0.35442 0.03073 0.37593 0.23891 1403.775
0.820 0.64776 41.08447 1.19233 26.61274 0.35428 0.03085 0.37558 0.23929 1404.101
0.825 0.64800 41.11764 1.19374 26.64427 0.35413 0.03096 0.37523 0.23967 1404.427
0.830 0.64825 41.15083 1.19516 26.67588 0.35399 0.03108 0.37488 0.24006 1404.753
0.835 0.64849 41.18404 1.19658 26.70757 0.35384 0.03120 0.37452 0.24044 1405.079
0.840 0.64874 41.21727 1.19800 26.73933 0.35370 0.03131 0.37417 0.24082 1405.405
0.845 0.64899 41.25052 1.19942 26.77116 0.35355 0.03143 0.37382 0.24120 1405.731
0.850 0.64924 41.28379 1.20085 26.80308 0.35340 0.03155 0.37347 0.24158 1406.057
0.855 0.64949 41.31707 1.20229 26.83507 0.35326 0.03167 0.37311 0.24197 1406.383
0.860 0.64974 41.35038 1.20372 26.86713 0.35311 0.03178 0.37276 0.24235 1406.710
0.865 0.65000 41.38370 1.20516 26.89928 0.35296 0.03190 0.37241 0.24273 1407.036
0.870 0.65025 41.41704 1.20661 26.93150 0.35281 0.03202 0.37205 0.24311 1407.362
0.875 0.65051 41.45040 1.20806 26.96380 0.35266 0.03214 0.37170 0.24350 1407.689
0.880 0.65076 41.48378 1.20951 26.99618 0.35251 0.03226 0.37135 0.24388 1408.015
0.885 0.65102 41.51717 1.21096 27.02863 0.35236 0.03238 0.37099 0.24427 1408.341
0.890 0.65128 41.55058 1.21242 27.06116 0.35221 0.03250 0.37064 0.24465 1408.668
0.895 0.65154 41.58401 1.21388 27.09378 0.35206 0.03262 0.37028 0.24504 1408.994
0.900 0.65180 41.61746 1.21534 27.12647 0.35191 0.03275 0.36993 0.24542 1409.320
0.905 0.65207 41.65093 1.21681 27.15924 0.35175 0.03287 0.36957 0.24580 1409.647
0.910 0.65233 41.68441 1.21828 27.19209 0.35160 0.03299 0.36922 0.24619 1409.973
0.915 0.65260 41.71791 1.21976 27.22502 0.35145 0.03311 0.36886 0.24658 1410.300
0.920 0.65286 41.75143 1.22124 27.25803 0.35130 0.03324 0.36851 0.24696 1410.626
0.925 0.65313 41.78496 1.22272 27.29112 0.35114 0.03336 0.36815 0.24735 1410.953
0.930 0.65340 41.81852 1.22421 27.32429 0.35099 0.03348 0.36780 0.24773 1411.279
0.935 0.65367 41.85208 1.22570 27.35754 0.35083 0.03361 0.36744 0.24812 1411.606
0.940 0.65394 41.88567 1.22719 27.39087 0.35068 0.03373 0.36708 0.24851 1411.932
0.945 0.65422 41.91927 1.22869 27.42428 0.35052 0.03386 0.36673 0.24889 1412.259
0.950 0.65449 41.95288 1.23019 27.45778 0.35037 0.03398 0.36637 0.24928 1412.585
0.955 0.65477 41.98652 1.23169 27.49135 0.35021 0.03411 0.36601 0.24967 1412.912
0.960 0.65504 42.02016 1.23320 27.52501 0.35005 0.03424 0.36566 0.25006 1413.238
0.965 0.65532 42.05383 1.23471 27.55875 0.34989 0.03436 0.36530 0.25044 1413.565
0.970 0.65560 42.08751 1.23623 27.59257 0.34974 0.03449 0.36494 0.25083 1413.891
0.975 0.65588 42.12120 1.23775 27.62648 0.34958 0.03462 0.36458 0.25122 1414.218
0.980 0.65616 42.15491 1.23927 27.66047 0.34942 0.03475 0.36423 0.25161 1414.544
0.985 0.65645 42.18864 1.24079 27.69454 0.34926 0.03487 0.36387 0.25200 1414.871
0.990 0.65673 42.22238 1.24232 27.72869 0.34910 0.03500 0.36351 0.25239 1415.197
0.995 0.65702 42.25613 1.24386 27.76293 0.34894 0.03513 0.36315 0.25278 1415.524
1.000 0.65730 42.28990 1.24540 27.79726 0.34878 0.03526 0.36279 0.25317 1415.850
1.005 0.65759 42.32369 1.24694 27.83166 0.34862 0.03539 0.36243 0.25356 1416.177
1.010 0.65788 42.35749 1.24848 27.86616 0.34846 0.03552 0.36207 0.25394 1416.503
1.015 0.65817 42.39130 1.25003 27.90073 0.34829 0.03565 0.36172 0.25433 1416.830
1.020 0.65846 42.42512 1.25159 27.93540 0.34813 0.03579 0.36136 0.25473 1417.156
1.025 0.65876 42.45896 1.25314 27.97015 0.34797 0.03592 0.36100 0.25512 1417.482
1.030 0.65905 42.49282 1.25470 28.00498 0.34781 0.03605 0.36064 0.25551 1417.809
1.035 0.65935 42.52668 1.25627 28.03990 0.34764 0.03618 0.36028 0.25590 1418.135
1.040 0.65965 42.56056 1.25784 28.07491 0.34748 0.03632 0.35992 0.25629 1418.461
1.045 0.65995 42.59446 1.25941 28.11000 0.34731 0.03645 0.35956 0.25668 1418.788
1.050 0.66025 42.62836 1.26098 28.14518 0.34715 0.03659 0.35920 0.25707 1419.114
1.055 0.66055 42.66228 1.26256 28.18045 0.34698 0.03672 0.35883 0.25746 1419.440
1.060 0.66085 42.69621 1.26415 28.21580 0.34682 0.03685 0.35847 0.25786 1419.766
1.065 0.66115 42.73016 1.26574 28.25124 0.34665 0.03699 0.35811 0.25825 1420.092
1.070 0.66146 42.76411 1.26733 28.28677 0.34648 0.03713 0.35775 0.25864 1420.418
1.075 0.66177 42.79808 1.26892 28.32239 0.34632 0.03726 0.35739 0.25903 1420.745
1.080 0.66208 42.83206 1.27052 28.35810 0.34615 0.03740 0.35703 0.25942 1421.071
1.085 0.66239 42.86605 1.27213 28.39390 0.34598 0.03754 0.35667 0.25982 1421.397
1.090 0.66270 42.90006 1.27374 28.42978 0.34581 0.03767 0.35630 0.26021 1421.723
1.095 0.66301 42.93407 1.27535 28.46576 0.34564 0.03781 0.35594 0.26060 1422.048
1.100 0.66333 42.96810 1.27696 28.50182 0.34547 0.03795 0.35558 0.26100 1422.374
1.105 0.66364 43.00213 1.27858 28.53798 0.34530 0.03809 0.35522 0.26139 1422.700
1.110 0.66396 43.03618 1.28021 28.57422 0.34513 0.03823 0.35485 0.26179 1423.026
1.115 0.66428 43.07024 1.28183 28.61056 0.34496 0.03837 0.35449 0.26218 1423.352
1.120 0.66460 43.10430 1.28347 28.64698 0.34479 0.03851 0.35413 0.26257 1423.677
1.125 0.66492 43.13838 1.28510 28.68350 0.34462 0.03865 0.35377 0.26297 1424.003
1.130 0.66524 43.17247 1.28674 28.72011 0.34444 0.03879 0.35340 0.26336 1424.328
1.135 0.66557 43.20657 1.28839 28.75681 0.34427 0.03893 0.35304 0.26376 1424.654
1.140 0.66589 43.24067 1.29004 28.79361 0.34410 0.03908 0.35267 0.26415 1424.979
1.145 0.66622 43.27479 1.29169 28.83049 0.34392 0.03922 0.35231 0.26455 1425.305
1.150 0.66655 43.30892 1.29335 28.86747 0.34375 0.03936 0.35195 0.26494 1425.630
1.155 0.66688 43.34305 1.29501 28.90454 0.34357 0.03951 0.35158 0.26534 1425.955
1.160 0.66721 43.37719 1.29667 28.94171 0.34340 0.03965 0.35122 0.26573 1426.280
1.165 0.66754 43.41134 1.29834 28.97897 0.34322 0.03979 0.35085 0.26613 1426.606
1.170 0.66788 43.44550 1.30001 29.01632 0.34305 0.03994 0.35049 0.26653 1426.931
1.175 0.66821 43.47967 1.30169 29.05376 0.34287 0.04008 0.35012 0.26692 1427.255
1.180 0.66855 43.51385 1.30337 29.09131 0.34269 0.04023 0.34976 0.26732 1427.580
1.185 0.66889 43.54803 1.30506 29.12894 0.34252 0.04038 0.34939 0.26771 1427.905
1.190 0.66923 43.58222 1.30675 29.16667 0.34234 0.04052 0.34903 0.26811 1428.230
1.195 0.66958 43.61642 1.30845 29.20450 0.34216 0.04067 0.34866 0.26851 1428.555
1.200 0.66992 43.65062 1.31014 29.24242 0.34198 0.04082 0.34829 0.26891 1428.879
1.205 0.67027 43.68483 1.31185 29.28044 0.34180 0.04097 0.34793 0.26930 1429.204
1.210 0.67061 43.71905 1.31356 29.31856 0.34162 0.04112 0.34756 0.26970 1429.528
1.215 0.67096 43.75328 1.31527 29.35677 0.34144 0.04127 0.34720 0.27010 1429.852
1.220 0.67131 43.78751 1.31698 29.39508 0.34126 0.04141 0.34683 0.27049 1430.176
1.225 0.67166 43.82174 1.31870 29.43349 0.34108 0.04156 0.34646 0.27089 1430.501
1.230 0.67202 43.85598 1.32043 29.47199 0.34090 0.04172 0.34609 0.27129 1430.825
1.235 0.67237 43.89023 1.32216 29.51059 0.34072 0.04187 0.34573 0.27169 1431.148
1.240 0.67273 43.92448 1.32389 29.54929 0.34053 0.04202 0.34536 0.27209 1431.472
1.245 0.67309 43.95874 1.32563 29.58809 0.34035 0.04217 0.34499 0.27248 1431.796
1.250 0.67345 43.99300 1.32737 29.62699 0.34017 0.04232 0.34463 0.27288 1432.120
1.255 0.67381 44.02727 1.32912 29.66599 0.33998 0.04248 0.34426 0.27328 1432.443
1.260 0.67417 44.06154 1.33087 29.70509 0.33980 0.04263 0.34389 0.27368 1432.766
1.265 0.67454 44.09581 1.33263 29.74428 0.33962 0.04278 0.34352 0.27408 1433.090
1.270 0.67490 44.13009 1.33439 29.78358 0.33943 0.04294 0.34315 0.27448 1433.413
1.275 0.67527 44.16437 1.33616 29.82298 0.33925 0.04309 0.34278 0.27488 1433.736
1.280 0.67564 44.19866 1.33792 29.86248 0.33906 0.04325 0.34242 0.27528 1434.059
1.285 0.67601 44.23295 1.33970 29.90208 0.33887 0.04340 0.34205 0.27568 1434.382
1.290 0.67639 44.26724 1.34148 29.94178 0.33869 0.04356 0.34168 0.27608 1434.704
1.295 0.67676 44.30153 1.34326 29.98159 0.33850 0.04372 0.34131 0.27648 1435.027
1.300 0.67714 44.33582 1.34505 30.02150 0.33831 0.04388 0.34094 0.27688 1435.349
1.305 0.67752 44.37012 1.34684 30.06151 0.33812 0.04403 0.34057 0.27727 1435.672
1.310 0.67790 44.40442 1.34864 30.10162 0.33793 0.04419 0.34020 0.27767 1435.994
1.315 0.67828 44.43872 1.35044 30.14183 0.33774 0.04435 0.33983 0.27808 1436.316
1.320 0.67866 44.47302 1.35225 30.18215 0.33755 0.04451 0.33946 0.27848 1436.638
1.325 0.67905 44.50732 1.35406 30.22258 0.33736 0.04467 0.33909 0.27888 1436.960
1.330 0.67943 44.54163 1.35587 30.26311 0.33717 0.04483 0.33872 0.27928 1437.281
1.335 0.67982 44.57593 1.35769 30.30374 0.33698 0.04499 0.33835 0.27968 1437.603
1.340 0.68021 44.61023 1.35952 30.34448 0.33679 0.04515 0.33798 0.28008 1437.924
1.345 0.68061 44.64454 1.36135 30.38532 0.33660 0.04531 0.33761 0.28048 1438.245
1.350 0.68100 44.67884 1.36318 30.42627 0.33641 0.04548 0.33724 0.28088 1438.566
1.355 0.68140 44.71314 1.36502 30.46732 0.33621 0.04564 0.33687 0.28128 1438.887
1.360 0.68179 44.74744 1.36687 30.50849 0.33602 0.04580 0.33650 0.28168 1439.208
1.365 0.68219 44.78174 1.36872 30.54976 0.33583 0.04597 0.33612 0.28208 1439.529
1.370 0.68259 44.81604 1.37057 30.59113 0.33563 0.04613 0.33575 0.28248 1439.849
1.375 0.68300 44.85033 1.37243 30.63261 0.33544 0.04630 0.33538 0.28288 1440.169
1.380 0.68340 44.88463 1.37429 30.67421 0.33524 0.04646 0.33501 0.28329 1440.489
1.385 0.68381 44.91892 1.37616 30.71591 0.33505 0.04663 0.33464 0.28369 1440.809
1.390 0.68422 44.95321 1.37803 30.75771 0.33485 0.04679 0.33426 0.28409 1441.129
1.395 0.68463 44.98749 1.37991 30.79963 0.33465 0.04696 0.33389 0.28449 1441.449
1.400 0.68504 45.02178 1.38179 30.84166 0.33446 0.04713 0.33352 0.28489 1441.768
1.405 0.68545 45.05605 1.38368 30.88380 0.33426 0.04730 0.33315 0.28529 1442.087
1.410 0.68587 45.09033 1.38558 30.92604 0.33406 0.04747 0.33277 0.28570 1442.406
1.415 0.68629 45.12460 1.38747 30.96840 0.33386 0.04764 0.33240 0.28610 1442.725
1.420 0.68671 45.15887 1.38938 31.01087 0.33367 0.04780 0.33203 0.28650 1443.044
1.425 0.68713 45.19313 1.39128 31.05345 0.33347 0.04797 0.33166 0.28690 1443.362
1.430 0.68755 45.22738 1.39320 31.09614 0.33327 0.04815 0.33128 0.28731 1443.681
1.435 0.68798 45.26163 1.39511 31.13894 0.33307 0.04832 0.33091 0.28771 1443.999
1.440 0.68840 45.29588 1.39704 31.18186 0.33287 0.04849 0.33053 0.28811 1444.317
1.445 0.68883 45.33012 1.39896 31.22488 0.33267 0.04866 0.33016 0.28851 1444.635
1.450 0.68926 45.36435 1.40090 31.26802 0.33246 0.04883 0.32979 0.28892 1444.952
1.455 0.68970 45.39858 1.40284 31.31128 0.33226 0.04901 0.32941 0.28932 1445.269
1.460 0.69013 45.43280 1.40478 31.35465 0.33206 0.04918 0.32904 0.28972 1445.587
1.465 0.69057 45.46701 1.40673 31.39813 0.33186 0.04936 0.32866 0.29012 1445.903
1.470 0.69101 45.50121 1.40868 31.44173 0.33165 0.04953 0.32829 0.29053 1446.220
1.475 0.69145 45.53541 1.41064 31.48544 0.33145 0.04971 0.32792 0.29093 1446.537
1.480 0.69189 45.56960 1.41260 31.52927 0.33125 0.04988 0.32754 0.29133 1446.853
1.485 0.69234 45.60377 1.41457 31.57321 0.33104 0.05006 0.32717 0.29174 1447.169
1.490 0.69278 45.63794 1.41654 31.61727 0.33084 0.05023 0.32679 0.29214 1447.485
1.495 0.69323 45.67211 1.41852 31.66145 0.33063 0.05041 0.32642 0.29254 1447.800
1.500 0.69368 45.70626 1.42051 31.70574 0.33042 0.05059 0.32604 0.29294 1448.116
1.505 0.69414 45.74040 1.42250 31.75015 0.33022 0.05077 0.32566 0.29335 1448.431
1.510 0.69459 45.77453 1.42449 31.79468 0.33001 0.05095 0.32529 0.29375 1448.746
1.515 0.69505 45.80865 1.42649 31.83932 0.32980 0.05113 0.32491 0.29415 1449.060
1.520 0.69551 45.84276 1.42850 31.88409 0.32960 0.05131 0.32454 0.29456 1449.375
1.525 0.69597 45.87686 1.43051 31.92897 0.32939 0.05149 0.32416 0.29496 1449.689
1.530 0.69643 45.91094 1.43253 31.97398 0.32918 0.05167 0.32379 0.29536 1450.003
1.535 0.69690 45.94502 1.43455 32.01910 0.32897 0.05185 0.32341 0.29577 1450.317
1.540 0.69737 45.97908 1.43657 32.06434 0.32876 0.05204 0.32303 0.29617 1450.630
1.545 0.69784 46.01313 1.43861 32.10971 0.32855 0.05222 0.32266 0.29657 1450.943
1.550 0.69831 46.04716 1.44064 32.15519 0.32834 0.05240 0.32228 0.29698 1451.256
1.555 0.69878 46.08118 1.44269 32.20080 0.32813 0.05259 0.32190 0.29738 1451.569
1.560 0.69926 46.11519 1.44474 32.24652 0.32792 0.05277 0.32153 0.29778 1451.881
1.565 0.69974 46.14919 1.44679 32.29237 0.32771 0.05296 0.32115 0.29819 1452.193
1.570 0.70022 46.18316 1.44885 32.33835 0.32750 0.05314 0.32077 0.29859 1452.505
1.575 0.70070 46.21713 1.45092 32.38444 0.32728 0.05333 0.32039 0.29900 1452.817
1.580 0.70119 46.25108 1.45299 32.43066 0.32707 0.05351 0.32002 0.29940 1453.128
1.585 0.70167 46.28501 1.45506 32.47700 0.32686 0.05370 0.31964 0.29980 1453.439
1.590 0.70216 46.31893 1.45714 32.52347 0.32664 0.05389 0.31926 0.30021 1453.750
1.595 0.70266 46.35283 1.45923 32.57006 0.32643 0.05408 0.31888 0.30061 1454.060
1.600 0.70315 46.38671 1.46133 32.61678 0.32621 0.05427 0.31851 0.30101 1454.371
1.605 0.70365 46.42058 1.46342 32.66362 0.32600 0.05446 0.31813 0.30142 1454.681
1.610 0.70414 46.45443 1.46553 32.71059 0.32578 0.05465 0.31775 0.30182 1454.990
1.615 0.70464 46.48826 1.46764 32.75769 0.32557 0.05484 0.31737 0.30222 1455.299
1.620 0.70515 46.52207 1.46975 32.80491 0.32535 0.05503 0.31699 0.30263 1455.608
1.625 0.70565 46.55586 1.47188 32.85226 0.32513 0.05522 0.31661 0.30303 1455.917
1.630 0.70616 46.58964 1.47400 32.89974 0.32491 0.05541 0.31624 0.30343 1456.225
1.635 0.70667 46.62339 1.47614 32.94734 0.32470 0.05561 0.31586 0.30384 1456.534
1.640 0.70718 46.65713 1.47827 32.99507 0.32448 0.05580 0.31548 0.30424 1456.841
1.645 0.70770 46.69084 1.48042 33.04294 0.32426 0.05600 0.31510 0.30465 1457.149
1.650 0.70821 46.72453 1.48257 33.09093 0.32404 0.05619 0.31472 0.30505 1457.456
1.655 0.70873 46.75820 1.48472 33.13905 0.32382 0.05639 0.31434 0.30545 1457.763
1.660 0.70925 46.79185 1.48689 33.18730 0.32360 0.05658 0.31396 0.30586 1458.069
1.665 0.70978 46.82548 1.48905 33.23569 0.32338 0.05678 0.31358 0.30626 1458.375
1.670 0.71030 46.85909 1.49123 33.28420 0.32316 0.05698 0.31320 0.30666 1458.681
1.675 0.71083 46.89267 1.49341 33.33285 0.32294 0.05717 0.31282 0.30707 1458.986
1.680 0.71136 46.92623 1.49559 33.38163 0.32272 0.05737 0.31244 0.30747 1459.291
1.685 0.71190 46.95976 1.49778 33.43054 0.32249 0.05757 0.31206 0.30787 1459.596
1.690 0.71243 46.99327 1.49998 33.47958 0.32227 0.05777 0.31168 0.30828 1459.901
1.695 0.71297 47.02676 1.50218 33.52876 0.32205 0.05797 0.31130 0.30868 1460.205
1.700 0.71351 47.06022 1.50439 33.57807 0.32182 0.05817 0.31092 0.30908 1460.508
1.705 0.71406 47.09366 1.50661 33.62752 0.32160 0.05837 0.31054 0.30949 1460.812
1.710 0.71460 47.12707 1.50883 33.67710 0.32138 0.05857 0.31016 0.30989 1461.115
1.715 0.71515 47.16045 1.51106 33.72681 0.32115 0.05878 0.30978 0.31029 1461.417
1.720 0.71570 47.19380 1.51329 33.77667 0.32092 0.05898 0.30940 0.31069 1461.720
1.725 0.71625 47.22713 1.51553 33.82665 0.32070 0.05918 0.30902 0.31110 1462.021
1.730 0.71681 47.26043 1.51778 33.87678 0.32047 0.05939 0.30864 0.31150 1462.323
1.735 0.71737 47.29370 1.52003 33.92704 0.32025 0.05959 0.30826 0.31190 1462.624
1.740 0.71793 47.32695 1.52229 33.97744 0.32002 0.05980 0.30788 0.31231 1462.925
1.745 0.71849 47.36016 1.52455 34.02798 0.31979 0.06000 0.30750 0.31271 1463.225
1.750 0.71906 47.39335 1.52682 34.07866 0.31956 0.06021 0.30711 0.31311 1463.525
1.755 0.71963 47.42650 1.52910 34.12947 0.31933 0.06042 0.30673 0.31351 1463.824
1.760 0.72020 47.45962 1.53138 34.18043 0.31911 0.06063 0.30635 0.31392 1464.124
1.765 0.72077 47.49272 1.53367 34.23152 0.31888 0.06083 0.30597 0.31432 1464.422
1.770 0.72135 47.52578 1.53597 34.28276 0.31865 0.06104 0.30559 0.31472 1464.721
1.775 0.72193 47.55880 1.53827 34.33414 0.31842 0.06125 0.30521 0.31512 1465.018
1.780 0.72251 47.59180 1.54058 34.38566 0.31819 0.06146 0.30483 0.31553 1465.316
1.785 0.72310 47.62476 1.54289 34.43732 0.31796 0.06167 0.30444 0.31593 1465.613
1.790 0.72368 47.65769 1.54521 34.48912 0.31772 0.06188 0.30406 0.31633 1465.910
1.795 0.72427 47.69059 1.54754 34.54107 0.31749 0.06210 0.30368 0.31673 1466.206
1.800 0.72487 47.72345 1.54987 34.59316 0.31726 0.06231 0.30330 0.31713 1466.502
1.805 0.72546 47.75627 1.55221 34.64539 0.31703 0.06252 0.30291 0.31754 1466.797
1.810 0.72606 47.78906 1.55456 34.69777 0.31679 0.06274 0.30253 0.31794 1467.092
1.815 0.72666 47.82182 1.55691 34.75029 0.31656 0.06295 0.30215 0.31834 1467.386
1.820 0.72727 47.85454 1.55927 34.80296 0.31633 0.06317 0.30177 0.31874 1467.680
1.825 0.72787 47.88722 1.56164 34.85577 0.31609 0.06338 0.30138 0.31914 1467.974
1.830 0.72848 47.91986 1.56401 34.90874 0.31586 0.06360 0.30100 0.31954 1468.267
1.835 0.72909 47.95246 1.56639 34.96184 0.31562 0.06381 0.30062 0.31994 1468.560
1.840 0.72971 47.98503 1.56878 35.01510 0.31539 0.06403 0.30024 0.32035 1468.852
1.845 0.73033 48.01756 1.57117 35.06850 0.31515 0.06425 0.29985 0.32075 1469.143
1.850 0.73095 48.05004 1.57357 35.12206 0.31491 0.06447 0.29947 0.32115 1469.435
1.855 0.73157 48.08249 1.57597 35.17576 0.31468 0.06469 0.29909 0.32155 1469.725
1.860 0.73220 48.11490 1.57839 35.22961 0.31444 0.06491 0.29870 0.32195 1470.016
1.865 0.73283 48.14726 1.58081 35.28361 0.31420 0.06513 0.29832 0.32235 1470.305
1.870 0.73346 48.17958 1.58323 35.33776 0.31396 0.06535 0.29794 0.32275 1470.595
1.875 0.73409 48.21186 1.58567 35.39206 0.31372 0.06557 0.29755 0.32315 1470.883
1.880 0.73473 48.24410 1.58811 35.44652 0.31349 0.06579 0.29717 0.32355 1471.172
1.885 0.73537 48.27630 1.59055 35.50113 0.31325 0.06602 0.29679 0.32395 1471.459
1.890 0.73602 48.30844 1.59301 35.55589 0.31301 0.06624 0.29640 0.32435 1471.747
1.895 0.73667 48.34055 1.59547 35.61080 0.31277 0.06647 0.29602 0.32475 1472.033
1.900 0.73732 48.37261 1.59793 35.66586 0.31252 0.06669 0.29563 0.32515 1472.320
1.905 0.73797 48.40462 1.60041 35.72109 0.31228 0.06692 0.29525 0.32555 1472.605
1.910 0.73862 48.43659 1.60289 35.77646 0.31204 0.06714 0.29487 0.32595 1472.891
1.915 0.73928 48.46851 1.60538 35.83199 0.31180 0.06737 0.29448 0.32635 1473.175
1.920 0.73995 48.50039 1.60787 35.88768 0.31156 0.06760 0.29410 0.32675 1473.459
1.925 0.74061 48.53221 1.61037 35.94352 0.31131 0.06783 0.29371 0.32715 1473.743
1.930 0.74128 48.56399 1.61288 35.99952 0.31107 0.06805 0.29333 0.32754 1474.026
1.935 0.74195 48.59572 1.61540 36.05568 0.31083 0.06828 0.29295 0.32794 1474.308
1.940 0.74263 48.62739 1.61792 36.11200 0.31058 0.06851 0.29256 0.32834 1474.590
1.945 0.74330 48.65902 1.62045 36.16847 0.31034 0.06874 0.29218 0.32874 1474.872
1.950 0.74399 48.69060 1.62299 36.22511 0.31009 0.06898 0.29179 0.32914 1475.152
1.955 0.74467 48.72212 1.62553 36.28190 0.30985 0.06921 0.29141 0.32954 1475.433
1.960 0.74536 48.75359 1.62809 36.33886 0.30960 0.06944 0.29102 0.32993 1475.712
1.965 0.74605 48.78501 1.63064 36.39597 0.30936 0.06967 0.29064 0.33033 1475.991
1.970 0.74674 48.81638 1.63321 36.45325 0.30911 0.06991 0.29025 0.33073 1476.270
1.975 0.74744 48.84769 1.63578 36.51069 0.30886 0.07014 0.28987 0.33113 1476.548
1.980 0.74814 48.87895 1.63836 36.56829 0.30862 0.07038 0.28948 0.33152 1476.825
1.985 0.74884 48.91015 1.64095 36.62606 0.30837 0.07061 0.28910 0.33192 1477.102
1.990 0.74955 48.94130 1.64355 36.68399 0.30812 0.07085 0.28871 0.33232 1477.378
1.995 0.75026 48.97239 1.64615 36.74208 0.30787 0.07109 0.28833 0.33271 1477.653
2.000 0.75097 49.00342 1.64876 36.80034 0.30762 0.07133 0.28794 0.33311 1477.928
2.005 0.75169 49.03439 1.65138 36.85876 0.30737 0.07156 0.28756 0.33351 1478.203
2.010 0.75241 49.06531 1.65400 36.91735 0.30712 0.07180 0.28717 0.33390 1478.476
2.015 0.75314 49.09617 1.65664 36.97611 0.30687 0.07204 0.28679 0.33430 1478.749
2.020 0.75386 49.12696 1.65928 37.03503 0.30662 0.07228 0.28640 0.33469 1479.022
2.025 0.75459 49.15770 1.66192 37.09412 0.30637 0.07252 0.28602 0.33509 1479.293
2.030 0.75533 49.18837 1.66458 37.15338 0.30612 0.07277 0.28563 0.33548 1479.564
2.035 0.75607 49.21899 1.66724 37.21281 0.30587 0.07301 0.28524 0.33588 1479.835
2.040 0.75681 49.24954 1.66991 37.27241 0.30561 0.07325 0.28486 0.33627 1480.105
2.045 0.75755 49.28003 1.67259 37.33218 0.30536 0.07350 0.28447 0.33667 1480.374
2.050 0.75830 49.31045 1.67527 37.39212 0.30511 0.07374 0.28409 0.33706 1480.642
2.055 0.75905 49.34081 1.67797 37.45223 0.30485 0.07399 0.28370 0.33746 1480.910
2.060 0.75981 49.37111 1.68067 37.51251 0.30460 0.07423 0.28332 0.33785 1481.177
2.065 0.76057 49.40134 1.68338 37.57297 0.30435 0.07448 0.28293 0.33824 1481.444
2.070 0.76133 49.43150 1.68609 37.63360 0.30409 0.07473 0.28254 0.33864 1481.709
2.075 0.76209 49.46159 1.68882 37.69440 0.30384 0.07497 0.28216 0.33903 1481.974
2.080 0.76286 49.49162 1.69155 37.75538 0.30358 0.07522 0.28177 0.33942 1482.239
2.085 0.76364 49.52158 1.69429 37.81653 0.30333 0.07547 0.28139 0.33982 1482.502
2.090 0.76441 49.55147 1.69704 37.87786 0.30307 0.07572 0.28100 0.34021 1482.765
2.095 0.76520 49.58129 1.69979 37.93936 0.30281 0.07597 0.28061 0.34060 1483.028
2.100 0.76598 49.61104 1.70256 38.00104 0.30256 0.07622 0.28023 0.34099 1483.289
2.105 0.76677 49.64072 1.70533 38.06290 0.30230 0.07647 0.27984 0.34139 1483.550
2.110 0.76756 49.67032 1.70811 38.12494 0.30204 0.07673 0.27946 0.34178 1483.810
2.115 0.76836 49.69986 1.71089 38.18716 0.30178 0.07698 0.27907 0.34217 1484.069
2.120 0.76916 49.72931 1.71369 38.24955 0.30152 0.07723 0.27868 0.34256 1484.328
2.125 0.76996 49.75870 1.71649 38.31213 0.30126 0.07749 0.27830 0.34295 1484.586
2.130 0.77077 49.78801 1.71930 38.37489 0.30100 0.07774 0.27791 0.34334 1484.843
2.135 0.77158 49.81724 1.72212 38.43782 0.30074 0.07800 0.27752 0.34373 1485.099
2.140 0.77239 49.84640 1.72495 38.50094 0.30048 0.07826 0.27714 0.34412 1485.355
2.145 0.77321 49.87548 1.72779 38.56425 0.30022 0.07851 0.27675 0.34451 1485.610
2.150 0.77403 49.90448 1.73063 38.62773 0.29996 0.07877 0.27637 0.34490 1485.864
2.155 0.77486 49.93340 1.73349 38.69140 0.29970 0.07903 0.27598 0.34529 1486.117
2.160 0.77569 49.96225 1.73635 38.75526 0.29944 0.07929 0.27559 0.34568 1486.369
2.165 0.77653 49.99101 1.73922 38.81930 0.29918 0.07955 0.27521 0.34607 1486.621
2.170 0.77736 50.01969 1.74209 38.88353 0.29891 0.07981 0.27482 0.34646 1486.872
2.175 0.77821 50.04829 1.74498 38.94794 0.29865 0.08007 0.27443 0.34685 1487.122
2.180 0.77905 50.07681 1.74787 39.01254 0.29839 0.08033 0.27405 0.34723 1487.371
2.185 0.77990 50.10524 1.75078 39.07733 0.29812 0.08060 0.27366 0.34762 1487.619
2.190 0.78076 50.13359 1.75369 39.14230 0.29786 0.08086 0.27327 0.34801 1487.867
2.195 0.78162 50.16186 1.75661 39.20747 0.29760 0.08112 0.27289 0.34840 1488.114
2.200 0.78248 50.19004 1.75954 39.27283 0.29733 0.08139 0.27250 0.34878 1488.360
2.205 0.78335 50.21813 1.76247 39.33837 0.29707 0.08165 0.27211 0.34917 1488.605
2.210 0.78422 50.24614 1.76542 39.40411 0.29680 0.08192 0.27173 0.34955 1488.849
2.215 0.78510 50.27405 1.76837 39.47004 0.29653 0.08219 0.27134 0.34994 1489.092
2.220 0.78598 50.30188 1.77133 39.53616 0.29627 0.08245 0.27095 0.35033 1489.335
2.225 0.78686 50.32962 1.77430 39.60248 0.29600 0.08272 0.27057 0.35071 1489.577
2.230 0.78775 50.35726 1.77728 39.66899 0.29573 0.08299 0.27018 0.35110 1489.817
2.235 0.78864 50.38482 1.78027 39.73570 0.29547 0.08326 0.26979 0.35148 1490.057
2.240 0.78954 50.41228 1.78327 39.80260 0.29520 0.08353 0.26941 0.35187 1490.296
2.245 0.79044 50.43965 1.78628 39.86969 0.29493 0.08380 0.26902 0.35225 1490.534
2.250 0.79135 50.46693 1.78929 39.93699 0.29466 0.08408 0.26863 0.35263 1490.771
2.255 0.79226 50.49411 1.79232 40.00448 0.29439 0.08435 0.26824 0.35302 1491.008
2.260 0.79318 50.52120 1.79535 40.07217 0.29412 0.08462 0.26786 0.35340 1491.243
2.265 0.79409 50.54818 1.79839 40.14006 0.29385 0.08489 0.26747 0.35378 1491.478
2.270 0.79502 50.57507 1.80144 40.20815 0.29358 0.08517 0.26708 0.35416 1491.711
2.275 0.79595 50.60187 1.80450 40.27644 0.29331 0.08544 0.26670 0.35455 1491.944
2.280 0.79688 50.62856 1.80757 40.34493 0.29304 0.08572 0.26631 0.35493 1492.175
2.285 0.79782 50.65516 1.81065 40.41362 0.29277 0.08600 0.26592 0.35531 1492.406
2.290 0.79876 50.68165 1.81373 40.48251 0.29250 0.08628 0.26554 0.35569 1492.636
2.295 0.79971 50.70804 1.81683 40.55161 0.29223 0.08655 0.26515 0.35607 1492.865
2.300 0.80066 50.73433 1.81993 40.62092 0.29195 0.08683 0.26476 0.35645 1493.092
2.305 0.80162 50.76051 1.82305 40.69042 0.29168 0.08711 0.26438 0.35683 1493.319
2.310 0.80258 50.78659 1.82617 40.76014 0.29141 0.08739 0.26399 0.35721 1493.545
2.315 0.80354 50.81257 1.82930 40.83005 0.29113 0.08767 0.26360 0.35759 1493.770
2.320 0.80451 50.83843 1.83245 40.90018 0.29086 0.08796 0.26322 0.35797 1493.994
2.325 0.80549 50.86420 1.83560 40.97051 0.29059 0.08824 0.26283 0.35835 1494.217
2.330 0.80647 50.88985 1.83876 41.04106 0.29031 0.08852 0.26244 0.35873 1494.439
2.335 0.80745 50.91539 1.84193 41.11181 0.29004 0.08881 0.26206 0.35910 1494.659
2.340 0.80844 50.94083 1.84511 41.18277 0.28976 0.08909 0.26167 0.35948 1494.879
2.345 0.80944 50.96615 1.84829 41.25394 0.28949 0.08938 0.26128 0.35986 1495.098
2.350 0.81044 50.99136 1.85149 41.32533 0.28921 0.08966 0.26089 0.36023 1495.316
2.355 0.81144 51.01646 1.85470 41.39692 0.28893 0.08995 0.26051 0.36061 1495.532
2.360 0.81245 51.04144 1.85792 41.46873 0.28866 0.09024 0.26012 0.36099 1495.748
2.365 0.81347 51.06631 1.86115 41.54076 0.28838 0.09052 0.25973 0.36136 1495.963
2.370 0.81449 51.09107 1.86438 41.61300 0.28810 0.09081 0.25935 0.36174 1496.176
2.375 0.81551 51.11571 1.86763 41.68545 0.28782 0.09110 0.25896 0.36211 1496.388
2.380 0.81654 51.14023 1.87088 41.75812 0.28755 0.09139 0.25857 0.36249 1496.600
2.385 0.81758 51.16463 1.87415 41.83101 0.28727 0.09168 0.25819 0.36286 1496.810
2.390 0.81862 51.18891 1.87742 41.90411 0.28699 0.09198 0.25780 0.36323 1497.019
2.395 0.81966 51.21307 1.88071 41.97744 0.28671 0.09227 0.25741 0.36361 1497.227
2.400 0.82071 51.23711 1.88400 42.05098 0.28643 0.09256 0.25703 0.36398 1497.434
2.405 0.82177 51.26103 1.88731 42.12474 0.28615 0.09286 0.25664 0.36435 1497.640
2.410 0.82283 51.28482 1.89062 42.19872 0.28587 0.09315 0.25626 0.36472 1497.845
2.415 0.82390 51.30849 1.89395 42.27293 0.28559 0.09345 0.25587 0.36510 1498.048
2.420 0.82497 51.33204 1.89728 42.34736 0.28531 0.09374 0.25548 0.36547 1498.251
2.425 0.82605 51.35546 1.90063 42.42201 0.28503 0.09404 0.25510 0.36584 1498.452
2.430 0.82713 51.37875 1.90398 42.49689 0.28475 0.09434 0.25471 0.36621 1498.652
2.435 0.82822 51.40191 1.90735 42.57199 0.28446 0.09464 0.25432 0.36658 1498.851
2.440 0.82931 51.42494 1.91072 42.64731 0.28418 0.09494 0.25394 0.36695 1499.048
2.445 0.83041 51.44784 1.91411 42.72287 0.28390 0.09524 0.25355 0.36732 1499.245
2.450 0.83152 51.47061 1.91750 42.79865 0.28362 0.09554 0.25316 0.36768 1499.440
2.455 0.83263 51.49325 1.92091 42.87466 0.28333 0.09584 0.25278 0.36805 1499.634
2.460 0.83374 51.51575 1.92432 42.95090 0.28305 0.09614 0.25239 0.36842 1499.827
2.465 0.83486 51.53812 1.92775 43.02736 0.28276 0.09644 0.25201 0.36879 1500.019
2.470 0.83599 51.56036 1.93119 43.10406 0.28248 0.09675 0.25162 0.36915 1500.210
2.475 0.83713 51.58245 1.93463 43.18099 0.28220 0.09705 0.25123 0.36952 1500.399
2.480 0.83826 51.60441 1.93809 43.25816 0.28191 0.09736 0.25085 0.36989 1500.587
2.485 0.83941 51.62623 1.94156 43.33555 0.28163 0.09766 0.25046 0.37025 1500.774
2.490 0.84056 51.64791 1.94504 43.41318 0.28134 0.09797 0.25007 0.37062 1500.959
2.495 0.84172 51.66945 1.94852 43.49105 0.28105 0.09828 0.24969 0.37098 1501.143
2.500 0.84288 51.69084 1.95202 43.56915 0.28077 0.09858 0.24930 0.37134 1501.326
2.505 0.84405 51.71210 1.95553 43.64749 0.28048 0.09889 0.24892 0.37171 1501.508
2.510 0.84522 51.73320 1.95905 43.72607 0.28019 0.09920 0.24853 0.37207 1501.688
2.515 0.84640 51.75417 1.96258 43.80488 0.27991 0.09951 0.24815 0.37243 1501.867
2.520 0.84759 51.77498 1.96613 43.88394 0.27962 0.09982 0.24776 0.37280 1502.045
2.525 0.84878 51.79565 1.96968 43.96323 0.27933 0.10014 0.24737 0.37316 1502.222
2.530 0.84998 51.81617 1.97324 44.04277 0.27904 0.10045 0.24699 0.37352 1502.397
2.535 0.85119 51.83654 1.97682 44.12254 0.27875 0.10076 0.24660 0.37388 1502.570
2.540 0.85240 51.85676 1.98040 44.20256 0.27847 0.10108 0.24622 0.37424 1502.743
2.545 0.85361 51.87682 1.98400 44.28283 0.27818 0.10139 0.24583 0.37460 1502.914
2.550 0.85484 51.89673 1.98760 44.36334 0.27789 0.10171 0.24545 0.37496 1503.084
2.555 0.85607 51.91649 1.99122 44.44409 0.27760 0.10202 0.24506 0.37532 1503.252
2.560 0.85731 51.93609 1.99485 44.52509 0.27731 0.10234 0.24468 0.37568 1503.419
2.565 0.85855 51.95554 1.99849 44.60634 0.27702 0.10266 0.24429 0.37603 1503.584
2.570 0.85980 51.97483 2.00214 44.68784 0.27673 0.10298 0.24391 0.37639 1503.749
2.575 0.86105 51.99395 2.00581 44.76959 0.27643 0.10330 0.24352 0.37675 1503.911
2.580 0.86232 52.01292 2.00948 44.85158 0.27614 0.10362 0.24314 0.37710 1504.073
2.585 0.86359 52.03173 2.01316 44.93383 0.27585 0.10394 0.24275 0.37746 1504.232
2.590 0.86486 52.05037 2.01686 45.01633 0.27556 0.10426 0.24237 0.37782 1504.391
2.595 0.86614 52.06885 2.02057 45.09908 0.27527 0.10458 0.24198 0.37817 1504.548
2.600 0.86743 52.08716 2.02429 45.18209 0.27497 0.10491 0.24160 0.37852 1504.703
2.605 0.86873 52.10531 2.02802 45.26535 0.27468 0.10523 0.24121 0.37888 1504.858
2.610 0.87003 52.12329 2.03176 45.34886 0.27439 0.10555 0.24083 0.37923 1505.010
2.615 0.87134 52.14110 2.03551 45.43264 0.27409 0.10588 0.24044 0.37958 1505.161
2.620 0.87266 52.15874 2.03928 45.51667 0.27380 0.10621 0.24006 0.37994 1505.311
2.625 0.87398 52.17621 2.04305 45.60096 0.27351 0.10653 0.23967 0.38029 1505.459
2.630 0.87531 52.19351 2.04684 45.68551 0.27321 0.10686 0.23929 0.38064 1505.606
2.635 0.87665 52.21063 2.05064 45.77032 0.27292 0.10719 0.23890 0.38099 1505.751
2.640 0.87799 52.22758 2.05445 45.85539 0.27262 0.10752 0.23852 0.38134 1505.894
2.645 0.87934 52.24435 2.05828 45.94072 0.27233 0.10785 0.23814 0.38169 1506.036
2.650 0.88070 52.26095 2.06211 46.02632 0.27203 0.10818 0.23775 0.38204 1506.177
2.655 0.88207 52.27737 2.06596 46.11218 0.27173 0.10851 0.23737 0.38239 1506.316
2.660 0.88344 52.29360 2.06982 46.19831 0.27144 0.10884 0.23698 0.38273 1506.453
2.665 0.88482 52.30966 2.07369 46.28470 0.27114 0.10918 0.23660 0.38308 1506.589
2.670 0.88621 52.32553 2.07757 46.37136 0.27084 0.10951 0.23622 0.38343 1506.723
2.675 0.88760 52.34122 2.08146 46.45829 0.27055 0.10985 0.23583 0.38377 1506.855
2.680 0.88901 52.35672 2.08537 46.54549 0.27025 0.11018 0.23545 0.38412 1506.986
2.685 0.89042 52.37204 2.08929 46.63296 0.26995 0.11052 0.23507 0.38446 1507.115
2.690 0.89183 52.38717 2.09322 46.72070 0.26965 0.11086 0.23468 0.38481 1507.243
2.695 0.89326 52.40211 2.09716 46.80871 0.26936 0.11119 0.23430 0.38515 1507.369
2.700 0.89469 52.41686 2.10112 46.89699 0.26906 0.11153 0.23392 0.38549 1507.493
2.705 0.89613 52.43142 2.10509 46.98555 0.26876 0.11187 0.23353 0.38584 1507.616
2.710 0.89758 52.44579 2.10907 47.07439 0.26846 0.11221 0.23315 0.38618 1507.737
2.715 0.89904 52.45996 2.11306 47.16350 0.26816 0.11255 0.23277 0.38652 1507.856
2.720 0.90050 52.47393 2.11706 47.25289 0.26786 0.11289 0.23238 0.38686 1507.974
2.725 0.90197 52.48771 2.12108 47.34255 0.26756 0.11324 0.23200 0.38720 1508.090
2.730 0.90345 52.50129 2.12511 47.43250 0.26726 0.11358 0.23162 0.38754 1508.204
2.735 0.90494 52.51467 2.12915 47.52273 0.26696 0.11392 0.23124 0.38788 1508.316
2.740 0.90644 52.52785 2.13321 47.61324 0.26666 0.11427 0.23085 0.38822 1508.427
2.745 0.90794 52.54083 2.13728 47.70403 0.26636 0.11461 0.23047 0.38856 1508.536
2.750 0.90945 52.55361 2.14136 47.79510 0.26606 0.11496 0.23009 0.38889 1508.643
2.755 0.91097 52.56618 2.14545 47.88646 0.26575 0.11531 0.22971 0.38923 1508.749
2.760 0.91250 52.57854 2.14956 47.97811 0.26545 0.11566 0.22933 0.38957 1508.852
2.765 0.91404 52.59069 2.15368 48.07004 0.26515 0.11600 0.22894 0.38990 1508.954
2.770 0.91559 52.60264 2.15781 48.16226 0.26485 0.11635 0.22856 0.39024 1509.054
2.775 0.91714 52.61437 2.16195 48.25477 0.26454 0.11670 0.22818 0.39057 1509.152
2.780 0.91870 52.62590 2.16611 48.34757 0.26424 0.11706 0.22780 0.39090 1509.249
2.785 0.92027 52.63721 2.17028 48.44066 0.26394 0.11741 0.22742 0.39124 1509.343
2.790 0.92185 52.64830 2.17446 48.53404 0.26363 0.11776 0.22704 0.39157 1509.436
2.795 0.92344 52.65918 2.17866 48.62772 0.26333 0.11811 0.22665 0.39190 1509.527
2.800 0.92504 52.66984 2.18287 48.72169 0.26303 0.11847 0.22627 0.39223 1509.616
2.805 0.92665 52.68028 2.18709 48.81595 0.26272 0.11882 0.22589 0.39256 1509.703
2.810 0.92826 52.69050 2.19133 48.91052 0.26242 0.11918 0.22551 0.39289 1509.788
2.815 0.92988 52.70050 2.19558 49.00538 0.26211 0.11954 0.22513 0.39322 1509.871
2.820 0.93152 52.71028 2.19984 49.10054 0.26181 0.11989 0.22475 0.39355 1509.952
2.825 0.93316 52.71983 2.20412 49.19600 0.26150 0.12025 0.22437 0.39388 1510.032
2.830 0.93481 52.72915 2.20841 49.29176 0.26120 0.12061 0.22399 0.39421 1510.109
2.835 0.93647 52.73825 2.21272 49.38782 0.26089 0.12097 0.22361 0.39453 1510.185
2.840 0.93814 52.74712 2.21703 49.48418 0.26058 0.12133 0.22323 0.39486 1510.258
2.845 0.93982 52.75576 2.22136 49.58085 0.26028 0.12169 0.22285 0.39518 1510.330
2.850 0.94151 52.76416 2.22571 49.67783 0.25997 0.12205 0.22247 0.39551 1510.399
2.855 0.94320 52.77233 2.23007 49.77511 0.25966 0.12242 0.22209 0.39583 1510.467
2.860 0.94491 52.78027 2.23444 49.87270 0.25936 0.12278 0.22171 0.39616 1510.532
2.865 0.94663 52.78796 2.23883 49.97060 0.25905 0.12314 0.22133 0.39648 1510.596
2.870 0.94836 52.79542 2.24323 50.06881 0.25874 0.12351 0.22095 0.39680 1510.657
2.875 0.95009 52.80265 2.24764 50.16734 0.25843 0.12388 0.22057 0.39712 1510.716
2.880 0.95184 52.80962 2.25207 50.26617 0.25813 0.12424 0.22019 0.39744 1510.774
2.885 0.95359 52.81636 2.25651 50.36532 0.25782 0.12461 0.21981 0.39776 1510.829
2.890 0.95536 52.82285 2.26097 50.46478 0.25751 0.12498 0.21943 0.39808 1510.882
2.895 0.95713 52.82910 2.26544 50.56456 0.25720 0.12535 0.21905 0.39840 1510.933
2.900 0.95892 52.83510 2.26992 50.66466 0.25689 0.12572 0.21868 0.39872 1510.982
2.905 0.96072 52.84085 2.27442 50.76507 0.25658 0.12609 0.21830 0.39903 1511.029
2.910 0.96252 52.84635 2.27893 50.86581 0.25627 0.12646 0.21792 0.39935 1511.073
2.915 0.96434 52.85160 2.28346 50.96686 0.25596 0.12683 0.21754 0.39967 1511.116
2.920 0.96617 52.85659 2.28800 51.06824 0.25565 0.12721 0.21716 0.39998 1511.156
2.925 0.96800 52.86133 2.29256 51.16994 0.25534 0.12758 0.21678 0.40030 1511.194
2.930 0.96985 52.86581 2.29713 51.27197 0.25503 0.12795 0.21641 0.40061 1511.230
2.935 0.97171 52.87004 2.30172 51.37432 0.25472 0.12833 0.21603 0.40092 1511.264
2.940 0.97358 52.87400 2.30632 51.47700 0.25441 0.12871 0.21565 0.40123 1511.295
2.945 0.97546 52.87770 2.31093 51.58001 0.25410 0.12908 0.21527 0.40155 1511.325
2.950 0.97735 52.88114 2.31556 51.68334 0.25379 0.12946 0.21490 0.40186 1511.352
2.955 0.97925 52.88432 2.32021 51.78701 0.25347 0.12984 0.21452 0.40217 1511.376
2.960 0.98116 52.88723 2.32487 51.89101 0.25316 0.13022 0.21414 0.40248 1511.399
2.965 0.98309 52.88987 2.32954 51.99534 0.25285 0.13060 0.21377 0.40278 1511.419
2.970 0.98502 52.89224 2.33423 52.10001 0.25254 0.13098 0.21339 0.40309 1511.437
2.975 0.98697 52.89434 2.33893 52.20501 0.25223 0.13136 0.21301 0.40340 1511.452
2.980 0.98893 52.89617 2.34365 52.31036 0.25191 0.13175 0.21264 0.40371 1511.465
2.985 0.99089 52.89772 2.34839 52.41603 0.25160 0.13213 0.21226 0.40401 1511.476
2.990 0.99287 52.89900 2.35314 52.52205 0.25129 0.13251 0.21188 0.40432 1511.485
2.995 0.99487 52.90000 2.35790 52.62841 0.25097 0.13290 0.21151 0.40462 1511.491
3.000 0.99687 52.90072 2.36268 52.73511 0.25066 0.13328 0.21113 0.40492 1511.495
3.005 0.99888 52.90116 2.36748 52.84216 0.25035 0.13367 0.21076 0.40523 1511.496
3.010 1.00091 52.90131 2.37229 52.94955 0.25003 0.13406 0.21038 0.40553 1511.495
3.015 1.00295 52.90118 2.37712 53.05728 0.24972 0.13445 0.21001 0.40583 1511.491
3.020 1.00500 52.90077 2.38196 53.16537 0.24940 0.13484 0.20963 0.40613 1511.485
3.025 1.00706 52.90007 2.38682 53.27380 0.24909 0.13523 0.20926 0.40643 1511.477
3.030 1.00914 52.89908 2.39169 53.38258 0.24877 0.13562 0.20888 0.40673 1511.466
3.035 1.01123 52.89780 2.39658 53.49172 0.24846 0.13601 0.20851 0.40703 1511.453
3.040 1.01333 52.89622 2.40149 53.60120 0.24814 0.13640 0.20813 0.40732 1511.437
3.045 1.01544 52.89435 2.40641 53.71105 0.24783 0.13679 0.20776 0.40762 1511.418
3.050 1.01757 52.89219 2.41135 53.82124 0.24751 0.13719 0.20738 0.40792 1511.397
3.055 1.01970 52.88972 2.41630 53.93180 0.24720 0.13758 0.20701 0.40821 1511.374
3.060 1.02185 52.88696 2.42127 54.04271 0.24688 0.13798 0.20664 0.40851 1511.348
3.065 1.02402 52.88390 2.42625 54.15398 0.24656 0.13837 0.20626 0.40880 1511.319
3.070 1.02619 52.88053 2.43125 54.26561 0.24625 0.13877 0.20589 0.40909 1511.288
3.075 1.02838 52.87686 2.43627 54.37760 0.24593 0.13917 0.20552 0.40938 1511.254
3.080 1.03058 52.87288 2.44131 54.48996 0.24561 0.13957 0.20514 0.40967 1511.218
3.085 1.03280 52.86860 2.44636 54.60269 0.24530 0.13997 0.20477 0.40997 1511.179
3.090 1.03503 52.86400 2.45142 54.71577 0.24498 0.14037 0.20440 0.41025 1511.137
3.095 1.03727 52.85909 2.45651 54.82923 0.24466 0.14077 0.20403 0.41054 1511.093
3.100 1.03953 52.85387 2.46161 54.94306 0.24434 0.14117 0.20365 0.41083 1511.046
3.105 1.04180 52.84834 2.46672 55.05726 0.24403 0.14157 0.20328 0.41112 1510.996
3.110 1.04408 52.84249 2.47186 55.17183 0.24371 0.14198 0.20291 0.41140 1510.943
3.115 1.04638 52.83631 2.47701 55.28677 0.24339 0.14238 0.20254 0.41169 1510.888
3.120 1.04869 52.82982 2.48217 55.40209 0.24307 0.14279 0.20217 0.41198 1510.830
3.125 1.05102 52.82301 2.48736 55.51778 0.24275 0.14319 0.20180 0.41226 1510.770
3.130 1.05335 52.81587 2.49256 55.63385 0.24244 0.14360 0.20142 0.41254 1510.706
3.135 1.05571 52.80841 2.49777 55.75031 0.24212 0.14401 0.20105 0.41282 1510.640
3.140 1.05808 52.80062 2.50301 55.86714 0.24180 0.14441 0.20068 0.41311 1510.571
3.145 1.06046 52.79249 2.50826 55.98435 0.24148 0.14482 0.20031 0.41339 1510.499
3.150 1.06286 52.78404 2.51353 56.10195 0.24116 0.14523 0.19994 0.41367 1510.424
3.155 1.06527 52.77526 2.51881 56.21994 0.24084 0.14564 0.19957 0.41395 1510.347
3.160 1.06770 52.76614 2.52412 56.33831 0.24052 0.14606 0.19920 0.41422 1510.266
3.165 1.07014 52.75668 2.52944 56.45706 0.24020 0.14647 0.19883 0.41450 1510.183
3.170 1.07260 52.74689 2.53478 56.57621 0.23988 0.14688 0.19846 0.41478 1510.096
3.175 1.07507 52.73675 2.54013 56.69575 0.23956 0.14730 0.19809 0.41505 1510.007
3.180 1.07756 52.72628 2.54551 56.81568 0.23924 0.14771 0.19772 0.41533 1509.915
3.185 1.08006 52.71546 2.55090 56.93601 0.23892 0.14813 0.19735 0.41560 1509.820
3.190 1.08258 52.70429 2.55631 57.05673 0.23860 0.14854 0.19698 0.41587 1509.722
3.195 1.08512 52.69278 2.56173 57.17785 0.23828 0.14896 0.19662 0.41615 1509.621
3.200 1.08767 52.68091 2.56718 57.29937 0.23796 0.14938 0.19625 0.41642 1509.517
3.205 1.09024 52.66870 2.57264 57.42128 0.23764 0.14980 0.19588 0.41669 1509.410
3.210 1.09282 52.65613 2.57812 57.54360 0.23731 0.15022 0.19551 0.41696 1509.300
3.215 1.09542 52.64321 2.58362 57.66632 0.23699 0.15064 0.19514 0.41723 1509.187
3.220 1.09803 52.62993 2.58913 57.78945 0.23667 0.15106 0.19478 0.41750 1509.070
3.225 1.10067 52.61629 2.59467 57.91299 0.23635 0.15148 0.19441 0.41776 1508.951
3.230 1.10332 52.60229 2.60022 58.03693 0.23603 0.15190 0.19404 0.41803 1508.829
3.235 1.10598 52.58793 2.60579 58.16128 0.23571 0.15233 0.19367 0.41829 1508.703
3.240 1.10866 52.57321 2.61138 58.28604 0.23538 0.15275 0.19331 0.41856 1508.575
3.245 1.11136 52.55812 2.61699 58.41122 0.23506 0.15318 0.19294 0.41882 1508.443
3.250 1.11408 52.54266 2.62262 58.53681 0.23474 0.15360 0.19258 0.41909 1508.308
3.255 1.11682 52.52683 2.62826 58.66281 0.23442 0.15403 0.19221 0.41935 1508.169
3.260 1.11957 52.51063 2.63393 58.78924 0.23409 0.15446 0.19184 0.41961 1508.028
3.265 1.12234 52.49405 2.63961 58.91608 0.23377 0.15488 0.19148 0.41987 1507.883
3.270 1.12513 52.47710 2.64531 59.04334 0.23345 0.15531 0.19111 0.42013 1507.735
3.275 1.12793 52.45978 2.65103 59.17103 0.23312 0.15574 0.19075 0.42039 1507.584
3.280 1.13076 52.44207 2.65677 59.29914 0.23280 0.15617 0.19038 0.42064 1507.430
3.285 1.13360 52.42398 2.66253 59.42767 0.23248 0.15661 0.19002 0.42090 1507.272
3.290 1.13646 52.40551 2.66831 59.55664 0.23215 0.15704 0.18965 0.42116 1507.111
3.295 1.13934 52.38666 2.67411 59.68603 0.23183 0.15747 0.18929 0.42141 1506.947
3.300 1.14223 52.36742 2.67992 59.81585 0.23151 0.15791 0.18892 0.42166 1506.779
3.305 1.14515 52.34778 2.68576 59.94610 0.23118 0.15834 0.18856 0.42192 1506.608
3.310 1.14809 52.32776 2.69161 60.07679 0.23086 0.15878 0.18820 0.42217 1506.433
3.315 1.15104 52.30735 2.69749 60.20792 0.23053 0.15921 0.18783 0.42242 1506.255
3.320 1.15402 52.28654 2.70338 60.33948 0.23021 0.15965 0.18747 0.42267 1506.074
3.325 1.15701 52.26533 2.70930 60.47148 0.22989 0.16009 0.18711 0.42292 1505.889
3.330 1.16002 52.24373 2.71523 60.60392 0.22956 0.16053 0.18674 0.42317 1505.701
3.335 1.16306 52.22172 2.72118 60.73681 0.22924 0.16097 0.18638 0.42342 1505.509
3.340 1.16611 52.19932 2.72716 60.87013 0.22891 0.16141 0.18602 0.42366 1505.313
3.345 1.16918 52.17651 2.73315 61.00391 0.22859 0.16185 0.18566 0.42391 1505.115
3.350 1.17228 52.15329 2.73916 61.13813 0.22826 0.16229 0.18530 0.42415 1504.912
3.355 1.17539 52.12966 2.74520 61.27280 0.22794 0.16273 0.18494 0.42440 1504.706
3.360 1.17853 52.10563 2.75125 61.40793 0.22761 0.16318 0.18457 0.42464 1504.497
3.365 1.18168 52.08118 2.75733 61.54350 0.22729 0.16362 0.18421 0.42488 1504.284
3.370 1.18486 52.05632 2.76342 61.67953 0.22696 0.16406 0.18385 0.42512 1504.067
3.375 1.18806 52.03105 2.76953 61.81602 0.22663 0.16451 0.18349 0.42536 1503.846
3.380 1.19128 52.00535 2.77567 61.95296 0.22631 0.16496 0.18313 0.42560 1503.622
3.385 1.19452 51.97924 2.78183 62.09037 0.22598 0.16541 0.18277 0.42584 1503.394
3.390 1.19779 51.95270 2.78800 62.22824 0.22566 0.16585 0.18241 0.42608 1503.163
3.395 1.20107 51.92574 2.79420 62.36657 0.22533 0.16630 0.18205 0.42631 1502.928
3.400 1.20438 51.89836 2.80042 62.50536 0.22501 0.16675 0.18169 0.42655 1502.689
3.405 1.20771 51.87055 2.80666 62.64463 0.22468 0.16720 0.18133 0.42678 1502.446
3.410 1.21106 51.84230 2.81292 62.78436 0.22435 0.16766 0.18097 0.42702 1502.200
3.415 1.21444 51.81363 2.81920 62.92456 0.22403 0.16811 0.18062 0.42725 1501.949
3.420 1.21784 51.78453 2.82550 63.06524 0.22370 0.16856 0.18026 0.42748 1501.695
3.425 1.22126 51.75499 2.83183 63.20639 0.22337 0.16901 0.17990 0.42771 1501.437
3.430 1.22471 51.72501 2.83817 63.34802 0.22305 0.16947 0.17954 0.42794 1501.176
3.435 1.22818 51.69459 2.84454 63.49012 0.22272 0.16992 0.17918 0.42817 1500.910
3.440 1.23167 51.66373 2.85093 63.63271 0.22239 0.17038 0.17883 0.42840 1500.640
3.445 1.23519 51.63243 2.85734 63.77577 0.22207 0.17084 0.17847 0.42862 1500.367
3.450 1.23873 51.60068 2.86377 63.91933 0.22174 0.17130 0.17811 0.42885 1500.089
3.455 1.24230 51.56849 2.87022 64.06336 0.22141 0.17175 0.17776 0.42908 1499.808
3.460 1.24589 51.53585 2.87670 64.20789 0.22109 0.17221 0.17740 0.42930 1499.522
3.465 1.24950 51.50275 2.88319 64.35290 0.22076 0.17267 0.17704 0.42952 1499.233
3.470 1.25315 51.46921 2.88971 64.49841 0.22043 0.17314 0.17669 0.42974 1498.939
3.475 1.25681 51.43521 2.89626 64.64441 0.22010 0.17360 0.17633 0.42996 1498.642
3.480 1.26051 51.40075 2.90282 64.79091 0.21978 0.17406 0.17598 0.43018 1498.340
3.485 1.26422 51.36584 2.90940 64.93790 0.21945 0.17452 0.17562 0.43040 1498.035
3.490 1.26797 51.33046 2.91601 65.08539 0.21912 0.17499 0.17527 0.43062 1497.725
3.495 1.27174 51.29462 2.92264 65.23339 0.21879 0.17545 0.17491 0.43084 1497.411
3.500 1.27554 51.25832 2.92930 65.38188 0.21847 0.17592 0.17456 0.43105 1497.093
3.505 1.27936 51.22155 2.93597 65.53089 0.21814 0.17638 0.17421 0.43127 1496.770
3.510 1.28321 51.18431 2.94267 65.68040 0.21781 0.17685 0.17385 0.43148 1496.444
3.515 1.28709 51.14660 2.94939 65.83042 0.21748 0.17732 0.17350 0.43170 1496.113
3.520 1.29100 51.10842 2.95614 65.98095 0.21715 0.17779 0.17315 0.43191 1495.778
3.525 1.29493 51.06977 2.96290 66.13199 0.21683 0.17826 0.17279 0.43212 1495.439
3.530 1.29890 51.03064 2.96969 66.28355 0.21650 0.17873 0.17244 0.43233 1495.095
3.535 1.30289 50.99103 2.97651 66.43563 0.21617 0.17920 0.17209 0.43254 1494.747
3.540 1.30691 50.95094 2.98334 66.58822 0.21584 0.17967 0.17174 0.43275 1494.395
3.545 1.31096 50.91037 2.99020 66.74134 0.21551 0.18015 0.17139 0.43295 1494.038
3.550 1.31504 50.86932 2.99709 66.89498 0.21519 0.18062 0.17104 0.43316 1493.677
3.555 1.31914 50.82778 3.00399 67.04915 0.21486 0.18109 0.17068 0.43336 1493.312
3.560 1.32328 50.78575 3.01092 67.20384 0.21453 0.18157 0.17033 0.43357 1492.942
3.565 1.32745 50.74324 3.01788 67.35906 0.21420 0.18204 0.16998 0.43377 1492.568
3.570 1.33165 50.70023 3.02486 67.51482 0.21387 0.18252 0.16963 0.43397 1492.189
3.575 1.33588 50.65673 3.03186 67.67111 0.21354 0.18300 0.16928 0.43417 1491.806
3.580 1.34014 50.61273 3.03889 67.82793 0.21322 0.18348 0.16893 0.43437 1491.418
3.585 1.34443 50.56824 3.04594 67.98530 0.21289 0.18396 0.16858 0.43457 1491.026
3.590 1.34875 50.52325 3.05301 68.14320 0.21256 0.18444 0.16824 0.43477 1490.629
3.595 1.35310 50.47775 3.06011 68.30165 0.21223 0.18492 0.16789 0.43497 1490.227
3.600 1.35749 50.43176 3.06723 68.46064 0.21190 0.18540 0.16754 0.43516 1489.821
3.605 1.36191 50.38526 3.07438 68.62017 0.21157 0.18588 0.16719 0.43536 1489.410
3.610 1.36636 50.33825 3.08155 68.78026 0.21124 0.18636 0.16684 0.43555 1488.995
3.615 1.37085 50.29074 3.08875 68.94090 0.21091 0.18685 0.16649 0.43574 1488.575
3.620 1.37537 50.24271 3.09597 69.10209 0.21059 0.18733 0.16615 0.43594 1488.150
3.625 1.37992 50.19417 3.10322 69.26383 0.21026 0.18782 0.16580 0.43613 1487.720
3.630 1.38450 50.14512 3.11049 69.42614 0.20993 0.18830 0.16545 0.43632 1487.286
3.635 1.38913 50.09556 3.11779 69.58900 0.20960 0.18879 0.16511 0.43650 1486.847
3.640 1.39378 50.04547 3.12511 69.75243 0.20927 0.18928 0.16476 0.43669 1486.403
3.645 1.39847 49.99487 3.13246 69.91641 0.20894 0.18977 0.16442 0.43688 1485.954
3.650 1.40320 49.94374 3.13983 70.08097 0.20861 0.19025 0.16407 0.43706 1485.501
3.655 1.40796 49.89210 3.14723 70.24610 0.20828 0.19074 0.16372 0.43725 1485.042
3.660 1.41276 49.83992 3.15465 70.41179 0.20795 0.19124 0.16338 0.43743 1484.579
3.665 1.41759 49.78722 3.16210 70.57806 0.20762 0.19173 0.16304 0.43761 1484.111
3.670 1.42247 49.73399 3.16957 70.74491 0.20730 0.19222 0.16269 0.43779 1483.637
3.675 1.42738 49.68024 3.17708 70.91233 0.20697 0.19271 0.16235 0.43797 1483.159
3.680 1.43232 49.62594 3.18460 71.08033 0.20664 0.19321 0.16200 0.43815 1482.676
3.685 1.43731 49.57112 3.19216 71.24892 0.20631 0.19370 0.16166 0.43833 1482.187
3.690 1.44233 49.51576 3.19974 71.41809 0.20598 0.19420 0.16132 0.43851 1481.694
3.695 1.44739 49.45986 3.20734 71.58784 0.20565 0.19469 0.16097 0.43868 1481.196
3.700 1.45249 49.40343 3.21497 71.75819 0.20532 0.19519 0.16063 0.43886 1480.692
3.705 1.45764 49.34645 3.22263 71.92913 0.20499 0.19569 0.16029 0.43903 1480.183
3.710 1.46282 49.28893 3.23032 72.10066 0.20466 0.19618 0.15995 0.43921 1479.670
3.715 1.46804 49.23086 3.23803 72.27279 0.20433 0.19668 0.15961 0.43938 1479.150
3.720 1.47330 49.17225 3.24577 72.44552 0.20400 0.19718 0.15927 0.43955 1478.626
3.725 1.47860 49.11309 3.25353 72.61885 0.20368 0.19768 0.15892 0.43972 1478.097
3.730 1.48395 49.05338 3.26133 72.79278 0.20335 0.19818 0.15858 0.43989 1477.562
3.735 1.48934 48.99312 3.26915 72.96732 0.20302 0.19869 0.15824 0.44005 1477.022
3.740 1.49477 48.93231 3.27699 73.14247 0.20269 0.19919 0.15790 0.44022 1476.477
3.745 1.50024 48.87095 3.28487 73.31822 0.20236 0.19969 0.15756 0.44038 1475.926
3.750 1.50576 48.80902 3.29277 73.49460 0.20203 0.20020 0.15723 0.44055 1475.370
3.755 1.51132 48.74654 3.30070 73.67158 0.20170 0.20070 0.15689 0.44071 1474.808
3.760 1.51692 48.68350 3.30866 73.84919 0.20137 0.20121 0.15655 0.44087 1474.242
3.765 1.52257 48.61990 3.31664 74.02742 0.20104 0.20171 0.15621 0.44103 1473.669
3.770 1.52827 48.55573 3.32465 74.20627 0.20071 0.20222 0.15587 0.44119 1473.091
3.775 1.53401 48.49101 3.33269 74.38574 0.20038 0.20273 0.15553 0.44135 1472.508
3.780 1.53980 48.42571 3.34076 74.56585 0.20006 0.20324 0.15520 0.44151 1471.919
3.785 1.54563 48.35985 3.34886 74.74658 0.19973 0.20375 0.15486 0.44167 1471.325
3.790 1.55151 48.29342 3.35699 74.92795 0.19940 0.20426 0.15452 0.44182 1470.725
3.795 1.55744 48.22641 3.36514 75.10995 0.19907 0.20477 0.15419 0.44197 1470.119
3.800 1.56342 48.15884 3.37332 75.29259 0.19874 0.20528 0.15385 0.44213 1469.508
3.805 1.56945 48.09069 3.38154 75.47588 0.19841 0.20579 0.15352 0.44228 1468.891
3.810 1.57552 48.02197 3.38978 75.65980 0.19808 0.20631 0.15318 0.44243 1468.269
3.815 1.58165 47.95267 3.39805 75.84438 0.19775 0.20682 0.15285 0.44258 1467.640
3.820 1.58783 47.88279 3.40634 76.02960 0.19742 0.20734 0.15251 0.44273 1467.006
3.825 1.59405 47.81233 3.41467 76.21547 0.19710 0.20785 0.15218 0.44288 1466.367
3.830 1.60033 47.74129 3.42303 76.40200 0.19677 0.20837 0.15184 0.44302 1465.721
3.835 1.60666 47.66967 3.43141 76.58918 0.19644 0.20888 0.15151 0.44317 1465.070
3.840 1.61305 47.59747 3.43983 76.77702 0.19611 0.20940 0.15118 0.44331 1464.412
3.845 1.61949 47.52467 3.44828 76.96553 0.19578 0.20992 0.15084 0.44346 1463.749
3.850 1.62598 47.45130 3.45675 77.15470 0.19545 0.21044 0.15051 0.44360 1463.080
3.855 1.63252 47.37733 3.46526 77.34453 0.19512 0.21096 0.15018 0.44374 1462.405
3.860 1.63912 47.30277 3.47379 77.53504 0.19479 0.21148 0.14985 0.44388 1461.724
3.865 1.64578 47.22763 3.48236 77.72622 0.19447 0.21200 0.14951 0.44402 1461.037
3.870 1.65249 47.15189 3.49095 77.91807 0.19414 0.21252 0.14918 0.44415 1460.344
3.875 1.65926 47.07555 3.49958 78.11060 0.19381 0.21305 0.14885 0.44429 1459.645
3.880 1.66609 46.99862 3.50824 78.30381 0.19348 0.21357 0.14852 0.44443 1458.940
3.885 1.67297 46.92110 3.51692 78.49771 0.19315 0.21410 0.14819 0.44456 1458.228
3.890 1.67992 46.84298 3.52564 78.69229 0.19282 0.21462 0.14786 0.44469 1457.511
3.895 1.68692 46.76426 3.53439 78.88756 0.19250 0.21515 0.14753 0.44483 1456.787
3.900 1.69398 46.68494 3.54317 79.08352 0.19217 0.21567 0.14720 0.44496 1456.058
3.905 1.70111 46.60502 3.55198 79.28018 0.19184 0.21620 0.14687 0.44509 1455.322
3.910 1.70829 46.52449 3.56082 79.47753 0.19151 0.21673 0.14655 0.44521 1454.579
3.915 1.71554 46.44337 3.56969 79.67559 0.19118 0.21726 0.14622 0.44534 1453.831
3.920 1.72285 46.36164 3.57860 79.87435 0.19086 0.21779 0.14589 0.44547 1453.076
3.925 1.73023 46.27930 3.58754 80.07381 0.19053 0.21832 0.14556 0.44559 1452.315
3.930 1.73767 46.19635 3.59650 80.27398 0.19020 0.21885 0.14524 0.44572 1451.547
3.935 1.74517 46.11280 3.60550 80.47486 0.18987 0.21938 0.14491 0.44584 1450.773
3.940 1.75274 46.02864 3.61454 80.67646 0.18955 0.21991 0.14458 0.44596 1449.992
3.945 1.76038 45.94387 3.62360 80.87878 0.18922 0.22044 0.14426 0.44608 1449.206
3.950 1.76809 45.85849 3.63270 81.08181 0.18889 0.22098 0.14393 0.44620 1448.412
3.955 1.77586 45.77249 3.64183 81.28557 0.18856 0.22151 0.14361 0.44632 1447.612
3.960 1.78370 45.68589 3.65099 81.49006 0.18824 0.22205 0.14328 0.44644 1446.806
3.965 1.79162 45.59866 3.66018 81.69527 0.18791 0.22258 0.14296 0.44655 1445.993
3.970 1.79960 45.51083 3.66941 81.90121 0.18758 0.22312 0.14263 0.44667 1445.173
3.975 1.80765 45.42238 3.67867 82.10789 0.18725 0.22366 0.14231 0.44678 1444.346
3.980 1.81578 45.33331 3.68796 82.31531 0.18693 0.22419 0.14198 0.44689 1443.513
3.985 1.82398 45.24362 3.69729 82.52347 0.18660 0.22473 0.14166 0.44701 1442.674
3.990 1.83225 45.15332 3.70665 82.73237 0.18627 0.22527 0.14134 0.44712 1441.827
3.995 1.84060 45.06239 3.71604 82.94202 0.18595 0.22581 0.14102 0.44723 1440.974
4.000 1.84903 44.97085 3.72547 83.15242 0.18562 0.22635 0.14069 0.44733 1440.114
4.005 1.85753 44.87869 3.73493 83.36358 0.18529 0.22689 0.14037 0.44744 1439.247
4.010 1.86611 44.78590 3.74442 83.57548 0.18497 0.22743 0.14005 0.44755 1438.373
4.015 1.87477 44.69249 3.75395 83.78815 0.18464 0.22798 0.13973 0.44765 1437.492
4.020 1.88351 44.59846 3.76351 84.00158 0.18431 0.22852 0.13941 0.44775 1436.605
4.025 1.89233 44.50381 3.77311 84.21578 0.18399 0.22907 0.13909 0.44786 1435.710
4.030 1.90123 44.40853 3.78274 84.43074 0.18366 0.22961 0.13877 0.44796 1434.809
4.035 1.91021 44.31263 3.79240 84.64648 0.18334 0.23016 0.13845 0.44806 1433.900
4.040 1.91928 44.21610 3.80211 84.86299 0.18301 0.23070 0.13813 0.44816 1432.985
4.045 1.92843 44.11895 3.81184 85.08027 0.18268 0.23125 0.13781 0.44825 1432.062
4.050 1.93767 44.02117 3.82161 85.29834 0.18236 0.23180 0.13750 0.44835 1431.132
4.055 1.94699 43.92276 3.83142 85.51719 0.18203 0.23234 0.13718 0.44845 1430.195
4.060 1.95640 43.82373 3.84126 85.73683 0.18171 0.23289 0.13686 0.44854 1429.251
4.065 1.96590 43.72407 3.85113 85.95726 0.18138 0.23344 0.13654 0.44863 1428.300
4.070 1.97549 43.62378 3.86104 86.17849 0.18106 0.23399 0.13623 0.44872 1427.341
4.075 1.98518 43.52287 3.87099 86.40051 0.18073 0.23454 0.13591 0.44882 1426.375
4.080 1.99495 43.42132 3.88097 86.62333 0.18041 0.23510 0.13559 0.44890 1425.402
4.085 2.00482 43.31915 3.89099 86.84696 0.18008 0.23565 0.13528 0.44899 1424.422
4.090 2.01478 43.21634 3.90105 87.07139 0.17976 0.23620 0.13496 0.44908 1423.434
4.095 2.02484 43.11291 3.91114 87.29663 0.17943 0.23676 0.13465 0.44917 1422.439
4.100 2.03499 43.00885 3.92127 87.52268 0.17911 0.23731 0.13433 0.44925 1421.436
4.105 2.04525 42.90416 3.93143 87.74956 0.17878 0.23786 0.13402 0.44933 1420.426
4.110 2.05560 42.79884 3.94163 87.97725 0.17846 0.23842 0.13370 0.44942 1419.408
4.115 2.06605 42.69289 3.95187 88.20576 0.17813 0.23898 0.13339 0.44950 1418.383
4.120 2.07661 42.58631 3.96215 88.43511 0.17781 0.23953 0.13308 0.44958 1417.350
4.125 2.08727 42.47909 3.97246 88.66528 0.17748 0.24009 0.13277 0.44966 1416.310
4.130 2.09803 42.37125 3.98281 88.89628 0.17716 0.24065 0.13245 0.44974 1415.262
4.135 2.10890 42.26278 3.99320 89.12813 0.17684 0.24121 0.13214 0.44981 1414.206
4.140 2.11988 42.15368 4.00362 89.36081 0.17651 0.24177 0.13183 0.44989 1413.143
4.145 2.13097 42.04395 4.01408 89.59434 0.17619 0.24233 0.13152 0.44996 1412.071
4.150 2.14217 41.93360 4.02458 89.82871 0.17587 0.24289 0.13121 0.45004 1410.993
4.155 2.15347 41.82261 4.03512 90.06394 0.17554 0.24345 0.13090 0.45011 1409.906
4.160 2.16490 41.71099 4.04570 90.30001 0.17522 0.24401 0.13059 0.45018 1408.811
4.165 2.17643 41.59875 4.05632 90.53695 0.17490 0.24458 0.13028 0.45025 1407.709
4.170 2.18809 41.48587 4.06697 90.77475 0.17457 0.24514 0.12997 0.45032 1406.599
4.175 2.19986 41.37237 4.07766 91.01341 0.17425 0.24571 0.12966 0.45038 1405.481
4.180 2.21175 41.25824 4.08839 91.25294 0.17393 0.24627 0.12935 0.45045 1404.354
4.185 2.22376 41.14349 4.09916 91.49335 0.17361 0.24684 0.12904 0.45051 1403.220
4.190 2.23590 41.02811 4.10997 91.73463 0.17328 0.24740 0.12874 0.45058 1402.078
4.195 2.24816 40.91210 4.12082 91.97678 0.17296 0.24797 0.12843 0.45064 1400.928
4.200 2.26054 40.79546 4.13171 92.21982 0.17264 0.24854 0.12812 0.45070 1399.769
4.205 2.27305 40.67821 4.14264 92.46375 0.17232 0.24910 0.12782 0.45076 1398.603
4.210 2.28570 40.56032 4.15361 92.70857 0.17200 0.24967 0.12751 0.45082 1397.428
4.215 2.29847 40.44182 4.16462 92.95428 0.17167 0.25024 0.12721 0.45088 1396.245
4.220 2.31138 40.32269 4.17567 93.20088 0.17135 0.25081 0.12690 0.45093 1395.054
4.225 2.32442 40.20294 4.18676 93.44839 0.17103 0.25138 0.12660 0.45099 1393.855
4.230 2.33759 40.08257 4.19789 93.69681 0.17071 0.25195 0.12629 0.45104 1392.647
4.235 2.35091 39.96158 4.20906 93.94613 0.17039 0.25253 0.12599 0.45110 1391.431
4.240 2.36437 39.83997 4.22027 94.19636 0.17007 0.25310 0.12568 0.45115 1390.207
4.245 2.37797 39.71774 4.23152 94.44751 0.16975 0.25367 0.12538 0.45120 1388.974
4.250 2.39171 39.59489 4.24281 94.69958 0.16943 0.25425 0.12508 0.45125 1387.733
4.255 2.40560 39.47143 4.25415 94.95257 0.16911 0.25482 0.12478 0.45130 1386.483
4.260 2.41964 39.34736 4.26552 95.20649 0.16879 0.25540 0.12447 0.45135 1385.225
4.265 2.43383 39.22267 4.27694 95.46134 0.16847 0.25597 0.12417 0.45139 1383.958
4.270 2.44817 39.09736 4.28840 95.71713 0.16815 0.25655 0.12387 0.45144 1382.682
4.275 2.46267 38.97145 4.29990 95.97385 0.16783 0.25713 0.12357 0.45148 1381.398
4.280 2.47733 38.84493 4.31145 96.23152 0.16751 0.25770 0.12327 0.45152 1380.106
4.285 2.49214 38.71779 4.32303 96.49013 0.16719 0.25828 0.12297 0.45156 1378.804
4.290 2.50711 38.59005 4.33466 96.74970 0.16687 0.25886 0.12267 0.45160 1377.494
4.295 2.52225 38.46171 4.34634 97.01021 0.16655 0.25944 0.12237 0.45164 1376.175
4.300 2.53756 38.33276 4.35805 97.27169 0.16623 0.26002 0.12207 0.45168 1374.848
4.305 2.55304 38.20321 4.36981 97.53413 0.16591 0.26060 0.12177 0.45172 1373.511
4.310 2.56868 38.07306 4.38161 97.79754 0.16559 0.26118 0.12148 0.45175 1372.166
4.315 2.58450 37.94231 4.39345 98.06191 0.16527 0.26176 0.12118 0.45178 1370.812
4.320 2.60050 37.81096 4.40534 98.32726 0.16496 0.26235 0.12088 0.45182 1369.449
4.325 2.61667 37.67901 4.41728 98.59359 0.16464 0.26293 0.12058 0.45185 1368.076
4.330 2.63303 37.54647 4.42925 98.86090 0.16432 0.26351 0.12029 0.45188 1366.695
4.335 2.64957 37.41334 4.44127 99.12920 0.16400 0.26410 0.11999 0.45191 1365.305
4.340 2.66630 37.27962 4.45334 99.39848 0.16368 0.26468 0.11970 0.45194 1363.906
4.345 2.68321 37.14532 4.46545 99.66876 0.16337 0.26527 0.11940 0.45196 1362.497
4.350 2.70032 37.01042 4.47760 99.94004 0.16305 0.26585 0.11911 0.45199 1361.080
4.355 2.71763 36.87494 4.48980 100.21233 0.16273 0.26644 0.11881 0.45201 1359.653
4.360 2.73513 36.73889 4.50204 100.48562 0.16242 0.26703 0.11852 0.45204 1358.217
4.365 2.75283 36.60225 4.51433 100.75992 0.16210 0.26761 0.11823 0.45206 1356.772
4.370 2.77074 36.46503 4.52667 101.03524 0.16178 0.26820 0.11793 0.45208 1355.317
4.375 2.78886 36.32724 4.53905 101.31157 0.16147 0.26879 0.11764 0.45210 1353.854
4.380 2.80719 36.18888 4.55148 101.58893 0.16115 0.26938 0.11735 0.45212 1352.380
4.385 2.82573 36.04995 4.56395 101.86732 0.16084 0.26997 0.11706 0.45214 1350.898
4.390 2.84448 35.91045 4.57647 102.14674 0.16052 0.27056 0.11676 0.45215 1349.406
