timeGa Urey Qt heat/H0 heatTW 1HPE 2HPE 3HPE 4HPE TempC
0.005 0.16006 36.00000 1.00038 5.76218 0.37215 0.01647 0.42994 0.18143 1350.681
0.010 0.15999 36.05022 1.00136 5.76783 0.37207 0.01654 0.42963 0.18176 1351.363
0.015 0.15993 36.10054 1.00234 5.77349 0.37199 0.01661 0.42931 0.18209 1352.046
0.020 0.15986 36.15098 1.00333 5.77917 0.37192 0.01667 0.42900 0.18241 1352.731
0.025 0.15980 36.20152 1.00431 5.78485 0.37184 0.01674 0.42868 0.18274 1353.416
0.030 0.15973 36.25217 1.00530 5.79055 0.37176 0.01680 0.42837 0.18307 1354.102
0.035 0.15966 36.30294 1.00629 5.79626 0.37168 0.01687 0.42805 0.18340 1354.789
0.040 0.15960 36.35381 1.00729 5.80198 0.37161 0.01694 0.42773 0.18372 1355.477
0.045 0.15953 36.40480 1.00828 5.80771 0.37153 0.01700 0.42742 0.18405 1356.166
0.050 0.15947 36.45589 1.00928 5.81346 0.37145 0.01707 0.42710 0.18438 1356.857
0.055 0.15940 36.50710 1.01028 5.81921 0.37137 0.01714 0.42678 0.18471 1357.548
0.060 0.15933 36.55842 1.01128 5.82498 0.37129 0.01720 0.42647 0.18504 1358.240
0.065 0.15927 36.60985 1.01229 5.83077 0.37121 0.01727 0.42615 0.18537 1358.934
0.070 0.15920 36.66140 1.01329 5.83656 0.37113 0.01734 0.42583 0.18570 1359.628
0.075 0.15914 36.71305 1.01430 5.84237 0.37104 0.01741 0.42551 0.18603 1360.323
0.080 0.15907 36.76482 1.01531 5.84818 0.37096 0.01748 0.42520 0.18636 1361.020
0.085 0.15900 36.81671 1.01632 5.85402 0.37088 0.01755 0.42488 0.18670 1361.717
0.090 0.15894 36.86870 1.01734 5.85986 0.37080 0.01761 0.42456 0.18703 1362.416
0.095 0.15887 36.92081 1.01835 5.86571 0.37071 0.01768 0.42424 0.18736 1363.115
0.100 0.15881 36.97304 1.01937 5.87158 0.37063 0.01775 0.42392 0.18769 1363.816
0.105 0.15874 37.02538 1.02039 5.87746 0.37055 0.01782 0.42360 0.18803 1364.517
0.110 0.15868 37.07783 1.02142 5.88336 0.37046 0.01789 0.42328 0.18836 1365.220
0.115 0.15861 37.13040 1.02244 5.88926 0.37038 0.01796 0.42296 0.18869 1365.924
0.120 0.15854 37.18309 1.02347 5.89518 0.37029 0.01803 0.42264 0.18903 1366.629
0.125 0.15848 37.23589 1.02450 5.90111 0.37021 0.01811 0.42232 0.18936 1367.334
0.130 0.15841 37.28881 1.02553 5.90705 0.37012 0.01818 0.42200 0.18970 1368.041
0.135 0.15835 37.34184 1.02656 5.91301 0.37004 0.01825 0.42168 0.19003 1368.749
0.140 0.15828 37.39499 1.02760 5.91898 0.36995 0.01832 0.42136 0.19037 1369.458
0.145 0.15822 37.44826 1.02864 5.92496 0.36986 0.01839 0.42104 0.19071 1370.168
0.150 0.15815 37.50165 1.02968 5.93095 0.36978 0.01846 0.42072 0.19104 1370.880
0.155 0.15809 37.55515 1.03072 5.93696 0.36969 0.01854 0.42040 0.19138 1371.592
0.160 0.15802 37.60877 1.03177 5.94298 0.36960 0.01861 0.42007 0.19172 1372.305
0.165 0.15796 37.66251 1.03281 5.94901 0.36951 0.01868 0.41975 0.19206 1373.019
0.170 0.15789 37.71637 1.03386 5.95506 0.36942 0.01875 0.41943 0.19239 1373.735
0.175 0.15783 37.77035 1.03492 5.96112 0.36933 0.01883 0.41911 0.19273 1374.451
0.180 0.15776 37.82445 1.03597 5.96719 0.36924 0.01890 0.41878 0.19307 1375.169
0.185 0.15769 37.87867 1.03703 5.97328 0.36915 0.01898 0.41846 0.19341 1375.888
0.190 0.15763 37.93301 1.03809 5.97937 0.36906 0.01905 0.41814 0.19375 1376.608
0.195 0.15756 37.98747 1.03915 5.98549 0.36897 0.01912 0.41781 0.19409 1377.328
0.200 0.15750 38.04205 1.04021 5.99161 0.36888 0.01920 0.41749 0.19443 1378.050
0.205 0.15743 38.09675 1.04128 5.99775 0.36879 0.01927 0.41717 0.19477 1378.773
0.210 0.15737 38.15158 1.04234 6.00390 0.36870 0.01935 0.41684 0.19511 1379.498
0.215 0.15730 38.20652 1.04341 6.01006 0.36860 0.01942 0.41652 0.19545 1380.223
0.220 0.15724 38.26159 1.04449 6.01624 0.36851 0.01950 0.41619 0.19580 1380.949
0.225 0.15717 38.31678 1.04556 6.02243 0.36842 0.01958 0.41587 0.19614 1381.677
0.230 0.15711 38.37210 1.04664 6.02864 0.36832 0.01965 0.41554 0.19648 1382.405
0.235 0.15705 38.42753 1.04772 6.03486 0.36823 0.01973 0.41522 0.19682 1383.135
0.240 0.15698 38.48310 1.04880 6.04109 0.36813 0.01981 0.41489 0.19717 1383.866
0.245 0.15692 38.53878 1.04988 6.04733 0.36804 0.01988 0.41457 0.19751 1384.598
0.250 0.15685 38.59459 1.05097 6.05359 0.36794 0.01996 0.41424 0.19785 1385.331
0.255 0.15679 38.65053 1.05206 6.05986 0.36785 0.02004 0.41391 0.19820 1386.065
0.260 0.15672 38.70659 1.05315 6.06615 0.36775 0.02012 0.41359 0.19854 1386.800
0.265 0.15666 38.76277 1.05424 6.07245 0.36765 0.02020 0.41326 0.19889 1387.536
0.270 0.15659 38.81909 1.05534 6.07876 0.36756 0.02027 0.41293 0.19923 1388.274
0.275 0.15653 38.87553 1.05644 6.08509 0.36746 0.02035 0.41261 0.19958 1389.012
0.280 0.15646 38.93209 1.05754 6.09143 0.36736 0.02043 0.41228 0.19993 1389.752
0.285 0.15640 38.98878 1.05864 6.09779 0.36726 0.02051 0.41195 0.20027 1390.493
0.290 0.15633 39.04561 1.05975 6.10416 0.36716 0.02059 0.41162 0.20062 1391.235
0.295 0.15627 39.10255 1.06086 6.11054 0.36707 0.02067 0.41129 0.20097 1391.978
0.300 0.15621 39.15963 1.06197 6.11694 0.36697 0.02075 0.41097 0.20132 1392.723
0.305 0.15614 39.21684 1.06308 6.12335 0.36687 0.02083 0.41064 0.20166 1393.468
0.310 0.15608 39.27417 1.06420 6.12978 0.36677 0.02091 0.41031 0.20201 1394.215
0.315 0.15601 39.33163 1.06532 6.13621 0.36666 0.02100 0.40998 0.20236 1394.962
0.320 0.15595 39.38923 1.06644 6.14267 0.36656 0.02108 0.40965 0.20271 1395.711
0.325 0.15588 39.44695 1.06756 6.14914 0.36646 0.02116 0.40932 0.20306 1396.461
0.330 0.15582 39.50480 1.06868 6.15562 0.36636 0.02124 0.40899 0.20341 1397.213
0.335 0.15576 39.56279 1.06981 6.16212 0.36626 0.02132 0.40866 0.20376 1397.965
0.340 0.15569 39.62091 1.07094 6.16863 0.36615 0.02141 0.40833 0.20411 1398.718
0.345 0.15563 39.67915 1.07207 6.17515 0.36605 0.02149 0.40800 0.20446 1399.473
0.350 0.15556 39.73753 1.07321 6.18169 0.36595 0.02157 0.40767 0.20481 1400.229
0.355 0.15550 39.79605 1.07435 6.18825 0.36584 0.02166 0.40734 0.20516 1400.986
0.360 0.15544 39.85469 1.07549 6.19481 0.36574 0.02174 0.40701 0.20552 1401.744
0.365 0.15537 39.91347 1.07663 6.20140 0.36563 0.02182 0.40668 0.20587 1402.504
0.370 0.15531 39.97238 1.07778 6.20800 0.36553 0.02191 0.40634 0.20622 1403.264
0.375 0.15524 40.03143 1.07893 6.21461 0.36542 0.02199 0.40601 0.20657 1404.026
0.380 0.15518 40.09061 1.08008 6.22124 0.36532 0.02208 0.40568 0.20693 1404.789
0.385 0.15512 40.14992 1.08123 6.22788 0.36521 0.02216 0.40535 0.20728 1405.553
0.390 0.15505 40.20937 1.08238 6.23454 0.36510 0.02225 0.40501 0.20763 1406.318
0.395 0.15499 40.26896 1.08354 6.24121 0.36499 0.02233 0.40468 0.20799 1407.085
0.400 0.15492 40.32868 1.08470 6.24789 0.36489 0.02242 0.40435 0.20834 1407.853
0.405 0.15486 40.38854 1.08587 6.25460 0.36478 0.02251 0.40402 0.20870 1408.621
0.410 0.15480 40.44854 1.08703 6.26131 0.36467 0.02259 0.40368 0.20905 1409.392
0.415 0.15473 40.50867 1.08820 6.26804 0.36456 0.02268 0.40335 0.20941 1410.163
0.420 0.15467 40.56894 1.08937 6.27479 0.36445 0.02277 0.40301 0.20977 1410.935
0.425 0.15461 40.62935 1.09055 6.28155 0.36434 0.02286 0.40268 0.21012 1411.709
0.430 0.15454 40.68989 1.09172 6.28833 0.36423 0.02294 0.40235 0.21048 1412.484
0.435 0.15448 40.75058 1.09290 6.29512 0.36412 0.02303 0.40201 0.21084 1413.260
0.440 0.15442 40.81141 1.09409 6.30193 0.36401 0.02312 0.40168 0.21119 1414.037
0.445 0.15435 40.87237 1.09527 6.30875 0.36390 0.02321 0.40134 0.21155 1414.816
0.450 0.15429 40.93347 1.09646 6.31559 0.36378 0.02330 0.40101 0.21191 1415.596
0.455 0.15423 40.99472 1.09765 6.32245 0.36367 0.02339 0.40067 0.21227 1416.377
0.460 0.15416 41.05611 1.09884 6.32931 0.36356 0.02348 0.40033 0.21263 1417.159
0.465 0.15410 41.11763 1.10003 6.33620 0.36344 0.02357 0.40000 0.21299 1417.943
0.470 0.15404 41.17930 1.10123 6.34310 0.36333 0.02366 0.39966 0.21335 1418.727
0.475 0.15397 41.24111 1.10243 6.35002 0.36322 0.02375 0.39933 0.21371 1419.513
0.480 0.15391 41.30307 1.10364 6.35695 0.36310 0.02384 0.39899 0.21407 1420.300
0.485 0.15385 41.36517 1.10484 6.36389 0.36299 0.02393 0.39865 0.21443 1421.089
0.490 0.15378 41.42741 1.10605 6.37086 0.36287 0.02403 0.39832 0.21479 1421.878
0.495 0.15372 41.48979 1.10726 6.37784 0.36275 0.02412 0.39798 0.21515 1422.669
0.500 0.15366 41.55232 1.10848 6.38483 0.36264 0.02421 0.39764 0.21551 1423.462
0.505 0.15359 41.61499 1.10969 6.39184 0.36252 0.02430 0.39730 0.21587 1424.255
0.510 0.15353 41.67781 1.11091 6.39887 0.36240 0.02440 0.39696 0.21623 1425.050
0.515 0.15347 41.74078 1.11214 6.40591 0.36229 0.02449 0.39663 0.21660 1425.846
0.520 0.15341 41.80389 1.11336 6.41297 0.36217 0.02458 0.39629 0.21696 1426.643
0.525 0.15334 41.86714 1.11459 6.42004 0.36205 0.02468 0.39595 0.21732 1427.441
0.530 0.15328 41.93055 1.11582 6.42713 0.36193 0.02477 0.39561 0.21769 1428.241
0.535 0.15322 41.99410 1.11706 6.43424 0.36181 0.02487 0.39527 0.21805 1429.042
0.540 0.15316 42.05780 1.11829 6.44136 0.36169 0.02496 0.39493 0.21841 1429.844
0.545 0.15309 42.12165 1.11953 6.44850 0.36157 0.02506 0.39459 0.21878 1430.648
0.550 0.15303 42.18564 1.12077 6.45566 0.36145 0.02515 0.39425 0.21914 1431.453
0.555 0.15297 42.24979 1.12202 6.46283 0.36133 0.02525 0.39391 0.21951 1432.259
0.560 0.15290 42.31408 1.12327 6.47002 0.36121 0.02535 0.39357 0.21987 1433.066
0.565 0.15284 42.37853 1.12452 6.47722 0.36109 0.02544 0.39323 0.22024 1433.875
0.570 0.15278 42.44312 1.12577 6.48444 0.36096 0.02554 0.39289 0.22061 1434.685
0.575 0.15272 42.50787 1.12703 6.49168 0.36084 0.02564 0.39255 0.22097 1435.496
0.580 0.15265 42.57277 1.12829 6.49894 0.36072 0.02574 0.39221 0.22134 1436.309
0.585 0.15259 42.63782 1.12955 6.50621 0.36059 0.02583 0.39187 0.22171 1437.123
0.590 0.15253 42.70302 1.13082 6.51350 0.36047 0.02593 0.39153 0.22207 1437.938
0.595 0.15247 42.76837 1.13208 6.52080 0.36034 0.02603 0.39118 0.22244 1438.754
0.600 0.15241 42.83388 1.13335 6.52812 0.36022 0.02613 0.39084 0.22281 1439.572
0.605 0.15234 42.89954 1.13463 6.53546 0.36009 0.02623 0.39050 0.22318 1440.391
0.610 0.15228 42.96536 1.13591 6.54282 0.35997 0.02633 0.39016 0.22355 1441.212
0.615 0.15222 43.03133 1.13719 6.55019 0.35984 0.02643 0.38981 0.22391 1442.034
0.620 0.15216 43.09746 1.13847 6.55758 0.35971 0.02653 0.38947 0.22428 1442.857
0.625 0.15209 43.16374 1.13976 6.56499 0.35959 0.02663 0.38913 0.22465 1443.681
0.630 0.15203 43.23018 1.14104 6.57241 0.35946 0.02673 0.38879 0.22502 1444.507
0.635 0.15197 43.29677 1.14234 6.57985 0.35933 0.02683 0.38844 0.22539 1445.334
0.640 0.15191 43.36352 1.14363 6.58731 0.35920 0.02694 0.38810 0.22576 1446.162
0.645 0.15185 43.43043 1.14493 6.59479 0.35907 0.02704 0.38775 0.22613 1446.992
0.650 0.15179 43.49750 1.14623 6.60228 0.35894 0.02714 0.38741 0.22651 1447.823
0.655 0.15172 43.56472 1.14753 6.60979 0.35881 0.02724 0.38707 0.22688 1448.656
0.660 0.15166 43.63211 1.14884 6.61732 0.35868 0.02735 0.38672 0.22725 1449.489
0.665 0.15160 43.69965 1.15015 6.62487 0.35855 0.02745 0.38638 0.22762 1450.325
0.670 0.15154 43.76736 1.15146 6.63243 0.35842 0.02756 0.38603 0.22799 1451.161
0.675 0.15148 43.83522 1.15278 6.64001 0.35829 0.02766 0.38569 0.22837 1451.999
0.680 0.15142 43.90325 1.15410 6.64761 0.35816 0.02776 0.38534 0.22874 1452.838
0.685 0.15135 43.97143 1.15542 6.65523 0.35803 0.02787 0.38499 0.22911 1453.679
0.690 0.15129 44.03978 1.15675 6.66286 0.35789 0.02798 0.38465 0.22948 1454.521
0.695 0.15123 44.10829 1.15808 6.67051 0.35776 0.02808 0.38430 0.22986 1455.364
0.700 0.15117 44.17696 1.15941 6.67818 0.35763 0.02819 0.38396 0.23023 1456.209
0.705 0.15111 44.24580 1.16074 6.68587 0.35749 0.02829 0.38361 0.23061 1457.055
0.710 0.15105 44.31480 1.16208 6.69358 0.35736 0.02840 0.38326 0.23098 1457.902
0.715 0.15098 44.38397 1.16342 6.70130 0.35722 0.02851 0.38292 0.23136 1458.751
0.720 0.15092 44.45330 1.16477 6.70905 0.35709 0.02862 0.38257 0.23173 1459.601
0.725 0.15086 44.52279 1.16611 6.71681 0.35695 0.02872 0.38222 0.23211 1460.453
0.730 0.15080 44.59245 1.16746 6.72459 0.35681 0.02883 0.38187 0.23248 1461.306
0.735 0.15074 44.66228 1.16882 6.73238 0.35668 0.02894 0.38152 0.23286 1462.160
0.740 0.15068 44.73228 1.17017 6.74020 0.35654 0.02905 0.38118 0.23323 1463.016
0.745 0.15062 44.80244 1.17153 6.74803 0.35640 0.02916 0.38083 0.23361 1463.873
0.750 0.15056 44.87277 1.17290 6.75589 0.35626 0.02927 0.38048 0.23399 1464.732
0.755 0.15050 44.94327 1.17426 6.76376 0.35612 0.02938 0.38013 0.23437 1465.592
0.760 0.15043 45.01394 1.17563 6.77165 0.35598 0.02949 0.37978 0.23474 1466.453
0.765 0.15037 45.08477 1.17701 6.77956 0.35584 0.02960 0.37943 0.23512 1467.316
0.770 0.15031 45.15578 1.17838 6.78748 0.35570 0.02971 0.37908 0.23550 1468.180
0.775 0.15025 45.22696 1.17976 6.79543 0.35556 0.02982 0.37873 0.23588 1469.046
0.780 0.15019 45.29831 1.18115 6.80340 0.35542 0.02994 0.37838 0.23626 1469.913
0.785 0.15013 45.36983 1.18253 6.81138 0.35528 0.03005 0.37803 0.23663 1470.782
0.790 0.15007 45.44152 1.18392 6.81938 0.35514 0.03016 0.37768 0.23701 1471.652
0.795 0.15001 45.51339 1.18531 6.82741 0.35500 0.03028 0.37733 0.23739 1472.523
0.800 0.14995 45.58543 1.18671 6.83545 0.35486 0.03039 0.37698 0.23777 1473.396
0.805 0.14989 45.65764 1.18811 6.84351 0.35471 0.03050 0.37663 0.23815 1474.270
0.810 0.14983 45.73003 1.18951 6.85159 0.35457 0.03062 0.37628 0.23853 1475.146
0.815 0.14977 45.80259 1.19092 6.85969 0.35442 0.03073 0.37593 0.23891 1476.023
0.820 0.14971 45.87533 1.19233 6.86780 0.35428 0.03085 0.37558 0.23929 1476.902
0.825 0.14965 45.94824 1.19374 6.87594 0.35413 0.03096 0.37523 0.23967 1477.782
0.830 0.14958 46.02133 1.19516 6.88410 0.35399 0.03108 0.37488 0.24006 1478.664
0.835 0.14952 46.09460 1.19658 6.89228 0.35384 0.03120 0.37452 0.24044 1479.547
0.840 0.14946 46.16804 1.19800 6.90047 0.35370 0.03131 0.37417 0.24082 1480.431
0.845 0.14940 46.24166 1.19942 6.90869 0.35355 0.03143 0.37382 0.24120 1481.317
0.850 0.14934 46.31547 1.20085 6.91692 0.35340 0.03155 0.37347 0.24158 1482.205
0.855 0.14928 46.38945 1.20229 6.92518 0.35326 0.03167 0.37311 0.24197 1483.094
0.860 0.14922 46.46361 1.20372 6.93345 0.35311 0.03178 0.37276 0.24235 1483.984
0.865 0.14916 46.53795 1.20516 6.94175 0.35296 0.03190 0.37241 0.24273 1484.876
0.870 0.14910 46.61247 1.20661 6.95006 0.35281 0.03202 0.37205 0.24311 1485.770
0.875 0.14904 46.68717 1.20806 6.95840 0.35266 0.03214 0.37170 0.24350 1486.664
0.880 0.14898 46.76206 1.20951 6.96676 0.35251 0.03226 0.37135 0.24388 1487.561
0.885 0.14892 46.83713 1.21096 6.97513 0.35236 0.03238 0.37099 0.24427 1488.459
0.890 0.14886 46.91238 1.21242 6.98353 0.35221 0.03250 0.37064 0.24465 1489.358
0.895 0.14880 46.98781 1.21388 6.99194 0.35206 0.03262 0.37028 0.24504 1490.259
0.900 0.14874 47.06343 1.21534 7.00038 0.35191 0.03275 0.36993 0.24542 1491.162
0.905 0.14868 47.13924 1.21681 7.00884 0.35175 0.03287 0.36957 0.24580 1492.066
0.910 0.14862 47.21523 1.21828 7.01731 0.35160 0.03299 0.36922 0.24619 1492.971
0.915 0.14856 47.29140 1.21976 7.02581 0.35145 0.03311 0.36886 0.24658 1493.878
0.920 0.14850 47.36777 1.22124 7.03433 0.35130 0.03324 0.36851 0.24696 1494.787
0.925 0.14844 47.44432 1.22272 7.04287 0.35114 0.03336 0.36815 0.24735 1495.697
0.930 0.14839 47.52105 1.22421 7.05143 0.35099 0.03348 0.36780 0.24773 1496.608
0.935 0.14833 47.59798 1.22570 7.06001 0.35083 0.03361 0.36744 0.24812 1497.521
0.940 0.14827 47.67510 1.22719 7.06861 0.35068 0.03373 0.36708 0.24851 1498.436
0.945 0.14821 47.75240 1.22869 7.07723 0.35052 0.03386 0.36673 0.24889 1499.352
0.950 0.14815 47.82990 1.23019 7.08588 0.35037 0.03398 0.36637 0.24928 1500.270
0.955 0.14809 47.90758 1.23169 7.09454 0.35021 0.03411 0.36601 0.24967 1501.189
0.960 0.14803 47.98546 1.23320 7.10323 0.35005 0.03424 0.36566 0.25006 1502.110
0.965 0.14797 48.06353 1.23471 7.11194 0.34989 0.03436 0.36530 0.25044 1503.033
0.970 0.14791 48.14180 1.23623 7.12066 0.34974 0.03449 0.36494 0.25083 1503.957
0.975 0.14785 48.22025 1.23775 7.12941 0.34958 0.03462 0.36458 0.25122 1504.882
0.980 0.14779 48.29890 1.23927 7.13818 0.34942 0.03475 0.36423 0.25161 1505.810
0.985 0.14773 48.37775 1.24079 7.14698 0.34926 0.03487 0.36387 0.25200 1506.738
0.990 0.14767 48.45679 1.24232 7.15579 0.34910 0.03500 0.36351 0.25239 1507.669
0.995 0.14761 48.53602 1.24386 7.16463 0.34894 0.03513 0.36315 0.25278 1508.601
1.000 0.14756 48.61546 1.24540 7.17349 0.34878 0.03526 0.36279 0.25317 1509.534
1.005 0.14750 48.69508 1.24694 7.18237 0.34862 0.03539 0.36243 0.25356 1510.469
1.010 0.14744 48.77491 1.24848 7.19127 0.34846 0.03552 0.36207 0.25394 1511.406
1.015 0.14738 48.85494 1.25003 7.20019 0.34829 0.03565 0.36172 0.25433 1512.344
1.020 0.14732 48.93516 1.25159 7.20913 0.34813 0.03579 0.36136 0.25473 1513.284
1.025 0.14726 49.01559 1.25314 7.21810 0.34797 0.03592 0.36100 0.25512 1514.226
1.030 0.14720 49.09621 1.25470 7.22709 0.34781 0.03605 0.36064 0.25551 1515.169
1.035 0.14714 49.17703 1.25627 7.23610 0.34764 0.03618 0.36028 0.25590 1516.114
1.040 0.14709 49.25806 1.25784 7.24514 0.34748 0.03632 0.35992 0.25629 1517.060
1.045 0.14703 49.33929 1.25941 7.25419 0.34731 0.03645 0.35956 0.25668 1518.008
1.050 0.14697 49.42072 1.26098 7.26327 0.34715 0.03659 0.35920 0.25707 1518.958
1.055 0.14691 49.50235 1.26256 7.27237 0.34698 0.03672 0.35883 0.25746 1519.909
1.060 0.14685 49.58419 1.26415 7.28150 0.34682 0.03685 0.35847 0.25786 1520.862
1.065 0.14679 49.66624 1.26574 7.29064 0.34665 0.03699 0.35811 0.25825 1521.816
1.070 0.14673 49.74849 1.26733 7.29981 0.34648 0.03713 0.35775 0.25864 1522.772
1.075 0.14668 49.83094 1.26892 7.30900 0.34632 0.03726 0.35739 0.25903 1523.730
1.080 0.14662 49.91360 1.27052 7.31822 0.34615 0.03740 0.35703 0.25942 1524.690
1.085 0.14656 49.99647 1.27213 7.32746 0.34598 0.03754 0.35667 0.25982 1525.651
1.090 0.14650 50.07955 1.27374 7.33672 0.34581 0.03767 0.35630 0.26021 1526.614
1.095 0.14644 50.16284 1.27535 7.34600 0.34564 0.03781 0.35594 0.26060 1527.578
1.100 0.14638 50.24633 1.27696 7.35531 0.34547 0.03795 0.35558 0.26100 1528.544
1.105 0.14633 50.33004 1.27858 7.36464 0.34530 0.03809 0.35522 0.26139 1529.512
1.110 0.14627 50.41395 1.28021 7.37399 0.34513 0.03823 0.35485 0.26179 1530.482
1.115 0.14621 50.49808 1.28183 7.38337 0.34496 0.03837 0.35449 0.26218 1531.453
1.120 0.14615 50.58242 1.28347 7.39277 0.34479 0.03851 0.35413 0.26257 1532.426
1.125 0.14610 50.66697 1.28510 7.40219 0.34462 0.03865 0.35377 0.26297 1533.400
1.130 0.14604 50.75174 1.28674 7.41164 0.34444 0.03879 0.35340 0.26336 1534.377
1.135 0.14598 50.83672 1.28839 7.42111 0.34427 0.03893 0.35304 0.26376 1535.355
1.140 0.14592 50.92191 1.29004 7.43061 0.34410 0.03908 0.35267 0.26415 1536.334
1.145 0.14586 51.00732 1.29169 7.44013 0.34392 0.03922 0.35231 0.26455 1537.316
1.150 0.14581 51.09295 1.29335 7.44967 0.34375 0.03936 0.35195 0.26494 1538.299
1.155 0.14575 51.17879 1.29501 7.45924 0.34357 0.03951 0.35158 0.26534 1539.284
1.160 0.14569 51.26486 1.29667 7.46883 0.34340 0.03965 0.35122 0.26573 1540.270
1.165 0.14563 51.35114 1.29834 7.47844 0.34322 0.03979 0.35085 0.26613 1541.258
1.170 0.14558 51.43763 1.30001 7.48808 0.34305 0.03994 0.35049 0.26653 1542.248
1.175 0.14552 51.52435 1.30169 7.49775 0.34287 0.04008 0.35012 0.26692 1543.240
1.180 0.14546 51.61129 1.30337 7.50743 0.34269 0.04023 0.34976 0.26732 1544.234
1.185 0.14540 51.69845 1.30506 7.51715 0.34252 0.04038 0.34939 0.26771 1545.229
1.190 0.14535 51.78584 1.30675 7.52688 0.34234 0.04052 0.34903 0.26811 1546.226
1.195 0.14529 51.87344 1.30845 7.53665 0.34216 0.04067 0.34866 0.26851 1547.224
1.200 0.14523 51.96127 1.31014 7.54643 0.34198 0.04082 0.34829 0.26891 1548.225
1.205 0.14517 52.04932 1.31185 7.55624 0.34180 0.04097 0.34793 0.26930 1549.227
1.210 0.14512 52.13760 1.31356 7.56608 0.34162 0.04112 0.34756 0.26970 1550.231
1.215 0.14506 52.22610 1.31527 7.57594 0.34144 0.04127 0.34720 0.27010 1551.237
1.220 0.14500 52.31483 1.31698 7.58583 0.34126 0.04141 0.34683 0.27049 1552.245
1.225 0.14495 52.40379 1.31870 7.59574 0.34108 0.04156 0.34646 0.27089 1553.254
1.230 0.14489 52.49298 1.32043 7.60567 0.34090 0.04172 0.34609 0.27129 1554.265
1.235 0.14483 52.58239 1.32216 7.61564 0.34072 0.04187 0.34573 0.27169 1555.278
1.240 0.14478 52.67203 1.32389 7.62562 0.34053 0.04202 0.34536 0.27209 1556.293
1.245 0.14472 52.76190 1.32563 7.63564 0.34035 0.04217 0.34499 0.27248 1557.309
1.250 0.14466 52.85201 1.32737 7.64568 0.34017 0.04232 0.34463 0.27288 1558.327
1.255 0.14461 52.94234 1.32912 7.65574 0.33998 0.04248 0.34426 0.27328 1559.347
1.260 0.14455 53.03291 1.33087 7.66583 0.33980 0.04263 0.34389 0.27368 1560.369
1.265 0.14449 53.12371 1.33263 7.67594 0.33962 0.04278 0.34352 0.27408 1561.393
1.270 0.14444 53.21474 1.33439 7.68609 0.33943 0.04294 0.34315 0.27448 1562.419
1.275 0.14438 53.30601 1.33616 7.69625 0.33925 0.04309 0.34278 0.27488 1563.446
1.280 0.14432 53.39752 1.33792 7.70645 0.33906 0.04325 0.34242 0.27528 1564.475
1.285 0.14427 53.48926 1.33970 7.71667 0.33887 0.04340 0.34205 0.27568 1565.506
1.290 0.14421 53.58124 1.34148 7.72691 0.33869 0.04356 0.34168 0.27608 1566.539
1.295 0.14415 53.67345 1.34326 7.73718 0.33850 0.04372 0.34131 0.27648 1567.574
1.300 0.14410 53.76591 1.34505 7.74748 0.33831 0.04388 0.34094 0.27688 1568.611
1.305 0.14404 53.85860 1.34684 7.75781 0.33812 0.04403 0.34057 0.27727 1569.649
1.310 0.14398 53.95153 1.34864 7.76816 0.33793 0.04419 0.34020 0.27767 1570.689
1.315 0.14393 54.04471 1.35044 7.77854 0.33774 0.04435 0.33983 0.27808 1571.732
1.320 0.14387 54.13812 1.35225 7.78894 0.33755 0.04451 0.33946 0.27848 1572.776
1.325 0.14382 54.23178 1.35406 7.79937 0.33736 0.04467 0.33909 0.27888 1573.822
1.330 0.14376 54.32569 1.35587 7.80983 0.33717 0.04483 0.33872 0.27928 1574.869
1.335 0.14370 54.41983 1.35769 7.82032 0.33698 0.04499 0.33835 0.27968 1575.919
1.340 0.14365 54.51422 1.35952 7.83083 0.33679 0.04515 0.33798 0.28008 1576.971
1.345 0.14359 54.60886 1.36135 7.84137 0.33660 0.04531 0.33761 0.28048 1578.024
1.350 0.14354 54.70375 1.36318 7.85194 0.33641 0.04548 0.33724 0.28088 1579.079
1.355 0.14348 54.79888 1.36502 7.86254 0.33621 0.04564 0.33687 0.28128 1580.137
1.360 0.14342 54.89426 1.36687 7.87316 0.33602 0.04580 0.33650 0.28168 1581.196
1.365 0.14337 54.98988 1.36872 7.88381 0.33583 0.04597 0.33612 0.28208 1582.257
1.370 0.14331 55.08576 1.37057 7.89449 0.33563 0.04613 0.33575 0.28248 1583.320
1.375 0.14326 55.18189 1.37243 7.90519 0.33544 0.04630 0.33538 0.28288 1584.385
1.380 0.14320 55.27827 1.37429 7.91592 0.33524 0.04646 0.33501 0.28329 1585.452
1.385 0.14315 55.37491 1.37616 7.92669 0.33505 0.04663 0.33464 0.28369 1586.521
1.390 0.14309 55.47179 1.37803 7.93747 0.33485 0.04679 0.33426 0.28409 1587.591
1.395 0.14303 55.56893 1.37991 7.94829 0.33465 0.04696 0.33389 0.28449 1588.664
1.400 0.14298 55.66633 1.38179 7.95914 0.33446 0.04713 0.33352 0.28489 1589.739
1.405 0.14292 55.76398 1.38368 7.97001 0.33426 0.04730 0.33315 0.28529 1590.815
1.410 0.14287 55.86189 1.38558 7.98091 0.33406 0.04747 0.33277 0.28570 1591.894
1.415 0.14281 55.96005 1.38747 7.99185 0.33386 0.04764 0.33240 0.28610 1592.974
1.420 0.14276 56.05848 1.38938 8.00280 0.33367 0.04780 0.33203 0.28650 1594.057
1.425 0.14270 56.15716 1.39128 8.01379 0.33347 0.04797 0.33166 0.28690 1595.141
1.430 0.14265 56.25611 1.39320 8.02481 0.33327 0.04815 0.33128 0.28731 1596.228
1.435 0.14259 56.35531 1.39511 8.03586 0.33307 0.04832 0.33091 0.28771 1597.316
1.440 0.14254 56.45478 1.39704 8.04693 0.33287 0.04849 0.33053 0.28811 1598.407
1.445 0.14248 56.55451 1.39896 8.05803 0.33267 0.04866 0.33016 0.28851 1599.499
1.450 0.14243 56.65450 1.40090 8.06917 0.33246 0.04883 0.32979 0.28892 1600.593
1.455 0.14237 56.75476 1.40284 8.08033 0.33226 0.04901 0.32941 0.28932 1601.690
1.460 0.14232 56.85528 1.40478 8.09152 0.33206 0.04918 0.32904 0.28972 1602.788
1.465 0.14226 56.95607 1.40673 8.10274 0.33186 0.04936 0.32866 0.29012 1603.889
1.470 0.14221 57.05712 1.40868 8.11399 0.33165 0.04953 0.32829 0.29053 1604.991
1.475 0.14215 57.15845 1.41064 8.12527 0.33145 0.04971 0.32792 0.29093 1606.096
1.480 0.14210 57.26004 1.41260 8.13658 0.33125 0.04988 0.32754 0.29133 1607.202
1.485 0.14204 57.36191 1.41457 8.14793 0.33104 0.05006 0.32717 0.29174 1608.311
1.490 0.14199 57.46404 1.41654 8.15930 0.33084 0.05023 0.32679 0.29214 1609.422
1.495 0.14194 57.56645 1.41852 8.17070 0.33063 0.05041 0.32642 0.29254 1610.534
1.500 0.14188 57.66913 1.42051 8.18213 0.33042 0.05059 0.32604 0.29294 1611.649
1.505 0.14183 57.77208 1.42250 8.19359 0.33022 0.05077 0.32566 0.29335 1612.766
1.510 0.14177 57.87531 1.42449 8.20508 0.33001 0.05095 0.32529 0.29375 1613.885
1.515 0.14172 57.97881 1.42649 8.21660 0.32980 0.05113 0.32491 0.29415 1615.006
1.520 0.14166 58.08259 1.42850 8.22815 0.32960 0.05131 0.32454 0.29456 1616.129
1.525 0.14161 58.18665 1.43051 8.23973 0.32939 0.05149 0.32416 0.29496 1617.254
1.530 0.14155 58.29098 1.43253 8.25135 0.32918 0.05167 0.32379 0.29536 1618.381
1.535 0.14150 58.39560 1.43455 8.26299 0.32897 0.05185 0.32341 0.29577 1619.510
1.540 0.14145 58.50049 1.43657 8.27467 0.32876 0.05204 0.32303 0.29617 1620.641
1.545 0.14139 58.60567 1.43861 8.28638 0.32855 0.05222 0.32266 0.29657 1621.775
1.550 0.14134 58.71113 1.44064 8.29811 0.32834 0.05240 0.32228 0.29698 1622.911
1.555 0.14128 58.81687 1.44269 8.30988 0.32813 0.05259 0.32190 0.29738 1624.048
1.560 0.14123 58.92289 1.44474 8.32168 0.32792 0.05277 0.32153 0.29778 1625.188
1.565 0.14118 59.02920 1.44679 8.33352 0.32771 0.05296 0.32115 0.29819 1626.330
1.570 0.14112 59.13580 1.44885 8.34538 0.32750 0.05314 0.32077 0.29859 1627.474
1.575 0.14107 59.24268 1.45092 8.35728 0.32728 0.05333 0.32039 0.29900 1628.620
1.580 0.14101 59.34985 1.45299 8.36920 0.32707 0.05351 0.32002 0.29940 1629.769
1.585 0.14096 59.45731 1.45506 8.38116 0.32686 0.05370 0.31964 0.29980 1630.919
1.590 0.14091 59.56506 1.45714 8.39315 0.32664 0.05389 0.31926 0.30021 1632.072
1.595 0.14085 59.67311 1.45923 8.40518 0.32643 0.05408 0.31888 0.30061 1633.227
1.600 0.14080 59.78144 1.46133 8.41723 0.32621 0.05427 0.31851 0.30101 1634.384
1.605 0.14075 59.89007 1.46342 8.42932 0.32600 0.05446 0.31813 0.30142 1635.543
1.610 0.14069 59.99899 1.46553 8.44144 0.32578 0.05465 0.31775 0.30182 1636.704
1.615 0.14064 60.10820 1.46764 8.45360 0.32557 0.05484 0.31737 0.30222 1637.868
1.620 0.14059 60.21771 1.46975 8.46578 0.32535 0.05503 0.31699 0.30263 1639.034
1.625 0.14053 60.32752 1.47188 8.47800 0.32513 0.05522 0.31661 0.30303 1640.202
1.630 0.14048 60.43763 1.47400 8.49025 0.32491 0.05541 0.31624 0.30343 1641.372
1.635 0.14043 60.54803 1.47614 8.50254 0.32470 0.05561 0.31586 0.30384 1642.544
1.640 0.14037 60.65874 1.47827 8.51486 0.32448 0.05580 0.31548 0.30424 1643.719
1.645 0.14032 60.76975 1.48042 8.52721 0.32426 0.05600 0.31510 0.30465 1644.895
1.650 0.14027 60.88106 1.48257 8.53959 0.32404 0.05619 0.31472 0.30505 1646.075
1.655 0.14021 60.99267 1.48472 8.55201 0.32382 0.05639 0.31434 0.30545 1647.256
1.660 0.14016 61.10459 1.48689 8.56447 0.32360 0.05658 0.31396 0.30586 1648.439
1.665 0.14011 61.21681 1.48905 8.57695 0.32338 0.05678 0.31358 0.30626 1649.625
1.670 0.14005 61.32934 1.49123 8.58947 0.32316 0.05698 0.31320 0.30666 1650.813
1.675 0.14000 61.44217 1.49341 8.60203 0.32294 0.05717 0.31282 0.30707 1652.003
1.680 0.13995 61.55532 1.49559 8.61461 0.32272 0.05737 0.31244 0.30747 1653.196
1.685 0.13990 61.66877 1.49778 8.62724 0.32249 0.05757 0.31206 0.30787 1654.391
1.690 0.13984 61.78254 1.49998 8.63989 0.32227 0.05777 0.31168 0.30828 1655.588
1.695 0.13979 61.89662 1.50218 8.65258 0.32205 0.05797 0.31130 0.30868 1656.787
1.700 0.13974 62.01101 1.50439 8.66531 0.32182 0.05817 0.31092 0.30908 1657.989
1.705 0.13969 62.12571 1.50661 8.67807 0.32160 0.05837 0.31054 0.30949 1659.193
1.710 0.13963 62.24073 1.50883 8.69086 0.32138 0.05857 0.31016 0.30989 1660.399
1.715 0.13958 62.35606 1.51106 8.70369 0.32115 0.05878 0.30978 0.31029 1661.607
1.720 0.13953 62.47172 1.51329 8.71656 0.32092 0.05898 0.30940 0.31069 1662.818
1.725 0.13948 62.58769 1.51553 8.72946 0.32070 0.05918 0.30902 0.31110 1664.032
1.730 0.13942 62.70398 1.51778 8.74239 0.32047 0.05939 0.30864 0.31150 1665.247
1.735 0.13937 62.82059 1.52003 8.75537 0.32025 0.05959 0.30826 0.31190 1666.465
1.740 0.13932 62.93752 1.52229 8.76837 0.32002 0.05980 0.30788 0.31231 1667.685
1.745 0.13927 63.05478 1.52455 8.78141 0.31979 0.06000 0.30750 0.31271 1668.908
1.750 0.13921 63.17236 1.52682 8.79449 0.31956 0.06021 0.30711 0.31311 1670.133
1.755 0.13916 63.29026 1.52910 8.80761 0.31933 0.06042 0.30673 0.31351 1671.360
1.760 0.13911 63.40849 1.53138 8.82076 0.31911 0.06063 0.30635 0.31392 1672.589
1.765 0.13906 63.52705 1.53367 8.83394 0.31888 0.06083 0.30597 0.31432 1673.821
1.770 0.13901 63.64594 1.53597 8.84716 0.31865 0.06104 0.30559 0.31472 1675.056
1.775 0.13895 63.76516 1.53827 8.86042 0.31842 0.06125 0.30521 0.31512 1676.293
1.780 0.13890 63.88470 1.54058 8.87372 0.31819 0.06146 0.30483 0.31553 1677.532
1.785 0.13885 64.00458 1.54289 8.88705 0.31796 0.06167 0.30444 0.31593 1678.773
1.790 0.13880 64.12480 1.54521 8.90042 0.31772 0.06188 0.30406 0.31633 1680.017
1.795 0.13875 64.24534 1.54754 8.91382 0.31749 0.06210 0.30368 0.31673 1681.264
1.800 0.13869 64.36623 1.54987 8.92727 0.31726 0.06231 0.30330 0.31713 1682.512
1.805 0.13864 64.48745 1.55221 8.94075 0.31703 0.06252 0.30291 0.31754 1683.764
1.810 0.13859 64.60901 1.55456 8.95426 0.31679 0.06274 0.30253 0.31794 1685.017
1.815 0.13854 64.73090 1.55691 8.96782 0.31656 0.06295 0.30215 0.31834 1686.273
1.820 0.13849 64.85314 1.55927 8.98141 0.31633 0.06317 0.30177 0.31874 1687.532
1.825 0.13844 64.97572 1.56164 8.99504 0.31609 0.06338 0.30138 0.31914 1688.793
1.830 0.13839 65.09864 1.56401 9.00871 0.31586 0.06360 0.30100 0.31954 1690.056
1.835 0.13833 65.22191 1.56639 9.02241 0.31562 0.06381 0.30062 0.31994 1691.322
1.840 0.13828 65.34552 1.56878 9.03615 0.31539 0.06403 0.30024 0.32035 1692.591
1.845 0.13823 65.46948 1.57117 9.04994 0.31515 0.06425 0.29985 0.32075 1693.862
1.850 0.13818 65.59378 1.57357 9.06376 0.31491 0.06447 0.29947 0.32115 1695.135
1.855 0.13813 65.71844 1.57597 9.07761 0.31468 0.06469 0.29909 0.32155 1696.411
1.860 0.13808 65.84344 1.57839 9.09151 0.31444 0.06491 0.29870 0.32195 1697.689
1.865 0.13803 65.96880 1.58081 9.10545 0.31420 0.06513 0.29832 0.32235 1698.970
1.870 0.13798 66.09450 1.58323 9.11942 0.31396 0.06535 0.29794 0.32275 1700.254
1.875 0.13792 66.22057 1.58567 9.13344 0.31372 0.06557 0.29755 0.32315 1701.540
1.880 0.13787 66.34698 1.58811 9.14749 0.31349 0.06579 0.29717 0.32355 1702.828
1.885 0.13782 66.47376 1.59055 9.16158 0.31325 0.06602 0.29679 0.32395 1704.119
1.890 0.13777 66.60089 1.59301 9.17571 0.31301 0.06624 0.29640 0.32435 1705.413
1.895 0.13772 66.72838 1.59547 9.18988 0.31277 0.06647 0.29602 0.32475 1706.709
1.900 0.13767 66.85623 1.59793 9.20409 0.31252 0.06669 0.29563 0.32515 1708.007
1.905 0.13762 66.98444 1.60041 9.21834 0.31228 0.06692 0.29525 0.32555 1709.309
1.910 0.13757 67.11302 1.60289 9.23264 0.31204 0.06714 0.29487 0.32595 1710.612
1.915 0.13752 67.24196 1.60538 9.24697 0.31180 0.06737 0.29448 0.32635 1711.919
1.920 0.13747 67.37126 1.60787 9.26134 0.31156 0.06760 0.29410 0.32675 1713.228
1.925 0.13742 67.50094 1.61037 9.27575 0.31131 0.06783 0.29371 0.32715 1714.539
1.930 0.13737 67.63098 1.61288 9.29020 0.31107 0.06805 0.29333 0.32754 1715.853
1.935 0.13732 67.76139 1.61540 9.30469 0.31083 0.06828 0.29295 0.32794 1717.170
1.940 0.13727 67.89217 1.61792 9.31923 0.31058 0.06851 0.29256 0.32834 1718.490
1.945 0.13721 68.02332 1.62045 9.33380 0.31034 0.06874 0.29218 0.32874 1719.812
1.950 0.13716 68.15484 1.62299 9.34842 0.31009 0.06898 0.29179 0.32914 1721.136
1.955 0.13711 68.28674 1.62553 9.36307 0.30985 0.06921 0.29141 0.32954 1722.464
1.960 0.13706 68.41902 1.62809 9.37777 0.30960 0.06944 0.29102 0.32993 1723.794
1.965 0.13701 68.55168 1.63064 9.39251 0.30936 0.06967 0.29064 0.33033 1725.126
1.970 0.13696 68.68471 1.63321 9.40729 0.30911 0.06991 0.29025 0.33073 1726.461
1.975 0.13691 68.81812 1.63578 9.42211 0.30886 0.07014 0.28987 0.33113 1727.799
1.980 0.13686 68.95192 1.63836 9.43698 0.30862 0.07038 0.28948 0.33152 1729.140
1.985 0.13681 69.08610 1.64095 9.45189 0.30837 0.07061 0.28910 0.33192 1730.483
1.990 0.13676 69.22066 1.64355 9.46684 0.30812 0.07085 0.28871 0.33232 1731.829
1.995 0.13671 69.35561 1.64615 9.48183 0.30787 0.07109 0.28833 0.33271 1733.178
2.000 0.13666 69.49094 1.64876 9.49686 0.30762 0.07133 0.28794 0.33311 1734.529
2.005 0.13661 69.62667 1.65138 9.51194 0.30737 0.07156 0.28756 0.33351 1735.883
2.010 0.13656 69.76278 1.65400 9.52706 0.30712 0.07180 0.28717 0.33390 1737.240
2.015 0.13651 69.89928 1.65664 9.54222 0.30687 0.07204 0.28679 0.33430 1738.600
2.020 0.13646 70.03618 1.65928 9.55743 0.30662 0.07228 0.28640 0.33469 1739.962
2.025 0.13641 70.17348 1.66192 9.57268 0.30637 0.07252 0.28602 0.33509 1741.327
2.030 0.13636 70.31116 1.66458 9.58797 0.30612 0.07277 0.28563 0.33548 1742.695
2.035 0.13632 70.44925 1.66724 9.60331 0.30587 0.07301 0.28524 0.33588 1744.066
2.040 0.13627 70.58773 1.66991 9.61869 0.30561 0.07325 0.28486 0.33627 1745.439
2.045 0.13622 70.72662 1.67259 9.63411 0.30536 0.07350 0.28447 0.33667 1746.815
2.050 0.13617 70.86590 1.67527 9.64958 0.30511 0.07374 0.28409 0.33706 1748.194
2.055 0.13612 71.00559 1.67797 9.66509 0.30485 0.07399 0.28370 0.33746 1749.576
2.060 0.13607 71.14568 1.68067 9.68065 0.30460 0.07423 0.28332 0.33785 1750.960
2.065 0.13602 71.28618 1.68338 9.69625 0.30435 0.07448 0.28293 0.33824 1752.348
2.070 0.13597 71.42709 1.68609 9.71190 0.30409 0.07473 0.28254 0.33864 1753.738
2.075 0.13592 71.56840 1.68882 9.72759 0.30384 0.07497 0.28216 0.33903 1755.131
2.080 0.13587 71.71013 1.69155 9.74332 0.30358 0.07522 0.28177 0.33942 1756.527
2.085 0.13582 71.85227 1.69429 9.75910 0.30333 0.07547 0.28139 0.33982 1757.926
2.090 0.13577 71.99482 1.69704 9.77493 0.30307 0.07572 0.28100 0.34021 1759.327
2.095 0.13572 72.13778 1.69979 9.79080 0.30281 0.07597 0.28061 0.34060 1760.732
2.100 0.13567 72.28117 1.70256 9.80672 0.30256 0.07622 0.28023 0.34099 1762.139
2.105 0.13563 72.42497 1.70533 9.82268 0.30230 0.07647 0.27984 0.34139 1763.549
2.110 0.13558 72.56919 1.70811 9.83869 0.30204 0.07673 0.27946 0.34178 1764.962
2.115 0.13553 72.71383 1.71089 9.85475 0.30178 0.07698 0.27907 0.34217 1766.378
2.120 0.13548 72.85889 1.71369 9.87085 0.30152 0.07723 0.27868 0.34256 1767.797
2.125 0.13543 73.00438 1.71649 9.88700 0.30126 0.07749 0.27830 0.34295 1769.219
2.130 0.13538 73.15029 1.71930 9.90320 0.30100 0.07774 0.27791 0.34334 1770.643
2.135 0.13533 73.29663 1.72212 9.91944 0.30074 0.07800 0.27752 0.34373 1772.071
2.140 0.13528 73.44340 1.72495 9.93573 0.30048 0.07826 0.27714 0.34412 1773.501
2.145 0.13524 73.59060 1.72779 9.95206 0.30022 0.07851 0.27675 0.34451 1774.935
2.150 0.13519 73.73823 1.73063 9.96845 0.29996 0.07877 0.27637 0.34490 1776.371
2.155 0.13514 73.88630 1.73349 9.98488 0.29970 0.07903 0.27598 0.34529 1777.811
2.160 0.13509 74.03480 1.73635 10.00136 0.29944 0.07929 0.27559 0.34568 1779.253
2.165 0.13504 74.18374 1.73922 10.01788 0.29918 0.07955 0.27521 0.34607 1780.699
2.170 0.13499 74.33312 1.74209 10.03446 0.29891 0.07981 0.27482 0.34646 1782.147
2.175 0.13494 74.48293 1.74498 10.05108 0.29865 0.08007 0.27443 0.34685 1783.598
2.180 0.13490 74.63319 1.74787 10.06775 0.29839 0.08033 0.27405 0.34723 1785.053
2.185 0.13485 74.78389 1.75078 10.08447 0.29812 0.08060 0.27366 0.34762 1786.510
2.190 0.13480 74.93504 1.75369 10.10124 0.29786 0.08086 0.27327 0.34801 1787.971
2.195 0.13475 75.08663 1.75661 10.11806 0.29760 0.08112 0.27289 0.34840 1789.434
2.200 0.13470 75.23868 1.75954 10.13492 0.29733 0.08139 0.27250 0.34878 1790.901
2.205 0.13466 75.39117 1.76247 10.15184 0.29707 0.08165 0.27211 0.34917 1792.370
2.210 0.13461 75.54411 1.76542 10.16880 0.29680 0.08192 0.27173 0.34955 1793.843
2.215 0.13456 75.69751 1.76837 10.18582 0.29653 0.08219 0.27134 0.34994 1795.318
2.220 0.13451 75.85136 1.77133 10.20288 0.29627 0.08245 0.27095 0.35033 1796.797
2.225 0.13446 76.00567 1.77430 10.22000 0.29600 0.08272 0.27057 0.35071 1798.279
2.230 0.13442 76.16044 1.77728 10.23716 0.29573 0.08299 0.27018 0.35110 1799.764
2.235 0.13437 76.31567 1.78027 10.25437 0.29547 0.08326 0.26979 0.35148 1801.252
2.240 0.13432 76.47136 1.78327 10.27164 0.29520 0.08353 0.26941 0.35187 1802.743
2.245 0.13427 76.62752 1.78628 10.28895 0.29493 0.08380 0.26902 0.35225 1804.238
2.250 0.13422 76.78414 1.78929 10.30632 0.29466 0.08408 0.26863 0.35263 1805.735
2.255 0.13418 76.94122 1.79232 10.32374 0.29439 0.08435 0.26824 0.35302 1807.236
2.260 0.13413 77.09878 1.79535 10.34121 0.29412 0.08462 0.26786 0.35340 1808.739
2.265 0.13408 77.25681 1.79839 10.35872 0.29385 0.08489 0.26747 0.35378 1810.246
2.270 0.13403 77.41531 1.80144 10.37630 0.29358 0.08517 0.26708 0.35416 1811.757
2.275 0.13399 77.57428 1.80450 10.39392 0.29331 0.08544 0.26670 0.35455 1813.270
2.280 0.13394 77.73373 1.80757 10.41159 0.29304 0.08572 0.26631 0.35493 1814.786
2.285 0.13389 77.89366 1.81065 10.42932 0.29277 0.08600 0.26592 0.35531 1816.306
2.290 0.13384 78.05406 1.81373 10.44710 0.29250 0.08628 0.26554 0.35569 1817.829
2.295 0.13380 78.21495 1.81683 10.46493 0.29223 0.08655 0.26515 0.35607 1819.355
2.300 0.13375 78.37632 1.81993 10.48282 0.29195 0.08683 0.26476 0.35645 1820.884
2.305 0.13370 78.53818 1.82305 10.50075 0.29168 0.08711 0.26438 0.35683 1822.417
2.310 0.13366 78.70053 1.82617 10.51874 0.29141 0.08739 0.26399 0.35721 1823.953
2.315 0.13361 78.86336 1.82930 10.53679 0.29113 0.08767 0.26360 0.35759 1825.492
2.320 0.13356 79.02668 1.83245 10.55489 0.29086 0.08796 0.26322 0.35797 1827.034
