timeGa Urey Qt heat/H0 heatTW 1HPE 2HPE 3HPE 4HPE TempC
0.000 1.10000 104.92925 1.00000 115.42218 0.14715 0.29649 0.10464 0.45172 1800.000
0.005 1.09687 104.92925 0.99715 115.09342 0.14746 0.29588 0.10491 0.45175 1800.229
0.010 1.09296 105.00484 0.99431 114.76590 0.14776 0.29526 0.10519 0.45179 1800.449
0.015 1.08910 105.07747 0.99149 114.43961 0.14807 0.29465 0.10546 0.45182 1800.660
0.020 1.08528 105.14716 0.98867 114.11455 0.14838 0.29404 0.10573 0.45185 1800.862
0.025 1.08152 105.21395 0.98587 113.79071 0.14868 0.29343 0.10601 0.45188 1801.055
0.030 1.07780 105.27786 0.98307 113.46809 0.14899 0.29281 0.10628 0.45191 1801.239
0.035 1.07412 105.33891 0.98029 113.14668 0.14930 0.29220 0.10656 0.45194 1801.415
0.040 1.07049 105.39714 0.97751 112.82647 0.14960 0.29159 0.10684 0.45197 1801.583
0.045 1.06690 105.45256 0.97475 112.50747 0.14991 0.29098 0.10711 0.45199 1801.742
0.050 1.06336 105.50521 0.97199 112.18967 0.15022 0.29037 0.10739 0.45202 1801.892
0.055 1.05985 105.55512 0.96925 111.87305 0.15053 0.28976 0.10767 0.45204 1802.034
0.060 1.05639 105.60230 0.96652 111.55762 0.15084 0.28916 0.10794 0.45206 1802.169
0.065 1.05297 105.64679 0.96380 111.24338 0.15115 0.28855 0.10822 0.45208 1802.295
0.070 1.04960 105.68861 0.96108 110.93031 0.15146 0.28794 0.10850 0.45210 1802.413
0.075 1.04626 105.72779 0.95838 110.61841 0.15177 0.28733 0.10878 0.45212 1802.523
0.080 1.04296 105.76436 0.95569 110.30768 0.15208 0.28673 0.10906 0.45214 1802.625
0.085 1.03970 105.79834 0.95301 109.99811 0.15239 0.28612 0.10934 0.45215 1802.720
0.090 1.03647 105.82975 0.95033 109.68970 0.15270 0.28552 0.10962 0.45217 1802.807
0.095 1.03329 105.85863 0.94767 109.38244 0.15301 0.28491 0.10990 0.45218 1802.886
0.100 1.03014 105.88500 0.94502 109.07633 0.15332 0.28431 0.11018 0.45219 1802.958
0.105 1.02703 105.90889 0.94238 108.77136 0.15363 0.28371 0.11046 0.45221 1803.023
0.110 1.02395 105.93031 0.93975 108.46753 0.15394 0.28310 0.11074 0.45222 1803.080
0.115 1.02091 105.94931 0.93712 108.16483 0.15425 0.28250 0.11103 0.45222 1803.130
0.120 1.01791 105.96590 0.93451 107.86327 0.15456 0.28190 0.11131 0.45223 1803.172
0.125 1.01493 105.98011 0.93191 107.56282 0.15487 0.28130 0.11159 0.45224 1803.208
0.130 1.01200 105.99196 0.92931 107.26350 0.15518 0.28070 0.11188 0.45224 1803.237
0.135 1.00909 106.00148 0.92673 106.96529 0.15550 0.28010 0.11216 0.45225 1803.258
0.140 1.00622 106.00870 0.92416 106.66818 0.15581 0.27950 0.11245 0.45225 1803.273
0.145 1.00338 106.01364 0.92159 106.37219 0.15612 0.27890 0.11273 0.45225 1803.281
0.150 1.00058 106.01633 0.91904 106.07729 0.15643 0.27830 0.11302 0.45225 1803.283
0.155 0.99780 106.01678 0.91649 105.78350 0.15675 0.27770 0.11330 0.45225 1803.277
0.160 0.99505 106.01504 0.91396 105.49079 0.15706 0.27710 0.11359 0.45225 1803.266
0.165 0.99234 106.01111 0.91143 105.19917 0.15737 0.27651 0.11387 0.45225 1803.247
0.170 0.98966 106.00503 0.90891 104.90863 0.15769 0.27591 0.11416 0.45224 1803.223
0.175 0.98700 105.99681 0.90640 104.61917 0.15800 0.27531 0.11445 0.45224 1803.192
0.180 0.98438 105.98650 0.90391 104.33079 0.15831 0.27472 0.11474 0.45223 1803.154
0.185 0.98178 105.97410 0.90142 104.04347 0.15863 0.27412 0.11503 0.45222 1803.111
0.190 0.97921 105.95964 0.89894 103.75722 0.15894 0.27353 0.11531 0.45221 1803.061
0.195 0.97667 105.94315 0.89647 103.47203 0.15926 0.27294 0.11560 0.45220 1803.005
0.200 0.97416 105.92465 0.89400 103.18789 0.15957 0.27234 0.11589 0.45219 1802.944
0.205 0.97168 105.90417 0.89155 102.90481 0.15989 0.27175 0.11618 0.45218 1802.876
0.210 0.96922 105.88172 0.88911 102.62277 0.16020 0.27116 0.11647 0.45217 1802.803
0.215 0.96679 105.85733 0.88667 102.34178 0.16052 0.27057 0.11676 0.45215 1802.724
0.220 0.96438 105.83103 0.88425 102.06182 0.16083 0.26998 0.11706 0.45213 1802.639
0.225 0.96201 105.80283 0.88183 101.78290 0.16115 0.26939 0.11735 0.45212 1802.548
0.230 0.95965 105.77277 0.87942 101.50501 0.16147 0.26880 0.11764 0.45210 1802.452
0.235 0.95732 105.74086 0.87703 101.22815 0.16178 0.26821 0.11793 0.45208 1802.350
0.240 0.95502 105.70712 0.87464 100.95230 0.16210 0.26762 0.11823 0.45206 1802.243
0.245 0.95274 105.67158 0.87225 100.67748 0.16241 0.26703 0.11852 0.45204 1802.131
0.250 0.95048 105.63427 0.86988 100.40366 0.16273 0.26644 0.11881 0.45201 1802.013
0.255 0.94825 105.59520 0.86752 100.13086 0.16305 0.26586 0.11911 0.45199 1801.890
0.260 0.94604 105.55439 0.86516 99.85906 0.16337 0.26527 0.11940 0.45196 1801.762
0.265 0.94386 105.51187 0.86282 99.58826 0.16368 0.26469 0.11970 0.45194 1801.628
0.270 0.94170 105.46766 0.86048 99.31846 0.16400 0.26410 0.11999 0.45191 1801.490
0.275 0.93956 105.42178 0.85815 99.04965 0.16432 0.26352 0.12029 0.45188 1801.346
0.280 0.93744 105.37425 0.85583 98.78183 0.16464 0.26293 0.12058 0.45185 1801.198
0.285 0.93534 105.32509 0.85352 98.51499 0.16495 0.26235 0.12088 0.45182 1801.044
0.290 0.93327 105.27433 0.85122 98.24913 0.16527 0.26177 0.12118 0.45178 1800.886
0.295 0.93121 105.22198 0.84892 97.98425 0.16559 0.26118 0.12148 0.45175 1800.723
0.300 0.92918 105.16807 0.84663 97.72034 0.16591 0.26060 0.12177 0.45171 1800.555
0.305 0.92717 105.11262 0.84436 97.45740 0.16623 0.26002 0.12207 0.45168 1800.383
0.310 0.92518 105.05564 0.84209 97.19542 0.16655 0.25944 0.12237 0.45164 1800.206
0.315 0.92321 104.99716 0.83982 96.93441 0.16687 0.25886 0.12267 0.45160 1800.024
0.320 0.92126 104.93720 0.83757 96.67435 0.16718 0.25828 0.12297 0.45156 1799.838
0.325 0.91933 104.87578 0.83533 96.41524 0.16750 0.25771 0.12327 0.45152 1799.647
0.330 0.91742 104.81291 0.83309 96.15708 0.16782 0.25713 0.12357 0.45148 1799.452
0.335 0.91552 104.74862 0.83086 95.89986 0.16814 0.25655 0.12387 0.45143 1799.253
0.340 0.91365 104.68293 0.82864 95.64359 0.16846 0.25598 0.12417 0.45139 1799.049
0.345 0.91180 104.61585 0.82643 95.38825 0.16878 0.25540 0.12447 0.45134 1798.842
0.350 0.90996 104.54741 0.82423 95.13384 0.16910 0.25482 0.12478 0.45130 1798.630
0.355 0.90814 104.47762 0.82203 94.88037 0.16942 0.25425 0.12508 0.45125 1798.413
0.360 0.90634 104.40650 0.81984 94.62782 0.16975 0.25368 0.12538 0.45120 1798.193
0.365 0.90456 104.33408 0.81766 94.37619 0.17007 0.25310 0.12568 0.45115 1797.969
0.370 0.90279 104.26037 0.81549 94.12547 0.17039 0.25253 0.12599 0.45110 1797.740
0.375 0.90104 104.18538 0.81332 93.87568 0.17071 0.25196 0.12629 0.45104 1797.508
0.380 0.89931 104.10915 0.81117 93.62679 0.17103 0.25139 0.12660 0.45099 1797.272
0.385 0.89760 104.03167 0.80902 93.37881 0.17135 0.25082 0.12690 0.45093 1797.032
0.390 0.89590 103.95298 0.80688 93.13173 0.17167 0.25025 0.12721 0.45088 1796.788
0.395 0.89422 103.87309 0.80475 92.88555 0.17199 0.24968 0.12751 0.45082 1796.541
0.400 0.89256 103.79202 0.80262 92.64026 0.17232 0.24911 0.12782 0.45076 1796.290
0.405 0.89091 103.70978 0.80050 92.39587 0.17264 0.24854 0.12812 0.45070 1796.035
0.410 0.88927 103.62640 0.79839 92.15236 0.17296 0.24797 0.12843 0.45064 1795.776
0.415 0.88766 103.54188 0.79629 91.90974 0.17328 0.24741 0.12874 0.45058 1795.514
0.420 0.88606 103.45625 0.79420 91.66800 0.17360 0.24684 0.12904 0.45051 1795.249
0.425 0.88447 103.36953 0.79211 91.42714 0.17393 0.24627 0.12935 0.45045 1794.980
0.430 0.88290 103.28172 0.79003 91.18715 0.17425 0.24571 0.12966 0.45038 1794.707
0.435 0.88134 103.19285 0.78796 90.94803 0.17457 0.24514 0.12997 0.45031 1794.432
0.440 0.87980 103.10294 0.78590 90.70978 0.17489 0.24458 0.13028 0.45025 1794.152
0.445 0.87827 103.01199 0.78384 90.47239 0.17522 0.24402 0.13059 0.45018 1793.870
0.450 0.87676 102.92002 0.78179 90.23586 0.17554 0.24346 0.13090 0.45011 1793.584
0.455 0.87526 102.82706 0.77975 90.00018 0.17586 0.24289 0.13121 0.45003 1793.295
0.460 0.87377 102.73311 0.77771 89.76536 0.17619 0.24233 0.13152 0.44996 1793.003
0.465 0.87230 102.63819 0.77569 89.53138 0.17651 0.24177 0.13183 0.44989 1792.708
0.470 0.87084 102.54232 0.77367 89.29826 0.17683 0.24121 0.13214 0.44981 1792.410
0.475 0.86940 102.44551 0.77165 89.06597 0.17716 0.24065 0.13245 0.44973 1792.108
0.480 0.86797 102.34778 0.76965 88.83452 0.17748 0.24009 0.13277 0.44966 1791.804
0.485 0.86655 102.24914 0.76765 88.60391 0.17781 0.23954 0.13308 0.44958 1791.496
0.490 0.86514 102.14961 0.76566 88.37413 0.17813 0.23898 0.13339 0.44950 1791.186
0.495 0.86375 102.04920 0.76368 88.14518 0.17846 0.23842 0.13370 0.44942 1790.873
0.500 0.86237 101.94792 0.76170 87.91705 0.17878 0.23787 0.13402 0.44933 1790.557
0.505 0.86101 101.84580 0.75973 87.68974 0.17910 0.23731 0.13433 0.44925 1790.238
0.510 0.85965 101.74284 0.75777 87.46326 0.17943 0.23676 0.13465 0.44916 1789.916
0.515 0.85831 101.63905 0.75581 87.23758 0.17975 0.23620 0.13496 0.44908 1789.592
0.520 0.85698 101.53446 0.75386 87.01272 0.18008 0.23565 0.13528 0.44899 1789.265
0.525 0.85566 101.42907 0.75192 86.78867 0.18040 0.23510 0.13559 0.44890 1788.935
0.530 0.85435 101.32291 0.74999 86.56542 0.18073 0.23455 0.13591 0.44881 1788.603
0.535 0.85306 101.21597 0.74806 86.34298 0.18105 0.23400 0.13623 0.44872 1788.268
0.540 0.85177 101.10828 0.74614 86.12133 0.18138 0.23345 0.13654 0.44863 1787.930
0.545 0.85050 100.99985 0.74423 85.90048 0.18171 0.23290 0.13686 0.44854 1787.590
0.550 0.84924 100.89069 0.74232 85.68042 0.18203 0.23235 0.13718 0.44844 1787.247
0.555 0.84799 100.78082 0.74042 85.46115 0.18236 0.23180 0.13750 0.44835 1786.902
0.560 0.84675 100.67024 0.73853 85.24266 0.18268 0.23125 0.13781 0.44825 1786.555
0.565 0.84552 100.55898 0.73664 85.02496 0.18301 0.23071 0.13813 0.44816 1786.205
0.570 0.84431 100.44704 0.73476 84.80803 0.18333 0.23016 0.13845 0.44806 1785.852
0.575 0.84310 100.33443 0.73289 84.59189 0.18366 0.22961 0.13877 0.44796 1785.498
0.580 0.84190 100.22117 0.73103 84.37651 0.18399 0.22907 0.13909 0.44786 1785.141
0.585 0.84072 100.10726 0.72917 84.16191 0.18431 0.22852 0.13941 0.44775 1784.782
0.590 0.83954 99.99273 0.72731 83.94807 0.18464 0.22798 0.13973 0.44765 1784.420
0.595 0.83838 99.87758 0.72547 83.73499 0.18497 0.22744 0.14005 0.44754 1784.057
0.600 0.83722 99.76183 0.72363 83.52268 0.18529 0.22690 0.14037 0.44744 1783.691
0.605 0.83608 99.64548 0.72179 83.31112 0.18562 0.22635 0.14069 0.44733 1783.323
0.610 0.83494 99.52855 0.71997 83.10032 0.18594 0.22581 0.14102 0.44722 1782.953
0.615 0.83381 99.41104 0.71815 82.89027 0.18627 0.22527 0.14134 0.44712 1782.581
0.620 0.83270 99.29298 0.71634 82.68097 0.18660 0.22473 0.14166 0.44700 1782.207
0.625 0.83159 99.17437 0.71453 82.47241 0.18693 0.22420 0.14198 0.44689 1781.830
0.630 0.83049 99.05521 0.71273 82.26460 0.18725 0.22366 0.14231 0.44678 1781.452
0.635 0.82940 98.93553 0.71093 82.05752 0.18758 0.22312 0.14263 0.44667 1781.072
0.640 0.82832 98.81534 0.70915 81.85118 0.18791 0.22258 0.14296 0.44655 1780.690
0.645 0.82725 98.69463 0.70736 81.64558 0.18823 0.22205 0.14328 0.44644 1780.306
0.650 0.82619 98.57343 0.70559 81.44070 0.18856 0.22151 0.14361 0.44632 1779.920
0.655 0.82514 98.45175 0.70382 81.23655 0.18889 0.22098 0.14393 0.44620 1779.532
0.660 0.82410 98.32959 0.70206 81.03313 0.18922 0.22045 0.14426 0.44608 1779.142
0.665 0.82306 98.20696 0.70030 80.83043 0.18954 0.21991 0.14458 0.44596 1778.751
0.670 0.82204 98.08388 0.69855 80.62844 0.18987 0.21938 0.14491 0.44584 1778.358
0.675 0.82102 97.96035 0.69681 80.42718 0.19020 0.21885 0.14524 0.44572 1777.963
0.680 0.82001 97.83638 0.69507 80.22662 0.19053 0.21832 0.14556 0.44559 1777.566
0.685 0.81901 97.71199 0.69334 80.02678 0.19085 0.21779 0.14589 0.44547 1777.168
0.690 0.81801 97.58718 0.69161 79.82764 0.19118 0.21726 0.14622 0.44534 1776.768
0.695 0.81703 97.46196 0.68990 79.62921 0.19151 0.21673 0.14655 0.44521 1776.366
0.700 0.81605 97.33635 0.68818 79.43147 0.19184 0.21620 0.14687 0.44508 1775.963
0.705 0.81508 97.21034 0.68648 79.23444 0.19217 0.21568 0.14720 0.44495 1775.558
0.710 0.81412 97.08395 0.68477 79.03810 0.19249 0.21515 0.14753 0.44482 1775.151
0.715 0.81317 96.95719 0.68308 78.84246 0.19282 0.21462 0.14786 0.44469 1774.743
0.720 0.81222 96.83007 0.68139 78.64751 0.19315 0.21410 0.14819 0.44456 1774.334
0.725 0.81128 96.70260 0.67971 78.45324 0.19348 0.21357 0.14852 0.44442 1773.923
0.730 0.81035 96.57477 0.67803 78.25966 0.19381 0.21305 0.14885 0.44429 1773.510
0.735 0.80943 96.44662 0.67636 78.06676 0.19414 0.21253 0.14918 0.44415 1773.096
0.740 0.80851 96.31813 0.67469 77.87454 0.19446 0.21201 0.14951 0.44402 1772.681
0.745 0.80761 96.18932 0.67303 77.68299 0.19479 0.21148 0.14985 0.44388 1772.264
0.750 0.80670 96.06020 0.67138 77.49212 0.19512 0.21096 0.15018 0.44374 1771.846
0.755 0.80581 95.93078 0.66973 77.30193 0.19545 0.21044 0.15051 0.44360 1771.426
0.760 0.80492 95.80105 0.66809 77.11239 0.19578 0.20992 0.15084 0.44345 1771.005
0.765 0.80404 95.67105 0.66645 76.92353 0.19611 0.20941 0.15118 0.44331 1770.583
0.770 0.80317 95.54076 0.66482 76.73533 0.19644 0.20889 0.15151 0.44317 1770.159
0.775 0.80230 95.41019 0.66320 76.54779 0.19676 0.20837 0.15184 0.44302 1769.734
0.780 0.80144 95.27937 0.66158 76.36090 0.19709 0.20785 0.15218 0.44288 1769.308
0.785 0.80059 95.14828 0.65997 76.17468 0.19742 0.20734 0.15251 0.44273 1768.881
0.790 0.79974 95.01694 0.65836 75.98910 0.19775 0.20682 0.15285 0.44258 1768.452
0.795 0.79890 94.88536 0.65676 75.80417 0.19808 0.20631 0.15318 0.44243 1768.022
0.800 0.79807 94.75355 0.65516 75.61990 0.19841 0.20580 0.15352 0.44228 1767.591
0.805 0.79724 94.62151 0.65357 75.43626 0.19874 0.20528 0.15385 0.44213 1767.159
0.810 0.79642 94.48924 0.65198 75.25327 0.19907 0.20477 0.15419 0.44197 1766.726
0.815 0.79561 94.35676 0.65040 75.07092 0.19940 0.20426 0.15452 0.44182 1766.291
0.820 0.79480 94.22407 0.64883 74.88920 0.19972 0.20375 0.15486 0.44166 1765.856
0.825 0.79400 94.09118 0.64726 74.70812 0.20005 0.20324 0.15520 0.44151 1765.419
0.830 0.79320 93.95810 0.64570 74.52768 0.20038 0.20273 0.15553 0.44135 1764.981
0.835 0.79241 93.82483 0.64414 74.34786 0.20071 0.20222 0.15587 0.44119 1764.543
0.840 0.79163 93.69138 0.64259 74.16866 0.20104 0.20172 0.15621 0.44103 1764.103
0.845 0.79085 93.55775 0.64104 73.99010 0.20137 0.20121 0.15655 0.44087 1763.662
0.850 0.79008 93.42395 0.63950 73.81215 0.20170 0.20071 0.15689 0.44071 1763.220
0.855 0.78931 93.29000 0.63796 73.63483 0.20203 0.20020 0.15723 0.44055 1762.778
0.860 0.78855 93.15588 0.63643 73.45812 0.20236 0.19970 0.15756 0.44038 1762.334
0.865 0.78780 93.02162 0.63490 73.28202 0.20269 0.19919 0.15790 0.44022 1761.889
0.870 0.78705 92.88721 0.63338 73.10654 0.20302 0.19869 0.15824 0.44005 1761.444
0.875 0.78630 92.75267 0.63187 72.93167 0.20334 0.19819 0.15858 0.43988 1760.997
0.880 0.78556 92.61799 0.63036 72.75740 0.20367 0.19769 0.15892 0.43972 1760.550
0.885 0.78483 92.48318 0.62885 72.58374 0.20400 0.19719 0.15927 0.43955 1760.102
0.890 0.78410 92.34826 0.62736 72.41068 0.20433 0.19669 0.15961 0.43938 1759.652
0.895 0.78338 92.21322 0.62586 72.23822 0.20466 0.19619 0.15995 0.43920 1759.203
0.900 0.78267 92.07807 0.62437 72.06636 0.20499 0.19569 0.16029 0.43903 1758.752
0.905 0.78195 91.94282 0.62289 71.89510 0.20532 0.19519 0.16063 0.43886 1758.300
0.910 0.78125 91.80747 0.62141 71.72443 0.20565 0.19469 0.16097 0.43868 1757.848
0.915 0.78055 91.67203 0.61994 71.55435 0.20598 0.19420 0.16132 0.43851 1757.395
0.920 0.77985 91.53650 0.61847 71.38485 0.20631 0.19370 0.16166 0.43833 1756.941
0.925 0.77916 91.40088 0.61700 71.21594 0.20664 0.19321 0.16200 0.43815 1756.486
0.930 0.77847 91.26519 0.61555 71.04762 0.20696 0.19271 0.16235 0.43797 1756.031
0.935 0.77779 91.12943 0.61409 70.87988 0.20729 0.19222 0.16269 0.43779 1755.574
0.940 0.77712 90.99360 0.61264 70.71271 0.20762 0.19173 0.16304 0.43761 1755.118
0.945 0.77645 90.85770 0.61120 70.54613 0.20795 0.19124 0.16338 0.43743 1754.660
0.950 0.77578 90.72175 0.60976 70.38011 0.20828 0.19075 0.16372 0.43725 1754.202
0.955 0.77512 90.58575 0.60833 70.21467 0.20861 0.19026 0.16407 0.43706 1753.743
0.960 0.77446 90.44970 0.60690 70.04980 0.20894 0.18977 0.16442 0.43688 1753.283
0.965 0.77381 90.31360 0.60548 69.88550 0.20927 0.18928 0.16476 0.43669 1752.823
0.970 0.77316 90.17747 0.60406 69.72176 0.20960 0.18879 0.16511 0.43650 1752.363
0.975 0.77252 90.04130 0.60264 69.55859 0.20993 0.18831 0.16545 0.43632 1751.901
0.980 0.77188 89.90511 0.60124 69.39597 0.21025 0.18782 0.16580 0.43613 1751.439
0.985 0.77125 89.76888 0.59983 69.23392 0.21058 0.18733 0.16615 0.43593 1750.977
0.990 0.77062 89.63264 0.59843 69.07242 0.21091 0.18685 0.16649 0.43574 1750.513
0.995 0.76999 89.49638 0.59704 68.91148 0.21124 0.18637 0.16684 0.43555 1750.050
1.000 0.76937 89.36011 0.59565 68.75108 0.21157 0.18588 0.16719 0.43536 1749.586
1.005 0.76875 89.22383 0.59426 68.59124 0.21190 0.18540 0.16754 0.43516 1749.121
1.010 0.76814 89.08755 0.59288 68.43195 0.21223 0.18492 0.16789 0.43497 1748.655
1.015 0.76753 88.95126 0.59151 68.27320 0.21256 0.18444 0.16824 0.43477 1748.190
1.020 0.76693 88.81498 0.59014 68.11499 0.21288 0.18396 0.16858 0.43457 1747.723
1.025 0.76633 88.67871 0.58877 67.95733 0.21321 0.18348 0.16893 0.43437 1747.257
1.030 0.76574 88.54245 0.58741 67.80020 0.21354 0.18300 0.16928 0.43417 1746.789
1.035 0.76515 88.40621 0.58605 67.64362 0.21387 0.18252 0.16963 0.43397 1746.322
1.040 0.76456 88.26998 0.58470 67.48756 0.21420 0.18205 0.16998 0.43377 1745.854
1.045 0.76398 88.13378 0.58335 67.33204 0.21453 0.18157 0.17033 0.43357 1745.385
1.050 0.76340 87.99760 0.58201 67.17705 0.21486 0.18110 0.17068 0.43336 1744.916
1.055 0.76282 87.86146 0.58067 67.02259 0.21518 0.18062 0.17104 0.43316 1744.447
1.060 0.76225 87.72535 0.57934 66.86866 0.21551 0.18015 0.17139 0.43295 1743.977
1.065 0.76168 87.58928 0.57801 66.71525 0.21584 0.17968 0.17174 0.43275 1743.507
1.070 0.76112 87.45324 0.57669 66.56236 0.21617 0.17920 0.17209 0.43254 1743.036
1.075 0.76056 87.31726 0.57537 66.40999 0.21650 0.17873 0.17244 0.43233 1742.565
1.080 0.76000 87.18132 0.57405 66.25814 0.21682 0.17826 0.17279 0.43212 1742.094
1.085 0.75945 87.04543 0.57274 66.10681 0.21715 0.17779 0.17315 0.43191 1741.622
1.090 0.75890 86.90960 0.57143 65.95599 0.21748 0.17732 0.17350 0.43170 1741.150
1.095 0.75836 86.77382 0.57013 65.80569 0.21781 0.17685 0.17385 0.43148 1740.678
1.100 0.75782 86.63811 0.56883 65.65589 0.21814 0.17639 0.17421 0.43127 1740.205
1.105 0.75728 86.50245 0.56754 65.50660 0.21846 0.17592 0.17456 0.43105 1739.732
1.110 0.75675 86.36687 0.56625 65.35782 0.21879 0.17546 0.17492 0.43084 1739.259
1.115 0.75622 86.23136 0.56497 65.20955 0.21912 0.17499 0.17527 0.43062 1738.785
1.120 0.75569 86.09591 0.56369 65.06177 0.21945 0.17453 0.17562 0.43040 1738.312
1.125 0.75517 85.96055 0.56241 64.91450 0.21977 0.17406 0.17598 0.43018 1737.838
1.130 0.75465 85.82526 0.56114 64.76772 0.22010 0.17360 0.17633 0.42996 1737.363
1.135 0.75413 85.69006 0.55987 64.62144 0.22043 0.17314 0.17669 0.42974 1736.889
1.140 0.75362 85.55494 0.55861 64.47566 0.22076 0.17268 0.17705 0.42952 1736.414
1.145 0.75311 85.41991 0.55735 64.33037 0.22108 0.17222 0.17740 0.42930 1735.939
1.150 0.75260 85.28496 0.55609 64.18556 0.22141 0.17176 0.17776 0.42907 1735.463
1.155 0.75210 85.15011 0.55484 64.04125 0.22174 0.17130 0.17811 0.42885 1734.988
1.160 0.75160 85.01536 0.55360 63.89742 0.22206 0.17084 0.17847 0.42862 1734.512
1.165 0.75110 84.88070 0.55236 63.75408 0.22239 0.17038 0.17883 0.42840 1734.036
1.170 0.75061 84.74614 0.55112 63.61122 0.22272 0.16993 0.17918 0.42817 1733.560
1.175 0.75012 84.61169 0.54988 63.46885 0.22305 0.16947 0.17954 0.42794 1733.084
1.180 0.74963 84.47734 0.54865 63.32695 0.22337 0.16902 0.17990 0.42771 1732.608
1.185 0.74915 84.34310 0.54743 63.18553 0.22370 0.16856 0.18026 0.42748 1732.131
1.190 0.74867 84.20897 0.54621 63.04458 0.22402 0.16811 0.18062 0.42725 1731.654
1.195 0.74819 84.07496 0.54499 62.90411 0.22435 0.16766 0.18097 0.42702 1731.177
1.200 0.74772 83.94106 0.54378 62.76411 0.22468 0.16721 0.18133 0.42678 1730.700
1.205 0.74725 83.80727 0.54257 62.62458 0.22500 0.16676 0.18169 0.42655 1730.223
1.210 0.74678 83.67361 0.54136 62.48552 0.22533 0.16631 0.18205 0.42631 1729.746
1.215 0.74631 83.54006 0.54016 62.34693 0.22566 0.16586 0.18241 0.42608 1729.269
1.220 0.74585 83.40665 0.53897 62.20880 0.22598 0.16541 0.18277 0.42584 1728.791
1.225 0.74539 83.27335 0.53777 62.07113 0.22631 0.16496 0.18313 0.42560 1728.313
1.230 0.74493 83.14019 0.53659 61.93392 0.22663 0.16451 0.18349 0.42536 1727.836
1.235 0.74448 83.00715 0.53540 61.79717 0.22696 0.16407 0.18385 0.42512 1727.358
1.240 0.74403 82.87425 0.53422 61.66088 0.22728 0.16362 0.18421 0.42488 1726.880
1.245 0.74358 82.74149 0.53304 61.52505 0.22761 0.16318 0.18457 0.42464 1726.402
1.250 0.74314 82.60886 0.53187 61.38967 0.22793 0.16273 0.18494 0.42440 1725.924
1.255 0.74269 82.47636 0.53070 61.25474 0.22826 0.16229 0.18530 0.42415 1725.446
1.260 0.74226 82.34401 0.52954 61.12026 0.22858 0.16185 0.18566 0.42391 1724.968
1.265 0.74182 82.21180 0.52838 60.98623 0.22891 0.16141 0.18602 0.42366 1724.490
1.270 0.74138 82.07973 0.52722 60.85265 0.22923 0.16097 0.18638 0.42342 1724.012
1.275 0.74095 81.94781 0.52606 60.71951 0.22956 0.16053 0.18675 0.42317 1723.534
1.280 0.74052 81.81604 0.52491 60.58681 0.22988 0.16009 0.18711 0.42292 1723.055
1.285 0.74010 81.68442 0.52377 60.45456 0.23021 0.15965 0.18747 0.42267 1722.577
1.290 0.73968 81.55294 0.52263 60.32275 0.23053 0.15921 0.18783 0.42242 1722.099
1.295 0.73926 81.42162 0.52149 60.19137 0.23086 0.15878 0.18820 0.42217 1721.621
1.300 0.73884 81.29046 0.52035 60.06043 0.23118 0.15834 0.18856 0.42192 1721.143
1.305 0.73842 81.15945 0.51922 59.92993 0.23150 0.15791 0.18892 0.42166 1720.664
1.310 0.73801 81.02860 0.51810 59.79986 0.23183 0.15747 0.18929 0.42141 1720.186
1.315 0.73760 80.89790 0.51697 59.67022 0.23215 0.15704 0.18965 0.42115 1719.708
1.320 0.73719 80.76737 0.51585 59.54101 0.23248 0.15661 0.19002 0.42090 1719.230
1.325 0.73679 80.63700 0.51474 59.41223 0.23280 0.15618 0.19038 0.42064 1718.752
1.330 0.73638 80.50679 0.51363 59.28388 0.23312 0.15575 0.19075 0.42039 1718.274
1.335 0.73598 80.37675 0.51252 59.15595 0.23345 0.15532 0.19111 0.42013 1717.796
1.340 0.73559 80.24688 0.51141 59.02844 0.23377 0.15489 0.19148 0.41987 1717.318
1.345 0.73519 80.11717 0.51031 58.90136 0.23409 0.15446 0.19184 0.41961 1716.840
1.350 0.73480 79.98764 0.50921 58.77469 0.23441 0.15403 0.19221 0.41935 1716.362
1.355 0.73441 79.85827 0.50812 58.64844 0.23474 0.15360 0.19258 0.41908 1715.884
1.360 0.73402 79.72908 0.50703 58.52261 0.23506 0.15318 0.19294 0.41882 1715.407
1.365 0.73363 79.60006 0.50594 58.39720 0.23538 0.15275 0.19331 0.41856 1714.929
1.370 0.73325 79.47121 0.50486 58.27220 0.23570 0.15233 0.19368 0.41829 1714.451
1.375 0.73287 79.34254 0.50378 58.14761 0.23603 0.15190 0.19404 0.41803 1713.974
1.380 0.73249 79.21405 0.50271 58.02343 0.23635 0.15148 0.19441 0.41776 1713.497
1.385 0.73211 79.08574 0.50163 57.89966 0.23667 0.15106 0.19478 0.41749 1713.019
1.390 0.73174 78.95760 0.50056 57.77630 0.23699 0.15064 0.19514 0.41723 1712.542
1.395 0.73137 78.82965 0.49950 57.65334 0.23731 0.15022 0.19551 0.41696 1712.065
1.400 0.73100 78.70188 0.49844 57.53079 0.23763 0.14980 0.19588 0.41669 1711.588
1.405 0.73063 78.57429 0.49738 57.40864 0.23795 0.14938 0.19625 0.41642 1711.112
1.410 0.73026 78.44689 0.49632 57.28689 0.23828 0.14896 0.19662 0.41615 1710.635
1.415 0.72990 78.31967 0.49527 57.16554 0.23860 0.14854 0.19699 0.41587 1710.158
1.420 0.72954 78.19264 0.49423 57.04459 0.23892 0.14813 0.19735 0.41560 1709.682
1.425 0.72918 78.06580 0.49318 56.92403 0.23924 0.14771 0.19772 0.41533 1709.206
1.430 0.72882 77.93914 0.49214 56.80387 0.23956 0.14730 0.19809 0.41505 1708.730
1.435 0.72847 77.81267 0.49110 56.68410 0.23988 0.14688 0.19846 0.41478 1708.254
1.440 0.72812 77.68640 0.49007 56.56473 0.24020 0.14647 0.19883 0.41450 1707.778
1.445 0.72777 77.56031 0.48904 56.44574 0.24052 0.14606 0.19920 0.41422 1707.302
1.450 0.72742 77.43442 0.48801 56.32715 0.24084 0.14565 0.19957 0.41394 1706.827
1.455 0.72707 77.30872 0.48699 56.20894 0.24116 0.14524 0.19994 0.41367 1706.352
1.460 0.72673 77.18322 0.48596 56.09111 0.24148 0.14483 0.20031 0.41339 1705.877
1.465 0.72638 77.05791 0.48495 55.97367 0.24180 0.14442 0.20068 0.41311 1705.402
1.470 0.72604 76.93279 0.48393 55.85662 0.24211 0.14401 0.20105 0.41282 1704.927
1.475 0.72571 76.80788 0.48292 55.73994 0.24243 0.14360 0.20142 0.41254 1704.452
1.480 0.72537 76.68316 0.48191 55.62365 0.24275 0.14319 0.20180 0.41226 1703.978
1.485 0.72504 76.55864 0.48091 55.50773 0.24307 0.14279 0.20217 0.41197 1703.504
1.490 0.72470 76.43431 0.47991 55.39220 0.24339 0.14238 0.20254 0.41169 1703.030
1.495 0.72437 76.31019 0.47891 55.27703 0.24371 0.14198 0.20291 0.41140 1702.556
1.500 0.72404 76.18627 0.47792 55.16224 0.24402 0.14158 0.20328 0.41112 1702.082
1.505 0.72372 76.06255 0.47693 55.04783 0.24434 0.14117 0.20365 0.41083 1701.609
1.510 0.72339 75.93903 0.47594 54.93378 0.24466 0.14077 0.20403 0.41054 1701.136
1.515 0.72307 75.81571 0.47495 54.82011 0.24498 0.14037 0.20440 0.41025 1700.663
1.520 0.72275 75.69260 0.47397 54.70680 0.24529 0.13997 0.20477 0.40996 1700.190
1.525 0.72243 75.56969 0.47299 54.59387 0.24561 0.13957 0.20514 0.40967 1699.718
1.530 0.72211 75.44699 0.47202 54.48129 0.24593 0.13917 0.20552 0.40938 1699.245
1.535 0.72180 75.32449 0.47105 54.36909 0.24625 0.13877 0.20589 0.40909 1698.773
1.540 0.72148 75.20220 0.47008 54.25724 0.24656 0.13838 0.20626 0.40880 1698.302
1.545 0.72117 75.08011 0.46911 54.14576 0.24688 0.13798 0.20664 0.40851 1697.830
1.550 0.72086 74.95824 0.46815 54.03463 0.24719 0.13758 0.20701 0.40821 1697.359
1.555 0.72056 74.83657 0.46719 53.92387 0.24751 0.13719 0.20738 0.40792 1696.888
1.560 0.72025 74.71510 0.46623 53.81346 0.24783 0.13680 0.20776 0.40762 1696.417
1.565 0.71994 74.59385 0.46528 53.70341 0.24814 0.13640 0.20813 0.40732 1695.946
1.570 0.71964 74.47280 0.46433 53.59371 0.24846 0.13601 0.20851 0.40703 1695.476
1.575 0.71934 74.35197 0.46338 53.48437 0.24877 0.13562 0.20888 0.40673 1695.006
1.580 0.71904 74.23135 0.46244 53.37538 0.24909 0.13523 0.20926 0.40643 1694.536
1.585 0.71874 74.11093 0.46149 53.26674 0.24940 0.13484 0.20963 0.40613 1694.067
1.590 0.71845 73.99073 0.46056 53.15845 0.24972 0.13445 0.21001 0.40583 1693.597
1.595 0.71815 73.87074 0.45962 53.05051 0.25003 0.13406 0.21038 0.40553 1693.128
1.600 0.71786 73.75096 0.45869 52.94291 0.25034 0.13367 0.21076 0.40523 1692.660
1.605 0.71757 73.63140 0.45776 52.83566 0.25066 0.13329 0.21113 0.40492 1692.191
1.610 0.71728 73.51205 0.45683 52.72876 0.25097 0.13290 0.21151 0.40462 1691.723
1.615 0.71699 73.39291 0.45591 52.62220 0.25128 0.13252 0.21188 0.40432 1691.255
1.620 0.71671 73.27398 0.45499 52.51598 0.25160 0.13213 0.21226 0.40401 1690.788
1.625 0.71642 73.15527 0.45407 52.41010 0.25191 0.13175 0.21264 0.40371 1690.320
1.630 0.71614 73.03677 0.45316 52.30455 0.25222 0.13136 0.21301 0.40340 1689.853
1.635 0.71586 72.91849 0.45225 52.19935 0.25254 0.13098 0.21339 0.40309 1689.386
1.640 0.71558 72.80043 0.45134 52.09448 0.25285 0.13060 0.21377 0.40278 1688.920
1.645 0.71530 72.68258 0.45043 51.98995 0.25316 0.13022 0.21414 0.40248 1688.454
1.650 0.71503 72.56494 0.44953 51.88575 0.25347 0.12984 0.21452 0.40217 1687.988
1.655 0.71475 72.44752 0.44863 51.78189 0.25378 0.12946 0.21490 0.40186 1687.523
1.660 0.71448 72.33032 0.44773 51.67835 0.25410 0.12908 0.21527 0.40155 1687.057
1.665 0.71421 72.21333 0.44684 51.57515 0.25441 0.12871 0.21565 0.40123 1686.593
1.670 0.71394 72.09657 0.44595 51.47227 0.25472 0.12833 0.21603 0.40092 1686.128
1.675 0.71367 71.98001 0.44506 51.36973 0.25503 0.12796 0.21641 0.40061 1685.664
1.680 0.71340 71.86368 0.44417 51.26750 0.25534 0.12758 0.21678 0.40030 1685.200
1.685 0.71313 71.74757 0.44329 51.16561 0.25565 0.12721 0.21716 0.39998 1684.736
1.690 0.71287 71.63167 0.44241 51.06404 0.25596 0.12683 0.21754 0.39967 1684.273
1.695 0.71261 71.51599 0.44153 50.96279 0.25627 0.12646 0.21792 0.39935 1683.810
1.700 0.71235 71.40053 0.44066 50.86186 0.25658 0.12609 0.21830 0.39903 1683.347
1.705 0.71209 71.28528 0.43979 50.76125 0.25689 0.12572 0.21868 0.39872 1682.885
1.710 0.71183 71.17026 0.43892 50.66097 0.25720 0.12535 0.21905 0.39840 1682.423
1.715 0.71157 71.05545 0.43805 50.56100 0.25751 0.12498 0.21943 0.39808 1681.961
1.720 0.71132 70.94087 0.43719 50.46134 0.25781 0.12461 0.21981 0.39776 1681.500
1.725 0.71106 70.82650 0.43633 50.36201 0.25812 0.12424 0.22019 0.39744 1681.039
1.730 0.71081 70.71235 0.43547 50.26298 0.25843 0.12388 0.22057 0.39712 1680.578
1.735 0.71056 70.59843 0.43462 50.16427 0.25874 0.12351 0.22095 0.39680 1680.118
1.740 0.71031 70.48472 0.43376 50.06587 0.25905 0.12315 0.22133 0.39648 1679.658
1.745 0.71006 70.37123 0.43291 49.96779 0.25935 0.12278 0.22171 0.39615 1679.198
1.750 0.70981 70.25796 0.43207 49.87001 0.25966 0.12242 0.22209 0.39583 1678.739
1.755 0.70957 70.14491 0.43122 49.77254 0.25997 0.12205 0.22247 0.39551 1678.280
1.760 0.70932 70.03209 0.43038 49.67538 0.26028 0.12169 0.22285 0.39518 1677.822
1.765 0.70908 69.91948 0.42954 49.57853 0.26058 0.12133 0.22323 0.39486 1677.364
1.770 0.70884 69.80709 0.42870 49.48198 0.26089 0.12097 0.22361 0.39453 1676.906
1.775 0.70860 69.69492 0.42787 49.38573 0.26119 0.12061 0.22399 0.39421 1676.448
1.780 0.70836 69.58298 0.42704 49.28979 0.26150 0.12025 0.22437 0.39388 1675.991
1.785 0.70812 69.47125 0.42621 49.19414 0.26180 0.11989 0.22475 0.39355 1675.534
1.790 0.70789 69.35974 0.42538 49.09880 0.26211 0.11954 0.22513 0.39322 1675.078
1.795 0.70765 69.24846 0.42456 49.00376 0.26241 0.11918 0.22551 0.39289 1674.622
1.800 0.70742 69.13739 0.42374 48.90902 0.26272 0.11882 0.22589 0.39256 1674.166
1.805 0.70719 69.02655 0.42292 48.81457 0.26302 0.11847 0.22627 0.39223 1673.711
1.810 0.70695 68.91592 0.42211 48.72042 0.26333 0.11812 0.22666 0.39190 1673.256
1.815 0.70672 68.80552 0.42129 48.62657 0.26363 0.11776 0.22704 0.39157 1672.802
1.820 0.70650 68.69534 0.42048 48.53301 0.26394 0.11741 0.22742 0.39124 1672.347
1.825 0.70627 68.58537 0.41967 48.43974 0.26424 0.11706 0.22780 0.39090 1671.894
1.830 0.70604 68.47563 0.41887 48.34676 0.26454 0.11671 0.22818 0.39057 1671.440
1.835 0.70582 68.36611 0.41807 48.25408 0.26484 0.11636 0.22856 0.39024 1670.987
1.840 0.70560 68.25681 0.41727 48.16168 0.26515 0.11601 0.22894 0.38990 1670.534
1.845 0.70537 68.14773 0.41647 48.06957 0.26545 0.11566 0.22933 0.38957 1670.082
1.850 0.70515 68.03887 0.41567 47.97775 0.26575 0.11531 0.22971 0.38923 1669.630
1.855 0.70493 67.93023 0.41488 47.88622 0.26605 0.11496 0.23009 0.38889 1669.179
1.860 0.70471 67.82181 0.41409 47.79497 0.26635 0.11462 0.23047 0.38856 1668.728
1.865 0.70450 67.71361 0.41330 47.70400 0.26666 0.11427 0.23085 0.38822 1668.277
1.870 0.70428 67.60563 0.41251 47.61332 0.26696 0.11393 0.23124 0.38788 1667.827
1.875 0.70407 67.49787 0.41173 47.52292 0.26726 0.11358 0.23162 0.38754 1667.377
1.880 0.70385 67.39033 0.41095 47.43280 0.26756 0.11324 0.23200 0.38720 1666.927
1.885 0.70364 67.28301 0.41017 47.34297 0.26786 0.11290 0.23239 0.38686 1666.478
1.890 0.70343 67.17592 0.40940 47.25341 0.26816 0.11255 0.23277 0.38652 1666.029
1.895 0.70322 67.06904 0.40862 47.16413 0.26846 0.11221 0.23315 0.38618 1665.581
1.900 0.70301 66.96238 0.40785 47.07512 0.26876 0.11187 0.23353 0.38584 1665.133
1.905 0.70280 66.85593 0.40708 46.98639 0.26906 0.11153 0.23392 0.38549 1664.685
1.910 0.70259 66.74971 0.40632 46.89794 0.26935 0.11120 0.23430 0.38515 1664.238
1.915 0.70239 66.64371 0.40555 46.80976 0.26965 0.11086 0.23468 0.38481 1663.791
1.920 0.70218 66.53793 0.40479 46.72185 0.26995 0.11052 0.23507 0.38446 1663.345
1.925 0.70198 66.43236 0.40403 46.63422 0.27025 0.11018 0.23545 0.38412 1662.899
1.930 0.70178 66.32702 0.40327 46.54685 0.27055 0.10985 0.23583 0.38377 1662.453
1.935 0.70158 66.22189 0.40252 46.45976 0.27084 0.10951 0.23622 0.38343 1662.008
1.940 0.70138 66.11699 0.40177 46.37293 0.27114 0.10918 0.23660 0.38308 1661.563
1.945 0.70118 66.01230 0.40102 46.28637 0.27144 0.10885 0.23699 0.38273 1661.119
1.950 0.70098 65.90783 0.40027 46.20008 0.27173 0.10851 0.23737 0.38238 1660.675
1.955 0.70078 65.80357 0.39953 46.11406 0.27203 0.10818 0.23775 0.38204 1660.232
1.960 0.70059 65.69954 0.39878 46.02830 0.27232 0.10785 0.23814 0.38169 1659.789
1.965 0.70039 65.59572 0.39804 45.94280 0.27262 0.10752 0.23852 0.38134 1659.346
1.970 0.70020 65.49212 0.39730 45.85757 0.27291 0.10719 0.23891 0.38099 1658.904
1.975 0.70001 65.38874 0.39657 45.77259 0.27321 0.10686 0.23929 0.38064 1658.462
1.980 0.69982 65.28557 0.39583 45.68788 0.27350 0.10654 0.23967 0.38029 1658.020
1.985 0.69963 65.18262 0.39510 45.60343 0.27380 0.10621 0.24006 0.37994 1657.579
1.990 0.69944 65.07989 0.39437 45.51924 0.27409 0.10588 0.24044 0.37958 1657.139
1.995 0.69925 64.97738 0.39364 45.43531 0.27439 0.10556 0.24083 0.37923 1656.698
2.000 0.69906 64.87508 0.39292 45.35163 0.27468 0.10523 0.24121 0.37888 1656.259
2.005 0.69887 64.77300 0.39220 45.26821 0.27497 0.10491 0.24160 0.37852 1655.819
2.010 0.69869 64.67113 0.39148 45.18505 0.27526 0.10458 0.24198 0.37817 1655.380
2.015 0.69851 64.56948 0.39076 45.10214 0.27556 0.10426 0.24237 0.37781 1654.942
2.020 0.69832 64.46804 0.39004 45.01948 0.27585 0.10394 0.24275 0.37746 1654.504
2.025 0.69814 64.36682 0.38933 44.93708 0.27614 0.10362 0.24314 0.37710 1654.066
2.030 0.69796 64.26582 0.38862 44.85492 0.27643 0.10330 0.24352 0.37675 1653.629
2.035 0.69778 64.16503 0.38791 44.77302 0.27672 0.10298 0.24391 0.37639 1653.192
2.040 0.69760 64.06445 0.38720 44.69137 0.27701 0.10266 0.24429 0.37603 1652.756
2.045 0.69742 63.96409 0.38649 44.60996 0.27730 0.10234 0.24468 0.37568 1652.320
2.050 0.69724 63.86395 0.38579 44.52881 0.27759 0.10203 0.24506 0.37532 1651.884
2.055 0.69707 63.76401 0.38509 44.44790 0.27788 0.10171 0.24545 0.37496 1651.449
2.060 0.69689 63.66429 0.38439 44.36724 0.27817 0.10139 0.24583 0.37460 1651.014
2.065 0.69672 63.56479 0.38369 44.28682 0.27846 0.10108 0.24622 0.37424 1650.580
2.070 0.69655 63.46550 0.38300 44.20664 0.27875 0.10076 0.24660 0.37388 1650.146
2.075 0.69637 63.36642 0.38231 44.12671 0.27904 0.10045 0.24699 0.37352 1649.713
2.080 0.69620 63.26755 0.38162 44.04703 0.27933 0.10014 0.24737 0.37316 1649.280
2.085 0.69603 63.16889 0.38093 43.96758 0.27962 0.09983 0.24776 0.37280 1648.847
2.090 0.69586 63.07045 0.38024 43.88838 0.27990 0.09952 0.24815 0.37243 1648.415
2.095 0.69569 62.97222 0.37956 43.80941 0.28019 0.09920 0.24853 0.37207 1647.984
2.100 0.69553 62.87420 0.37888 43.73068 0.28048 0.09890 0.24892 0.37171 1647.552
2.105 0.69536 62.77639 0.37820 43.65220 0.28077 0.09859 0.24930 0.37134 1647.122
2.110 0.69519 62.67879 0.37752 43.57395 0.28105 0.09828 0.24969 0.37098 1646.691
2.115 0.69503 62.58141 0.37684 43.49593 0.28134 0.09797 0.25008 0.37062 1646.261
2.120 0.69487 62.48423 0.37617 43.41815 0.28162 0.09766 0.25046 0.37025 1645.832
2.125 0.69470 62.38727 0.37550 43.34061 0.28191 0.09736 0.25085 0.36989 1645.403
2.130 0.69454 62.29051 0.37483 43.26330 0.28219 0.09705 0.25123 0.36952 1644.974
2.135 0.69438 62.19396 0.37416 43.18622 0.28248 0.09675 0.25162 0.36915 1644.546
2.140 0.69422 62.09763 0.37349 43.10937 0.28276 0.09644 0.25201 0.36879 1644.118
2.145 0.69406 62.00150 0.37283 43.03276 0.28305 0.09614 0.25239 0.36842 1643.691
2.150 0.69390 61.90558 0.37217 42.95638 0.28333 0.09584 0.25278 0.36805 1643.264
2.155 0.69374 61.80987 0.37151 42.88022 0.28361 0.09554 0.25316 0.36768 1642.838
2.160 0.69359 61.71436 0.37085 42.80430 0.28390 0.09524 0.25355 0.36732 1642.412
2.165 0.69343 61.61907 0.37019 42.72860 0.28418 0.09494 0.25394 0.36695 1641.986
2.170 0.69328 61.52398 0.36954 42.65313 0.28446 0.09464 0.25432 0.36658 1641.561
2.175 0.69312 61.42910 0.36889 42.57788 0.28474 0.09434 0.25471 0.36621 1641.137
2.180 0.69297 61.33442 0.36824 42.50286 0.28503 0.09404 0.25510 0.36584 1640.712
2.185 0.69282 61.23995 0.36759 42.42807 0.28531 0.09374 0.25548 0.36547 1640.289
2.190 0.69267 61.14569 0.36694 42.35350 0.28559 0.09345 0.25587 0.36510 1639.865
2.195 0.69251 61.05164 0.36630 42.27915 0.28587 0.09315 0.25626 0.36472 1639.443
2.200 0.69236 60.95779 0.36566 42.20503 0.28615 0.09286 0.25664 0.36435 1639.020
2.205 0.69222 60.86414 0.36502 42.13112 0.28643 0.09256 0.25703 0.36398 1638.598
2.210 0.69207 60.77070 0.36438 42.05744 0.28671 0.09227 0.25742 0.36361 1638.177
2.215 0.69192 60.67746 0.36374 41.98398 0.28699 0.09198 0.25780 0.36323 1637.756
2.220 0.69177 60.58443 0.36311 41.91073 0.28727 0.09169 0.25819 0.36286 1637.335
2.225 0.69163 60.49160 0.36248 41.83771 0.28754 0.09139 0.25858 0.36249 1636.915
2.230 0.69148 60.39898 0.36184 41.76490 0.28782 0.09110 0.25896 0.36211 1636.495
2.235 0.69134 60.30656 0.36122 41.69231 0.28810 0.09081 0.25935 0.36174 1636.076
2.240 0.69120 60.21434 0.36059 41.61993 0.28838 0.09053 0.25974 0.36136 1635.657
2.245 0.69105 60.12232 0.35996 41.54777 0.28865 0.09024 0.26012 0.36099 1635.238
2.250 0.69091 60.03051 0.35934 41.47582 0.28893 0.08995 0.26051 0.36061 1634.820
2.255 0.69077 59.93890 0.35872 41.40409 0.28921 0.08966 0.26090 0.36023 1634.403
2.260 0.69063 59.84749 0.35810 41.33257 0.28948 0.08938 0.26128 0.35986 1633.986
2.265 0.69049 59.75628 0.35748 41.26126 0.28976 0.08909 0.26167 0.35948 1633.569
2.270 0.69035 59.66527 0.35687 41.19016 0.29003 0.08881 0.26206 0.35910 1633.153
2.275 0.69022 59.57446 0.35625 41.11928 0.29031 0.08852 0.26244 0.35873 1632.737
2.280 0.69008 59.48385 0.35564 41.04860 0.29058 0.08824 0.26283 0.35835 1632.322
2.285 0.68994 59.39345 0.35503 40.97813 0.29086 0.08796 0.26322 0.35797 1631.907
2.290 0.68981 59.30324 0.35442 40.90787 0.29113 0.08768 0.26360 0.35759 1631.493
2.295 0.68967 59.21323 0.35381 40.83782 0.29141 0.08739 0.26399 0.35721 1631.079
2.300 0.68954 59.12341 0.35321 40.76797 0.29168 0.08711 0.26438 0.35683 1630.666
2.305 0.68941 59.03380 0.35260 40.69833 0.29195 0.08683 0.26476 0.35645 1630.253
2.310 0.68928 58.94439 0.35200 40.62890 0.29222 0.08656 0.26515 0.35607 1629.840
2.315 0.68914 58.85517 0.35140 40.55967 0.29250 0.08628 0.26554 0.35569 1629.428
2.320 0.68901 58.76615 0.35080 40.49064 0.29277 0.08600 0.26592 0.35531 1629.016
2.325 0.68888 58.67733 0.35021 40.42182 0.29304 0.08572 0.26631 0.35493 1628.605
2.330 0.68875 58.58870 0.34961 40.35320 0.29331 0.08545 0.26670 0.35455 1628.194
2.335 0.68863 58.50027 0.34902 40.28478 0.29358 0.08517 0.26708 0.35416 1627.784
2.340 0.68850 58.41203 0.34843 40.21656 0.29385 0.08490 0.26747 0.35378 1627.374
2.345 0.68837 58.32399 0.34784 40.14854 0.29412 0.08462 0.26786 0.35340 1626.965
2.350 0.68824 58.23615 0.34725 40.08072 0.29439 0.08435 0.26825 0.35302 1626.556
2.355 0.68812 58.14850 0.34667 40.01310 0.29466 0.08408 0.26863 0.35263 1626.147
2.360 0.68799 58.06104 0.34608 39.94568 0.29493 0.08380 0.26902 0.35225 1625.739
2.365 0.68787 57.97378 0.34550 39.87845 0.29520 0.08353 0.26941 0.35187 1625.331
2.370 0.68775 57.88671 0.34492 39.81142 0.29546 0.08326 0.26979 0.35148 1624.924
2.375 0.68762 57.79984 0.34434 39.74459 0.29573 0.08299 0.27018 0.35110 1624.518
2.380 0.68750 57.71316 0.34376 39.67795 0.29600 0.08272 0.27057 0.35071 1624.111
2.385 0.68738 57.62667 0.34319 39.61151 0.29626 0.08246 0.27095 0.35033 1623.705
2.390 0.68726 57.54037 0.34261 39.54526 0.29653 0.08219 0.27134 0.34994 1623.300
2.395 0.68714 57.45426 0.34204 39.47920 0.29680 0.08192 0.27173 0.34955 1622.895
2.400 0.68702 57.36835 0.34147 39.41334 0.29706 0.08166 0.27211 0.34917 1622.491
2.405 0.68690 57.28262 0.34090 39.34767 0.29733 0.08139 0.27250 0.34878 1622.087
2.410 0.68679 57.19709 0.34033 39.28219 0.29759 0.08112 0.27289 0.34840 1621.683
2.415 0.68667 57.11175 0.33977 39.21690 0.29786 0.08086 0.27327 0.34801 1621.280
2.420 0.68655 57.02659 0.33921 39.15180 0.29812 0.08060 0.27366 0.34762 1620.878
2.425 0.68644 56.94163 0.33864 39.08688 0.29839 0.08033 0.27405 0.34723 1620.475
2.430 0.68632 56.85686 0.33808 39.02216 0.29865 0.08007 0.27443 0.34685 1620.074
2.435 0.68621 56.77227 0.33752 38.95763 0.29891 0.07981 0.27482 0.34646 1619.672
2.440 0.68610 56.68787 0.33697 38.89328 0.29917 0.07955 0.27521 0.34607 1619.271
2.445 0.68598 56.60366 0.33641 38.82911 0.29944 0.07929 0.27559 0.34568 1618.871
2.450 0.68587 56.51964 0.33586 38.76514 0.29970 0.07903 0.27598 0.34529 1618.471
2.455 0.68576 56.43580 0.33530 38.70135 0.29996 0.07877 0.27637 0.34490 1618.072
2.460 0.68565 56.35216 0.33475 38.63774 0.30022 0.07851 0.27675 0.34451 1617.673
2.465 0.68554 56.26869 0.33420 38.57431 0.30048 0.07826 0.27714 0.34412 1617.274
2.470 0.68543 56.18542 0.33365 38.51107 0.30074 0.07800 0.27753 0.34373 1616.876
2.475 0.68532 56.10233 0.33311 38.44801 0.30100 0.07774 0.27791 0.34334 1616.478
2.480 0.68521 56.01942 0.33256 38.38514 0.30126 0.07749 0.27830 0.34295 1616.081
2.485 0.68510 55.93670 0.33202 38.32244 0.30152 0.07723 0.27868 0.34256 1615.684
2.490 0.68500 55.85416 0.33148 38.25993 0.30178 0.07698 0.27907 0.34217 1615.288
2.495 0.68489 55.77181 0.33094 38.19759 0.30204 0.07673 0.27946 0.34178 1614.892
2.500 0.68479 55.68964 0.33040 38.13544 0.30230 0.07648 0.27984 0.34139 1614.497
2.505 0.68468 55.60766 0.32986 38.07346 0.30255 0.07622 0.28023 0.34099 1614.102
2.510 0.68458 55.52585 0.32933 38.01166 0.30281 0.07597 0.28062 0.34060 1613.707
2.515 0.68447 55.44423 0.32879 37.95004 0.30307 0.07572 0.28100 0.34021 1613.313
2.520 0.68437 55.36280 0.32826 37.88859 0.30332 0.07547 0.28139 0.33982 1612.919
2.525 0.68427 55.28154 0.32773 37.82732 0.30358 0.07522 0.28177 0.33942 1612.526
2.530 0.68417 55.20047 0.32720 37.76623 0.30383 0.07497 0.28216 0.33903 1612.134
2.535 0.68406 55.11957 0.32667 37.70531 0.30409 0.07473 0.28255 0.33864 1611.741
2.540 0.68396 55.03886 0.32615 37.64457 0.30434 0.07448 0.28293 0.33824 1611.349
2.545 0.68386 54.95833 0.32562 37.58399 0.30460 0.07423 0.28332 0.33785 1610.958
2.550 0.68376 54.87797 0.32510 37.52360 0.30485 0.07399 0.28370 0.33746 1610.567
2.555 0.68367 54.79780 0.32458 37.46337 0.30511 0.07374 0.28409 0.33706 1610.177
2.560 0.68357 54.71780 0.32406 37.40332 0.30536 0.07350 0.28447 0.33667 1609.787
2.565 0.68347 54.63799 0.32354 37.34343 0.30561 0.07325 0.28486 0.33627 1609.397
2.570 0.68337 54.55835 0.32302 37.28372 0.30586 0.07301 0.28525 0.33588 1609.008
2.575 0.68328 54.47889 0.32250 37.22418 0.30612 0.07277 0.28563 0.33548 1608.619
2.580 0.68318 54.39960 0.32199 37.16481 0.30637 0.07253 0.28602 0.33509 1608.231
2.585 0.68309 54.32050 0.32148 37.10560 0.30662 0.07229 0.28640 0.33469 1607.843
2.590 0.68299 54.24157 0.32097 37.04657 0.30687 0.07204 0.28679 0.33430 1607.456
2.595 0.68290 54.16282 0.32046 36.98770 0.30712 0.07180 0.28717 0.33390 1607.069
2.600 0.68281 54.08424 0.31995 36.92900 0.30737 0.07157 0.28756 0.33351 1606.683
2.605 0.68271 54.00584 0.31944 36.87046 0.30762 0.07133 0.28794 0.33311 1606.297
2.610 0.68262 53.92761 0.31893 36.81209 0.30787 0.07109 0.28833 0.33271 1605.911
2.615 0.68253 53.84956 0.31843 36.75389 0.30812 0.07085 0.28871 0.33232 1605.526
2.620 0.68244 53.77168 0.31793 36.69585 0.30837 0.07062 0.28910 0.33192 1605.141
2.625 0.68235 53.69398 0.31743 36.63797 0.30861 0.07038 0.28948 0.33152 1604.757
2.630 0.68226 53.61645 0.31693 36.58026 0.30886 0.07014 0.28987 0.33113 1604.373
2.635 0.68217 53.53909 0.31643 36.52271 0.30911 0.06991 0.29025 0.33073 1603.990
2.640 0.68208 53.46191 0.31593 36.46533 0.30935 0.06968 0.29064 0.33033 1603.607
2.645 0.68199 53.38489 0.31543 36.40810 0.30960 0.06944 0.29102 0.32993 1603.225
2.650 0.68191 53.30805 0.31494 36.35104 0.30985 0.06921 0.29141 0.32954 1602.843
2.655 0.68182 53.23139 0.31445 36.29413 0.31009 0.06898 0.29179 0.32914 1602.461
2.660 0.68173 53.15489 0.31396 36.23739 0.31034 0.06875 0.29218 0.32874 1602.080
2.665 0.68165 53.07856 0.31346 36.18081 0.31058 0.06852 0.29256 0.32834 1601.700
2.670 0.68156 53.00241 0.31298 36.12439 0.31083 0.06829 0.29295 0.32794 1601.319
2.675 0.68148 52.92642 0.31249 36.06812 0.31107 0.06806 0.29333 0.32754 1600.940
2.680 0.68139 52.85061 0.31200 36.01201 0.31131 0.06783 0.29371 0.32715 1600.560
2.685 0.68131 52.77496 0.31152 35.95606 0.31156 0.06760 0.29410 0.32675 1600.182
2.690 0.68123 52.69948 0.31103 35.90027 0.31180 0.06737 0.29448 0.32635 1599.803
2.695 0.68114 52.62417 0.31055 35.84463 0.31204 0.06714 0.29487 0.32595 1599.425
2.700 0.68106 52.54903 0.31007 35.78915 0.31228 0.06692 0.29525 0.32555 1599.048
2.705 0.68098 52.47406 0.30959 35.73382 0.31252 0.06669 0.29564 0.32515 1598.671
2.710 0.68090 52.39925 0.30911 35.67865 0.31276 0.06647 0.29602 0.32475 1598.294
2.715 0.68082 52.32461 0.30864 35.62363 0.31300 0.06624 0.29640 0.32435 1597.918
2.720 0.68074 52.25014 0.30816 35.56877 0.31324 0.06602 0.29679 0.32395 1597.542
2.725 0.68066 52.17583 0.30769 35.51406 0.31348 0.06580 0.29717 0.32355 1597.167
2.730 0.68058 52.10169 0.30722 35.45950 0.31372 0.06557 0.29755 0.32315 1596.792
2.735 0.68050 52.02771 0.30674 35.40509 0.31396 0.06535 0.29794 0.32275 1596.417
2.740 0.68043 51.95390 0.30627 35.35084 0.31420 0.06513 0.29832 0.32235 1596.043
2.745 0.68035 51.88026 0.30581 35.29673 0.31444 0.06491 0.29870 0.32195 1595.670
2.750 0.68027 51.80677 0.30534 35.24278 0.31467 0.06469 0.29909 0.32155 1595.297
2.755 0.68020 51.73346 0.30487 35.18898 0.31491 0.06447 0.29947 0.32115 1594.924
2.760 0.68012 51.66030 0.30441 35.13532 0.31515 0.06425 0.29985 0.32075 1594.552
2.765 0.68005 51.58731 0.30394 35.08182 0.31538 0.06403 0.30024 0.32035 1594.180
2.770 0.67997 51.51448 0.30348 35.02846 0.31562 0.06382 0.30062 0.31994 1593.809
2.775 0.67990 51.44181 0.30302 34.97525 0.31586 0.06360 0.30100 0.31954 1593.438
2.780 0.67983 51.36931 0.30256 34.92219 0.31609 0.06338 0.30139 0.31914 1593.067
2.785 0.67975 51.29697 0.30210 34.86927 0.31632 0.06317 0.30177 0.31874 1592.697
2.790 0.67968 51.22478 0.30164 34.81650 0.31656 0.06295 0.30215 0.31834 1592.328
2.795 0.67961 51.15276 0.30119 34.76388 0.31679 0.06274 0.30253 0.31794 1591.958
2.800 0.67954 51.08090 0.30073 34.71140 0.31703 0.06252 0.30292 0.31754 1591.590
2.805 0.67947 51.00920 0.30028 34.65907 0.31726 0.06231 0.30330 0.31713 1591.221
2.810 0.67940 50.93766 0.29983 34.60688 0.31749 0.06210 0.30368 0.31673 1590.853
2.815 0.67933 50.86628 0.29938 34.55483 0.31772 0.06189 0.30406 0.31633 1590.486
2.820 0.67926 50.79505 0.29893 34.50293 0.31795 0.06167 0.30444 0.31593 1590.119
2.825 0.67919 50.72399 0.29848 34.45117 0.31818 0.06146 0.30483 0.31553 1589.753
2.830 0.67912 50.65308 0.29803 34.39955 0.31841 0.06125 0.30521 0.31512 1589.386
2.835 0.67905 50.58234 0.29759 34.34808 0.31865 0.06104 0.30559 0.31472 1589.021
2.840 0.67899 50.51174 0.29714 34.29674 0.31887 0.06083 0.30597 0.31432 1588.655
2.845 0.67892 50.44131 0.29670 34.24555 0.31910 0.06063 0.30635 0.31392 1588.291
2.850 0.67885 50.37103 0.29626 34.19450 0.31933 0.06042 0.30673 0.31351 1587.926
2.855 0.67879 50.30091 0.29581 34.14359 0.31956 0.06021 0.30712 0.31311 1587.562
2.860 0.67872 50.23094 0.29537 34.09281 0.31979 0.06000 0.30750 0.31271 1587.199
2.865 0.67866 50.16113 0.29494 34.04218 0.32002 0.05980 0.30788 0.31231 1586.836
2.870 0.67859 50.09148 0.29450 33.99168 0.32024 0.05959 0.30826 0.31190 1586.473
2.875 0.67853 50.02198 0.29406 33.94132 0.32047 0.05939 0.30864 0.31150 1586.111
2.880 0.67846 49.95263 0.29363 33.89110 0.32070 0.05918 0.30902 0.31110 1585.749
2.885 0.67840 49.88344 0.29319 33.84102 0.32092 0.05898 0.30940 0.31069 1585.388
2.890 0.67834 49.81440 0.29276 33.79107 0.32115 0.05878 0.30978 0.31029 1585.027
2.895 0.67828 49.74552 0.29233 33.74126 0.32137 0.05858 0.31016 0.30989 1584.666
2.900 0.67822 49.67678 0.29190 33.69159 0.32160 0.05837 0.31054 0.30949 1584.306
2.905 0.67815 49.60820 0.29147 33.64205 0.32182 0.05817 0.31092 0.30908 1583.946
2.910 0.67809 49.53978 0.29104 33.59264 0.32205 0.05797 0.31130 0.30868 1583.587
2.915 0.67803 49.47150 0.29061 33.54337 0.32227 0.05777 0.31168 0.30828 1583.228
2.920 0.67797 49.40338 0.29019 33.49423 0.32249 0.05757 0.31206 0.30787 1582.870
2.925 0.67792 49.33540 0.28976 33.44523 0.32271 0.05737 0.31244 0.30747 1582.512
2.930 0.67786 49.26758 0.28934 33.39635 0.32294 0.05717 0.31282 0.30707 1582.155
2.935 0.67780 49.19991 0.28892 33.34762 0.32316 0.05698 0.31320 0.30666 1581.798
2.940 0.67774 49.13238 0.28850 33.29901 0.32338 0.05678 0.31358 0.30626 1581.441
2.945 0.67768 49.06501 0.28808 33.25053 0.32360 0.05658 0.31396 0.30586 1581.085
2.950 0.67763 48.99779 0.28766 33.20219 0.32382 0.05639 0.31434 0.30545 1580.729
2.955 0.67757 48.93071 0.28724 33.15397 0.32404 0.05619 0.31472 0.30505 1580.373
2.960 0.67751 48.86378 0.28682 33.10589 0.32426 0.05600 0.31510 0.30465 1580.018
2.965 0.67746 48.79701 0.28641 33.05794 0.32448 0.05580 0.31548 0.30424 1579.664
2.970 0.67740 48.73037 0.28599 33.01011 0.32469 0.05561 0.31586 0.30384 1579.310
2.975 0.67735 48.66389 0.28558 32.96242 0.32491 0.05542 0.31624 0.30343 1578.956
2.980 0.67729 48.59755 0.28517 32.91485 0.32513 0.05522 0.31662 0.30303 1578.603
2.985 0.67724 48.53136 0.28476 32.86741 0.32535 0.05503 0.31699 0.30263 1578.250
2.990 0.67719 48.46532 0.28435 32.82010 0.32556 0.05484 0.31737 0.30222 1577.898
2.995 0.67713 48.39942 0.28394 32.77291 0.32578 0.05465 0.31775 0.30182 1577.546
3.000 0.67708 48.33367 0.28353 32.72585 0.32600 0.05446 0.31813 0.30142 1577.194
3.005 0.67703 48.26806 0.28313 32.67892 0.32621 0.05427 0.31851 0.30101 1576.843
3.010 0.67698 48.20260 0.28272 32.63211 0.32643 0.05408 0.31888 0.30061 1576.492
3.015 0.67693 48.13728 0.28232 32.58543 0.32664 0.05389 0.31926 0.30021 1576.142
3.020 0.67688 48.07211 0.28191 32.53888 0.32685 0.05370 0.31964 0.29980 1575.792
3.025 0.67683 48.00708 0.28151 32.49245 0.32707 0.05352 0.32002 0.29940 1575.442
3.030 0.67678 47.94219 0.28111 32.44614 0.32728 0.05333 0.32040 0.29900 1575.093
3.035 0.67673 47.87745 0.28071 32.39996 0.32749 0.05314 0.32077 0.29859 1574.745
3.040 0.67668 47.81284 0.28031 32.35390 0.32771 0.05296 0.32115 0.29819 1574.397
3.045 0.67663 47.74839 0.27991 32.30796 0.32792 0.05277 0.32153 0.29778 1574.049
3.050 0.67658 47.68407 0.27951 32.26214 0.32813 0.05259 0.32190 0.29738 1573.701
3.055 0.67653 47.61989 0.27912 32.21645 0.32834 0.05240 0.32228 0.29698 1573.354
3.060 0.67649 47.55586 0.27872 32.17088 0.32855 0.05222 0.32266 0.29657 1573.008
3.065 0.67644 47.49197 0.27833 32.12543 0.32876 0.05204 0.32303 0.29617 1572.662
3.070 0.67639 47.42821 0.27794 32.08010 0.32897 0.05185 0.32341 0.29577 1572.316
3.075 0.67635 47.36460 0.27755 32.03489 0.32918 0.05167 0.32379 0.29536 1571.971
3.080 0.67630 47.30113 0.27715 31.98980 0.32939 0.05149 0.32416 0.29496 1571.626
3.085 0.67626 47.23780 0.27677 31.94483 0.32959 0.05131 0.32454 0.29456 1571.281
3.090 0.67621 47.17460 0.27638 31.89998 0.32980 0.05113 0.32491 0.29415 1570.937
3.095 0.67617 47.11155 0.27599 31.85525 0.33001 0.05095 0.32529 0.29375 1570.594
3.100 0.67612 47.04863 0.27560 31.81064 0.33022 0.05077 0.32567 0.29335 1570.250
3.105 0.67608 46.98585 0.27522 31.76614 0.33042 0.05059 0.32604 0.29294 1569.907
3.110 0.67604 46.92321 0.27483 31.72176 0.33063 0.05041 0.32642 0.29254 1569.565
3.115 0.67599 46.86071 0.27445 31.67750 0.33083 0.05024 0.32679 0.29214 1569.223
3.120 0.67595 46.79834 0.27407 31.63336 0.33104 0.05006 0.32717 0.29174 1568.881
3.125 0.67591 46.73611 0.27369 31.58933 0.33124 0.04988 0.32754 0.29133 1568.540
3.130 0.67587 46.67402 0.27330 31.54542 0.33145 0.04971 0.32792 0.29093 1568.199
3.135 0.67583 46.61206 0.27293 31.50163 0.33165 0.04953 0.32829 0.29053 1567.859
3.140 0.67578 46.55024 0.27255 31.45795 0.33185 0.04936 0.32867 0.29012 1567.519
3.145 0.67574 46.48855 0.27217 31.41438 0.33206 0.04918 0.32904 0.28972 1567.180
3.150 0.67570 46.42700 0.27179 31.37093 0.33226 0.04901 0.32941 0.28932 1566.840
3.155 0.67566 46.36559 0.27142 31.32759 0.33246 0.04883 0.32979 0.28892 1566.502
3.160 0.67563 46.30430 0.27104 31.28437 0.33266 0.04866 0.33016 0.28851 1566.163
3.165 0.67559 46.24316 0.27067 31.24126 0.33286 0.04849 0.33054 0.28811 1565.825
3.170 0.67555 46.18214 0.27030 31.19826 0.33306 0.04832 0.33091 0.28771 1565.488
3.175 0.67551 46.12126 0.26993 31.15538 0.33326 0.04815 0.33128 0.28731 1565.151
3.180 0.67547 46.06051 0.26955 31.11261 0.33346 0.04798 0.33166 0.28690 1564.814
3.185 0.67544 45.99990 0.26919 31.06994 0.33366 0.04781 0.33203 0.28650 1564.478
3.190 0.67540 45.93941 0.26882 31.02740 0.33386 0.04764 0.33240 0.28610 1564.142
3.195 0.67536 45.87906 0.26845 30.98496 0.33406 0.04747 0.33278 0.28570 1563.806
3.200 0.67533 45.81884 0.26808 30.94263 0.33426 0.04730 0.33315 0.28530 1563.471
3.205 0.67529 45.75875 0.26772 30.90041 0.33446 0.04713 0.33352 0.28489 1563.137
3.210 0.67525 45.69880 0.26735 30.85831 0.33465 0.04696 0.33389 0.28449 1562.802
3.215 0.67522 45.63897 0.26699 30.81631 0.33485 0.04680 0.33427 0.28409 1562.468
3.220 0.67518 45.57927 0.26662 30.77442 0.33505 0.04663 0.33464 0.28369 1562.135
3.225 0.67515 45.51971 0.26626 30.73264 0.33524 0.04646 0.33501 0.28329 1561.802
3.230 0.67512 45.46027 0.26590 30.69097 0.33544 0.04630 0.33538 0.28289 1561.469
3.235 0.67508 45.40096 0.26554 30.64941 0.33563 0.04613 0.33575 0.28248 1561.137
3.240 0.67505 45.34179 0.26518 30.60795 0.33582 0.04597 0.33612 0.28208 1560.805
3.245 0.67502 45.28274 0.26482 30.56661 0.33602 0.04580 0.33650 0.28168 1560.473
3.250 0.67498 45.22381 0.26447 30.52537 0.33621 0.04564 0.33687 0.28128 1560.142
3.255 0.67495 45.16502 0.26411 30.48423 0.33640 0.04548 0.33724 0.28088 1559.812
3.260 0.67492 45.10636 0.26376 30.44320 0.33660 0.04532 0.33761 0.28048 1559.481
3.265 0.67489 45.04782 0.26340 30.40228 0.33679 0.04515 0.33798 0.28008 1559.151
3.270 0.67486 44.98941 0.26305 30.36147 0.33698 0.04499 0.33835 0.27968 1558.822
3.275 0.67483 44.93112 0.26269 30.32076 0.33717 0.04483 0.33872 0.27928 1558.493
3.280 0.67480 44.87296 0.26234 30.28015 0.33736 0.04467 0.33909 0.27888 1558.164
3.285 0.67477 44.81493 0.26199 30.23965 0.33755 0.04451 0.33946 0.27848 1557.836
3.290 0.67474 44.75702 0.26164 30.19925 0.33774 0.04435 0.33983 0.27808 1557.508
3.295 0.67471 44.69924 0.26129 30.15896 0.33793 0.04419 0.34020 0.27768 1557.180
3.300 0.67468 44.64159 0.26094 30.11877 0.33812 0.04403 0.34057 0.27728 1556.853
3.305 0.67465 44.58406 0.26060 30.07869 0.33831 0.04388 0.34094 0.27688 1556.526
3.310 0.67462 44.52665 0.26025 30.03870 0.33850 0.04372 0.34131 0.27648 1556.200
3.315 0.67460 44.46937 0.25991 29.99882 0.33868 0.04356 0.34168 0.27608 1555.874
3.320 0.67457 44.41221 0.25956 29.95904 0.33887 0.04341 0.34205 0.27568 1555.549
3.325 0.67454 44.35517 0.25922 29.91937 0.33906 0.04325 0.34242 0.27528 1555.223
3.330 0.67451 44.29826 0.25887 29.87979 0.33924 0.04309 0.34279 0.27488 1554.899
3.335 0.67449 44.24147 0.25853 29.84032 0.33943 0.04294 0.34315 0.27448 1554.574
3.340 0.67446 44.18481 0.25819 29.80095 0.33961 0.04278 0.34352 0.27408 1554.250
3.345 0.67444 44.12826 0.25785 29.76167 0.33980 0.04263 0.34389 0.27368 1553.927
3.350 0.67441 44.07184 0.25751 29.72250 0.33998 0.04248 0.34426 0.27328 1553.603
3.355 0.67439 44.01554 0.25717 29.68343 0.34017 0.04232 0.34463 0.27288 1553.281
3.360 0.67436 43.95936 0.25684 29.64446 0.34035 0.04217 0.34499 0.27249 1552.958
3.365 0.67434 43.90330 0.25650 29.60558 0.34053 0.04202 0.34536 0.27209 1552.636
3.370 0.67431 43.84736 0.25616 29.56681 0.34072 0.04187 0.34573 0.27169 1552.314
3.375 0.67429 43.79155 0.25583 29.52813 0.34090 0.04172 0.34610 0.27129 1551.993
3.380 0.67427 43.73585 0.25549 29.48955 0.34108 0.04157 0.34646 0.27089 1551.672
3.385 0.67424 43.68027 0.25516 29.45108 0.34126 0.04142 0.34683 0.27049 1551.352
3.390 0.67422 43.62481 0.25483 29.41269 0.34144 0.04127 0.34720 0.27010 1551.031
3.395 0.67420 43.56948 0.25450 29.37441 0.34162 0.04112 0.34756 0.26970 1550.712
3.400 0.67417 43.51426 0.25416 29.33622 0.34180 0.04097 0.34793 0.26930 1550.392
3.405 0.67415 43.45915 0.25383 29.29813 0.34198 0.04082 0.34830 0.26891 1550.073
3.410 0.67413 43.40417 0.25351 29.26013 0.34216 0.04067 0.34866 0.26851 1549.755
3.415 0.67411 43.34931 0.25318 29.22223 0.34234 0.04052 0.34903 0.26811 1549.437
3.420 0.67409 43.29456 0.25285 29.18443 0.34251 0.04038 0.34939 0.26772 1549.119
3.425 0.67407 43.23993 0.25252 29.14672 0.34269 0.04023 0.34976 0.26732 1548.801
3.430 0.67405 43.18542 0.25220 29.10911 0.34287 0.04009 0.35012 0.26692 1548.484
3.435 0.67403 43.13102 0.25187 29.07159 0.34305 0.03994 0.35049 0.26653 1548.167
3.440 0.67401 43.07674 0.25155 29.03417 0.34322 0.03979 0.35085 0.26613 1547.851
3.445 0.67399 43.02258 0.25122 28.99684 0.34340 0.03965 0.35122 0.26573 1547.535
3.450 0.67397 42.96853 0.25090 28.95960 0.34357 0.03951 0.35158 0.26534 1547.220
3.455 0.67395 42.91460 0.25058 28.92246 0.34375 0.03936 0.35195 0.26494 1546.904
3.460 0.67394 42.86078 0.25026 28.88541 0.34392 0.03922 0.35231 0.26455 1546.590
3.465 0.67392 42.80708 0.24994 28.84845 0.34409 0.03908 0.35268 0.26415 1546.275
3.470 0.67390 42.75349 0.24962 28.81159 0.34427 0.03893 0.35304 0.26376 1545.961
3.475 0.67388 42.70002 0.24930 28.77482 0.34444 0.03879 0.35340 0.26336 1545.647
3.480 0.67387 42.64666 0.24898 28.73814 0.34461 0.03865 0.35377 0.26297 1545.334
3.485 0.67385 42.59341 0.24867 28.70155 0.34479 0.03851 0.35413 0.26257 1545.021
3.490 0.67383 42.54028 0.24835 28.66506 0.34496 0.03837 0.35449 0.26218 1544.709
3.495 0.67382 42.48726 0.24803 28.62865 0.34513 0.03823 0.35486 0.26179 1544.397
3.500 0.67380 42.43435 0.24772 28.59234 0.34530 0.03809 0.35522 0.26139 1544.085
3.505 0.67379 42.38156 0.24741 28.55611 0.34547 0.03795 0.35558 0.26100 1543.773
3.510 0.67377 42.32888 0.24709 28.51998 0.34564 0.03781 0.35594 0.26060 1543.462
3.515 0.67376 42.27631 0.24678 28.48394 0.34581 0.03767 0.35631 0.26021 1543.152
3.520 0.67374 42.22386 0.24647 28.44798 0.34598 0.03754 0.35667 0.25982 1542.841
3.525 0.67373 42.17151 0.24616 28.41212 0.34615 0.03740 0.35703 0.25943 1542.531
3.530 0.67371 42.11928 0.24585 28.37634 0.34631 0.03726 0.35739 0.25903 1542.222
3.535 0.67370 42.06715 0.24554 28.34066 0.34648 0.03713 0.35775 0.25864 1541.913
3.540 0.67369 42.01514 0.24523 28.30506 0.34665 0.03699 0.35811 0.25825 1541.604
3.545 0.67367 41.96324 0.24492 28.26955 0.34681 0.03686 0.35848 0.25786 1541.295
3.550 0.67366 41.91144 0.24462 28.23413 0.34698 0.03672 0.35884 0.25746 1540.987
3.555 0.67365 41.85976 0.24431 28.19879 0.34715 0.03659 0.35920 0.25707 1540.679
3.560 0.67364 41.80819 0.24400 28.16354 0.34731 0.03645 0.35956 0.25668 1540.372
3.565 0.67363 41.75672 0.24370 28.12838 0.34748 0.03632 0.35992 0.25629 1540.065
3.570 0.67361 41.70537 0.24340 28.09331 0.34764 0.03618 0.36028 0.25590 1539.758
3.575 0.67360 41.65412 0.24309 28.05832 0.34780 0.03605 0.36064 0.25551 1539.452
3.580 0.67359 41.60298 0.24279 28.02342 0.34797 0.03592 0.36100 0.25512 1539.146
3.585 0.67358 41.55195 0.24249 27.98861 0.34813 0.03579 0.36136 0.25473 1538.841
3.590 0.67357 41.50103 0.24219 27.95388 0.34829 0.03566 0.36172 0.25434 1538.536
3.595 0.67356 41.45022 0.24189 27.91924 0.34845 0.03552 0.36208 0.25395 1538.231
3.600 0.67355 41.39951 0.24159 27.88468 0.34862 0.03539 0.36243 0.25356 1537.926
3.605 0.67354 41.34891 0.24129 27.85021 0.34878 0.03526 0.36279 0.25317 1537.622
3.610 0.67353 41.29841 0.24099 27.81582 0.34894 0.03513 0.36315 0.25278 1537.319
3.615 0.67352 41.24803 0.24069 27.78151 0.34910 0.03500 0.36351 0.25239 1537.015
3.620 0.67351 41.19774 0.24040 27.74729 0.34926 0.03488 0.36387 0.25200 1536.712
3.625 0.67351 41.14757 0.24010 27.71315 0.34942 0.03475 0.36423 0.25161 1536.410
3.630 0.67350 41.09750 0.23981 27.67910 0.34958 0.03462 0.36459 0.25122 1536.107
3.635 0.67349 41.04753 0.23951 27.64513 0.34973 0.03449 0.36494 0.25083 1535.806
3.640 0.67348 40.99767 0.23922 27.61124 0.34989 0.03436 0.36530 0.25044 1535.504
3.645 0.67348 40.94792 0.23893 27.57744 0.35005 0.03424 0.36566 0.25006 1535.203
3.650 0.67347 40.89827 0.23863 27.54372 0.35021 0.03411 0.36601 0.24967 1534.902
3.655 0.67346 40.84872 0.23834 27.51008 0.35036 0.03398 0.36637 0.24928 1534.602
3.660 0.67346 40.79928 0.23805 27.47652 0.35052 0.03386 0.36673 0.24889 1534.301
3.665 0.67345 40.74994 0.23776 27.44304 0.35068 0.03373 0.36708 0.24851 1534.002
3.670 0.67344 40.70071 0.23747 27.40965 0.35083 0.03361 0.36744 0.24812 1533.702
3.675 0.67344 40.65157 0.23718 27.37633 0.35099 0.03348 0.36780 0.24773 1533.403
3.680 0.67343 40.60255 0.23690 27.34310 0.35114 0.03336 0.36815 0.24735 1533.105
3.685 0.67343 40.55362 0.23661 27.30995 0.35129 0.03324 0.36851 0.24696 1532.806
3.690 0.67342 40.50480 0.23632 27.27688 0.35145 0.03311 0.36886 0.24658 1532.508
3.695 0.67342 40.45607 0.23604 27.24388 0.35160 0.03299 0.36922 0.24619 1532.211
3.700 0.67341 40.40745 0.23575 27.21097 0.35175 0.03287 0.36957 0.24581 1531.913
3.705 0.67341 40.35893 0.23547 27.17814 0.35190 0.03275 0.36993 0.24542 1531.617
3.710 0.67341 40.31052 0.23518 27.14538 0.35206 0.03262 0.37028 0.24504 1531.320
3.715 0.67340 40.26220 0.23490 27.11271 0.35221 0.03250 0.37064 0.24465 1531.024
3.720 0.67340 40.21399 0.23462 27.08011 0.35236 0.03238 0.37099 0.24427 1530.728
3.725 0.67340 40.16587 0.23434 27.04760 0.35251 0.03226 0.37135 0.24388 1530.432
3.730 0.67339 40.11786 0.23406 27.01516 0.35266 0.03214 0.37170 0.24350 1530.137
3.735 0.67339 40.06994 0.23377 26.98280 0.35281 0.03202 0.37205 0.24311 1529.842
3.740 0.67339 40.02213 0.23350 26.95052 0.35296 0.03190 0.37241 0.24273 1529.548
3.745 0.67339 39.97441 0.23322 26.91831 0.35311 0.03178 0.37276 0.24235 1529.254
3.750 0.67339 39.92680 0.23294 26.88618 0.35325 0.03167 0.37311 0.24197 1528.960
3.755 0.67339 39.87928 0.23266 26.85413 0.35340 0.03155 0.37347 0.24158 1528.667
3.760 0.67338 39.83186 0.23238 26.82216 0.35355 0.03143 0.37382 0.24120 1528.374
3.765 0.67338 39.78454 0.23211 26.79026 0.35370 0.03131 0.37417 0.24082 1528.081
3.770 0.67338 39.73732 0.23183 26.75844 0.35384 0.03120 0.37452 0.24044 1527.789
3.775 0.67338 39.69020 0.23156 26.72669 0.35399 0.03108 0.37488 0.24006 1527.497
3.780 0.67338 39.64317 0.23128 26.69502 0.35413 0.03096 0.37523 0.23967 1527.205
3.785 0.67338 39.59624 0.23101 26.66343 0.35428 0.03085 0.37558 0.23929 1526.914
3.790 0.67338 39.54941 0.23073 26.63191 0.35442 0.03073 0.37593 0.23891 1526.623
3.795 0.67338 39.50268 0.23046 26.60047 0.35457 0.03062 0.37628 0.23853 1526.332
3.800 0.67338 39.45604 0.23019 26.56910 0.35471 0.03050 0.37663 0.23815 1526.042
3.805 0.67339 39.40950 0.22992 26.53781 0.35485 0.03039 0.37698 0.23777 1525.752
3.810 0.67339 39.36305 0.22965 26.50659 0.35500 0.03028 0.37734 0.23739 1525.462
3.815 0.67339 39.31670 0.22938 26.47544 0.35514 0.03016 0.37769 0.23701 1525.173
3.820 0.67339 39.27045 0.22911 26.44437 0.35528 0.03005 0.37804 0.23663 1524.884
3.825 0.67339 39.22429 0.22884 26.41337 0.35542 0.02994 0.37839 0.23626 1524.595
3.830 0.67340 39.17823 0.22857 26.38245 0.35556 0.02983 0.37874 0.23588 1524.307
3.835 0.67340 39.13226 0.22831 26.35160 0.35570 0.02971 0.37909 0.23550 1524.019
3.840 0.67340 39.08639 0.22804 26.32082 0.35584 0.02960 0.37943 0.23512 1523.732
3.845 0.67340 39.04061 0.22777 26.29012 0.35598 0.02949 0.37978 0.23474 1523.445
3.850 0.67341 38.99493 0.22751 26.25949 0.35612 0.02938 0.38013 0.23437 1523.158
3.855 0.67341 38.94934 0.22724 26.22893 0.35626 0.02927 0.38048 0.23399 1522.871
3.860 0.67342 38.90384 0.22698 26.19844 0.35640 0.02916 0.38083 0.23361 1522.585
3.865 0.67342 38.85844 0.22672 26.16802 0.35654 0.02905 0.38118 0.23323 1522.299
3.870 0.67342 38.81313 0.22645 26.13768 0.35667 0.02894 0.38153 0.23286 1522.014
3.875 0.67343 38.76792 0.22619 26.10741 0.35681 0.02883 0.38187 0.23248 1521.728
3.880 0.67343 38.72279 0.22593 26.07720 0.35695 0.02872 0.38222 0.23211 1521.444
3.885 0.67344 38.67776 0.22567 26.04707 0.35708 0.02862 0.38257 0.23173 1521.159
3.890 0.67344 38.63283 0.22541 26.01701 0.35722 0.02851 0.38292 0.23136 1520.875
3.895 0.67345 38.58798 0.22515 25.98702 0.35735 0.02840 0.38326 0.23098 1520.591
3.900 0.67345 38.54322 0.22489 25.95710 0.35749 0.02829 0.38361 0.23061 1520.307
3.905 0.67346 38.49856 0.22463 25.92726 0.35762 0.02819 0.38396 0.23023 1520.024
3.910 0.67347 38.45399 0.22437 25.89748 0.35776 0.02808 0.38430 0.22986 1519.741
3.915 0.67347 38.40951 0.22411 25.86777 0.35789 0.02798 0.38465 0.22948 1519.459
3.920 0.67348 38.36512 0.22386 25.83813 0.35802 0.02787 0.38500 0.22911 1519.177
3.925 0.67349 38.32082 0.22360 25.80856 0.35816 0.02777 0.38534 0.22874 1518.895
3.930 0.67349 38.27662 0.22335 25.77906 0.35829 0.02766 0.38569 0.22837 1518.613
3.935 0.67350 38.23250 0.22309 25.74962 0.35842 0.02756 0.38603 0.22799 1518.332
3.940 0.67351 38.18847 0.22284 25.72026 0.35855 0.02745 0.38638 0.22762 1518.051
3.945 0.67352 38.14453 0.22258 25.69096 0.35868 0.02735 0.38672 0.22725 1517.771
3.950 0.67352 38.10068 0.22233 25.66173 0.35881 0.02724 0.38707 0.22688 1517.491
3.955 0.67353 38.05692 0.22208 25.63257 0.35894 0.02714 0.38741 0.22651 1517.211
3.960 0.67354 38.01325 0.22182 25.60348 0.35907 0.02704 0.38776 0.22613 1516.931
3.965 0.67355 37.96967 0.22157 25.57446 0.35920 0.02694 0.38810 0.22576 1516.652
3.970 0.67356 37.92618 0.22132 25.54550 0.35933 0.02683 0.38844 0.22539 1516.373
3.975 0.67357 37.88278 0.22107 25.51661 0.35946 0.02673 0.38879 0.22502 1516.095
3.980 0.67358 37.83946 0.22082 25.48779 0.35958 0.02663 0.38913 0.22465 1515.816
3.985 0.67359 37.79623 0.22057 25.45903 0.35971 0.02653 0.38947 0.22428 1515.538
3.990 0.67360 37.75309 0.22032 25.43034 0.35984 0.02643 0.38982 0.22391 1515.261
3.995 0.67361 37.71004 0.22008 25.40171 0.35997 0.02633 0.39016 0.22355 1514.984
4.000 0.67362 37.66707 0.21983 25.37316 0.36009 0.02623 0.39050 0.22318 1514.707
4.005 0.67363 37.62420 0.21958 25.34466 0.36022 0.02613 0.39084 0.22281 1514.430
4.010 0.67364 37.58140 0.21934 25.31624 0.36034 0.02603 0.39119 0.22244 1514.154
4.015 0.67365 37.53870 0.21909 25.28788 0.36047 0.02593 0.39153 0.22207 1513.878
4.020 0.67366 37.49608 0.21885 25.25958 0.36059 0.02583 0.39187 0.22171 1513.602
4.025 0.67367 37.45355 0.21860 25.23135 0.36071 0.02574 0.39221 0.22134 1513.327
4.030 0.67368 37.41110 0.21836 25.20318 0.36084 0.02564 0.39255 0.22097 1513.052
4.035 0.67369 37.36874 0.21811 25.17508 0.36096 0.02554 0.39289 0.22061 1512.777
4.040 0.67371 37.32647 0.21787 25.14705 0.36108 0.02544 0.39323 0.22024 1512.503
4.045 0.67372 37.28428 0.21763 25.11907 0.36121 0.02535 0.39357 0.21987 1512.229
4.050 0.67373 37.24217 0.21739 25.09116 0.36133 0.02525 0.39391 0.21951 1511.955
4.055 0.67374 37.20015 0.21714 25.06332 0.36145 0.02515 0.39425 0.21914 1511.682
4.060 0.67376 37.15822 0.21690 25.03554 0.36157 0.02506 0.39459 0.21878 1511.409
4.065 0.67377 37.11636 0.21666 25.00782 0.36169 0.02496 0.39493 0.21841 1511.136
4.070 0.67378 37.07460 0.21642 24.98017 0.36181 0.02487 0.39527 0.21805 1510.863
4.075 0.67379 37.03291 0.21619 24.95257 0.36193 0.02477 0.39561 0.21769 1510.591
4.080 0.67381 36.99132 0.21595 24.92505 0.36205 0.02468 0.39595 0.21732 1510.320
4.085 0.67382 36.94980 0.21571 24.89758 0.36217 0.02458 0.39629 0.21696 1510.048
4.090 0.67384 36.90837 0.21547 24.87018 0.36228 0.02449 0.39663 0.21660 1509.777
4.095 0.67385 36.86702 0.21523 24.84284 0.36240 0.02440 0.39697 0.21623 1509.506
4.100 0.67386 36.82575 0.21500 24.81556 0.36252 0.02430 0.39730 0.21587 1509.236
4.105 0.67388 36.78457 0.21476 24.78834 0.36264 0.02421 0.39764 0.21551 1508.965
4.110 0.67389 36.74347 0.21453 24.76118 0.36275 0.02412 0.39798 0.21515 1508.695
4.115 0.67391 36.70245 0.21429 24.73409 0.36287 0.02403 0.39832 0.21479 1508.426
4.120 0.67392 36.66151 0.21406 24.70706 0.36298 0.02393 0.39865 0.21443 1508.156
4.125 0.67394 36.62066 0.21382 24.68008 0.36310 0.02384 0.39899 0.21407 1507.888
4.130 0.67395 36.57989 0.21359 24.65317 0.36321 0.02375 0.39933 0.21371 1507.619
4.135 0.67397 36.53920 0.21336 24.62632 0.36333 0.02366 0.39966 0.21335 1507.351
4.140 0.67399 36.49859 0.21313 24.59953 0.36344 0.02357 0.40000 0.21299 1507.082
4.145 0.67400 36.45806 0.21290 24.57281 0.36356 0.02348 0.40034 0.21263 1506.815
4.150 0.67402 36.41761 0.21266 24.54614 0.36367 0.02339 0.40067 0.21227 1506.547
4.155 0.67403 36.37724 0.21243 24.51953 0.36378 0.02330 0.40101 0.21191 1506.280
4.160 0.67405 36.33695 0.21220 24.49298 0.36389 0.02321 0.40134 0.21155 1506.013
4.165 0.67407 36.29675 0.21197 24.46649 0.36401 0.02312 0.40168 0.21119 1505.747
4.170 0.67409 36.25662 0.21174 24.44006 0.36412 0.02303 0.40201 0.21084 1505.481
4.175 0.67410 36.21657 0.21152 24.41369 0.36423 0.02294 0.40235 0.21048 1505.215
4.180 0.67412 36.17660 0.21129 24.38738 0.36434 0.02286 0.40268 0.21012 1504.949
4.185 0.67414 36.13672 0.21106 24.36113 0.36445 0.02277 0.40302 0.20977 1504.684
4.190 0.67416 36.09691 0.21083 24.33493 0.36456 0.02268 0.40335 0.20941 1504.419
4.195 0.67417 36.05718 0.21061 24.30880 0.36467 0.02259 0.40368 0.20905 1504.155
4.200 0.67419 36.01753 0.21038 24.28272 0.36478 0.02251 0.40402 0.20870 1503.890
4.205 0.67421 35.97795 0.21016 24.25670 0.36488 0.02242 0.40435 0.20834 1503.626
4.210 0.67423 35.93846 0.20993 24.23074 0.36499 0.02233 0.40468 0.20799 1503.362
4.215 0.67425 35.89904 0.20971 24.20484 0.36510 0.02225 0.40502 0.20763 1503.099
4.220 0.67427 35.85971 0.20948 24.17899 0.36521 0.02216 0.40535 0.20728 1502.836
4.225 0.67429 35.82045 0.20926 24.15321 0.36531 0.02208 0.40568 0.20693 1502.573
4.230 0.67430 35.78126 0.20904 24.12747 0.36542 0.02199 0.40601 0.20657 1502.311
4.235 0.67432 35.74216 0.20881 24.10180 0.36553 0.02191 0.40635 0.20622 1502.048
4.240 0.67434 35.70313 0.20859 24.07619 0.36563 0.02182 0.40668 0.20587 1501.786
4.245 0.67436 35.66418 0.20837 24.05063 0.36574 0.02174 0.40701 0.20552 1501.525
4.250 0.67438 35.62531 0.20815 24.02512 0.36584 0.02166 0.40734 0.20516 1501.264
4.255 0.67440 35.58651 0.20793 23.99968 0.36595 0.02157 0.40767 0.20481 1501.003
4.260 0.67442 35.54779 0.20771 23.97429 0.36605 0.02149 0.40800 0.20446 1500.742
4.265 0.67444 35.50914 0.20749 23.94895 0.36615 0.02141 0.40833 0.20411 1500.481
4.270 0.67447 35.47057 0.20727 23.92368 0.36626 0.02132 0.40866 0.20376 1500.221
4.275 0.67449 35.43208 0.20705 23.89845 0.36636 0.02124 0.40899 0.20341 1499.962
4.280 0.67451 35.39366 0.20683 23.87329 0.36646 0.02116 0.40932 0.20306 1499.702
4.285 0.67453 35.35532 0.20662 23.84818 0.36656 0.02108 0.40965 0.20271 1499.443
4.290 0.67455 35.31706 0.20640 23.82312 0.36666 0.02100 0.40998 0.20236 1499.184
4.295 0.67457 35.27887 0.20618 23.79812 0.36676 0.02091 0.41031 0.20201 1498.925
4.300 0.67459 35.24075 0.20597 23.77317 0.36686 0.02083 0.41064 0.20166 1498.667
4.305 0.67462 35.20271 0.20575 23.74828 0.36696 0.02075 0.41097 0.20132 1498.409
4.310 0.67464 35.16474 0.20554 23.72345 0.36706 0.02067 0.41130 0.20097 1498.151
4.315 0.67466 35.12685 0.20532 23.69866 0.36716 0.02059 0.41162 0.20062 1497.894
4.320 0.67468 35.08903 0.20511 23.67394 0.36726 0.02051 0.41195 0.20027 1497.637
4.325 0.67470 35.05129 0.20489 23.64926 0.36736 0.02043 0.41228 0.19993 1497.380
4.330 0.67473 35.01361 0.20468 23.62464 0.36746 0.02035 0.41261 0.19958 1497.123
4.335 0.67475 34.97602 0.20447 23.60008 0.36756 0.02027 0.41293 0.19923 1496.867
4.340 0.67477 34.93849 0.20426 23.57556 0.36765 0.02020 0.41326 0.19889 1496.611
4.345 0.67480 34.90104 0.20404 23.55111 0.36775 0.02012 0.41359 0.19854 1496.355
4.350 0.67482 34.86367 0.20383 23.52670 0.36785 0.02004 0.41392 0.19820 1496.100
4.355 0.67484 34.82636 0.20362 23.50235 0.36794 0.01996 0.41424 0.19785 1495.845
4.360 0.67487 34.78913 0.20341 23.47805 0.36804 0.01988 0.41457 0.19751 1495.590
4.365 0.67489 34.75197 0.20320 23.45380 0.36813 0.01981 0.41489 0.19717 1495.336
4.370 0.67492 34.71488 0.20299 23.42961 0.36823 0.01973 0.41522 0.19682 1495.081
4.375 0.67494 34.67787 0.20278 23.40547 0.36832 0.01965 0.41554 0.19648 1494.828
4.380 0.67496 34.64092 0.20257 23.38138 0.36841 0.01958 0.41587 0.19614 1494.574
4.385 0.67499 34.60405 0.20236 23.35734 0.36851 0.01950 0.41619 0.19580 1494.321
4.390 0.67501 34.56725 0.20216 23.33336 0.36860 0.01943 0.41652 0.19545 1494.068
4.395 0.67504 34.53052 0.20195 23.30942 0.36869 0.01935 0.41684 0.19511 1493.815
4.400 0.67506 34.49387 0.20174 23.28554 0.36879 0.01927 0.41717 0.19477 1493.562
4.405 0.67509 34.45728 0.20154 23.26171 0.36888 0.01920 0.41749 0.19443 1493.310
4.410 0.67511 34.42077 0.20133 23.23793 0.36897 0.01912 0.41782 0.19409 1493.058
4.415 0.67514 34.38432 0.20112 23.21421 0.36906 0.01905 0.41814 0.19375 1492.807
4.420 0.67516 34.34795 0.20092 23.19053 0.36915 0.01898 0.41846 0.19341 1492.555
4.425 0.67519 34.31164 0.20071 23.16691 0.36924 0.01890 0.41879 0.19307 1492.304
4.430 0.67522 34.27541 0.20051 23.14333 0.36933 0.01883 0.41911 0.19273 1492.053
4.435 0.67524 34.23925 0.20031 23.11981 0.36942 0.01875 0.41943 0.19239 1491.803
4.440 0.67527 34.20315 0.20010 23.09633 0.36951 0.01868 0.41975 0.19206 1491.553
4.445 0.67530 34.16713 0.19990 23.07291 0.36960 0.01861 0.42008 0.19172 1491.303
4.450 0.67532 34.13117 0.19970 23.04954 0.36969 0.01854 0.42040 0.19138 1491.053
4.455 0.67535 34.09529 0.19950 23.02622 0.36977 0.01846 0.42072 0.19104 1490.804
4.460 0.67538 34.05947 0.19929 23.00294 0.36986 0.01839 0.42104 0.19071 1490.555
4.465 0.67540 34.02373 0.19909 22.97972 0.36995 0.01832 0.42136 0.19037 1490.306
4.470 0.67543 33.98805 0.19889 22.95655 0.37003 0.01825 0.42168 0.19003 1490.058
4.475 0.67546 33.95244 0.19869 22.93342 0.37012 0.01818 0.42200 0.18970 1489.809
4.480 0.67548 33.91690 0.19849 22.91035 0.37021 0.01811 0.42232 0.18936 1489.561
4.485 0.67551 33.88142 0.19829 22.88732 0.37029 0.01803 0.42264 0.18903 1489.314
4.490 0.67554 33.84602 0.19809 22.86435 0.37038 0.01796 0.42296 0.18869 1489.066
4.495 0.67557 33.81068 0.19789 22.84142 0.37046 0.01789 0.42328 0.18836 1488.819
4.500 0.67560 33.77541 0.19770 22.81854 0.37055 0.01782 0.42360 0.18803 1488.573
4.505 0.67562 33.74021 0.19750 22.79571 0.37063 0.01775 0.42392 0.18769 1488.326
4.510 0.67565 33.70507 0.19730 22.77293 0.37071 0.01768 0.42424 0.18736 1488.080
4.515 0.67568 33.67001 0.19710 22.75020 0.37080 0.01762 0.42456 0.18703 1487.834
4.520 0.67571 33.63501 0.19691 22.72751 0.37088 0.01755 0.42488 0.18670 1487.588
4.525 0.67574 33.60007 0.19671 22.70487 0.37096 0.01748 0.42520 0.18636 1487.343
4.530 0.67577 33.56521 0.19652 22.68228 0.37104 0.01741 0.42552 0.18603 1487.098
4.535 0.67580 33.53041 0.19632 22.65974 0.37112 0.01734 0.42583 0.18570 1486.853
4.540 0.67583 33.49567 0.19613 22.63725 0.37120 0.01727 0.42615 0.18537 1486.608
4.545 0.67586 33.46100 0.19593 22.61480 0.37128 0.01720 0.42647 0.18504 1486.364
4.550 0.67588 33.42640 0.19574 22.59240 0.37136 0.01714 0.42679 0.18471 1486.120
4.555 0.67591 33.39187 0.19554 22.57005 0.37144 0.01707 0.42710 0.18438 1485.876
