timeGa Urey Qt heat/H0 heatTW 1HPE 2HPE 3HPE 4HPE TempC
0.000 0.34000 36.00000 1.00000 12.24000 0.37200 0.01640 0.43000 0.18100 1351.850
0.005 0.34013 36.00000 1.00038 12.24464 0.37215 0.01647 0.42994 0.18143 1352.385
0.010 0.33983 36.06691 1.00136 12.25664 0.37207 0.01654 0.42963 0.18176 1352.921
0.015 0.33953 36.13406 1.00234 12.26867 0.37199 0.01661 0.42931 0.18209 1353.459
0.020 0.33923 36.20146 1.00333 12.28073 0.37192 0.01667 0.42900 0.18241 1353.998
0.025 0.33893 36.26909 1.00431 12.29281 0.37184 0.01674 0.42868 0.18274 1354.538
0.030 0.33863 36.33697 1.00530 12.30492 0.37176 0.01680 0.42837 0.18307 1355.079
0.035 0.33833 36.40510 1.00629 12.31705 0.37168 0.01687 0.42805 0.18340 1355.622
0.040 0.33803 36.47347 1.00729 12.32921 0.37161 0.01694 0.42773 0.18372 1356.166
0.045 0.33773 36.54208 1.00828 12.34139 0.37153 0.01700 0.42742 0.18405 1356.711
0.050 0.33743 36.61095 1.00928 12.35360 0.37145 0.01707 0.42710 0.18438 1357.257
0.055 0.33713 36.68007 1.01028 12.36583 0.37137 0.01714 0.42678 0.18471 1357.805
0.060 0.33682 36.74944 1.01128 12.37809 0.37129 0.01720 0.42647 0.18504 1358.354
0.065 0.33652 36.81906 1.01229 12.39038 0.37121 0.01727 0.42615 0.18537 1358.904
0.070 0.33622 36.88893 1.01329 12.40269 0.37113 0.01734 0.42583 0.18570 1359.456
0.075 0.33591 36.95906 1.01430 12.41503 0.37104 0.01741 0.42551 0.18603 1360.009
0.080 0.33561 37.02945 1.01531 12.42739 0.37096 0.01748 0.42520 0.18636 1360.563
0.085 0.33530 37.10009 1.01632 12.43978 0.37088 0.01755 0.42488 0.18670 1361.118
0.090 0.33500 37.17100 1.01734 12.45220 0.37080 0.01761 0.42456 0.18703 1361.675
0.095 0.33469 37.24216 1.01835 12.46464 0.37071 0.01768 0.42424 0.18736 1362.233
0.100 0.33439 37.31359 1.01937 12.47711 0.37063 0.01775 0.42392 0.18769 1362.793
0.105 0.33408 37.38528 1.02039 12.48961 0.37055 0.01782 0.42360 0.18803 1363.354
0.110 0.33377 37.45724 1.02142 12.50213 0.37046 0.01789 0.42328 0.18836 1363.916
0.115 0.33346 37.52946 1.02244 12.51468 0.37038 0.01796 0.42296 0.18869 1364.479
0.120 0.33315 37.60195 1.02347 12.52725 0.37029 0.01803 0.42264 0.18903 1365.044
0.125 0.33285 37.67471 1.02450 12.53986 0.37021 0.01811 0.42232 0.18936 1365.610
0.130 0.33254 37.74774 1.02553 12.55249 0.37012 0.01818 0.42200 0.18970 1366.178
0.135 0.33223 37.82104 1.02656 12.56514 0.37004 0.01825 0.42168 0.19003 1366.747
0.140 0.33192 37.89462 1.02760 12.57783 0.36995 0.01832 0.42136 0.19037 1367.317
0.145 0.33161 37.96847 1.02864 12.59054 0.36986 0.01839 0.42104 0.19071 1367.889
0.150 0.33129 38.04260 1.02968 12.60328 0.36978 0.01846 0.42072 0.19104 1368.462
0.155 0.33098 38.11701 1.03072 12.61604 0.36969 0.01854 0.42040 0.19138 1369.036
0.160 0.33067 38.19169 1.03177 12.62883 0.36960 0.01861 0.42007 0.19172 1369.612
0.165 0.33036 38.26666 1.03281 12.64166 0.36951 0.01868 0.41975 0.19206 1370.189
0.170 0.33004 38.34191 1.03386 12.65450 0.36942 0.01875 0.41943 0.19239 1370.768
0.175 0.32973 38.41745 1.03492 12.66738 0.36933 0.01883 0.41911 0.19273 1371.348
0.180 0.32942 38.49327 1.03597 12.68028 0.36924 0.01890 0.41878 0.19307 1371.929
0.185 0.32910 38.56937 1.03703 12.69321 0.36915 0.01898 0.41846 0.19341 1372.512
0.190 0.32879 38.64577 1.03809 12.70617 0.36906 0.01905 0.41814 0.19375 1373.096
0.195 0.32847 38.72246 1.03915 12.71916 0.36897 0.01912 0.41781 0.19409 1373.682
0.200 0.32815 38.79944 1.04021 12.73217 0.36888 0.01920 0.41749 0.19443 1374.269
0.205 0.32784 38.87671 1.04128 12.74522 0.36879 0.01927 0.41717 0.19477 1374.858
0.210 0.32752 38.95428 1.04234 12.75829 0.36870 0.01935 0.41684 0.19511 1375.448
0.215 0.32720 39.03214 1.04341 12.77139 0.36860 0.01942 0.41652 0.19545 1376.040
0.220 0.32688 39.11031 1.04449 12.78452 0.36851 0.01950 0.41619 0.19580 1376.633
0.225 0.32656 39.18877 1.04556 12.79767 0.36842 0.01958 0.41587 0.19614 1377.227
0.230 0.32625 39.26754 1.04664 12.81086 0.36832 0.01965 0.41554 0.19648 1377.823
0.235 0.32593 39.34661 1.04772 12.82407 0.36823 0.01973 0.41522 0.19682 1378.420
0.240 0.32561 39.42598 1.04880 12.83731 0.36813 0.01981 0.41489 0.19717 1379.019
0.245 0.32528 39.50567 1.04988 12.85058 0.36804 0.01988 0.41457 0.19751 1379.620
0.250 0.32496 39.58566 1.05097 12.86388 0.36794 0.01996 0.41424 0.19785 1380.222
0.255 0.32464 39.66596 1.05206 12.87721 0.36785 0.02004 0.41391 0.19820 1380.825
0.260 0.32432 39.74658 1.05315 12.89057 0.36775 0.02012 0.41359 0.19854 1381.430
0.265 0.32400 39.82750 1.05424 12.90396 0.36765 0.02020 0.41326 0.19889 1382.037
0.270 0.32367 39.90875 1.05534 12.91738 0.36756 0.02027 0.41293 0.19923 1382.645
0.275 0.32335 39.99031 1.05644 12.93082 0.36746 0.02035 0.41261 0.19958 1383.254
0.280 0.32302 40.07219 1.05754 12.94430 0.36736 0.02043 0.41228 0.19993 1383.865
0.285 0.32270 40.15439 1.05864 12.95780 0.36726 0.02051 0.41195 0.20027 1384.478
0.290 0.32237 40.23692 1.05975 12.97134 0.36716 0.02059 0.41162 0.20062 1385.092
0.295 0.32205 40.31977 1.06086 12.98490 0.36707 0.02067 0.41129 0.20097 1385.708
0.300 0.32172 40.40294 1.06197 12.99849 0.36697 0.02075 0.41097 0.20132 1386.325
0.305 0.32139 40.48645 1.06308 13.01212 0.36687 0.02083 0.41064 0.20166 1386.944
0.310 0.32107 40.57029 1.06420 13.02577 0.36677 0.02091 0.41031 0.20201 1387.564
0.315 0.32074 40.65445 1.06532 13.03946 0.36666 0.02100 0.40998 0.20236 1388.186
0.320 0.32041 40.73896 1.06644 13.05317 0.36656 0.02108 0.40965 0.20271 1388.810
0.325 0.32008 40.82379 1.06756 13.06692 0.36646 0.02116 0.40932 0.20306 1389.435
0.330 0.31975 40.90897 1.06868 13.08069 0.36636 0.02124 0.40899 0.20341 1390.062
0.335 0.31942 40.99449 1.06981 13.09450 0.36626 0.02132 0.40866 0.20376 1390.691
0.340 0.31909 41.08035 1.07094 13.10833 0.36615 0.02141 0.40833 0.20411 1391.321
0.345 0.31876 41.16655 1.07207 13.12220 0.36605 0.02149 0.40800 0.20446 1391.952
0.350 0.31843 41.25310 1.07321 13.13609 0.36595 0.02157 0.40767 0.20481 1392.586
0.355 0.31809 41.33999 1.07435 13.15002 0.36584 0.02166 0.40734 0.20516 1393.221
0.360 0.31776 41.42724 1.07549 13.16398 0.36574 0.02174 0.40701 0.20552 1393.857
0.365 0.31743 41.51484 1.07663 13.17797 0.36563 0.02182 0.40668 0.20587 1394.496
0.370 0.31709 41.60279 1.07778 13.19199 0.36553 0.02191 0.40634 0.20622 1395.136
0.375 0.31676 41.69110 1.07893 13.20604 0.36542 0.02199 0.40601 0.20657 1395.777
0.380 0.31642 41.77976 1.08008 13.22013 0.36532 0.02208 0.40568 0.20693 1396.421
0.385 0.31609 41.86879 1.08123 13.23424 0.36521 0.02216 0.40535 0.20728 1397.066
0.390 0.31575 41.95818 1.08238 13.24839 0.36510 0.02225 0.40501 0.20763 1397.712
0.395 0.31542 42.04793 1.08354 13.26257 0.36499 0.02233 0.40468 0.20799 1398.361
0.400 0.31508 42.13805 1.08470 13.27677 0.36489 0.02242 0.40435 0.20834 1399.011
0.405 0.31474 42.22854 1.08587 13.29102 0.36478 0.02251 0.40402 0.20870 1399.663
0.410 0.31440 42.31940 1.08703 13.30529 0.36467 0.02259 0.40368 0.20905 1400.316
0.415 0.31406 42.41064 1.08820 13.31959 0.36456 0.02268 0.40335 0.20941 1400.972
0.420 0.31372 42.50224 1.08937 13.33393 0.36445 0.02277 0.40301 0.20977 1401.629
0.425 0.31338 42.59423 1.09055 13.34830 0.36434 0.02286 0.40268 0.21012 1402.287
0.430 0.31304 42.68660 1.09172 13.36270 0.36423 0.02294 0.40235 0.21048 1402.948
0.435 0.31270 42.77935 1.09290 13.37714 0.36412 0.02303 0.40201 0.21084 1403.610
0.440 0.31236 42.87248 1.09409 13.39160 0.36401 0.02312 0.40168 0.21119 1404.274
0.445 0.31202 42.96600 1.09527 13.40610 0.36390 0.02321 0.40134 0.21155 1404.940
0.450 0.31167 43.05991 1.09646 13.42063 0.36378 0.02330 0.40101 0.21191 1405.608
0.455 0.31133 43.15421 1.09765 13.43520 0.36367 0.02339 0.40067 0.21227 1406.277
0.460 0.31099 43.24890 1.09884 13.44979 0.36356 0.02348 0.40033 0.21263 1406.949
0.465 0.31064 43.34399 1.10003 13.46442 0.36344 0.02357 0.40000 0.21299 1407.622
0.470 0.31030 43.43948 1.10123 13.47909 0.36333 0.02366 0.39966 0.21335 1408.297
0.475 0.30995 43.53537 1.10243 13.49378 0.36322 0.02375 0.39933 0.21371 1408.973
0.480 0.30960 43.63166 1.10364 13.50851 0.36310 0.02384 0.39899 0.21407 1409.652
0.485 0.30926 43.72836 1.10484 13.52327 0.36299 0.02393 0.39865 0.21443 1410.332
0.490 0.30891 43.82547 1.10605 13.53807 0.36287 0.02403 0.39832 0.21479 1411.014
0.495 0.30856 43.92298 1.10726 13.55290 0.36275 0.02412 0.39798 0.21515 1411.699
0.500 0.30821 44.02092 1.10848 13.56776 0.36264 0.02421 0.39764 0.21551 1412.384
0.505 0.30786 44.11926 1.10969 13.58266 0.36252 0.02430 0.39730 0.21587 1413.072
0.510 0.30751 44.21803 1.11091 13.59759 0.36240 0.02440 0.39696 0.21623 1413.762
0.515 0.30716 44.31721 1.11214 13.61256 0.36229 0.02449 0.39663 0.21660 1414.454
0.520 0.30681 44.41682 1.11336 13.62756 0.36217 0.02458 0.39629 0.21696 1415.147
0.525 0.30646 44.51686 1.11459 13.64259 0.36205 0.02468 0.39595 0.21732 1415.843
0.530 0.30611 44.61732 1.11582 13.65766 0.36193 0.02477 0.39561 0.21769 1416.540
0.535 0.30575 44.71822 1.11706 13.67276 0.36181 0.02487 0.39527 0.21805 1417.239
0.540 0.30540 44.81955 1.11829 13.68790 0.36169 0.02496 0.39493 0.21841 1417.941
0.545 0.30505 44.92131 1.11953 13.70307 0.36157 0.02506 0.39459 0.21878 1418.644
0.550 0.30469 45.02352 1.12077 13.71827 0.36145 0.02515 0.39425 0.21914 1419.349
0.555 0.30434 45.12617 1.12202 13.73351 0.36133 0.02525 0.39391 0.21951 1420.056
0.560 0.30398 45.22926 1.12327 13.74879 0.36121 0.02535 0.39357 0.21987 1420.765
0.565 0.30362 45.33280 1.12452 13.76410 0.36109 0.02544 0.39323 0.22024 1421.476
0.570 0.30327 45.43679 1.12577 13.77945 0.36096 0.02554 0.39289 0.22061 1422.190
0.575 0.30291 45.54123 1.12703 13.79483 0.36084 0.02564 0.39255 0.22097 1422.905
0.580 0.30255 45.64613 1.12829 13.81024 0.36072 0.02574 0.39221 0.22134 1423.622
0.585 0.30219 45.75149 1.12955 13.82570 0.36059 0.02583 0.39187 0.22171 1424.341
0.590 0.30183 45.85731 1.13082 13.84118 0.36047 0.02593 0.39153 0.22207 1425.062
0.595 0.30147 45.96360 1.13208 13.85671 0.36034 0.02603 0.39118 0.22244 1425.785
0.600 0.30111 46.07035 1.13335 13.87226 0.36022 0.02613 0.39084 0.22281 1426.511
0.605 0.30075 46.17758 1.13463 13.88786 0.36009 0.02623 0.39050 0.22318 1427.238
0.610 0.30039 46.28528 1.13591 13.90349 0.35997 0.02633 0.39016 0.22355 1427.967
0.615 0.30002 46.39345 1.13719 13.91916 0.35984 0.02643 0.38981 0.22391 1428.699
0.620 0.29966 46.50211 1.13847 13.93486 0.35971 0.02653 0.38947 0.22428 1429.433
0.625 0.29930 46.61124 1.13976 13.95060 0.35959 0.02663 0.38913 0.22465 1430.168
0.630 0.29893 46.72087 1.14104 13.96638 0.35946 0.02673 0.38879 0.22502 1430.906
0.635 0.29857 46.83098 1.14234 13.98219 0.35933 0.02683 0.38844 0.22539 1431.646
0.640 0.29820 46.94159 1.14363 13.99804 0.35920 0.02694 0.38810 0.22576 1432.388
0.645 0.29783 47.05269 1.14493 14.01393 0.35907 0.02704 0.38775 0.22613 1433.132
0.650 0.29747 47.16428 1.14623 14.02985 0.35894 0.02714 0.38741 0.22651 1433.879
0.655 0.29710 47.27639 1.14753 14.04581 0.35881 0.02724 0.38707 0.22688 1434.627
0.660 0.29673 47.38899 1.14884 14.06181 0.35868 0.02735 0.38672 0.22725 1435.378
0.665 0.29636 47.50210 1.15015 14.07784 0.35855 0.02745 0.38638 0.22762 1436.131
0.670 0.29599 47.61573 1.15146 14.09392 0.35842 0.02756 0.38603 0.22799 1436.886
0.675 0.29562 47.72987 1.15278 14.11003 0.35829 0.02766 0.38569 0.22837 1437.643
0.680 0.29525 47.84453 1.15410 14.12617 0.35816 0.02776 0.38534 0.22874 1438.403
0.685 0.29488 47.95971 1.15542 14.14236 0.35803 0.02787 0.38499 0.22911 1439.165
0.690 0.29451 48.07541 1.15675 14.15858 0.35789 0.02798 0.38465 0.22948 1439.929
0.695 0.29413 48.19165 1.15808 14.17484 0.35776 0.02808 0.38430 0.22986 1440.695
0.700 0.29376 48.30841 1.15941 14.19114 0.35763 0.02819 0.38396 0.23023 1441.463
0.705 0.29339 48.42572 1.16074 14.20748 0.35749 0.02829 0.38361 0.23061 1442.234
0.710 0.29301 48.54356 1.16208 14.22386 0.35736 0.02840 0.38326 0.23098 1443.007
0.715 0.29264 48.66194 1.16342 14.24027 0.35722 0.02851 0.38292 0.23136 1443.783
0.720 0.29226 48.78087 1.16477 14.25672 0.35709 0.02862 0.38257 0.23173 1444.560
0.725 0.29188 48.90035 1.16611 14.27322 0.35695 0.02872 0.38222 0.23211 1445.340
0.730 0.29151 49.02038 1.16746 14.28975 0.35681 0.02883 0.38187 0.23248 1446.123
0.735 0.29113 49.14097 1.16882 14.30632 0.35668 0.02894 0.38152 0.23286 1446.907
0.740 0.29075 49.26212 1.17017 14.32292 0.35654 0.02905 0.38118 0.23323 1447.694
0.745 0.29037 49.38383 1.17153 14.33957 0.35640 0.02916 0.38083 0.23361 1448.484
0.750 0.28999 49.50612 1.17290 14.35626 0.35626 0.02927 0.38048 0.23399 1449.275
0.755 0.28961 49.62897 1.17426 14.37299 0.35612 0.02938 0.38013 0.23437 1450.070
0.760 0.28923 49.75240 1.17563 14.38975 0.35598 0.02949 0.37978 0.23474 1450.866
0.765 0.28885 49.87642 1.17701 14.40656 0.35584 0.02960 0.37943 0.23512 1451.665
0.770 0.28846 50.00101 1.17838 14.42340 0.35570 0.02971 0.37908 0.23550 1452.467
0.775 0.28808 50.12619 1.17976 14.44029 0.35556 0.02982 0.37873 0.23588 1453.270
0.780 0.28769 50.25197 1.18115 14.45722 0.35542 0.02994 0.37838 0.23626 1454.077
0.785 0.28731 50.37834 1.18253 14.47418 0.35528 0.03005 0.37803 0.23663 1454.886
0.790 0.28692 50.50531 1.18392 14.49119 0.35514 0.03016 0.37768 0.23701 1455.697
0.795 0.28654 50.63288 1.18531 14.50824 0.35500 0.03028 0.37733 0.23739 1456.511
0.800 0.28615 50.76107 1.18671 14.52532 0.35486 0.03039 0.37698 0.23777 1457.327
0.805 0.28576 50.88986 1.18811 14.54245 0.35471 0.03050 0.37663 0.23815 1458.145
0.810 0.28537 51.01927 1.18951 14.55962 0.35457 0.03062 0.37628 0.23853 1458.967
0.815 0.28499 51.14930 1.19092 14.57683 0.35442 0.03073 0.37593 0.23891 1459.791
0.820 0.28460 51.27996 1.19233 14.59408 0.35428 0.03085 0.37558 0.23929 1460.617
0.825 0.28421 51.41125 1.19374 14.61138 0.35413 0.03096 0.37523 0.23967 1461.446
0.830 0.28381 51.54317 1.19516 14.62871 0.35399 0.03108 0.37488 0.24006 1462.277
0.835 0.28342 51.67572 1.19658 14.64609 0.35384 0.03120 0.37452 0.24044 1463.112
0.840 0.28303 51.80892 1.19800 14.66350 0.35370 0.03131 0.37417 0.24082 1463.948
0.845 0.28264 51.94277 1.19942 14.68096 0.35355 0.03143 0.37382 0.24120 1464.788
0.850 0.28224 52.07727 1.20085 14.69846 0.35340 0.03155 0.37347 0.24158 1465.630
0.855 0.28185 52.21242 1.20229 14.71600 0.35326 0.03167 0.37311 0.24197 1466.474
0.860 0.28145 52.34824 1.20372 14.73359 0.35311 0.03178 0.37276 0.24235 1467.322
0.865 0.28106 52.48472 1.20516 14.75122 0.35296 0.03190 0.37241 0.24273 1468.172
0.870 0.28066 52.62186 1.20661 14.76889 0.35281 0.03202 0.37205 0.24311 1469.024
0.875 0.28026 52.75969 1.20806 14.78660 0.35266 0.03214 0.37170 0.24350 1469.880
0.880 0.27987 52.89819 1.20951 14.80435 0.35251 0.03226 0.37135 0.24388 1470.738
0.885 0.27947 53.03738 1.21096 14.82215 0.35236 0.03238 0.37099 0.24427 1471.598
0.890 0.27907 53.17725 1.21242 14.83999 0.35221 0.03250 0.37064 0.24465 1472.462
0.895 0.27867 53.31782 1.21388 14.85788 0.35206 0.03262 0.37028 0.24504 1473.328
0.900 0.27827 53.45909 1.21534 14.87581 0.35191 0.03275 0.36993 0.24542 1474.197
0.905 0.27786 53.60107 1.21681 14.89378 0.35175 0.03287 0.36957 0.24580 1475.069
0.910 0.27746 53.74375 1.21828 14.91179 0.35160 0.03299 0.36922 0.24619 1475.944
0.915 0.27706 53.88714 1.21976 14.92985 0.35145 0.03311 0.36886 0.24658 1476.822
0.920 0.27665 54.03126 1.22124 14.94795 0.35130 0.03324 0.36851 0.24696 1477.702
0.925 0.27625 54.17609 1.22272 14.96610 0.35114 0.03336 0.36815 0.24735 1478.585
0.930 0.27584 54.32166 1.22421 14.98429 0.35099 0.03348 0.36780 0.24773 1479.471
0.935 0.27544 54.46796 1.22570 15.00252 0.35083 0.03361 0.36744 0.24812 1480.360
0.940 0.27503 54.61501 1.22719 15.02080 0.35068 0.03373 0.36708 0.24851 1481.252
0.945 0.27462 54.76279 1.22869 15.03912 0.35052 0.03386 0.36673 0.24889 1482.147
0.950 0.27421 54.91133 1.23019 15.05749 0.35037 0.03398 0.36637 0.24928 1483.045
0.955 0.27381 55.06062 1.23169 15.07590 0.35021 0.03411 0.36601 0.24967 1483.945
0.960 0.27340 55.21068 1.23320 15.09436 0.35005 0.03424 0.36566 0.25006 1484.849
0.965 0.27299 55.36150 1.23471 15.11286 0.34989 0.03436 0.36530 0.25044 1485.756
0.970 0.27257 55.51310 1.23623 15.13141 0.34974 0.03449 0.36494 0.25083 1486.665
0.975 0.27216 55.66547 1.23775 15.15000 0.34958 0.03462 0.36458 0.25122 1487.578
0.980 0.27175 55.81863 1.23927 15.16864 0.34942 0.03475 0.36423 0.25161 1488.494
0.985 0.27134 55.97258 1.24079 15.18733 0.34926 0.03487 0.36387 0.25200 1489.412
0.990 0.27092 56.12732 1.24232 15.20606 0.34910 0.03500 0.36351 0.25239 1490.334
0.995 0.27051 56.28287 1.24386 15.22483 0.34894 0.03513 0.36315 0.25278 1491.259
1.000 0.27009 56.43922 1.24540 15.24366 0.34878 0.03526 0.36279 0.25317 1492.187
1.005 0.26967 56.59639 1.24694 15.26253 0.34862 0.03539 0.36243 0.25356 1493.118
1.010 0.26926 56.75438 1.24848 15.28144 0.34846 0.03552 0.36207 0.25394 1494.052
1.015 0.26884 56.91319 1.25003 15.30040 0.34829 0.03565 0.36172 0.25433 1494.990
1.020 0.26842 57.07284 1.25159 15.31941 0.34813 0.03579 0.36136 0.25473 1495.930
1.025 0.26800 57.23332 1.25314 15.33847 0.34797 0.03592 0.36100 0.25512 1496.874
1.030 0.26758 57.39465 1.25470 15.35757 0.34781 0.03605 0.36064 0.25551 1497.821
1.035 0.26716 57.55683 1.25627 15.37672 0.34764 0.03618 0.36028 0.25590 1498.771
1.040 0.26674 57.71986 1.25784 15.39592 0.34748 0.03632 0.35992 0.25629 1499.724
1.045 0.26631 57.88376 1.25941 15.41516 0.34731 0.03645 0.35956 0.25668 1500.681
1.050 0.26589 58.04853 1.26098 15.43445 0.34715 0.03659 0.35920 0.25707 1501.641
1.055 0.26546 58.21418 1.26256 15.45379 0.34698 0.03672 0.35883 0.25746 1502.604
1.060 0.26504 58.38071 1.26415 15.47318 0.34682 0.03685 0.35847 0.25786 1503.571
1.065 0.26461 58.54813 1.26574 15.49262 0.34665 0.03699 0.35811 0.25825 1504.540
1.070 0.26419 58.71645 1.26733 15.51210 0.34648 0.03713 0.35775 0.25864 1505.514
1.075 0.26376 58.88567 1.26892 15.53163 0.34632 0.03726 0.35739 0.25903 1506.490
1.080 0.26333 59.05581 1.27052 15.55122 0.34615 0.03740 0.35703 0.25942 1507.470
1.085 0.26290 59.22686 1.27213 15.57085 0.34598 0.03754 0.35667 0.25982 1508.454
1.090 0.26247 59.39883 1.27374 15.59053 0.34581 0.03767 0.35630 0.26021 1509.440
1.095 0.26204 59.57174 1.27535 15.61025 0.34564 0.03781 0.35594 0.26060 1510.431
1.100 0.26161 59.74559 1.27696 15.63003 0.34547 0.03795 0.35558 0.26100 1511.424
1.105 0.26118 59.92039 1.27858 15.64986 0.34530 0.03809 0.35522 0.26139 1512.422
1.110 0.26074 60.09614 1.28021 15.66973 0.34513 0.03823 0.35485 0.26179 1513.422
1.115 0.26031 60.27285 1.28183 15.68966 0.34496 0.03837 0.35449 0.26218 1514.427
1.120 0.25988 60.45053 1.28347 15.70964 0.34479 0.03851 0.35413 0.26257 1515.434
1.125 0.25944 60.62918 1.28510 15.72966 0.34462 0.03865 0.35377 0.26297 1516.446
1.130 0.25900 60.80882 1.28674 15.74974 0.34444 0.03879 0.35340 0.26336 1517.461
1.135 0.25857 60.98946 1.28839 15.76986 0.34427 0.03893 0.35304 0.26376 1518.479
1.140 0.25813 61.17109 1.29004 15.79004 0.34410 0.03908 0.35267 0.26415 1519.502
1.145 0.25769 61.35373 1.29169 15.81027 0.34392 0.03922 0.35231 0.26455 1520.528
1.150 0.25725 61.53739 1.29335 15.83055 0.34375 0.03936 0.35195 0.26494 1521.557
1.155 0.25681 61.72207 1.29501 15.85088 0.34357 0.03951 0.35158 0.26534 1522.590
1.160 0.25637 61.90778 1.29667 15.87126 0.34340 0.03965 0.35122 0.26573 1523.627
1.165 0.25593 62.09453 1.29834 15.89169 0.34322 0.03979 0.35085 0.26613 1524.668
1.170 0.25548 62.28233 1.30001 15.91217 0.34305 0.03994 0.35049 0.26653 1525.713
1.175 0.25504 62.47119 1.30169 15.93271 0.34287 0.04008 0.35012 0.26692 1526.761
1.180 0.25460 62.66111 1.30337 15.95330 0.34269 0.04023 0.34976 0.26732 1527.813
1.185 0.25415 62.85211 1.30506 15.97394 0.34252 0.04038 0.34939 0.26771 1528.869
1.190 0.25371 63.04419 1.30675 15.99463 0.34234 0.04052 0.34903 0.26811 1529.929
1.195 0.25326 63.23736 1.30845 16.01537 0.34216 0.04067 0.34866 0.26851 1530.993
1.200 0.25281 63.43164 1.31014 16.03617 0.34198 0.04082 0.34829 0.26891 1532.060
1.205 0.25236 63.62702 1.31185 16.05702 0.34180 0.04097 0.34793 0.26930 1533.132
1.210 0.25191 63.82352 1.31356 16.07792 0.34162 0.04112 0.34756 0.26970 1534.207
1.215 0.25146 64.02114 1.31527 16.09887 0.34144 0.04127 0.34720 0.27010 1535.287
1.220 0.25101 64.21991 1.31698 16.11988 0.34126 0.04141 0.34683 0.27049 1536.370
1.225 0.25056 64.41981 1.31870 16.14094 0.34108 0.04156 0.34646 0.27089 1537.458
1.230 0.25011 64.62088 1.32043 16.16206 0.34090 0.04172 0.34609 0.27129 1538.549
1.235 0.24965 64.82311 1.32216 16.18323 0.34072 0.04187 0.34573 0.27169 1539.645
1.240 0.24920 65.02651 1.32389 16.20445 0.34053 0.04202 0.34536 0.27209 1540.745
1.245 0.24874 65.23110 1.32563 16.22573 0.34035 0.04217 0.34499 0.27248 1541.849
1.250 0.24829 65.43688 1.32737 16.24706 0.34017 0.04232 0.34463 0.27288 1542.957
1.255 0.24783 65.64387 1.32912 16.26845 0.33998 0.04248 0.34426 0.27328 1544.069
1.260 0.24737 65.85207 1.33087 16.28989 0.33980 0.04263 0.34389 0.27368 1545.185
1.265 0.24691 66.06149 1.33263 16.31138 0.33962 0.04278 0.34352 0.27408 1546.306
1.270 0.24645 66.27215 1.33439 16.33293 0.33943 0.04294 0.34315 0.27448 1547.431
1.275 0.24599 66.48405 1.33616 16.35454 0.33925 0.04309 0.34278 0.27488 1548.560
1.280 0.24553 66.69721 1.33792 16.37620 0.33906 0.04325 0.34242 0.27528 1549.694
1.285 0.24507 66.91163 1.33970 16.39792 0.33887 0.04340 0.34205 0.27568 1550.831
1.290 0.24461 67.12733 1.34148 16.41969 0.33869 0.04356 0.34168 0.27608 1551.974
1.295 0.24414 67.34432 1.34326 16.44152 0.33850 0.04372 0.34131 0.27648 1553.120
1.300 0.24368 67.56260 1.34505 16.46340 0.33831 0.04388 0.34094 0.27688 1554.271
1.305 0.24321 67.78220 1.34684 16.48534 0.33812 0.04403 0.34057 0.27727 1555.427
1.310 0.24274 68.00311 1.34864 16.50734 0.33793 0.04419 0.34020 0.27767 1556.587
1.315 0.24228 68.22536 1.35044 16.52939 0.33774 0.04435 0.33983 0.27808 1557.751
1.320 0.24181 68.44895 1.35225 16.55150 0.33755 0.04451 0.33946 0.27848 1558.920
1.325 0.24134 68.67389 1.35406 16.57367 0.33736 0.04467 0.33909 0.27888 1560.094
1.330 0.24087 68.90021 1.35587 16.59590 0.33717 0.04483 0.33872 0.27928 1561.272
1.335 0.24040 69.12789 1.35769 16.61818 0.33698 0.04499 0.33835 0.27968 1562.455
1.340 0.23993 69.35697 1.35952 16.64052 0.33679 0.04515 0.33798 0.28008 1563.642
1.345 0.23945 69.58745 1.36135 16.66292 0.33660 0.04531 0.33761 0.28048 1564.835
1.350 0.23898 69.81935 1.36318 16.68537 0.33641 0.04548 0.33724 0.28088 1566.032
1.355 0.23850 70.05267 1.36502 16.70789 0.33621 0.04564 0.33687 0.28128 1567.233
1.360 0.23803 70.28743 1.36687 16.73046 0.33602 0.04580 0.33650 0.28168 1568.440
1.365 0.23755 70.52365 1.36872 16.75309 0.33583 0.04597 0.33612 0.28208 1569.651
1.370 0.23708 70.76132 1.37057 16.77578 0.33563 0.04613 0.33575 0.28248 1570.867
1.375 0.23660 71.00048 1.37243 16.79853 0.33544 0.04630 0.33538 0.28288 1572.088
1.380 0.23612 71.24113 1.37429 16.82134 0.33524 0.04646 0.33501 0.28329 1573.314
1.385 0.23564 71.48327 1.37616 16.84421 0.33505 0.04663 0.33464 0.28369 1574.544
1.390 0.23516 71.72694 1.37803 16.86713 0.33485 0.04679 0.33426 0.28409 1575.780
1.395 0.23468 71.97214 1.37991 16.89012 0.33465 0.04696 0.33389 0.28449 1577.021
1.400 0.23419 72.21888 1.38179 16.91317 0.33446 0.04713 0.33352 0.28489 1578.267
1.405 0.23371 72.46718 1.38368 16.93627 0.33426 0.04730 0.33315 0.28529 1579.518
1.410 0.23323 72.71705 1.38558 16.95944 0.33406 0.04747 0.33277 0.28570 1580.774
1.415 0.23274 72.96850 1.38747 16.98267 0.33386 0.04764 0.33240 0.28610 1582.035
1.420 0.23225 73.22156 1.38938 17.00596 0.33367 0.04780 0.33203 0.28650 1583.301
1.425 0.23177 73.47623 1.39128 17.02931 0.33347 0.04797 0.33166 0.28690 1584.572
1.430 0.23128 73.73254 1.39320 17.05272 0.33327 0.04815 0.33128 0.28731 1585.849
1.435 0.23079 73.99048 1.39511 17.07619 0.33307 0.04832 0.33091 0.28771 1587.131
1.440 0.23030 74.25009 1.39704 17.09973 0.33287 0.04849 0.33053 0.28811 1588.419
1.445 0.22981 74.51137 1.39896 17.12332 0.33267 0.04866 0.33016 0.28851 1589.711
1.450 0.22932 74.77433 1.40090 17.14698 0.33246 0.04883 0.32979 0.28892 1591.009
1.455 0.22882 75.03901 1.40284 17.17070 0.33226 0.04901 0.32941 0.28932 1592.313
1.460 0.22833 75.30540 1.40478 17.19448 0.33206 0.04918 0.32904 0.28972 1593.622
1.465 0.22784 75.57353 1.40673 17.21833 0.33186 0.04936 0.32866 0.29012 1594.936
1.470 0.22734 75.84342 1.40868 17.24224 0.33165 0.04953 0.32829 0.29053 1596.256
1.475 0.22684 76.11507 1.41064 17.26621 0.33145 0.04971 0.32792 0.29093 1597.582
1.480 0.22635 76.38851 1.41260 17.29024 0.33125 0.04988 0.32754 0.29133 1598.913
1.485 0.22585 76.66375 1.41457 17.31434 0.33104 0.05006 0.32717 0.29174 1600.250
1.490 0.22535 76.94081 1.41654 17.33850 0.33084 0.05023 0.32679 0.29214 1601.593
1.495 0.22485 77.21971 1.41852 17.36273 0.33063 0.05041 0.32642 0.29254 1602.941
1.500 0.22435 77.50046 1.42051 17.38702 0.33042 0.05059 0.32604 0.29294 1604.295
1.505 0.22385 77.78308 1.42250 17.41137 0.33022 0.05077 0.32566 0.29335 1605.655
1.510 0.22334 78.06758 1.42449 17.43579 0.33001 0.05095 0.32529 0.29375 1607.021
1.515 0.22284 78.35400 1.42649 17.46027 0.32980 0.05113 0.32491 0.29415 1608.393
1.520 0.22233 78.64233 1.42850 17.48482 0.32960 0.05131 0.32454 0.29456 1609.770
1.525 0.22183 78.93261 1.43051 17.50944 0.32939 0.05149 0.32416 0.29496 1611.154
1.530 0.22132 79.22486 1.43253 17.53412 0.32918 0.05167 0.32379 0.29536 1612.543
1.535 0.22081 79.51908 1.43455 17.55886 0.32897 0.05185 0.32341 0.29577 1613.939
1.540 0.22030 79.81530 1.43657 17.58367 0.32876 0.05204 0.32303 0.29617 1615.341
1.545 0.21979 80.11354 1.43861 17.60855 0.32855 0.05222 0.32266 0.29657 1616.749
1.550 0.21928 80.41381 1.44064 17.63349 0.32834 0.05240 0.32228 0.29698 1618.163
1.555 0.21877 80.71614 1.44269 17.65850 0.32813 0.05259 0.32190 0.29738 1619.583
1.560 0.21826 81.02055 1.44474 17.68358 0.32792 0.05277 0.32153 0.29778 1621.010
1.565 0.21775 81.32706 1.44679 17.70872 0.32771 0.05296 0.32115 0.29819 1622.443
1.570 0.21723 81.63568 1.44885 17.73393 0.32750 0.05314 0.32077 0.29859 1623.883
1.575 0.21672 81.94645 1.45092 17.75921 0.32728 0.05333 0.32039 0.29900 1625.329
1.580 0.21620 82.25937 1.45299 17.78456 0.32707 0.05351 0.32002 0.29940 1626.781
1.585 0.21568 82.57447 1.45506 17.80997 0.32686 0.05370 0.31964 0.29980 1628.240
1.590 0.21517 82.89178 1.45714 17.83545 0.32664 0.05389 0.31926 0.30021 1629.705
1.595 0.21465 83.21131 1.45923 17.86100 0.32643 0.05408 0.31888 0.30061 1631.177
1.600 0.21413 83.53308 1.46133 17.88662 0.32621 0.05427 0.31851 0.30101 1632.656
1.605 0.21361 83.85712 1.46342 17.91231 0.32600 0.05446 0.31813 0.30142 1634.141
1.610 0.21308 84.18346 1.46553 17.93807 0.32578 0.05465 0.31775 0.30182 1635.634
1.615 0.21256 84.51210 1.46764 17.96389 0.32557 0.05484 0.31737 0.30222 1637.133
1.620 0.21204 84.84309 1.46975 17.98979 0.32535 0.05503 0.31699 0.30263 1638.639
1.625 0.21151 85.17643 1.47188 18.01575 0.32513 0.05522 0.31661 0.30303 1640.151
1.630 0.21099 85.51216 1.47400 18.04179 0.32491 0.05541 0.31624 0.30343 1641.671
1.635 0.21046 85.85029 1.47614 18.06790 0.32470 0.05561 0.31586 0.30384 1643.198
1.640 0.20993 86.19086 1.47827 18.09407 0.32448 0.05580 0.31548 0.30424 1644.732
1.645 0.20940 86.53389 1.48042 18.12032 0.32426 0.05600 0.31510 0.30465 1646.273
1.650 0.20887 86.87939 1.48257 18.14664 0.32404 0.05619 0.31472 0.30505 1647.821
1.655 0.20834 87.22741 1.48472 18.17303 0.32382 0.05639 0.31434 0.30545 1649.377
1.660 0.20781 87.57796 1.48689 18.19949 0.32360 0.05658 0.31396 0.30586 1650.940
1.665 0.20728 87.93106 1.48905 18.22602 0.32338 0.05678 0.31358 0.30626 1652.510
1.670 0.20674 88.28676 1.49123 18.25263 0.32316 0.05698 0.31320 0.30666 1654.087
1.675 0.20621 88.64506 1.49341 18.27930 0.32294 0.05717 0.31282 0.30707 1655.672
1.680 0.20567 89.00600 1.49559 18.30605 0.32272 0.05737 0.31244 0.30747 1657.265
1.685 0.20514 89.36962 1.49778 18.33288 0.32249 0.05757 0.31206 0.30787 1658.865
1.690 0.20460 89.73592 1.49998 18.35977 0.32227 0.05777 0.31168 0.30828 1660.473
1.695 0.20406 90.10495 1.50218 18.38674 0.32205 0.05797 0.31130 0.30868 1662.088
1.700 0.20352 90.47673 1.50439 18.41378 0.32182 0.05817 0.31092 0.30908 1663.712
1.705 0.20298 90.85129 1.50661 18.44090 0.32160 0.05837 0.31054 0.30949 1665.343
1.710 0.20244 91.22866 1.50883 18.46809 0.32138 0.05857 0.31016 0.30989 1666.982
1.715 0.20189 91.60886 1.51106 18.49535 0.32115 0.05878 0.30978 0.31029 1668.629
1.720 0.20135 91.99194 1.51329 18.52269 0.32092 0.05898 0.30940 0.31069 1670.284
1.725 0.20081 92.37792 1.51553 18.55010 0.32070 0.05918 0.30902 0.31110 1671.947
1.730 0.20026 92.76682 1.51778 18.57759 0.32047 0.05939 0.30864 0.31150 1673.618
1.735 0.19971 93.15869 1.52003 18.60515 0.32025 0.05959 0.30826 0.31190 1675.297
1.740 0.19917 93.55355 1.52229 18.63279 0.32002 0.05980 0.30788 0.31231 1676.985
1.745 0.19862 93.95144 1.52455 18.66050 0.31979 0.06000 0.30750 0.31271 1678.681
1.750 0.19807 94.35239 1.52682 18.68830 0.31956 0.06021 0.30711 0.31311 1680.385
1.755 0.19752 94.75643 1.52910 18.71616 0.31933 0.06042 0.30673 0.31351 1682.098
1.760 0.19697 95.16359 1.53138 18.74411 0.31911 0.06063 0.30635 0.31392 1683.820
1.765 0.19641 95.57391 1.53367 18.77213 0.31888 0.06083 0.30597 0.31432 1685.550
1.770 0.19586 95.98743 1.53597 18.80022 0.31865 0.06104 0.30559 0.31472 1687.288
1.775 0.19531 96.40417 1.53827 18.82840 0.31842 0.06125 0.30521 0.31512 1689.036
1.780 0.19475 96.82418 1.54058 18.85665 0.31819 0.06146 0.30483 0.31553 1690.792
1.785 0.19420 97.24749 1.54289 18.88498 0.31796 0.06167 0.30444 0.31593 1692.557
1.790 0.19364 97.67414 1.54521 18.91339 0.31772 0.06188 0.30406 0.31633 1694.331
1.795 0.19308 98.10416 1.54754 18.94187 0.31749 0.06210 0.30368 0.31673 1696.114
1.800 0.19252 98.53758 1.54987 18.97044 0.31726 0.06231 0.30330 0.31713 1697.907
1.805 0.19196 98.97446 1.55221 18.99908 0.31703 0.06252 0.30291 0.31754 1699.708
1.810 0.19140 99.41483 1.55456 19.02781 0.31679 0.06274 0.30253 0.31794 1701.519
1.815 0.19084 99.85872 1.55691 19.05661 0.31656 0.06295 0.30215 0.31834 1703.339
1.820 0.19027 100.30618 1.55927 19.08549 0.31633 0.06317 0.30177 0.31874 1705.169
1.825 0.18971 100.75724 1.56164 19.11446 0.31609 0.06338 0.30138 0.31914 1707.008
1.830 0.18914 101.21196 1.56401 19.14350 0.31586 0.06360 0.30100 0.31954 1708.856
1.835 0.18858 101.67036 1.56639 19.17262 0.31562 0.06381 0.30062 0.31994 1710.715
1.840 0.18801 102.13249 1.56878 19.20183 0.31539 0.06403 0.30024 0.32035 1712.583
1.845 0.18744 102.59839 1.57117 19.23111 0.31515 0.06425 0.29985 0.32075 1714.461
1.850 0.18687 103.06811 1.57357 19.26048 0.31491 0.06447 0.29947 0.32115 1716.349
1.855 0.18630 103.54170 1.57597 19.28993 0.31468 0.06469 0.29909 0.32155 1718.246
1.860 0.18573 104.01918 1.57839 19.31946 0.31444 0.06491 0.29870 0.32195 1720.154
1.865 0.18516 104.50062 1.58081 19.34908 0.31420 0.06513 0.29832 0.32235 1722.072
1.870 0.18458 104.98605 1.58323 19.37877 0.31396 0.06535 0.29794 0.32275 1724.001
1.875 0.18401 105.47553 1.58567 19.40855 0.31372 0.06557 0.29755 0.32315 1725.940
1.880 0.18343 105.96909 1.58811 19.43841 0.31349 0.06579 0.29717 0.32355 1727.889
1.885 0.18286 106.46680 1.59055 19.46836 0.31325 0.06602 0.29679 0.32395 1729.848
1.890 0.18228 106.96868 1.59301 19.49839 0.31301 0.06624 0.29640 0.32435 1731.819
1.895 0.18170 107.47481 1.59547 19.52850 0.31277 0.06647 0.29602 0.32475 1733.800
1.900 0.18112 107.98522 1.59793 19.55870 0.31252 0.06669 0.29563 0.32515 1735.792
1.905 0.18054 108.49996 1.60041 19.58898 0.31228 0.06692 0.29525 0.32555 1737.794
1.910 0.17996 109.01910 1.60289 19.61935 0.31204 0.06714 0.29487 0.32595 1739.808
1.915 0.17938 109.54267 1.60538 19.64980 0.31180 0.06737 0.29448 0.32635 1741.833
1.920 0.17880 110.07074 1.60787 19.68034 0.31156 0.06760 0.29410 0.32675 1743.869
1.925 0.17821 110.60336 1.61037 19.71096 0.31131 0.06783 0.29371 0.32715 1745.917
1.930 0.17763 111.14058 1.61288 19.74167 0.31107 0.06805 0.29333 0.32754 1747.975
1.935 0.17704 111.68246 1.61540 19.77247 0.31083 0.06828 0.29295 0.32794 1750.046
1.940 0.17645 112.22905 1.61792 19.80335 0.31058 0.06851 0.29256 0.32834 1752.128
1.945 0.17587 112.78041 1.62045 19.83432 0.31034 0.06874 0.29218 0.32874 1754.221
1.950 0.17528 113.33661 1.62299 19.86538 0.31009 0.06898 0.29179 0.32914 1756.327
1.955 0.17469 113.89769 1.62553 19.89653 0.30985 0.06921 0.29141 0.32954 1758.444
1.960 0.17410 114.46373 1.62809 19.92776 0.30960 0.06944 0.29102 0.32993 1760.574
1.965 0.17350 115.03477 1.63064 19.95908 0.30936 0.06967 0.29064 0.33033 1762.716
1.970 0.17291 115.61089 1.63321 19.99049 0.30911 0.06991 0.29025 0.33073 1764.869
1.975 0.17232 116.19214 1.63578 20.02199 0.30886 0.07014 0.28987 0.33113 1767.036
1.980 0.17172 116.77860 1.63836 20.05358 0.30862 0.07038 0.28948 0.33152 1769.215
1.985 0.17113 117.37031 1.64095 20.08526 0.30837 0.07061 0.28910 0.33192 1771.406
1.990 0.17053 117.96736 1.64355 20.11702 0.30812 0.07085 0.28871 0.33232 1773.610
1.995 0.16993 118.56981 1.64615 20.14888 0.30787 0.07109 0.28833 0.33271 1775.827
2.000 0.16933 119.17773 1.64876 20.18083 0.30762 0.07133 0.28794 0.33311 1778.057
2.005 0.16873 119.79117 1.65138 20.21287 0.30737 0.07156 0.28756 0.33351 1780.300
2.010 0.16813 120.41023 1.65400 20.24500 0.30712 0.07180 0.28717 0.33390 1782.556
2.015 0.16753 121.03496 1.65664 20.27722 0.30687 0.07204 0.28679 0.33430 1784.826
2.020 0.16693 121.66545 1.65928 20.30953 0.30662 0.07228 0.28640 0.33469 1787.109
2.025 0.16633 122.30175 1.66192 20.34194 0.30637 0.07252 0.28602 0.33509 1789.406
2.030 0.16572 122.94396 1.66458 20.37444 0.30612 0.07277 0.28563 0.33548 1791.716
2.035 0.16512 123.59214 1.66724 20.40703 0.30587 0.07301 0.28524 0.33588 1794.041
2.040 0.16451 124.24637 1.66991 20.43971 0.30561 0.07325 0.28486 0.33627 1796.379
2.045 0.16390 124.90674 1.67259 20.47248 0.30536 0.07350 0.28447 0.33667 1798.731
2.050 0.16329 125.57332 1.67527 20.50536 0.30511 0.07374 0.28409 0.33706 1801.098
2.055 0.16268 126.24619 1.67797 20.53832 0.30485 0.07399 0.28370 0.33746 1803.479
2.060 0.16207 126.92543 1.68067 20.57138 0.30460 0.07423 0.28332 0.33785 1805.875
2.065 0.16146 127.61114 1.68338 20.60453 0.30435 0.07448 0.28293 0.33824 1808.285
2.070 0.16085 128.30339 1.68609 20.63778 0.30409 0.07473 0.28254 0.33864 1810.711
2.075 0.16024 129.00228 1.68882 20.67112 0.30384 0.07497 0.28216 0.33903 1813.151
2.080 0.15962 129.70789 1.69155 20.70456 0.30358 0.07522 0.28177 0.33942 1815.606
2.085 0.15901 130.42031 1.69429 20.73810 0.30333 0.07547 0.28139 0.33982 1818.077
2.090 0.15839 131.13963 1.69704 20.77173 0.30307 0.07572 0.28100 0.34021 1820.563
2.095 0.15778 131.86595 1.69979 20.80546 0.30281 0.07597 0.28061 0.34060 1823.065
2.100 0.15716 132.59936 1.70256 20.83928 0.30256 0.07622 0.28023 0.34099 1825.582
2.105 0.15654 133.33996 1.70533 20.87321 0.30230 0.07647 0.27984 0.34139 1828.116
