timeGa Urey Qt heat/H0 heatTW 1HPE 2HPE 3HPE 4HPE TempC
0.000 0.56000 36.00000 1.00000 20.16000 0.37200 0.01640 0.43000 0.18100 1351.850
0.005 0.56021 36.00000 1.00038 20.16764 0.37215 0.01647 0.42994 0.18143 1352.207
0.010 0.56035 36.02624 1.00136 20.18741 0.37207 0.01654 0.42963 0.18176 1352.563
0.015 0.56049 36.05250 1.00234 20.20723 0.37199 0.01661 0.42931 0.18209 1352.920
0.020 0.56064 36.07878 1.00333 20.22708 0.37192 0.01667 0.42900 0.18241 1353.277
0.025 0.56078 36.10508 1.00431 20.24698 0.37184 0.01674 0.42868 0.18274 1353.635
0.030 0.56092 36.13140 1.00530 20.26692 0.37176 0.01680 0.42837 0.18307 1353.992
0.035 0.56107 36.15774 1.00629 20.28690 0.37168 0.01687 0.42805 0.18340 1354.349
0.040 0.56121 36.18410 1.00729 20.30693 0.37161 0.01694 0.42773 0.18372 1354.707
0.045 0.56136 36.21047 1.00828 20.32699 0.37153 0.01700 0.42742 0.18405 1355.065
0.050 0.56150 36.23687 1.00928 20.34710 0.37145 0.01707 0.42710 0.18438 1355.423
0.055 0.56165 36.26329 1.01028 20.36725 0.37137 0.01714 0.42678 0.18471 1355.781
0.060 0.56180 36.28973 1.01128 20.38744 0.37129 0.01720 0.42647 0.18504 1356.139
0.065 0.56194 36.31619 1.01229 20.40768 0.37121 0.01727 0.42615 0.18537 1356.497
0.070 0.56209 36.34267 1.01329 20.42796 0.37113 0.01734 0.42583 0.18570 1356.856
0.075 0.56224 36.36917 1.01430 20.44828 0.37104 0.01741 0.42551 0.18603 1357.215
0.080 0.56239 36.39569 1.01531 20.46865 0.37096 0.01748 0.42520 0.18636 1357.573
0.085 0.56254 36.42223 1.01632 20.48905 0.37088 0.01755 0.42488 0.18670 1357.932
0.090 0.56269 36.44879 1.01734 20.50950 0.37080 0.01761 0.42456 0.18703 1358.291
0.095 0.56285 36.47537 1.01835 20.53000 0.37071 0.01768 0.42424 0.18736 1358.650
0.100 0.56300 36.50197 1.01937 20.55054 0.37063 0.01775 0.42392 0.18769 1359.010
0.105 0.56315 36.52859 1.02039 20.57112 0.37055 0.01782 0.42360 0.18803 1359.369
0.110 0.56331 36.55523 1.02142 20.59174 0.37046 0.01789 0.42328 0.18836 1359.729
0.115 0.56346 36.58188 1.02244 20.61241 0.37038 0.01796 0.42296 0.18869 1360.089
0.120 0.56361 36.60856 1.02347 20.63313 0.37029 0.01803 0.42264 0.18903 1360.448
0.125 0.56377 36.63526 1.02450 20.65388 0.37021 0.01811 0.42232 0.18936 1360.808
0.130 0.56393 36.66198 1.02553 20.67468 0.37012 0.01818 0.42200 0.18970 1361.169
0.135 0.56408 36.68871 1.02656 20.69553 0.37004 0.01825 0.42168 0.19003 1361.529
0.140 0.56424 36.71547 1.02760 20.71642 0.36995 0.01832 0.42136 0.19037 1361.889
0.145 0.56440 36.74224 1.02864 20.73736 0.36986 0.01839 0.42104 0.19071 1362.250
0.150 0.56456 36.76904 1.02968 20.75834 0.36978 0.01846 0.42072 0.19104 1362.610
0.155 0.56472 36.79585 1.03072 20.77936 0.36969 0.01854 0.42040 0.19138 1362.971
0.160 0.56488 36.82269 1.03177 20.80043 0.36960 0.01861 0.42007 0.19172 1363.332
0.165 0.56504 36.84954 1.03281 20.82155 0.36951 0.01868 0.41975 0.19206 1363.693
0.170 0.56520 36.87641 1.03386 20.84271 0.36942 0.01875 0.41943 0.19239 1364.054
0.175 0.56537 36.90330 1.03492 20.86392 0.36933 0.01883 0.41911 0.19273 1364.416
0.180 0.56553 36.93021 1.03597 20.88517 0.36924 0.01890 0.41878 0.19307 1364.777
0.185 0.56569 36.95714 1.03703 20.90647 0.36915 0.01898 0.41846 0.19341 1365.139
0.190 0.56586 36.98409 1.03809 20.92781 0.36906 0.01905 0.41814 0.19375 1365.500
0.195 0.56603 37.01106 1.03915 20.94920 0.36897 0.01912 0.41781 0.19409 1365.862
0.200 0.56619 37.03805 1.04021 20.97064 0.36888 0.01920 0.41749 0.19443 1366.224
0.205 0.56636 37.06506 1.04128 20.99212 0.36879 0.01927 0.41717 0.19477 1366.586
0.210 0.56653 37.09208 1.04234 21.01365 0.36870 0.01935 0.41684 0.19511 1366.948
0.215 0.56670 37.11913 1.04341 21.03523 0.36860 0.01942 0.41652 0.19545 1367.311
0.220 0.56686 37.14619 1.04449 21.05685 0.36851 0.01950 0.41619 0.19580 1367.673
0.225 0.56703 37.17327 1.04556 21.07852 0.36842 0.01958 0.41587 0.19614 1368.035
0.230 0.56720 37.20037 1.04664 21.10023 0.36832 0.01965 0.41554 0.19648 1368.398
0.235 0.56738 37.22749 1.04772 21.12200 0.36823 0.01973 0.41522 0.19682 1368.761
0.240 0.56755 37.25463 1.04880 21.14381 0.36813 0.01981 0.41489 0.19717 1369.124
0.245 0.56772 37.28179 1.04988 21.16567 0.36804 0.01988 0.41457 0.19751 1369.487
0.250 0.56789 37.30897 1.05097 21.18757 0.36794 0.01996 0.41424 0.19785 1369.850
0.255 0.56807 37.33616 1.05206 21.20953 0.36785 0.02004 0.41391 0.19820 1370.213
0.260 0.56824 37.36338 1.05315 21.23153 0.36775 0.02012 0.41359 0.19854 1370.577
0.265 0.56842 37.39061 1.05424 21.25358 0.36765 0.02020 0.41326 0.19889 1370.940
0.270 0.56860 37.41786 1.05534 21.27568 0.36756 0.02027 0.41293 0.19923 1371.304
0.275 0.56877 37.44513 1.05644 21.29782 0.36746 0.02035 0.41261 0.19958 1371.668
0.280 0.56895 37.47242 1.05754 21.32002 0.36736 0.02043 0.41228 0.19993 1372.031
0.285 0.56913 37.49972 1.05864 21.34226 0.36726 0.02051 0.41195 0.20027 1372.395
0.290 0.56931 37.52705 1.05975 21.36455 0.36716 0.02059 0.41162 0.20062 1372.759
0.295 0.56949 37.55439 1.06086 21.38690 0.36707 0.02067 0.41129 0.20097 1373.124
0.300 0.56967 37.58175 1.06197 21.40929 0.36697 0.02075 0.41097 0.20132 1373.488
0.305 0.56985 37.60913 1.06308 21.43172 0.36687 0.02083 0.41064 0.20166 1373.852
0.310 0.57004 37.63653 1.06420 21.45421 0.36677 0.02091 0.41031 0.20201 1374.217
0.315 0.57022 37.66395 1.06532 21.47675 0.36666 0.02100 0.40998 0.20236 1374.581
0.320 0.57040 37.69138 1.06644 21.49934 0.36656 0.02108 0.40965 0.20271 1374.946
0.325 0.57059 37.71883 1.06756 21.52198 0.36646 0.02116 0.40932 0.20306 1375.311
0.330 0.57078 37.74630 1.06868 21.54467 0.36636 0.02124 0.40899 0.20341 1375.676
0.335 0.57096 37.77379 1.06981 21.56740 0.36626 0.02132 0.40866 0.20376 1376.041
0.340 0.57115 37.80130 1.07094 21.59019 0.36615 0.02141 0.40833 0.20411 1376.406
0.345 0.57134 37.82882 1.07207 21.61303 0.36605 0.02149 0.40800 0.20446 1376.771
0.350 0.57153 37.85637 1.07321 21.63592 0.36595 0.02157 0.40767 0.20481 1377.137
0.355 0.57172 37.88393 1.07435 21.65886 0.36584 0.02166 0.40734 0.20516 1377.502
0.360 0.57191 37.91150 1.07549 21.68185 0.36574 0.02174 0.40701 0.20552 1377.868
0.365 0.57210 37.93910 1.07663 21.70489 0.36563 0.02182 0.40668 0.20587 1378.234
0.370 0.57229 37.96671 1.07778 21.72799 0.36553 0.02191 0.40634 0.20622 1378.599
0.375 0.57248 37.99434 1.07893 21.75113 0.36542 0.02199 0.40601 0.20657 1378.965
0.380 0.57268 38.02199 1.08008 21.77433 0.36532 0.02208 0.40568 0.20693 1379.331
0.385 0.57287 38.04966 1.08123 21.79757 0.36521 0.02216 0.40535 0.20728 1379.697
0.390 0.57307 38.07734 1.08238 21.82087 0.36510 0.02225 0.40501 0.20763 1380.064
0.395 0.57326 38.10504 1.08354 21.84423 0.36499 0.02233 0.40468 0.20799 1380.430
0.400 0.57346 38.13276 1.08470 21.86763 0.36489 0.02242 0.40435 0.20834 1380.796
0.405 0.57366 38.16049 1.08587 21.89109 0.36478 0.02251 0.40402 0.20870 1381.163
0.410 0.57386 38.18824 1.08703 21.91459 0.36467 0.02259 0.40368 0.20905 1381.529
0.415 0.57406 38.21601 1.08820 21.93815 0.36456 0.02268 0.40335 0.20941 1381.896
0.420 0.57426 38.24380 1.08937 21.96177 0.36445 0.02277 0.40301 0.20977 1382.263
0.425 0.57446 38.27160 1.09055 21.98544 0.36434 0.02286 0.40268 0.21012 1382.630
0.430 0.57466 38.29942 1.09172 22.00916 0.36423 0.02294 0.40235 0.21048 1382.996
0.435 0.57486 38.32726 1.09290 22.03293 0.36412 0.02303 0.40201 0.21084 1383.364
0.440 0.57507 38.35512 1.09409 22.05676 0.36401 0.02312 0.40168 0.21119 1383.731
0.445 0.57527 38.38299 1.09527 22.08064 0.36390 0.02321 0.40134 0.21155 1384.098
0.450 0.57548 38.41088 1.09646 22.10457 0.36378 0.02330 0.40101 0.21191 1384.465
0.455 0.57568 38.43878 1.09765 22.12856 0.36367 0.02339 0.40067 0.21227 1384.833
0.460 0.57589 38.46670 1.09884 22.15260 0.36356 0.02348 0.40033 0.21263 1385.200
0.465 0.57610 38.49464 1.10003 22.17670 0.36344 0.02357 0.40000 0.21299 1385.568
0.470 0.57631 38.52260 1.10123 22.20085 0.36333 0.02366 0.39966 0.21335 1385.935
0.475 0.57652 38.55057 1.10243 22.22505 0.36322 0.02375 0.39933 0.21371 1386.303
0.480 0.57673 38.57855 1.10364 22.24931 0.36310 0.02384 0.39899 0.21407 1386.671
0.485 0.57694 38.60656 1.10484 22.27363 0.36299 0.02393 0.39865 0.21443 1387.039
0.490 0.57715 38.63458 1.10605 22.29800 0.36287 0.02403 0.39832 0.21479 1387.407
0.495 0.57736 38.66262 1.10726 22.32242 0.36275 0.02412 0.39798 0.21515 1387.775
0.500 0.57758 38.69067 1.10848 22.34690 0.36264 0.02421 0.39764 0.21551 1388.143
0.505 0.57779 38.71874 1.10969 22.37144 0.36252 0.02430 0.39730 0.21587 1388.511
0.510 0.57801 38.74682 1.11091 22.39603 0.36240 0.02440 0.39696 0.21623 1388.880
0.515 0.57823 38.77492 1.11214 22.42068 0.36229 0.02449 0.39663 0.21660 1389.248
0.520 0.57844 38.80304 1.11336 22.44539 0.36217 0.02458 0.39629 0.21696 1389.616
0.525 0.57866 38.83117 1.11459 22.47015 0.36205 0.02468 0.39595 0.21732 1389.985
0.530 0.57888 38.85932 1.11582 22.49496 0.36193 0.02477 0.39561 0.21769 1390.354
0.535 0.57910 38.88749 1.11706 22.51984 0.36181 0.02487 0.39527 0.21805 1390.722
0.540 0.57932 38.91567 1.11829 22.54477 0.36169 0.02496 0.39493 0.21841 1391.091
0.545 0.57955 38.94386 1.11953 22.56976 0.36157 0.02506 0.39459 0.21878 1391.460
0.550 0.57977 38.97208 1.12077 22.59480 0.36145 0.02515 0.39425 0.21914 1391.829
0.555 0.57999 39.00030 1.12202 22.61990 0.36133 0.02525 0.39391 0.21951 1392.198
0.560 0.58022 39.02854 1.12327 22.64506 0.36121 0.02535 0.39357 0.21987 1392.567
0.565 0.58044 39.05680 1.12452 22.67028 0.36109 0.02544 0.39323 0.22024 1392.936
0.570 0.58067 39.08508 1.12577 22.69556 0.36096 0.02554 0.39289 0.22061 1393.305
0.575 0.58090 39.11336 1.12703 22.72089 0.36084 0.02564 0.39255 0.22097 1393.674
0.580 0.58113 39.14167 1.12829 22.74628 0.36072 0.02574 0.39221 0.22134 1394.044
0.585 0.58136 39.16998 1.12955 22.77173 0.36059 0.02583 0.39187 0.22171 1394.413
0.590 0.58159 39.19832 1.13082 22.79724 0.36047 0.02593 0.39153 0.22207 1394.783
0.595 0.58182 39.22667 1.13208 22.82281 0.36034 0.02603 0.39118 0.22244 1395.152
0.600 0.58205 39.25503 1.13335 22.84844 0.36022 0.02613 0.39084 0.22281 1395.522
0.605 0.58228 39.28341 1.13463 22.87412 0.36009 0.02623 0.39050 0.22318 1395.891
0.610 0.58252 39.31180 1.13591 22.89987 0.35997 0.02633 0.39016 0.22355 1396.261
0.615 0.58275 39.34021 1.13719 22.92567 0.35984 0.02643 0.38981 0.22391 1396.631
0.620 0.58299 39.36863 1.13847 22.95154 0.35971 0.02653 0.38947 0.22428 1397.000
0.625 0.58323 39.39707 1.13976 22.97746 0.35959 0.02663 0.38913 0.22465 1397.370
0.630 0.58347 39.42552 1.14104 23.00345 0.35946 0.02673 0.38879 0.22502 1397.740
0.635 0.58371 39.45398 1.14234 23.02949 0.35933 0.02683 0.38844 0.22539 1398.110
0.640 0.58395 39.48246 1.14363 23.05560 0.35920 0.02694 0.38810 0.22576 1398.480
0.645 0.58419 39.51095 1.14493 23.08176 0.35907 0.02704 0.38775 0.22613 1398.850
0.650 0.58443 39.53946 1.14623 23.10799 0.35894 0.02714 0.38741 0.22651 1399.220
0.655 0.58467 39.56798 1.14753 23.13428 0.35881 0.02724 0.38707 0.22688 1399.591
0.660 0.58492 39.59652 1.14884 23.16063 0.35868 0.02735 0.38672 0.22725 1399.961
0.665 0.58516 39.62507 1.15015 23.18704 0.35855 0.02745 0.38638 0.22762 1400.331
0.670 0.58541 39.65363 1.15146 23.21351 0.35842 0.02756 0.38603 0.22799 1400.701
0.675 0.58565 39.68221 1.15278 23.24004 0.35829 0.02766 0.38569 0.22837 1401.072
0.680 0.58590 39.71080 1.15410 23.26664 0.35816 0.02776 0.38534 0.22874 1401.442
0.685 0.58615 39.73940 1.15542 23.29330 0.35803 0.02787 0.38499 0.22911 1401.813
0.690 0.58640 39.76802 1.15675 23.32002 0.35789 0.02798 0.38465 0.22948 1402.183
0.695 0.58665 39.79665 1.15808 23.34680 0.35776 0.02808 0.38430 0.22986 1402.554
0.700 0.58690 39.82530 1.15941 23.37365 0.35763 0.02819 0.38396 0.23023 1402.924
0.705 0.58716 39.85396 1.16074 23.40056 0.35749 0.02829 0.38361 0.23061 1403.295
0.710 0.58741 39.88263 1.16208 23.42753 0.35736 0.02840 0.38326 0.23098 1403.666
0.715 0.58767 39.91131 1.16342 23.45456 0.35722 0.02851 0.38292 0.23136 1404.036
0.720 0.58792 39.94001 1.16477 23.48166 0.35709 0.02862 0.38257 0.23173 1404.407
0.725 0.58818 39.96872 1.16611 23.50883 0.35695 0.02872 0.38222 0.23211 1404.778
0.730 0.58844 39.99744 1.16746 23.53605 0.35681 0.02883 0.38187 0.23248 1405.149
0.735 0.58870 40.02617 1.16882 23.56334 0.35668 0.02894 0.38152 0.23286 1405.520
0.740 0.58896 40.05492 1.17017 23.59070 0.35654 0.02905 0.38118 0.23323 1405.890
0.745 0.58922 40.08368 1.17153 23.61812 0.35640 0.02916 0.38083 0.23361 1406.261
0.750 0.58948 40.11245 1.17290 23.64560 0.35626 0.02927 0.38048 0.23399 1406.632
0.755 0.58975 40.14124 1.17426 23.67315 0.35612 0.02938 0.38013 0.23437 1407.003
0.760 0.59001 40.17004 1.17563 23.70077 0.35598 0.02949 0.37978 0.23474 1407.374
0.765 0.59028 40.19885 1.17701 23.72845 0.35584 0.02960 0.37943 0.23512 1407.745
0.770 0.59054 40.22767 1.17838 23.75620 0.35570 0.02971 0.37908 0.23550 1408.116
0.775 0.59081 40.25650 1.17976 23.78401 0.35556 0.02982 0.37873 0.23588 1408.487
0.780 0.59108 40.28535 1.18115 23.81189 0.35542 0.02994 0.37838 0.23626 1408.858
0.785 0.59135 40.31420 1.18253 23.83983 0.35528 0.03005 0.37803 0.23663 1409.229
0.790 0.59162 40.34307 1.18392 23.86784 0.35514 0.03016 0.37768 0.23701 1409.601
0.795 0.59189 40.37195 1.18531 23.89592 0.35500 0.03028 0.37733 0.23739 1409.972
0.800 0.59217 40.40084 1.18671 23.92406 0.35486 0.03039 0.37698 0.23777 1410.343
0.805 0.59244 40.42975 1.18811 23.95227 0.35471 0.03050 0.37663 0.23815 1410.714
0.810 0.59272 40.45866 1.18951 23.98055 0.35457 0.03062 0.37628 0.23853 1411.085
0.815 0.59299 40.48759 1.19092 24.00890 0.35442 0.03073 0.37593 0.23891 1411.456
0.820 0.59327 40.51652 1.19233 24.03731 0.35428 0.03085 0.37558 0.23929 1411.828
0.825 0.59355 40.54547 1.19374 24.06580 0.35413 0.03096 0.37523 0.23967 1412.199
0.830 0.59383 40.57443 1.19516 24.09435 0.35399 0.03108 0.37488 0.24006 1412.570
0.835 0.59411 40.60340 1.19658 24.12296 0.35384 0.03120 0.37452 0.24044 1412.941
0.840 0.59439 40.63238 1.19800 24.15165 0.35370 0.03131 0.37417 0.24082 1413.312
0.845 0.59468 40.66137 1.19942 24.18041 0.35355 0.03143 0.37382 0.24120 1413.684
0.850 0.59496 40.69037 1.20085 24.20923 0.35340 0.03155 0.37347 0.24158 1414.055
0.855 0.59525 40.71938 1.20229 24.23813 0.35326 0.03167 0.37311 0.24197 1414.426
0.860 0.59553 40.74841 1.20372 24.26709 0.35311 0.03178 0.37276 0.24235 1414.797
0.865 0.59582 40.77744 1.20516 24.29612 0.35296 0.03190 0.37241 0.24273 1415.169
0.870 0.59611 40.80648 1.20661 24.32523 0.35281 0.03202 0.37205 0.24311 1415.540
0.875 0.59640 40.83553 1.20806 24.35440 0.35266 0.03214 0.37170 0.24350 1415.911
0.880 0.59669 40.86459 1.20951 24.38364 0.35251 0.03226 0.37135 0.24388 1416.282
0.885 0.59699 40.89367 1.21096 24.41296 0.35236 0.03238 0.37099 0.24427 1416.654
0.890 0.59728 40.92275 1.21242 24.44234 0.35221 0.03250 0.37064 0.24465 1417.025
0.895 0.59758 40.95184 1.21388 24.47180 0.35206 0.03262 0.37028 0.24504 1417.396
0.900 0.59787 40.98094 1.21534 24.50133 0.35191 0.03275 0.36993 0.24542 1417.767
0.905 0.59817 41.01005 1.21681 24.53092 0.35175 0.03287 0.36957 0.24580 1418.139
0.910 0.59847 41.03917 1.21828 24.56060 0.35160 0.03299 0.36922 0.24619 1418.510
0.915 0.59877 41.06830 1.21976 24.59034 0.35145 0.03311 0.36886 0.24658 1418.881
0.920 0.59907 41.09743 1.22124 24.62015 0.35130 0.03324 0.36851 0.24696 1419.252
0.925 0.59937 41.12658 1.22272 24.65004 0.35114 0.03336 0.36815 0.24735 1419.623
0.930 0.59967 41.15573 1.22421 24.68000 0.35099 0.03348 0.36780 0.24773 1419.994
0.935 0.59998 41.18490 1.22570 24.71003 0.35083 0.03361 0.36744 0.24812 1420.366
0.940 0.60028 41.21407 1.22719 24.74014 0.35068 0.03373 0.36708 0.24851 1420.737
0.945 0.60059 41.24325 1.22869 24.77032 0.35052 0.03386 0.36673 0.24889 1421.108
0.950 0.60090 41.27244 1.23019 24.80057 0.35037 0.03398 0.36637 0.24928 1421.479
0.955 0.60121 41.30163 1.23169 24.83090 0.35021 0.03411 0.36601 0.24967 1421.850
0.960 0.60152 41.33084 1.23320 24.86130 0.35005 0.03424 0.36566 0.25006 1422.221
0.965 0.60183 41.36005 1.23471 24.89177 0.34989 0.03436 0.36530 0.25044 1422.592
0.970 0.60214 41.38927 1.23623 24.92232 0.34974 0.03449 0.36494 0.25083 1422.963
0.975 0.60246 41.41850 1.23775 24.95295 0.34958 0.03462 0.36458 0.25122 1423.333
0.980 0.60277 41.44773 1.23927 24.98365 0.34942 0.03475 0.36423 0.25161 1423.704
0.985 0.60309 41.47698 1.24079 25.01442 0.34926 0.03487 0.36387 0.25200 1424.075
0.990 0.60341 41.50623 1.24232 25.04527 0.34910 0.03500 0.36351 0.25239 1424.446
0.995 0.60373 41.53548 1.24386 25.07620 0.34894 0.03513 0.36315 0.25278 1424.817
1.000 0.60405 41.56475 1.24540 25.10720 0.34878 0.03526 0.36279 0.25317 1425.187
1.005 0.60437 41.59402 1.24694 25.13828 0.34862 0.03539 0.36243 0.25356 1425.558
1.010 0.60470 41.62330 1.24848 25.16943 0.34846 0.03552 0.36207 0.25394 1425.929
1.015 0.60502 41.65258 1.25003 25.20066 0.34829 0.03565 0.36172 0.25433 1426.299
1.020 0.60535 41.68187 1.25159 25.23197 0.34813 0.03579 0.36136 0.25473 1426.670
1.025 0.60567 41.71117 1.25314 25.26336 0.34797 0.03592 0.36100 0.25512 1427.040
1.030 0.60600 41.74047 1.25470 25.29482 0.34781 0.03605 0.36064 0.25551 1427.411
1.035 0.60633 41.76978 1.25627 25.32636 0.34764 0.03618 0.36028 0.25590 1427.781
1.040 0.60666 41.79910 1.25784 25.35798 0.34748 0.03632 0.35992 0.25629 1428.152
1.045 0.60700 41.82842 1.25941 25.38968 0.34731 0.03645 0.35956 0.25668 1428.522
1.050 0.60733 41.85775 1.26098 25.42145 0.34715 0.03659 0.35920 0.25707 1428.892
1.055 0.60766 41.88708 1.26256 25.45331 0.34698 0.03672 0.35883 0.25746 1429.262
1.060 0.60800 41.91642 1.26415 25.48524 0.34682 0.03685 0.35847 0.25786 1429.632
1.065 0.60834 41.94577 1.26574 25.51725 0.34665 0.03699 0.35811 0.25825 1430.003
1.070 0.60868 41.97512 1.26733 25.54934 0.34648 0.03713 0.35775 0.25864 1430.373
1.075 0.60902 42.00447 1.26892 25.58152 0.34632 0.03726 0.35739 0.25903 1430.742
1.080 0.60936 42.03383 1.27052 25.61377 0.34615 0.03740 0.35703 0.25942 1431.112
1.085 0.60970 42.06319 1.27213 25.64610 0.34598 0.03754 0.35667 0.25982 1431.482
1.090 0.61005 42.09256 1.27374 25.67851 0.34581 0.03767 0.35630 0.26021 1431.852
1.095 0.61039 42.12193 1.27535 25.71101 0.34564 0.03781 0.35594 0.26060 1432.222
1.100 0.61074 42.15131 1.27696 25.74358 0.34547 0.03795 0.35558 0.26100 1432.591
1.105 0.61109 42.18069 1.27858 25.77624 0.34530 0.03809 0.35522 0.26139 1432.961
1.110 0.61144 42.21008 1.28021 25.80897 0.34513 0.03823 0.35485 0.26179 1433.330
1.115 0.61179 42.23947 1.28183 25.84179 0.34496 0.03837 0.35449 0.26218 1433.699
1.120 0.61215 42.26886 1.28347 25.87470 0.34479 0.03851 0.35413 0.26257 1434.069
1.125 0.61250 42.29826 1.28510 25.90768 0.34462 0.03865 0.35377 0.26297 1434.438
1.130 0.61286 42.32766 1.28674 25.94075 0.34444 0.03879 0.35340 0.26336 1434.807
1.135 0.61321 42.35706 1.28839 25.97390 0.34427 0.03893 0.35304 0.26376 1435.176
1.140 0.61357 42.38647 1.29004 26.00713 0.34410 0.03908 0.35267 0.26415 1435.545
1.145 0.61393 42.41588 1.29169 26.04044 0.34392 0.03922 0.35231 0.26455 1435.914
1.150 0.61429 42.44529 1.29335 26.07384 0.34375 0.03936 0.35195 0.26494 1436.283
1.155 0.61466 42.47471 1.29501 26.10733 0.34357 0.03951 0.35158 0.26534 1436.651
1.160 0.61502 42.50413 1.29667 26.14090 0.34340 0.03965 0.35122 0.26573 1437.020
1.165 0.61539 42.53355 1.29834 26.17455 0.34322 0.03979 0.35085 0.26613 1437.389
1.170 0.61575 42.56297 1.30001 26.20829 0.34305 0.03994 0.35049 0.26653 1437.757
1.175 0.61612 42.59239 1.30169 26.24211 0.34287 0.04008 0.35012 0.26692 1438.125
1.180 0.61649 42.62182 1.30337 26.27602 0.34269 0.04023 0.34976 0.26732 1438.493
1.185 0.61686 42.65125 1.30506 26.31001 0.34252 0.04038 0.34939 0.26771 1438.862
1.190 0.61724 42.68068 1.30675 26.34409 0.34234 0.04052 0.34903 0.26811 1439.230
1.195 0.61761 42.71011 1.30845 26.37826 0.34216 0.04067 0.34866 0.26851 1439.597
1.200 0.61799 42.73954 1.31014 26.41251 0.34198 0.04082 0.34829 0.26891 1439.965
1.205 0.61837 42.76898 1.31185 26.44685 0.34180 0.04097 0.34793 0.26930 1440.333
1.210 0.61874 42.79841 1.31356 26.48128 0.34162 0.04112 0.34756 0.26970 1440.700
1.215 0.61913 42.82785 1.31527 26.51579 0.34144 0.04127 0.34720 0.27010 1441.068
1.220 0.61951 42.85728 1.31698 26.55039 0.34126 0.04141 0.34683 0.27049 1441.435
1.225 0.61989 42.88672 1.31870 26.58508 0.34108 0.04156 0.34646 0.27089 1441.802
1.230 0.62028 42.91616 1.32043 26.61986 0.34090 0.04172 0.34609 0.27129 1442.169
1.235 0.62066 42.94559 1.32216 26.65473 0.34072 0.04187 0.34573 0.27169 1442.536
1.240 0.62105 42.97503 1.32389 26.68968 0.34053 0.04202 0.34536 0.27209 1442.903
1.245 0.62144 43.00447 1.32563 26.72473 0.34035 0.04217 0.34499 0.27248 1443.270
1.250 0.62183 43.03390 1.32737 26.75986 0.34017 0.04232 0.34463 0.27288 1443.637
1.255 0.62223 43.06334 1.32912 26.79509 0.33998 0.04248 0.34426 0.27328 1444.003
1.260 0.62262 43.09277 1.33087 26.83040 0.33980 0.04263 0.34389 0.27368 1444.369
1.265 0.62302 43.12221 1.33263 26.86581 0.33962 0.04278 0.34352 0.27408 1444.736
1.270 0.62341 43.15164 1.33439 26.90130 0.33943 0.04294 0.34315 0.27448 1445.102
1.275 0.62381 43.18107 1.33616 26.93689 0.33925 0.04309 0.34278 0.27488 1445.467
1.280 0.62421 43.21050 1.33792 26.97256 0.33906 0.04325 0.34242 0.27528 1445.833
1.285 0.62462 43.23993 1.33970 27.00833 0.33887 0.04340 0.34205 0.27568 1446.199
1.290 0.62502 43.26936 1.34148 27.04419 0.33869 0.04356 0.34168 0.27608 1446.564
1.295 0.62543 43.29878 1.34326 27.08014 0.33850 0.04372 0.34131 0.27648 1446.930
1.300 0.62583 43.32820 1.34505 27.11619 0.33831 0.04388 0.34094 0.27688 1447.295
1.305 0.62624 43.35762 1.34684 27.15233 0.33812 0.04403 0.34057 0.27727 1447.660
1.310 0.62665 43.38704 1.34864 27.18856 0.33793 0.04419 0.34020 0.27767 1448.025
1.315 0.62706 43.41645 1.35044 27.22488 0.33774 0.04435 0.33983 0.27808 1448.390
1.320 0.62748 43.44587 1.35225 27.26130 0.33755 0.04451 0.33946 0.27848 1448.754
1.325 0.62789 43.47528 1.35406 27.29781 0.33736 0.04467 0.33909 0.27888 1449.119
1.330 0.62831 43.50468 1.35587 27.33442 0.33717 0.04483 0.33872 0.27928 1449.483
1.335 0.62873 43.53408 1.35769 27.37112 0.33698 0.04499 0.33835 0.27968 1449.847
1.340 0.62915 43.56348 1.35952 27.40791 0.33679 0.04515 0.33798 0.28008 1450.211
1.345 0.62957 43.59287 1.36135 27.44481 0.33660 0.04531 0.33761 0.28048 1450.575
1.350 0.62999 43.62226 1.36318 27.48179 0.33641 0.04548 0.33724 0.28088 1450.938
1.355 0.63042 43.65165 1.36502 27.51887 0.33621 0.04564 0.33687 0.28128 1451.301
1.360 0.63085 43.68103 1.36687 27.55605 0.33602 0.04580 0.33650 0.28168 1451.665
1.365 0.63128 43.71041 1.36872 27.59333 0.33583 0.04597 0.33612 0.28208 1452.028
1.370 0.63171 43.73978 1.37057 27.63070 0.33563 0.04613 0.33575 0.28248 1452.391
1.375 0.63214 43.76915 1.37243 27.66817 0.33544 0.04630 0.33538 0.28288 1452.753
1.380 0.63257 43.79851 1.37429 27.70573 0.33524 0.04646 0.33501 0.28329 1453.116
1.385 0.63301 43.82786 1.37616 27.74340 0.33505 0.04663 0.33464 0.28369 1453.478
1.390 0.63345 43.85721 1.37803 27.78116 0.33485 0.04679 0.33426 0.28409 1453.840
1.395 0.63388 43.88656 1.37991 27.81902 0.33465 0.04696 0.33389 0.28449 1454.202
1.400 0.63433 43.91589 1.38179 27.85698 0.33446 0.04713 0.33352 0.28489 1454.564
1.405 0.63477 43.94523 1.38368 27.89504 0.33426 0.04730 0.33315 0.28529 1454.925
1.410 0.63521 43.97455 1.38558 27.93320 0.33406 0.04747 0.33277 0.28570 1455.287
1.415 0.63566 44.00387 1.38747 27.97146 0.33386 0.04764 0.33240 0.28610 1455.648
1.420 0.63611 44.03318 1.38938 28.00982 0.33367 0.04780 0.33203 0.28650 1456.009
1.425 0.63656 44.06249 1.39128 28.04827 0.33347 0.04797 0.33166 0.28690 1456.370
1.430 0.63701 44.09178 1.39320 28.08683 0.33327 0.04815 0.33128 0.28731 1456.730
1.435 0.63746 44.12107 1.39511 28.12549 0.33307 0.04832 0.33091 0.28771 1457.090
1.440 0.63792 44.15035 1.39704 28.16426 0.33287 0.04849 0.33053 0.28811 1457.451
1.445 0.63837 44.17963 1.39896 28.20312 0.33267 0.04866 0.33016 0.28851 1457.810
1.450 0.63883 44.20889 1.40090 28.24209 0.33246 0.04883 0.32979 0.28892 1458.170
1.455 0.63929 44.23815 1.40284 28.28116 0.33226 0.04901 0.32941 0.28932 1458.530
1.460 0.63976 44.26740 1.40478 28.32033 0.33206 0.04918 0.32904 0.28972 1458.889
1.465 0.64022 44.29664 1.40673 28.35960 0.33186 0.04936 0.32866 0.29012 1459.248
1.470 0.64069 44.32587 1.40868 28.39898 0.33165 0.04953 0.32829 0.29053 1459.607
1.475 0.64115 44.35509 1.41064 28.43846 0.33145 0.04971 0.32792 0.29093 1459.965
1.480 0.64162 44.38430 1.41260 28.47805 0.33125 0.04988 0.32754 0.29133 1460.323
1.485 0.64210 44.41350 1.41457 28.51774 0.33104 0.05006 0.32717 0.29174 1460.681
1.490 0.64257 44.44269 1.41654 28.55753 0.33084 0.05023 0.32679 0.29214 1461.039
1.495 0.64305 44.47187 1.41852 28.59743 0.33063 0.05041 0.32642 0.29254 1461.397
1.500 0.64352 44.50104 1.42051 28.63744 0.33042 0.05059 0.32604 0.29294 1461.754
1.505 0.64400 44.53020 1.42250 28.67755 0.33022 0.05077 0.32566 0.29335 1462.111
1.510 0.64448 44.55935 1.42449 28.71777 0.33001 0.05095 0.32529 0.29375 1462.468
1.515 0.64497 44.58849 1.42649 28.75810 0.32980 0.05113 0.32491 0.29415 1462.825
1.520 0.64545 44.61761 1.42850 28.79853 0.32960 0.05131 0.32454 0.29456 1463.181
1.525 0.64594 44.64673 1.43051 28.83907 0.32939 0.05149 0.32416 0.29496 1463.537
1.530 0.64643 44.67583 1.43253 28.87972 0.32918 0.05167 0.32379 0.29536 1463.893
1.535 0.64692 44.70492 1.43455 28.92048 0.32897 0.05185 0.32341 0.29577 1464.248
1.540 0.64741 44.73400 1.43657 28.96134 0.32876 0.05204 0.32303 0.29617 1464.604
1.545 0.64791 44.76306 1.43861 29.00231 0.32855 0.05222 0.32266 0.29657 1464.959
1.550 0.64840 44.79212 1.44064 29.04340 0.32834 0.05240 0.32228 0.29698 1465.314
1.555 0.64890 44.82116 1.44269 29.08459 0.32813 0.05259 0.32190 0.29738 1465.668
1.560 0.64940 44.85018 1.44474 29.12589 0.32792 0.05277 0.32153 0.29778 1466.022
1.565 0.64991 44.87919 1.44679 29.16731 0.32771 0.05296 0.32115 0.29819 1466.376
1.570 0.65041 44.90819 1.44885 29.20883 0.32750 0.05314 0.32077 0.29859 1466.730
1.575 0.65092 44.93718 1.45092 29.25046 0.32728 0.05333 0.32039 0.29900 1467.083
1.580 0.65143 44.96615 1.45299 29.29221 0.32707 0.05351 0.32002 0.29940 1467.436
1.585 0.65194 44.99510 1.45506 29.33407 0.32686 0.05370 0.31964 0.29980 1467.789
1.590 0.65245 45.02404 1.45714 29.37604 0.32664 0.05389 0.31926 0.30021 1468.141
1.595 0.65297 45.05297 1.45923 29.41812 0.32643 0.05408 0.31888 0.30061 1468.494
1.600 0.65348 45.08188 1.46133 29.46032 0.32621 0.05427 0.31851 0.30101 1468.846
1.605 0.65400 45.11077 1.46342 29.50263 0.32600 0.05446 0.31813 0.30142 1469.197
1.610 0.65453 45.13965 1.46553 29.54505 0.32578 0.05465 0.31775 0.30182 1469.548
1.615 0.65505 45.16851 1.46764 29.58759 0.32557 0.05484 0.31737 0.30222 1469.899
1.620 0.65557 45.19735 1.46975 29.63024 0.32535 0.05503 0.31699 0.30263 1470.250
1.625 0.65610 45.22618 1.47188 29.67301 0.32513 0.05522 0.31661 0.30303 1470.600
1.630 0.65663 45.25499 1.47400 29.71589 0.32491 0.05541 0.31624 0.30343 1470.950
1.635 0.65716 45.28379 1.47614 29.75889 0.32470 0.05561 0.31586 0.30384 1471.300
1.640 0.65770 45.31256 1.47827 29.80200 0.32448 0.05580 0.31548 0.30424 1471.650
1.645 0.65823 45.34132 1.48042 29.84523 0.32426 0.05600 0.31510 0.30465 1471.999
1.650 0.65877 45.37006 1.48257 29.88858 0.32404 0.05619 0.31472 0.30505 1472.347
1.655 0.65931 45.39878 1.48472 29.93205 0.32382 0.05639 0.31434 0.30545 1472.696
1.660 0.65986 45.42749 1.48689 29.97563 0.32360 0.05658 0.31396 0.30586 1473.044
1.665 0.66040 45.45617 1.48905 30.01933 0.32338 0.05678 0.31358 0.30626 1473.391
1.670 0.66095 45.48484 1.49123 30.06315 0.32316 0.05698 0.31320 0.30666 1473.739
1.675 0.66150 45.51348 1.49341 30.10709 0.32294 0.05717 0.31282 0.30707 1474.086
1.680 0.66205 45.54211 1.49559 30.15115 0.32272 0.05737 0.31244 0.30747 1474.433
1.685 0.66260 45.57071 1.49778 30.19532 0.32249 0.05757 0.31206 0.30787 1474.779
1.690 0.66316 45.59930 1.49998 30.23962 0.32227 0.05777 0.31168 0.30828 1475.125
1.695 0.66372 45.62786 1.50218 30.28404 0.32205 0.05797 0.31130 0.30868 1475.471
1.700 0.66428 45.65641 1.50439 30.32858 0.32182 0.05817 0.31092 0.30908 1475.816
1.705 0.66484 45.68493 1.50661 30.37324 0.32160 0.05837 0.31054 0.30949 1476.161
1.710 0.66541 45.71343 1.50883 30.41802 0.32138 0.05857 0.31016 0.30989 1476.505
1.715 0.66597 45.74191 1.51106 30.46293 0.32115 0.05878 0.30978 0.31029 1476.849
1.720 0.66654 45.77037 1.51329 30.50796 0.32092 0.05898 0.30940 0.31069 1477.193
1.725 0.66712 45.79880 1.51553 30.55311 0.32070 0.05918 0.30902 0.31110 1477.537
1.730 0.66769 45.82721 1.51778 30.59838 0.32047 0.05939 0.30864 0.31150 1477.880
1.735 0.66827 45.85560 1.52003 30.64378 0.32025 0.05959 0.30826 0.31190 1478.222
1.740 0.66885 45.88397 1.52229 30.68930 0.32002 0.05980 0.30788 0.31231 1478.565
1.745 0.66943 45.91231 1.52455 30.73495 0.31979 0.06000 0.30750 0.31271 1478.907
1.750 0.67001 45.94063 1.52682 30.78072 0.31956 0.06021 0.30711 0.31311 1479.248
1.755 0.67060 45.96892 1.52910 30.82662 0.31933 0.06042 0.30673 0.31351 1479.589
1.760 0.67119 45.99719 1.53138 30.87264 0.31911 0.06063 0.30635 0.31392 1479.930
1.765 0.67178 46.02544 1.53367 30.91879 0.31888 0.06083 0.30597 0.31432 1480.270
1.770 0.67237 46.05366 1.53597 30.96507 0.31865 0.06104 0.30559 0.31472 1480.610
1.775 0.67297 46.08185 1.53827 31.01148 0.31842 0.06125 0.30521 0.31512 1480.949
1.780 0.67356 46.11002 1.54058 31.05801 0.31819 0.06146 0.30483 0.31553 1481.288
1.785 0.67416 46.13816 1.54289 31.10467 0.31796 0.06167 0.30444 0.31593 1481.627
1.790 0.67477 46.16627 1.54521 31.15146 0.31772 0.06188 0.30406 0.31633 1481.965
1.795 0.67537 46.19436 1.54754 31.19838 0.31749 0.06210 0.30368 0.31673 1482.303
1.800 0.67598 46.22242 1.54987 31.24543 0.31726 0.06231 0.30330 0.31713 1482.641
1.805 0.67659 46.25046 1.55221 31.29261 0.31703 0.06252 0.30291 0.31754 1482.977
1.810 0.67720 46.27846 1.55456 31.33992 0.31679 0.06274 0.30253 0.31794 1483.314
1.815 0.67782 46.30644 1.55691 31.38736 0.31656 0.06295 0.30215 0.31834 1483.650
1.820 0.67844 46.33439 1.55927 31.43493 0.31633 0.06317 0.30177 0.31874 1483.986
1.825 0.67906 46.36231 1.56164 31.48263 0.31609 0.06338 0.30138 0.31914 1484.321
1.830 0.67968 46.39020 1.56401 31.53047 0.31586 0.06360 0.30100 0.31954 1484.656
1.835 0.68030 46.41807 1.56639 31.57844 0.31562 0.06381 0.30062 0.31994 1484.990
1.840 0.68093 46.44590 1.56878 31.62654 0.31539 0.06403 0.30024 0.32035 1485.324
1.845 0.68156 46.47370 1.57117 31.67478 0.31515 0.06425 0.29985 0.32075 1485.657
1.850 0.68220 46.50147 1.57357 31.72315 0.31491 0.06447 0.29947 0.32115 1485.990
1.855 0.68283 46.52922 1.57597 31.77165 0.31468 0.06469 0.29909 0.32155 1486.322
1.860 0.68347 46.55693 1.57839 31.82029 0.31444 0.06491 0.29870 0.32195 1486.654
1.865 0.68411 46.58460 1.58081 31.86907 0.31420 0.06513 0.29832 0.32235 1486.986
1.870 0.68476 46.61225 1.58323 31.91798 0.31396 0.06535 0.29794 0.32275 1487.317
1.875 0.68540 46.63987 1.58567 31.96703 0.31372 0.06557 0.29755 0.32315 1487.647
1.880 0.68605 46.66745 1.58811 32.01621 0.31349 0.06579 0.29717 0.32355 1487.977
1.885 0.68670 46.69500 1.59055 32.06553 0.31325 0.06602 0.29679 0.32395 1488.307
1.890 0.68736 46.72251 1.59301 32.11499 0.31301 0.06624 0.29640 0.32435 1488.636
1.895 0.68801 46.75000 1.59547 32.16459 0.31277 0.06647 0.29602 0.32475 1488.964
1.900 0.68867 46.77745 1.59793 32.21433 0.31252 0.06669 0.29563 0.32515 1489.292
1.905 0.68933 46.80486 1.60041 32.26421 0.31228 0.06692 0.29525 0.32555 1489.620
1.910 0.69000 46.83224 1.60289 32.31422 0.31204 0.06714 0.29487 0.32595 1489.947
1.915 0.69067 46.85958 1.60538 32.36438 0.31180 0.06737 0.29448 0.32635 1490.274
1.920 0.69134 46.88689 1.60787 32.41468 0.31156 0.06760 0.29410 0.32675 1490.600
1.925 0.69201 46.91417 1.61037 32.46512 0.31131 0.06783 0.29371 0.32715 1490.925
1.930 0.69269 46.94140 1.61288 32.51570 0.31107 0.06805 0.29333 0.32754 1491.250
1.935 0.69337 46.96861 1.61540 32.56642 0.31083 0.06828 0.29295 0.32794 1491.574
1.940 0.69405 46.99577 1.61792 32.61729 0.31058 0.06851 0.29256 0.32834 1491.898
1.945 0.69473 47.02290 1.62045 32.66830 0.31034 0.06874 0.29218 0.32874 1492.222
1.950 0.69542 47.04999 1.62299 32.71945 0.31009 0.06898 0.29179 0.32914 1492.544
1.955 0.69611 47.07704 1.62553 32.77075 0.30985 0.06921 0.29141 0.32954 1492.867
1.960 0.69680 47.10405 1.62809 32.82219 0.30960 0.06944 0.29102 0.32993 1493.188
1.965 0.69750 47.13102 1.63064 32.87378 0.30936 0.06967 0.29064 0.33033 1493.510
1.970 0.69820 47.15796 1.63321 32.92552 0.30911 0.06991 0.29025 0.33073 1493.830
1.975 0.69890 47.18485 1.63578 32.97740 0.30886 0.07014 0.28987 0.33113 1494.150
1.980 0.69960 47.21171 1.63836 33.02942 0.30862 0.07038 0.28948 0.33152 1494.470
1.985 0.70031 47.23852 1.64095 33.08160 0.30837 0.07061 0.28910 0.33192 1494.789
1.990 0.70102 47.26530 1.64355 33.13392 0.30812 0.07085 0.28871 0.33232 1495.107
1.995 0.70173 47.29203 1.64615 33.18639 0.30787 0.07109 0.28833 0.33271 1495.425
2.000 0.70245 47.31872 1.64876 33.23901 0.30762 0.07133 0.28794 0.33311 1495.742
2.005 0.70317 47.34537 1.65138 33.29178 0.30737 0.07156 0.28756 0.33351 1496.058
2.010 0.70389 47.37198 1.65400 33.34470 0.30712 0.07180 0.28717 0.33390 1496.374
2.015 0.70462 47.39854 1.65664 33.39777 0.30687 0.07204 0.28679 0.33430 1496.690
2.020 0.70534 47.42506 1.65928 33.45100 0.30662 0.07228 0.28640 0.33469 1497.004
2.025 0.70608 47.45154 1.66192 33.50437 0.30637 0.07252 0.28602 0.33509 1497.319
2.030 0.70681 47.47798 1.66458 33.55789 0.30612 0.07277 0.28563 0.33548 1497.632
2.035 0.70755 47.50437 1.66724 33.61157 0.30587 0.07301 0.28524 0.33588 1497.945
2.040 0.70829 47.53071 1.66991 33.66540 0.30561 0.07325 0.28486 0.33627 1498.257
2.045 0.70903 47.55701 1.67259 33.71939 0.30536 0.07350 0.28447 0.33667 1498.569
2.050 0.70978 47.58326 1.67527 33.77353 0.30511 0.07374 0.28409 0.33706 1498.880
2.055 0.71053 47.60947 1.67797 33.82782 0.30485 0.07399 0.28370 0.33746 1499.191
2.060 0.71128 47.63563 1.68067 33.88227 0.30460 0.07423 0.28332 0.33785 1499.500
2.065 0.71204 47.66175 1.68338 33.93687 0.30435 0.07448 0.28293 0.33824 1499.810
2.070 0.71280 47.68781 1.68609 33.99164 0.30409 0.07473 0.28254 0.33864 1500.118
2.075 0.71356 47.71383 1.68882 34.04656 0.30384 0.07497 0.28216 0.33903 1500.426
2.080 0.71432 47.73980 1.69155 34.10163 0.30358 0.07522 0.28177 0.33942 1500.733
2.085 0.71509 47.76573 1.69429 34.15687 0.30333 0.07547 0.28139 0.33982 1501.040
2.090 0.71586 47.79160 1.69704 34.21226 0.30307 0.07572 0.28100 0.34021 1501.346
2.095 0.71664 47.81742 1.69979 34.26781 0.30281 0.07597 0.28061 0.34060 1501.651
2.100 0.71742 47.84320 1.70256 34.32352 0.30256 0.07622 0.28023 0.34099 1501.955
2.105 0.71820 47.86892 1.70533 34.37940 0.30230 0.07647 0.27984 0.34139 1502.259
2.110 0.71898 47.89459 1.70811 34.43543 0.30204 0.07673 0.27946 0.34178 1502.562
2.115 0.71977 47.92022 1.71089 34.49163 0.30178 0.07698 0.27907 0.34217 1502.865
2.120 0.72056 47.94578 1.71369 34.54798 0.30152 0.07723 0.27868 0.34256 1503.167
2.125 0.72136 47.97130 1.71649 34.60450 0.30126 0.07749 0.27830 0.34295 1503.468
2.130 0.72216 47.99677 1.71930 34.66119 0.30100 0.07774 0.27791 0.34334 1503.768
2.135 0.72296 48.02218 1.72212 34.71804 0.30074 0.07800 0.27752 0.34373 1504.068
2.140 0.72376 48.04754 1.72495 34.77505 0.30048 0.07826 0.27714 0.34412 1504.367
2.145 0.72457 48.07284 1.72779 34.83222 0.30022 0.07851 0.27675 0.34451 1504.665
2.150 0.72538 48.09809 1.73063 34.88957 0.29996 0.07877 0.27637 0.34490 1504.963
2.155 0.72620 48.12329 1.73349 34.94707 0.29970 0.07903 0.27598 0.34529 1505.259
2.160 0.72702 48.14842 1.73635 35.00475 0.29944 0.07929 0.27559 0.34568 1505.556
2.165 0.72784 48.17351 1.73922 35.06259 0.29918 0.07955 0.27521 0.34607 1505.851
2.170 0.72867 48.19854 1.74209 35.12060 0.29891 0.07981 0.27482 0.34646 1506.145
2.175 0.72949 48.22351 1.74498 35.17878 0.29865 0.08007 0.27443 0.34685 1506.439
2.180 0.73033 48.24842 1.74787 35.23713 0.29839 0.08033 0.27405 0.34723 1506.732
2.185 0.73116 48.27327 1.75078 35.29565 0.29812 0.08060 0.27366 0.34762 1507.025
2.190 0.73200 48.29807 1.75369 35.35434 0.29786 0.08086 0.27327 0.34801 1507.316
2.195 0.73285 48.32281 1.75661 35.41320 0.29760 0.08112 0.27289 0.34840 1507.607
2.200 0.73369 48.34749 1.75954 35.47223 0.29733 0.08139 0.27250 0.34878 1507.897
2.205 0.73454 48.37211 1.76247 35.53143 0.29707 0.08165 0.27211 0.34917 1508.186
2.210 0.73540 48.39666 1.76542 35.59081 0.29680 0.08192 0.27173 0.34955 1508.475
2.215 0.73626 48.42116 1.76837 35.65036 0.29653 0.08219 0.27134 0.34994 1508.762
2.220 0.73712 48.44560 1.77133 35.71008 0.29627 0.08245 0.27095 0.35033 1509.049
2.225 0.73798 48.46997 1.77430 35.76998 0.29600 0.08272 0.27057 0.35071 1509.335
2.230 0.73885 48.49429 1.77728 35.83006 0.29573 0.08299 0.27018 0.35110 1509.621
2.235 0.73972 48.51854 1.78027 35.89031 0.29547 0.08326 0.26979 0.35148 1509.905
2.240 0.74060 48.54273 1.78327 35.95073 0.29520 0.08353 0.26941 0.35187 1510.189
2.245 0.74148 48.56685 1.78628 36.01134 0.29493 0.08380 0.26902 0.35225 1510.472
2.250 0.74236 48.59091 1.78929 36.07212 0.29466 0.08408 0.26863 0.35263 1510.754
2.255 0.74325 48.61490 1.79232 36.13308 0.29439 0.08435 0.26824 0.35302 1511.035
2.260 0.74414 48.63883 1.79535 36.19422 0.29412 0.08462 0.26786 0.35340 1511.315
2.265 0.74504 48.66269 1.79839 36.25554 0.29385 0.08489 0.26747 0.35378 1511.595
2.270 0.74594 48.68649 1.80144 36.31704 0.29358 0.08517 0.26708 0.35416 1511.873
2.275 0.74684 48.71022 1.80450 36.37872 0.29331 0.08544 0.26670 0.35455 1512.151
2.280 0.74775 48.73388 1.80757 36.44058 0.29304 0.08572 0.26631 0.35493 1512.428
2.285 0.74866 48.75748 1.81065 36.50262 0.29277 0.08600 0.26592 0.35531 1512.704
2.290 0.74957 48.78100 1.81373 36.56485 0.29250 0.08628 0.26554 0.35569 1512.979
2.295 0.75049 48.80446 1.81683 36.62726 0.29223 0.08655 0.26515 0.35607 1513.253
2.300 0.75141 48.82785 1.81993 36.68986 0.29195 0.08683 0.26476 0.35645 1513.527
2.305 0.75234 48.85117 1.82305 36.75264 0.29168 0.08711 0.26438 0.35683 1513.799
2.310 0.75327 48.87441 1.82617 36.81561 0.29141 0.08739 0.26399 0.35721 1514.071
2.315 0.75420 48.89759 1.82930 36.87876 0.29113 0.08767 0.26360 0.35759 1514.342
2.320 0.75514 48.92069 1.83245 36.94210 0.29086 0.08796 0.26322 0.35797 1514.612
2.325 0.75609 48.94373 1.83560 37.00563 0.29059 0.08824 0.26283 0.35835 1514.880
2.330 0.75703 48.96669 1.83876 37.06934 0.29031 0.08852 0.26244 0.35873 1515.148
2.335 0.75798 48.98957 1.84193 37.13325 0.29004 0.08881 0.26206 0.35910 1515.416
2.340 0.75894 49.01238 1.84511 37.19734 0.28976 0.08909 0.26167 0.35948 1515.682
2.345 0.75990 49.03512 1.84829 37.26163 0.28949 0.08938 0.26128 0.35986 1515.947
2.350 0.76086 49.05779 1.85149 37.32610 0.28921 0.08966 0.26089 0.36023 1516.211
2.355 0.76183 49.08037 1.85470 37.39077 0.28893 0.08995 0.26051 0.36061 1516.474
2.360 0.76280 49.10288 1.85792 37.45563 0.28866 0.09024 0.26012 0.36099 1516.737
2.365 0.76377 49.12532 1.86115 37.52068 0.28838 0.09052 0.25973 0.36136 1516.998
2.370 0.76476 49.14767 1.86438 37.58593 0.28810 0.09081 0.25935 0.36174 1517.259
2.375 0.76574 49.16995 1.86763 37.65137 0.28782 0.09110 0.25896 0.36211 1517.518
2.380 0.76673 49.19215 1.87088 37.71701 0.28755 0.09139 0.25857 0.36249 1517.777
2.385 0.76772 49.21428 1.87415 37.78285 0.28727 0.09168 0.25819 0.36286 1518.034
2.390 0.76872 49.23632 1.87742 37.84888 0.28699 0.09198 0.25780 0.36323 1518.291
2.395 0.76972 49.25828 1.88071 37.91510 0.28671 0.09227 0.25741 0.36361 1518.546
2.400 0.77073 49.28016 1.88400 37.98153 0.28643 0.09256 0.25703 0.36398 1518.801
2.405 0.77174 49.30196 1.88731 38.04815 0.28615 0.09286 0.25664 0.36435 1519.054
2.410 0.77275 49.32368 1.89062 38.11498 0.28587 0.09315 0.25626 0.36472 1519.307
2.415 0.77377 49.34531 1.89395 38.18200 0.28559 0.09345 0.25587 0.36510 1519.558
2.420 0.77480 49.36687 1.89728 38.24923 0.28531 0.09374 0.25548 0.36547 1519.809
2.425 0.77582 49.38833 1.90063 38.31665 0.28503 0.09404 0.25510 0.36584 1520.058
2.430 0.77686 49.40972 1.90398 38.38428 0.28475 0.09434 0.25471 0.36621 1520.306
2.435 0.77789 49.43102 1.90735 38.45212 0.28446 0.09464 0.25432 0.36658 1520.554
2.440 0.77894 49.45223 1.91072 38.52015 0.28418 0.09494 0.25394 0.36695 1520.800
2.445 0.77998 49.47336 1.91411 38.58840 0.28390 0.09524 0.25355 0.36732 1521.045
2.450 0.78103 49.49440 1.91750 38.65684 0.28362 0.09554 0.25316 0.36768 1521.289
2.455 0.78209 49.51535 1.92091 38.72550 0.28333 0.09584 0.25278 0.36805 1521.532
2.460 0.78315 49.53621 1.92432 38.79436 0.28305 0.09614 0.25239 0.36842 1521.774
2.465 0.78422 49.55699 1.92775 38.86343 0.28276 0.09644 0.25201 0.36879 1522.015
2.470 0.78529 49.57768 1.93119 38.93270 0.28248 0.09675 0.25162 0.36915 1522.255
2.475 0.78636 49.59827 1.93463 39.00219 0.28220 0.09705 0.25123 0.36952 1522.494
2.480 0.78744 49.61878 1.93809 39.07188 0.28191 0.09736 0.25085 0.36989 1522.731
2.485 0.78853 49.63920 1.94156 39.14179 0.28163 0.09766 0.25046 0.37025 1522.968
2.490 0.78962 49.65952 1.94504 39.21191 0.28134 0.09797 0.25007 0.37062 1523.203
2.495 0.79071 49.67975 1.94852 39.28224 0.28105 0.09828 0.24969 0.37098 1523.437
2.500 0.79181 49.69989 1.95202 39.35278 0.28077 0.09858 0.24930 0.37134 1523.670
2.505 0.79291 49.71993 1.95553 39.42354 0.28048 0.09889 0.24892 0.37171 1523.902
2.510 0.79402 49.73988 1.95905 39.49451 0.28019 0.09920 0.24853 0.37207 1524.133
2.515 0.79513 49.75973 1.96258 39.56570 0.27991 0.09951 0.24815 0.37243 1524.363
2.520 0.79625 49.77949 1.96613 39.63710 0.27962 0.09982 0.24776 0.37280 1524.591
2.525 0.79738 49.79915 1.96968 39.70872 0.27933 0.10014 0.24737 0.37316 1524.818
2.530 0.79851 49.81872 1.97324 39.78056 0.27904 0.10045 0.24699 0.37352 1525.044
2.535 0.79964 49.83818 1.97682 39.85262 0.27875 0.10076 0.24660 0.37388 1525.269
2.540 0.80078 49.85755 1.98040 39.92490 0.27847 0.10108 0.24622 0.37424 1525.493
2.545 0.80192 49.87682 1.98400 39.99739 0.27818 0.10139 0.24583 0.37460 1525.716
2.550 0.80307 49.89599 1.98760 40.07011 0.27789 0.10171 0.24545 0.37496 1525.937
2.555 0.80423 49.91506 1.99122 40.14305 0.27760 0.10202 0.24506 0.37532 1526.157
2.560 0.80539 49.93403 1.99485 40.21621 0.27731 0.10234 0.24468 0.37568 1526.376
2.565 0.80655 49.95289 1.99849 40.28960 0.27702 0.10266 0.24429 0.37603 1526.594
2.570 0.80772 49.97166 2.00214 40.36321 0.27673 0.10298 0.24391 0.37639 1526.810
2.575 0.80890 49.99032 2.00581 40.43704 0.27643 0.10330 0.24352 0.37675 1527.025
2.580 0.81008 50.00887 2.00948 40.51111 0.27614 0.10362 0.24314 0.37710 1527.239
2.585 0.81126 50.02733 2.01316 40.58539 0.27585 0.10394 0.24275 0.37746 1527.452
2.590 0.81246 50.04567 2.01686 40.65991 0.27556 0.10426 0.24237 0.37782 1527.663
2.595 0.81365 50.06391 2.02057 40.73465 0.27527 0.10458 0.24198 0.37817 1527.873
2.600 0.81486 50.08205 2.02429 40.80963 0.27497 0.10491 0.24160 0.37852 1528.082
2.605 0.81606 50.10007 2.02802 40.88483 0.27468 0.10523 0.24121 0.37888 1528.290
2.610 0.81728 50.11799 2.03176 40.96027 0.27439 0.10555 0.24083 0.37923 1528.496
2.615 0.81850 50.13580 2.03551 41.03593 0.27409 0.10588 0.24044 0.37958 1528.701
2.620 0.81972 50.15350 2.03928 41.11183 0.27380 0.10621 0.24006 0.37994 1528.905
2.625 0.82095 50.17109 2.04305 41.18796 0.27351 0.10653 0.23967 0.38029 1529.107
2.630 0.82219 50.18857 2.04684 41.26433 0.27321 0.10686 0.23929 0.38064 1529.308
2.635 0.82343 50.20594 2.05064 41.34093 0.27292 0.10719 0.23890 0.38099 1529.508
2.640 0.82467 50.22319 2.05445 41.41777 0.27262 0.10752 0.23852 0.38134 1529.706
2.645 0.82593 50.24033 2.05828 41.49485 0.27233 0.10785 0.23814 0.38169 1529.903
2.650 0.82719 50.25736 2.06211 41.57216 0.27203 0.10818 0.23775 0.38204 1530.099
2.655 0.82845 50.27427 2.06596 41.64971 0.27173 0.10851 0.23737 0.38239 1530.293
2.660 0.82972 50.29107 2.06982 41.72750 0.27144 0.10884 0.23698 0.38273 1530.486
2.665 0.83100 50.30775 2.07369 41.80554 0.27114 0.10918 0.23660 0.38308 1530.678
2.670 0.83228 50.32431 2.07757 41.88381 0.27084 0.10951 0.23622 0.38343 1530.868
2.675 0.83357 50.34076 2.08146 41.96233 0.27055 0.10985 0.23583 0.38377 1531.056
2.680 0.83486 50.35709 2.08537 42.04109 0.27025 0.11018 0.23545 0.38412 1531.244
2.685 0.83616 50.37329 2.08929 42.12009 0.26995 0.11052 0.23507 0.38446 1531.430
2.690 0.83746 50.38938 2.09322 42.19934 0.26965 0.11086 0.23468 0.38481 1531.614
2.695 0.83878 50.40535 2.09716 42.27883 0.26936 0.11119 0.23430 0.38515 1531.797
2.700 0.84009 50.42120 2.10112 42.35857 0.26906 0.11153 0.23392 0.38549 1531.979
2.705 0.84142 50.43692 2.10509 42.43856 0.26876 0.11187 0.23353 0.38584 1532.159
2.710 0.84275 50.45252 2.10907 42.51880 0.26846 0.11221 0.23315 0.38618 1532.338
2.715 0.84409 50.46800 2.11306 42.59929 0.26816 0.11255 0.23277 0.38652 1532.515
2.720 0.84543 50.48335 2.11706 42.68003 0.26786 0.11289 0.23238 0.38686 1532.691
2.725 0.84678 50.49858 2.12108 42.76102 0.26756 0.11324 0.23200 0.38720 1532.865
2.730 0.84813 50.51368 2.12511 42.84226 0.26726 0.11358 0.23162 0.38754 1533.038
2.735 0.84949 50.52865 2.12915 42.92375 0.26696 0.11392 0.23124 0.38788 1533.209
2.740 0.85086 50.54350 2.13321 43.00550 0.26666 0.11427 0.23085 0.38822 1533.379
2.745 0.85224 50.55822 2.13728 43.08751 0.26636 0.11461 0.23047 0.38856 1533.547
2.750 0.85362 50.57280 2.14136 43.16977 0.26606 0.11496 0.23009 0.38889 1533.714
2.755 0.85500 50.58726 2.14545 43.25229 0.26575 0.11531 0.22971 0.38923 1533.879
2.760 0.85640 50.60159 2.14956 43.33506 0.26545 0.11566 0.22933 0.38957 1534.043
2.765 0.85780 50.61578 2.15368 43.41810 0.26515 0.11600 0.22894 0.38990 1534.205
2.770 0.85920 50.62985 2.15781 43.50140 0.26485 0.11635 0.22856 0.39024 1534.366
2.775 0.86062 50.64377 2.16195 43.58495 0.26454 0.11670 0.22818 0.39057 1534.525
2.780 0.86204 50.65757 2.16611 43.66877 0.26424 0.11706 0.22780 0.39090 1534.682
2.785 0.86347 50.67123 2.17028 43.75285 0.26394 0.11741 0.22742 0.39124 1534.838
2.790 0.86490 50.68475 2.17446 43.83720 0.26363 0.11776 0.22704 0.39157 1534.992
2.795 0.86634 50.69814 2.17866 43.92181 0.26333 0.11811 0.22665 0.39190 1535.145
2.800 0.86779 50.71139 2.18287 44.00669 0.26303 0.11847 0.22627 0.39223 1535.296
2.805 0.86924 50.72450 2.18709 44.09183 0.26272 0.11882 0.22589 0.39256 1535.445
2.810 0.87070 50.73747 2.19133 44.17724 0.26242 0.11918 0.22551 0.39289 1535.593
2.815 0.87217 50.75030 2.19558 44.26292 0.26211 0.11954 0.22513 0.39322 1535.739
2.820 0.87365 50.76299 2.19984 44.34887 0.26181 0.11989 0.22475 0.39355 1535.884
2.825 0.87513 50.77554 2.20412 44.43509 0.26150 0.12025 0.22437 0.39388 1536.026
2.830 0.87662 50.78795 2.20841 44.52159 0.26120 0.12061 0.22399 0.39421 1536.168
2.835 0.87811 50.80021 2.21272 44.60835 0.26089 0.12097 0.22361 0.39453 1536.307
2.840 0.87962 50.81233 2.21703 44.69539 0.26058 0.12133 0.22323 0.39486 1536.445
2.845 0.88113 50.82430 2.22136 44.78271 0.26028 0.12169 0.22285 0.39518 1536.581
2.850 0.88265 50.83613 2.22571 44.87030 0.25997 0.12205 0.22247 0.39551 1536.715
2.855 0.88417 50.84781 2.23007 44.95817 0.25966 0.12242 0.22209 0.39583 1536.848
2.860 0.88570 50.85934 2.23444 45.04631 0.25936 0.12278 0.22171 0.39616 1536.979
2.865 0.88724 50.87072 2.23883 45.13474 0.25905 0.12314 0.22133 0.39648 1537.108
2.870 0.88879 50.88195 2.24323 45.22345 0.25874 0.12351 0.22095 0.39680 1537.236
2.875 0.89035 50.89303 2.24764 45.31243 0.25843 0.12388 0.22057 0.39712 1537.361
2.880 0.89191 50.90397 2.25207 45.40170 0.25813 0.12424 0.22019 0.39744 1537.485
2.885 0.89348 50.91474 2.25651 45.49126 0.25782 0.12461 0.21981 0.39776 1537.607
2.890 0.89506 50.92537 2.26097 45.58109 0.25751 0.12498 0.21943 0.39808 1537.728
2.895 0.89664 50.93584 2.26544 45.67122 0.25720 0.12535 0.21905 0.39840 1537.846
2.900 0.89824 50.94616 2.26992 45.76163 0.25689 0.12572 0.21868 0.39872 1537.963
2.905 0.89984 50.95632 2.27442 45.85232 0.25658 0.12609 0.21830 0.39903 1538.078
2.910 0.90144 50.96632 2.27893 45.94331 0.25627 0.12646 0.21792 0.39935 1538.191
2.915 0.90306 50.97616 2.28346 46.03459 0.25596 0.12683 0.21754 0.39967 1538.303
2.920 0.90469 50.98585 2.28800 46.12615 0.25565 0.12721 0.21716 0.39998 1538.412
2.925 0.90632 50.99538 2.29256 46.21801 0.25534 0.12758 0.21678 0.40030 1538.520
2.930 0.90796 51.00474 2.29713 46.31017 0.25503 0.12795 0.21641 0.40061 1538.625
2.935 0.90961 51.01395 2.30172 46.40261 0.25472 0.12833 0.21603 0.40092 1538.729
2.940 0.91126 51.02299 2.30632 46.49535 0.25441 0.12871 0.21565 0.40123 1538.831
2.945 0.91293 51.03187 2.31093 46.58839 0.25410 0.12908 0.21527 0.40155 1538.931
2.950 0.91460 51.04058 2.31556 46.68173 0.25379 0.12946 0.21490 0.40186 1539.030
2.955 0.91628 51.04913 2.32021 46.77537 0.25347 0.12984 0.21452 0.40217 1539.126
2.960 0.91797 51.05752 2.32487 46.86930 0.25316 0.13022 0.21414 0.40248 1539.220
2.965 0.91967 51.06573 2.32954 46.96354 0.25285 0.13060 0.21377 0.40278 1539.313
2.970 0.92137 51.07378 2.33423 47.05807 0.25254 0.13098 0.21339 0.40309 1539.403
2.975 0.92309 51.08166 2.33893 47.15292 0.25223 0.13136 0.21301 0.40340 1539.492
2.980 0.92481 51.08937 2.34365 47.24806 0.25191 0.13175 0.21264 0.40371 1539.578
2.985 0.92654 51.09690 2.34839 47.34351 0.25160 0.13213 0.21226 0.40401 1539.663
2.990 0.92828 51.10427 2.35314 47.43927 0.25129 0.13251 0.21188 0.40432 1539.745
2.995 0.93003 51.11146 2.35790 47.53534 0.25097 0.13290 0.21151 0.40462 1539.826
3.000 0.93179 51.11848 2.36268 47.63172 0.25066 0.13328 0.21113 0.40492 1539.904
3.005 0.93356 51.12532 2.36748 47.72840 0.25035 0.13367 0.21076 0.40523 1539.981
3.010 0.93533 51.13199 2.37229 47.82540 0.25003 0.13406 0.21038 0.40553 1540.055
3.015 0.93712 51.13848 2.37712 47.92271 0.24972 0.13445 0.21001 0.40583 1540.128
3.020 0.93891 51.14480 2.38196 48.02033 0.24940 0.13484 0.20963 0.40613 1540.198
3.025 0.94071 51.15093 2.38682 48.11827 0.24909 0.13523 0.20926 0.40643 1540.266
3.030 0.94252 51.15688 2.39169 48.21653 0.24877 0.13562 0.20888 0.40673 1540.333
3.035 0.94434 51.16266 2.39658 48.31510 0.24846 0.13601 0.20851 0.40703 1540.397
3.040 0.94617 51.16825 2.40149 48.41399 0.24814 0.13640 0.20813 0.40732 1540.459
3.045 0.94801 51.17366 2.40641 48.51320 0.24783 0.13679 0.20776 0.40762 1540.519
3.050 0.94986 51.17888 2.41135 48.61273 0.24751 0.13719 0.20738 0.40792 1540.577
3.055 0.95172 51.18392 2.41630 48.71259 0.24720 0.13758 0.20701 0.40821 1540.632
3.060 0.95358 51.18877 2.42127 48.81277 0.24688 0.13798 0.20664 0.40851 1540.686
3.065 0.95546 51.19344 2.42625 48.91327 0.24656 0.13837 0.20626 0.40880 1540.737
3.070 0.95735 51.19792 2.43125 49.01410 0.24625 0.13877 0.20589 0.40909 1540.786
3.075 0.95924 51.20221 2.43627 49.11526 0.24593 0.13917 0.20552 0.40938 1540.833
3.080 0.96115 51.20631 2.44131 49.21674 0.24561 0.13957 0.20514 0.40967 1540.878
3.085 0.96306 51.21022 2.44636 49.31855 0.24530 0.13997 0.20477 0.40997 1540.921
3.090 0.96499 51.21393 2.45142 49.42070 0.24498 0.14037 0.20440 0.41025 1540.961
3.095 0.96692 51.21745 2.45651 49.52318 0.24466 0.14077 0.20403 0.41054 1540.999
3.100 0.96886 51.22078 2.46161 49.62599 0.24434 0.14117 0.20365 0.41083 1541.035
3.105 0.97082 51.22392 2.46672 49.72914 0.24403 0.14157 0.20328 0.41112 1541.069
3.110 0.97278 51.22685 2.47186 49.83262 0.24371 0.14198 0.20291 0.41140 1541.100
3.115 0.97476 51.22959 2.47701 49.93644 0.24339 0.14238 0.20254 0.41169 1541.129
3.120 0.97674 51.23213 2.48217 50.04060 0.24307 0.14279 0.20217 0.41198 1541.156
3.125 0.97874 51.23447 2.48736 50.14509 0.24275 0.14319 0.20180 0.41226 1541.181
3.130 0.98074 51.23661 2.49256 50.24993 0.24244 0.14360 0.20142 0.41254 1541.203
3.135 0.98276 51.23855 2.49777 50.35512 0.24212 0.14401 0.20105 0.41282 1541.223
3.140 0.98478 51.24029 2.50301 50.46064 0.24180 0.14441 0.20068 0.41311 1541.241
3.145 0.98682 51.24182 2.50826 50.56651 0.24148 0.14482 0.20031 0.41339 1541.256
3.150 0.98887 51.24315 2.51353 50.67273 0.24116 0.14523 0.19994 0.41367 1541.269
3.155 0.99093 51.24427 2.51881 50.77930 0.24084 0.14564 0.19957 0.41395 1541.279
3.160 0.99300 51.24518 2.52412 50.88621 0.24052 0.14606 0.19920 0.41422 1541.287
3.165 0.99507 51.24589 2.52944 50.99348 0.24020 0.14647 0.19883 0.41450 1541.293
3.170 0.99716 51.24638 2.53478 51.10109 0.23988 0.14688 0.19846 0.41478 1541.296
3.175 0.99927 51.24667 2.54013 51.20907 0.23956 0.14730 0.19809 0.41505 1541.297
3.180 1.00138 51.24674 2.54551 51.31739 0.23924 0.14771 0.19772 0.41533 1541.295
3.185 1.00350 51.24660 2.55090 51.42607 0.23892 0.14813 0.19735 0.41560 1541.291
3.190 1.00564 51.24625 2.55631 51.53511 0.23860 0.14854 0.19698 0.41587 1541.285
3.195 1.00778 51.24568 2.56173 51.64451 0.23828 0.14896 0.19662 0.41615 1541.276
3.200 1.00994 51.24490 2.56718 51.75427 0.23796 0.14938 0.19625 0.41642 1541.264
3.205 1.01211 51.24390 2.57264 51.86438 0.23764 0.14980 0.19588 0.41669 1541.250
3.210 1.01429 51.24268 2.57812 51.97487 0.23731 0.15022 0.19551 0.41696 1541.234
3.215 1.01648 51.24124 2.58362 52.08571 0.23699 0.15064 0.19514 0.41723 1541.215
3.220 1.01868 51.23958 2.58913 52.19692 0.23667 0.15106 0.19478 0.41750 1541.193
3.225 1.02090 51.23770 2.59467 52.30850 0.23635 0.15148 0.19441 0.41776 1541.169
3.230 1.02313 51.23560 2.60022 52.42045 0.23603 0.15190 0.19404 0.41803 1541.142
3.235 1.02536 51.23327 2.60579 52.53277 0.23571 0.15233 0.19367 0.41829 1541.113
3.240 1.02762 51.23071 2.61138 52.64546 0.23538 0.15275 0.19331 0.41856 1541.081
3.245 1.02988 51.22794 2.61699 52.75852 0.23506 0.15318 0.19294 0.41882 1541.047
3.250 1.03215 51.22493 2.62262 52.87196 0.23474 0.15360 0.19258 0.41909 1541.010
3.255 1.03444 51.22169 2.62826 52.98577 0.23442 0.15403 0.19221 0.41935 1540.970
3.260 1.03674 51.21823 2.63393 53.09996 0.23409 0.15446 0.19184 0.41961 1540.928
3.265 1.03905 51.21453 2.63961 53.21452 0.23377 0.15488 0.19148 0.41987 1540.883
3.270 1.04138 51.21060 2.64531 53.32947 0.23345 0.15531 0.19111 0.42013 1540.835
3.275 1.04371 51.20644 2.65103 53.44480 0.23312 0.15574 0.19075 0.42039 1540.784
3.280 1.04606 51.20204 2.65677 53.56051 0.23280 0.15617 0.19038 0.42064 1540.731
3.285 1.04842 51.19741 2.66253 53.67661 0.23248 0.15661 0.19002 0.42090 1540.675
3.290 1.05080 51.19254 2.66831 53.79309 0.23215 0.15704 0.18965 0.42116 1540.617
3.295 1.05319 51.18743 2.67411 53.90996 0.23183 0.15747 0.18929 0.42141 1540.556
3.300 1.05559 51.18209 2.67992 54.02722 0.23151 0.15791 0.18892 0.42166 1540.491
3.305 1.05800 51.17650 2.68576 54.14487 0.23118 0.15834 0.18856 0.42192 1540.425
3.310 1.06043 51.17067 2.69161 54.26291 0.23086 0.15878 0.18820 0.42217 1540.355
3.315 1.06287 51.16460 2.69749 54.38134 0.23053 0.15921 0.18783 0.42242 1540.282
3.320 1.06532 51.15828 2.70338 54.50017 0.23021 0.15965 0.18747 0.42267 1540.207
3.325 1.06779 51.15172 2.70930 54.61940 0.22989 0.16009 0.18711 0.42292 1540.129
3.330 1.07027 51.14491 2.71523 54.73903 0.22956 0.16053 0.18674 0.42317 1540.048
3.335 1.07277 51.13786 2.72118 54.85905 0.22924 0.16097 0.18638 0.42342 1539.964
3.340 1.07528 51.13055 2.72716 54.97948 0.22891 0.16141 0.18602 0.42366 1539.878
3.345 1.07780 51.12300 2.73315 55.10030 0.22859 0.16185 0.18566 0.42391 1539.788
3.350 1.08034 51.11519 2.73916 55.22154 0.22826 0.16229 0.18530 0.42415 1539.696
3.355 1.08289 51.10713 2.74520 55.34318 0.22794 0.16273 0.18494 0.42440 1539.600
3.360 1.08545 51.09882 2.75125 55.46522 0.22761 0.16318 0.18457 0.42464 1539.502
3.365 1.08803 51.09025 2.75733 55.58768 0.22729 0.16362 0.18421 0.42488 1539.400
3.370 1.09062 51.08143 2.76342 55.71054 0.22696 0.16406 0.18385 0.42512 1539.296
3.375 1.09323 51.07235 2.76953 55.83382 0.22663 0.16451 0.18349 0.42536 1539.189
3.380 1.09585 51.06301 2.77567 55.95751 0.22631 0.16496 0.18313 0.42560 1539.079
3.385 1.09849 51.05341 2.78183 56.08162 0.22598 0.16541 0.18277 0.42584 1538.965
3.390 1.10114 51.04354 2.78800 56.20615 0.22566 0.16585 0.18241 0.42608 1538.849
3.395 1.10381 51.03342 2.79420 56.33109 0.22533 0.16630 0.18205 0.42631 1538.730
3.400 1.10649 51.02303 2.80042 56.45646 0.22501 0.16675 0.18169 0.42655 1538.607
3.405 1.10919 51.01237 2.80666 56.58224 0.22468 0.16720 0.18133 0.42678 1538.482
3.410 1.11190 51.00145 2.81292 56.70845 0.22435 0.16766 0.18097 0.42702 1538.353
3.415 1.11463 50.99027 2.81920 56.83509 0.22403 0.16811 0.18062 0.42725 1538.222
3.420 1.11737 50.97881 2.82550 56.96215 0.22370 0.16856 0.18026 0.42748 1538.087
3.425 1.12013 50.96708 2.83183 57.08964 0.22337 0.16901 0.17990 0.42771 1537.949
3.430 1.12290 50.95508 2.83817 57.21756 0.22305 0.16947 0.17954 0.42794 1537.808
3.435 1.12569 50.94281 2.84454 57.34592 0.22272 0.16992 0.17918 0.42817 1537.664
3.440 1.12850 50.93026 2.85093 57.47470 0.22239 0.17038 0.17883 0.42840 1537.516
3.445 1.13132 50.91744 2.85734 57.60393 0.22207 0.17084 0.17847 0.42862 1537.366
3.450 1.13416 50.90434 2.86377 57.73358 0.22174 0.17130 0.17811 0.42885 1537.212
3.455 1.13701 50.89097 2.87022 57.86368 0.22141 0.17175 0.17776 0.42908 1537.055
3.460 1.13988 50.87731 2.87670 57.99422 0.22109 0.17221 0.17740 0.42930 1536.894
3.465 1.14277 50.86337 2.88319 58.12520 0.22076 0.17267 0.17704 0.42952 1536.731
3.470 1.14568 50.84916 2.88971 58.25663 0.22043 0.17314 0.17669 0.42974 1536.564
3.475 1.14860 50.83465 2.89626 58.38850 0.22010 0.17360 0.17633 0.42996 1536.394
3.480 1.15153 50.81987 2.90282 58.52082 0.21978 0.17406 0.17598 0.43018 1536.220
3.485 1.15449 50.80480 2.90940 58.65359 0.21945 0.17452 0.17562 0.43040 1536.044
3.490 1.15746 50.78944 2.91601 58.78681 0.21912 0.17499 0.17527 0.43062 1535.863
3.495 1.16045 50.77379 2.92264 58.92048 0.21879 0.17545 0.17491 0.43084 1535.680
3.500 1.16346 50.75785 2.92930 59.05461 0.21847 0.17592 0.17456 0.43105 1535.493
3.505 1.16648 50.74162 2.93597 59.18919 0.21814 0.17638 0.17421 0.43127 1535.303
3.510 1.16952 50.72510 2.94267 59.32423 0.21781 0.17685 0.17385 0.43148 1535.109
3.515 1.17258 50.70829 2.94939 59.45973 0.21748 0.17732 0.17350 0.43170 1534.912
3.520 1.17566 50.69118 2.95614 59.59569 0.21715 0.17779 0.17315 0.43191 1534.711
3.525 1.17876 50.67377 2.96290 59.73212 0.21683 0.17826 0.17279 0.43212 1534.507
3.530 1.18187 50.65607 2.96969 59.86901 0.21650 0.17873 0.17244 0.43233 1534.300
3.535 1.18501 50.63806 2.97651 60.00637 0.21617 0.17920 0.17209 0.43254 1534.089
3.540 1.18816 50.61976 2.98334 60.14420 0.21584 0.17967 0.17174 0.43275 1533.874
3.545 1.19133 50.60115 2.99020 60.28250 0.21551 0.18015 0.17139 0.43295 1533.656
3.550 1.19452 50.58224 2.99709 60.42127 0.21519 0.18062 0.17104 0.43316 1533.434
3.555 1.19772 50.56303 3.00399 60.56052 0.21486 0.18109 0.17068 0.43336 1533.209
3.560 1.20095 50.54351 3.01092 60.70024 0.21453 0.18157 0.17033 0.43357 1532.981
3.565 1.20420 50.52368 3.01788 60.84044 0.21420 0.18204 0.16998 0.43377 1532.748
3.570 1.20746 50.50354 3.02486 60.98113 0.21387 0.18252 0.16963 0.43397 1532.512
3.575 1.21075 50.48310 3.03186 61.12229 0.21354 0.18300 0.16928 0.43417 1532.272
3.580 1.21405 50.46234 3.03889 61.26394 0.21322 0.18348 0.16893 0.43437 1532.029
3.585 1.21738 50.44127 3.04594 61.40607 0.21289 0.18396 0.16858 0.43457 1531.782
3.590 1.22072 50.41989 3.05301 61.54870 0.21256 0.18444 0.16824 0.43477 1531.531
3.595 1.22409 50.39819 3.06011 61.69181 0.21223 0.18492 0.16789 0.43497 1531.277
3.600 1.22747 50.37617 3.06723 61.83541 0.21190 0.18540 0.16754 0.43516 1531.019
3.605 1.23088 50.35384 3.07438 61.97951 0.21157 0.18588 0.16719 0.43536 1530.757
3.610 1.23431 50.33118 3.08155 62.12411 0.21124 0.18636 0.16684 0.43555 1530.491
3.615 1.23775 50.30821 3.08875 62.26920 0.21091 0.18685 0.16649 0.43574 1530.222
3.620 1.24122 50.28491 3.09597 62.41479 0.21059 0.18733 0.16615 0.43594 1529.949
3.625 1.24471 50.26129 3.10322 62.56088 0.21026 0.18782 0.16580 0.43613 1529.672
3.630 1.24822 50.23734 3.11049 62.70748 0.20993 0.18830 0.16545 0.43632 1529.391
3.635 1.25176 50.21307 3.11779 62.85458 0.20960 0.18879 0.16511 0.43650 1529.106
3.640 1.25531 50.18846 3.12511 63.00219 0.20927 0.18928 0.16476 0.43669 1528.817
3.645 1.25889 50.16353 3.13246 63.15031 0.20894 0.18977 0.16442 0.43688 1528.525
3.650 1.26249 50.13827 3.13983 63.29894 0.20861 0.19025 0.16407 0.43706 1528.228
3.655 1.26611 50.11268 3.14723 63.44809 0.20828 0.19074 0.16372 0.43725 1527.928
3.660 1.26975 50.08675 3.15465 63.59775 0.20795 0.19124 0.16338 0.43743 1527.624
3.665 1.27342 50.06049 3.16210 63.74793 0.20762 0.19173 0.16304 0.43761 1527.315
3.670 1.27711 50.03389 3.16957 63.89862 0.20730 0.19222 0.16269 0.43779 1527.003
3.675 1.28082 50.00695 3.17708 64.04984 0.20697 0.19271 0.16235 0.43797 1526.687
3.680 1.28455 49.97968 3.18460 64.20159 0.20664 0.19321 0.16200 0.43815 1526.366
3.685 1.28831 49.95206 3.19216 64.35386 0.20631 0.19370 0.16166 0.43833 1526.042
3.690 1.29209 49.92411 3.19974 64.50666 0.20598 0.19420 0.16132 0.43851 1525.713
3.695 1.29590 49.89580 3.20734 64.65999 0.20565 0.19469 0.16097 0.43868 1525.381
3.700 1.29973 49.86716 3.21497 64.81385 0.20532 0.19519 0.16063 0.43886 1525.044
3.705 1.30358 49.83816 3.22263 64.96824 0.20499 0.19569 0.16029 0.43903 1524.703
3.710 1.30746 49.80882 3.23032 65.12318 0.20466 0.19618 0.15995 0.43921 1524.358
3.715 1.31137 49.77914 3.23803 65.27865 0.20433 0.19668 0.15961 0.43938 1524.009
3.720 1.31529 49.74910 3.24577 65.43466 0.20400 0.19718 0.15927 0.43955 1523.656
3.725 1.31925 49.71870 3.25353 65.59122 0.20368 0.19768 0.15892 0.43972 1523.298
3.730 1.32322 49.68796 3.26133 65.74832 0.20335 0.19818 0.15858 0.43989 1522.937
3.735 1.32723 49.65686 3.26915 65.90596 0.20302 0.19869 0.15824 0.44005 1522.571
3.740 1.33126 49.62540 3.27699 66.06416 0.20269 0.19919 0.15790 0.44022 1522.200
3.745 1.33531 49.59359 3.28487 66.22291 0.20236 0.19969 0.15756 0.44038 1521.826
3.750 1.33939 49.56142 3.29277 66.38222 0.20203 0.20020 0.15723 0.44055 1521.447
3.755 1.34350 49.52888 3.30070 66.54207 0.20170 0.20070 0.15689 0.44071 1521.064
3.760 1.34763 49.49599 3.30866 66.70249 0.20137 0.20121 0.15655 0.44087 1520.676
3.765 1.35179 49.46273 3.31664 66.86347 0.20104 0.20171 0.15621 0.44103 1520.284
3.770 1.35598 49.42911 3.32465 67.02501 0.20071 0.20222 0.15587 0.44119 1519.888
3.775 1.36020 49.39512 3.33269 67.18712 0.20038 0.20273 0.15553 0.44135 1519.487
3.780 1.36444 49.36076 3.34076 67.34980 0.20006 0.20324 0.15520 0.44151 1519.082
3.785 1.36871 49.32604 3.34886 67.51304 0.19973 0.20375 0.15486 0.44167 1518.672
3.790 1.37301 49.29094 3.35699 67.67686 0.19940 0.20426 0.15452 0.44182 1518.258
3.795 1.37733 49.25547 3.36514 67.84125 0.19907 0.20477 0.15419 0.44197 1517.839
3.800 1.38169 49.21963 3.37332 68.00621 0.19874 0.20528 0.15385 0.44213 1517.416
3.805 1.38607 49.18342 3.38154 68.17176 0.19841 0.20579 0.15352 0.44228 1516.988
3.810 1.39048 49.14682 3.38978 68.33789 0.19808 0.20631 0.15318 0.44243 1516.556
3.815 1.39493 49.10985 3.39805 68.50460 0.19775 0.20682 0.15285 0.44258 1516.119
3.820 1.39940 49.07251 3.40634 68.67190 0.19742 0.20734 0.15251 0.44273 1515.678
3.825 1.40390 49.03478 3.41467 68.83978 0.19710 0.20785 0.15218 0.44288 1515.232
3.830 1.40843 48.99666 3.42303 69.00826 0.19677 0.20837 0.15184 0.44302 1514.781
3.835 1.41299 48.95817 3.43141 69.17732 0.19644 0.20888 0.15151 0.44317 1514.325
3.840 1.41758 48.91929 3.43983 69.34699 0.19611 0.20940 0.15118 0.44331 1513.865
3.845 1.42220 48.88003 3.44828 69.51725 0.19578 0.20992 0.15084 0.44346 1513.400
3.850 1.42685 48.84037 3.45675 69.68811 0.19545 0.21044 0.15051 0.44360 1512.931
3.855 1.43154 48.80033 3.46526 69.85958 0.19512 0.21096 0.15018 0.44374 1512.456
3.860 1.43626 48.75990 3.47379 70.03165 0.19479 0.21148 0.14985 0.44388 1511.977
3.865 1.44100 48.71907 3.48236 70.20432 0.19447 0.21200 0.14951 0.44402 1511.493
3.870 1.44578 48.67785 3.49095 70.37761 0.19414 0.21252 0.14918 0.44415 1511.004
3.875 1.45060 48.63624 3.49958 70.55151 0.19381 0.21305 0.14885 0.44429 1510.511
3.880 1.45544 48.59423 3.50824 70.72602 0.19348 0.21357 0.14852 0.44443 1510.012
3.885 1.46032 48.55183 3.51692 70.90116 0.19315 0.21410 0.14819 0.44456 1509.509
3.890 1.46523 48.50902 3.52564 71.07691 0.19282 0.21462 0.14786 0.44469 1509.000
3.895 1.47018 48.46581 3.53439 71.25328 0.19250 0.21515 0.14753 0.44483 1508.487
3.900 1.47516 48.42220 3.54317 71.43028 0.19217 0.21567 0.14720 0.44496 1507.969
3.905 1.48017 48.37819 3.55198 71.60790 0.19184 0.21620 0.14687 0.44509 1507.446
3.910 1.48522 48.33378 3.56082 71.78616 0.19151 0.21673 0.14655 0.44521 1506.917
3.915 1.49030 48.28895 3.56969 71.96505 0.19118 0.21726 0.14622 0.44534 1506.384
3.920 1.49542 48.24372 3.57860 72.14457 0.19086 0.21779 0.14589 0.44547 1505.846
3.925 1.50057 48.19808 3.58754 72.32473 0.19053 0.21832 0.14556 0.44559 1505.302
3.930 1.50576 48.15204 3.59650 72.50553 0.19020 0.21885 0.14524 0.44572 1504.753
3.935 1.51099 48.10557 3.60550 72.68697 0.18987 0.21938 0.14491 0.44584 1504.200
3.940 1.51625 48.05870 3.61454 72.86906 0.18955 0.21991 0.14458 0.44596 1503.641
3.945 1.52155 48.01141 3.62360 73.05180 0.18922 0.22044 0.14426 0.44608 1503.077
3.950 1.52689 47.96370 3.63270 73.23519 0.18889 0.22098 0.14393 0.44620 1502.508
3.955 1.53226 47.91558 3.64183 73.41923 0.18856 0.22151 0.14361 0.44632 1501.933
3.960 1.53767 47.86704 3.65099 73.60392 0.18824 0.22205 0.14328 0.44644 1501.353
3.965 1.54313 47.81808 3.66018 73.78928 0.18791 0.22258 0.14296 0.44655 1500.768
3.970 1.54861 47.76869 3.66941 73.97529 0.18758 0.22312 0.14263 0.44667 1500.178
3.975 1.55414 47.71889 3.67867 74.16197 0.18725 0.22366 0.14231 0.44678 1499.582
3.980 1.55971 47.66865 3.68796 74.34931 0.18693 0.22419 0.14198 0.44689 1498.981
3.985 1.56532 47.61800 3.69729 74.53733 0.18660 0.22473 0.14166 0.44701 1498.375
3.990 1.57097 47.56691 3.70665 74.72602 0.18627 0.22527 0.14134 0.44712 1497.763
3.995 1.57665 47.51540 3.71604 74.91538 0.18595 0.22581 0.14102 0.44723 1497.146
4.000 1.58238 47.46345 3.72547 75.10541 0.18562 0.22635 0.14069 0.44733 1496.523
4.005 1.58815 47.41108 3.73493 75.29613 0.18529 0.22689 0.14037 0.44744 1495.895
4.010 1.59397 47.35827 3.74442 75.48753 0.18497 0.22743 0.14005 0.44755 1495.262
4.015 1.59982 47.30503 3.75395 75.67962 0.18464 0.22798 0.13973 0.44765 1494.622
4.020 1.60572 47.25135 3.76351 75.87240 0.18431 0.22852 0.13941 0.44775 1493.978
4.025 1.61166 47.19724 3.77311 76.06586 0.18399 0.22907 0.13909 0.44786 1493.327
4.030 1.61764 47.14269 3.78274 76.26002 0.18366 0.22961 0.13877 0.44796 1492.672
4.035 1.62367 47.08769 3.79240 76.45488 0.18334 0.23016 0.13845 0.44806 1492.010
4.040 1.62974 47.03226 3.80211 76.65044 0.18301 0.23070 0.13813 0.44816 1491.343
4.045 1.63586 46.97639 3.81184 76.84670 0.18268 0.23125 0.13781 0.44825 1490.670
4.050 1.64202 46.92007 3.82161 77.04366 0.18236 0.23180 0.13750 0.44835 1489.991
4.055 1.64823 46.86330 3.83142 77.24134 0.18203 0.23234 0.13718 0.44845 1489.307
4.060 1.65448 46.80609 3.84126 77.43972 0.18171 0.23289 0.13686 0.44854 1488.617
4.065 1.66078 46.74843 3.85113 77.63882 0.18138 0.23344 0.13654 0.44863 1487.921
4.070 1.66713 46.69033 3.86104 77.83863 0.18106 0.23399 0.13623 0.44872 1487.220
4.075 1.67352 46.63177 3.87099 78.03917 0.18073 0.23454 0.13591 0.44882 1486.512
4.080 1.67996 46.57276 3.88097 78.24043 0.18041 0.23510 0.13559 0.44890 1485.799
4.085 1.68645 46.51330 3.89099 78.44241 0.18008 0.23565 0.13528 0.44899 1485.080
4.090 1.69299 46.45338 3.90105 78.64512 0.17976 0.23620 0.13496 0.44908 1484.354
4.095 1.69958 46.39301 3.91114 78.84857 0.17943 0.23676 0.13465 0.44917 1483.623
4.100 1.70622 46.33218 3.92127 79.05275 0.17911 0.23731 0.13433 0.44925 1482.886
4.105 1.71291 46.27089 3.93143 79.25766 0.17878 0.23786 0.13402 0.44933 1482.143
4.110 1.71964 46.20914 3.94163 79.46332 0.17846 0.23842 0.13370 0.44942 1481.394
4.115 1.72644 46.14694 3.95187 79.66972 0.17813 0.23898 0.13339 0.44950 1480.639
4.120 1.73328 46.08427 3.96215 79.87687 0.17781 0.23953 0.13308 0.44958 1479.878
4.125 1.74017 46.02113 3.97246 80.08477 0.17748 0.24009 0.13277 0.44966 1479.111
4.130 1.74712 45.95754 3.98281 80.29342 0.17716 0.24065 0.13245 0.44974 1478.337
4.135 1.75412 45.89347 3.99320 80.50282 0.17684 0.24121 0.13214 0.44981 1477.558
4.140 1.76118 45.82894 4.00362 80.71299 0.17651 0.24177 0.13183 0.44989 1476.772
4.145 1.76829 45.76394 4.01408 80.92392 0.17619 0.24233 0.13152 0.44996 1475.980
4.150 1.77546 45.69848 4.02458 81.13561 0.17587 0.24289 0.13121 0.45004 1475.182
4.155 1.78268 45.63254 4.03512 81.34807 0.17554 0.24345 0.13090 0.45011 1474.377
4.160 1.78995 45.56613 4.04570 81.56130 0.17522 0.24401 0.13059 0.45018 1473.566
4.165 1.79729 45.49924 4.05632 81.77531 0.17490 0.24458 0.13028 0.45025 1472.749
4.170 1.80468 45.43188 4.06697 81.99010 0.17457 0.24514 0.12997 0.45032 1471.926
4.175 1.81213 45.36405 4.07766 82.20566 0.17425 0.24571 0.12966 0.45038 1471.096
4.180 1.81964 45.29574 4.08839 82.42201 0.17393 0.24627 0.12935 0.45045 1470.259
4.185 1.82721 45.22695 4.09916 82.63915 0.17361 0.24684 0.12904 0.45051 1469.417
4.190 1.83484 45.15768 4.10997 82.85708 0.17328 0.24740 0.12874 0.45058 1468.567
4.195 1.84253 45.08793 4.12082 83.07580 0.17296 0.24797 0.12843 0.45064 1467.712
4.200 1.85028 45.01770 4.13171 83.29532 0.17264 0.24854 0.12812 0.45070 1466.849
4.205 1.85809 44.94699 4.14264 83.51564 0.17232 0.24910 0.12782 0.45076 1465.981
4.210 1.86597 44.87579 4.15361 83.73677 0.17200 0.24967 0.12751 0.45082 1465.105
4.215 1.87391 44.80411 4.16462 83.95870 0.17167 0.25024 0.12721 0.45088 1464.223
4.220 1.88191 44.73194 4.17567 84.18144 0.17135 0.25081 0.12690 0.45093 1463.335
4.225 1.88998 44.65929 4.18676 84.40500 0.17103 0.25138 0.12660 0.45099 1462.439
4.230 1.89811 44.58614 4.19789 84.62937 0.17071 0.25195 0.12629 0.45104 1461.537
4.235 1.90631 44.51251 4.20906 84.85457 0.17039 0.25253 0.12599 0.45110 1460.629
4.240 1.91457 44.43839 4.22027 85.08058 0.17007 0.25310 0.12568 0.45115 1459.713
4.245 1.92291 44.36378 4.23152 85.30743 0.16975 0.25367 0.12538 0.45120 1458.791
4.250 1.93131 44.28867 4.24281 85.53510 0.16943 0.25425 0.12508 0.45125 1457.862
4.255 1.93978 44.21307 4.25415 85.76361 0.16911 0.25482 0.12478 0.45130 1456.926
4.260 1.94832 44.13697 4.26552 85.99296 0.16879 0.25540 0.12447 0.45135 1455.983
4.265 1.95693 44.06038 4.27694 86.22315 0.16847 0.25597 0.12417 0.45139 1455.033
4.270 1.96561 43.98330 4.28840 86.45418 0.16815 0.25655 0.12387 0.45144 1454.077
4.275 1.97437 43.90571 4.29990 86.68606 0.16783 0.25713 0.12357 0.45148 1453.113
4.280 1.98320 43.82763 4.31145 86.91879 0.16751 0.25770 0.12327 0.45152 1452.142
4.285 1.99210 43.74904 4.32303 87.15238 0.16719 0.25828 0.12297 0.45156 1451.165
4.290 2.00107 43.66996 4.33466 87.38682 0.16687 0.25886 0.12267 0.45160 1450.180
4.295 2.01013 43.59037 4.34634 87.62213 0.16655 0.25944 0.12237 0.45164 1449.188
4.300 2.01925 43.51028 4.35805 87.85830 0.16623 0.26002 0.12207 0.45168 1448.189
4.305 2.02846 43.42969 4.36981 88.09534 0.16591 0.26060 0.12177 0.45172 1447.183
4.310 2.03774 43.34860 4.38161 88.33326 0.16559 0.26118 0.12148 0.45175 1446.170
4.315 2.04710 43.26699 4.39345 88.57205 0.16527 0.26176 0.12118 0.45178 1445.149
4.320 2.05655 43.18489 4.40534 88.81172 0.16496 0.26235 0.12088 0.45182 1444.121
4.325 2.06607 43.10227 4.41728 89.05227 0.16464 0.26293 0.12058 0.45185 1443.086
4.330 2.07567 43.01915 4.42925 89.29371 0.16432 0.26351 0.12029 0.45188 1442.044
4.335 2.08536 42.93552 4.44127 89.53605 0.16400 0.26410 0.11999 0.45191 1440.994
4.340 2.09513 42.85137 4.45334 89.77927 0.16368 0.26468 0.11970 0.45194 1439.937
4.345 2.10499 42.76672 4.46545 90.02340 0.16337 0.26527 0.11940 0.45196 1438.873
4.350 2.11493 42.68156 4.47760 90.26843 0.16305 0.26585 0.11911 0.45199 1437.801
4.355 2.12496 42.59588 4.48980 90.51436 0.16273 0.26644 0.11881 0.45201 1436.721
4.360 2.13507 42.50969 4.50204 90.76120 0.16242 0.26703 0.11852 0.45204 1435.634
4.365 2.14527 42.42299 4.51433 91.00896 0.16210 0.26761 0.11823 0.45206 1434.540
4.370 2.15557 42.33577 4.52667 91.25763 0.16178 0.26820 0.11793 0.45208 1433.438
4.375 2.16595 42.24804 4.53905 91.50723 0.16147 0.26879 0.11764 0.45210 1432.328
4.380 2.17643 42.15979 4.55148 91.75774 0.16115 0.26938 0.11735 0.45212 1431.211
4.385 2.18700 42.07103 4.56395 92.00919 0.16084 0.26997 0.11706 0.45214 1430.086
4.390 2.19766 41.98175 4.57647 92.26157 0.16052 0.27056 0.11676 0.45215 1428.954
4.395 2.20842 41.89195 4.58903 92.51489 0.16020 0.27115 0.11647 0.45217 1427.813
4.400 2.21927 41.80163 4.60164 92.76914 0.15989 0.27175 0.11618 0.45218 1426.665
4.405 2.23022 41.71079 4.61430 93.02434 0.15957 0.27234 0.11589 0.45219 1425.509
4.410 2.24127 41.61944 4.62701 93.28049 0.15926 0.27293 0.11560 0.45221 1424.346
4.415 2.25242 41.52756 4.63976 93.53759 0.15894 0.27353 0.11531 0.45222 1423.174
4.420 2.26367 41.43516 4.65256 93.79565 0.15863 0.27412 0.11503 0.45222 1421.995
4.425 2.27503 41.34224 4.66541 94.05466 0.15832 0.27471 0.11474 0.45223 1420.807
4.430 2.28648 41.24880 4.67831 94.31464 0.15800 0.27531 0.11445 0.45224 1419.612
4.435 2.29804 41.15483 4.69125 94.57559 0.15769 0.27591 0.11416 0.45224 1418.408
4.440 2.30971 41.06034 4.70424 94.83751 0.15737 0.27650 0.11387 0.45225 1417.197
4.445 2.32149 40.96533 4.71728 95.10041 0.15706 0.27710 0.11359 0.45225 1415.978
4.450 2.33337 40.86980 4.73037 95.36428 0.15675 0.27770 0.11330 0.45225 1414.750
4.455 2.34536 40.77374 4.74351 95.62914 0.15644 0.27829 0.11302 0.45225 1413.514
4.460 2.35747 40.67715 4.75670 95.89499 0.15612 0.27889 0.11273 0.45225 1412.271
4.465 2.36968 40.58004 4.76993 96.16183 0.15581 0.27949 0.11245 0.45225 1411.019
4.470 2.38201 40.48240 4.78322 96.42967 0.15550 0.28009 0.11216 0.45225 1409.758
4.475 2.39446 40.38424 4.79655 96.69850 0.15519 0.28069 0.11188 0.45225 1408.490
4.480 2.40703 40.28555 4.80994 96.96835 0.15487 0.28129 0.11159 0.45224 1407.213
4.485 2.41971 40.18633 4.82337 97.23920 0.15456 0.28189 0.11131 0.45223 1405.928
4.490 2.43251 40.08659 4.83686 97.51106 0.15425 0.28250 0.11103 0.45223 1404.634
4.495 2.44543 39.98632 4.85039 97.78394 0.15394 0.28310 0.11074 0.45222 1403.332
4.500 2.45848 39.88552 4.86398 98.05785 0.15363 0.28370 0.11046 0.45221 1402.022
4.505 2.47165 39.78420 4.87762 98.33278 0.15332 0.28431 0.11018 0.45220 1400.703
4.510 2.48495 39.68234 4.89131 98.60874 0.15301 0.28491 0.10990 0.45218 1399.376
4.515 2.49838 39.57996 4.90505 98.88573 0.15270 0.28551 0.10962 0.45217 1398.040
4.520 2.51193 39.47705 4.91884 99.16376 0.15239 0.28612 0.10934 0.45215 1396.695
4.525 2.52562 39.37361 4.93268 99.44284 0.15208 0.28673 0.10906 0.45214 1395.342
4.530 2.53944 39.26964 4.94658 99.72296 0.15177 0.28733 0.10878 0.45212 1393.981
4.535 2.55340 39.16515 4.96052 100.00414 0.15146 0.28794 0.10850 0.45210 1392.610
4.540 2.56749 39.06012 4.97452 100.28637 0.15115 0.28855 0.10822 0.45208 1391.231
4.545 2.58172 38.95457 4.98857 100.56966 0.15084 0.28915 0.10794 0.45206 1389.843
4.550 2.59609 38.84849 5.00268 100.85402 0.15053 0.28976 0.10767 0.45204 1388.446
4.555 2.61060 38.74187 5.01684 101.13945 0.15022 0.29037 0.10739 0.45202 1387.041
