timeGa Urey Qt heat/H0 heatTW 1HPE 2HPE 3HPE 4HPE TempC
0.000 0.22000 36.00000 1.00000 7.92000 0.37200 0.01640 0.43000 0.18100 1351.850
0.005 0.22008 36.00000 1.00038 7.92300 0.37215 0.01647 0.42994 0.18143 1352.482
0.010 0.21978 36.08561 1.00136 7.93077 0.37207 0.01654 0.42963 0.18176 1353.117
0.015 0.21947 36.17160 1.00234 7.93855 0.37199 0.01661 0.42931 0.18209 1353.753
0.020 0.21916 36.25797 1.00333 7.94635 0.37192 0.01667 0.42900 0.18241 1354.390
0.025 0.21885 36.34473 1.00431 7.95417 0.37184 0.01674 0.42868 0.18274 1355.030
0.030 0.21854 36.43188 1.00530 7.96200 0.37176 0.01680 0.42837 0.18307 1355.671
0.035 0.21824 36.51942 1.00629 7.96985 0.37168 0.01687 0.42805 0.18340 1356.314
0.040 0.21793 36.60736 1.00729 7.97772 0.37161 0.01694 0.42773 0.18372 1356.959
0.045 0.21762 36.69569 1.00828 7.98560 0.37153 0.01700 0.42742 0.18405 1357.606
0.050 0.21731 36.78442 1.00928 7.99350 0.37145 0.01707 0.42710 0.18438 1358.254
0.055 0.21700 36.87355 1.01028 8.00142 0.37137 0.01714 0.42678 0.18471 1358.905
0.060 0.21669 36.96308 1.01128 8.00935 0.37129 0.01720 0.42647 0.18504 1359.557
0.065 0.21637 37.05303 1.01229 8.01730 0.37121 0.01727 0.42615 0.18537 1360.211
0.070 0.21606 37.14338 1.01329 8.02527 0.37113 0.01734 0.42583 0.18570 1360.867
0.075 0.21575 37.23414 1.01430 8.03325 0.37104 0.01741 0.42551 0.18603 1361.525
0.080 0.21544 37.32532 1.01531 8.04125 0.37096 0.01748 0.42520 0.18636 1362.184
0.085 0.21512 37.41691 1.01632 8.04927 0.37088 0.01755 0.42488 0.18670 1362.846
0.090 0.21481 37.50893 1.01734 8.05731 0.37080 0.01761 0.42456 0.18703 1363.509
0.095 0.21450 37.60137 1.01835 8.06536 0.37071 0.01768 0.42424 0.18736 1364.175
0.100 0.21418 37.69423 1.01937 8.07342 0.37063 0.01775 0.42392 0.18769 1364.842
0.105 0.21387 37.78752 1.02039 8.08151 0.37055 0.01782 0.42360 0.18803 1365.511
0.110 0.21355 37.88125 1.02142 8.08961 0.37046 0.01789 0.42328 0.18836 1366.182
0.115 0.21324 37.97541 1.02244 8.09773 0.37038 0.01796 0.42296 0.18869 1366.855
0.120 0.21292 38.07000 1.02347 8.10587 0.37029 0.01803 0.42264 0.18903 1367.530
0.125 0.21260 38.16504 1.02450 8.11403 0.37021 0.01811 0.42232 0.18936 1368.207
0.130 0.21229 38.26051 1.02553 8.12220 0.37012 0.01818 0.42200 0.18970 1368.886
0.135 0.21197 38.35644 1.02656 8.13039 0.37004 0.01825 0.42168 0.19003 1369.567
0.140 0.21165 38.45281 1.02760 8.13859 0.36995 0.01832 0.42136 0.19037 1370.250
0.145 0.21133 38.54964 1.02864 8.14682 0.36986 0.01839 0.42104 0.19071 1370.934
0.150 0.21101 38.64692 1.02968 8.15506 0.36978 0.01846 0.42072 0.19104 1371.621
0.155 0.21070 38.74466 1.03072 8.16332 0.36969 0.01854 0.42040 0.19138 1372.310
0.160 0.21038 38.84285 1.03177 8.17160 0.36960 0.01861 0.42007 0.19172 1373.001
0.165 0.21006 38.94152 1.03281 8.17989 0.36951 0.01868 0.41975 0.19206 1373.694
0.170 0.20974 39.04065 1.03386 8.18821 0.36942 0.01875 0.41943 0.19239 1374.389
0.175 0.20941 39.14025 1.03492 8.19654 0.36933 0.01883 0.41911 0.19273 1375.086
0.180 0.20909 39.24032 1.03597 8.20489 0.36924 0.01890 0.41878 0.19307 1375.785
0.185 0.20877 39.34088 1.03703 8.21326 0.36915 0.01898 0.41846 0.19341 1376.486
0.190 0.20845 39.44191 1.03809 8.22164 0.36906 0.01905 0.41814 0.19375 1377.190
0.195 0.20813 39.54342 1.03915 8.23004 0.36897 0.01912 0.41781 0.19409 1377.895
0.200 0.20780 39.64543 1.04021 8.23847 0.36888 0.01920 0.41749 0.19443 1378.602
0.205 0.20748 39.74792 1.04128 8.24690 0.36879 0.01927 0.41717 0.19477 1379.312
0.210 0.20716 39.85091 1.04234 8.25536 0.36870 0.01935 0.41684 0.19511 1380.024
0.215 0.20683 39.95439 1.04341 8.26384 0.36860 0.01942 0.41652 0.19545 1380.737
0.220 0.20651 40.05837 1.04449 8.27233 0.36851 0.01950 0.41619 0.19580 1381.453
0.225 0.20618 40.16286 1.04556 8.28085 0.36842 0.01958 0.41587 0.19614 1382.172
0.230 0.20586 40.26786 1.04664 8.28938 0.36832 0.01965 0.41554 0.19648 1382.892
0.235 0.20553 40.37336 1.04772 8.29793 0.36823 0.01973 0.41522 0.19682 1383.615
0.240 0.20520 40.47938 1.04880 8.30650 0.36813 0.01981 0.41489 0.19717 1384.339
0.245 0.20488 40.58592 1.04988 8.31508 0.36804 0.01988 0.41457 0.19751 1385.066
0.250 0.20455 40.69298 1.05097 8.32369 0.36794 0.01996 0.41424 0.19785 1385.795
0.255 0.20422 40.80056 1.05206 8.33231 0.36785 0.02004 0.41391 0.19820 1386.527
0.260 0.20389 40.90868 1.05315 8.34096 0.36775 0.02012 0.41359 0.19854 1387.260
0.265 0.20356 41.01733 1.05424 8.34962 0.36765 0.02020 0.41326 0.19889 1387.996
0.270 0.20323 41.12651 1.05534 8.35830 0.36756 0.02027 0.41293 0.19923 1388.734
0.275 0.20290 41.23623 1.05644 8.36700 0.36746 0.02035 0.41261 0.19958 1389.475
0.280 0.20257 41.34650 1.05754 8.37572 0.36736 0.02043 0.41228 0.19993 1390.217
0.285 0.20224 41.45732 1.05864 8.38446 0.36726 0.02051 0.41195 0.20027 1390.962
0.290 0.20191 41.56868 1.05975 8.39322 0.36716 0.02059 0.41162 0.20062 1391.710
0.295 0.20158 41.68061 1.06086 8.40199 0.36707 0.02067 0.41129 0.20097 1392.459
0.300 0.20125 41.79309 1.06197 8.41079 0.36697 0.02075 0.41097 0.20132 1393.211
0.305 0.20092 41.90614 1.06308 8.41961 0.36687 0.02083 0.41064 0.20166 1393.966
0.310 0.20058 42.01975 1.06420 8.42844 0.36677 0.02091 0.41031 0.20201 1394.722
0.315 0.20025 42.13394 1.06532 8.43730 0.36666 0.02100 0.40998 0.20236 1395.481
0.320 0.19992 42.24870 1.06644 8.44617 0.36656 0.02108 0.40965 0.20271 1396.243
0.325 0.19958 42.36404 1.06756 8.45506 0.36646 0.02116 0.40932 0.20306 1397.007
0.330 0.19925 42.47997 1.06868 8.46398 0.36636 0.02124 0.40899 0.20341 1397.773
0.335 0.19891 42.59648 1.06981 8.47291 0.36626 0.02132 0.40866 0.20376 1398.541
0.340 0.19858 42.71359 1.07094 8.48186 0.36615 0.02141 0.40833 0.20411 1399.312
0.345 0.19824 42.83130 1.07207 8.49083 0.36605 0.02149 0.40800 0.20446 1400.086
0.350 0.19790 42.94961 1.07321 8.49983 0.36595 0.02157 0.40767 0.20481 1400.862
0.355 0.19757 43.06852 1.07435 8.50884 0.36584 0.02166 0.40734 0.20516 1401.641
0.360 0.19723 43.18804 1.07549 8.51787 0.36574 0.02174 0.40701 0.20552 1402.421
0.365 0.19689 43.30818 1.07663 8.52692 0.36563 0.02182 0.40668 0.20587 1403.205
0.370 0.19655 43.42894 1.07778 8.53599 0.36553 0.02191 0.40634 0.20622 1403.991
0.375 0.19621 43.55032 1.07893 8.54509 0.36542 0.02199 0.40601 0.20657 1404.779
0.380 0.19587 43.67233 1.08008 8.55420 0.36532 0.02208 0.40568 0.20693 1405.571
0.385 0.19553 43.79497 1.08123 8.56333 0.36521 0.02216 0.40535 0.20728 1406.364
0.390 0.19519 43.91825 1.08238 8.57249 0.36510 0.02225 0.40501 0.20763 1407.160
0.395 0.19485 44.04218 1.08354 8.58166 0.36499 0.02233 0.40468 0.20799 1407.959
0.400 0.19451 44.16675 1.08470 8.59085 0.36489 0.02242 0.40435 0.20834 1408.760
0.405 0.19417 44.29197 1.08587 8.60007 0.36478 0.02251 0.40402 0.20870 1409.564
0.410 0.19383 44.41785 1.08703 8.60930 0.36467 0.02259 0.40368 0.20905 1410.371
0.415 0.19348 44.54439 1.08820 8.61856 0.36456 0.02268 0.40335 0.20941 1411.180
0.420 0.19314 44.67160 1.08937 8.62784 0.36445 0.02277 0.40301 0.20977 1411.992
0.425 0.19280 44.79948 1.09055 8.63714 0.36434 0.02286 0.40268 0.21012 1412.807
0.430 0.19245 44.92804 1.09172 8.64645 0.36423 0.02294 0.40235 0.21048 1413.624
0.435 0.19211 45.05728 1.09290 8.65579 0.36412 0.02303 0.40201 0.21084 1414.444
0.440 0.19176 45.18721 1.09409 8.66515 0.36401 0.02312 0.40168 0.21119 1415.267
0.445 0.19142 45.31783 1.09527 8.67454 0.36390 0.02321 0.40134 0.21155 1416.092
0.450 0.19107 45.44915 1.09646 8.68394 0.36378 0.02330 0.40101 0.21191 1416.920
0.455 0.19072 45.58117 1.09765 8.69336 0.36367 0.02339 0.40067 0.21227 1417.751
0.460 0.19038 45.71390 1.09884 8.70281 0.36356 0.02348 0.40033 0.21263 1418.585
0.465 0.19003 45.84734 1.10003 8.71227 0.36344 0.02357 0.40000 0.21299 1419.421
0.470 0.18968 45.98151 1.10123 8.72176 0.36333 0.02366 0.39966 0.21335 1420.261
0.475 0.18933 46.11640 1.10243 8.73127 0.36322 0.02375 0.39933 0.21371 1421.103
0.480 0.18898 46.25202 1.10364 8.74080 0.36310 0.02384 0.39899 0.21407 1421.948
0.485 0.18863 46.38837 1.10484 8.75035 0.36299 0.02393 0.39865 0.21443 1422.796
0.490 0.18828 46.52547 1.10605 8.75993 0.36287 0.02403 0.39832 0.21479 1423.646
0.495 0.18793 46.66332 1.10726 8.76952 0.36275 0.02412 0.39798 0.21515 1424.500
0.500 0.18758 46.80191 1.10848 8.77914 0.36264 0.02421 0.39764 0.21551 1425.356
0.505 0.18723 46.94127 1.10969 8.78878 0.36252 0.02430 0.39730 0.21587 1426.216
0.510 0.18688 47.08140 1.11091 8.79844 0.36240 0.02440 0.39696 0.21623 1427.078
0.515 0.18652 47.22229 1.11214 8.80813 0.36229 0.02449 0.39663 0.21660 1427.944
0.520 0.18617 47.36396 1.11336 8.81783 0.36217 0.02458 0.39629 0.21696 1428.812
0.525 0.18582 47.50642 1.11459 8.82756 0.36205 0.02468 0.39595 0.21732 1429.683
0.530 0.18546 47.64967 1.11582 8.83731 0.36193 0.02477 0.39561 0.21769 1430.557
0.535 0.18511 47.79371 1.11706 8.84708 0.36181 0.02487 0.39527 0.21805 1431.435
0.540 0.18475 47.93855 1.11829 8.85687 0.36169 0.02496 0.39493 0.21841 1432.315
0.545 0.18440 48.08420 1.11953 8.86669 0.36157 0.02506 0.39459 0.21878 1433.198
0.550 0.18404 48.23067 1.12077 8.87653 0.36145 0.02515 0.39425 0.21914 1434.085
0.555 0.18369 48.37796 1.12202 8.88639 0.36133 0.02525 0.39391 0.21951 1434.974
0.560 0.18333 48.52608 1.12327 8.89628 0.36121 0.02535 0.39357 0.21987 1435.867
0.565 0.18297 48.67503 1.12452 8.90618 0.36109 0.02544 0.39323 0.22024 1436.763
0.570 0.18261 48.82482 1.12577 8.91611 0.36096 0.02554 0.39289 0.22061 1437.662
0.575 0.18226 48.97547 1.12703 8.92606 0.36084 0.02564 0.39255 0.22097 1438.564
0.580 0.18190 49.12696 1.12829 8.93604 0.36072 0.02574 0.39221 0.22134 1439.469
0.585 0.18154 49.27932 1.12955 8.94604 0.36059 0.02583 0.39187 0.22171 1440.378
0.590 0.18118 49.43255 1.13082 8.95606 0.36047 0.02593 0.39153 0.22207 1441.290
0.595 0.18082 49.58665 1.13208 8.96610 0.36034 0.02603 0.39118 0.22244 1442.205
0.600 0.18046 49.74164 1.13335 8.97617 0.36022 0.02613 0.39084 0.22281 1443.123
0.605 0.18009 49.89752 1.13463 8.98626 0.36009 0.02623 0.39050 0.22318 1444.045
0.610 0.17973 50.05430 1.13591 8.99638 0.35997 0.02633 0.39016 0.22355 1444.969
0.615 0.17937 50.21198 1.13719 9.00651 0.35984 0.02643 0.38981 0.22391 1445.898
0.620 0.17901 50.37057 1.13847 9.01668 0.35971 0.02653 0.38947 0.22428 1446.829
0.625 0.17864 50.53008 1.13976 9.02686 0.35959 0.02663 0.38913 0.22465 1447.764
0.630 0.17828 50.69052 1.14104 9.03707 0.35946 0.02673 0.38879 0.22502 1448.702
0.635 0.17791 50.85190 1.14234 9.04730 0.35933 0.02683 0.38844 0.22539 1449.644
0.640 0.17755 51.01422 1.14363 9.05756 0.35920 0.02694 0.38810 0.22576 1450.589
0.645 0.17718 51.17749 1.14493 9.06784 0.35907 0.02704 0.38775 0.22613 1451.538
0.650 0.17682 51.34172 1.14623 9.07814 0.35894 0.02714 0.38741 0.22651 1452.490
0.655 0.17645 51.50692 1.14753 9.08847 0.35881 0.02724 0.38707 0.22688 1453.445
0.660 0.17608 51.67309 1.14884 9.09882 0.35868 0.02735 0.38672 0.22725 1454.404
0.665 0.17572 51.84024 1.15015 9.10919 0.35855 0.02745 0.38638 0.22762 1455.367
0.670 0.17535 52.00839 1.15146 9.11959 0.35842 0.02756 0.38603 0.22799 1456.333
0.675 0.17498 52.17753 1.15278 9.13002 0.35829 0.02766 0.38569 0.22837 1457.302
0.680 0.17461 52.34769 1.15410 9.14047 0.35816 0.02776 0.38534 0.22874 1458.276
0.685 0.17424 52.51886 1.15542 9.15094 0.35803 0.02787 0.38499 0.22911 1459.253
0.690 0.17387 52.69106 1.15675 9.16144 0.35789 0.02798 0.38465 0.22948 1460.233
0.695 0.17350 52.86429 1.15808 9.17196 0.35776 0.02808 0.38430 0.22986 1461.217
0.700 0.17313 53.03856 1.15941 9.18250 0.35763 0.02819 0.38396 0.23023 1462.205
0.705 0.17276 53.21389 1.16074 9.19308 0.35749 0.02829 0.38361 0.23061 1463.197
0.710 0.17238 53.39027 1.16208 9.20367 0.35736 0.02840 0.38326 0.23098 1464.192
0.715 0.17201 53.56773 1.16342 9.21429 0.35722 0.02851 0.38292 0.23136 1465.191
0.720 0.17164 53.74627 1.16477 9.22494 0.35709 0.02862 0.38257 0.23173 1466.194
0.725 0.17126 53.92589 1.16611 9.23561 0.35695 0.02872 0.38222 0.23211 1467.201
0.730 0.17089 54.10662 1.16746 9.24631 0.35681 0.02883 0.38187 0.23248 1468.211
0.735 0.17052 54.28845 1.16882 9.25703 0.35668 0.02894 0.38152 0.23286 1469.226
0.740 0.17014 54.47140 1.17017 9.26777 0.35654 0.02905 0.38118 0.23323 1470.244
0.745 0.16976 54.65547 1.17153 9.27855 0.35640 0.02916 0.38083 0.23361 1471.266
0.750 0.16939 54.84069 1.17290 9.28934 0.35626 0.02927 0.38048 0.23399 1472.292
0.755 0.16901 55.02705 1.17426 9.30017 0.35612 0.02938 0.38013 0.23437 1473.322
0.760 0.16863 55.21457 1.17563 9.31102 0.35598 0.02949 0.37978 0.23474 1474.356
0.765 0.16826 55.40325 1.17701 9.32189 0.35584 0.02960 0.37943 0.23512 1475.394
0.770 0.16788 55.59311 1.17838 9.33279 0.35570 0.02971 0.37908 0.23550 1476.436
0.775 0.16750 55.78416 1.17976 9.34372 0.35556 0.02982 0.37873 0.23588 1477.482
0.780 0.16712 55.97641 1.18115 9.35467 0.35542 0.02994 0.37838 0.23626 1478.533
0.785 0.16674 56.16987 1.18253 9.36565 0.35528 0.03005 0.37803 0.23663 1479.587
0.790 0.16636 56.36455 1.18392 9.37665 0.35514 0.03016 0.37768 0.23701 1480.645
0.795 0.16598 56.56046 1.18531 9.38768 0.35500 0.03028 0.37733 0.23739 1481.708
0.800 0.16559 56.75761 1.18671 9.39874 0.35486 0.03039 0.37698 0.23777 1482.775
0.805 0.16521 56.95602 1.18811 9.40982 0.35471 0.03050 0.37663 0.23815 1483.846
0.810 0.16483 57.15569 1.18951 9.42093 0.35457 0.03062 0.37628 0.23853 1484.921
0.815 0.16445 57.35664 1.19092 9.43207 0.35442 0.03073 0.37593 0.23891 1486.001
0.820 0.16406 57.55887 1.19233 9.44323 0.35428 0.03085 0.37558 0.23929 1487.084
0.825 0.16368 57.76240 1.19374 9.45442 0.35413 0.03096 0.37523 0.23967 1488.173
0.830 0.16329 57.96725 1.19516 9.46564 0.35399 0.03108 0.37488 0.24006 1489.265
0.835 0.16291 58.17342 1.19658 9.47688 0.35384 0.03120 0.37452 0.24044 1490.362
0.840 0.16252 58.38092 1.19800 9.48815 0.35370 0.03131 0.37417 0.24082 1491.463
0.845 0.16213 58.58977 1.19942 9.49945 0.35355 0.03143 0.37382 0.24120 1492.569
0.850 0.16175 58.79998 1.20085 9.51077 0.35340 0.03155 0.37347 0.24158 1493.679
0.855 0.16136 59.01157 1.20229 9.52212 0.35326 0.03167 0.37311 0.24197 1494.794
0.860 0.16097 59.22454 1.20372 9.53350 0.35311 0.03178 0.37276 0.24235 1495.913
0.865 0.16058 59.43890 1.20516 9.54491 0.35296 0.03190 0.37241 0.24273 1497.037
0.870 0.16019 59.65468 1.20661 9.55634 0.35281 0.03202 0.37205 0.24311 1498.166
0.875 0.15980 59.87189 1.20806 9.56780 0.35266 0.03214 0.37170 0.24350 1499.299
0.880 0.15941 60.09053 1.20951 9.57929 0.35251 0.03226 0.37135 0.24388 1500.437
0.885 0.15902 60.31062 1.21096 9.59080 0.35236 0.03238 0.37099 0.24427 1501.579
0.890 0.15863 60.53218 1.21242 9.60235 0.35221 0.03250 0.37064 0.24465 1502.727
0.895 0.15824 60.75521 1.21388 9.61392 0.35206 0.03262 0.37028 0.24504 1503.879
0.900 0.15785 60.97974 1.21534 9.62552 0.35191 0.03275 0.36993 0.24542 1505.035
0.905 0.15745 61.20578 1.21681 9.63715 0.35175 0.03287 0.36957 0.24580 1506.197
0.910 0.15706 61.43334 1.21828 9.64881 0.35160 0.03299 0.36922 0.24619 1507.363
0.915 0.15667 61.66243 1.21976 9.66049 0.35145 0.03311 0.36886 0.24658 1508.535
0.920 0.15627 61.89308 1.22124 9.67220 0.35130 0.03324 0.36851 0.24696 1509.711
0.925 0.15588 62.12529 1.22272 9.68394 0.35114 0.03336 0.36815 0.24735 1510.892
0.930 0.15548 62.35908 1.22421 9.69571 0.35099 0.03348 0.36780 0.24773 1512.079
0.935 0.15509 62.59446 1.22570 9.70751 0.35083 0.03361 0.36744 0.24812 1513.270
0.940 0.15469 62.83146 1.22719 9.71934 0.35068 0.03373 0.36708 0.24851 1514.466
0.945 0.15429 63.07008 1.22869 9.73120 0.35052 0.03386 0.36673 0.24889 1515.668
0.950 0.15389 63.31035 1.23019 9.74308 0.35037 0.03398 0.36637 0.24928 1516.875
0.955 0.15350 63.55227 1.23169 9.75500 0.35021 0.03411 0.36601 0.24967 1518.086
0.960 0.15310 63.79587 1.23320 9.76694 0.35005 0.03424 0.36566 0.25006 1519.303
0.965 0.15270 64.04117 1.23471 9.77891 0.34989 0.03436 0.36530 0.25044 1520.526
0.970 0.15230 64.28817 1.23623 9.79091 0.34974 0.03449 0.36494 0.25083 1521.753
0.975 0.15190 64.53689 1.23775 9.80294 0.34958 0.03462 0.36458 0.25122 1522.986
0.980 0.15150 64.78736 1.23927 9.81500 0.34942 0.03475 0.36423 0.25161 1524.225
0.985 0.15109 65.03958 1.24079 9.82709 0.34926 0.03487 0.36387 0.25200 1525.468
0.990 0.15069 65.29358 1.24232 9.83921 0.34910 0.03500 0.36351 0.25239 1526.717
0.995 0.15029 65.54938 1.24386 9.85136 0.34894 0.03513 0.36315 0.25278 1527.972
1.000 0.14989 65.80699 1.24540 9.86354 0.34878 0.03526 0.36279 0.25317 1529.232
1.005 0.14948 66.06642 1.24694 9.87575 0.34862 0.03539 0.36243 0.25356 1530.498
1.010 0.14908 66.32771 1.24848 9.88799 0.34846 0.03552 0.36207 0.25394 1531.769
1.015 0.14867 66.59087 1.25003 9.90026 0.34829 0.03565 0.36172 0.25433 1533.046
1.020 0.14827 66.85591 1.25159 9.91256 0.34813 0.03579 0.36136 0.25473 1534.329
1.025 0.14786 67.12285 1.25314 9.92489 0.34797 0.03592 0.36100 0.25512 1535.617
1.030 0.14746 67.39172 1.25470 9.93725 0.34781 0.03605 0.36064 0.25551 1536.912
1.035 0.14705 67.66254 1.25627 9.94964 0.34764 0.03618 0.36028 0.25590 1538.212
1.040 0.14664 67.93532 1.25784 9.96206 0.34748 0.03632 0.35992 0.25629 1539.517
1.045 0.14623 68.21009 1.25941 9.97452 0.34731 0.03645 0.35956 0.25668 1540.829
1.050 0.14582 68.48686 1.26098 9.98700 0.34715 0.03659 0.35920 0.25707 1542.147
1.055 0.14541 68.76565 1.26256 9.99951 0.34698 0.03672 0.35883 0.25746 1543.471
1.060 0.14500 69.04649 1.26415 10.01206 0.34682 0.03685 0.35847 0.25786 1544.801
1.065 0.14459 69.32940 1.26574 10.02463 0.34665 0.03699 0.35811 0.25825 1546.136
1.070 0.14418 69.61440 1.26733 10.03724 0.34648 0.03713 0.35775 0.25864 1547.478
1.075 0.14377 69.90152 1.26892 10.04988 0.34632 0.03726 0.35739 0.25903 1548.827
1.080 0.14336 70.19076 1.27052 10.06255 0.34615 0.03740 0.35703 0.25942 1550.181
1.085 0.14295 70.48216 1.27213 10.07525 0.34598 0.03754 0.35667 0.25982 1551.542
1.090 0.14253 70.77574 1.27374 10.08799 0.34581 0.03767 0.35630 0.26021 1552.909
1.095 0.14212 71.07152 1.27535 10.10075 0.34564 0.03781 0.35594 0.26060 1554.282
1.100 0.14171 71.36952 1.27696 10.11355 0.34547 0.03795 0.35558 0.26100 1555.662
1.105 0.14129 71.66978 1.27858 10.12638 0.34530 0.03809 0.35522 0.26139 1557.048
1.110 0.14088 71.97230 1.28021 10.13924 0.34513 0.03823 0.35485 0.26179 1558.441
1.115 0.14046 72.27712 1.28183 10.15213 0.34496 0.03837 0.35449 0.26218 1559.841
1.120 0.14004 72.58427 1.28347 10.16506 0.34479 0.03851 0.35413 0.26257 1561.247
1.125 0.13963 72.89376 1.28510 10.17802 0.34462 0.03865 0.35377 0.26297 1562.659
1.130 0.13921 73.20562 1.28674 10.19101 0.34444 0.03879 0.35340 0.26336 1564.079
1.135 0.13879 73.51988 1.28839 10.20403 0.34427 0.03893 0.35304 0.26376 1565.505
1.140 0.13837 73.83656 1.29004 10.21709 0.34410 0.03908 0.35267 0.26415 1566.938
1.145 0.13796 74.15569 1.29169 10.23017 0.34392 0.03922 0.35231 0.26455 1568.378
1.150 0.13754 74.47730 1.29335 10.24330 0.34375 0.03936 0.35195 0.26494 1569.825
1.155 0.13712 74.80141 1.29501 10.25645 0.34357 0.03951 0.35158 0.26534 1571.279
1.160 0.13670 75.12805 1.29667 10.26964 0.34340 0.03965 0.35122 0.26573 1572.740
1.165 0.13627 75.45725 1.29834 10.28286 0.34322 0.03979 0.35085 0.26613 1574.208
1.170 0.13585 75.78904 1.30001 10.29611 0.34305 0.03994 0.35049 0.26653 1575.683
1.175 0.13543 76.12345 1.30169 10.30940 0.34287 0.04008 0.35012 0.26692 1577.166
1.180 0.13501 76.46050 1.30337 10.32272 0.34269 0.04023 0.34976 0.26732 1578.656
1.185 0.13458 76.80022 1.30506 10.33608 0.34252 0.04038 0.34939 0.26771 1580.153
1.190 0.13416 77.14265 1.30675 10.34946 0.34234 0.04052 0.34903 0.26811 1581.657
1.195 0.13374 77.48782 1.30845 10.36289 0.34216 0.04067 0.34866 0.26851 1583.169
1.200 0.13331 77.83575 1.31014 10.37634 0.34198 0.04082 0.34829 0.26891 1584.689
1.205 0.13289 78.18647 1.31185 10.38983 0.34180 0.04097 0.34793 0.26930 1586.216
1.210 0.13246 78.54003 1.31356 10.40336 0.34162 0.04112 0.34756 0.26970 1587.751
1.215 0.13203 78.89644 1.31527 10.41692 0.34144 0.04127 0.34720 0.27010 1589.293
1.220 0.13161 79.25575 1.31698 10.43051 0.34126 0.04141 0.34683 0.27049 1590.844
1.225 0.13118 79.61799 1.31870 10.44414 0.34108 0.04156 0.34646 0.27089 1592.402
1.230 0.13075 79.98318 1.32043 10.45780 0.34090 0.04172 0.34609 0.27129 1593.968
1.235 0.13032 80.35137 1.32216 10.47150 0.34072 0.04187 0.34573 0.27169 1595.542
1.240 0.12989 80.72259 1.32389 10.48523 0.34053 0.04202 0.34536 0.27209 1597.124
1.245 0.12946 81.09687 1.32563 10.49900 0.34035 0.04217 0.34499 0.27248 1598.715
1.250 0.12903 81.47426 1.32737 10.51280 0.34017 0.04232 0.34463 0.27288 1600.313
1.255 0.12860 81.85477 1.32912 10.52664 0.33998 0.04248 0.34426 0.27328 1601.920
1.260 0.12817 82.23846 1.33087 10.54051 0.33980 0.04263 0.34389 0.27368 1603.535
1.265 0.12774 82.62536 1.33263 10.55442 0.33962 0.04278 0.34352 0.27408 1605.158
1.270 0.12731 83.01551 1.33439 10.56837 0.33943 0.04294 0.34315 0.27448 1606.790
1.275 0.12687 83.40894 1.33616 10.58235 0.33925 0.04309 0.34278 0.27488 1608.431
1.280 0.12644 83.80570 1.33792 10.59636 0.33906 0.04325 0.34242 0.27528 1610.080
1.285 0.12601 84.20582 1.33970 10.61042 0.33887 0.04340 0.34205 0.27568 1611.738
1.290 0.12557 84.60935 1.34148 10.62450 0.33869 0.04356 0.34168 0.27608 1613.404
1.295 0.12514 85.01632 1.34326 10.63863 0.33850 0.04372 0.34131 0.27648 1615.080
1.300 0.12470 85.42678 1.34505 10.65279 0.33831 0.04388 0.34094 0.27688 1616.764
1.305 0.12426 85.84077 1.34684 10.66699 0.33812 0.04403 0.34057 0.27727 1618.457
1.310 0.12383 86.25833 1.34864 10.68122 0.33793 0.04419 0.34020 0.27767 1620.160
1.315 0.12339 86.67950 1.35044 10.69549 0.33774 0.04435 0.33983 0.27808 1621.871
1.320 0.12295 87.10433 1.35225 10.70980 0.33755 0.04451 0.33946 0.27848 1623.592
1.325 0.12252 87.53287 1.35406 10.72414 0.33736 0.04467 0.33909 0.27888 1625.322
1.330 0.12208 87.96515 1.35587 10.73852 0.33717 0.04483 0.33872 0.27928 1627.062
1.335 0.12164 88.40123 1.35769 10.75294 0.33698 0.04499 0.33835 0.27968 1628.811
1.340 0.12120 88.84116 1.35952 10.76739 0.33679 0.04515 0.33798 0.28008 1630.570
1.345 0.12076 89.28497 1.36135 10.78189 0.33660 0.04531 0.33761 0.28048 1632.338
1.350 0.12032 89.73272 1.36318 10.79642 0.33641 0.04548 0.33724 0.28088 1634.116
1.355 0.11988 90.18445 1.36502 10.81099 0.33621 0.04564 0.33687 0.28128 1635.904
1.360 0.11943 90.64022 1.36687 10.82559 0.33602 0.04580 0.33650 0.28168 1637.702
1.365 0.11899 91.10008 1.36872 10.84024 0.33583 0.04597 0.33612 0.28208 1639.510
1.370 0.11855 91.56408 1.37057 10.85492 0.33563 0.04613 0.33575 0.28248 1641.328
1.375 0.11811 92.03227 1.37243 10.86964 0.33544 0.04630 0.33538 0.28288 1643.156
1.380 0.11766 92.50471 1.37429 10.88440 0.33524 0.04646 0.33501 0.28329 1644.995
1.385 0.11722 92.98144 1.37616 10.89919 0.33505 0.04663 0.33464 0.28369 1646.844
1.390 0.11677 93.46253 1.37803 10.91403 0.33485 0.04679 0.33426 0.28409 1648.703
1.395 0.11633 93.94802 1.37991 10.92890 0.33465 0.04696 0.33389 0.28449 1650.573
1.400 0.11588 94.43799 1.38179 10.94381 0.33446 0.04713 0.33352 0.28489 1652.454
1.405 0.11544 94.93247 1.38368 10.95877 0.33426 0.04730 0.33315 0.28529 1654.345
1.410 0.11499 95.43154 1.38558 10.97376 0.33406 0.04747 0.33277 0.28570 1656.248
1.415 0.11454 95.93525 1.38747 10.98879 0.33386 0.04764 0.33240 0.28610 1658.161
1.420 0.11410 96.44367 1.38938 11.00386 0.33367 0.04780 0.33203 0.28650 1660.086
1.425 0.11365 96.95684 1.39128 11.01896 0.33347 0.04797 0.33166 0.28690 1662.022
1.430 0.11320 97.47485 1.39320 11.03411 0.33327 0.04815 0.33128 0.28731 1663.969
1.435 0.11275 97.99774 1.39511 11.04930 0.33307 0.04832 0.33091 0.28771 1665.928
1.440 0.11230 98.52559 1.39704 11.06453 0.33287 0.04849 0.33053 0.28811 1667.898
1.445 0.11185 99.05847 1.39896 11.07980 0.33267 0.04866 0.33016 0.28851 1669.879
1.450 0.11140 99.59643 1.40090 11.09511 0.33246 0.04883 0.32979 0.28892 1671.873
1.455 0.11095 100.13954 1.40284 11.11045 0.33226 0.04901 0.32941 0.28932 1673.878
1.460 0.11050 100.68789 1.40478 11.12584 0.33206 0.04918 0.32904 0.28972 1675.896
1.465 0.11005 101.24153 1.40673 11.14127 0.33186 0.04936 0.32866 0.29012 1677.925
1.470 0.10959 101.80053 1.40868 11.15674 0.33165 0.04953 0.32829 0.29053 1679.967
1.475 0.10914 102.36498 1.41064 11.17225 0.33145 0.04971 0.32792 0.29093 1682.021
1.480 0.10869 102.93494 1.41260 11.18780 0.33125 0.04988 0.32754 0.29133 1684.088
1.485 0.10823 103.51050 1.41457 11.20340 0.33104 0.05006 0.32717 0.29174 1686.167
1.490 0.10778 104.09172 1.41654 11.21903 0.33084 0.05023 0.32679 0.29214 1688.259
1.495 0.10733 104.67869 1.41852 11.23471 0.33063 0.05041 0.32642 0.29254 1690.364
1.500 0.10687 105.27148 1.42051 11.25042 0.33042 0.05059 0.32604 0.29294 1692.482
1.505 0.10642 105.87018 1.42250 11.26618 0.33022 0.05077 0.32566 0.29335 1694.613
1.510 0.10596 106.47487 1.42449 11.28198 0.33001 0.05095 0.32529 0.29375 1696.757
1.515 0.10550 107.08563 1.42649 11.29782 0.32980 0.05113 0.32491 0.29415 1698.915
1.520 0.10505 107.70255 1.42850 11.31371 0.32960 0.05131 0.32454 0.29456 1701.086
1.525 0.10459 108.32571 1.43051 11.32964 0.32939 0.05149 0.32416 0.29496 1703.271
1.530 0.10413 108.95521 1.43253 11.34560 0.32918 0.05167 0.32379 0.29536 1705.470
1.535 0.10367 109.59113 1.43455 11.36162 0.32897 0.05185 0.32341 0.29577 1707.683
1.540 0.10321 110.23357 1.43657 11.37767 0.32876 0.05204 0.32303 0.29617 1709.910
1.545 0.10276 110.88261 1.43861 11.39377 0.32855 0.05222 0.32266 0.29657 1712.151
1.550 0.10230 111.53836 1.44064 11.40991 0.32834 0.05240 0.32228 0.29698 1714.406
1.555 0.10184 112.20091 1.44269 11.42609 0.32813 0.05259 0.32190 0.29738 1716.676
1.560 0.10138 112.87036 1.44474 11.44231 0.32792 0.05277 0.32153 0.29778 1718.961
1.565 0.10092 113.54682 1.44679 11.45858 0.32771 0.05296 0.32115 0.29819 1721.260
1.570 0.10045 114.23037 1.44885 11.47490 0.32750 0.05314 0.32077 0.29859 1723.575
1.575 0.09999 114.92113 1.45092 11.49125 0.32728 0.05333 0.32039 0.29900 1725.905
1.580 0.09953 115.61920 1.45299 11.50765 0.32707 0.05351 0.32002 0.29940 1728.250
1.585 0.09907 116.32469 1.45506 11.52410 0.32686 0.05370 0.31964 0.29980 1730.611
1.590 0.09861 117.03772 1.45714 11.54059 0.32664 0.05389 0.31926 0.30021 1732.987
1.595 0.09814 117.75839 1.45923 11.55712 0.32643 0.05408 0.31888 0.30061 1735.379
1.600 0.09768 118.48682 1.46133 11.57370 0.32621 0.05427 0.31851 0.30101 1737.788
1.605 0.09722 119.22312 1.46342 11.59032 0.32600 0.05446 0.31813 0.30142 1740.212
1.610 0.09675 119.96742 1.46553 11.60698 0.32578 0.05465 0.31775 0.30182 1742.653
1.615 0.09629 120.71983 1.46764 11.62370 0.32557 0.05484 0.31737 0.30222 1745.111
1.620 0.09582 121.48048 1.46975 11.64045 0.32535 0.05503 0.31699 0.30263 1747.585
1.625 0.09536 122.24950 1.47188 11.65725 0.32513 0.05522 0.31661 0.30303 1750.076
1.630 0.09489 123.02701 1.47400 11.67410 0.32491 0.05541 0.31624 0.30343 1752.584
1.635 0.09442 123.81314 1.47614 11.69099 0.32470 0.05561 0.31586 0.30384 1755.110
1.640 0.09396 124.60803 1.47827 11.70793 0.32448 0.05580 0.31548 0.30424 1757.653
1.645 0.09349 125.41182 1.48042 11.72491 0.32426 0.05600 0.31510 0.30465 1760.214
1.650 0.09302 126.22464 1.48257 11.74194 0.32404 0.05619 0.31472 0.30505 1762.793
1.655 0.09256 127.04663 1.48472 11.75902 0.32382 0.05639 0.31434 0.30545 1765.390
1.660 0.09209 127.87795 1.48689 11.77614 0.32360 0.05658 0.31396 0.30586 1768.005
1.665 0.09162 128.71873 1.48905 11.79331 0.32338 0.05678 0.31358 0.30626 1770.639
1.670 0.09115 129.56912 1.49123 11.81052 0.32316 0.05698 0.31320 0.30666 1773.291
1.675 0.09068 130.42929 1.49341 11.82778 0.32294 0.05717 0.31282 0.30707 1775.963
1.680 0.09021 131.29939 1.49559 11.84509 0.32272 0.05737 0.31244 0.30747 1778.654
1.685 0.08974 132.17957 1.49778 11.86245 0.32249 0.05757 0.31206 0.30787 1781.364
1.690 0.08928 133.07000 1.49998 11.87985 0.32227 0.05777 0.31168 0.30828 1784.094
1.695 0.08881 133.97085 1.50218 11.89730 0.32205 0.05797 0.31130 0.30868 1786.844
1.700 0.08833 134.88228 1.50439 11.91480 0.32182 0.05817 0.31092 0.30908 1789.614
1.705 0.08786 135.80448 1.50661 11.93234 0.32160 0.05837 0.31054 0.30949 1792.404
1.710 0.08739 136.73761 1.50883 11.94994 0.32138 0.05857 0.31016 0.30989 1795.215
1.715 0.08692 137.68186 1.51106 11.96758 0.32115 0.05878 0.30978 0.31029 1798.047
1.720 0.08645 138.63741 1.51329 11.98527 0.32092 0.05898 0.30940 0.31069 1800.900
1.725 0.08598 139.60445 1.51553 12.00301 0.32070 0.05918 0.30902 0.31110 1803.774
1.730 0.08551 140.58317 1.51778 12.02079 0.32047 0.05939 0.30864 0.31150 1806.670
1.735 0.08503 141.57377 1.52003 12.03863 0.32025 0.05959 0.30826 0.31190 1809.588
1.740 0.08456 142.57645 1.52229 12.05651 0.32002 0.05980 0.30788 0.31231 1812.528
1.745 0.08409 143.59142 1.52455 12.07444 0.31979 0.06000 0.30750 0.31271 1815.490
1.750 0.08362 144.61888 1.52682 12.09243 0.31956 0.06021 0.30711 0.31311 1818.476
1.755 0.08314 145.65905 1.52910 12.11046 0.31933 0.06042 0.30673 0.31351 1821.484
1.760 0.08267 146.71215 1.53138 12.12854 0.31911 0.06063 0.30635 0.31392 1824.515
1.765 0.08220 147.77840 1.53367 12.14667 0.31888 0.06083 0.30597 0.31432 1827.571
