timeGa Urey Qt heat/H0 heatTW 1HPE 2HPE 3HPE 4HPE TempC
0.000 0.14000 36.00000 1.00000 5.04000 0.37200 0.01640 0.43000 0.18100 1351.850
0.005 0.14005 36.00000 1.00038 5.04191 0.37215 0.01647 0.42994 0.18143 1352.547
0.010 0.13977 36.10878 1.00136 5.04685 0.37207 0.01654 0.42963 0.18176 1353.247
0.015 0.13948 36.21816 1.00234 5.05181 0.37199 0.01661 0.42931 0.18209 1353.949
0.020 0.13920 36.32816 1.00333 5.05677 0.37192 0.01667 0.42900 0.18241 1354.653
0.025 0.13891 36.43878 1.00431 5.06175 0.37184 0.01674 0.42868 0.18274 1355.360
0.030 0.13862 36.55002 1.00530 5.06673 0.37176 0.01680 0.42837 0.18307 1356.069
0.035 0.13834 36.66189 1.00629 5.07173 0.37168 0.01687 0.42805 0.18340 1356.781
0.040 0.13805 36.77440 1.00729 5.07673 0.37161 0.01694 0.42773 0.18372 1357.495
0.045 0.13776 36.88755 1.00828 5.08175 0.37153 0.01700 0.42742 0.18405 1358.212
0.050 0.13748 37.00134 1.00928 5.08678 0.37145 0.01707 0.42710 0.18438 1358.930
0.055 0.13719 37.11578 1.01028 5.09181 0.37137 0.01714 0.42678 0.18471 1359.652
0.060 0.13690 37.23087 1.01128 5.09686 0.37129 0.01720 0.42647 0.18504 1360.376
0.065 0.13661 37.34663 1.01229 5.10192 0.37121 0.01727 0.42615 0.18537 1361.102
0.070 0.13632 37.46306 1.01329 5.10699 0.37113 0.01734 0.42583 0.18570 1361.831
0.075 0.13603 37.58015 1.01430 5.11207 0.37104 0.01741 0.42551 0.18603 1362.562
0.080 0.13574 37.69792 1.01531 5.11716 0.37096 0.01748 0.42520 0.18636 1363.296
0.085 0.13545 37.81638 1.01632 5.12226 0.37088 0.01755 0.42488 0.18670 1364.033
0.090 0.13516 37.93553 1.01734 5.12738 0.37080 0.01761 0.42456 0.18703 1364.772
0.095 0.13487 38.05536 1.01835 5.13250 0.37071 0.01768 0.42424 0.18736 1365.513
0.100 0.13458 38.17590 1.01937 5.13763 0.37063 0.01775 0.42392 0.18769 1366.257
0.105 0.13429 38.29715 1.02039 5.14278 0.37055 0.01782 0.42360 0.18803 1367.004
0.110 0.13399 38.41911 1.02142 5.14794 0.37046 0.01789 0.42328 0.18836 1367.754
0.115 0.13370 38.54178 1.02244 5.15310 0.37038 0.01796 0.42296 0.18869 1368.506
0.120 0.13341 38.66518 1.02347 5.15828 0.37029 0.01803 0.42264 0.18903 1369.261
0.125 0.13312 38.78931 1.02450 5.16347 0.37021 0.01811 0.42232 0.18936 1370.018
0.130 0.13282 38.91418 1.02553 5.16867 0.37012 0.01818 0.42200 0.18970 1370.778
0.135 0.13253 39.03979 1.02656 5.17388 0.37004 0.01825 0.42168 0.19003 1371.541
0.140 0.13223 39.16615 1.02760 5.17911 0.36995 0.01832 0.42136 0.19037 1372.307
0.145 0.13194 39.29326 1.02864 5.18434 0.36986 0.01839 0.42104 0.19071 1373.075
0.150 0.13164 39.42114 1.02968 5.18958 0.36978 0.01846 0.42072 0.19104 1373.846
0.155 0.13135 39.54978 1.03072 5.19484 0.36969 0.01854 0.42040 0.19138 1374.620
0.160 0.13105 39.67920 1.03177 5.20011 0.36960 0.01861 0.42007 0.19172 1375.397
0.165 0.13076 39.80940 1.03281 5.20539 0.36951 0.01868 0.41975 0.19206 1376.176
0.170 0.13046 39.94039 1.03386 5.21068 0.36942 0.01875 0.41943 0.19239 1376.958
0.175 0.13016 40.07218 1.03492 5.21598 0.36933 0.01883 0.41911 0.19273 1377.743
0.180 0.12987 40.20476 1.03597 5.22129 0.36924 0.01890 0.41878 0.19307 1378.531
0.185 0.12957 40.33816 1.03703 5.22662 0.36915 0.01898 0.41846 0.19341 1379.322
0.190 0.12927 40.47238 1.03809 5.23195 0.36906 0.01905 0.41814 0.19375 1380.116
0.195 0.12897 40.60741 1.03915 5.23730 0.36897 0.01912 0.41781 0.19409 1380.913
0.200 0.12868 40.74328 1.04021 5.24266 0.36888 0.01920 0.41749 0.19443 1381.713
0.205 0.12838 40.87999 1.04128 5.24803 0.36879 0.01927 0.41717 0.19477 1382.515
0.210 0.12808 41.01754 1.04234 5.25341 0.36870 0.01935 0.41684 0.19511 1383.321
0.215 0.12778 41.15595 1.04341 5.25881 0.36860 0.01942 0.41652 0.19545 1384.129
0.220 0.12748 41.29521 1.04449 5.26421 0.36851 0.01950 0.41619 0.19580 1384.941
0.225 0.12718 41.43535 1.04556 5.26963 0.36842 0.01958 0.41587 0.19614 1385.756
0.230 0.12688 41.57636 1.04664 5.27506 0.36832 0.01965 0.41554 0.19648 1386.573
0.235 0.12658 41.71825 1.04772 5.28050 0.36823 0.01973 0.41522 0.19682 1387.394
0.240 0.12627 41.86104 1.04880 5.28595 0.36813 0.01981 0.41489 0.19717 1388.218
0.245 0.12597 42.00473 1.04988 5.29142 0.36804 0.01988 0.41457 0.19751 1389.045
0.250 0.12567 42.14932 1.05097 5.29689 0.36794 0.01996 0.41424 0.19785 1389.875
0.255 0.12537 42.29483 1.05206 5.30238 0.36785 0.02004 0.41391 0.19820 1390.709
0.260 0.12506 42.44127 1.05315 5.30788 0.36775 0.02012 0.41359 0.19854 1391.545
0.265 0.12476 42.58864 1.05424 5.31339 0.36765 0.02020 0.41326 0.19889 1392.385
0.270 0.12446 42.73695 1.05534 5.31892 0.36756 0.02027 0.41293 0.19923 1393.228
0.275 0.12415 42.88621 1.05644 5.32446 0.36746 0.02035 0.41261 0.19958 1394.074
0.280 0.12385 43.03643 1.05754 5.33000 0.36736 0.02043 0.41228 0.19993 1394.923
0.285 0.12354 43.18762 1.05864 5.33557 0.36726 0.02051 0.41195 0.20027 1395.776
0.290 0.12324 43.33978 1.05975 5.34114 0.36716 0.02059 0.41162 0.20062 1396.632
0.295 0.12293 43.49293 1.06086 5.34672 0.36707 0.02067 0.41129 0.20097 1397.491
0.300 0.12263 43.64708 1.06197 5.35232 0.36697 0.02075 0.41097 0.20132 1398.353
0.305 0.12232 43.80223 1.06308 5.35793 0.36687 0.02083 0.41064 0.20166 1399.219
0.310 0.12201 43.95839 1.06420 5.36355 0.36677 0.02091 0.41031 0.20201 1400.089
0.315 0.12171 44.11558 1.06532 5.36919 0.36666 0.02100 0.40998 0.20236 1400.962
0.320 0.12140 44.27380 1.06644 5.37484 0.36656 0.02108 0.40965 0.20271 1401.838
0.325 0.12109 44.43306 1.06756 5.38049 0.36646 0.02116 0.40932 0.20306 1402.718
0.330 0.12078 44.59337 1.06868 5.38617 0.36636 0.02124 0.40899 0.20341 1403.601
0.335 0.12048 44.75475 1.06981 5.39185 0.36626 0.02132 0.40866 0.20376 1404.487
0.340 0.12017 44.91719 1.07094 5.39755 0.36615 0.02141 0.40833 0.20411 1405.378
0.345 0.11986 45.08072 1.07207 5.40326 0.36605 0.02149 0.40800 0.20446 1406.271
0.350 0.11955 45.24535 1.07321 5.40898 0.36595 0.02157 0.40767 0.20481 1407.169
0.355 0.11924 45.41107 1.07435 5.41472 0.36584 0.02166 0.40734 0.20516 1408.070
0.360 0.11893 45.57791 1.07549 5.42046 0.36574 0.02174 0.40701 0.20552 1408.974
0.365 0.11862 45.74588 1.07663 5.42622 0.36563 0.02182 0.40668 0.20587 1409.882
0.370 0.11831 45.91498 1.07778 5.43200 0.36553 0.02191 0.40634 0.20622 1410.794
0.375 0.11799 46.08522 1.07893 5.43778 0.36542 0.02199 0.40601 0.20657 1411.710
0.380 0.11768 46.25663 1.08008 5.44358 0.36532 0.02208 0.40568 0.20693 1412.629
0.385 0.11737 46.42920 1.08123 5.44939 0.36521 0.02216 0.40535 0.20728 1413.552
0.390 0.11706 46.60295 1.08238 5.45522 0.36510 0.02225 0.40501 0.20763 1414.479
0.395 0.11674 46.77790 1.08354 5.46106 0.36499 0.02233 0.40468 0.20799 1415.410
0.400 0.11643 46.95404 1.08470 5.46691 0.36489 0.02242 0.40435 0.20834 1416.345
0.405 0.11612 47.13141 1.08587 5.47277 0.36478 0.02251 0.40402 0.20870 1417.283
0.410 0.11580 47.31000 1.08703 5.47865 0.36467 0.02259 0.40368 0.20905 1418.225
0.415 0.11549 47.48983 1.08820 5.48454 0.36456 0.02268 0.40335 0.20941 1419.171
0.420 0.11517 47.67091 1.08937 5.49044 0.36445 0.02277 0.40301 0.20977 1420.122
0.425 0.11486 47.85325 1.09055 5.49636 0.36434 0.02286 0.40268 0.21012 1421.076
0.430 0.11454 48.03687 1.09172 5.50229 0.36423 0.02294 0.40235 0.21048 1422.034
0.435 0.11423 48.22179 1.09290 5.50823 0.36412 0.02303 0.40201 0.21084 1422.996
0.440 0.11391 48.40800 1.09409 5.51419 0.36401 0.02312 0.40168 0.21119 1423.962
0.445 0.11359 48.59553 1.09527 5.52016 0.36390 0.02321 0.40134 0.21155 1424.932
0.450 0.11328 48.78439 1.09646 5.52614 0.36378 0.02330 0.40101 0.21191 1425.907
0.455 0.11296 48.97459 1.09765 5.53214 0.36367 0.02339 0.40067 0.21227 1426.885
0.460 0.11264 49.16614 1.09884 5.53815 0.36356 0.02348 0.40033 0.21263 1427.868
0.465 0.11232 49.35907 1.10003 5.54417 0.36344 0.02357 0.40000 0.21299 1428.855
0.470 0.11200 49.55338 1.10123 5.55021 0.36333 0.02366 0.39966 0.21335 1429.846
0.475 0.11169 49.74909 1.10243 5.55626 0.36322 0.02375 0.39933 0.21371 1430.842
0.480 0.11137 49.94621 1.10364 5.56233 0.36310 0.02384 0.39899 0.21407 1431.842
0.485 0.11105 50.14476 1.10484 5.56841 0.36299 0.02393 0.39865 0.21443 1432.846
0.490 0.11073 50.34475 1.10605 5.57450 0.36287 0.02403 0.39832 0.21479 1433.854
0.495 0.11041 50.54619 1.10726 5.58061 0.36275 0.02412 0.39798 0.21515 1434.867
0.500 0.11009 50.74911 1.10848 5.58673 0.36264 0.02421 0.39764 0.21551 1435.884
0.505 0.10976 50.95352 1.10969 5.59286 0.36252 0.02430 0.39730 0.21587 1436.906
0.510 0.10944 51.15943 1.11091 5.59901 0.36240 0.02440 0.39696 0.21623 1437.932
0.515 0.10912 51.36685 1.11214 5.60517 0.36229 0.02449 0.39663 0.21660 1438.963
0.520 0.10880 51.57581 1.11336 5.61135 0.36217 0.02458 0.39629 0.21696 1439.999
0.525 0.10848 51.78632 1.11459 5.61754 0.36205 0.02468 0.39595 0.21732 1441.039
0.530 0.10815 51.99840 1.11582 5.62374 0.36193 0.02477 0.39561 0.21769 1442.083
0.535 0.10783 52.21207 1.11706 5.62996 0.36181 0.02487 0.39527 0.21805 1443.133
0.540 0.10750 52.42733 1.11829 5.63619 0.36169 0.02496 0.39493 0.21841 1444.187
0.545 0.10718 52.64421 1.11953 5.64244 0.36157 0.02506 0.39459 0.21878 1445.245
0.550 0.10686 52.86273 1.12077 5.64870 0.36145 0.02515 0.39425 0.21914 1446.309
0.555 0.10653 53.08290 1.12202 5.65498 0.36133 0.02525 0.39391 0.21951 1447.377
0.560 0.10621 53.30474 1.12327 5.66127 0.36121 0.02535 0.39357 0.21987 1448.450
0.565 0.10588 53.52827 1.12452 5.66757 0.36109 0.02544 0.39323 0.22024 1449.529
0.570 0.10555 53.75351 1.12577 5.67389 0.36096 0.02554 0.39289 0.22061 1450.612
0.575 0.10523 53.98047 1.12703 5.68022 0.36084 0.02564 0.39255 0.22097 1451.700
0.580 0.10490 54.20918 1.12829 5.68657 0.36072 0.02574 0.39221 0.22134 1452.793
0.585 0.10457 54.43965 1.12955 5.69293 0.36059 0.02583 0.39187 0.22171 1453.891
0.590 0.10425 54.67190 1.13082 5.69931 0.36047 0.02593 0.39153 0.22207 1454.994
0.595 0.10392 54.90596 1.13208 5.70570 0.36034 0.02603 0.39118 0.22244 1456.102
0.600 0.10359 55.14184 1.13335 5.71211 0.36022 0.02613 0.39084 0.22281 1457.215
0.605 0.10326 55.37957 1.13463 5.71853 0.36009 0.02623 0.39050 0.22318 1458.334
0.610 0.10293 55.61915 1.13591 5.72497 0.35997 0.02633 0.39016 0.22355 1459.458
0.615 0.10260 55.86063 1.13719 5.73142 0.35984 0.02643 0.38981 0.22391 1460.587
0.620 0.10227 56.10400 1.13847 5.73788 0.35971 0.02653 0.38947 0.22428 1461.722
0.625 0.10194 56.34931 1.13976 5.74437 0.35959 0.02663 0.38913 0.22465 1462.862
0.630 0.10161 56.59656 1.14104 5.75086 0.35946 0.02673 0.38879 0.22502 1464.007
0.635 0.10128 56.84579 1.14234 5.75737 0.35933 0.02683 0.38844 0.22539 1465.158
0.640 0.10095 57.09701 1.14363 5.76390 0.35920 0.02694 0.38810 0.22576 1466.314
0.645 0.10062 57.35024 1.14493 5.77044 0.35907 0.02704 0.38775 0.22613 1467.476
0.650 0.10029 57.60552 1.14623 5.77700 0.35894 0.02714 0.38741 0.22651 1468.643
0.655 0.09995 57.86286 1.14753 5.78357 0.35881 0.02724 0.38707 0.22688 1469.817
0.660 0.09962 58.12228 1.14884 5.79016 0.35868 0.02735 0.38672 0.22725 1470.995
0.665 0.09929 58.38382 1.15015 5.79676 0.35855 0.02745 0.38638 0.22762 1472.180
0.670 0.09895 58.64749 1.15146 5.80338 0.35842 0.02756 0.38603 0.22799 1473.370
0.675 0.09862 58.91332 1.15278 5.81001 0.35829 0.02766 0.38569 0.22837 1474.566
0.680 0.09829 59.18133 1.15410 5.81666 0.35816 0.02776 0.38534 0.22874 1475.769
0.685 0.09795 59.45156 1.15542 5.82332 0.35803 0.02787 0.38499 0.22911 1476.977
0.690 0.09762 59.72402 1.15675 5.83000 0.35789 0.02798 0.38465 0.22948 1478.191
0.695 0.09728 59.99875 1.15808 5.83670 0.35776 0.02808 0.38430 0.22986 1479.411
0.700 0.09694 60.27576 1.15941 5.84341 0.35763 0.02819 0.38396 0.23023 1480.637
0.705 0.09661 60.55510 1.16074 5.85014 0.35749 0.02829 0.38361 0.23061 1481.869
0.710 0.09627 60.83678 1.16208 5.85688 0.35736 0.02840 0.38326 0.23098 1483.107
0.715 0.09594 61.12083 1.16342 5.86364 0.35722 0.02851 0.38292 0.23136 1484.352
0.720 0.09560 61.40728 1.16477 5.87042 0.35709 0.02862 0.38257 0.23173 1485.603
0.725 0.09526 61.69617 1.16611 5.87721 0.35695 0.02872 0.38222 0.23211 1486.861
0.730 0.09492 61.98751 1.16746 5.88401 0.35681 0.02883 0.38187 0.23248 1488.124
0.735 0.09458 62.28134 1.16882 5.89084 0.35668 0.02894 0.38152 0.23286 1489.395
0.740 0.09425 62.57770 1.17017 5.89767 0.35654 0.02905 0.38118 0.23323 1490.671
0.745 0.09391 62.87660 1.17153 5.90453 0.35640 0.02916 0.38083 0.23361 1491.955
0.750 0.09357 63.17809 1.17290 5.91140 0.35626 0.02927 0.38048 0.23399 1493.245
0.755 0.09323 63.48219 1.17426 5.91829 0.35612 0.02938 0.38013 0.23437 1494.541
0.760 0.09289 63.78893 1.17563 5.92519 0.35598 0.02949 0.37978 0.23474 1495.845
0.765 0.09255 64.09836 1.17701 5.93211 0.35584 0.02960 0.37943 0.23512 1497.155
0.770 0.09221 64.41050 1.17838 5.93905 0.35570 0.02971 0.37908 0.23550 1498.472
0.775 0.09187 64.72538 1.17976 5.94600 0.35556 0.02982 0.37873 0.23588 1499.796
0.780 0.09152 65.04304 1.18115 5.95297 0.35542 0.02994 0.37838 0.23626 1501.127
0.785 0.09118 65.36352 1.18253 5.95996 0.35528 0.03005 0.37803 0.23663 1502.465
0.790 0.09084 65.68685 1.18392 5.96696 0.35514 0.03016 0.37768 0.23701 1503.810
0.795 0.09050 66.01307 1.18531 5.97398 0.35500 0.03028 0.37733 0.23739 1505.163
0.800 0.09015 66.34221 1.18671 5.98102 0.35486 0.03039 0.37698 0.23777 1506.523
0.805 0.08981 66.67431 1.18811 5.98807 0.35471 0.03050 0.37663 0.23815 1507.890
0.810 0.08947 67.00941 1.18951 5.99514 0.35457 0.03062 0.37628 0.23853 1509.264
0.815 0.08912 67.34755 1.19092 6.00222 0.35442 0.03073 0.37593 0.23891 1510.646
0.820 0.08878 67.68876 1.19233 6.00933 0.35428 0.03085 0.37558 0.23929 1512.035
0.825 0.08843 68.03310 1.19374 6.01645 0.35413 0.03096 0.37523 0.23967 1513.432
0.830 0.08809 68.38058 1.19516 6.02359 0.35399 0.03108 0.37488 0.24006 1514.837
0.835 0.08774 68.73127 1.19658 6.03074 0.35384 0.03120 0.37452 0.24044 1516.249
0.840 0.08740 69.08520 1.19800 6.03791 0.35370 0.03131 0.37417 0.24082 1517.669
0.845 0.08705 69.44241 1.19942 6.04510 0.35355 0.03143 0.37382 0.24120 1519.097
0.850 0.08671 69.80294 1.20085 6.05231 0.35340 0.03155 0.37347 0.24158 1520.533
0.855 0.08636 70.16685 1.20229 6.05953 0.35326 0.03167 0.37311 0.24197 1521.978
0.860 0.08601 70.53417 1.20372 6.06677 0.35311 0.03178 0.37276 0.24235 1523.430
0.865 0.08566 70.90495 1.20516 6.07403 0.35296 0.03190 0.37241 0.24273 1524.890
0.870 0.08532 71.27923 1.20661 6.08131 0.35281 0.03202 0.37205 0.24311 1526.359
0.875 0.08497 71.65707 1.20806 6.08860 0.35266 0.03214 0.37170 0.24350 1527.836
0.880 0.08462 72.03852 1.20951 6.09591 0.35251 0.03226 0.37135 0.24388 1529.321
0.885 0.08427 72.42361 1.21096 6.10324 0.35236 0.03238 0.37099 0.24427 1530.815
0.890 0.08392 72.81241 1.21242 6.11059 0.35221 0.03250 0.37064 0.24465 1532.318
0.895 0.08357 73.20495 1.21388 6.11795 0.35206 0.03262 0.37028 0.24504 1533.829
0.900 0.08322 73.60130 1.21534 6.12533 0.35191 0.03275 0.36993 0.24542 1535.349
0.905 0.08287 74.00150 1.21681 6.13273 0.35175 0.03287 0.36957 0.24580 1536.877
0.910 0.08252 74.40561 1.21828 6.14015 0.35160 0.03299 0.36922 0.24619 1538.415
0.915 0.08217 74.81368 1.21976 6.14758 0.35145 0.03311 0.36886 0.24658 1539.962
0.920 0.08182 75.22577 1.22124 6.15504 0.35130 0.03324 0.36851 0.24696 1541.518
0.925 0.08147 75.64194 1.22272 6.16251 0.35114 0.03336 0.36815 0.24735 1543.083
0.930 0.08112 76.06223 1.22421 6.17000 0.35099 0.03348 0.36780 0.24773 1544.657
0.935 0.08077 76.48671 1.22570 6.17751 0.35083 0.03361 0.36744 0.24812 1546.241
0.940 0.08041 76.91545 1.22719 6.18503 0.35068 0.03373 0.36708 0.24851 1547.834
0.945 0.08006 77.34849 1.22869 6.19258 0.35052 0.03386 0.36673 0.24889 1549.437
0.950 0.07971 77.78590 1.23019 6.20014 0.35037 0.03398 0.36637 0.24928 1551.050
0.955 0.07935 78.22774 1.23169 6.20772 0.35021 0.03411 0.36601 0.24967 1552.672
0.960 0.07900 78.67409 1.23320 6.21532 0.35005 0.03424 0.36566 0.25006 1554.304
0.965 0.07865 79.12499 1.23471 6.22294 0.34989 0.03436 0.36530 0.25044 1555.946
0.970 0.07829 79.58052 1.23623 6.23058 0.34974 0.03449 0.36494 0.25083 1557.599
0.975 0.07794 80.04075 1.23775 6.23824 0.34958 0.03462 0.36458 0.25122 1559.261
0.980 0.07758 80.50574 1.23927 6.24591 0.34942 0.03475 0.36423 0.25161 1560.934
0.985 0.07723 80.97556 1.24079 6.25361 0.34926 0.03487 0.36387 0.25200 1562.617
0.990 0.07687 81.45030 1.24232 6.26132 0.34910 0.03500 0.36351 0.25239 1564.311
0.995 0.07652 81.93001 1.24386 6.26905 0.34894 0.03513 0.36315 0.25278 1566.015
1.000 0.07616 82.41477 1.24540 6.27680 0.34878 0.03526 0.36279 0.25317 1567.730
1.005 0.07580 82.90466 1.24694 6.28457 0.34862 0.03539 0.36243 0.25356 1569.456
1.010 0.07545 83.39975 1.24848 6.29236 0.34846 0.03552 0.36207 0.25394 1571.193
1.015 0.07509 83.90013 1.25003 6.30017 0.34829 0.03565 0.36172 0.25433 1572.941
1.020 0.07473 84.40587 1.25159 6.30799 0.34813 0.03579 0.36136 0.25473 1574.700
1.025 0.07438 84.91706 1.25314 6.31584 0.34797 0.03592 0.36100 0.25512 1576.471
1.030 0.07402 85.43377 1.25470 6.32371 0.34781 0.03605 0.36064 0.25551 1578.253
1.035 0.07366 85.95610 1.25627 6.33159 0.34764 0.03618 0.36028 0.25590 1580.046
1.040 0.07330 86.48413 1.25784 6.33950 0.34748 0.03632 0.35992 0.25629 1581.851
1.045 0.07294 87.01794 1.25941 6.34742 0.34731 0.03645 0.35956 0.25668 1583.669
1.050 0.07258 87.55764 1.26098 6.35536 0.34715 0.03659 0.35920 0.25707 1585.498
1.055 0.07223 88.10330 1.26256 6.36333 0.34698 0.03672 0.35883 0.25746 1587.339
1.060 0.07187 88.65502 1.26415 6.37131 0.34682 0.03685 0.35847 0.25786 1589.193
1.065 0.07151 89.21291 1.26574 6.37931 0.34665 0.03699 0.35811 0.25825 1591.058
1.070 0.07115 89.77705 1.26733 6.38734 0.34648 0.03713 0.35775 0.25864 1592.937
1.075 0.07079 90.34754 1.26892 6.39538 0.34632 0.03726 0.35739 0.25903 1594.828
1.080 0.07043 90.92449 1.27052 6.40344 0.34615 0.03740 0.35703 0.25942 1596.732
1.085 0.07007 91.50801 1.27213 6.41153 0.34598 0.03754 0.35667 0.25982 1598.649
1.090 0.06970 92.09818 1.27374 6.41963 0.34581 0.03767 0.35630 0.26021 1600.579
1.095 0.06934 92.69514 1.27535 6.42775 0.34564 0.03781 0.35594 0.26060 1602.522
1.100 0.06898 93.29898 1.27696 6.43590 0.34547 0.03795 0.35558 0.26100 1604.478
1.105 0.06862 93.90981 1.27858 6.44406 0.34530 0.03809 0.35522 0.26139 1606.449
1.110 0.06826 94.52776 1.28021 6.45224 0.34513 0.03823 0.35485 0.26179 1608.433
1.115 0.06790 95.15293 1.28183 6.46045 0.34496 0.03837 0.35449 0.26218 1610.431
1.120 0.06753 95.78546 1.28347 6.46867 0.34479 0.03851 0.35413 0.26257 1612.442
1.125 0.06717 96.42546 1.28510 6.47692 0.34462 0.03865 0.35377 0.26297 1614.469
1.130 0.06681 97.07305 1.28674 6.48519 0.34444 0.03879 0.35340 0.26336 1616.509
1.135 0.06644 97.72836 1.28839 6.49347 0.34427 0.03893 0.35304 0.26376 1618.564
1.140 0.06608 98.39154 1.29004 6.50178 0.34410 0.03908 0.35267 0.26415 1620.634
1.145 0.06572 99.06270 1.29169 6.51011 0.34392 0.03922 0.35231 0.26455 1622.719
1.150 0.06535 99.74198 1.29335 6.51846 0.34375 0.03936 0.35195 0.26494 1624.819
1.155 0.06499 100.42953 1.29501 6.52683 0.34357 0.03951 0.35158 0.26534 1626.934
1.160 0.06462 101.12548 1.29667 6.53522 0.34340 0.03965 0.35122 0.26573 1629.065
1.165 0.06426 101.82998 1.29834 6.54364 0.34322 0.03979 0.35085 0.26613 1631.211
1.170 0.06390 102.54319 1.30001 6.55207 0.34305 0.03994 0.35049 0.26653 1633.374
1.175 0.06353 103.26524 1.30169 6.56053 0.34287 0.04008 0.35012 0.26692 1635.552
1.180 0.06317 103.99630 1.30337 6.56900 0.34269 0.04023 0.34976 0.26732 1637.746
1.185 0.06280 104.73653 1.30506 6.57750 0.34252 0.04038 0.34939 0.26771 1639.958
1.190 0.06243 105.48609 1.30675 6.58602 0.34234 0.04052 0.34903 0.26811 1642.185
1.195 0.06207 106.24515 1.30845 6.59456 0.34216 0.04067 0.34866 0.26851 1644.430
1.200 0.06170 107.01387 1.31014 6.60313 0.34198 0.04082 0.34829 0.26891 1646.692
1.205 0.06134 107.79243 1.31185 6.61171 0.34180 0.04097 0.34793 0.26930 1648.971
1.210 0.06097 108.58100 1.31356 6.62032 0.34162 0.04112 0.34756 0.26970 1651.268
1.215 0.06060 109.37978 1.31527 6.62895 0.34144 0.04127 0.34720 0.27010 1653.582
1.220 0.06024 110.18895 1.31698 6.63760 0.34126 0.04141 0.34683 0.27049 1655.915
1.225 0.05987 111.00869 1.31870 6.64627 0.34108 0.04156 0.34646 0.27089 1658.266
1.230 0.05950 111.83920 1.32043 6.65497 0.34090 0.04172 0.34609 0.27129 1660.635
1.235 0.05914 112.68069 1.32216 6.66368 0.34072 0.04187 0.34573 0.27169 1663.023
1.240 0.05877 113.53336 1.32389 6.67242 0.34053 0.04202 0.34536 0.27209 1665.430
1.245 0.05840 114.39742 1.32563 6.68118 0.34035 0.04217 0.34499 0.27248 1667.857
1.250 0.05804 115.27308 1.32737 6.68997 0.34017 0.04232 0.34463 0.27288 1670.303
1.255 0.05767 116.16056 1.32912 6.69877 0.33998 0.04248 0.34426 0.27328 1672.768
1.260 0.05730 117.06010 1.33087 6.70760 0.33980 0.04263 0.34389 0.27368 1675.254
1.265 0.05693 117.97191 1.33263 6.71645 0.33962 0.04278 0.34352 0.27408 1677.760
1.270 0.05656 118.89624 1.33439 6.72533 0.33943 0.04294 0.34315 0.27448 1680.287
1.275 0.05620 119.83334 1.33616 6.73422 0.33925 0.04309 0.34278 0.27488 1682.835
1.280 0.05583 120.78344 1.33792 6.74314 0.33906 0.04325 0.34242 0.27528 1685.403
1.285 0.05546 121.74680 1.33970 6.75208 0.33887 0.04340 0.34205 0.27568 1687.994
1.290 0.05509 122.72369 1.34148 6.76105 0.33869 0.04356 0.34168 0.27608 1690.606
1.295 0.05472 123.71438 1.34326 6.77004 0.33850 0.04372 0.34131 0.27648 1693.240
1.300 0.05435 124.71914 1.34505 6.77905 0.33831 0.04388 0.34094 0.27688 1695.897
1.305 0.05399 125.73824 1.34684 6.78808 0.33812 0.04403 0.34057 0.27727 1698.576
1.310 0.05362 126.77199 1.34864 6.79714 0.33793 0.04419 0.34020 0.27767 1701.279
1.315 0.05325 127.82068 1.35044 6.80622 0.33774 0.04435 0.33983 0.27808 1704.005
1.320 0.05288 128.88460 1.35225 6.81533 0.33755 0.04451 0.33946 0.27848 1706.754
1.325 0.05251 129.96409 1.35406 6.82445 0.33736 0.04467 0.33909 0.27888 1709.528
1.330 0.05214 131.05945 1.35587 6.83360 0.33717 0.04483 0.33872 0.27928 1712.327
1.335 0.05177 132.17101 1.35769 6.84278 0.33698 0.04499 0.33835 0.27968 1715.150
1.340 0.05140 133.29912 1.35952 6.85198 0.33679 0.04515 0.33798 0.28008 1717.998
1.345 0.05103 134.44412 1.36135 6.86120 0.33660 0.04531 0.33761 0.28048 1720.872
1.350 0.05066 135.60637 1.36318 6.87045 0.33641 0.04548 0.33724 0.28088 1723.772
1.355 0.05030 136.78624 1.36502 6.87972 0.33621 0.04564 0.33687 0.28128 1726.698
1.360 0.04993 137.98410 1.36687 6.88901 0.33602 0.04580 0.33650 0.28168 1729.651
1.365 0.04956 139.20033 1.36872 6.89833 0.33583 0.04597 0.33612 0.28208 1732.631
1.370 0.04919 140.43535 1.37057 6.90767 0.33563 0.04613 0.33575 0.28248 1735.639
1.375 0.04882 141.68954 1.37243 6.91704 0.33544 0.04630 0.33538 0.28288 1738.675
1.380 0.04845 142.96335 1.37429 6.92643 0.33524 0.04646 0.33501 0.28329 1741.739
1.385 0.04808 144.25719 1.37616 6.93585 0.33505 0.04663 0.33464 0.28369 1744.832
1.390 0.04771 145.57151 1.37803 6.94529 0.33485 0.04679 0.33426 0.28409 1747.955
1.395 0.04734 146.90678 1.37991 6.95476 0.33465 0.04696 0.33389 0.28449 1751.108
1.400 0.04697 148.26345 1.38179 6.96425 0.33446 0.04713 0.33352 0.28489 1754.290
1.405 0.04660 149.64201 1.38368 6.97376 0.33426 0.04730 0.33315 0.28529 1757.504
1.410 0.04623 151.04297 1.38558 6.98330 0.33406 0.04747 0.33277 0.28570 1760.749
1.415 0.04586 152.46683 1.38747 6.99286 0.33386 0.04764 0.33240 0.28610 1764.026
1.420 0.04550 153.91412 1.38938 7.00245 0.33367 0.04780 0.33203 0.28650 1767.335
1.425 0.04513 155.38539 1.39128 7.01207 0.33347 0.04797 0.33166 0.28690 1770.678
1.430 0.04476 156.88119 1.39320 7.02171 0.33327 0.04815 0.33128 0.28731 1774.053
1.435 0.04439 158.40210 1.39511 7.03137 0.33307 0.04832 0.33091 0.28771 1777.463
1.440 0.04402 159.94872 1.39704 7.04106 0.33287 0.04849 0.33053 0.28811 1780.907
1.445 0.04365 161.52165 1.39896 7.05078 0.33267 0.04866 0.33016 0.28851 1784.387
1.450 0.04328 163.12152 1.40090 7.06052 0.33246 0.04883 0.32979 0.28892 1787.902
1.455 0.04292 164.74899 1.40284 7.07029 0.33226 0.04901 0.32941 0.28932 1791.454
1.460 0.04255 166.40473 1.40478 7.08008 0.33206 0.04918 0.32904 0.28972 1795.043
1.465 0.04218 168.08943 1.40673 7.08990 0.33186 0.04936 0.32866 0.29012 1798.670
1.470 0.04181 169.80380 1.40868 7.09974 0.33165 0.04953 0.32829 0.29053 1802.335
1.475 0.04144 171.54857 1.41064 7.10962 0.33145 0.04971 0.32792 0.29093 1806.039
1.480 0.04108 173.32450 1.41260 7.11951 0.33125 0.04988 0.32754 0.29133 1809.783
1.485 0.04071 175.13239 1.41457 7.12943 0.33104 0.05006 0.32717 0.29174 1813.567
1.490 0.04034 176.97303 1.41654 7.13938 0.33084 0.05023 0.32679 0.29214 1817.393
1.495 0.03997 178.84726 1.41852 7.14936 0.33063 0.05041 0.32642 0.29254 1821.260
1.500 0.03961 180.75595 1.42051 7.15936 0.33042 0.05059 0.32604 0.29294 1825.171
1.505 0.03924 182.69998 1.42250 7.16939 0.33022 0.05077 0.32566 0.29335 1829.125
