timeGa Urey Qt heat/H0 heatTW 1HPE 2HPE 3HPE 4HPE TempC
0.000 0.86000 104.92925 1.00000 90.23915 0.14715 0.29649 0.10464 0.45172 1800.000
0.005 0.85755 104.92925 0.99715 89.98213 0.14746 0.29588 0.10491 0.45175 1799.663
0.010 0.85556 104.87458 0.99431 89.72607 0.14776 0.29526 0.10519 0.45179 1799.322
0.015 0.85357 104.81919 0.99149 89.47097 0.14807 0.29465 0.10546 0.45182 1798.976
0.020 0.85161 104.76308 0.98867 89.21683 0.14838 0.29404 0.10573 0.45185 1798.626
0.025 0.84965 104.70626 0.98587 88.96365 0.14868 0.29343 0.10601 0.45188 1798.272
0.030 0.84771 104.64874 0.98307 88.71141 0.14899 0.29281 0.10628 0.45191 1797.913
0.035 0.84578 104.59053 0.98029 88.46013 0.14930 0.29220 0.10656 0.45194 1797.549
0.040 0.84386 104.53162 0.97751 88.20979 0.14960 0.29159 0.10684 0.45197 1797.182
0.045 0.84195 104.47203 0.97475 87.96039 0.14991 0.29098 0.10711 0.45199 1796.810
0.050 0.84006 104.41177 0.97199 87.71192 0.15022 0.29037 0.10739 0.45202 1796.433
0.055 0.83818 104.35084 0.96925 87.46439 0.15053 0.28976 0.10767 0.45204 1796.053
0.060 0.83631 104.28924 0.96652 87.21778 0.15084 0.28916 0.10794 0.45206 1795.668
0.065 0.83445 104.22699 0.96380 86.97210 0.15115 0.28855 0.10822 0.45208 1795.280
0.070 0.83260 104.16408 0.96108 86.72733 0.15146 0.28794 0.10850 0.45210 1794.887
0.075 0.83077 104.10053 0.95838 86.48349 0.15177 0.28733 0.10878 0.45212 1794.490
0.080 0.82895 104.03635 0.95569 86.24055 0.15208 0.28673 0.10906 0.45214 1794.089
0.085 0.82714 103.97153 0.95301 85.99852 0.15239 0.28612 0.10934 0.45215 1793.684
0.090 0.82534 103.90609 0.95033 85.75740 0.15270 0.28552 0.10962 0.45217 1793.276
0.095 0.82355 103.84002 0.94767 85.51718 0.15301 0.28491 0.10990 0.45218 1792.863
0.100 0.82177 103.77335 0.94502 85.27786 0.15332 0.28431 0.11018 0.45219 1792.446
0.105 0.82000 103.70606 0.94238 85.03943 0.15363 0.28371 0.11046 0.45221 1792.026
0.110 0.81825 103.63818 0.93975 84.80189 0.15394 0.28310 0.11074 0.45222 1791.602
0.115 0.81651 103.56970 0.93712 84.56523 0.15425 0.28250 0.11103 0.45222 1791.173
0.120 0.81477 103.50063 0.93451 84.32946 0.15456 0.28190 0.11131 0.45223 1790.742
0.125 0.81305 103.43098 0.93191 84.09457 0.15487 0.28130 0.11159 0.45224 1790.306
0.130 0.81134 103.36075 0.92931 83.86055 0.15518 0.28070 0.11188 0.45224 1789.867
0.135 0.80964 103.28995 0.92673 83.62740 0.15550 0.28010 0.11216 0.45225 1789.424
0.140 0.80795 103.21859 0.92416 83.39513 0.15581 0.27950 0.11245 0.45225 1788.977
0.145 0.80627 103.14666 0.92159 83.16371 0.15612 0.27890 0.11273 0.45225 1788.527
0.150 0.80460 103.07418 0.91904 82.93316 0.15643 0.27830 0.11302 0.45225 1788.074
0.155 0.80294 103.00115 0.91649 82.70346 0.15675 0.27770 0.11330 0.45225 1787.616
0.160 0.80129 102.92758 0.91396 82.47462 0.15706 0.27710 0.11359 0.45225 1787.156
0.165 0.79965 102.85348 0.91143 82.24662 0.15737 0.27651 0.11387 0.45225 1786.691
0.170 0.79802 102.77884 0.90891 82.01948 0.15769 0.27591 0.11416 0.45224 1786.224
0.175 0.79640 102.70367 0.90640 81.79317 0.15800 0.27531 0.11445 0.45224 1785.753
0.180 0.79479 102.62799 0.90391 81.56771 0.15831 0.27472 0.11474 0.45223 1785.278
0.185 0.79319 102.55179 0.90142 81.34308 0.15863 0.27412 0.11503 0.45222 1784.801
0.190 0.79160 102.47508 0.89894 81.11928 0.15894 0.27353 0.11531 0.45221 1784.320
0.195 0.79002 102.39787 0.89647 80.89631 0.15926 0.27294 0.11560 0.45220 1783.835
0.200 0.78845 102.32016 0.89400 80.67417 0.15957 0.27234 0.11589 0.45219 1783.348
0.205 0.78689 102.24196 0.89155 80.45285 0.15989 0.27175 0.11618 0.45218 1782.857
0.210 0.78533 102.16327 0.88911 80.23235 0.16020 0.27116 0.11647 0.45217 1782.363
0.215 0.78379 102.08409 0.88667 80.01266 0.16052 0.27057 0.11676 0.45215 1781.866
0.220 0.78226 102.00444 0.88425 79.79379 0.16083 0.26998 0.11706 0.45213 1781.365
0.225 0.78073 101.92432 0.88183 79.57572 0.16115 0.26939 0.11735 0.45212 1780.862
0.230 0.77922 101.84373 0.87942 79.35846 0.16147 0.26880 0.11764 0.45210 1780.355
0.235 0.77771 101.76268 0.87703 79.14201 0.16178 0.26821 0.11793 0.45208 1779.846
0.240 0.77621 101.68118 0.87464 78.92635 0.16210 0.26762 0.11823 0.45206 1779.333
0.245 0.77473 101.59922 0.87225 78.71148 0.16241 0.26703 0.11852 0.45204 1778.818
0.250 0.77325 101.51682 0.86988 78.49741 0.16273 0.26644 0.11881 0.45201 1778.299
0.255 0.77177 101.43397 0.86752 78.28413 0.16305 0.26586 0.11911 0.45199 1777.778
0.260 0.77031 101.35069 0.86516 78.07163 0.16337 0.26527 0.11940 0.45196 1777.253
0.265 0.76886 101.26698 0.86282 77.85991 0.16368 0.26469 0.11970 0.45194 1776.726
0.270 0.76741 101.18284 0.86048 77.64898 0.16400 0.26410 0.11999 0.45191 1776.196
0.275 0.76598 101.09828 0.85815 77.43882 0.16432 0.26352 0.12029 0.45188 1775.663
0.280 0.76455 101.01330 0.85583 77.22943 0.16464 0.26293 0.12058 0.45185 1775.127
0.285 0.76313 100.92792 0.85352 77.02081 0.16495 0.26235 0.12088 0.45182 1774.589
0.290 0.76172 100.84212 0.85122 76.81296 0.16527 0.26177 0.12118 0.45178 1774.047
0.295 0.76031 100.75592 0.84892 76.60587 0.16559 0.26118 0.12148 0.45175 1773.503
0.300 0.75892 100.66933 0.84663 76.39954 0.16591 0.26060 0.12177 0.45171 1772.957
0.305 0.75753 100.58234 0.84436 76.19397 0.16623 0.26002 0.12207 0.45168 1772.407
0.310 0.75615 100.49497 0.84209 75.98915 0.16655 0.25944 0.12237 0.45164 1771.855
0.315 0.75478 100.40721 0.83982 75.78508 0.16687 0.25886 0.12267 0.45160 1771.301
0.320 0.75341 100.31907 0.83757 75.58176 0.16718 0.25828 0.12297 0.45156 1770.744
0.325 0.75206 100.23056 0.83533 75.37919 0.16750 0.25771 0.12327 0.45152 1770.184
0.330 0.75071 100.14168 0.83309 75.17735 0.16782 0.25713 0.12357 0.45148 1769.621
0.335 0.74937 100.05244 0.83086 74.97626 0.16814 0.25655 0.12387 0.45143 1769.057
0.340 0.74804 99.96283 0.82864 74.77590 0.16846 0.25598 0.12417 0.45139 1768.489
0.345 0.74671 99.87287 0.82643 74.57627 0.16878 0.25540 0.12447 0.45134 1767.919
0.350 0.74539 99.78255 0.82423 74.37737 0.16910 0.25482 0.12478 0.45130 1767.347
0.355 0.74408 99.69189 0.82203 74.17920 0.16942 0.25425 0.12508 0.45125 1766.772
0.360 0.74278 99.60089 0.81984 73.98175 0.16975 0.25368 0.12538 0.45120 1766.195
0.365 0.74149 99.50954 0.81766 73.78502 0.17007 0.25310 0.12568 0.45115 1765.616
0.370 0.74020 99.41786 0.81549 73.58901 0.17039 0.25253 0.12599 0.45110 1765.034
0.375 0.73892 99.32586 0.81332 73.39371 0.17071 0.25196 0.12629 0.45104 1764.450
0.380 0.73765 99.23352 0.81117 73.19912 0.17103 0.25139 0.12660 0.45099 1763.863
0.385 0.73638 99.14087 0.80902 73.00525 0.17135 0.25082 0.12690 0.45093 1763.275
0.390 0.73512 99.04789 0.80688 72.81208 0.17167 0.25025 0.12721 0.45088 1762.684
0.395 0.73387 98.95461 0.80475 72.61961 0.17199 0.24968 0.12751 0.45082 1762.091
0.400 0.73262 98.86101 0.80262 72.42784 0.17232 0.24911 0.12782 0.45076 1761.495
0.405 0.73138 98.76711 0.80050 72.23677 0.17264 0.24854 0.12812 0.45070 1760.898
0.410 0.73015 98.67291 0.79839 72.04639 0.17296 0.24797 0.12843 0.45064 1760.298
0.415 0.72893 98.57841 0.79629 71.85671 0.17328 0.24741 0.12874 0.45058 1759.696
0.420 0.72771 98.48361 0.79420 71.66771 0.17360 0.24684 0.12904 0.45051 1759.092
0.425 0.72650 98.38853 0.79211 71.47940 0.17393 0.24627 0.12935 0.45045 1758.486
0.430 0.72530 98.29316 0.79003 71.29177 0.17425 0.24571 0.12966 0.45038 1757.877
0.435 0.72410 98.19751 0.78796 71.10482 0.17457 0.24514 0.12997 0.45031 1757.267
0.440 0.72291 98.10159 0.78590 70.91855 0.17489 0.24458 0.13028 0.45025 1756.655
0.445 0.72173 98.00539 0.78384 70.73296 0.17522 0.24402 0.13059 0.45018 1756.040
0.450 0.72055 97.90892 0.78179 70.54803 0.17554 0.24346 0.13090 0.45011 1755.424
0.455 0.71938 97.81218 0.77975 70.36378 0.17586 0.24289 0.13121 0.45003 1754.806
0.460 0.71821 97.71518 0.77771 70.18019 0.17619 0.24233 0.13152 0.44996 1754.186
0.465 0.71705 97.61793 0.77569 69.99726 0.17651 0.24177 0.13183 0.44989 1753.563
0.470 0.71590 97.52042 0.77367 69.81500 0.17683 0.24121 0.13214 0.44981 1752.939
0.475 0.71476 97.42265 0.77165 69.63339 0.17716 0.24065 0.13245 0.44973 1752.313
0.480 0.71362 97.32464 0.76965 69.45244 0.17748 0.24009 0.13277 0.44966 1751.686
0.485 0.71248 97.22639 0.76765 69.27215 0.17781 0.23954 0.13308 0.44958 1751.056
0.490 0.71136 97.12790 0.76566 69.09250 0.17813 0.23898 0.13339 0.44950 1750.424
0.495 0.71023 97.02917 0.76368 68.91350 0.17846 0.23842 0.13370 0.44942 1749.791
0.500 0.70912 96.93020 0.76170 68.73515 0.17878 0.23787 0.13402 0.44933 1749.156
0.505 0.70801 96.83101 0.75973 68.55744 0.17910 0.23731 0.13433 0.44925 1748.519
0.510 0.70691 96.73159 0.75777 68.38036 0.17943 0.23676 0.13465 0.44916 1747.880
0.515 0.70581 96.63195 0.75581 68.20393 0.17975 0.23620 0.13496 0.44908 1747.240
0.520 0.70472 96.53209 0.75386 68.02813 0.18008 0.23565 0.13528 0.44899 1746.598
0.525 0.70364 96.43201 0.75192 67.85296 0.18040 0.23510 0.13559 0.44890 1745.954
0.530 0.70256 96.33172 0.74999 67.67842 0.18073 0.23455 0.13591 0.44881 1745.309
0.535 0.70148 96.23122 0.74806 67.50451 0.18105 0.23400 0.13623 0.44872 1744.662
0.540 0.70041 96.13052 0.74614 67.33122 0.18138 0.23345 0.13654 0.44863 1744.013
0.545 0.69935 96.02962 0.74423 67.15855 0.18171 0.23290 0.13686 0.44854 1743.363
0.550 0.69830 95.92851 0.74232 66.98651 0.18203 0.23235 0.13718 0.44844 1742.711
0.555 0.69725 95.82721 0.74042 66.81508 0.18236 0.23180 0.13750 0.44835 1742.057
0.560 0.69620 95.72572 0.73853 66.64426 0.18268 0.23125 0.13781 0.44825 1741.402
0.565 0.69516 95.62403 0.73664 66.47406 0.18301 0.23071 0.13813 0.44816 1740.745
0.570 0.69413 95.52217 0.73476 66.30446 0.18333 0.23016 0.13845 0.44806 1740.087
0.575 0.69310 95.42011 0.73289 66.13547 0.18366 0.22961 0.13877 0.44796 1739.428
0.580 0.69207 95.31788 0.73103 65.96709 0.18399 0.22907 0.13909 0.44786 1738.766
0.585 0.69106 95.21548 0.72917 65.79931 0.18431 0.22852 0.13941 0.44775 1738.104
0.590 0.69004 95.11289 0.72731 65.63213 0.18464 0.22798 0.13973 0.44765 1737.440
0.595 0.68904 95.01014 0.72547 65.46554 0.18497 0.22744 0.14005 0.44754 1736.774
0.600 0.68804 94.90722 0.72363 65.29955 0.18529 0.22690 0.14037 0.44744 1736.107
0.605 0.68704 94.80414 0.72179 65.13415 0.18562 0.22635 0.14069 0.44733 1735.439
0.610 0.68605 94.70089 0.71997 64.96934 0.18594 0.22581 0.14102 0.44722 1734.769
0.615 0.68506 94.59749 0.71815 64.80512 0.18627 0.22527 0.14134 0.44712 1734.098
0.620 0.68408 94.49393 0.71634 64.64148 0.18660 0.22473 0.14166 0.44700 1733.426
0.625 0.68311 94.39022 0.71453 64.47843 0.18693 0.22420 0.14198 0.44689 1732.752
0.630 0.68213 94.28635 0.71273 64.31596 0.18725 0.22366 0.14231 0.44678 1732.077
0.635 0.68117 94.18235 0.71093 64.15406 0.18758 0.22312 0.14263 0.44667 1731.400
0.640 0.68021 94.07819 0.70915 63.99274 0.18791 0.22258 0.14296 0.44655 1730.723
0.645 0.67925 93.97390 0.70736 63.83200 0.18823 0.22205 0.14328 0.44644 1730.044
0.650 0.67830 93.86947 0.70559 63.67182 0.18856 0.22151 0.14361 0.44632 1729.364
0.655 0.67736 93.76490 0.70382 63.51221 0.18889 0.22098 0.14393 0.44620 1728.682
0.660 0.67642 93.66020 0.70206 63.35317 0.18922 0.22045 0.14426 0.44608 1727.999
0.665 0.67548 93.55537 0.70030 63.19470 0.18954 0.21991 0.14458 0.44596 1727.315
0.670 0.67455 93.45041 0.69855 63.03678 0.18987 0.21938 0.14491 0.44584 1726.630
0.675 0.67362 93.34533 0.69681 62.87943 0.19020 0.21885 0.14524 0.44572 1725.944
0.680 0.67270 93.24012 0.69507 62.72263 0.19053 0.21832 0.14556 0.44559 1725.257
0.685 0.67178 93.13480 0.69334 62.56639 0.19085 0.21779 0.14589 0.44547 1724.568
0.690 0.67087 93.02936 0.69161 62.41070 0.19118 0.21726 0.14622 0.44534 1723.878
0.695 0.66996 92.92380 0.68990 62.25556 0.19151 0.21673 0.14655 0.44521 1723.188
0.700 0.66906 92.81814 0.68818 62.10097 0.19184 0.21620 0.14687 0.44508 1722.496
0.705 0.66816 92.71236 0.68648 61.94693 0.19217 0.21568 0.14720 0.44495 1721.803
0.710 0.66727 92.60648 0.68477 61.79343 0.19249 0.21515 0.14753 0.44482 1721.109
0.715 0.66638 92.50050 0.68308 61.64047 0.19282 0.21462 0.14786 0.44469 1720.413
0.720 0.66550 92.39441 0.68139 61.48805 0.19315 0.21410 0.14819 0.44456 1719.717
0.725 0.66462 92.28823 0.67971 61.33617 0.19348 0.21357 0.14852 0.44442 1719.020
0.730 0.66374 92.18195 0.67803 61.18482 0.19381 0.21305 0.14885 0.44429 1718.322
0.735 0.66287 92.07557 0.67636 61.03401 0.19414 0.21253 0.14918 0.44415 1717.623
0.740 0.66200 91.96910 0.67469 60.88373 0.19446 0.21201 0.14951 0.44402 1716.922
0.745 0.66114 91.86255 0.67303 60.73398 0.19479 0.21148 0.14985 0.44388 1716.221
0.750 0.66028 91.75591 0.67138 60.58475 0.19512 0.21096 0.15018 0.44374 1715.519
0.755 0.65943 91.64918 0.66973 60.43605 0.19545 0.21044 0.15051 0.44360 1714.816
0.760 0.65858 91.54237 0.66809 60.28787 0.19578 0.20992 0.15084 0.44345 1714.112
0.765 0.65773 91.43548 0.66645 60.14021 0.19611 0.20941 0.15118 0.44331 1713.407
0.770 0.65689 91.32852 0.66482 59.99308 0.19644 0.20889 0.15151 0.44317 1712.701
0.775 0.65606 91.22148 0.66320 59.84645 0.19676 0.20837 0.15184 0.44302 1711.994
0.780 0.65522 91.11437 0.66158 59.70034 0.19709 0.20785 0.15218 0.44288 1711.287
0.785 0.65440 91.00718 0.65997 59.55475 0.19742 0.20734 0.15251 0.44273 1710.578
0.790 0.65357 90.89993 0.65836 59.40966 0.19775 0.20682 0.15285 0.44258 1709.869
0.795 0.65275 90.79261 0.65676 59.26508 0.19808 0.20631 0.15318 0.44243 1709.159
0.800 0.65194 90.68523 0.65516 59.12101 0.19841 0.20580 0.15352 0.44228 1708.448
0.805 0.65112 90.57779 0.65357 58.97744 0.19874 0.20528 0.15385 0.44213 1707.736
0.810 0.65032 90.47028 0.65198 58.83438 0.19907 0.20477 0.15419 0.44197 1707.023
0.815 0.64951 90.36272 0.65040 58.69181 0.19940 0.20426 0.15452 0.44182 1706.310
0.820 0.64871 90.25511 0.64883 58.54974 0.19972 0.20375 0.15486 0.44166 1705.596
0.825 0.64792 90.14744 0.64726 58.40817 0.20005 0.20324 0.15520 0.44151 1704.881
0.830 0.64713 90.03972 0.64570 58.26709 0.20038 0.20273 0.15553 0.44135 1704.165
0.835 0.64634 89.93195 0.64414 58.12651 0.20071 0.20222 0.15587 0.44119 1703.449
0.840 0.64555 89.82414 0.64259 57.98641 0.20104 0.20172 0.15621 0.44103 1702.731
0.845 0.64477 89.71628 0.64104 57.84680 0.20137 0.20121 0.15655 0.44087 1702.013
0.850 0.64400 89.60837 0.63950 57.70768 0.20170 0.20071 0.15689 0.44071 1701.295
0.855 0.64323 89.50043 0.63796 57.56905 0.20203 0.20020 0.15723 0.44055 1700.576
0.860 0.64246 89.39245 0.63643 57.43089 0.20236 0.19970 0.15756 0.44038 1699.856
0.865 0.64169 89.28443 0.63490 57.29322 0.20269 0.19919 0.15790 0.44022 1699.135
0.870 0.64093 89.17637 0.63338 57.15602 0.20302 0.19869 0.15824 0.44005 1698.414
0.875 0.64018 89.06828 0.63187 57.01930 0.20334 0.19819 0.15858 0.43988 1697.692
0.880 0.63942 88.96016 0.63036 56.88306 0.20367 0.19769 0.15892 0.43972 1696.969
0.885 0.63867 88.85202 0.62885 56.74729 0.20400 0.19719 0.15927 0.43955 1696.246
0.890 0.63793 88.74384 0.62736 56.61199 0.20433 0.19669 0.15961 0.43938 1695.522
0.895 0.63718 88.63564 0.62586 56.47716 0.20466 0.19619 0.15995 0.43920 1694.798
0.900 0.63644 88.52741 0.62437 56.34279 0.20499 0.19569 0.16029 0.43903 1694.073
0.905 0.63571 88.41917 0.62289 56.20890 0.20532 0.19519 0.16063 0.43886 1693.347
0.910 0.63498 88.31090 0.62141 56.07546 0.20565 0.19469 0.16097 0.43868 1692.621
0.915 0.63425 88.20261 0.61994 55.94249 0.20598 0.19420 0.16132 0.43851 1691.895
0.920 0.63353 88.09431 0.61847 55.80998 0.20631 0.19370 0.16166 0.43833 1691.167
0.925 0.63280 87.98599 0.61700 55.67792 0.20664 0.19321 0.16200 0.43815 1690.440
0.930 0.63209 87.87766 0.61555 55.54632 0.20696 0.19271 0.16235 0.43797 1689.711
0.935 0.63137 87.76932 0.61409 55.41518 0.20729 0.19222 0.16269 0.43779 1688.982
0.940 0.63066 87.66097 0.61264 55.28449 0.20762 0.19173 0.16304 0.43761 1688.253
0.945 0.62996 87.55261 0.61120 55.15425 0.20795 0.19124 0.16338 0.43743 1687.523
0.950 0.62925 87.44425 0.60976 55.02445 0.20828 0.19075 0.16372 0.43725 1686.793
0.955 0.62855 87.33588 0.60833 54.89511 0.20861 0.19026 0.16407 0.43706 1686.062
0.960 0.62785 87.22751 0.60690 54.76621 0.20894 0.18977 0.16442 0.43688 1685.331
0.965 0.62716 87.11914 0.60548 54.63776 0.20927 0.18928 0.16476 0.43669 1684.599
0.970 0.62647 87.01076 0.60406 54.50974 0.20960 0.18879 0.16511 0.43650 1683.867
0.975 0.62578 86.90239 0.60264 54.38217 0.20993 0.18831 0.16545 0.43632 1683.135
0.980 0.62510 86.79403 0.60124 54.25503 0.21025 0.18782 0.16580 0.43613 1682.402
0.985 0.62442 86.68567 0.59983 54.12834 0.21058 0.18733 0.16615 0.43593 1681.668
0.990 0.62374 86.57731 0.59843 54.00207 0.21091 0.18685 0.16649 0.43574 1680.935
0.995 0.62307 86.46896 0.59704 53.87625 0.21124 0.18637 0.16684 0.43555 1680.201
1.000 0.62240 86.36063 0.59565 53.75085 0.21157 0.18588 0.16719 0.43536 1679.466
1.005 0.62173 86.25230 0.59426 53.62588 0.21190 0.18540 0.16754 0.43516 1678.731
1.010 0.62107 86.14399 0.59288 53.50134 0.21223 0.18492 0.16789 0.43497 1677.996
1.015 0.62041 86.03569 0.59151 53.37723 0.21256 0.18444 0.16824 0.43477 1677.260
1.020 0.61975 85.92741 0.59014 53.25354 0.21288 0.18396 0.16858 0.43457 1676.524
1.025 0.61910 85.81915 0.58877 53.13028 0.21321 0.18348 0.16893 0.43437 1675.788
1.030 0.61844 85.71090 0.58741 53.00743 0.21354 0.18300 0.16928 0.43417 1675.051
1.035 0.61780 85.60268 0.58605 52.88501 0.21387 0.18252 0.16963 0.43397 1674.314
1.040 0.61715 85.49447 0.58470 52.76300 0.21420 0.18205 0.16998 0.43377 1673.577
1.045 0.61651 85.38629 0.58335 52.64142 0.21453 0.18157 0.17033 0.43357 1672.839
1.050 0.61587 85.27814 0.58201 52.52024 0.21486 0.18110 0.17068 0.43336 1672.101
1.055 0.61523 85.17001 0.58067 52.39948 0.21518 0.18062 0.17104 0.43316 1671.363
1.060 0.61460 85.06190 0.57934 52.27913 0.21551 0.18015 0.17139 0.43295 1670.625
1.065 0.61397 84.95383 0.57801 52.15919 0.21584 0.17968 0.17174 0.43275 1669.886
1.070 0.61334 84.84578 0.57669 52.03966 0.21617 0.17920 0.17209 0.43254 1669.147
1.075 0.61272 84.73777 0.57537 51.92054 0.21650 0.17873 0.17244 0.43233 1668.408
1.080 0.61210 84.62979 0.57405 51.80182 0.21682 0.17826 0.17279 0.43212 1667.668
1.085 0.61148 84.52184 0.57274 51.68351 0.21715 0.17779 0.17315 0.43191 1666.929
1.090 0.61087 84.41393 0.57143 51.56560 0.21748 0.17732 0.17350 0.43170 1666.189
1.095 0.61025 84.30606 0.57013 51.44808 0.21781 0.17685 0.17385 0.43148 1665.448
1.100 0.60964 84.19822 0.56883 51.33097 0.21814 0.17639 0.17421 0.43127 1664.708
1.105 0.60904 84.09042 0.56754 51.21425 0.21846 0.17592 0.17456 0.43105 1663.968
1.110 0.60843 83.98267 0.56625 51.09793 0.21879 0.17546 0.17492 0.43084 1663.227
1.115 0.60783 83.87495 0.56497 50.98201 0.21912 0.17499 0.17527 0.43062 1662.486
1.120 0.60724 83.76728 0.56369 50.86648 0.21945 0.17453 0.17562 0.43040 1661.745
1.125 0.60664 83.65965 0.56241 50.75133 0.21977 0.17406 0.17598 0.43018 1661.003
1.130 0.60605 83.55206 0.56114 50.63658 0.22010 0.17360 0.17633 0.42996 1660.262
1.135 0.60546 83.44452 0.55987 50.52222 0.22043 0.17314 0.17669 0.42974 1659.520
1.140 0.60487 83.33703 0.55861 50.40824 0.22076 0.17268 0.17705 0.42952 1658.779
1.145 0.60429 83.22959 0.55735 50.29465 0.22108 0.17222 0.17740 0.42930 1658.037
1.150 0.60371 83.12220 0.55609 50.18144 0.22141 0.17176 0.17776 0.42907 1657.295
1.155 0.60313 83.01486 0.55484 50.06861 0.22174 0.17130 0.17811 0.42885 1656.553
1.160 0.60255 82.90757 0.55360 49.95617 0.22206 0.17084 0.17847 0.42862 1655.810
1.165 0.60198 82.80033 0.55236 49.84410 0.22239 0.17038 0.17883 0.42840 1655.068
1.170 0.60141 82.69315 0.55112 49.73241 0.22272 0.16993 0.17918 0.42817 1654.326
1.175 0.60084 82.58603 0.54988 49.62110 0.22305 0.16947 0.17954 0.42794 1653.583
1.180 0.60028 82.47896 0.54865 49.51016 0.22337 0.16902 0.17990 0.42771 1652.840
1.185 0.59971 82.37195 0.54743 49.39960 0.22370 0.16856 0.18026 0.42748 1652.098
1.190 0.59915 82.26499 0.54621 49.28940 0.22402 0.16811 0.18062 0.42725 1651.355
1.195 0.59860 82.15810 0.54499 49.17958 0.22435 0.16766 0.18097 0.42702 1650.612
1.200 0.59804 82.05127 0.54378 49.07012 0.22468 0.16721 0.18133 0.42678 1649.869
1.205 0.59749 81.94450 0.54257 48.96104 0.22500 0.16676 0.18169 0.42655 1649.126
1.210 0.59694 81.83779 0.54136 48.85232 0.22533 0.16631 0.18205 0.42631 1648.383
1.215 0.59639 81.73114 0.54016 48.74396 0.22566 0.16586 0.18241 0.42608 1647.640
1.220 0.59585 81.62456 0.53897 48.63597 0.22598 0.16541 0.18277 0.42584 1646.897
1.225 0.59531 81.51805 0.53777 48.52834 0.22631 0.16496 0.18313 0.42560 1646.154
1.230 0.59477 81.41160 0.53659 48.42107 0.22663 0.16451 0.18349 0.42536 1645.411
1.235 0.59423 81.30522 0.53540 48.31415 0.22696 0.16407 0.18385 0.42512 1644.667
1.240 0.59370 81.19891 0.53422 48.20760 0.22728 0.16362 0.18421 0.42488 1643.924
1.245 0.59317 81.09267 0.53304 48.10140 0.22761 0.16318 0.18457 0.42464 1643.181
1.250 0.59264 80.98650 0.53187 47.99556 0.22793 0.16273 0.18494 0.42440 1642.438
1.255 0.59211 80.88040 0.53070 47.89007 0.22826 0.16229 0.18530 0.42415 1641.695
1.260 0.59159 80.77437 0.52954 47.78493 0.22858 0.16185 0.18566 0.42391 1640.952
1.265 0.59106 80.66842 0.52838 47.68014 0.22891 0.16141 0.18602 0.42366 1640.209
1.270 0.59054 80.56254 0.52722 47.57571 0.22923 0.16097 0.18638 0.42342 1639.466
1.275 0.59003 80.45673 0.52606 47.47162 0.22956 0.16053 0.18675 0.42317 1638.723
1.280 0.58951 80.35101 0.52491 47.36787 0.22988 0.16009 0.18711 0.42292 1637.980
1.285 0.58900 80.24535 0.52377 47.26448 0.23021 0.15965 0.18747 0.42267 1637.237
1.290 0.58849 80.13978 0.52263 47.16142 0.23053 0.15921 0.18783 0.42242 1636.494
1.295 0.58798 80.03429 0.52149 47.05871 0.23086 0.15878 0.18820 0.42217 1635.751
1.300 0.58748 79.92887 0.52035 46.95634 0.23118 0.15834 0.18856 0.42192 1635.008
1.305 0.58697 79.82353 0.51922 46.85431 0.23150 0.15791 0.18892 0.42166 1634.266
1.310 0.58647 79.71828 0.51810 46.75262 0.23183 0.15747 0.18929 0.42141 1633.523
1.315 0.58597 79.61311 0.51697 46.65126 0.23215 0.15704 0.18965 0.42115 1632.781
1.320 0.58548 79.50802 0.51585 46.55025 0.23248 0.15661 0.19002 0.42090 1632.038
1.325 0.58498 79.40301 0.51474 46.44956 0.23280 0.15618 0.19038 0.42064 1631.296
1.330 0.58449 79.29809 0.51363 46.34921 0.23312 0.15575 0.19075 0.42039 1630.554
1.335 0.58400 79.19325 0.51252 46.24919 0.23345 0.15532 0.19111 0.42013 1629.812
1.340 0.58352 79.08850 0.51141 46.14951 0.23377 0.15489 0.19148 0.41987 1629.070
1.345 0.58303 78.98383 0.51031 46.05015 0.23409 0.15446 0.19184 0.41961 1628.328
1.350 0.58255 78.87925 0.50921 45.95112 0.23441 0.15403 0.19221 0.41935 1627.586
1.355 0.58207 78.77476 0.50812 45.85242 0.23474 0.15360 0.19258 0.41908 1626.844
1.360 0.58159 78.67036 0.50703 45.75404 0.23506 0.15318 0.19294 0.41882 1626.103
1.365 0.58112 78.56605 0.50594 45.65599 0.23538 0.15275 0.19331 0.41856 1625.362
1.370 0.58064 78.46183 0.50486 45.55826 0.23570 0.15233 0.19368 0.41829 1624.621
1.375 0.58017 78.35770 0.50378 45.46086 0.23603 0.15190 0.19404 0.41803 1623.879
1.380 0.57970 78.25366 0.50271 45.36377 0.23635 0.15148 0.19441 0.41776 1623.139
1.385 0.57923 78.14971 0.50163 45.26701 0.23667 0.15106 0.19478 0.41749 1622.398
1.390 0.57877 78.04586 0.50056 45.17056 0.23699 0.15064 0.19514 0.41723 1621.657
1.395 0.57831 77.94210 0.49950 45.07443 0.23731 0.15022 0.19551 0.41696 1620.917
1.400 0.57785 77.83843 0.49844 44.97862 0.23763 0.14980 0.19588 0.41669 1620.177
1.405 0.57739 77.73486 0.49738 44.88312 0.23795 0.14938 0.19625 0.41642 1619.437
1.410 0.57693 77.63139 0.49632 44.78793 0.23828 0.14896 0.19662 0.41615 1618.697
1.415 0.57648 77.52801 0.49527 44.69306 0.23860 0.14854 0.19699 0.41587 1617.957
1.420 0.57602 77.42473 0.49423 44.59849 0.23892 0.14813 0.19735 0.41560 1617.218
1.425 0.57557 77.32154 0.49318 44.50424 0.23924 0.14771 0.19772 0.41533 1616.479
1.430 0.57513 77.21846 0.49214 44.41030 0.23956 0.14730 0.19809 0.41505 1615.740
1.435 0.57468 77.11547 0.49110 44.31666 0.23988 0.14688 0.19846 0.41478 1615.001
1.440 0.57424 77.01258 0.49007 44.22333 0.24020 0.14647 0.19883 0.41450 1614.262
1.445 0.57379 76.90980 0.48904 44.13031 0.24052 0.14606 0.19920 0.41422 1613.524
1.450 0.57335 76.80711 0.48801 44.03759 0.24084 0.14565 0.19957 0.41394 1612.786
1.455 0.57291 76.70452 0.48699 43.94517 0.24116 0.14524 0.19994 0.41367 1612.048
1.460 0.57248 76.60204 0.48596 43.85305 0.24148 0.14483 0.20031 0.41339 1611.310
1.465 0.57204 76.49966 0.48495 43.76124 0.24180 0.14442 0.20068 0.41311 1610.573
1.470 0.57161 76.39738 0.48393 43.66972 0.24211 0.14401 0.20105 0.41282 1609.835
1.475 0.57118 76.29520 0.48292 43.57850 0.24243 0.14360 0.20142 0.41254 1609.098
1.480 0.57075 76.19313 0.48191 43.48758 0.24275 0.14319 0.20180 0.41226 1608.362
1.485 0.57033 76.09117 0.48091 43.39696 0.24307 0.14279 0.20217 0.41197 1607.625
1.490 0.56990 75.98931 0.47991 43.30663 0.24339 0.14238 0.20254 0.41169 1606.889
1.495 0.56948 75.88755 0.47891 43.21659 0.24371 0.14198 0.20291 0.41140 1606.153
1.500 0.56906 75.78590 0.47792 43.12685 0.24402 0.14158 0.20328 0.41112 1605.417
1.505 0.56864 75.68436 0.47693 43.03739 0.24434 0.14117 0.20365 0.41083 1604.682
1.510 0.56823 75.58292 0.47594 42.94823 0.24466 0.14077 0.20403 0.41054 1603.947
1.515 0.56781 75.48159 0.47495 42.85936 0.24498 0.14037 0.20440 0.41025 1603.212
1.520 0.56740 75.38037 0.47397 42.77077 0.24529 0.13997 0.20477 0.40996 1602.478
1.525 0.56699 75.27926 0.47299 42.68248 0.24561 0.13957 0.20514 0.40967 1601.743
1.530 0.56658 75.17826 0.47202 42.59447 0.24593 0.13917 0.20552 0.40938 1601.009
1.535 0.56617 75.07737 0.47105 42.50674 0.24625 0.13877 0.20589 0.40909 1600.276
1.540 0.56577 74.97658 0.47008 42.41930 0.24656 0.13838 0.20626 0.40880 1599.542
1.545 0.56536 74.87591 0.46911 42.33214 0.24688 0.13798 0.20664 0.40851 1598.809
1.550 0.56496 74.77535 0.46815 42.24526 0.24719 0.13758 0.20701 0.40821 1598.076
1.555 0.56456 74.67490 0.46719 42.15866 0.24751 0.13719 0.20738 0.40792 1597.344
1.560 0.56416 74.57457 0.46623 42.07234 0.24783 0.13680 0.20776 0.40762 1596.612
1.565 0.56377 74.47434 0.46528 41.98630 0.24814 0.13640 0.20813 0.40732 1595.880
1.570 0.56337 74.37423 0.46433 41.90054 0.24846 0.13601 0.20851 0.40703 1595.149
1.575 0.56298 74.27423 0.46338 41.81505 0.24877 0.13562 0.20888 0.40673 1594.417
1.580 0.56259 74.17435 0.46244 41.72984 0.24909 0.13523 0.20926 0.40643 1593.687
1.585 0.56220 74.07457 0.46149 41.64491 0.24940 0.13484 0.20963 0.40613 1592.956
1.590 0.56182 73.97492 0.46056 41.56024 0.24972 0.13445 0.21001 0.40583 1592.226
1.595 0.56143 73.87538 0.45962 41.47585 0.25003 0.13406 0.21038 0.40553 1591.496
1.600 0.56105 73.77595 0.45869 41.39173 0.25034 0.13367 0.21076 0.40523 1590.767
1.605 0.56066 73.67664 0.45776 41.30788 0.25066 0.13329 0.21113 0.40492 1590.037
1.610 0.56028 73.57744 0.45683 41.22430 0.25097 0.13290 0.21151 0.40462 1589.309
1.615 0.55991 73.47837 0.45591 41.14099 0.25128 0.13252 0.21188 0.40432 1588.580
1.620 0.55953 73.37940 0.45499 41.05794 0.25160 0.13213 0.21226 0.40401 1587.852
1.625 0.55915 73.28056 0.45407 40.97517 0.25191 0.13175 0.21264 0.40371 1587.124
1.630 0.55878 73.18183 0.45316 40.89265 0.25222 0.13136 0.21301 0.40340 1586.397
1.635 0.55841 73.08322 0.45225 40.81040 0.25254 0.13098 0.21339 0.40309 1585.670
1.640 0.55804 72.98473 0.45134 40.72841 0.25285 0.13060 0.21377 0.40278 1584.944
1.645 0.55767 72.88636 0.45043 40.64669 0.25316 0.13022 0.21414 0.40248 1584.217
1.650 0.55731 72.78811 0.44953 40.56522 0.25347 0.12984 0.21452 0.40217 1583.492
1.655 0.55694 72.68998 0.44863 40.48402 0.25378 0.12946 0.21490 0.40186 1582.766
1.660 0.55658 72.59196 0.44773 40.40308 0.25410 0.12908 0.21527 0.40155 1582.041
1.665 0.55622 72.49407 0.44684 40.32239 0.25441 0.12871 0.21565 0.40123 1581.316
1.670 0.55586 72.39629 0.44595 40.24196 0.25472 0.12833 0.21603 0.40092 1580.592
1.675 0.55550 72.29864 0.44506 40.16179 0.25503 0.12796 0.21641 0.40061 1579.868
1.680 0.55514 72.20111 0.44417 40.08187 0.25534 0.12758 0.21678 0.40030 1579.145
1.685 0.55479 72.10370 0.44329 40.00220 0.25565 0.12721 0.21716 0.39998 1578.421
1.690 0.55443 72.00641 0.44241 39.92279 0.25596 0.12683 0.21754 0.39967 1577.699
1.695 0.55408 71.90924 0.44153 39.84363 0.25627 0.12646 0.21792 0.39935 1576.976
1.700 0.55373 71.81220 0.44066 39.76473 0.25658 0.12609 0.21830 0.39903 1576.255
1.705 0.55338 71.71527 0.43979 39.68607 0.25689 0.12572 0.21868 0.39872 1575.533
1.710 0.55304 71.61847 0.43892 39.60766 0.25720 0.12535 0.21905 0.39840 1574.812
1.715 0.55269 71.52179 0.43805 39.52951 0.25751 0.12498 0.21943 0.39808 1574.091
1.720 0.55235 71.42524 0.43719 39.45160 0.25781 0.12461 0.21981 0.39776 1573.371
1.725 0.55201 71.32881 0.43633 39.37393 0.25812 0.12424 0.22019 0.39744 1572.651
1.730 0.55167 71.23250 0.43547 39.29651 0.25843 0.12388 0.22057 0.39712 1571.932
1.735 0.55133 71.13632 0.43462 39.21934 0.25874 0.12351 0.22095 0.39680 1571.213
1.740 0.55099 71.04026 0.43376 39.14241 0.25905 0.12315 0.22133 0.39648 1570.494
1.745 0.55065 70.94433 0.43291 39.06572 0.25935 0.12278 0.22171 0.39615 1569.776
1.750 0.55032 70.84852 0.43207 38.98928 0.25966 0.12242 0.22209 0.39583 1569.059
1.755 0.54999 70.75283 0.43122 38.91308 0.25997 0.12205 0.22247 0.39551 1568.342
1.760 0.54965 70.65727 0.43038 38.83712 0.26028 0.12169 0.22285 0.39518 1567.625
1.765 0.54933 70.56184 0.42954 38.76139 0.26058 0.12133 0.22323 0.39486 1566.908
1.770 0.54900 70.46653 0.42870 38.68591 0.26089 0.12097 0.22361 0.39453 1566.193
1.775 0.54867 70.37135 0.42787 38.61066 0.26119 0.12061 0.22399 0.39421 1565.477
1.780 0.54834 70.27630 0.42704 38.53565 0.26150 0.12025 0.22437 0.39388 1564.762
1.785 0.54802 70.18137 0.42621 38.46088 0.26180 0.11989 0.22475 0.39355 1564.048
1.790 0.54770 70.08656 0.42538 38.38634 0.26211 0.11954 0.22513 0.39322 1563.334
1.795 0.54738 69.99189 0.42456 38.31203 0.26241 0.11918 0.22551 0.39289 1562.620
1.800 0.54706 69.89734 0.42374 38.23796 0.26272 0.11882 0.22589 0.39256 1561.907
1.805 0.54674 69.80292 0.42292 38.16412 0.26302 0.11847 0.22627 0.39223 1561.194
1.810 0.54642 69.70862 0.42211 38.09051 0.26333 0.11812 0.22666 0.39190 1560.482
1.815 0.54611 69.61446 0.42129 38.01713 0.26363 0.11776 0.22704 0.39157 1559.770
1.820 0.54580 69.52042 0.42048 37.94399 0.26394 0.11741 0.22742 0.39124 1559.059
1.825 0.54548 69.42651 0.41967 37.87107 0.26424 0.11706 0.22780 0.39090 1558.348
1.830 0.54517 69.33272 0.41887 37.79838 0.26454 0.11671 0.22818 0.39057 1557.638
1.835 0.54486 69.23907 0.41807 37.72591 0.26484 0.11636 0.22856 0.39024 1556.928
1.840 0.54456 69.14554 0.41727 37.65368 0.26515 0.11601 0.22894 0.38990 1556.218
1.845 0.54425 69.05215 0.41647 37.58167 0.26545 0.11566 0.22933 0.38957 1555.510
1.850 0.54395 68.95888 0.41567 37.50988 0.26575 0.11531 0.22971 0.38923 1554.801
1.855 0.54364 68.86574 0.41488 37.43832 0.26605 0.11496 0.23009 0.38889 1554.093
1.860 0.54334 68.77273 0.41409 37.36698 0.26635 0.11462 0.23047 0.38856 1553.386
1.865 0.54304 68.67985 0.41330 37.29586 0.26666 0.11427 0.23085 0.38822 1552.679
1.870 0.54274 68.58709 0.41251 37.22496 0.26696 0.11393 0.23124 0.38788 1551.972
1.875 0.54244 68.49447 0.41173 37.15429 0.26726 0.11358 0.23162 0.38754 1551.266
1.880 0.54215 68.40198 0.41095 37.08383 0.26756 0.11324 0.23200 0.38720 1550.561
1.885 0.54185 68.30962 0.41017 37.01359 0.26786 0.11290 0.23239 0.38686 1549.856
1.890 0.54156 68.21738 0.40940 36.94357 0.26816 0.11255 0.23277 0.38652 1549.152
1.895 0.54126 68.12528 0.40862 36.87377 0.26846 0.11221 0.23315 0.38618 1548.448
1.900 0.54097 68.03331 0.40785 36.80419 0.26876 0.11187 0.23353 0.38584 1547.744
1.905 0.54068 67.94147 0.40708 36.73482 0.26906 0.11153 0.23392 0.38549 1547.041
1.910 0.54039 67.84976 0.40632 36.66566 0.26935 0.11120 0.23430 0.38515 1546.339
1.915 0.54011 67.75818 0.40555 36.59672 0.26965 0.11086 0.23468 0.38481 1545.637
1.920 0.53982 67.66673 0.40479 36.52799 0.26995 0.11052 0.23507 0.38446 1544.935
1.925 0.53954 67.57541 0.40403 36.45948 0.27025 0.11018 0.23545 0.38412 1544.234
1.930 0.53925 67.48422 0.40327 36.39117 0.27055 0.10985 0.23583 0.38377 1543.534
1.935 0.53897 67.39316 0.40252 36.32308 0.27084 0.10951 0.23622 0.38343 1542.834
1.940 0.53869 67.30224 0.40177 36.25520 0.27114 0.10918 0.23660 0.38308 1542.135
1.945 0.53841 67.21144 0.40102 36.18753 0.27144 0.10885 0.23699 0.38273 1541.436
1.950 0.53814 67.12078 0.40027 36.12006 0.27173 0.10851 0.23737 0.38238 1540.738
1.955 0.53786 67.03025 0.39953 36.05281 0.27203 0.10818 0.23775 0.38204 1540.040
1.960 0.53758 66.93985 0.39878 35.98576 0.27232 0.10785 0.23814 0.38169 1539.343
1.965 0.53731 66.84958 0.39804 35.91892 0.27262 0.10752 0.23852 0.38134 1538.646
1.970 0.53704 66.75944 0.39730 35.85228 0.27291 0.10719 0.23891 0.38099 1537.950
1.975 0.53677 66.66943 0.39657 35.78585 0.27321 0.10686 0.23929 0.38064 1537.254
1.980 0.53650 66.57956 0.39583 35.71962 0.27350 0.10654 0.23967 0.38029 1536.559
1.985 0.53623 66.48982 0.39510 35.65359 0.27380 0.10621 0.24006 0.37994 1535.864
1.990 0.53596 66.40021 0.39437 35.58777 0.27409 0.10588 0.24044 0.37958 1535.170
1.995 0.53569 66.31073 0.39364 35.52215 0.27439 0.10556 0.24083 0.37923 1534.477
2.000 0.53543 66.22139 0.39292 35.45673 0.27468 0.10523 0.24121 0.37888 1533.784
2.005 0.53516 66.13217 0.39220 35.39151 0.27497 0.10491 0.24160 0.37852 1533.091
2.010 0.53490 66.04309 0.39148 35.32649 0.27526 0.10458 0.24198 0.37817 1532.399
2.015 0.53464 65.95415 0.39076 35.26167 0.27556 0.10426 0.24237 0.37781 1531.708
2.020 0.53438 65.86533 0.39004 35.19705 0.27585 0.10394 0.24275 0.37746 1531.017
2.025 0.53412 65.77665 0.38933 35.13262 0.27614 0.10362 0.24314 0.37710 1530.327
2.030 0.53386 65.68809 0.38862 35.06839 0.27643 0.10330 0.24352 0.37675 1529.637
2.035 0.53361 65.59968 0.38791 35.00436 0.27672 0.10298 0.24391 0.37639 1528.948
2.040 0.53335 65.51139 0.38720 34.94052 0.27701 0.10266 0.24429 0.37603 1528.259
2.045 0.53310 65.42324 0.38649 34.87688 0.27730 0.10234 0.24468 0.37568 1527.571
2.050 0.53284 65.33522 0.38579 34.81343 0.27759 0.10203 0.24506 0.37532 1526.884
2.055 0.53259 65.24733 0.38509 34.75018 0.27788 0.10171 0.24545 0.37496 1526.197
2.060 0.53234 65.15957 0.38439 34.68711 0.27817 0.10139 0.24583 0.37460 1525.510
2.065 0.53209 65.07195 0.38369 34.62424 0.27846 0.10108 0.24622 0.37424 1524.824
2.070 0.53184 64.98446 0.38300 34.56156 0.27875 0.10076 0.24660 0.37388 1524.139
2.075 0.53160 64.89710 0.38231 34.49907 0.27904 0.10045 0.24699 0.37352 1523.454
2.080 0.53135 64.80988 0.38162 34.43677 0.27933 0.10014 0.24737 0.37316 1522.770
2.085 0.53111 64.72279 0.38093 34.37465 0.27962 0.09983 0.24776 0.37280 1522.087
2.090 0.53086 64.63583 0.38024 34.31273 0.27990 0.09952 0.24815 0.37243 1521.404
2.095 0.53062 64.54900 0.37956 34.25099 0.28019 0.09920 0.24853 0.37207 1520.721
2.100 0.53038 64.46231 0.37888 34.18944 0.28048 0.09890 0.24892 0.37171 1520.039
2.105 0.53014 64.37575 0.37820 34.12808 0.28077 0.09859 0.24930 0.37134 1519.358
2.110 0.52990 64.28932 0.37752 34.06690 0.28105 0.09828 0.24969 0.37098 1518.677
2.115 0.52966 64.20303 0.37684 34.00591 0.28134 0.09797 0.25008 0.37062 1517.997
2.120 0.52943 64.11686 0.37617 33.94510 0.28162 0.09766 0.25046 0.37025 1517.317
2.125 0.52919 64.03084 0.37550 33.88448 0.28191 0.09736 0.25085 0.36989 1516.638
2.130 0.52896 63.94494 0.37483 33.82403 0.28219 0.09705 0.25123 0.36952 1515.960
2.135 0.52872 63.85918 0.37416 33.76377 0.28248 0.09675 0.25162 0.36915 1515.282
2.140 0.52849 63.77355 0.37349 33.70369 0.28276 0.09644 0.25201 0.36879 1514.604
2.145 0.52826 63.68805 0.37283 33.64379 0.28305 0.09614 0.25239 0.36842 1513.928
2.150 0.52803 63.60269 0.37217 33.58408 0.28333 0.09584 0.25278 0.36805 1513.251
2.155 0.52780 63.51746 0.37151 33.52454 0.28361 0.09554 0.25316 0.36768 1512.576
2.160 0.52757 63.43236 0.37085 33.46518 0.28390 0.09524 0.25355 0.36732 1511.901
2.165 0.52735 63.34739 0.37019 33.40600 0.28418 0.09494 0.25394 0.36695 1511.226
2.170 0.52712 63.26256 0.36954 33.34699 0.28446 0.09464 0.25432 0.36658 1510.552
2.175 0.52690 63.17786 0.36889 33.28816 0.28474 0.09434 0.25471 0.36621 1509.879
2.180 0.52667 63.09329 0.36824 33.22951 0.28503 0.09404 0.25510 0.36584 1509.206
2.185 0.52645 63.00886 0.36759 33.17104 0.28531 0.09374 0.25548 0.36547 1508.534
2.190 0.52623 62.92456 0.36694 33.11274 0.28559 0.09345 0.25587 0.36510 1507.863
2.195 0.52601 62.84039 0.36630 33.05461 0.28587 0.09315 0.25626 0.36472 1507.192
2.200 0.52579 62.75635 0.36566 32.99666 0.28615 0.09286 0.25664 0.36435 1506.521
2.205 0.52557 62.67245 0.36502 32.93888 0.28643 0.09256 0.25703 0.36398 1505.852
2.210 0.52535 62.58868 0.36438 32.88127 0.28671 0.09227 0.25742 0.36361 1505.183
2.215 0.52514 62.50504 0.36374 32.82384 0.28699 0.09198 0.25780 0.36323 1504.514
2.220 0.52492 62.42153 0.36311 32.76657 0.28727 0.09169 0.25819 0.36286 1503.846
2.225 0.52471 62.33816 0.36248 32.70948 0.28754 0.09139 0.25858 0.36249 1503.179
2.230 0.52450 62.25492 0.36184 32.65256 0.28782 0.09110 0.25896 0.36211 1502.512
2.235 0.52429 62.17181 0.36122 32.59580 0.28810 0.09081 0.25935 0.36174 1501.845
2.240 0.52408 62.08883 0.36059 32.53922 0.28838 0.09053 0.25974 0.36136 1501.180
2.245 0.52387 62.00599 0.35996 32.48280 0.28865 0.09024 0.26012 0.36099 1500.515
2.250 0.52366 61.92328 0.35934 32.42655 0.28893 0.08995 0.26051 0.36061 1499.850
2.255 0.52345 61.84070 0.35872 32.37047 0.28921 0.08966 0.26090 0.36023 1499.187
2.260 0.52324 61.75825 0.35810 32.31455 0.28948 0.08938 0.26128 0.35986 1498.523
2.265 0.52304 61.67593 0.35748 32.25880 0.28976 0.08909 0.26167 0.35948 1497.861
2.270 0.52283 61.59375 0.35687 32.20322 0.29003 0.08881 0.26206 0.35910 1497.199
2.275 0.52263 61.51170 0.35625 32.14780 0.29031 0.08852 0.26244 0.35873 1496.537
2.280 0.52243 61.42978 0.35564 32.09254 0.29058 0.08824 0.26283 0.35835 1495.876
2.285 0.52222 61.34799 0.35503 32.03745 0.29086 0.08796 0.26322 0.35797 1495.216
2.290 0.52202 61.26634 0.35442 31.98252 0.29113 0.08768 0.26360 0.35759 1494.556
2.295 0.52182 61.18481 0.35381 31.92775 0.29141 0.08739 0.26399 0.35721 1493.897
2.300 0.52163 61.10342 0.35321 31.87314 0.29168 0.08711 0.26438 0.35683 1493.239
2.305 0.52143 61.02216 0.35260 31.81870 0.29195 0.08683 0.26476 0.35645 1492.581
2.310 0.52123 60.94103 0.35200 31.76441 0.29222 0.08656 0.26515 0.35607 1491.924
2.315 0.52104 60.86003 0.35140 31.71028 0.29250 0.08628 0.26554 0.35569 1491.267
2.320 0.52084 60.77917 0.35080 31.65632 0.29277 0.08600 0.26592 0.35531 1490.611
2.325 0.52065 60.69843 0.35021 31.60251 0.29304 0.08572 0.26631 0.35493 1489.956
2.330 0.52046 60.61783 0.34961 31.54886 0.29331 0.08545 0.26670 0.35455 1489.301
2.335 0.52026 60.53736 0.34902 31.49537 0.29358 0.08517 0.26708 0.35416 1488.647
2.340 0.52007 60.45701 0.34843 31.44204 0.29385 0.08490 0.26747 0.35378 1487.993
2.345 0.51988 60.37680 0.34784 31.38886 0.29412 0.08462 0.26786 0.35340 1487.340
2.350 0.51969 60.29672 0.34725 31.33584 0.29439 0.08435 0.26825 0.35302 1486.688
2.355 0.51951 60.21678 0.34667 31.28297 0.29466 0.08408 0.26863 0.35263 1486.036
2.360 0.51932 60.13696 0.34608 31.23026 0.29493 0.08380 0.26902 0.35225 1485.385
2.365 0.51913 60.05727 0.34550 31.17770 0.29520 0.08353 0.26941 0.35187 1484.735
2.370 0.51895 59.97771 0.34492 31.12529 0.29546 0.08326 0.26979 0.35148 1484.085
2.375 0.51876 59.89829 0.34434 31.07304 0.29573 0.08299 0.27018 0.35110 1483.435
2.380 0.51858 59.81899 0.34376 31.02094 0.29600 0.08272 0.27057 0.35071 1482.787
2.385 0.51840 59.73983 0.34319 30.96900 0.29626 0.08246 0.27095 0.35033 1482.139
2.390 0.51822 59.66079 0.34261 30.91720 0.29653 0.08219 0.27134 0.34994 1481.491
2.395 0.51804 59.58189 0.34204 30.86556 0.29680 0.08192 0.27173 0.34955 1480.844
2.400 0.51786 59.50311 0.34147 30.81407 0.29706 0.08166 0.27211 0.34917 1480.198
2.405 0.51768 59.42447 0.34090 30.76272 0.29733 0.08139 0.27250 0.34878 1479.552
2.410 0.51750 59.34595 0.34033 30.71153 0.29759 0.08112 0.27289 0.34840 1478.907
2.415 0.51732 59.26757 0.33977 30.66048 0.29786 0.08086 0.27327 0.34801 1478.263
2.420 0.51715 59.18931 0.33921 30.60959 0.29812 0.08060 0.27366 0.34762 1477.619
2.425 0.51697 59.11119 0.33864 30.55884 0.29839 0.08033 0.27405 0.34723 1476.976
2.430 0.51680 59.03319 0.33808 30.50823 0.29865 0.08007 0.27443 0.34685 1476.333
2.435 0.51662 58.95532 0.33752 30.45778 0.29891 0.07981 0.27482 0.34646 1475.692
2.440 0.51645 58.87758 0.33697 30.40747 0.29917 0.07955 0.27521 0.34607 1475.050
2.445 0.51628 58.79997 0.33641 30.35731 0.29944 0.07929 0.27559 0.34568 1474.410
2.450 0.51611 58.72249 0.33586 30.30729 0.29970 0.07903 0.27598 0.34529 1473.769
2.455 0.51594 58.64514 0.33530 30.25742 0.29996 0.07877 0.27637 0.34490 1473.130
2.460 0.51577 58.56792 0.33475 30.20769 0.30022 0.07851 0.27675 0.34451 1472.491
2.465 0.51560 58.49083 0.33420 30.15810 0.30048 0.07826 0.27714 0.34412 1471.853
2.470 0.51544 58.41386 0.33365 30.10866 0.30074 0.07800 0.27753 0.34373 1471.215
2.475 0.51527 58.33703 0.33311 30.05936 0.30100 0.07774 0.27791 0.34334 1470.578
2.480 0.51511 58.26032 0.33256 30.01020 0.30126 0.07749 0.27830 0.34295 1469.942
2.485 0.51494 58.18374 0.33202 29.96118 0.30152 0.07723 0.27868 0.34256 1469.306
2.490 0.51478 58.10729 0.33148 29.91231 0.30178 0.07698 0.27907 0.34217 1468.671
2.495 0.51461 58.03097 0.33094 29.86357 0.30204 0.07673 0.27946 0.34178 1468.037
2.500 0.51445 57.95477 0.33040 29.81498 0.30230 0.07648 0.27984 0.34139 1467.403
2.505 0.51429 57.87870 0.32986 29.76652 0.30255 0.07622 0.28023 0.34099 1466.770
2.510 0.51413 57.80276 0.32933 29.71821 0.30281 0.07597 0.28062 0.34060 1466.137
2.515 0.51397 57.72695 0.32879 29.67003 0.30307 0.07572 0.28100 0.34021 1465.505
2.520 0.51381 57.65126 0.32826 29.62199 0.30332 0.07547 0.28139 0.33982 1464.874
2.525 0.51366 57.57571 0.32773 29.57409 0.30358 0.07522 0.28177 0.33942 1464.243
2.530 0.51350 57.50028 0.32720 29.52633 0.30383 0.07497 0.28216 0.33903 1463.613
2.535 0.51334 57.42497 0.32667 29.47870 0.30409 0.07473 0.28255 0.33864 1462.983
2.540 0.51319 57.34980 0.32615 29.43121 0.30434 0.07448 0.28293 0.33824 1462.354
2.545 0.51303 57.27475 0.32562 29.38385 0.30460 0.07423 0.28332 0.33785 1461.726
2.550 0.51288 57.19982 0.32510 29.33663 0.30485 0.07399 0.28370 0.33746 1461.098
2.555 0.51273 57.12503 0.32458 29.28954 0.30511 0.07374 0.28409 0.33706 1460.471
2.560 0.51258 57.05036 0.32406 29.24259 0.30536 0.07350 0.28447 0.33667 1459.845
2.565 0.51242 56.97581 0.32354 29.19578 0.30561 0.07325 0.28486 0.33627 1459.219
2.570 0.51227 56.90140 0.32302 29.14909 0.30586 0.07301 0.28525 0.33588 1458.594
2.575 0.51212 56.82711 0.32250 29.10254 0.30612 0.07277 0.28563 0.33548 1457.970
2.580 0.51198 56.75294 0.32199 29.05612 0.30637 0.07253 0.28602 0.33509 1457.346
2.585 0.51183 56.67890 0.32148 29.00983 0.30662 0.07229 0.28640 0.33469 1456.722
2.590 0.51168 56.60499 0.32097 28.96368 0.30687 0.07204 0.28679 0.33430 1456.100
2.595 0.51153 56.53120 0.32046 28.91765 0.30712 0.07180 0.28717 0.33390 1455.478
2.600 0.51139 56.45753 0.31995 28.87176 0.30737 0.07157 0.28756 0.33351 1454.856
2.605 0.51124 56.38400 0.31944 28.82600 0.30762 0.07133 0.28794 0.33311 1454.236
2.610 0.51110 56.31058 0.31893 28.78036 0.30787 0.07109 0.28833 0.33271 1453.615
2.615 0.51096 56.23730 0.31843 28.73486 0.30812 0.07085 0.28871 0.33232 1452.996
2.620 0.51081 56.16413 0.31793 28.68948 0.30837 0.07062 0.28910 0.33192 1452.377
2.625 0.51067 56.09109 0.31743 28.64423 0.30861 0.07038 0.28948 0.33152 1451.759
2.630 0.51053 56.01818 0.31693 28.59911 0.30886 0.07014 0.28987 0.33113 1451.141
2.635 0.51039 55.94539 0.31643 28.55412 0.30911 0.06991 0.29025 0.33073 1450.524
2.640 0.51025 55.87273 0.31593 28.50925 0.30935 0.06968 0.29064 0.33033 1449.908
2.645 0.51012 55.80018 0.31543 28.46452 0.30960 0.06944 0.29102 0.32993 1449.292
2.650 0.50998 55.72777 0.31494 28.41990 0.30985 0.06921 0.29141 0.32954 1448.677
2.655 0.50984 55.65547 0.31445 28.37541 0.31009 0.06898 0.29179 0.32914 1448.062
2.660 0.50970 55.58330 0.31396 28.33105 0.31034 0.06875 0.29218 0.32874 1447.449
2.665 0.50957 55.51126 0.31346 28.28681 0.31058 0.06852 0.29256 0.32834 1446.835
2.670 0.50943 55.43934 0.31298 28.24270 0.31083 0.06829 0.29295 0.32794 1446.223
2.675 0.50930 55.36754 0.31249 28.19871 0.31107 0.06806 0.29333 0.32754 1445.611
2.680 0.50917 55.29586 0.31200 28.15485 0.31131 0.06783 0.29371 0.32715 1444.999
2.685 0.50903 55.22431 0.31152 28.11110 0.31156 0.06760 0.29410 0.32675 1444.389
2.690 0.50890 55.15288 0.31103 28.06748 0.31180 0.06737 0.29448 0.32635 1443.778
2.695 0.50877 55.08157 0.31055 28.02398 0.31204 0.06714 0.29487 0.32595 1443.169
2.700 0.50864 55.01038 0.31007 27.98061 0.31228 0.06692 0.29525 0.32555 1442.560
2.705 0.50851 54.93932 0.30959 27.93735 0.31252 0.06669 0.29564 0.32515 1441.952
2.710 0.50838 54.86838 0.30911 27.89422 0.31276 0.06647 0.29602 0.32475 1441.344
2.715 0.50826 54.79756 0.30864 27.85120 0.31300 0.06624 0.29640 0.32435 1440.737
2.720 0.50813 54.72687 0.30816 27.80831 0.31324 0.06602 0.29679 0.32395 1440.131
2.725 0.50800 54.65629 0.30769 27.76554 0.31348 0.06580 0.29717 0.32355 1439.525
2.730 0.50788 54.58584 0.30722 27.72288 0.31372 0.06557 0.29755 0.32315 1438.920
2.735 0.50775 54.51551 0.30674 27.68035 0.31396 0.06535 0.29794 0.32275 1438.316
2.740 0.50763 54.44529 0.30627 27.63793 0.31420 0.06513 0.29832 0.32235 1437.712
2.745 0.50750 54.37521 0.30581 27.59563 0.31444 0.06491 0.29870 0.32195 1437.108
2.750 0.50738 54.30524 0.30534 27.55345 0.31467 0.06469 0.29909 0.32155 1436.506
2.755 0.50726 54.23539 0.30487 27.51138 0.31491 0.06447 0.29947 0.32115 1435.904
2.760 0.50714 54.16566 0.30441 27.46943 0.31515 0.06425 0.29985 0.32075 1435.303
2.765 0.50702 54.09606 0.30394 27.42760 0.31538 0.06403 0.30024 0.32035 1434.702
2.770 0.50690 54.02657 0.30348 27.38589 0.31562 0.06382 0.30062 0.31994 1434.102
2.775 0.50678 53.95720 0.30302 27.34429 0.31586 0.06360 0.30100 0.31954 1433.502
2.780 0.50666 53.88796 0.30256 27.30280 0.31609 0.06338 0.30139 0.31914 1432.903
2.785 0.50654 53.81883 0.30210 27.26143 0.31632 0.06317 0.30177 0.31874 1432.305
2.790 0.50642 53.74983 0.30164 27.22017 0.31656 0.06295 0.30215 0.31834 1431.708
2.795 0.50631 53.68094 0.30119 27.17903 0.31679 0.06274 0.30253 0.31794 1431.111
2.800 0.50619 53.61217 0.30073 27.13800 0.31703 0.06252 0.30292 0.31754 1430.514
2.805 0.50608 53.54352 0.30028 27.09709 0.31726 0.06231 0.30330 0.31713 1429.918
2.810 0.50596 53.47500 0.29983 27.05629 0.31749 0.06210 0.30368 0.31673 1429.323
2.815 0.50585 53.40659 0.29938 27.01560 0.31772 0.06189 0.30406 0.31633 1428.729
2.820 0.50573 53.33830 0.29893 26.97502 0.31795 0.06167 0.30444 0.31593 1428.135
2.825 0.50562 53.27012 0.29848 26.93455 0.31818 0.06146 0.30483 0.31553 1427.542
2.830 0.50551 53.20207 0.29803 26.89420 0.31841 0.06125 0.30521 0.31512 1426.949
2.835 0.50540 53.13413 0.29759 26.85395 0.31865 0.06104 0.30559 0.31472 1426.357
2.840 0.50529 53.06632 0.29714 26.81382 0.31887 0.06083 0.30597 0.31432 1425.766
2.845 0.50518 52.99862 0.29670 26.77379 0.31910 0.06063 0.30635 0.31392 1425.175
2.850 0.50507 52.93103 0.29626 26.73388 0.31933 0.06042 0.30673 0.31351 1424.585
2.855 0.50496 52.86357 0.29581 26.69408 0.31956 0.06021 0.30712 0.31311 1423.996
2.860 0.50485 52.79622 0.29537 26.65438 0.31979 0.06000 0.30750 0.31271 1423.407
2.865 0.50475 52.72899 0.29494 26.61479 0.32002 0.05980 0.30788 0.31231 1422.818
2.870 0.50464 52.66188 0.29450 26.57531 0.32024 0.05959 0.30826 0.31190 1422.231
2.875 0.50453 52.59489 0.29406 26.53594 0.32047 0.05939 0.30864 0.31150 1421.644
2.880 0.50443 52.52801 0.29363 26.49668 0.32070 0.05918 0.30902 0.31110 1421.057
2.885 0.50433 52.46125 0.29319 26.45752 0.32092 0.05898 0.30940 0.31069 1420.472
2.890 0.50422 52.39460 0.29276 26.41847 0.32115 0.05878 0.30978 0.31029 1419.887
2.895 0.50412 52.32807 0.29233 26.37953 0.32137 0.05858 0.31016 0.30989 1419.302
2.900 0.50402 52.26166 0.29190 26.34069 0.32160 0.05837 0.31054 0.30949 1418.718
2.905 0.50391 52.19536 0.29147 26.30196 0.32182 0.05817 0.31092 0.30908 1418.135
2.910 0.50381 52.12918 0.29104 26.26334 0.32205 0.05797 0.31130 0.30868 1417.552
2.915 0.50371 52.06311 0.29061 26.22482 0.32227 0.05777 0.31168 0.30828 1416.970
2.920 0.50361 51.99716 0.29019 26.18640 0.32249 0.05757 0.31206 0.30787 1416.389
2.925 0.50351 51.93133 0.28976 26.14809 0.32271 0.05737 0.31244 0.30747 1415.808
2.930 0.50341 51.86561 0.28934 26.10988 0.32294 0.05717 0.31282 0.30707 1415.228
2.935 0.50332 51.80000 0.28892 26.07177 0.32316 0.05698 0.31320 0.30666 1414.648
2.940 0.50322 51.73451 0.28850 26.03377 0.32338 0.05678 0.31358 0.30626 1414.069
2.945 0.50312 51.66914 0.28808 25.99587 0.32360 0.05658 0.31396 0.30586 1413.491
2.950 0.50303 51.60388 0.28766 25.95807 0.32382 0.05639 0.31434 0.30545 1412.913
2.955 0.50293 51.53873 0.28724 25.92038 0.32404 0.05619 0.31472 0.30505 1412.336
2.960 0.50284 51.47370 0.28682 25.88279 0.32426 0.05600 0.31510 0.30465 1411.760
2.965 0.50274 51.40878 0.28641 25.84530 0.32448 0.05580 0.31548 0.30424 1411.184
2.970 0.50265 51.34398 0.28599 25.80791 0.32469 0.05561 0.31586 0.30384 1410.609
2.975 0.50255 51.27928 0.28558 25.77062 0.32491 0.05542 0.31624 0.30343 1410.034
2.980 0.50246 51.21471 0.28517 25.73343 0.32513 0.05522 0.31662 0.30303 1409.460
2.985 0.50237 51.15024 0.28476 25.69634 0.32535 0.05503 0.31699 0.30263 1408.887
2.990 0.50228 51.08589 0.28435 25.65935 0.32556 0.05484 0.31737 0.30222 1408.314
2.995 0.50219 51.02165 0.28394 25.62246 0.32578 0.05465 0.31775 0.30182 1407.742
3.000 0.50210 50.95753 0.28353 25.58567 0.32600 0.05446 0.31813 0.30142 1407.170
3.005 0.50201 50.89351 0.28313 25.54897 0.32621 0.05427 0.31851 0.30101 1406.600
3.010 0.50192 50.82961 0.28272 25.51238 0.32643 0.05408 0.31888 0.30061 1406.029
3.015 0.50183 50.76582 0.28232 25.47588 0.32664 0.05389 0.31926 0.30021 1405.460
3.020 0.50174 50.70215 0.28191 25.43949 0.32685 0.05370 0.31964 0.29980 1404.891
3.025 0.50166 50.63858 0.28151 25.40319 0.32707 0.05352 0.32002 0.29940 1404.322
3.030 0.50157 50.57513 0.28111 25.36698 0.32728 0.05333 0.32040 0.29900 1403.754
3.035 0.50148 50.51179 0.28071 25.33087 0.32749 0.05314 0.32077 0.29859 1403.187
3.040 0.50140 50.44856 0.28031 25.29486 0.32771 0.05296 0.32115 0.29819 1402.620
3.045 0.50131 50.38544 0.27991 25.25895 0.32792 0.05277 0.32153 0.29778 1402.054
3.050 0.50123 50.32243 0.27951 25.22313 0.32813 0.05259 0.32190 0.29738 1401.489
3.055 0.50115 50.25953 0.27912 25.18741 0.32834 0.05240 0.32228 0.29698 1400.924
3.060 0.50106 50.19675 0.27872 25.15178 0.32855 0.05222 0.32266 0.29657 1400.360
3.065 0.50098 50.13407 0.27833 25.11624 0.32876 0.05204 0.32303 0.29617 1399.797
3.070 0.50090 50.07150 0.27794 25.08080 0.32897 0.05185 0.32341 0.29577 1399.234
3.075 0.50082 50.00905 0.27755 25.04546 0.32918 0.05167 0.32379 0.29536 1398.671
3.080 0.50074 49.94670 0.27715 25.01021 0.32939 0.05149 0.32416 0.29496 1398.110
3.085 0.50066 49.88447 0.27677 24.97505 0.32959 0.05131 0.32454 0.29456 1397.549
3.090 0.50058 49.82234 0.27638 24.93999 0.32980 0.05113 0.32491 0.29415 1396.988
3.095 0.50050 49.76032 0.27599 24.90501 0.33001 0.05095 0.32529 0.29375 1396.428
3.100 0.50042 49.69841 0.27560 24.87013 0.33022 0.05077 0.32567 0.29335 1395.869
3.105 0.50034 49.63662 0.27522 24.83535 0.33042 0.05059 0.32604 0.29294 1395.310
3.110 0.50027 49.57493 0.27483 24.80065 0.33063 0.05041 0.32642 0.29254 1394.752
3.115 0.50019 49.51335 0.27445 24.76605 0.33083 0.05024 0.32679 0.29214 1394.195
3.120 0.50011 49.45187 0.27407 24.73154 0.33104 0.05006 0.32717 0.29174 1393.638
3.125 0.50004 49.39051 0.27369 24.69711 0.33124 0.04988 0.32754 0.29133 1393.082
3.130 0.49996 49.32925 0.27330 24.66278 0.33145 0.04971 0.32792 0.29093 1392.526
3.135 0.49989 49.26810 0.27293 24.62854 0.33165 0.04953 0.32829 0.29053 1391.971
3.140 0.49981 49.20706 0.27255 24.59439 0.33185 0.04936 0.32867 0.29012 1391.417
3.145 0.49974 49.14613 0.27217 24.56033 0.33206 0.04918 0.32904 0.28972 1390.863
3.150 0.49967 49.08531 0.27179 24.52636 0.33226 0.04901 0.32941 0.28932 1390.310
3.155 0.49960 49.02459 0.27142 24.49248 0.33246 0.04883 0.32979 0.28892 1389.757
3.160 0.49952 48.96398 0.27104 24.45869 0.33266 0.04866 0.33016 0.28851 1389.205
3.165 0.49945 48.90348 0.27067 24.42498 0.33286 0.04849 0.33054 0.28811 1388.654
3.170 0.49938 48.84308 0.27030 24.39137 0.33306 0.04832 0.33091 0.28771 1388.103
3.175 0.49931 48.78279 0.26993 24.35784 0.33326 0.04815 0.33128 0.28731 1387.553
3.180 0.49924 48.72260 0.26955 24.32440 0.33346 0.04798 0.33166 0.28690 1387.003
3.185 0.49917 48.66253 0.26919 24.29105 0.33366 0.04781 0.33203 0.28650 1386.454
3.190 0.49911 48.60256 0.26882 24.25778 0.33386 0.04764 0.33240 0.28610 1385.906
3.195 0.49904 48.54269 0.26845 24.22460 0.33406 0.04747 0.33278 0.28570 1385.358
3.200 0.49897 48.48293 0.26808 24.19151 0.33426 0.04730 0.33315 0.28530 1384.811
3.205 0.49890 48.42328 0.26772 24.15851 0.33446 0.04713 0.33352 0.28489 1384.264
3.210 0.49884 48.36373 0.26735 24.12559 0.33465 0.04696 0.33389 0.28449 1383.718
3.215 0.49877 48.30428 0.26699 24.09275 0.33485 0.04680 0.33427 0.28409 1383.173
3.220 0.49871 48.24494 0.26662 24.06000 0.33505 0.04663 0.33464 0.28369 1382.628
3.225 0.49864 48.18571 0.26626 24.02734 0.33524 0.04646 0.33501 0.28329 1382.084
3.230 0.49858 48.12658 0.26590 23.99476 0.33544 0.04630 0.33538 0.28289 1381.540
3.235 0.49851 48.06756 0.26554 23.96226 0.33563 0.04613 0.33575 0.28248 1380.997
3.240 0.49845 48.00864 0.26518 23.92985 0.33582 0.04597 0.33612 0.28208 1380.455
3.245 0.49839 47.94982 0.26482 23.89753 0.33602 0.04580 0.33650 0.28168 1379.913
3.250 0.49832 47.89111 0.26447 23.86529 0.33621 0.04564 0.33687 0.28128 1379.372
3.255 0.49826 47.83250 0.26411 23.83313 0.33640 0.04548 0.33724 0.28088 1378.831
3.260 0.49820 47.77399 0.26376 23.80105 0.33660 0.04532 0.33761 0.28048 1378.291
3.265 0.49814 47.71559 0.26340 23.76906 0.33679 0.04515 0.33798 0.28008 1377.752
3.270 0.49808 47.65729 0.26305 23.73715 0.33698 0.04499 0.33835 0.27968 1377.213
3.275 0.49802 47.59910 0.26269 23.70532 0.33717 0.04483 0.33872 0.27928 1376.675
3.280 0.49796 47.54101 0.26234 23.67357 0.33736 0.04467 0.33909 0.27888 1376.137
3.285 0.49790 47.48302 0.26199 23.64191 0.33755 0.04451 0.33946 0.27848 1375.600
3.290 0.49784 47.42513 0.26164 23.61033 0.33774 0.04435 0.33983 0.27808 1375.064
3.295 0.49779 47.36734 0.26129 23.57882 0.33793 0.04419 0.34020 0.27768 1374.528
3.300 0.49773 47.30966 0.26094 23.54740 0.33812 0.04403 0.34057 0.27728 1373.992
3.305 0.49767 47.25208 0.26060 23.51606 0.33831 0.04388 0.34094 0.27688 1373.458
3.310 0.49762 47.19460 0.26025 23.48480 0.33850 0.04372 0.34131 0.27648 1372.924
3.315 0.49756 47.13722 0.25991 23.45362 0.33868 0.04356 0.34168 0.27608 1372.390
3.320 0.49751 47.07995 0.25956 23.42253 0.33887 0.04341 0.34205 0.27568 1371.857
3.325 0.49745 47.02277 0.25922 23.39151 0.33906 0.04325 0.34242 0.27528 1371.325
3.330 0.49740 46.96570 0.25887 23.36057 0.33924 0.04309 0.34279 0.27488 1370.793
3.335 0.49734 46.90873 0.25853 23.32970 0.33943 0.04294 0.34315 0.27448 1370.262
3.340 0.49729 46.85186 0.25819 23.29892 0.33961 0.04278 0.34352 0.27408 1369.732
3.345 0.49724 46.79508 0.25785 23.26822 0.33980 0.04263 0.34389 0.27368 1369.202
3.350 0.49718 46.73841 0.25751 23.23759 0.33998 0.04248 0.34426 0.27328 1368.672
3.355 0.49713 46.68184 0.25717 23.20704 0.34017 0.04232 0.34463 0.27288 1368.144
3.360 0.49708 46.62537 0.25684 23.17658 0.34035 0.04217 0.34499 0.27249 1367.615
3.365 0.49703 46.56900 0.25650 23.14618 0.34053 0.04202 0.34536 0.27209 1367.088
3.370 0.49698 46.51273 0.25616 23.11587 0.34072 0.04187 0.34573 0.27169 1366.561
3.375 0.49693 46.45656 0.25583 23.08563 0.34090 0.04172 0.34610 0.27129 1366.034
3.380 0.49688 46.40049 0.25549 23.05547 0.34108 0.04157 0.34646 0.27089 1365.508
3.385 0.49683 46.34452 0.25516 23.02539 0.34126 0.04142 0.34683 0.27049 1364.983
3.390 0.49678 46.28864 0.25483 22.99538 0.34144 0.04127 0.34720 0.27010 1364.458
3.395 0.49673 46.23287 0.25450 22.96545 0.34162 0.04112 0.34756 0.26970 1363.934
3.400 0.49669 46.17719 0.25416 22.93559 0.34180 0.04097 0.34793 0.26930 1363.411
3.405 0.49664 46.12161 0.25383 22.90581 0.34198 0.04082 0.34830 0.26891 1362.888
3.410 0.49659 46.06613 0.25351 22.87610 0.34216 0.04067 0.34866 0.26851 1362.365
3.415 0.49655 46.01075 0.25318 22.84647 0.34234 0.04052 0.34903 0.26811 1361.844
3.420 0.49650 45.95547 0.25285 22.81692 0.34251 0.04038 0.34939 0.26772 1361.322
3.425 0.49646 45.90028 0.25252 22.78744 0.34269 0.04023 0.34976 0.26732 1360.802
3.430 0.49641 45.84520 0.25220 22.75803 0.34287 0.04009 0.35012 0.26692 1360.282
3.435 0.49637 45.79020 0.25187 22.72870 0.34305 0.03994 0.35049 0.26653 1359.762
3.440 0.49632 45.73531 0.25155 22.69944 0.34322 0.03979 0.35085 0.26613 1359.243
3.445 0.49628 45.68051 0.25122 22.67026 0.34340 0.03965 0.35122 0.26573 1358.725
3.450 0.49624 45.62582 0.25090 22.64114 0.34357 0.03951 0.35158 0.26534 1358.207
3.455 0.49619 45.57121 0.25058 22.61210 0.34375 0.03936 0.35195 0.26494 1357.690
3.460 0.49615 45.51671 0.25026 22.58314 0.34392 0.03922 0.35231 0.26455 1357.173
3.465 0.49611 45.46230 0.24994 22.55425 0.34409 0.03908 0.35268 0.26415 1356.657
3.470 0.49607 45.40798 0.24962 22.52543 0.34427 0.03893 0.35304 0.26376 1356.142
3.475 0.49603 45.35377 0.24930 22.49668 0.34444 0.03879 0.35340 0.26336 1355.627
3.480 0.49599 45.29964 0.24898 22.46800 0.34461 0.03865 0.35377 0.26297 1355.113
3.485 0.49595 45.24562 0.24867 22.43940 0.34479 0.03851 0.35413 0.26257 1354.599
3.490 0.49591 45.19169 0.24835 22.41086 0.34496 0.03837 0.35449 0.26218 1354.086
3.495 0.49587 45.13785 0.24803 22.38240 0.34513 0.03823 0.35486 0.26179 1353.573
3.500 0.49583 45.08411 0.24772 22.35401 0.34530 0.03809 0.35522 0.26139 1353.061
3.505 0.49579 45.03047 0.24741 22.32569 0.34547 0.03795 0.35558 0.26100 1352.550
3.510 0.49575 44.97692 0.24709 22.29744 0.34564 0.03781 0.35594 0.26060 1352.039
3.515 0.49572 44.92346 0.24678 22.26926 0.34581 0.03767 0.35631 0.26021 1351.529
3.520 0.49568 44.87010 0.24647 22.24115 0.34598 0.03754 0.35667 0.25982 1351.019
3.525 0.49564 44.81683 0.24616 22.21311 0.34615 0.03740 0.35703 0.25943 1350.510
3.530 0.49561 44.76366 0.24585 22.18514 0.34631 0.03726 0.35739 0.25903 1350.001
3.535 0.49557 44.71058 0.24554 22.15724 0.34648 0.03713 0.35775 0.25864 1349.493
