timeGa Urey Qt heat/H0 heatTW 1HPE 2HPE 3HPE 4HPE TempC
0.005 0.04002 36.00000 1.00038 1.44055 0.37215 0.01647 0.42994 0.18143 1350.778
0.010 0.03999 36.05740 1.00136 1.44196 0.37207 0.01654 0.42963 0.18176 1351.558
0.015 0.03997 36.11493 1.00234 1.44337 0.37199 0.01661 0.42931 0.18209 1352.339
0.020 0.03994 36.17260 1.00333 1.44479 0.37192 0.01667 0.42900 0.18241 1353.121
0.025 0.03992 36.23042 1.00431 1.44621 0.37184 0.01674 0.42868 0.18274 1353.905
0.030 0.03989 36.28837 1.00530 1.44764 0.37176 0.01680 0.42837 0.18307 1354.690
0.035 0.03987 36.34646 1.00629 1.44906 0.37168 0.01687 0.42805 0.18340 1355.476
0.040 0.03984 36.40470 1.00729 1.45049 0.37161 0.01694 0.42773 0.18372 1356.263
0.045 0.03982 36.46307 1.00828 1.45193 0.37153 0.01700 0.42742 0.18405 1357.052
0.050 0.03979 36.52159 1.00928 1.45336 0.37145 0.01707 0.42710 0.18438 1357.842
0.055 0.03977 36.58025 1.01028 1.45480 0.37137 0.01714 0.42678 0.18471 1358.633
0.060 0.03975 36.63905 1.01128 1.45625 0.37129 0.01720 0.42647 0.18504 1359.426
0.065 0.03972 36.69800 1.01229 1.45769 0.37121 0.01727 0.42615 0.18537 1360.219
0.070 0.03970 36.75709 1.01329 1.45914 0.37113 0.01734 0.42583 0.18570 1361.015
0.075 0.03967 36.81632 1.01430 1.46059 0.37104 0.01741 0.42551 0.18603 1361.811
0.080 0.03965 36.87569 1.01531 1.46205 0.37096 0.01748 0.42520 0.18636 1362.609
0.085 0.03962 36.93522 1.01632 1.46350 0.37088 0.01755 0.42488 0.18670 1363.408
0.090 0.03960 36.99488 1.01734 1.46496 0.37080 0.01761 0.42456 0.18703 1364.208
0.095 0.03957 37.05470 1.01835 1.46643 0.37071 0.01768 0.42424 0.18736 1365.010
0.100 0.03955 37.11465 1.01937 1.46790 0.37063 0.01775 0.42392 0.18769 1365.813
0.105 0.03953 37.17476 1.02039 1.46937 0.37055 0.01782 0.42360 0.18803 1366.617
0.110 0.03950 37.23501 1.02142 1.47084 0.37046 0.01789 0.42328 0.18836 1367.423
0.115 0.03948 37.29541 1.02244 1.47232 0.37038 0.01796 0.42296 0.18869 1368.230
0.120 0.03945 37.35596 1.02347 1.47379 0.37029 0.01803 0.42264 0.18903 1369.038
0.125 0.03943 37.41666 1.02450 1.47528 0.37021 0.01811 0.42232 0.18936 1369.847
0.130 0.03940 37.47750 1.02553 1.47676 0.37012 0.01818 0.42200 0.18970 1370.658
0.135 0.03938 37.53850 1.02656 1.47825 0.37004 0.01825 0.42168 0.19003 1371.471
0.140 0.03936 37.59964 1.02760 1.47974 0.36995 0.01832 0.42136 0.19037 1372.284
0.145 0.03933 37.66094 1.02864 1.48124 0.36986 0.01839 0.42104 0.19071 1373.099
0.150 0.03931 37.72239 1.02968 1.48274 0.36978 0.01846 0.42072 0.19104 1373.916
0.155 0.03928 37.78398 1.03072 1.48424 0.36969 0.01854 0.42040 0.19138 1374.733
0.160 0.03926 37.84573 1.03177 1.48575 0.36960 0.01861 0.42007 0.19172 1375.552
0.165 0.03923 37.90764 1.03281 1.48725 0.36951 0.01868 0.41975 0.19206 1376.373
0.170 0.03921 37.96969 1.03386 1.48877 0.36942 0.01875 0.41943 0.19239 1377.194
0.175 0.03918 38.03190 1.03492 1.49028 0.36933 0.01883 0.41911 0.19273 1378.018
0.180 0.03916 38.09426 1.03597 1.49180 0.36924 0.01890 0.41878 0.19307 1378.842
0.185 0.03914 38.15678 1.03703 1.49332 0.36915 0.01898 0.41846 0.19341 1379.668
0.190 0.03911 38.21945 1.03809 1.49484 0.36906 0.01905 0.41814 0.19375 1380.495
0.195 0.03909 38.28228 1.03915 1.49637 0.36897 0.01912 0.41781 0.19409 1381.324
0.200 0.03906 38.34526 1.04021 1.49790 0.36888 0.01920 0.41749 0.19443 1382.154
0.205 0.03904 38.40840 1.04128 1.49944 0.36879 0.01927 0.41717 0.19477 1382.985
0.210 0.03902 38.47170 1.04234 1.50098 0.36870 0.01935 0.41684 0.19511 1383.818
0.215 0.03899 38.53515 1.04341 1.50252 0.36860 0.01942 0.41652 0.19545 1384.652
0.220 0.03897 38.59876 1.04449 1.50406 0.36851 0.01950 0.41619 0.19580 1385.488
0.225 0.03894 38.66253 1.04556 1.50561 0.36842 0.01958 0.41587 0.19614 1386.325
0.230 0.03892 38.72646 1.04664 1.50716 0.36832 0.01965 0.41554 0.19648 1387.163
0.235 0.03889 38.79055 1.04772 1.50871 0.36823 0.01973 0.41522 0.19682 1388.003
0.240 0.03887 38.85479 1.04880 1.51027 0.36813 0.01981 0.41489 0.19717 1388.844
0.245 0.03885 38.91920 1.04988 1.51183 0.36804 0.01988 0.41457 0.19751 1389.687
0.250 0.03882 38.98377 1.05097 1.51340 0.36794 0.01996 0.41424 0.19785 1390.531
0.255 0.03880 39.04850 1.05206 1.51497 0.36785 0.02004 0.41391 0.19820 1391.376
0.260 0.03877 39.11339 1.05315 1.51654 0.36775 0.02012 0.41359 0.19854 1392.223
0.265 0.03875 39.17845 1.05424 1.51811 0.36765 0.02020 0.41326 0.19889 1393.072
0.270 0.03872 39.24367 1.05534 1.51969 0.36756 0.02027 0.41293 0.19923 1393.921
0.275 0.03870 39.30905 1.05644 1.52127 0.36746 0.02035 0.41261 0.19958 1394.772
0.280 0.03868 39.37460 1.05754 1.52286 0.36736 0.02043 0.41228 0.19993 1395.625
0.285 0.03865 39.44031 1.05864 1.52445 0.36726 0.02051 0.41195 0.20027 1396.479
0.290 0.03863 39.50618 1.05975 1.52604 0.36716 0.02059 0.41162 0.20062 1397.335
0.295 0.03860 39.57222 1.06086 1.52764 0.36707 0.02067 0.41129 0.20097 1398.192
0.300 0.03858 39.63843 1.06197 1.52923 0.36697 0.02075 0.41097 0.20132 1399.050
0.305 0.03856 39.70480 1.06308 1.53084 0.36687 0.02083 0.41064 0.20166 1399.910
0.310 0.03853 39.77135 1.06420 1.53244 0.36677 0.02091 0.41031 0.20201 1400.771
0.315 0.03851 39.83806 1.06532 1.53405 0.36666 0.02100 0.40998 0.20236 1401.634
0.320 0.03848 39.90493 1.06644 1.53567 0.36656 0.02108 0.40965 0.20271 1402.498
0.325 0.03846 39.97198 1.06756 1.53728 0.36646 0.02116 0.40932 0.20306 1403.364
0.330 0.03843 40.03920 1.06868 1.53890 0.36636 0.02124 0.40899 0.20341 1404.232
0.335 0.03841 40.10658 1.06981 1.54053 0.36626 0.02132 0.40866 0.20376 1405.100
0.340 0.03839 40.17414 1.07094 1.54216 0.36615 0.02141 0.40833 0.20411 1405.970
0.345 0.03836 40.24187 1.07207 1.54379 0.36605 0.02149 0.40800 0.20446 1406.842
0.350 0.03834 40.30977 1.07321 1.54542 0.36595 0.02157 0.40767 0.20481 1407.715
0.355 0.03831 40.37784 1.07435 1.54706 0.36584 0.02166 0.40734 0.20516 1408.590
0.360 0.03829 40.44609 1.07549 1.54870 0.36574 0.02174 0.40701 0.20552 1409.466
0.365 0.03827 40.51451 1.07663 1.55035 0.36563 0.02182 0.40668 0.20587 1410.344
0.370 0.03824 40.58310 1.07778 1.55200 0.36553 0.02191 0.40634 0.20622 1411.223
0.375 0.03822 40.65187 1.07893 1.55365 0.36542 0.02199 0.40601 0.20657 1412.104
0.380 0.03819 40.72081 1.08008 1.55531 0.36532 0.02208 0.40568 0.20693 1412.986
0.385 0.03817 40.78993 1.08123 1.55697 0.36521 0.02216 0.40535 0.20728 1413.870
0.390 0.03815 40.85922 1.08238 1.55863 0.36510 0.02225 0.40501 0.20763 1414.755
0.395 0.03812 40.92869 1.08354 1.56030 0.36499 0.02233 0.40468 0.20799 1415.642
0.400 0.03810 40.99834 1.08470 1.56197 0.36489 0.02242 0.40435 0.20834 1416.530
0.405 0.03807 41.06817 1.08587 1.56365 0.36478 0.02251 0.40402 0.20870 1417.420
0.410 0.03805 41.13818 1.08703 1.56533 0.36467 0.02259 0.40368 0.20905 1418.312
0.415 0.03803 41.20836 1.08820 1.56701 0.36456 0.02268 0.40335 0.20941 1419.204
0.420 0.03800 41.27873 1.08937 1.56870 0.36445 0.02277 0.40301 0.20977 1420.099
0.425 0.03798 41.34927 1.09055 1.57039 0.36434 0.02286 0.40268 0.21012 1420.995
0.430 0.03795 41.42000 1.09172 1.57208 0.36423 0.02294 0.40235 0.21048 1421.893
0.435 0.03793 41.49091 1.09290 1.57378 0.36412 0.02303 0.40201 0.21084 1422.792
0.440 0.03791 41.56200 1.09409 1.57548 0.36401 0.02312 0.40168 0.21119 1423.692
0.445 0.03788 41.63327 1.09527 1.57719 0.36390 0.02321 0.40134 0.21155 1424.595
0.450 0.03786 41.70473 1.09646 1.57890 0.36378 0.02330 0.40101 0.21191 1425.499
0.455 0.03784 41.77637 1.09765 1.58061 0.36367 0.02339 0.40067 0.21227 1426.404
0.460 0.03781 41.84820 1.09884 1.58233 0.36356 0.02348 0.40033 0.21263 1427.311
0.465 0.03779 41.92021 1.10003 1.58405 0.36344 0.02357 0.40000 0.21299 1428.220
0.470 0.03776 41.99240 1.10123 1.58577 0.36333 0.02366 0.39966 0.21335 1429.130
0.475 0.03774 42.06479 1.10243 1.58750 0.36322 0.02375 0.39933 0.21371 1430.042
0.480 0.03772 42.13736 1.10364 1.58924 0.36310 0.02384 0.39899 0.21407 1430.955
0.485 0.03769 42.21012 1.10484 1.59097 0.36299 0.02393 0.39865 0.21443 1431.870
0.490 0.03767 42.28306 1.10605 1.59271 0.36287 0.02403 0.39832 0.21479 1432.787
0.495 0.03764 42.35620 1.10726 1.59446 0.36275 0.02412 0.39798 0.21515 1433.705
0.500 0.03762 42.42952 1.10848 1.59621 0.36264 0.02421 0.39764 0.21551 1434.625
0.505 0.03760 42.50304 1.10969 1.59796 0.36252 0.02430 0.39730 0.21587 1435.546
0.510 0.03757 42.57675 1.11091 1.59972 0.36240 0.02440 0.39696 0.21623 1436.469
0.515 0.03755 42.65065 1.11214 1.60148 0.36229 0.02449 0.39663 0.21660 1437.394
0.520 0.03752 42.72474 1.11336 1.60324 0.36217 0.02458 0.39629 0.21696 1438.320
0.525 0.03750 42.79902 1.11459 1.60501 0.36205 0.02468 0.39595 0.21732 1439.248
0.530 0.03748 42.87350 1.11582 1.60678 0.36193 0.02477 0.39561 0.21769 1440.177
0.535 0.03745 42.94817 1.11706 1.60856 0.36181 0.02487 0.39527 0.21805 1441.109
0.540 0.03743 43.02304 1.11829 1.61034 0.36169 0.02496 0.39493 0.21841 1442.042
0.545 0.03741 43.09810 1.11953 1.61213 0.36157 0.02506 0.39459 0.21878 1442.976
0.550 0.03738 43.17336 1.12077 1.61391 0.36145 0.02515 0.39425 0.21914 1443.912
0.555 0.03736 43.24881 1.12202 1.61571 0.36133 0.02525 0.39391 0.21951 1444.850
0.560 0.03733 43.32446 1.12327 1.61750 0.36121 0.02535 0.39357 0.21987 1445.789
0.565 0.03731 43.40031 1.12452 1.61931 0.36109 0.02544 0.39323 0.22024 1446.731
0.570 0.03729 43.47636 1.12577 1.62111 0.36096 0.02554 0.39289 0.22061 1447.673
0.575 0.03726 43.55261 1.12703 1.62292 0.36084 0.02564 0.39255 0.22097 1448.618
0.580 0.03724 43.62906 1.12829 1.62473 0.36072 0.02574 0.39221 0.22134 1449.564
0.585 0.03722 43.70571 1.12955 1.62655 0.36059 0.02583 0.39187 0.22171 1450.512
0.590 0.03719 43.78256 1.13082 1.62837 0.36047 0.02593 0.39153 0.22207 1451.462
0.595 0.03717 43.85962 1.13208 1.63020 0.36034 0.02603 0.39118 0.22244 1452.413
0.600 0.03714 43.93687 1.13335 1.63203 0.36022 0.02613 0.39084 0.22281 1453.366
0.605 0.03712 44.01433 1.13463 1.63387 0.36009 0.02623 0.39050 0.22318 1454.320
0.610 0.03710 44.09200 1.13591 1.63570 0.35997 0.02633 0.39016 0.22355 1455.277
0.615 0.03707 44.16987 1.13719 1.63755 0.35984 0.02643 0.38981 0.22391 1456.235
0.620 0.03705 44.24794 1.13847 1.63940 0.35971 0.02653 0.38947 0.22428 1457.195
0.625 0.03703 44.32622 1.13976 1.64125 0.35959 0.02663 0.38913 0.22465 1458.156
0.630 0.03700 44.40471 1.14104 1.64310 0.35946 0.02673 0.38879 0.22502 1459.119
0.635 0.03698 44.48341 1.14234 1.64496 0.35933 0.02683 0.38844 0.22539 1460.084
0.640 0.03696 44.56231 1.14363 1.64683 0.35920 0.02694 0.38810 0.22576 1461.051
0.645 0.03693 44.64143 1.14493 1.64870 0.35907 0.02704 0.38775 0.22613 1462.019
0.650 0.03691 44.72075 1.14623 1.65057 0.35894 0.02714 0.38741 0.22651 1462.990
0.655 0.03688 44.80028 1.14753 1.65245 0.35881 0.02724 0.38707 0.22688 1463.962
0.660 0.03686 44.88003 1.14884 1.65433 0.35868 0.02735 0.38672 0.22725 1464.935
0.665 0.03684 44.95999 1.15015 1.65622 0.35855 0.02745 0.38638 0.22762 1465.911
0.670 0.03681 45.04016 1.15146 1.65811 0.35842 0.02756 0.38603 0.22799 1466.888
0.675 0.03679 45.12054 1.15278 1.66000 0.35829 0.02766 0.38569 0.22837 1467.867
0.680 0.03677 45.20114 1.15410 1.66190 0.35816 0.02776 0.38534 0.22874 1468.848
0.685 0.03674 45.28196 1.15542 1.66381 0.35803 0.02787 0.38499 0.22911 1469.830
0.690 0.03672 45.36299 1.15675 1.66572 0.35789 0.02798 0.38465 0.22948 1470.815
0.695 0.03670 45.44423 1.15808 1.66763 0.35776 0.02808 0.38430 0.22986 1471.801
0.700 0.03667 45.52569 1.15941 1.66955 0.35763 0.02819 0.38396 0.23023 1472.789
0.705 0.03665 45.60738 1.16074 1.67147 0.35749 0.02829 0.38361 0.23061 1473.778
0.710 0.03663 45.68928 1.16208 1.67339 0.35736 0.02840 0.38326 0.23098 1474.770
0.715 0.03660 45.77140 1.16342 1.67533 0.35722 0.02851 0.38292 0.23136 1475.763
0.720 0.03658 45.85374 1.16477 1.67726 0.35709 0.02862 0.38257 0.23173 1476.758
0.725 0.03656 45.93630 1.16611 1.67920 0.35695 0.02872 0.38222 0.23211 1477.755
0.730 0.03653 46.01908 1.16746 1.68115 0.35681 0.02883 0.38187 0.23248 1478.754
0.735 0.03651 46.10208 1.16882 1.68310 0.35668 0.02894 0.38152 0.23286 1479.754
0.740 0.03648 46.18531 1.17017 1.68505 0.35654 0.02905 0.38118 0.23323 1480.757
0.745 0.03646 46.26876 1.17153 1.68701 0.35640 0.02916 0.38083 0.23361 1481.761
0.750 0.03644 46.35244 1.17290 1.68897 0.35626 0.02927 0.38048 0.23399 1482.767
0.755 0.03641 46.43634 1.17426 1.69094 0.35612 0.02938 0.38013 0.23437 1483.775
0.760 0.03639 46.52047 1.17563 1.69291 0.35598 0.02949 0.37978 0.23474 1484.785
0.765 0.03637 46.60483 1.17701 1.69489 0.35584 0.02960 0.37943 0.23512 1485.796
0.770 0.03634 46.68942 1.17838 1.69687 0.35570 0.02971 0.37908 0.23550 1486.810
0.775 0.03632 46.77423 1.17976 1.69886 0.35556 0.02982 0.37873 0.23588 1487.825
0.780 0.03630 46.85927 1.18115 1.70085 0.35542 0.02994 0.37838 0.23626 1488.842
0.785 0.03627 46.94454 1.18253 1.70285 0.35528 0.03005 0.37803 0.23663 1489.862
0.790 0.03625 47.03005 1.18392 1.70485 0.35514 0.03016 0.37768 0.23701 1490.883
0.795 0.03623 47.11579 1.18531 1.70685 0.35500 0.03028 0.37733 0.23739 1491.905
0.800 0.03620 47.20176 1.18671 1.70886 0.35486 0.03039 0.37698 0.23777 1492.930
0.805 0.03618 47.28796 1.18811 1.71088 0.35471 0.03050 0.37663 0.23815 1493.957
0.810 0.03616 47.37440 1.18951 1.71290 0.35457 0.03062 0.37628 0.23853 1494.985
0.815 0.03613 47.46107 1.19092 1.71492 0.35442 0.03073 0.37593 0.23891 1496.016
0.820 0.03611 47.54798 1.19233 1.71695 0.35428 0.03085 0.37558 0.23929 1497.048
0.825 0.03609 47.63512 1.19374 1.71899 0.35413 0.03096 0.37523 0.23967 1498.082
0.830 0.03606 47.72251 1.19516 1.72102 0.35399 0.03108 0.37488 0.24006 1499.119
0.835 0.03604 47.81013 1.19658 1.72307 0.35384 0.03120 0.37452 0.24044 1500.157
0.840 0.03602 47.89799 1.19800 1.72512 0.35370 0.03131 0.37417 0.24082 1501.197
0.845 0.03599 47.98609 1.19942 1.72717 0.35355 0.03143 0.37382 0.24120 1502.239
0.850 0.03597 48.07444 1.20085 1.72923 0.35340 0.03155 0.37347 0.24158 1503.283
0.855 0.03595 48.16302 1.20229 1.73129 0.35326 0.03167 0.37311 0.24197 1504.329
0.860 0.03592 48.25185 1.20372 1.73336 0.35311 0.03178 0.37276 0.24235 1505.377
0.865 0.03590 48.34092 1.20516 1.73544 0.35296 0.03190 0.37241 0.24273 1506.426
0.870 0.03588 48.43023 1.20661 1.73752 0.35281 0.03202 0.37205 0.24311 1507.478
0.875 0.03585 48.51980 1.20806 1.73960 0.35266 0.03214 0.37170 0.24350 1508.532
0.880 0.03583 48.60960 1.20951 1.74169 0.35251 0.03226 0.37135 0.24388 1509.588
0.885 0.03581 48.69966 1.21096 1.74378 0.35236 0.03238 0.37099 0.24427 1510.645
0.890 0.03578 48.78996 1.21242 1.74588 0.35221 0.03250 0.37064 0.24465 1511.705
0.895 0.03576 48.88051 1.21388 1.74799 0.35206 0.03262 0.37028 0.24504 1512.767
0.900 0.03574 48.97131 1.21534 1.75009 0.35191 0.03275 0.36993 0.24542 1513.831
0.905 0.03571 49.06236 1.21681 1.75221 0.35175 0.03287 0.36957 0.24580 1514.896
0.910 0.03569 49.15367 1.21828 1.75433 0.35160 0.03299 0.36922 0.24619 1515.964
0.915 0.03567 49.24522 1.21976 1.75645 0.35145 0.03311 0.36886 0.24658 1517.034
0.920 0.03564 49.33703 1.22124 1.75858 0.35130 0.03324 0.36851 0.24696 1518.105
0.925 0.03562 49.42910 1.22272 1.76072 0.35114 0.03336 0.36815 0.24735 1519.179
0.930 0.03560 49.52141 1.22421 1.76286 0.35099 0.03348 0.36780 0.24773 1520.255
0.935 0.03557 49.61399 1.22570 1.76500 0.35083 0.03361 0.36744 0.24812 1521.333
0.940 0.03555 49.70682 1.22719 1.76715 0.35068 0.03373 0.36708 0.24851 1522.413
0.945 0.03553 49.79991 1.22869 1.76931 0.35052 0.03386 0.36673 0.24889 1523.495
0.950 0.03551 49.89326 1.23019 1.77147 0.35037 0.03398 0.36637 0.24928 1524.579
0.955 0.03548 49.98686 1.23169 1.77364 0.35021 0.03411 0.36601 0.24967 1525.665
0.960 0.03546 50.08073 1.23320 1.77581 0.35005 0.03424 0.36566 0.25006 1526.753
0.965 0.03544 50.17486 1.23471 1.77798 0.34989 0.03436 0.36530 0.25044 1527.843
0.970 0.03541 50.26925 1.23623 1.78017 0.34974 0.03449 0.36494 0.25083 1528.935
0.975 0.03539 50.36391 1.23775 1.78235 0.34958 0.03462 0.36458 0.25122 1530.029
0.980 0.03537 50.45883 1.23927 1.78455 0.34942 0.03475 0.36423 0.25161 1531.126
0.985 0.03534 50.55401 1.24079 1.78674 0.34926 0.03487 0.36387 0.25200 1532.224
0.990 0.03532 50.64947 1.24232 1.78895 0.34910 0.03500 0.36351 0.25239 1533.325
0.995 0.03530 50.74518 1.24386 1.79116 0.34894 0.03513 0.36315 0.25278 1534.428
1.000 0.03527 50.84117 1.24540 1.79337 0.34878 0.03526 0.36279 0.25317 1535.533
1.005 0.03525 50.93743 1.24694 1.79559 0.34862 0.03539 0.36243 0.25356 1536.640
1.010 0.03523 51.03395 1.24848 1.79782 0.34846 0.03552 0.36207 0.25394 1537.749
1.015 0.03520 51.13075 1.25003 1.80005 0.34829 0.03565 0.36172 0.25433 1538.860
1.020 0.03518 51.22782 1.25159 1.80228 0.34813 0.03579 0.36136 0.25473 1539.973
1.025 0.03516 51.32516 1.25314 1.80453 0.34797 0.03592 0.36100 0.25512 1541.089
1.030 0.03514 51.42278 1.25470 1.80677 0.34781 0.03605 0.36064 0.25551 1542.206
1.035 0.03511 51.52067 1.25627 1.80903 0.34764 0.03618 0.36028 0.25590 1543.326
1.040 0.03509 51.61884 1.25784 1.81128 0.34748 0.03632 0.35992 0.25629 1544.448
1.045 0.03507 51.71728 1.25941 1.81355 0.34731 0.03645 0.35956 0.25668 1545.572
1.050 0.03504 51.81600 1.26098 1.81582 0.34715 0.03659 0.35920 0.25707 1546.698
1.055 0.03502 51.91501 1.26256 1.81809 0.34698 0.03672 0.35883 0.25746 1547.827
1.060 0.03500 52.01429 1.26415 1.82037 0.34682 0.03685 0.35847 0.25786 1548.958
1.065 0.03497 52.11385 1.26574 1.82266 0.34665 0.03699 0.35811 0.25825 1550.090
1.070 0.03495 52.21369 1.26733 1.82495 0.34648 0.03713 0.35775 0.25864 1551.225
1.075 0.03493 52.31382 1.26892 1.82725 0.34632 0.03726 0.35739 0.25903 1552.363
1.080 0.03491 52.41423 1.27052 1.82955 0.34615 0.03740 0.35703 0.25942 1553.502
1.085 0.03488 52.51493 1.27213 1.83186 0.34598 0.03754 0.35667 0.25982 1554.644
1.090 0.03486 52.61591 1.27374 1.83418 0.34581 0.03767 0.35630 0.26021 1555.788
1.095 0.03484 52.71718 1.27535 1.83650 0.34564 0.03781 0.35594 0.26060 1556.934
1.100 0.03481 52.81874 1.27696 1.83883 0.34547 0.03795 0.35558 0.26100 1558.082
1.105 0.03479 52.92059 1.27858 1.84116 0.34530 0.03809 0.35522 0.26139 1559.233
1.110 0.03477 53.02273 1.28021 1.84350 0.34513 0.03823 0.35485 0.26179 1560.386
1.115 0.03475 53.12516 1.28183 1.84584 0.34496 0.03837 0.35449 0.26218 1561.541
1.120 0.03472 53.22788 1.28347 1.84819 0.34479 0.03851 0.35413 0.26257 1562.698
1.125 0.03470 53.33089 1.28510 1.85055 0.34462 0.03865 0.35377 0.26297 1563.858
1.130 0.03468 53.43420 1.28674 1.85291 0.34444 0.03879 0.35340 0.26336 1565.020
1.135 0.03465 53.53781 1.28839 1.85528 0.34427 0.03893 0.35304 0.26376 1566.184
1.140 0.03463 53.64171 1.29004 1.85765 0.34410 0.03908 0.35267 0.26415 1567.350
1.145 0.03461 53.74591 1.29169 1.86003 0.34392 0.03922 0.35231 0.26455 1568.519
1.150 0.03459 53.85041 1.29335 1.86242 0.34375 0.03936 0.35195 0.26494 1569.690
1.155 0.03456 53.95521 1.29501 1.86481 0.34357 0.03951 0.35158 0.26534 1570.864
1.160 0.03454 54.06031 1.29667 1.86721 0.34340 0.03965 0.35122 0.26573 1572.039
1.165 0.03452 54.16572 1.29834 1.86961 0.34322 0.03979 0.35085 0.26613 1573.217
1.170 0.03449 54.27142 1.30001 1.87202 0.34305 0.03994 0.35049 0.26653 1574.398
1.175 0.03447 54.37743 1.30169 1.87444 0.34287 0.04008 0.35012 0.26692 1575.580
1.180 0.03445 54.48375 1.30337 1.87686 0.34269 0.04023 0.34976 0.26732 1576.765
1.185 0.03443 54.59037 1.30506 1.87929 0.34252 0.04038 0.34939 0.26771 1577.953
1.190 0.03440 54.69730 1.30675 1.88172 0.34234 0.04052 0.34903 0.26811 1579.142
1.195 0.03438 54.80454 1.30845 1.88416 0.34216 0.04067 0.34866 0.26851 1580.334
1.200 0.03436 54.91209 1.31014 1.88661 0.34198 0.04082 0.34829 0.26891 1581.529
1.205 0.03433 55.01996 1.31185 1.88906 0.34180 0.04097 0.34793 0.26930 1582.726
1.210 0.03431 55.12813 1.31356 1.89152 0.34162 0.04112 0.34756 0.26970 1583.925
1.215 0.03429 55.23662 1.31527 1.89399 0.34144 0.04127 0.34720 0.27010 1585.126
1.220 0.03427 55.34542 1.31698 1.89646 0.34126 0.04141 0.34683 0.27049 1586.330
1.225 0.03424 55.45454 1.31870 1.89893 0.34108 0.04156 0.34646 0.27089 1587.537
1.230 0.03422 55.56397 1.32043 1.90142 0.34090 0.04172 0.34609 0.27129 1588.746
1.235 0.03420 55.67373 1.32216 1.90391 0.34072 0.04187 0.34573 0.27169 1589.957
1.240 0.03417 55.78380 1.32389 1.90641 0.34053 0.04202 0.34536 0.27209 1591.170
1.245 0.03415 55.89420 1.32563 1.90891 0.34035 0.04217 0.34499 0.27248 1592.386
1.250 0.03413 56.00491 1.32737 1.91142 0.34017 0.04232 0.34463 0.27288 1593.605
1.255 0.03411 56.11595 1.32912 1.91393 0.33998 0.04248 0.34426 0.27328 1594.826
1.260 0.03408 56.22731 1.33087 1.91646 0.33980 0.04263 0.34389 0.27368 1596.049
1.265 0.03406 56.33900 1.33263 1.91899 0.33962 0.04278 0.34352 0.27408 1597.275
1.270 0.03404 56.45102 1.33439 1.92152 0.33943 0.04294 0.34315 0.27448 1598.503
1.275 0.03402 56.56336 1.33616 1.92406 0.33925 0.04309 0.34278 0.27488 1599.734
1.280 0.03399 56.67603 1.33792 1.92661 0.33906 0.04325 0.34242 0.27528 1600.967
1.285 0.03397 56.78904 1.33970 1.92917 0.33887 0.04340 0.34205 0.27568 1602.203
1.290 0.03395 56.90237 1.34148 1.93173 0.33869 0.04356 0.34168 0.27608 1603.441
1.295 0.03393 57.01604 1.34326 1.93430 0.33850 0.04372 0.34131 0.27648 1604.682
1.300 0.03390 57.13004 1.34505 1.93687 0.33831 0.04388 0.34094 0.27688 1605.926
1.305 0.03388 57.24438 1.34684 1.93945 0.33812 0.04403 0.34057 0.27727 1607.171
1.310 0.03386 57.35905 1.34864 1.94204 0.33793 0.04419 0.34020 0.27767 1608.420
1.315 0.03383 57.47406 1.35044 1.94463 0.33774 0.04435 0.33983 0.27808 1609.670
1.320 0.03381 57.58941 1.35225 1.94724 0.33755 0.04451 0.33946 0.27848 1610.924
1.325 0.03379 57.70510 1.35406 1.94984 0.33736 0.04467 0.33909 0.27888 1612.180
1.330 0.03377 57.82113 1.35587 1.95246 0.33717 0.04483 0.33872 0.27928 1613.438
1.335 0.03374 57.93751 1.35769 1.95508 0.33698 0.04499 0.33835 0.27968 1614.699
1.340 0.03372 58.05423 1.35952 1.95771 0.33679 0.04515 0.33798 0.28008 1615.963
1.345 0.03370 58.17129 1.36135 1.96034 0.33660 0.04531 0.33761 0.28048 1617.229
1.350 0.03368 58.28871 1.36318 1.96299 0.33641 0.04548 0.33724 0.28088 1618.498
1.355 0.03365 58.40647 1.36502 1.96563 0.33621 0.04564 0.33687 0.28128 1619.769
1.360 0.03363 58.52458 1.36687 1.96829 0.33602 0.04580 0.33650 0.28168 1621.043
1.365 0.03361 58.64304 1.36872 1.97095 0.33583 0.04597 0.33612 0.28208 1622.320
1.370 0.03359 58.76185 1.37057 1.97362 0.33563 0.04613 0.33575 0.28248 1623.599
1.375 0.03356 58.88102 1.37243 1.97630 0.33544 0.04630 0.33538 0.28288 1624.881
1.380 0.03354 59.00054 1.37429 1.97898 0.33524 0.04646 0.33501 0.28329 1626.165
1.385 0.03352 59.12041 1.37616 1.98167 0.33505 0.04663 0.33464 0.28369 1627.452
1.390 0.03350 59.24065 1.37803 1.98437 0.33485 0.04679 0.33426 0.28409 1628.742
1.395 0.03347 59.36124 1.37991 1.98707 0.33465 0.04696 0.33389 0.28449 1630.034
1.400 0.03345 59.48220 1.38179 1.98978 0.33446 0.04713 0.33352 0.28489 1631.330
1.405 0.03343 59.60351 1.38368 1.99250 0.33426 0.04730 0.33315 0.28529 1632.627
1.410 0.03341 59.72519 1.38558 1.99523 0.33406 0.04747 0.33277 0.28570 1633.928
1.415 0.03338 59.84723 1.38747 1.99796 0.33386 0.04764 0.33240 0.28610 1635.231
1.420 0.03336 59.96964 1.38938 2.00070 0.33367 0.04780 0.33203 0.28650 1636.537
1.425 0.03334 60.09242 1.39128 2.00345 0.33347 0.04797 0.33166 0.28690 1637.845
1.430 0.03332 60.21556 1.39320 2.00620 0.33327 0.04815 0.33128 0.28731 1639.156
1.435 0.03329 60.33908 1.39511 2.00896 0.33307 0.04832 0.33091 0.28771 1640.470
1.440 0.03327 60.46296 1.39704 2.01173 0.33287 0.04849 0.33053 0.28811 1641.787
1.445 0.03325 60.58722 1.39896 2.01451 0.33267 0.04866 0.33016 0.28851 1643.106
1.450 0.03323 60.71186 1.40090 2.01729 0.33246 0.04883 0.32979 0.28892 1644.428
1.455 0.03320 60.83686 1.40284 2.02008 0.33226 0.04901 0.32941 0.28932 1645.753
1.460 0.03318 60.96225 1.40478 2.02288 0.33206 0.04918 0.32904 0.28972 1647.081
1.465 0.03316 61.08802 1.40673 2.02569 0.33186 0.04936 0.32866 0.29012 1648.411
1.470 0.03314 61.21416 1.40868 2.02850 0.33165 0.04953 0.32829 0.29053 1649.745
1.475 0.03312 61.34069 1.41064 2.03132 0.33145 0.04971 0.32792 0.29093 1651.081
1.480 0.03309 61.46759 1.41260 2.03415 0.33125 0.04988 0.32754 0.29133 1652.419
1.485 0.03307 61.59489 1.41457 2.03698 0.33104 0.05006 0.32717 0.29174 1653.761
1.490 0.03305 61.72257 1.41654 2.03982 0.33084 0.05023 0.32679 0.29214 1655.105
1.495 0.03303 61.85063 1.41852 2.04267 0.33063 0.05041 0.32642 0.29254 1656.453
1.500 0.03300 61.97909 1.42051 2.04553 0.33042 0.05059 0.32604 0.29294 1657.803
1.505 0.03298 62.10793 1.42250 2.04840 0.33022 0.05077 0.32566 0.29335 1659.155
1.510 0.03296 62.23717 1.42449 2.05127 0.33001 0.05095 0.32529 0.29375 1660.511
1.515 0.03294 62.36680 1.42649 2.05415 0.32980 0.05113 0.32491 0.29415 1661.870
1.520 0.03291 62.49683 1.42850 2.05704 0.32960 0.05131 0.32454 0.29456 1663.231
1.525 0.03289 62.62725 1.43051 2.05993 0.32939 0.05149 0.32416 0.29496 1664.596
1.530 0.03287 62.75807 1.43253 2.06284 0.32918 0.05167 0.32379 0.29536 1665.963
1.535 0.03285 62.88929 1.43455 2.06575 0.32897 0.05185 0.32341 0.29577 1667.333
1.540 0.03283 63.02091 1.43657 2.06867 0.32876 0.05204 0.32303 0.29617 1668.706
1.545 0.03280 63.15294 1.43861 2.07159 0.32855 0.05222 0.32266 0.29657 1670.082
1.550 0.03278 63.28537 1.44064 2.07453 0.32834 0.05240 0.32228 0.29698 1671.461
1.555 0.03276 63.41820 1.44269 2.07747 0.32813 0.05259 0.32190 0.29738 1672.842
1.560 0.03274 63.55144 1.44474 2.08042 0.32792 0.05277 0.32153 0.29778 1674.227
1.565 0.03271 63.68509 1.44679 2.08338 0.32771 0.05296 0.32115 0.29819 1675.615
1.570 0.03269 63.81915 1.44885 2.08634 0.32750 0.05314 0.32077 0.29859 1677.005
1.575 0.03267 63.95363 1.45092 2.08932 0.32728 0.05333 0.32039 0.29900 1678.399
1.580 0.03265 64.08851 1.45299 2.09230 0.32707 0.05351 0.32002 0.29940 1679.795
1.585 0.03262 64.22382 1.45506 2.09529 0.32686 0.05370 0.31964 0.29980 1681.195
1.590 0.03260 64.35954 1.45714 2.09829 0.32664 0.05389 0.31926 0.30021 1682.597
1.595 0.03258 64.49567 1.45923 2.10129 0.32643 0.05408 0.31888 0.30061 1684.003
1.600 0.03256 64.63223 1.46133 2.10431 0.32621 0.05427 0.31851 0.30101 1685.411
1.605 0.03254 64.76921 1.46342 2.10733 0.32600 0.05446 0.31813 0.30142 1686.823
1.610 0.03251 64.90662 1.46553 2.11036 0.32578 0.05465 0.31775 0.30182 1688.237
1.615 0.03249 65.04444 1.46764 2.11340 0.32557 0.05484 0.31737 0.30222 1689.655
1.620 0.03247 65.18270 1.46975 2.11645 0.32535 0.05503 0.31699 0.30263 1691.075
1.625 0.03245 65.32138 1.47188 2.11950 0.32513 0.05522 0.31661 0.30303 1692.499
1.630 0.03243 65.46050 1.47400 2.12256 0.32491 0.05541 0.31624 0.30343 1693.926
1.635 0.03240 65.60005 1.47614 2.12563 0.32470 0.05561 0.31586 0.30384 1695.356
1.640 0.03238 65.74003 1.47827 2.12871 0.32448 0.05580 0.31548 0.30424 1696.788
1.645 0.03236 65.88044 1.48042 2.13180 0.32426 0.05600 0.31510 0.30465 1698.224
1.650 0.03234 66.02130 1.48257 2.13490 0.32404 0.05619 0.31472 0.30505 1699.664
1.655 0.03231 66.16259 1.48472 2.13800 0.32382 0.05639 0.31434 0.30545 1701.106
1.660 0.03229 66.30432 1.48689 2.14112 0.32360 0.05658 0.31396 0.30586 1702.551
1.665 0.03227 66.44649 1.48905 2.14424 0.32338 0.05678 0.31358 0.30626 1703.999
1.670 0.03225 66.58911 1.49123 2.14737 0.32316 0.05698 0.31320 0.30666 1705.451
1.675 0.03223 66.73218 1.49341 2.15051 0.32294 0.05717 0.31282 0.30707 1706.906
1.680 0.03220 66.87569 1.49559 2.15365 0.32272 0.05737 0.31244 0.30747 1708.364
1.685 0.03218 67.01965 1.49778 2.15681 0.32249 0.05757 0.31206 0.30787 1709.825
1.690 0.03216 67.16406 1.49998 2.15997 0.32227 0.05777 0.31168 0.30828 1711.289
1.695 0.03214 67.30893 1.50218 2.16315 0.32205 0.05797 0.31130 0.30868 1712.757
1.700 0.03212 67.45425 1.50439 2.16633 0.32182 0.05817 0.31092 0.30908 1714.227
1.705 0.03209 67.60003 1.50661 2.16952 0.32160 0.05837 0.31054 0.30949 1715.701
1.710 0.03207 67.74626 1.50883 2.17272 0.32138 0.05857 0.31016 0.30989 1717.178
1.715 0.03205 67.89296 1.51106 2.17592 0.32115 0.05878 0.30978 0.31029 1718.658
1.720 0.03203 68.04011 1.51329 2.17914 0.32092 0.05898 0.30940 0.31069 1720.142
1.725 0.03201 68.18774 1.51553 2.18236 0.32070 0.05918 0.30902 0.31110 1721.629
1.730 0.03198 68.33582 1.51778 2.18560 0.32047 0.05939 0.30864 0.31150 1723.119
1.735 0.03196 68.48438 1.52003 2.18884 0.32025 0.05959 0.30826 0.31190 1724.612
1.740 0.03194 68.63340 1.52229 2.19209 0.32002 0.05980 0.30788 0.31231 1726.109
1.745 0.03192 68.78290 1.52455 2.19535 0.31979 0.06000 0.30750 0.31271 1727.609
1.750 0.03190 68.93287 1.52682 2.19862 0.31956 0.06021 0.30711 0.31311 1729.112
1.755 0.03187 69.08331 1.52910 2.20190 0.31933 0.06042 0.30673 0.31351 1730.619
1.760 0.03185 69.23423 1.53138 2.20519 0.31911 0.06063 0.30635 0.31392 1732.129
1.765 0.03183 69.38563 1.53367 2.20849 0.31888 0.06083 0.30597 0.31432 1733.642
1.770 0.03181 69.53751 1.53597 2.21179 0.31865 0.06104 0.30559 0.31472 1735.158
1.775 0.03179 69.68987 1.53827 2.21511 0.31842 0.06125 0.30521 0.31512 1736.678
1.780 0.03176 69.84272 1.54058 2.21843 0.31819 0.06146 0.30483 0.31553 1738.202
1.785 0.03174 69.99606 1.54289 2.22176 0.31796 0.06167 0.30444 0.31593 1739.728
1.790 0.03172 70.14988 1.54521 2.22510 0.31772 0.06188 0.30406 0.31633 1741.258
1.795 0.03170 70.30419 1.54754 2.22846 0.31749 0.06210 0.30368 0.31673 1742.792
1.800 0.03168 70.45900 1.54987 2.23182 0.31726 0.06231 0.30330 0.31713 1744.329
1.805 0.03165 70.61430 1.55221 2.23519 0.31703 0.06252 0.30291 0.31754 1745.869
1.810 0.03163 70.77010 1.55456 2.23857 0.31679 0.06274 0.30253 0.31794 1747.413
1.815 0.03161 70.92639 1.55691 2.24195 0.31656 0.06295 0.30215 0.31834 1748.960
1.820 0.03159 71.08319 1.55927 2.24535 0.31633 0.06317 0.30177 0.31874 1750.510
1.825 0.03157 71.24049 1.56164 2.24876 0.31609 0.06338 0.30138 0.31914 1752.064
1.830 0.03154 71.39829 1.56401 2.25218 0.31586 0.06360 0.30100 0.31954 1753.622
1.835 0.03152 71.55660 1.56639 2.25560 0.31562 0.06381 0.30062 0.31994 1755.183
1.840 0.03150 71.71542 1.56878 2.25904 0.31539 0.06403 0.30024 0.32035 1756.748
1.845 0.03148 71.87475 1.57117 2.26248 0.31515 0.06425 0.29985 0.32075 1758.316
1.850 0.03146 72.03460 1.57357 2.26594 0.31491 0.06447 0.29947 0.32115 1759.887
1.855 0.03143 72.19495 1.57597 2.26940 0.31468 0.06469 0.29909 0.32155 1761.462
1.860 0.03141 72.35583 1.57839 2.27288 0.31444 0.06491 0.29870 0.32195 1763.041
1.865 0.03139 72.51722 1.58081 2.27636 0.31420 0.06513 0.29832 0.32235 1764.623
1.870 0.03137 72.67914 1.58323 2.27986 0.31396 0.06535 0.29794 0.32275 1766.209
1.875 0.03135 72.84158 1.58567 2.28336 0.31372 0.06557 0.29755 0.32315 1767.798
1.880 0.03133 73.00454 1.58811 2.28687 0.31349 0.06579 0.29717 0.32355 1769.391
1.885 0.03130 73.16804 1.59055 2.29040 0.31325 0.06602 0.29679 0.32395 1770.988
1.890 0.03128 73.33206 1.59301 2.29393 0.31301 0.06624 0.29640 0.32435 1772.588
1.895 0.03126 73.49661 1.59547 2.29747 0.31277 0.06647 0.29602 0.32475 1774.192
1.900 0.03124 73.66170 1.59793 2.30102 0.31252 0.06669 0.29563 0.32515 1775.799
1.905 0.03122 73.82733 1.60041 2.30459 0.31228 0.06692 0.29525 0.32555 1777.411
1.910 0.03119 73.99349 1.60289 2.30816 0.31204 0.06714 0.29487 0.32595 1779.025
1.915 0.03117 74.16019 1.60538 2.31174 0.31180 0.06737 0.29448 0.32635 1780.644
1.920 0.03115 74.32744 1.60787 2.31533 0.31156 0.06760 0.29410 0.32675 1782.266
1.925 0.03113 74.49523 1.61037 2.31894 0.31131 0.06783 0.29371 0.32715 1783.892
1.930 0.03111 74.66357 1.61288 2.32255 0.31107 0.06805 0.29333 0.32754 1785.521
1.935 0.03109 74.83246 1.61540 2.32617 0.31083 0.06828 0.29295 0.32794 1787.154
1.940 0.03106 75.00191 1.61792 2.32981 0.31058 0.06851 0.29256 0.32834 1788.791
1.945 0.03104 75.17190 1.62045 2.33345 0.31034 0.06874 0.29218 0.32874 1790.432
1.950 0.03102 75.34245 1.62299 2.33710 0.31009 0.06898 0.29179 0.32914 1792.077
1.955 0.03100 75.51357 1.62553 2.34077 0.30985 0.06921 0.29141 0.32954 1793.725
1.960 0.03098 75.68524 1.62809 2.34444 0.30960 0.06944 0.29102 0.32993 1795.377
1.965 0.03095 75.85748 1.63064 2.34813 0.30936 0.06967 0.29064 0.33033 1797.033
1.970 0.03093 76.03028 1.63321 2.35182 0.30911 0.06991 0.29025 0.33073 1798.693
1.975 0.03091 76.20365 1.63578 2.35553 0.30886 0.07014 0.28987 0.33113 1800.356
1.980 0.03089 76.37759 1.63836 2.35924 0.30862 0.07038 0.28948 0.33152 1802.023
1.985 0.03087 76.55210 1.64095 2.36297 0.30837 0.07061 0.28910 0.33192 1803.694
1.990 0.03085 76.72719 1.64355 2.36671 0.30812 0.07085 0.28871 0.33232 1805.370
1.995 0.03082 76.90286 1.64615 2.37046 0.30787 0.07109 0.28833 0.33271 1807.048
2.000 0.03080 77.07911 1.64876 2.37422 0.30762 0.07133 0.28794 0.33311 1808.731
2.005 0.03078 77.25594 1.65138 2.37798 0.30737 0.07156 0.28756 0.33351 1810.418
2.010 0.03076 77.43335 1.65400 2.38176 0.30712 0.07180 0.28717 0.33390 1812.108
2.015 0.03074 77.61135 1.65664 2.38556 0.30687 0.07204 0.28679 0.33430 1813.803
2.020 0.03072 77.78994 1.65928 2.38936 0.30662 0.07228 0.28640 0.33469 1815.501
2.025 0.03069 77.96913 1.66192 2.39317 0.30637 0.07252 0.28602 0.33509 1817.204
2.030 0.03067 78.14890 1.66458 2.39699 0.30612 0.07277 0.28563 0.33548 1818.910
2.035 0.03065 78.32928 1.66724 2.40083 0.30587 0.07301 0.28524 0.33588 1820.621
2.040 0.03063 78.51026 1.66991 2.40467 0.30561 0.07325 0.28486 0.33627 1822.335
2.045 0.03061 78.69183 1.67259 2.40853 0.30536 0.07350 0.28447 0.33667 1824.053
2.050 0.03059 78.87402 1.67527 2.41239 0.30511 0.07374 0.28409 0.33706 1825.776
2.055 0.03056 79.05680 1.67797 2.41627 0.30485 0.07399 0.28370 0.33746 1827.502
