timeGa Urey Qt heat/H0 heatTW 1HPE 2HPE 3HPE 4HPE TempC
0.000 0.44000 36.00000 1.00000 15.84000 0.37200 0.01640 0.43000 0.18100 1351.850
0.005 0.44017 36.00000 1.00038 15.84600 0.37215 0.01647 0.42994 0.18143 1352.304
0.010 0.44019 36.03340 1.00136 15.86154 0.37207 0.01654 0.42963 0.18176 1352.758
0.015 0.44021 36.06685 1.00234 15.87711 0.37199 0.01661 0.42931 0.18209 1353.213
0.020 0.44024 36.10034 1.00333 15.89271 0.37192 0.01667 0.42900 0.18241 1353.668
0.025 0.44026 36.13388 1.00431 15.90834 0.37184 0.01674 0.42868 0.18274 1354.124
0.030 0.44029 36.16746 1.00530 15.92401 0.37176 0.01680 0.42837 0.18307 1354.580
0.035 0.44031 36.20109 1.00629 15.93971 0.37168 0.01687 0.42805 0.18340 1355.036
0.040 0.44034 36.23477 1.00729 15.95544 0.37161 0.01694 0.42773 0.18372 1355.493
0.045 0.44036 36.26848 1.00828 15.97121 0.37153 0.01700 0.42742 0.18405 1355.950
0.050 0.44039 36.30225 1.00928 15.98701 0.37145 0.01707 0.42710 0.18438 1356.408
0.055 0.44041 36.33606 1.01028 16.00284 0.37137 0.01714 0.42678 0.18471 1356.866
0.060 0.44044 36.36992 1.01128 16.01871 0.37129 0.01720 0.42647 0.18504 1357.324
0.065 0.44046 36.40382 1.01229 16.03461 0.37121 0.01727 0.42615 0.18537 1357.783
0.070 0.44049 36.43776 1.01329 16.05054 0.37113 0.01734 0.42583 0.18570 1358.242
0.075 0.44052 36.47176 1.01430 16.06651 0.37104 0.01741 0.42551 0.18603 1358.702
0.080 0.44055 36.50579 1.01531 16.08251 0.37096 0.01748 0.42520 0.18636 1359.162
0.085 0.44057 36.53988 1.01632 16.09854 0.37088 0.01755 0.42488 0.18670 1359.623
0.090 0.44060 36.57401 1.01734 16.11461 0.37080 0.01761 0.42456 0.18703 1360.084
0.095 0.44063 36.60819 1.01835 16.13071 0.37071 0.01768 0.42424 0.18736 1360.545
0.100 0.44066 36.64241 1.01937 16.14685 0.37063 0.01775 0.42392 0.18769 1361.006
0.105 0.44069 36.67668 1.02039 16.16302 0.37055 0.01782 0.42360 0.18803 1361.469
0.110 0.44072 36.71099 1.02142 16.17923 0.37046 0.01789 0.42328 0.18836 1361.931
0.115 0.44075 36.74535 1.02244 16.19547 0.37038 0.01796 0.42296 0.18869 1362.394
0.120 0.44078 36.77976 1.02347 16.21174 0.37029 0.01803 0.42264 0.18903 1362.857
0.125 0.44081 36.81421 1.02450 16.22805 0.37021 0.01811 0.42232 0.18936 1363.321
0.130 0.44084 36.84871 1.02553 16.24440 0.37012 0.01818 0.42200 0.18970 1363.785
0.135 0.44087 36.88326 1.02656 16.26077 0.37004 0.01825 0.42168 0.19003 1364.250
0.140 0.44090 36.91785 1.02760 16.27719 0.36995 0.01832 0.42136 0.19037 1364.715
0.145 0.44093 36.95249 1.02864 16.29364 0.36986 0.01839 0.42104 0.19071 1365.180
0.150 0.44097 36.98718 1.02968 16.31012 0.36978 0.01846 0.42072 0.19104 1365.646
0.155 0.44100 37.02191 1.03072 16.32664 0.36969 0.01854 0.42040 0.19138 1366.112
0.160 0.44103 37.05669 1.03177 16.34320 0.36960 0.01861 0.42007 0.19172 1366.578
0.165 0.44107 37.09152 1.03281 16.35979 0.36951 0.01868 0.41975 0.19206 1367.045
0.170 0.44110 37.12639 1.03386 16.37642 0.36942 0.01875 0.41943 0.19239 1367.513
0.175 0.44113 37.16131 1.03492 16.39308 0.36933 0.01883 0.41911 0.19273 1367.981
0.180 0.44117 37.19628 1.03597 16.40978 0.36924 0.01890 0.41878 0.19307 1368.449
0.185 0.44120 37.23129 1.03703 16.42651 0.36915 0.01898 0.41846 0.19341 1368.918
0.190 0.44124 37.26635 1.03809 16.44328 0.36906 0.01905 0.41814 0.19375 1369.387
0.195 0.44127 37.30146 1.03915 16.46009 0.36897 0.01912 0.41781 0.19409 1369.856
0.200 0.44131 37.33662 1.04021 16.47693 0.36888 0.01920 0.41749 0.19443 1370.326
0.205 0.44134 37.37182 1.04128 16.49381 0.36879 0.01927 0.41717 0.19477 1370.796
0.210 0.44138 37.40707 1.04234 16.51073 0.36870 0.01935 0.41684 0.19511 1371.267
0.215 0.44142 37.44237 1.04341 16.52768 0.36860 0.01942 0.41652 0.19545 1371.738
0.220 0.44145 37.47771 1.04449 16.54467 0.36851 0.01950 0.41619 0.19580 1372.210
0.225 0.44149 37.51310 1.04556 16.56169 0.36842 0.01958 0.41587 0.19614 1372.682
0.230 0.44153 37.54855 1.04664 16.57876 0.36832 0.01965 0.41554 0.19648 1373.154
0.235 0.44157 37.58403 1.04772 16.59586 0.36823 0.01973 0.41522 0.19682 1373.627
0.240 0.44161 37.61957 1.04880 16.61299 0.36813 0.01981 0.41489 0.19717 1374.100
0.245 0.44164 37.65515 1.04988 16.63017 0.36804 0.01988 0.41457 0.19751 1374.573
0.250 0.44168 37.69078 1.05097 16.64738 0.36794 0.01996 0.41424 0.19785 1375.047
0.255 0.44172 37.72646 1.05206 16.66463 0.36785 0.02004 0.41391 0.19820 1375.522
0.260 0.44176 37.76219 1.05315 16.68192 0.36775 0.02012 0.41359 0.19854 1375.997
0.265 0.44180 37.79796 1.05424 16.69924 0.36765 0.02020 0.41326 0.19889 1376.472
0.270 0.44184 37.83379 1.05534 16.71660 0.36756 0.02027 0.41293 0.19923 1376.948
0.275 0.44188 37.86966 1.05644 16.73400 0.36746 0.02035 0.41261 0.19958 1377.424
0.280 0.44193 37.90558 1.05754 16.75144 0.36736 0.02043 0.41228 0.19993 1377.900
0.285 0.44197 37.94155 1.05864 16.76892 0.36726 0.02051 0.41195 0.20027 1378.377
0.290 0.44201 37.97756 1.05975 16.78644 0.36716 0.02059 0.41162 0.20062 1378.855
0.295 0.44205 38.01363 1.06086 16.80399 0.36707 0.02067 0.41129 0.20097 1379.332
0.300 0.44209 38.04974 1.06197 16.82158 0.36697 0.02075 0.41097 0.20132 1379.811
0.305 0.44214 38.08590 1.06308 16.83921 0.36687 0.02083 0.41064 0.20166 1380.289
0.310 0.44218 38.12211 1.06420 16.85688 0.36677 0.02091 0.41031 0.20201 1380.768
0.315 0.44223 38.15837 1.06532 16.87459 0.36666 0.02100 0.40998 0.20236 1381.248
0.320 0.44227 38.19467 1.06644 16.89234 0.36656 0.02108 0.40965 0.20271 1381.727
0.325 0.44231 38.23103 1.06756 16.91013 0.36646 0.02116 0.40932 0.20306 1382.208
0.330 0.44236 38.26743 1.06868 16.92795 0.36636 0.02124 0.40899 0.20341 1382.688
0.335 0.44240 38.30389 1.06981 16.94582 0.36626 0.02132 0.40866 0.20376 1383.169
0.340 0.44245 38.34039 1.07094 16.96372 0.36615 0.02141 0.40833 0.20411 1383.651
0.345 0.44250 38.37694 1.07207 16.98167 0.36605 0.02149 0.40800 0.20446 1384.133
0.350 0.44254 38.41354 1.07321 16.99965 0.36595 0.02157 0.40767 0.20481 1384.615
0.355 0.44259 38.45019 1.07435 17.01768 0.36584 0.02166 0.40734 0.20516 1385.098
0.360 0.44264 38.48689 1.07549 17.03574 0.36574 0.02174 0.40701 0.20552 1385.581
0.365 0.44269 38.52363 1.07663 17.05384 0.36563 0.02182 0.40668 0.20587 1386.065
0.370 0.44273 38.56043 1.07778 17.07199 0.36553 0.02191 0.40634 0.20622 1386.549
0.375 0.44278 38.59727 1.07893 17.09017 0.36542 0.02199 0.40601 0.20657 1387.033
0.380 0.44283 38.63417 1.08008 17.10840 0.36532 0.02208 0.40568 0.20693 1387.518
0.385 0.44288 38.67111 1.08123 17.12667 0.36521 0.02216 0.40535 0.20728 1388.004
0.390 0.44293 38.70811 1.08238 17.14497 0.36510 0.02225 0.40501 0.20763 1388.489
0.395 0.44298 38.74515 1.08354 17.16332 0.36499 0.02233 0.40468 0.20799 1388.975
0.400 0.44303 38.78224 1.08470 17.18171 0.36489 0.02242 0.40435 0.20834 1389.462
0.405 0.44308 38.81939 1.08587 17.20014 0.36478 0.02251 0.40402 0.20870 1389.949
0.410 0.44313 38.85658 1.08703 17.21861 0.36467 0.02259 0.40368 0.20905 1390.436
0.415 0.44318 38.89382 1.08820 17.23712 0.36456 0.02268 0.40335 0.20941 1390.924
0.420 0.44324 38.93111 1.08937 17.25568 0.36445 0.02277 0.40301 0.20977 1391.413
0.425 0.44329 38.96845 1.09055 17.27427 0.36434 0.02286 0.40268 0.21012 1391.901
0.430 0.44334 39.00584 1.09172 17.29291 0.36423 0.02294 0.40235 0.21048 1392.390
0.435 0.44339 39.04328 1.09290 17.31159 0.36412 0.02303 0.40201 0.21084 1392.880
0.440 0.44345 39.08078 1.09409 17.33031 0.36401 0.02312 0.40168 0.21119 1393.370
0.445 0.44350 39.11832 1.09527 17.34907 0.36390 0.02321 0.40134 0.21155 1393.860
0.450 0.44356 39.15591 1.09646 17.36788 0.36378 0.02330 0.40101 0.21191 1394.351
0.455 0.44361 39.19355 1.09765 17.38672 0.36367 0.02339 0.40067 0.21227 1394.842
0.460 0.44367 39.23124 1.09884 17.40561 0.36356 0.02348 0.40033 0.21263 1395.334
0.465 0.44372 39.26898 1.10003 17.42455 0.36344 0.02357 0.40000 0.21299 1395.826
0.470 0.44378 39.30678 1.10123 17.44352 0.36333 0.02366 0.39966 0.21335 1396.318
0.475 0.44384 39.34462 1.10243 17.46254 0.36322 0.02375 0.39933 0.21371 1396.811
0.480 0.44389 39.38251 1.10364 17.48160 0.36310 0.02384 0.39899 0.21407 1397.305
0.485 0.44395 39.42046 1.10484 17.50071 0.36299 0.02393 0.39865 0.21443 1397.798
0.490 0.44401 39.45845 1.10605 17.51986 0.36287 0.02403 0.39832 0.21479 1398.293
0.495 0.44407 39.49650 1.10726 17.53905 0.36275 0.02412 0.39798 0.21515 1398.787
0.500 0.44412 39.53459 1.10848 17.55828 0.36264 0.02421 0.39764 0.21551 1399.282
0.505 0.44418 39.57274 1.10969 17.57756 0.36252 0.02430 0.39730 0.21587 1399.778
0.510 0.44424 39.61094 1.11091 17.59688 0.36240 0.02440 0.39696 0.21623 1400.274
0.515 0.44430 39.64918 1.11214 17.61625 0.36229 0.02449 0.39663 0.21660 1400.770
0.520 0.44436 39.68748 1.11336 17.63566 0.36217 0.02458 0.39629 0.21696 1401.267
0.525 0.44442 39.72583 1.11459 17.65512 0.36205 0.02468 0.39595 0.21732 1401.764
0.530 0.44449 39.76423 1.11582 17.67461 0.36193 0.02477 0.39561 0.21769 1402.261
0.535 0.44455 39.80268 1.11706 17.69416 0.36181 0.02487 0.39527 0.21805 1402.759
0.540 0.44461 39.84119 1.11829 17.71375 0.36169 0.02496 0.39493 0.21841 1403.258
0.545 0.44467 39.87974 1.11953 17.73338 0.36157 0.02506 0.39459 0.21878 1403.757
0.550 0.44473 39.91835 1.12077 17.75306 0.36145 0.02515 0.39425 0.21914 1404.256
0.555 0.44480 39.95700 1.12202 17.77278 0.36133 0.02525 0.39391 0.21951 1404.756
0.560 0.44486 39.99571 1.12327 17.79255 0.36121 0.02535 0.39357 0.21987 1405.256
0.565 0.44493 40.03447 1.12452 17.81236 0.36109 0.02544 0.39323 0.22024 1405.756
0.570 0.44499 40.07328 1.12577 17.83222 0.36096 0.02554 0.39289 0.22061 1406.257
0.575 0.44506 40.11215 1.12703 17.85213 0.36084 0.02564 0.39255 0.22097 1406.759
0.580 0.44512 40.15106 1.12829 17.87208 0.36072 0.02574 0.39221 0.22134 1407.261
0.585 0.44519 40.19002 1.12955 17.89208 0.36059 0.02583 0.39187 0.22171 1407.763
0.590 0.44525 40.22904 1.13082 17.91212 0.36047 0.02593 0.39153 0.22207 1408.266
0.595 0.44532 40.26811 1.13208 17.93221 0.36034 0.02603 0.39118 0.22244 1408.769
0.600 0.44539 40.30723 1.13335 17.95234 0.36022 0.02613 0.39084 0.22281 1409.272
0.605 0.44546 40.34640 1.13463 17.97252 0.36009 0.02623 0.39050 0.22318 1409.776
0.610 0.44552 40.38563 1.13591 17.99275 0.35997 0.02633 0.39016 0.22355 1410.281
0.615 0.44559 40.42490 1.13719 18.01303 0.35984 0.02643 0.38981 0.22391 1410.785
0.620 0.44566 40.46423 1.13847 18.03335 0.35971 0.02653 0.38947 0.22428 1411.291
0.625 0.44573 40.50361 1.13976 18.05372 0.35959 0.02663 0.38913 0.22465 1411.796
0.630 0.44580 40.54305 1.14104 18.07414 0.35946 0.02673 0.38879 0.22502 1412.303
0.635 0.44587 40.58253 1.14234 18.09460 0.35933 0.02683 0.38844 0.22539 1412.809
0.640 0.44594 40.62207 1.14363 18.11511 0.35920 0.02694 0.38810 0.22576 1413.316
0.645 0.44601 40.66166 1.14493 18.13567 0.35907 0.02704 0.38775 0.22613 1413.824
0.650 0.44609 40.70130 1.14623 18.15628 0.35894 0.02714 0.38741 0.22651 1414.331
0.655 0.44616 40.74099 1.14753 18.17693 0.35881 0.02724 0.38707 0.22688 1414.840
0.660 0.44623 40.78074 1.14884 18.19763 0.35868 0.02735 0.38672 0.22725 1415.348
0.665 0.44630 40.82054 1.15015 18.21839 0.35855 0.02745 0.38638 0.22762 1415.857
0.670 0.44638 40.86039 1.15146 18.23919 0.35842 0.02756 0.38603 0.22799 1416.367
0.675 0.44645 40.90029 1.15278 18.26003 0.35829 0.02766 0.38569 0.22837 1416.877
0.680 0.44653 40.94025 1.15410 18.28093 0.35816 0.02776 0.38534 0.22874 1417.387
0.685 0.44660 40.98026 1.15542 18.30188 0.35803 0.02787 0.38499 0.22911 1417.898
0.690 0.44668 41.02032 1.15675 18.32287 0.35789 0.02798 0.38465 0.22948 1418.410
0.695 0.44675 41.06043 1.15808 18.34391 0.35776 0.02808 0.38430 0.22986 1418.921
0.700 0.44683 41.10060 1.15941 18.36501 0.35763 0.02819 0.38396 0.23023 1419.433
0.705 0.44691 41.14082 1.16074 18.38615 0.35749 0.02829 0.38361 0.23061 1419.946
0.710 0.44699 41.18109 1.16208 18.40734 0.35736 0.02840 0.38326 0.23098 1420.459
0.715 0.44706 41.22142 1.16342 18.42859 0.35722 0.02851 0.38292 0.23136 1420.972
0.720 0.44714 41.26180 1.16477 18.44988 0.35709 0.02862 0.38257 0.23173 1421.486
0.725 0.44722 41.30223 1.16611 18.47122 0.35695 0.02872 0.38222 0.23211 1422.001
0.730 0.44730 41.34271 1.16746 18.49261 0.35681 0.02883 0.38187 0.23248 1422.515
0.735 0.44738 41.38325 1.16882 18.51406 0.35668 0.02894 0.38152 0.23286 1423.030
0.740 0.44746 41.42384 1.17017 18.53555 0.35654 0.02905 0.38118 0.23323 1423.546
0.745 0.44754 41.46449 1.17153 18.55709 0.35640 0.02916 0.38083 0.23361 1424.062
0.750 0.44762 41.50518 1.17290 18.57869 0.35626 0.02927 0.38048 0.23399 1424.578
0.755 0.44771 41.54594 1.17426 18.60034 0.35612 0.02938 0.38013 0.23437 1425.095
0.760 0.44779 41.58674 1.17563 18.62203 0.35598 0.02949 0.37978 0.23474 1425.613
0.765 0.44787 41.62760 1.17701 18.64378 0.35584 0.02960 0.37943 0.23512 1426.130
0.770 0.44795 41.66851 1.17838 18.66558 0.35570 0.02971 0.37908 0.23550 1426.648
0.775 0.44804 41.70947 1.17976 18.68743 0.35556 0.02982 0.37873 0.23588 1427.167
0.780 0.44812 41.75049 1.18115 18.70934 0.35542 0.02994 0.37838 0.23626 1427.686
0.785 0.44821 41.79157 1.18253 18.73130 0.35528 0.03005 0.37803 0.23663 1428.206
0.790 0.44829 41.83269 1.18392 18.75330 0.35514 0.03016 0.37768 0.23701 1428.725
0.795 0.44838 41.87387 1.18531 18.77536 0.35500 0.03028 0.37733 0.23739 1429.246
0.800 0.44847 41.91511 1.18671 18.79748 0.35486 0.03039 0.37698 0.23777 1429.766
0.805 0.44855 41.95639 1.18811 18.81964 0.35471 0.03050 0.37663 0.23815 1430.288
0.810 0.44864 41.99773 1.18951 18.84186 0.35457 0.03062 0.37628 0.23853 1430.809
0.815 0.44873 42.03913 1.19092 18.86414 0.35442 0.03073 0.37593 0.23891 1431.331
0.820 0.44882 42.08058 1.19233 18.88646 0.35428 0.03085 0.37558 0.23929 1431.854
0.825 0.44891 42.12208 1.19374 18.90884 0.35413 0.03096 0.37523 0.23967 1432.377
0.830 0.44900 42.16364 1.19516 18.93127 0.35399 0.03108 0.37488 0.24006 1432.900
0.835 0.44909 42.20525 1.19658 18.95376 0.35384 0.03120 0.37452 0.24044 1433.424
0.840 0.44918 42.24692 1.19800 18.97630 0.35370 0.03131 0.37417 0.24082 1433.948
0.845 0.44927 42.28864 1.19942 18.99889 0.35355 0.03143 0.37382 0.24120 1434.473
0.850 0.44936 42.33041 1.20085 19.02154 0.35340 0.03155 0.37347 0.24158 1434.998
0.855 0.44945 42.37224 1.20229 19.04424 0.35326 0.03167 0.37311 0.24197 1435.523
0.860 0.44954 42.41412 1.20372 19.06700 0.35311 0.03178 0.37276 0.24235 1436.049
0.865 0.44964 42.45606 1.20516 19.08981 0.35296 0.03190 0.37241 0.24273 1436.575
0.870 0.44973 42.49805 1.20661 19.11268 0.35281 0.03202 0.37205 0.24311 1437.102
0.875 0.44983 42.54010 1.20806 19.13560 0.35266 0.03214 0.37170 0.24350 1437.629
0.880 0.44992 42.58220 1.20951 19.15858 0.35251 0.03226 0.37135 0.24388 1438.157
0.885 0.45002 42.62435 1.21096 19.18161 0.35236 0.03238 0.37099 0.24427 1438.685
0.890 0.45011 42.66656 1.21242 19.20470 0.35221 0.03250 0.37064 0.24465 1439.213
0.895 0.45021 42.70883 1.21388 19.22784 0.35206 0.03262 0.37028 0.24504 1439.742
0.900 0.45030 42.75114 1.21534 19.25104 0.35191 0.03275 0.36993 0.24542 1440.272
0.905 0.45040 42.79352 1.21681 19.27430 0.35175 0.03287 0.36957 0.24580 1440.802
0.910 0.45050 42.83595 1.21828 19.29761 0.35160 0.03299 0.36922 0.24619 1441.332
0.915 0.45060 42.87843 1.21976 19.32098 0.35145 0.03311 0.36886 0.24658 1441.862
0.920 0.45070 42.92097 1.22124 19.34441 0.35130 0.03324 0.36851 0.24696 1442.393
0.925 0.45080 42.96356 1.22272 19.36789 0.35114 0.03336 0.36815 0.24735 1442.925
0.930 0.45090 43.00621 1.22421 19.39143 0.35099 0.03348 0.36780 0.24773 1443.457
0.935 0.45100 43.04891 1.22570 19.41503 0.35083 0.03361 0.36744 0.24812 1443.989
0.940 0.45110 43.09167 1.22719 19.43868 0.35068 0.03373 0.36708 0.24851 1444.522
0.945 0.45120 43.13448 1.22869 19.46239 0.35052 0.03386 0.36673 0.24889 1445.055
0.950 0.45131 43.17735 1.23019 19.48616 0.35037 0.03398 0.36637 0.24928 1445.589
0.955 0.45141 43.22028 1.23169 19.50999 0.35021 0.03411 0.36601 0.24967 1446.123
0.960 0.45151 43.26325 1.23320 19.53388 0.35005 0.03424 0.36566 0.25006 1446.658
0.965 0.45162 43.30629 1.23471 19.55782 0.34989 0.03436 0.36530 0.25044 1447.193
0.970 0.45172 43.34938 1.23623 19.58183 0.34974 0.03449 0.36494 0.25083 1447.728
0.975 0.45183 43.39252 1.23775 19.60589 0.34958 0.03462 0.36458 0.25122 1448.264
0.980 0.45193 43.43572 1.23927 19.63001 0.34942 0.03475 0.36423 0.25161 1448.800
0.985 0.45204 43.47898 1.24079 19.65419 0.34926 0.03487 0.36387 0.25200 1449.337
0.990 0.45215 43.52229 1.24232 19.67843 0.34910 0.03500 0.36351 0.25239 1449.874
0.995 0.45225 43.56565 1.24386 19.70273 0.34894 0.03513 0.36315 0.25278 1450.411
1.000 0.45236 43.60908 1.24540 19.72709 0.34878 0.03526 0.36279 0.25317 1450.949
1.005 0.45247 43.65255 1.24694 19.75150 0.34862 0.03539 0.36243 0.25356 1451.488
1.010 0.45258 43.69608 1.24848 19.77598 0.34846 0.03552 0.36207 0.25394 1452.026
1.015 0.45269 43.73967 1.25003 19.80052 0.34829 0.03565 0.36172 0.25433 1452.566
1.020 0.45280 43.78332 1.25159 19.82512 0.34813 0.03579 0.36136 0.25473 1453.105
1.025 0.45291 43.82702 1.25314 19.84978 0.34797 0.03592 0.36100 0.25512 1453.645
1.030 0.45302 43.87077 1.25470 19.87450 0.34781 0.03605 0.36064 0.25551 1454.186
1.035 0.45314 43.91458 1.25627 19.89928 0.34764 0.03618 0.36028 0.25590 1454.727
1.040 0.45325 43.95845 1.25784 19.92413 0.34748 0.03632 0.35992 0.25629 1455.268
1.045 0.45336 44.00237 1.25941 19.94903 0.34731 0.03645 0.35956 0.25668 1455.810
1.050 0.45348 44.04635 1.26098 19.97400 0.34715 0.03659 0.35920 0.25707 1456.352
1.055 0.45359 44.09039 1.26256 19.99903 0.34698 0.03672 0.35883 0.25746 1456.895
1.060 0.45371 44.13448 1.26415 20.02412 0.34682 0.03685 0.35847 0.25786 1457.438
1.065 0.45382 44.17862 1.26574 20.04927 0.34665 0.03699 0.35811 0.25825 1457.982
1.070 0.45394 44.22283 1.26733 20.07449 0.34648 0.03713 0.35775 0.25864 1458.526
1.075 0.45406 44.26708 1.26892 20.09976 0.34632 0.03726 0.35739 0.25903 1459.070
1.080 0.45417 44.31140 1.27052 20.12510 0.34615 0.03740 0.35703 0.25942 1459.615
1.085 0.45429 44.35577 1.27213 20.15051 0.34598 0.03754 0.35667 0.25982 1460.160
1.090 0.45441 44.40020 1.27374 20.17597 0.34581 0.03767 0.35630 0.26021 1460.706
1.095 0.45453 44.44468 1.27535 20.20150 0.34564 0.03781 0.35594 0.26060 1461.252
1.100 0.45465 44.48922 1.27696 20.22710 0.34547 0.03795 0.35558 0.26100 1461.798
1.105 0.45477 44.53381 1.27858 20.25276 0.34530 0.03809 0.35522 0.26139 1462.345
1.110 0.45489 44.57847 1.28021 20.27848 0.34513 0.03823 0.35485 0.26179 1462.893
1.115 0.45502 44.62317 1.28183 20.30427 0.34496 0.03837 0.35449 0.26218 1463.441
1.120 0.45514 44.66794 1.28347 20.33012 0.34479 0.03851 0.35413 0.26257 1463.989
1.125 0.45526 44.71276 1.28510 20.35603 0.34462 0.03865 0.35377 0.26297 1464.537
1.130 0.45539 44.75764 1.28674 20.38201 0.34444 0.03879 0.35340 0.26336 1465.087
1.135 0.45551 44.80257 1.28839 20.40806 0.34427 0.03893 0.35304 0.26376 1465.636
1.140 0.45564 44.84756 1.29004 20.43417 0.34410 0.03908 0.35267 0.26415 1466.186
1.145 0.45576 44.89261 1.29169 20.46035 0.34392 0.03922 0.35231 0.26455 1466.736
1.150 0.45589 44.93771 1.29335 20.48659 0.34375 0.03936 0.35195 0.26494 1467.287
1.155 0.45602 44.98287 1.29501 20.51290 0.34357 0.03951 0.35158 0.26534 1467.838
1.160 0.45614 45.02809 1.29667 20.53928 0.34340 0.03965 0.35122 0.26573 1468.390
1.165 0.45627 45.07336 1.29834 20.56572 0.34322 0.03979 0.35085 0.26613 1468.942
1.170 0.45640 45.11869 1.30001 20.59223 0.34305 0.03994 0.35049 0.26653 1469.494
1.175 0.45653 45.16407 1.30169 20.61880 0.34287 0.04008 0.35012 0.26692 1470.047
1.180 0.45666 45.20952 1.30337 20.64544 0.34269 0.04023 0.34976 0.26732 1470.601
1.185 0.45679 45.25502 1.30506 20.67215 0.34252 0.04038 0.34939 0.26771 1471.154
1.190 0.45692 45.30057 1.30675 20.69893 0.34234 0.04052 0.34903 0.26811 1471.709
1.195 0.45706 45.34618 1.30845 20.72577 0.34216 0.04067 0.34866 0.26851 1472.263
1.200 0.45719 45.39185 1.31014 20.75269 0.34198 0.04082 0.34829 0.26891 1472.818
1.205 0.45732 45.43758 1.31185 20.77967 0.34180 0.04097 0.34793 0.26930 1473.374
1.210 0.45746 45.48336 1.31356 20.80672 0.34162 0.04112 0.34756 0.26970 1473.929
1.215 0.45759 45.52920 1.31527 20.83384 0.34144 0.04127 0.34720 0.27010 1474.486
1.220 0.45773 45.57510 1.31698 20.86102 0.34126 0.04141 0.34683 0.27049 1475.042
1.225 0.45786 45.62105 1.31870 20.88828 0.34108 0.04156 0.34646 0.27089 1475.600
1.230 0.45800 45.66707 1.32043 20.91561 0.34090 0.04172 0.34609 0.27129 1476.157
1.235 0.45814 45.71313 1.32216 20.94300 0.34072 0.04187 0.34573 0.27169 1476.715
1.240 0.45828 45.75926 1.32389 20.97047 0.34053 0.04202 0.34536 0.27209 1477.273
1.245 0.45842 45.80544 1.32563 20.99800 0.34035 0.04217 0.34499 0.27248 1477.832
1.250 0.45856 45.85168 1.32737 21.02561 0.34017 0.04232 0.34463 0.27288 1478.391
1.255 0.45870 45.89797 1.32912 21.05328 0.33998 0.04248 0.34426 0.27328 1478.951
1.260 0.45884 45.94433 1.33087 21.08103 0.33980 0.04263 0.34389 0.27368 1479.511
1.265 0.45898 45.99074 1.33263 21.10885 0.33962 0.04278 0.34352 0.27408 1480.072
1.270 0.45912 46.03720 1.33439 21.13674 0.33943 0.04294 0.34315 0.27448 1480.633
1.275 0.45927 46.08373 1.33616 21.16470 0.33925 0.04309 0.34278 0.27488 1481.194
1.280 0.45941 46.13031 1.33792 21.19273 0.33906 0.04325 0.34242 0.27528 1481.756
1.285 0.45955 46.17695 1.33970 21.22083 0.33887 0.04340 0.34205 0.27568 1482.318
1.290 0.45970 46.22364 1.34148 21.24901 0.33869 0.04356 0.34168 0.27608 1482.880
1.295 0.45985 46.27039 1.34326 21.27726 0.33850 0.04372 0.34131 0.27648 1483.443
1.300 0.45999 46.31720 1.34505 21.30558 0.33831 0.04388 0.34094 0.27688 1484.007
1.305 0.46014 46.36407 1.34684 21.33397 0.33812 0.04403 0.34057 0.27727 1484.571
1.310 0.46029 46.41100 1.34864 21.36244 0.33793 0.04419 0.34020 0.27767 1485.135
1.315 0.46044 46.45798 1.35044 21.39098 0.33774 0.04435 0.33983 0.27808 1485.699
1.320 0.46059 46.50502 1.35225 21.41959 0.33755 0.04451 0.33946 0.27848 1486.265
1.325 0.46074 46.55211 1.35406 21.44828 0.33736 0.04467 0.33909 0.27888 1486.830
1.330 0.46089 46.59926 1.35587 21.47704 0.33717 0.04483 0.33872 0.27928 1487.396
1.335 0.46104 46.64648 1.35769 21.50588 0.33698 0.04499 0.33835 0.27968 1487.962
1.340 0.46119 46.69374 1.35952 21.53479 0.33679 0.04515 0.33798 0.28008 1488.529
1.345 0.46135 46.74107 1.36135 21.56378 0.33660 0.04531 0.33761 0.28048 1489.096
1.350 0.46150 46.78845 1.36318 21.59284 0.33641 0.04548 0.33724 0.28088 1489.664
1.355 0.46165 46.83589 1.36502 21.62197 0.33621 0.04564 0.33687 0.28128 1490.232
1.360 0.46181 46.88339 1.36687 21.65118 0.33602 0.04580 0.33650 0.28168 1490.800
1.365 0.46197 46.93094 1.36872 21.68047 0.33583 0.04597 0.33612 0.28208 1491.369
1.370 0.46212 46.97855 1.37057 21.70984 0.33563 0.04613 0.33575 0.28248 1491.938
1.375 0.46228 47.02622 1.37243 21.73928 0.33544 0.04630 0.33538 0.28288 1492.508
1.380 0.46244 47.07395 1.37429 21.76879 0.33524 0.04646 0.33501 0.28329 1493.078
1.385 0.46260 47.12173 1.37616 21.79839 0.33505 0.04663 0.33464 0.28369 1493.648
1.390 0.46276 47.16957 1.37803 21.82806 0.33485 0.04679 0.33426 0.28409 1494.219
1.395 0.46292 47.21747 1.37991 21.85780 0.33465 0.04696 0.33389 0.28449 1494.790
1.400 0.46308 47.26543 1.38179 21.88763 0.33446 0.04713 0.33352 0.28489 1495.362
1.405 0.46324 47.31344 1.38368 21.91753 0.33426 0.04730 0.33315 0.28529 1495.934
1.410 0.46340 47.36151 1.38558 21.94751 0.33406 0.04747 0.33277 0.28570 1496.506
1.415 0.46357 47.40964 1.38747 21.97757 0.33386 0.04764 0.33240 0.28610 1497.079
1.420 0.46373 47.45783 1.38938 22.00771 0.33367 0.04780 0.33203 0.28650 1497.652
1.425 0.46390 47.50607 1.39128 22.03793 0.33347 0.04797 0.33166 0.28690 1498.226
1.430 0.46406 47.55437 1.39320 22.06823 0.33327 0.04815 0.33128 0.28731 1498.800
1.435 0.46423 47.60273 1.39511 22.09860 0.33307 0.04832 0.33091 0.28771 1499.375
1.440 0.46440 47.65115 1.39704 22.12906 0.33287 0.04849 0.33053 0.28811 1499.950
1.445 0.46457 47.69962 1.39896 22.15959 0.33267 0.04866 0.33016 0.28851 1500.525
1.450 0.46473 47.74815 1.40090 22.19021 0.33246 0.04883 0.32979 0.28892 1501.101
1.455 0.46490 47.79674 1.40284 22.22091 0.33226 0.04901 0.32941 0.28932 1501.677
1.460 0.46507 47.84538 1.40478 22.25169 0.33206 0.04918 0.32904 0.28972 1502.253
1.465 0.46525 47.89409 1.40673 22.28254 0.33186 0.04936 0.32866 0.29012 1502.830
1.470 0.46542 47.94285 1.40868 22.31348 0.33165 0.04953 0.32829 0.29053 1503.407
1.475 0.46559 47.99167 1.41064 22.34451 0.33145 0.04971 0.32792 0.29093 1503.985
1.480 0.46577 48.04054 1.41260 22.37561 0.33125 0.04988 0.32754 0.29133 1504.563
1.485 0.46594 48.08947 1.41457 22.40679 0.33104 0.05006 0.32717 0.29174 1505.142
1.490 0.46612 48.13846 1.41654 22.43806 0.33084 0.05023 0.32679 0.29214 1505.721
1.495 0.46629 48.18751 1.41852 22.46941 0.33063 0.05041 0.32642 0.29254 1506.300
1.500 0.46647 48.23662 1.42051 22.50085 0.33042 0.05059 0.32604 0.29294 1506.880
1.505 0.46665 48.28578 1.42250 22.53236 0.33022 0.05077 0.32566 0.29335 1507.460
1.510 0.46682 48.33500 1.42449 22.56396 0.33001 0.05095 0.32529 0.29375 1508.040
1.515 0.46700 48.38428 1.42649 22.59565 0.32980 0.05113 0.32491 0.29415 1508.621
1.520 0.46718 48.43361 1.42850 22.62742 0.32960 0.05131 0.32454 0.29456 1509.203
1.525 0.46737 48.48300 1.43051 22.65927 0.32939 0.05149 0.32416 0.29496 1509.784
1.530 0.46755 48.53245 1.43253 22.69121 0.32918 0.05167 0.32379 0.29536 1510.366
1.535 0.46773 48.58196 1.43455 22.72323 0.32897 0.05185 0.32341 0.29577 1510.949
1.540 0.46791 48.63152 1.43657 22.75534 0.32876 0.05204 0.32303 0.29617 1511.532
1.545 0.46810 48.68115 1.43861 22.78753 0.32855 0.05222 0.32266 0.29657 1512.115
1.550 0.46828 48.73082 1.44064 22.81981 0.32834 0.05240 0.32228 0.29698 1512.699
1.555 0.46847 48.78056 1.44269 22.85218 0.32813 0.05259 0.32190 0.29738 1513.283
1.560 0.46866 48.83035 1.44474 22.88463 0.32792 0.05277 0.32153 0.29778 1513.867
1.565 0.46884 48.88020 1.44679 22.91717 0.32771 0.05296 0.32115 0.29819 1514.452
1.570 0.46903 48.93011 1.44885 22.94979 0.32750 0.05314 0.32077 0.29859 1515.037
1.575 0.46922 48.98008 1.45092 22.98251 0.32728 0.05333 0.32039 0.29900 1515.623
1.580 0.46941 49.03010 1.45299 23.01531 0.32707 0.05351 0.32002 0.29940 1516.209
1.585 0.46960 49.08018 1.45506 23.04820 0.32686 0.05370 0.31964 0.29980 1516.795
1.590 0.46979 49.13032 1.45714 23.08117 0.32664 0.05389 0.31926 0.30021 1517.382
1.595 0.46999 49.18051 1.45923 23.11424 0.32643 0.05408 0.31888 0.30061 1517.969
1.600 0.47018 49.23076 1.46133 23.14739 0.32621 0.05427 0.31851 0.30101 1518.557
1.605 0.47038 49.28107 1.46342 23.18064 0.32600 0.05446 0.31813 0.30142 1519.145
1.610 0.47057 49.33144 1.46553 23.21397 0.32578 0.05465 0.31775 0.30182 1519.733
1.615 0.47077 49.38186 1.46764 23.24739 0.32557 0.05484 0.31737 0.30222 1520.322
1.620 0.47097 49.43234 1.46975 23.28090 0.32535 0.05503 0.31699 0.30263 1520.911
1.625 0.47116 49.48288 1.47188 23.31451 0.32513 0.05522 0.31661 0.30303 1521.500
1.630 0.47136 49.53347 1.47400 23.34820 0.32491 0.05541 0.31624 0.30343 1522.090
1.635 0.47156 49.58412 1.47614 23.38198 0.32470 0.05561 0.31586 0.30384 1522.680
1.640 0.47176 49.63483 1.47827 23.41586 0.32448 0.05580 0.31548 0.30424 1523.271
1.645 0.47196 49.68560 1.48042 23.44983 0.32426 0.05600 0.31510 0.30465 1523.862
1.650 0.47217 49.73642 1.48257 23.48389 0.32404 0.05619 0.31472 0.30505 1524.453
1.655 0.47237 49.78730 1.48472 23.51804 0.32382 0.05639 0.31434 0.30545 1525.045
1.660 0.47257 49.83823 1.48689 23.55228 0.32360 0.05658 0.31396 0.30586 1525.637
1.665 0.47278 49.88923 1.48905 23.58662 0.32338 0.05678 0.31358 0.30626 1526.230
1.670 0.47299 49.94028 1.49123 23.62105 0.32316 0.05698 0.31320 0.30666 1526.822
1.675 0.47319 49.99138 1.49341 23.65557 0.32294 0.05717 0.31282 0.30707 1527.416
1.680 0.47340 50.04255 1.49559 23.69019 0.32272 0.05737 0.31244 0.30747 1528.009
1.685 0.47361 50.09377 1.49778 23.72490 0.32249 0.05757 0.31206 0.30787 1528.603
1.690 0.47382 50.14504 1.49998 23.75970 0.32227 0.05777 0.31168 0.30828 1529.198
1.695 0.47403 50.19638 1.50218 23.79460 0.32205 0.05797 0.31130 0.30868 1529.792
1.700 0.47424 50.24777 1.50439 23.82960 0.32182 0.05817 0.31092 0.30908 1530.387
1.705 0.47445 50.29921 1.50661 23.86469 0.32160 0.05837 0.31054 0.30949 1530.983
1.710 0.47467 50.35072 1.50883 23.89988 0.32138 0.05857 0.31016 0.30989 1531.579
1.715 0.47488 50.40228 1.51106 23.93516 0.32115 0.05878 0.30978 0.31029 1532.175
1.720 0.47510 50.45389 1.51329 23.97054 0.32092 0.05898 0.30940 0.31069 1532.771
1.725 0.47531 50.50557 1.51553 24.00601 0.32070 0.05918 0.30902 0.31110 1533.368
1.730 0.47553 50.55730 1.51778 24.04158 0.32047 0.05939 0.30864 0.31150 1533.966
1.735 0.47575 50.60908 1.52003 24.07725 0.32025 0.05959 0.30826 0.31190 1534.563
1.740 0.47597 50.66092 1.52229 24.11302 0.32002 0.05980 0.30788 0.31231 1535.161
1.745 0.47619 50.71282 1.52455 24.14889 0.31979 0.06000 0.30750 0.31271 1535.760
1.750 0.47641 50.76478 1.52682 24.18485 0.31956 0.06021 0.30711 0.31311 1536.358
1.755 0.47663 50.81679 1.52910 24.22092 0.31933 0.06042 0.30673 0.31351 1536.958
1.760 0.47686 50.86886 1.53138 24.25708 0.31911 0.06063 0.30635 0.31392 1537.557
1.765 0.47708 50.92098 1.53367 24.29334 0.31888 0.06083 0.30597 0.31432 1538.157
1.770 0.47730 50.97316 1.53597 24.32970 0.31865 0.06104 0.30559 0.31472 1538.757
1.775 0.47753 51.02539 1.53827 24.36616 0.31842 0.06125 0.30521 0.31512 1539.357
1.780 0.47776 51.07769 1.54058 24.40272 0.31819 0.06146 0.30483 0.31553 1539.958
1.785 0.47798 51.13003 1.54289 24.43939 0.31796 0.06167 0.30444 0.31593 1540.560
1.790 0.47821 51.18244 1.54521 24.47615 0.31772 0.06188 0.30406 0.31633 1541.161
1.795 0.47844 51.23490 1.54754 24.51301 0.31749 0.06210 0.30368 0.31673 1541.763
1.800 0.47867 51.28741 1.54987 24.54998 0.31726 0.06231 0.30330 0.31713 1542.365
1.805 0.47891 51.33998 1.55221 24.58705 0.31703 0.06252 0.30291 0.31754 1542.968
1.810 0.47914 51.39261 1.55456 24.62422 0.31679 0.06274 0.30253 0.31794 1543.571
1.815 0.47937 51.44529 1.55691 24.66150 0.31656 0.06295 0.30215 0.31834 1544.174
1.820 0.47961 51.49803 1.55927 24.69887 0.31633 0.06317 0.30177 0.31874 1544.778
1.825 0.47984 51.55082 1.56164 24.73636 0.31609 0.06338 0.30138 0.31914 1545.382
1.830 0.48008 51.60367 1.56401 24.77394 0.31586 0.06360 0.30100 0.31954 1545.986
1.835 0.48032 51.65657 1.56639 24.81163 0.31562 0.06381 0.30062 0.31994 1546.591
1.840 0.48056 51.70953 1.56878 24.84943 0.31539 0.06403 0.30024 0.32035 1547.196
1.845 0.48080 51.76255 1.57117 24.88732 0.31515 0.06425 0.29985 0.32075 1547.801
1.850 0.48104 51.81561 1.57357 24.92533 0.31491 0.06447 0.29947 0.32115 1548.407
1.855 0.48128 51.86874 1.57597 24.96344 0.31468 0.06469 0.29909 0.32155 1549.013
1.860 0.48152 51.92192 1.57839 25.00166 0.31444 0.06491 0.29870 0.32195 1549.620
1.865 0.48177 51.97515 1.58081 25.03998 0.31420 0.06513 0.29832 0.32235 1550.226
1.870 0.48201 52.02844 1.58323 25.07841 0.31396 0.06535 0.29794 0.32275 1550.833
1.875 0.48226 52.08179 1.58567 25.11695 0.31372 0.06557 0.29755 0.32315 1551.441
1.880 0.48251 52.13519 1.58811 25.15559 0.31349 0.06579 0.29717 0.32355 1552.049
1.885 0.48276 52.18864 1.59055 25.19435 0.31325 0.06602 0.29679 0.32395 1552.657
1.890 0.48300 52.24215 1.59301 25.23321 0.31301 0.06624 0.29640 0.32435 1553.265
1.895 0.48326 52.29572 1.59547 25.27218 0.31277 0.06647 0.29602 0.32475 1553.874
1.900 0.48351 52.34933 1.59793 25.31126 0.31252 0.06669 0.29563 0.32515 1554.483
1.905 0.48376 52.40301 1.60041 25.35045 0.31228 0.06692 0.29525 0.32555 1555.092
1.910 0.48401 52.45673 1.60289 25.38975 0.31204 0.06714 0.29487 0.32595 1555.702
1.915 0.48427 52.51052 1.60538 25.42916 0.31180 0.06737 0.29448 0.32635 1556.312
1.920 0.48452 52.56435 1.60787 25.46868 0.31156 0.06760 0.29410 0.32675 1556.922
1.925 0.48478 52.61824 1.61037 25.50831 0.31131 0.06783 0.29371 0.32715 1557.533
1.930 0.48504 52.67218 1.61288 25.54805 0.31107 0.06805 0.29333 0.32754 1558.144
1.935 0.48530 52.72618 1.61540 25.58790 0.31083 0.06828 0.29295 0.32794 1558.755
1.940 0.48556 52.78023 1.61792 25.62787 0.31058 0.06851 0.29256 0.32834 1559.367
1.945 0.48582 52.83434 1.62045 25.66795 0.31034 0.06874 0.29218 0.32874 1559.979
1.950 0.48608 52.88850 1.62299 25.70814 0.31009 0.06898 0.29179 0.32914 1560.591
1.955 0.48635 52.94271 1.62553 25.74845 0.30985 0.06921 0.29141 0.32954 1561.204
1.960 0.48661 52.99698 1.62809 25.78887 0.30960 0.06944 0.29102 0.32993 1561.817
1.965 0.48688 53.05130 1.63064 25.82940 0.30936 0.06967 0.29064 0.33033 1562.430
1.970 0.48714 53.10567 1.63321 25.87005 0.30911 0.06991 0.29025 0.33073 1563.043
1.975 0.48741 53.16010 1.63578 25.91081 0.30886 0.07014 0.28987 0.33113 1563.657
1.980 0.48768 53.21458 1.63836 25.95169 0.30862 0.07038 0.28948 0.33152 1564.271
1.985 0.48795 53.26911 1.64095 25.99269 0.30837 0.07061 0.28910 0.33192 1564.886
1.990 0.48822 53.32370 1.64355 26.03380 0.30812 0.07085 0.28871 0.33232 1565.500
1.995 0.48849 53.37834 1.64615 26.07502 0.30787 0.07109 0.28833 0.33271 1566.115
2.000 0.48877 53.43303 1.64876 26.11637 0.30762 0.07133 0.28794 0.33311 1566.731
2.005 0.48904 53.48777 1.65138 26.15783 0.30737 0.07156 0.28756 0.33351 1567.346
2.010 0.48932 53.54257 1.65400 26.19941 0.30712 0.07180 0.28717 0.33390 1567.962
2.015 0.48960 53.59742 1.65664 26.24111 0.30687 0.07204 0.28679 0.33430 1568.578
2.020 0.48987 53.65232 1.65928 26.28292 0.30662 0.07228 0.28640 0.33469 1569.195
2.025 0.49015 53.70728 1.66192 26.32486 0.30637 0.07252 0.28602 0.33509 1569.812
2.030 0.49044 53.76229 1.66458 26.36692 0.30612 0.07277 0.28563 0.33548 1570.429
2.035 0.49072 53.81735 1.66724 26.40909 0.30587 0.07301 0.28524 0.33588 1571.046
2.040 0.49100 53.87246 1.66991 26.45139 0.30561 0.07325 0.28486 0.33627 1571.664
2.045 0.49128 53.92762 1.67259 26.49380 0.30536 0.07350 0.28447 0.33667 1572.282
2.050 0.49157 53.98283 1.67527 26.53634 0.30511 0.07374 0.28409 0.33706 1572.900
2.055 0.49186 54.03810 1.67797 26.57900 0.30485 0.07399 0.28370 0.33746 1573.519
2.060 0.49214 54.09342 1.68067 26.62178 0.30460 0.07423 0.28332 0.33785 1574.137
2.065 0.49243 54.14879 1.68338 26.66469 0.30435 0.07448 0.28293 0.33824 1574.757
2.070 0.49272 54.20421 1.68609 26.70771 0.30409 0.07473 0.28254 0.33864 1575.376
2.075 0.49302 54.25968 1.68882 26.75086 0.30384 0.07497 0.28216 0.33903 1575.996
2.080 0.49331 54.31521 1.69155 26.79414 0.30358 0.07522 0.28177 0.33942 1576.616
2.085 0.49360 54.37078 1.69429 26.83754 0.30333 0.07547 0.28139 0.33982 1577.236
2.090 0.49390 54.42641 1.69704 26.88106 0.30307 0.07572 0.28100 0.34021 1577.856
2.095 0.49419 54.48208 1.69979 26.92471 0.30281 0.07597 0.28061 0.34060 1578.477
2.100 0.49449 54.53781 1.70256 26.96848 0.30256 0.07622 0.28023 0.34099 1579.098
2.105 0.49479 54.59359 1.70533 27.01238 0.30230 0.07647 0.27984 0.34139 1579.719
2.110 0.49509 54.64941 1.70811 27.05641 0.30204 0.07673 0.27946 0.34178 1580.341
2.115 0.49539 54.70529 1.71089 27.10056 0.30178 0.07698 0.27907 0.34217 1580.963
2.120 0.49569 54.76122 1.71369 27.14484 0.30152 0.07723 0.27868 0.34256 1581.585
2.125 0.49600 54.81720 1.71649 27.18925 0.30126 0.07749 0.27830 0.34295 1582.207
2.130 0.49630 54.87323 1.71930 27.23379 0.30100 0.07774 0.27791 0.34334 1582.830
2.135 0.49661 54.92930 1.72212 27.27846 0.30074 0.07800 0.27752 0.34373 1583.453
2.140 0.49692 54.98543 1.72495 27.32325 0.30048 0.07826 0.27714 0.34412 1584.076
2.145 0.49723 55.04161 1.72779 27.36818 0.30022 0.07851 0.27675 0.34451 1584.699
2.150 0.49754 55.09783 1.73063 27.41323 0.29996 0.07877 0.27637 0.34490 1585.323
2.155 0.49785 55.15411 1.73349 27.45842 0.29970 0.07903 0.27598 0.34529 1585.946
2.160 0.49816 55.21043 1.73635 27.50373 0.29944 0.07929 0.27559 0.34568 1586.571
2.165 0.49848 55.26681 1.73922 27.54918 0.29918 0.07955 0.27521 0.34607 1587.195
2.170 0.49879 55.32323 1.74209 27.59476 0.29891 0.07981 0.27482 0.34646 1587.820
2.175 0.49911 55.37970 1.74498 27.64047 0.29865 0.08007 0.27443 0.34685 1588.444
2.180 0.49943 55.43622 1.74787 27.68632 0.29839 0.08033 0.27405 0.34723 1589.069
2.185 0.49975 55.49279 1.75078 27.73230 0.29812 0.08060 0.27366 0.34762 1589.695
2.190 0.50007 55.54940 1.75369 27.77841 0.29786 0.08086 0.27327 0.34801 1590.320
2.195 0.50039 55.60607 1.75661 27.82466 0.29760 0.08112 0.27289 0.34840 1590.946
2.200 0.50071 55.66278 1.75954 27.87104 0.29733 0.08139 0.27250 0.34878 1591.572
2.205 0.50104 55.71954 1.76247 27.91756 0.29707 0.08165 0.27211 0.34917 1592.198
2.210 0.50136 55.77635 1.76542 27.96421 0.29680 0.08192 0.27173 0.34955 1592.825
2.215 0.50169 55.83320 1.76837 28.01100 0.29653 0.08219 0.27134 0.34994 1593.452
2.220 0.50202 55.89010 1.77133 28.05792 0.29627 0.08245 0.27095 0.35033 1594.079
2.225 0.50235 55.94705 1.77430 28.10499 0.29600 0.08272 0.27057 0.35071 1594.706
2.230 0.50268 56.00405 1.77728 28.15219 0.29573 0.08299 0.27018 0.35110 1595.333
2.235 0.50301 56.06109 1.78027 28.19953 0.29547 0.08326 0.26979 0.35148 1595.961
2.240 0.50335 56.11818 1.78327 28.24700 0.29520 0.08353 0.26941 0.35187 1596.589
2.245 0.50368 56.17531 1.78628 28.29462 0.29493 0.08380 0.26902 0.35225 1597.217
2.250 0.50402 56.23250 1.78929 28.34238 0.29466 0.08408 0.26863 0.35263 1597.845
2.255 0.50436 56.28972 1.79232 28.39028 0.29439 0.08435 0.26824 0.35302 1598.473
2.260 0.50470 56.34700 1.79535 28.43831 0.29412 0.08462 0.26786 0.35340 1599.102
2.265 0.50504 56.40432 1.79839 28.48649 0.29385 0.08489 0.26747 0.35378 1599.731
2.270 0.50538 56.46168 1.80144 28.53481 0.29358 0.08517 0.26708 0.35416 1600.360
2.275 0.50573 56.51909 1.80450 28.58328 0.29331 0.08544 0.26670 0.35455 1600.989
2.280 0.50607 56.57655 1.80757 28.63188 0.29304 0.08572 0.26631 0.35493 1601.619
2.285 0.50642 56.63405 1.81065 28.68063 0.29277 0.08600 0.26592 0.35531 1602.248
2.290 0.50677 56.69159 1.81373 28.72953 0.29250 0.08628 0.26554 0.35569 1602.878
2.295 0.50712 56.74918 1.81683 28.77856 0.29223 0.08655 0.26515 0.35607 1603.508
2.300 0.50747 56.80682 1.81993 28.82775 0.29195 0.08683 0.26476 0.35645 1604.138
2.305 0.50782 56.86450 1.82305 28.87707 0.29168 0.08711 0.26438 0.35683 1604.769
2.310 0.50818 56.92222 1.82617 28.92655 0.29141 0.08739 0.26399 0.35721 1605.400
2.315 0.50853 56.97999 1.82930 28.97617 0.29113 0.08767 0.26360 0.35759 1606.030
2.320 0.50889 57.03780 1.83245 29.02593 0.29086 0.08796 0.26322 0.35797 1606.661
2.325 0.50925 57.09565 1.83560 29.07585 0.29059 0.08824 0.26283 0.35835 1607.293
2.330 0.50961 57.15355 1.83876 29.12591 0.29031 0.08852 0.26244 0.35873 1607.924
2.335 0.50997 57.21149 1.84193 29.17612 0.29004 0.08881 0.26206 0.35910 1608.555
2.340 0.51033 57.26947 1.84511 29.22648 0.28976 0.08909 0.26167 0.35948 1609.187
2.345 0.51070 57.32750 1.84829 29.27699 0.28949 0.08938 0.26128 0.35986 1609.819
2.350 0.51106 57.38556 1.85149 29.32765 0.28921 0.08966 0.26089 0.36023 1610.451
2.355 0.51143 57.44368 1.85470 29.37846 0.28893 0.08995 0.26051 0.36061 1611.083
2.360 0.51180 57.50183 1.85792 29.42942 0.28866 0.09024 0.26012 0.36099 1611.715
2.365 0.51217 57.56002 1.86115 29.48054 0.28838 0.09052 0.25973 0.36136 1612.348
2.370 0.51254 57.61826 1.86438 29.53180 0.28810 0.09081 0.25935 0.36174 1612.981
2.375 0.51292 57.67654 1.86763 29.58322 0.28782 0.09110 0.25896 0.36211 1613.613
2.380 0.51329 57.73485 1.87088 29.63479 0.28755 0.09139 0.25857 0.36249 1614.246
2.385 0.51367 57.79321 1.87415 29.68652 0.28727 0.09168 0.25819 0.36286 1614.880
2.390 0.51405 57.85161 1.87742 29.73840 0.28699 0.09198 0.25780 0.36323 1615.513
2.395 0.51443 57.91006 1.88071 29.79044 0.28671 0.09227 0.25741 0.36361 1616.146
2.400 0.51481 57.96854 1.88400 29.84263 0.28643 0.09256 0.25703 0.36398 1616.780
2.405 0.51519 58.02706 1.88731 29.89498 0.28615 0.09286 0.25664 0.36435 1617.414
2.410 0.51557 58.08562 1.89062 29.94748 0.28587 0.09315 0.25626 0.36472 1618.047
2.415 0.51596 58.14422 1.89395 30.00014 0.28559 0.09345 0.25587 0.36510 1618.681
2.420 0.51635 58.20286 1.89728 30.05296 0.28531 0.09374 0.25548 0.36547 1619.315
2.425 0.51674 58.26154 1.90063 30.10594 0.28503 0.09404 0.25510 0.36584 1619.950
2.430 0.51713 58.32026 1.90398 30.15908 0.28475 0.09434 0.25471 0.36621 1620.584
2.435 0.51752 58.37901 1.90735 30.21238 0.28446 0.09464 0.25432 0.36658 1621.218
2.440 0.51792 58.43781 1.91072 30.26584 0.28418 0.09494 0.25394 0.36695 1621.853
2.445 0.51831 58.49664 1.91411 30.31945 0.28390 0.09524 0.25355 0.36732 1622.488
2.450 0.51871 58.55551 1.91750 30.37323 0.28362 0.09554 0.25316 0.36768 1623.123
2.455 0.51911 58.61442 1.92091 30.42718 0.28333 0.09584 0.25278 0.36805 1623.758
2.460 0.51951 58.67337 1.92432 30.48128 0.28305 0.09614 0.25239 0.36842 1624.393
2.465 0.51991 58.73235 1.92775 30.53555 0.28276 0.09644 0.25201 0.36879 1625.028
2.470 0.52031 58.79137 1.93119 30.58998 0.28248 0.09675 0.25162 0.36915 1625.663
2.475 0.52072 58.85043 1.93463 30.64458 0.28220 0.09705 0.25123 0.36952 1626.298
2.480 0.52113 58.90952 1.93809 30.69934 0.28191 0.09736 0.25085 0.36989 1626.934
2.485 0.52154 58.96865 1.94156 30.75426 0.28163 0.09766 0.25046 0.37025 1627.569
2.490 0.52195 59.02781 1.94504 30.80936 0.28134 0.09797 0.25007 0.37062 1628.205
2.495 0.52236 59.08702 1.94852 30.86462 0.28105 0.09828 0.24969 0.37098 1628.841
2.500 0.52277 59.14625 1.95202 30.92004 0.28077 0.09858 0.24930 0.37134 1629.477
2.505 0.52319 59.20552 1.95553 30.97564 0.28048 0.09889 0.24892 0.37171 1630.112
2.510 0.52361 59.26483 1.95905 31.03140 0.28019 0.09920 0.24853 0.37207 1630.748
2.515 0.52402 59.32417 1.96258 31.08734 0.27991 0.09951 0.24815 0.37243 1631.384
2.520 0.52445 59.38354 1.96613 31.14344 0.27962 0.09982 0.24776 0.37280 1632.021
2.525 0.52487 59.44295 1.96968 31.19971 0.27933 0.10014 0.24737 0.37316 1632.657
2.530 0.52529 59.50239 1.97324 31.25616 0.27904 0.10045 0.24699 0.37352 1633.293
2.535 0.52572 59.56187 1.97682 31.31277 0.27875 0.10076 0.24660 0.37388 1633.929
2.540 0.52615 59.62138 1.98040 31.36956 0.27847 0.10108 0.24622 0.37424 1634.566
2.545 0.52658 59.68092 1.98400 31.42652 0.27818 0.10139 0.24583 0.37460 1635.202
2.550 0.52701 59.74049 1.98760 31.48366 0.27789 0.10171 0.24545 0.37496 1635.839
2.555 0.52744 59.80010 1.99122 31.54097 0.27760 0.10202 0.24506 0.37532 1636.475
2.560 0.52787 59.85973 1.99485 31.59845 0.27731 0.10234 0.24468 0.37568 1637.112
2.565 0.52831 59.91940 1.99849 31.65611 0.27702 0.10266 0.24429 0.37603 1637.749
2.570 0.52875 59.97910 2.00214 31.71395 0.27673 0.10298 0.24391 0.37639 1638.385
2.575 0.52919 60.03883 2.00581 31.77196 0.27643 0.10330 0.24352 0.37675 1639.022
2.580 0.52963 60.09859 2.00948 31.83015 0.27614 0.10362 0.24314 0.37710 1639.659
2.585 0.53008 60.15839 2.01316 31.88852 0.27585 0.10394 0.24275 0.37746 1640.296
2.590 0.53052 60.21821 2.01686 31.94707 0.27556 0.10426 0.24237 0.37782 1640.932
2.595 0.53097 60.27806 2.02057 32.00580 0.27527 0.10458 0.24198 0.37817 1641.569
2.600 0.53142 60.33794 2.02429 32.06471 0.27497 0.10491 0.24160 0.37852 1642.206
2.605 0.53187 60.39785 2.02802 32.12380 0.27468 0.10523 0.24121 0.37888 1642.843
2.610 0.53232 60.45779 2.03176 32.18307 0.27439 0.10555 0.24083 0.37923 1643.480
2.615 0.53278 60.51776 2.03551 32.24252 0.27409 0.10588 0.24044 0.37958 1644.117
2.620 0.53323 60.57775 2.03928 32.30215 0.27380 0.10621 0.24006 0.37994 1644.754
2.625 0.53369 60.63777 2.04305 32.36197 0.27351 0.10653 0.23967 0.38029 1645.391
2.630 0.53415 60.69782 2.04684 32.42197 0.27321 0.10686 0.23929 0.38064 1646.028
2.635 0.53462 60.75790 2.05064 32.48216 0.27292 0.10719 0.23890 0.38099 1646.665
2.640 0.53508 60.81800 2.05445 32.54253 0.27262 0.10752 0.23852 0.38134 1647.301
2.645 0.53555 60.87813 2.05828 32.60309 0.27233 0.10785 0.23814 0.38169 1647.938
2.650 0.53602 60.93829 2.06211 32.66384 0.27203 0.10818 0.23775 0.38204 1648.575
2.655 0.53649 60.99847 2.06596 32.72477 0.27173 0.10851 0.23737 0.38239 1649.212
2.660 0.53696 61.05868 2.06982 32.78590 0.27144 0.10884 0.23698 0.38273 1649.849
2.665 0.53743 61.11891 2.07369 32.84721 0.27114 0.10918 0.23660 0.38308 1650.486
2.670 0.53791 61.17917 2.07757 32.90871 0.27084 0.10951 0.23622 0.38343 1651.123
2.675 0.53838 61.23945 2.08146 32.97040 0.27055 0.10985 0.23583 0.38377 1651.759
2.680 0.53886 61.29975 2.08537 33.03228 0.27025 0.11018 0.23545 0.38412 1652.396
2.685 0.53935 61.36008 2.08929 33.09436 0.26995 0.11052 0.23507 0.38446 1653.033
2.690 0.53983 61.42043 2.09322 33.15662 0.26965 0.11086 0.23468 0.38481 1653.670
2.695 0.54032 61.48080 2.09716 33.21908 0.26936 0.11119 0.23430 0.38515 1654.306
2.700 0.54080 61.54120 2.10112 33.28174 0.26906 0.11153 0.23392 0.38549 1654.943
2.705 0.54129 61.60162 2.10509 33.34459 0.26876 0.11187 0.23353 0.38584 1655.579
2.710 0.54179 61.66206 2.10907 33.40763 0.26846 0.11221 0.23315 0.38618 1656.216
2.715 0.54228 61.72252 2.11306 33.47087 0.26816 0.11255 0.23277 0.38652 1656.852
2.720 0.54278 61.78300 2.11706 33.53431 0.26786 0.11289 0.23238 0.38686 1657.488
2.725 0.54327 61.84350 2.12108 33.59794 0.26756 0.11324 0.23200 0.38720 1658.125
2.730 0.54377 61.90402 2.12511 33.66177 0.26726 0.11358 0.23162 0.38754 1658.761
2.735 0.54428 61.96456 2.12915 33.72581 0.26696 0.11392 0.23124 0.38788 1659.397
2.740 0.54478 62.02513 2.13321 33.79004 0.26666 0.11427 0.23085 0.38822 1660.033
2.745 0.54529 62.08570 2.13728 33.85447 0.26636 0.11461 0.23047 0.38856 1660.669
2.750 0.54579 62.14630 2.14136 33.91910 0.26606 0.11496 0.23009 0.38889 1661.305
2.755 0.54630 62.20692 2.14545 33.98394 0.26575 0.11531 0.22971 0.38923 1661.940
2.760 0.54682 62.26755 2.14956 34.04898 0.26545 0.11566 0.22933 0.38957 1662.576
2.765 0.54733 62.32820 2.15368 34.11422 0.26515 0.11600 0.22894 0.38990 1663.212
2.770 0.54785 62.38887 2.15781 34.17967 0.26485 0.11635 0.22856 0.39024 1663.847
2.775 0.54837 62.44955 2.16195 34.24532 0.26454 0.11670 0.22818 0.39057 1664.482
2.780 0.54889 62.51025 2.16611 34.31118 0.26424 0.11706 0.22780 0.39090 1665.118
2.785 0.54941 62.57097 2.17028 34.37724 0.26394 0.11741 0.22742 0.39124 1665.753
2.790 0.54994 62.63170 2.17446 34.44351 0.26363 0.11776 0.22704 0.39157 1666.388
2.795 0.55046 62.69244 2.17866 34.50999 0.26333 0.11811 0.22665 0.39190 1667.022
2.800 0.55099 62.75320 2.18287 34.57668 0.26303 0.11847 0.22627 0.39223 1667.657
2.805 0.55153 62.81397 2.18709 34.64358 0.26272 0.11882 0.22589 0.39256 1668.292
2.810 0.55206 62.87476 2.19133 34.71069 0.26242 0.11918 0.22551 0.39289 1668.926
2.815 0.55260 62.93556 2.19558 34.77801 0.26211 0.11954 0.22513 0.39322 1669.560
2.820 0.55314 62.99637 2.19984 34.84554 0.26181 0.11989 0.22475 0.39355 1670.195
2.825 0.55368 63.05719 2.20412 34.91329 0.26150 0.12025 0.22437 0.39388 1670.829
2.830 0.55422 63.11802 2.20841 34.98125 0.26120 0.12061 0.22399 0.39421 1671.462
2.835 0.55476 63.17887 2.21272 35.04942 0.26089 0.12097 0.22361 0.39453 1672.096
2.840 0.55531 63.23972 2.21703 35.11781 0.26058 0.12133 0.22323 0.39486 1672.729
2.845 0.55586 63.30059 2.22136 35.18641 0.26028 0.12169 0.22285 0.39518 1673.363
2.850 0.55641 63.36146 2.22571 35.25523 0.25997 0.12205 0.22247 0.39551 1673.996
2.855 0.55697 63.42235 2.23007 35.32427 0.25966 0.12242 0.22209 0.39583 1674.629
2.860 0.55753 63.48324 2.23444 35.39353 0.25936 0.12278 0.22171 0.39616 1675.261
2.865 0.55808 63.54414 2.23883 35.46301 0.25905 0.12314 0.22133 0.39648 1675.894
2.870 0.55865 63.60505 2.24323 35.53271 0.25874 0.12351 0.22095 0.39680 1676.526
2.875 0.55921 63.66596 2.24764 35.60263 0.25843 0.12388 0.22057 0.39712 1677.159
2.880 0.55978 63.72688 2.25207 35.67277 0.25813 0.12424 0.22019 0.39744 1677.790
2.885 0.56034 63.78781 2.25651 35.74313 0.25782 0.12461 0.21981 0.39776 1678.422
2.890 0.56091 63.84874 2.26097 35.81372 0.25751 0.12498 0.21943 0.39808 1679.054
2.895 0.56149 63.90968 2.26544 35.88453 0.25720 0.12535 0.21905 0.39840 1679.685
2.900 0.56206 63.97063 2.26992 35.95556 0.25689 0.12572 0.21868 0.39872 1680.316
2.905 0.56264 64.03157 2.27442 36.02683 0.25658 0.12609 0.21830 0.39903 1680.947
2.910 0.56322 64.09252 2.27893 36.09832 0.25627 0.12646 0.21792 0.39935 1681.577
2.915 0.56380 64.15348 2.28346 36.17003 0.25596 0.12683 0.21754 0.39967 1682.208
2.920 0.56439 64.21443 2.28800 36.24198 0.25565 0.12721 0.21716 0.39998 1682.838
2.925 0.56498 64.27539 2.29256 36.31415 0.25534 0.12758 0.21678 0.40030 1683.468
2.930 0.56557 64.33635 2.29713 36.38656 0.25503 0.12795 0.21641 0.40061 1684.097
2.935 0.56616 64.39731 2.30172 36.45920 0.25472 0.12833 0.21603 0.40092 1684.727
2.940 0.56676 64.45827 2.30632 36.53206 0.25441 0.12871 0.21565 0.40123 1685.356
2.945 0.56735 64.51923 2.31093 36.60517 0.25410 0.12908 0.21527 0.40155 1685.985
2.950 0.56795 64.58019 2.31556 36.67850 0.25379 0.12946 0.21490 0.40186 1686.613
2.955 0.56856 64.64115 2.32021 36.75207 0.25347 0.12984 0.21452 0.40217 1687.241
2.960 0.56916 64.70211 2.32487 36.82588 0.25316 0.13022 0.21414 0.40248 1687.869
2.965 0.56977 64.76306 2.32954 36.89992 0.25285 0.13060 0.21377 0.40278 1688.497
2.970 0.57038 64.82402 2.33423 36.97420 0.25254 0.13098 0.21339 0.40309 1689.124
2.975 0.57099 64.88496 2.33893 37.04872 0.25223 0.13136 0.21301 0.40340 1689.751
2.980 0.57161 64.94591 2.34365 37.12348 0.25191 0.13175 0.21264 0.40371 1690.378
2.985 0.57222 65.00685 2.34839 37.19848 0.25160 0.13213 0.21226 0.40401 1691.004
2.990 0.57284 65.06778 2.35314 37.27371 0.25129 0.13251 0.21188 0.40432 1691.630
2.995 0.57347 65.12871 2.35790 37.34920 0.25097 0.13290 0.21151 0.40462 1692.256
3.000 0.57409 65.18963 2.36268 37.42492 0.25066 0.13328 0.21113 0.40492 1692.882
3.005 0.57472 65.25054 2.36748 37.50089 0.25035 0.13367 0.21076 0.40523 1693.507
3.010 0.57535 65.31145 2.37229 37.57710 0.25003 0.13406 0.21038 0.40553 1694.131
3.015 0.57599 65.37235 2.37712 37.65356 0.24972 0.13445 0.21001 0.40583 1694.756
3.020 0.57662 65.43324 2.38196 37.73026 0.24940 0.13484 0.20963 0.40613 1695.380
3.025 0.57726 65.49412 2.38682 37.80721 0.24909 0.13523 0.20926 0.40643 1696.003
3.030 0.57790 65.55499 2.39169 37.88441 0.24877 0.13562 0.20888 0.40673 1696.627
3.035 0.57855 65.61585 2.39658 37.96186 0.24846 0.13601 0.20851 0.40703 1697.250
3.040 0.57919 65.67670 2.40149 38.03956 0.24814 0.13640 0.20813 0.40732 1697.872
3.045 0.57984 65.73753 2.40641 38.11752 0.24783 0.13679 0.20776 0.40762 1698.494
3.050 0.58050 65.79836 2.41135 38.19572 0.24751 0.13719 0.20738 0.40792 1699.116
3.055 0.58115 65.85917 2.41630 38.27418 0.24720 0.13758 0.20701 0.40821 1699.738
3.060 0.58181 65.91996 2.42127 38.35289 0.24688 0.13798 0.20664 0.40851 1700.358
3.065 0.58247 65.98074 2.42625 38.43186 0.24656 0.13837 0.20626 0.40880 1700.979
3.070 0.58313 66.04151 2.43125 38.51108 0.24625 0.13877 0.20589 0.40909 1701.599
3.075 0.58380 66.10226 2.43627 38.59056 0.24593 0.13917 0.20552 0.40938 1702.219
3.080 0.58447 66.16299 2.44131 38.67030 0.24561 0.13957 0.20514 0.40967 1702.838
3.085 0.58514 66.22371 2.44636 38.75029 0.24530 0.13997 0.20477 0.40997 1703.457
3.090 0.58582 66.28441 2.45142 38.83055 0.24498 0.14037 0.20440 0.41025 1704.075
3.095 0.58650 66.34509 2.45651 38.91107 0.24466 0.14077 0.20403 0.41054 1704.693
3.100 0.58718 66.40575 2.46161 38.99185 0.24434 0.14117 0.20365 0.41083 1705.311
3.105 0.58786 66.46640 2.46672 39.07289 0.24403 0.14157 0.20328 0.41112 1705.928
3.110 0.58855 66.52702 2.47186 39.15420 0.24371 0.14198 0.20291 0.41140 1706.545
3.115 0.58924 66.58762 2.47701 39.23577 0.24339 0.14238 0.20254 0.41169 1707.161
3.120 0.58993 66.64819 2.48217 39.31761 0.24307 0.14279 0.20217 0.41198 1707.776
3.125 0.59062 66.70875 2.48736 39.39972 0.24275 0.14319 0.20180 0.41226 1708.392
3.130 0.59132 66.76928 2.49256 39.48209 0.24244 0.14360 0.20142 0.41254 1709.006
3.135 0.59202 66.82979 2.49777 39.56473 0.24212 0.14401 0.20105 0.41282 1709.620
3.140 0.59273 66.89027 2.50301 39.64765 0.24180 0.14441 0.20068 0.41311 1710.234
3.145 0.59343 66.95073 2.50826 39.73083 0.24148 0.14482 0.20031 0.41339 1710.847
3.150 0.59414 67.01116 2.51353 39.81429 0.24116 0.14523 0.19994 0.41367 1711.460
3.155 0.59486 67.07157 2.51881 39.89802 0.24084 0.14564 0.19957 0.41395 1712.072
3.160 0.59557 67.13194 2.52412 39.98202 0.24052 0.14606 0.19920 0.41422 1712.683
3.165 0.59629 67.19229 2.52944 40.06630 0.24020 0.14647 0.19883 0.41450 1713.295
3.170 0.59702 67.25261 2.53478 40.15086 0.23988 0.14688 0.19846 0.41478 1713.905
3.175 0.59774 67.31290 2.54013 40.23569 0.23956 0.14730 0.19809 0.41505 1714.515
3.180 0.59847 67.37316 2.54551 40.32081 0.23924 0.14771 0.19772 0.41533 1715.124
3.185 0.59920 67.43339 2.55090 40.40620 0.23892 0.14813 0.19735 0.41560 1715.733
3.190 0.59994 67.49358 2.55631 40.49187 0.23860 0.14854 0.19698 0.41587 1716.341
3.195 0.60067 67.55374 2.56173 40.57783 0.23828 0.14896 0.19662 0.41615 1716.949
3.200 0.60142 67.61387 2.56718 40.66407 0.23796 0.14938 0.19625 0.41642 1717.556
3.205 0.60216 67.67396 2.57264 40.75059 0.23764 0.14980 0.19588 0.41669 1718.163
3.210 0.60291 67.73402 2.57812 40.83740 0.23731 0.15022 0.19551 0.41696 1718.768
3.215 0.60366 67.79405 2.58362 40.92449 0.23699 0.15064 0.19514 0.41723 1719.374
3.220 0.60441 67.85403 2.58913 41.01187 0.23667 0.15106 0.19478 0.41750 1719.978
3.225 0.60517 67.91398 2.59467 41.09954 0.23635 0.15148 0.19441 0.41776 1720.582
3.230 0.60593 67.97389 2.60022 41.18750 0.23603 0.15190 0.19404 0.41803 1721.186
3.235 0.60670 68.03376 2.60579 41.27575 0.23571 0.15233 0.19367 0.41829 1721.788
3.240 0.60746 68.09359 2.61138 41.36429 0.23538 0.15275 0.19331 0.41856 1722.391
3.245 0.60823 68.15338 2.61699 41.45312 0.23506 0.15318 0.19294 0.41882 1722.992
3.250 0.60901 68.21312 2.62262 41.54225 0.23474 0.15360 0.19258 0.41909 1723.593
3.255 0.60978 68.27283 2.62826 41.63167 0.23442 0.15403 0.19221 0.41935 1724.193
3.260 0.61056 68.33249 2.63393 41.72139 0.23409 0.15446 0.19184 0.41961 1724.792
3.265 0.61135 68.39210 2.63961 41.81141 0.23377 0.15488 0.19148 0.41987 1725.391
3.270 0.61214 68.45168 2.64531 41.90173 0.23345 0.15531 0.19111 0.42013 1725.989
3.275 0.61293 68.51120 2.65103 41.99234 0.23312 0.15574 0.19075 0.42039 1726.586
3.280 0.61372 68.57068 2.65677 42.08326 0.23280 0.15617 0.19038 0.42064 1727.183
3.285 0.61452 68.63011 2.66253 42.17448 0.23248 0.15661 0.19002 0.42090 1727.779
3.290 0.61532 68.68949 2.66831 42.26600 0.23215 0.15704 0.18965 0.42116 1728.374
3.295 0.61612 68.74883 2.67411 42.35783 0.23183 0.15747 0.18929 0.42141 1728.969
3.300 0.61693 68.80811 2.67992 42.44996 0.23151 0.15791 0.18892 0.42166 1729.562
3.305 0.61774 68.86734 2.68576 42.54240 0.23118 0.15834 0.18856 0.42192 1730.155
3.310 0.61856 68.92652 2.69161 42.63514 0.23086 0.15878 0.18820 0.42217 1730.748
3.315 0.61938 68.98564 2.69749 42.72820 0.23053 0.15921 0.18783 0.42242 1731.339
3.320 0.62020 69.04471 2.70338 42.82157 0.23021 0.15965 0.18747 0.42267 1731.930
3.325 0.62103 69.10373 2.70930 42.91524 0.22989 0.16009 0.18711 0.42292 1732.520
3.330 0.62186 69.16269 2.71523 43.00923 0.22956 0.16053 0.18674 0.42317 1733.109
3.335 0.62269 69.22160 2.72118 43.10354 0.22924 0.16097 0.18638 0.42342 1733.697
3.340 0.62353 69.28044 2.72716 43.19816 0.22891 0.16141 0.18602 0.42366 1734.285
3.345 0.62437 69.33923 2.73315 43.29310 0.22859 0.16185 0.18566 0.42391 1734.871
3.350 0.62521 69.39796 2.73916 43.38835 0.22826 0.16229 0.18530 0.42415 1735.457
3.355 0.62606 69.45663 2.74520 43.48392 0.22794 0.16273 0.18494 0.42440 1736.042
3.360 0.62691 69.51523 2.75125 43.57982 0.22761 0.16318 0.18457 0.42464 1736.627
3.365 0.62777 69.57378 2.75733 43.67603 0.22729 0.16362 0.18421 0.42488 1737.210
3.370 0.62862 69.63226 2.76342 43.77257 0.22696 0.16406 0.18385 0.42512 1737.792
3.375 0.62949 69.69067 2.76953 43.86943 0.22663 0.16451 0.18349 0.42536 1738.374
3.380 0.63035 69.74903 2.77567 43.96662 0.22631 0.16496 0.18313 0.42560 1738.955
3.385 0.63123 69.80731 2.78183 44.06413 0.22598 0.16541 0.18277 0.42584 1739.535
3.390 0.63210 69.86553 2.78800 44.16197 0.22566 0.16585 0.18241 0.42608 1740.114
3.395 0.63298 69.92368 2.79420 44.26014 0.22533 0.16630 0.18205 0.42631 1740.692
3.400 0.63386 69.98176 2.80042 44.35864 0.22501 0.16675 0.18169 0.42655 1741.269
3.405 0.63475 70.03977 2.80666 44.45748 0.22468 0.16720 0.18133 0.42678 1741.845
3.410 0.63564 70.09770 2.81292 44.55664 0.22435 0.16766 0.18097 0.42702 1742.421
3.415 0.63653 70.15557 2.81920 44.65614 0.22403 0.16811 0.18062 0.42725 1742.995
3.420 0.63743 70.21336 2.82550 44.75597 0.22370 0.16856 0.18026 0.42748 1743.568
3.425 0.63833 70.27108 2.83183 44.85615 0.22337 0.16901 0.17990 0.42771 1744.141
3.430 0.63924 70.32872 2.83817 44.95666 0.22305 0.16947 0.17954 0.42794 1744.712
3.435 0.64015 70.38629 2.84454 45.05750 0.22272 0.16992 0.17918 0.42817 1745.283
3.440 0.64106 70.44378 2.85093 45.15869 0.22239 0.17038 0.17883 0.42840 1745.853
3.445 0.64198 70.50119 2.85734 45.26023 0.22207 0.17084 0.17847 0.42862 1746.421
3.450 0.64290 70.55852 2.86377 45.36210 0.22174 0.17130 0.17811 0.42885 1746.989
3.455 0.64383 70.61577 2.87022 45.46432 0.22141 0.17175 0.17776 0.42908 1747.555
3.460 0.64476 70.67293 2.87670 45.56689 0.22109 0.17221 0.17740 0.42930 1748.121
3.465 0.64569 70.73002 2.88319 45.66980 0.22076 0.17267 0.17704 0.42952 1748.685
3.470 0.64663 70.78702 2.88971 45.77307 0.22043 0.17314 0.17669 0.42974 1749.249
3.475 0.64757 70.84393 2.89626 45.87668 0.22010 0.17360 0.17633 0.42996 1749.811
3.480 0.64852 70.90076 2.90282 45.98064 0.21978 0.17406 0.17598 0.43018 1750.372
3.485 0.64947 70.95751 2.90940 46.08496 0.21945 0.17452 0.17562 0.43040 1750.933
3.490 0.65043 71.01416 2.91601 46.18963 0.21912 0.17499 0.17527 0.43062 1751.492
3.495 0.65139 71.07072 2.92264 46.29466 0.21879 0.17545 0.17491 0.43084 1752.050
3.500 0.65235 71.12720 2.92930 46.40005 0.21847 0.17592 0.17456 0.43105 1752.607
3.505 0.65332 71.18358 2.93597 46.50579 0.21814 0.17638 0.17421 0.43127 1753.163
3.510 0.65430 71.23987 2.94267 46.61189 0.21781 0.17685 0.17385 0.43148 1753.718
3.515 0.65527 71.29606 2.94939 46.71836 0.21748 0.17732 0.17350 0.43170 1754.271
3.520 0.65625 71.35216 2.95614 46.82519 0.21715 0.17779 0.17315 0.43191 1754.824
3.525 0.65724 71.40816 2.96290 46.93238 0.21683 0.17826 0.17279 0.43212 1755.375
3.530 0.65823 71.46406 2.96969 47.03994 0.21650 0.17873 0.17244 0.43233 1755.925
3.535 0.65923 71.51987 2.97651 47.14786 0.21617 0.17920 0.17209 0.43254 1756.474
3.540 0.66023 71.57557 2.98334 47.25616 0.21584 0.17967 0.17174 0.43275 1757.022
3.545 0.66123 71.63118 2.99020 47.36482 0.21551 0.18015 0.17139 0.43295 1757.569
3.550 0.66224 71.68668 2.99709 47.47386 0.21519 0.18062 0.17104 0.43316 1758.114
3.555 0.66325 71.74208 3.00399 47.58326 0.21486 0.18109 0.17068 0.43336 1758.658
3.560 0.66427 71.79737 3.01092 47.69305 0.21453 0.18157 0.17033 0.43357 1759.201
3.565 0.66530 71.85256 3.01788 47.80321 0.21420 0.18204 0.16998 0.43377 1759.743
3.570 0.66632 71.90764 3.02486 47.91374 0.21387 0.18252 0.16963 0.43397 1760.284
3.575 0.66736 71.96261 3.03186 48.02466 0.21354 0.18300 0.16928 0.43417 1760.823
3.580 0.66839 72.01747 3.03889 48.13595 0.21322 0.18348 0.16893 0.43437 1761.361
3.585 0.66943 72.07222 3.04594 48.24763 0.21289 0.18396 0.16858 0.43457 1761.897
3.590 0.67048 72.12686 3.05301 48.35969 0.21256 0.18444 0.16824 0.43477 1762.433
3.595 0.67153 72.18138 3.06011 48.47214 0.21223 0.18492 0.16789 0.43497 1762.967
3.600 0.67259 72.23579 3.06723 48.58497 0.21190 0.18540 0.16754 0.43516 1763.500
3.605 0.67365 72.29008 3.07438 48.69819 0.21157 0.18588 0.16719 0.43536 1764.031
3.610 0.67472 72.34426 3.08155 48.81180 0.21124 0.18636 0.16684 0.43555 1764.561
3.615 0.67579 72.39832 3.08875 48.92580 0.21091 0.18685 0.16649 0.43574 1765.090
3.620 0.67686 72.45225 3.09597 49.04019 0.21059 0.18733 0.16615 0.43594 1765.617
3.625 0.67794 72.50607 3.10322 49.15498 0.21026 0.18782 0.16580 0.43613 1766.143
3.630 0.67903 72.55976 3.11049 49.27016 0.20993 0.18830 0.16545 0.43632 1766.668
3.635 0.68012 72.61333 3.11779 49.38574 0.20960 0.18879 0.16511 0.43650 1767.191
3.640 0.68122 72.66677 3.12511 49.50172 0.20927 0.18928 0.16476 0.43669 1767.713
3.645 0.68232 72.72008 3.13246 49.61810 0.20894 0.18977 0.16442 0.43688 1768.233
3.650 0.68342 72.77327 3.13983 49.73488 0.20861 0.19025 0.16407 0.43706 1768.752
3.655 0.68453 72.82633 3.14723 49.85207 0.20828 0.19074 0.16372 0.43725 1769.270
3.660 0.68565 72.87926 3.15465 49.96966 0.20795 0.19124 0.16338 0.43743 1769.786
3.665 0.68677 72.93205 3.16210 50.08766 0.20762 0.19173 0.16304 0.43761 1770.300
3.670 0.68790 72.98471 3.16957 50.20606 0.20730 0.19222 0.16269 0.43779 1770.813
3.675 0.68903 73.03724 3.17708 50.32488 0.20697 0.19271 0.16235 0.43797 1771.325
3.680 0.69017 73.08963 3.18460 50.44411 0.20664 0.19321 0.16200 0.43815 1771.835
3.685 0.69131 73.14188 3.19216 50.56375 0.20631 0.19370 0.16166 0.43833 1772.344
3.690 0.69246 73.19399 3.19974 50.68380 0.20598 0.19420 0.16132 0.43851 1772.851
3.695 0.69361 73.24597 3.20734 50.80428 0.20565 0.19469 0.16097 0.43868 1773.356
3.700 0.69477 73.29780 3.21497 50.92517 0.20532 0.19519 0.16063 0.43886 1773.860
3.705 0.69594 73.34948 3.22263 51.04648 0.20499 0.19569 0.16029 0.43903 1774.363
3.710 0.69710 73.40102 3.23032 51.16821 0.20466 0.19618 0.15995 0.43921 1774.863
3.715 0.69828 73.45242 3.23803 51.29037 0.20433 0.19668 0.15961 0.43938 1775.363
3.720 0.69946 73.50366 3.24577 51.41295 0.20400 0.19718 0.15927 0.43955 1775.860
3.725 0.70065 73.55476 3.25353 51.53596 0.20368 0.19768 0.15892 0.43972 1776.356
3.730 0.70184 73.60571 3.26133 51.65939 0.20335 0.19818 0.15858 0.43989 1776.851
3.735 0.70304 73.65650 3.26915 51.78326 0.20302 0.19869 0.15824 0.44005 1777.343
3.740 0.70424 73.70714 3.27699 51.90756 0.20269 0.19919 0.15790 0.44022 1777.834
3.745 0.70545 73.75762 3.28487 52.03229 0.20236 0.19969 0.15756 0.44038 1778.324
3.750 0.70666 73.80795 3.29277 52.15745 0.20203 0.20020 0.15723 0.44055 1778.811
3.755 0.70789 73.85812 3.30070 52.28306 0.20170 0.20070 0.15689 0.44071 1779.297
3.760 0.70911 73.90813 3.30866 52.40910 0.20137 0.20121 0.15655 0.44087 1779.782
3.765 0.71034 73.95798 3.31664 52.53559 0.20104 0.20171 0.15621 0.44103 1780.264
3.770 0.71158 74.00766 3.32465 52.66251 0.20071 0.20222 0.15587 0.44119 1780.745
3.775 0.71283 74.05718 3.33269 52.78988 0.20038 0.20273 0.15553 0.44135 1781.224
3.780 0.71408 74.10653 3.34076 52.91770 0.20006 0.20324 0.15520 0.44151 1781.701
3.785 0.71533 74.15572 3.34886 53.04596 0.19973 0.20375 0.15486 0.44167 1782.177
3.790 0.71659 74.20473 3.35699 53.17467 0.19940 0.20426 0.15452 0.44182 1782.651
3.795 0.71786 74.25358 3.36514 53.30384 0.19907 0.20477 0.15419 0.44197 1783.123
3.800 0.71914 74.30225 3.37332 53.43345 0.19874 0.20528 0.15385 0.44213 1783.593
3.805 0.72042 74.35075 3.38154 53.56353 0.19841 0.20579 0.15352 0.44228 1784.061
3.810 0.72170 74.39907 3.38978 53.69405 0.19808 0.20631 0.15318 0.44243 1784.527
3.815 0.72300 74.44721 3.39805 53.82504 0.19775 0.20682 0.15285 0.44258 1784.992
3.820 0.72430 74.49518 3.40634 53.95649 0.19742 0.20734 0.15251 0.44273 1785.455
3.825 0.72560 74.54296 3.41467 54.08840 0.19710 0.20785 0.15218 0.44288 1785.915
3.830 0.72691 74.59056 3.42303 54.22077 0.19677 0.20837 0.15184 0.44302 1786.374
3.835 0.72823 74.63798 3.43141 54.35361 0.19644 0.20888 0.15151 0.44317 1786.831
3.840 0.72955 74.68521 3.43983 54.48692 0.19611 0.20940 0.15118 0.44331 1787.286
3.845 0.73089 74.73226 3.44828 54.62070 0.19578 0.20992 0.15084 0.44346 1787.739
3.850 0.73222 74.77911 3.45675 54.75495 0.19545 0.21044 0.15051 0.44360 1788.190
3.855 0.73357 74.82577 3.46526 54.88967 0.19512 0.21096 0.15018 0.44374 1788.639
3.860 0.73492 74.87225 3.47379 55.02487 0.19479 0.21148 0.14985 0.44388 1789.086
3.865 0.73627 74.91852 3.48236 55.16054 0.19447 0.21200 0.14951 0.44402 1789.531
3.870 0.73764 74.96460 3.49095 55.29669 0.19414 0.21252 0.14918 0.44415 1789.974
3.875 0.73901 75.01049 3.49958 55.43333 0.19381 0.21305 0.14885 0.44429 1790.415
3.880 0.74038 75.05617 3.50824 55.57045 0.19348 0.21357 0.14852 0.44443 1790.854
3.885 0.74177 75.10165 3.51692 55.70805 0.19315 0.21410 0.14819 0.44456 1791.291
3.890 0.74316 75.14693 3.52564 55.84614 0.19282 0.21462 0.14786 0.44469 1791.726
3.895 0.74456 75.19200 3.53439 55.98472 0.19250 0.21515 0.14753 0.44483 1792.159
3.900 0.74596 75.23687 3.54317 56.12379 0.19217 0.21567 0.14720 0.44496 1792.589
3.905 0.74737 75.28153 3.55198 56.26335 0.19184 0.21620 0.14687 0.44509 1793.017
3.910 0.74879 75.32598 3.56082 56.40341 0.19151 0.21673 0.14655 0.44521 1793.444
3.915 0.75022 75.37021 3.56969 56.54397 0.19118 0.21726 0.14622 0.44534 1793.868
3.920 0.75165 75.41423 3.57860 56.68502 0.19086 0.21779 0.14589 0.44547 1794.290
3.925 0.75309 75.45804 3.58754 56.82657 0.19053 0.21832 0.14556 0.44559 1794.709
3.930 0.75454 75.50163 3.59650 56.96863 0.19020 0.21885 0.14524 0.44572 1795.127
3.935 0.75599 75.54500 3.60550 57.11119 0.18987 0.21938 0.14491 0.44584 1795.542
3.940 0.75745 75.58814 3.61454 57.25426 0.18955 0.21991 0.14458 0.44596 1795.955
3.945 0.75892 75.63107 3.62360 57.39784 0.18922 0.22044 0.14426 0.44608 1796.366
3.950 0.76039 75.67377 3.63270 57.54193 0.18889 0.22098 0.14393 0.44620 1796.774
3.955 0.76188 75.71624 3.64183 57.68653 0.18856 0.22151 0.14361 0.44632 1797.180
3.960 0.76337 75.75848 3.65099 57.83165 0.18824 0.22205 0.14328 0.44644 1797.584
3.965 0.76487 75.80049 3.66018 57.97729 0.18791 0.22258 0.14296 0.44655 1797.986
3.970 0.76637 75.84227 3.66941 58.12344 0.18758 0.22312 0.14263 0.44667 1798.385
3.975 0.76789 75.88382 3.67867 58.27012 0.18725 0.22366 0.14231 0.44678 1798.782
3.980 0.76941 75.92512 3.68796 58.41732 0.18693 0.22419 0.14198 0.44689 1799.176
3.985 0.77094 75.96619 3.69729 58.56504 0.18660 0.22473 0.14166 0.44701 1799.568
3.990 0.77247 76.00702 3.70665 58.71330 0.18627 0.22527 0.14134 0.44712 1799.957
3.995 0.77402 76.04761 3.71604 58.86208 0.18595 0.22581 0.14102 0.44723 1800.345
4.000 0.77557 76.08795 3.72547 59.01140 0.18562 0.22635 0.14069 0.44733 1800.729
4.005 0.77713 76.12804 3.73493 59.16125 0.18529 0.22689 0.14037 0.44744 1801.111
4.010 0.77870 76.16789 3.74442 59.31163 0.18497 0.22743 0.14005 0.44755 1801.491
4.015 0.78027 76.20748 3.75395 59.46256 0.18464 0.22798 0.13973 0.44765 1801.868
4.020 0.78186 76.24682 3.76351 59.61403 0.18431 0.22852 0.13941 0.44775 1802.243
4.025 0.78345 76.28591 3.77311 59.76604 0.18399 0.22907 0.13909 0.44786 1802.615
4.030 0.78505 76.32474 3.78274 59.91859 0.18366 0.22961 0.13877 0.44796 1802.985
4.035 0.78666 76.36331 3.79240 60.07169 0.18334 0.23016 0.13845 0.44806 1803.352
4.040 0.78827 76.40162 3.80211 60.22534 0.18301 0.23070 0.13813 0.44816 1803.716
4.045 0.78990 76.43967 3.81184 60.37955 0.18268 0.23125 0.13781 0.44825 1804.078
4.050 0.79153 76.47745 3.82161 60.53431 0.18236 0.23180 0.13750 0.44835 1804.437
4.055 0.79317 76.51497 3.83142 60.68962 0.18203 0.23234 0.13718 0.44845 1804.793
4.060 0.79482 76.55221 3.84126 60.84549 0.18171 0.23289 0.13686 0.44854 1805.147
4.065 0.79648 76.58919 3.85113 61.00193 0.18138 0.23344 0.13654 0.44863 1805.498
4.070 0.79815 76.62589 3.86104 61.15893 0.18106 0.23399 0.13623 0.44872 1805.847
4.075 0.79983 76.66231 3.87099 61.31649 0.18073 0.23454 0.13591 0.44882 1806.192
4.080 0.80151 76.69846 3.88097 61.47462 0.18041 0.23510 0.13559 0.44890 1806.535
4.085 0.80320 76.73433 3.89099 61.63332 0.18008 0.23565 0.13528 0.44899 1806.875
4.090 0.80491 76.76991 3.90105 61.79260 0.17976 0.23620 0.13496 0.44908 1807.213
4.095 0.80662 76.80521 3.91114 61.95245 0.17943 0.23676 0.13465 0.44917 1807.547
4.100 0.80834 76.84023 3.92127 62.11287 0.17911 0.23731 0.13433 0.44925 1807.879
4.105 0.81007 76.87495 3.93143 62.27388 0.17878 0.23786 0.13402 0.44933 1808.208
4.110 0.81181 76.90939 3.94163 62.43547 0.17846 0.23842 0.13370 0.44942 1808.534
4.115 0.81355 76.94353 3.95187 62.59764 0.17813 0.23898 0.13339 0.44950 1808.857
4.120 0.81531 76.97737 3.96215 62.76040 0.17781 0.23953 0.13308 0.44958 1809.177
4.125 0.81708 77.01092 3.97246 62.92375 0.17748 0.24009 0.13277 0.44966 1809.495
4.130 0.81885 77.04417 3.98281 63.08769 0.17716 0.24065 0.13245 0.44974 1809.809
4.135 0.82064 77.07711 3.99320 63.25222 0.17684 0.24121 0.13214 0.44981 1810.121
4.140 0.82243 77.10975 4.00362 63.41735 0.17651 0.24177 0.13183 0.44989 1810.429
4.145 0.82423 77.14208 4.01408 63.58308 0.17619 0.24233 0.13152 0.44996 1810.734
4.150 0.82605 77.17411 4.02458 63.74941 0.17587 0.24289 0.13121 0.45004 1811.037
4.155 0.82787 77.20582 4.03512 63.91634 0.17554 0.24345 0.13090 0.45011 1811.336
4.160 0.82970 77.23722 4.04570 64.08388 0.17522 0.24401 0.13059 0.45018 1811.632
4.165 0.83154 77.26830 4.05632 64.25203 0.17490 0.24458 0.13028 0.45025 1811.926
4.170 0.83340 77.29907 4.06697 64.42079 0.17457 0.24514 0.12997 0.45032 1812.216
4.175 0.83526 77.32951 4.07766 64.59016 0.17425 0.24571 0.12966 0.45038 1812.503
4.180 0.83713 77.35963 4.08839 64.76015 0.17393 0.24627 0.12935 0.45045 1812.787
4.185 0.83901 77.38942 4.09916 64.93076 0.17361 0.24684 0.12904 0.45051 1813.067
4.190 0.84091 77.41889 4.10997 65.10199 0.17328 0.24740 0.12874 0.45058 1813.345
4.195 0.84281 77.44802 4.12082 65.27385 0.17296 0.24797 0.12843 0.45064 1813.619
4.200 0.84472 77.47682 4.13171 65.44633 0.17264 0.24854 0.12812 0.45070 1813.890
4.205 0.84664 77.50529 4.14264 65.61944 0.17232 0.24910 0.12782 0.45076 1814.158
4.210 0.84858 77.53342 4.15361 65.79318 0.17200 0.24967 0.12751 0.45082 1814.422
4.215 0.85052 77.56121 4.16462 65.96755 0.17167 0.25024 0.12721 0.45088 1814.683
4.220 0.85248 77.58865 4.17567 66.14256 0.17135 0.25081 0.12690 0.45093 1814.941
4.225 0.85444 77.61575 4.18676 66.31821 0.17103 0.25138 0.12660 0.45099 1815.196
4.230 0.85642 77.64251 4.19789 66.49451 0.17071 0.25195 0.12629 0.45104 1815.447
4.235 0.85841 77.66891 4.20906 66.67144 0.17039 0.25253 0.12599 0.45110 1815.694
4.240 0.86040 77.69496 4.22027 66.84903 0.17007 0.25310 0.12568 0.45115 1815.939
4.245 0.86241 77.72065 4.23152 67.02726 0.16975 0.25367 0.12538 0.45120 1816.180
4.250 0.86443 77.74599 4.24281 67.20615 0.16943 0.25425 0.12508 0.45125 1816.417
4.255 0.86646 77.77097 4.25415 67.38570 0.16911 0.25482 0.12478 0.45130 1816.651
4.260 0.86851 77.79558 4.26552 67.56590 0.16879 0.25540 0.12447 0.45135 1816.881
4.265 0.87056 77.81983 4.27694 67.74676 0.16847 0.25597 0.12417 0.45139 1817.108
4.270 0.87262 77.84371 4.28840 67.92828 0.16815 0.25655 0.12387 0.45144 1817.332
4.275 0.87470 77.86722 4.29990 68.11048 0.16783 0.25713 0.12357 0.45148 1817.551
4.280 0.87679 77.89035 4.31145 68.29334 0.16751 0.25770 0.12327 0.45152 1817.768
4.285 0.87889 77.91311 4.32303 68.47687 0.16719 0.25828 0.12297 0.45156 1817.980
4.290 0.88100 77.93550 4.33466 68.66107 0.16687 0.25886 0.12267 0.45160 1818.189
4.295 0.88312 77.95750 4.34634 68.84596 0.16655 0.25944 0.12237 0.45164 1818.394
4.300 0.88526 77.97911 4.35805 69.03152 0.16623 0.26002 0.12207 0.45168 1818.596
4.305 0.88740 78.00034 4.36981 69.21777 0.16591 0.26060 0.12177 0.45172 1818.794
4.310 0.88956 78.02119 4.38161 69.40470 0.16559 0.26118 0.12148 0.45175 1818.988
4.315 0.89173 78.04163 4.39345 69.59232 0.16527 0.26176 0.12118 0.45178 1819.178
4.320 0.89392 78.06169 4.40534 69.78064 0.16496 0.26235 0.12088 0.45182 1819.365
4.325 0.89611 78.08135 4.41728 69.96964 0.16464 0.26293 0.12058 0.45185 1819.547
4.330 0.89832 78.10061 4.42925 70.15935 0.16432 0.26351 0.12029 0.45188 1819.726
4.335 0.90054 78.11946 4.44127 70.34975 0.16400 0.26410 0.11999 0.45191 1819.901
4.340 0.90277 78.13791 4.45334 70.54086 0.16368 0.26468 0.11970 0.45194 1820.072
4.345 0.90502 78.15595 4.46545 70.73267 0.16337 0.26527 0.11940 0.45196 1820.240
4.350 0.90728 78.17358 4.47760 70.92519 0.16305 0.26585 0.11911 0.45199 1820.403
4.355 0.90955 78.19080 4.48980 71.11843 0.16273 0.26644 0.11881 0.45201 1820.562
4.360 0.91183 78.20760 4.50204 71.31237 0.16242 0.26703 0.11852 0.45204 1820.717
4.365 0.91413 78.22398 4.51433 71.50704 0.16210 0.26761 0.11823 0.45206 1820.869
4.370 0.91644 78.23994 4.52667 71.70243 0.16178 0.26820 0.11793 0.45208 1821.016
4.375 0.91877 78.25547 4.53905 71.89853 0.16147 0.26879 0.11764 0.45210 1821.159
4.380 0.92110 78.27058 4.55148 72.09537 0.16115 0.26938 0.11735 0.45212 1821.298
4.385 0.92346 78.28525 4.56395 72.29294 0.16084 0.26997 0.11706 0.45214 1821.433
4.390 0.92582 78.29950 4.57647 72.49124 0.16052 0.27056 0.11676 0.45215 1821.564
4.395 0.92820 78.31330 4.58903 72.69027 0.16020 0.27115 0.11647 0.45217 1821.691
4.400 0.93059 78.32667 4.60164 72.89004 0.15989 0.27175 0.11618 0.45218 1821.813
4.405 0.93300 78.33959 4.61430 73.09056 0.15957 0.27234 0.11589 0.45219 1821.932
4.410 0.93542 78.35207 4.62701 73.29182 0.15926 0.27293 0.11560 0.45221 1822.046
4.415 0.93785 78.36410 4.63976 73.49382 0.15894 0.27353 0.11531 0.45222 1822.155
4.420 0.94030 78.37568 4.65256 73.69658 0.15863 0.27412 0.11503 0.45222 1822.261
4.425 0.94276 78.38681 4.66541 73.90009 0.15832 0.27471 0.11474 0.45223 1822.362
4.430 0.94524 78.39748 4.67831 74.10436 0.15800 0.27531 0.11445 0.45224 1822.458
4.435 0.94773 78.40769 4.69125 74.30939 0.15769 0.27591 0.11416 0.45224 1822.551
4.440 0.95024 78.41743 4.70424 74.51519 0.15737 0.27650 0.11387 0.45225 1822.639
4.445 0.95276 78.42672 4.71728 74.72175 0.15706 0.27710 0.11359 0.45225 1822.722
4.450 0.95530 78.43553 4.73037 74.92908 0.15675 0.27770 0.11330 0.45225 1822.801
4.455 0.95785 78.44387 4.74351 75.13718 0.15644 0.27829 0.11302 0.45225 1822.876
4.460 0.96041 78.45173 4.75670 75.34606 0.15612 0.27889 0.11273 0.45225 1822.946
4.465 0.96299 78.45912 4.76993 75.55572 0.15581 0.27949 0.11245 0.45225 1823.011
4.470 0.96559 78.46603 4.78322 75.76617 0.15550 0.28009 0.11216 0.45225 1823.072
4.475 0.96820 78.47245 4.79655 75.97740 0.15519 0.28069 0.11188 0.45225 1823.128
4.480 0.97083 78.47839 4.80994 76.18942 0.15487 0.28129 0.11159 0.45224 1823.179
4.485 0.97348 78.48383 4.82337 76.40223 0.15456 0.28189 0.11131 0.45223 1823.226
4.490 0.97614 78.48879 4.83686 76.61583 0.15425 0.28250 0.11103 0.45223 1823.269
4.495 0.97881 78.49324 4.85039 76.83024 0.15394 0.28310 0.11074 0.45222 1823.306
4.500 0.98151 78.49720 4.86398 77.04545 0.15363 0.28370 0.11046 0.45221 1823.339
4.505 0.98421 78.50065 4.87762 77.26147 0.15332 0.28431 0.11018 0.45220 1823.367
4.510 0.98694 78.50360 4.89131 77.47829 0.15301 0.28491 0.10990 0.45218 1823.390
4.515 0.98968 78.50604 4.90505 77.69593 0.15270 0.28551 0.10962 0.45217 1823.408
4.520 0.99244 78.50797 4.91884 77.91439 0.15239 0.28612 0.10934 0.45215 1823.421
4.525 0.99521 78.50938 4.93268 78.13366 0.15208 0.28673 0.10906 0.45214 1823.430
4.530 0.99801 78.51028 4.94658 78.35376 0.15177 0.28733 0.10878 0.45212 1823.433
4.535 1.00082 78.51065 4.96052 78.57468 0.15146 0.28794 0.10850 0.45210 1823.432
4.540 1.00364 78.51050 4.97452 78.79643 0.15115 0.28855 0.10822 0.45208 1823.425
4.545 1.00649 78.50982 4.98857 79.01902 0.15084 0.28915 0.10794 0.45206 1823.414
4.550 1.00935 78.50860 5.00268 79.24245 0.15053 0.28976 0.10767 0.45204 1823.397
4.555 1.01223 78.50686 5.01684 79.46671 0.15022 0.29037 0.10739 0.45202 1823.376
