timeGa Urey Qt heat/H0 heatTW 1HPE 2HPE 3HPE 4HPE TempC
0.000 0.36000 36.00000 1.00000 12.96000 0.37200 0.01640 0.43000 0.18100 1351.850
0.005 0.36014 36.00000 1.00038 12.96491 0.37215 0.01647 0.42994 0.18143 1352.369
0.010 0.36005 36.04352 1.00136 12.97762 0.37207 0.01654 0.42963 0.18176 1352.888
0.015 0.35997 36.08712 1.00234 12.99036 0.37199 0.01661 0.42931 0.18209 1353.409
0.020 0.35989 36.13082 1.00333 13.00312 0.37192 0.01667 0.42900 0.18241 1353.930
0.025 0.35981 36.17460 1.00431 13.01592 0.37184 0.01674 0.42868 0.18274 1354.451
0.030 0.35973 36.21846 1.00530 13.02873 0.37176 0.01680 0.42837 0.18307 1354.974
0.035 0.35964 36.26242 1.00629 13.04158 0.37168 0.01687 0.42805 0.18340 1355.497
0.040 0.35956 36.30646 1.00729 13.05445 0.37161 0.01694 0.42773 0.18372 1356.021
0.045 0.35948 36.35060 1.00828 13.06735 0.37153 0.01700 0.42742 0.18405 1356.545
0.050 0.35940 36.39482 1.00928 13.08028 0.37145 0.01707 0.42710 0.18438 1357.070
0.055 0.35932 36.43913 1.01028 13.09323 0.37137 0.01714 0.42678 0.18471 1357.596
0.060 0.35924 36.48353 1.01128 13.10621 0.37129 0.01720 0.42647 0.18504 1358.123
0.065 0.35916 36.52802 1.01229 13.11922 0.37121 0.01727 0.42615 0.18537 1358.650
0.070 0.35907 36.57260 1.01329 13.13226 0.37113 0.01734 0.42583 0.18570 1359.178
0.075 0.35899 36.61727 1.01430 13.14532 0.37104 0.01741 0.42551 0.18603 1359.707
0.080 0.35891 36.66203 1.01531 13.15841 0.37096 0.01748 0.42520 0.18636 1360.236
0.085 0.35883 36.70688 1.01632 13.17153 0.37088 0.01755 0.42488 0.18670 1360.766
0.090 0.35875 36.75182 1.01734 13.18468 0.37080 0.01761 0.42456 0.18703 1361.297
0.095 0.35867 36.79685 1.01835 13.19786 0.37071 0.01768 0.42424 0.18736 1361.829
0.100 0.35859 36.84197 1.01937 13.21106 0.37063 0.01775 0.42392 0.18769 1362.361
0.105 0.35851 36.88718 1.02039 13.22429 0.37055 0.01782 0.42360 0.18803 1362.894
0.110 0.35843 36.93249 1.02142 13.23755 0.37046 0.01789 0.42328 0.18836 1363.428
0.115 0.35834 36.97789 1.02244 13.25084 0.37038 0.01796 0.42296 0.18869 1363.962
0.120 0.35826 37.02338 1.02347 13.26415 0.37029 0.01803 0.42264 0.18903 1364.497
0.125 0.35818 37.06896 1.02450 13.27750 0.37021 0.01811 0.42232 0.18936 1365.033
0.130 0.35810 37.11463 1.02553 13.29087 0.37012 0.01818 0.42200 0.18970 1365.570
0.135 0.35802 37.16040 1.02656 13.30427 0.37004 0.01825 0.42168 0.19003 1366.107
0.140 0.35794 37.20626 1.02760 13.31770 0.36995 0.01832 0.42136 0.19037 1366.646
0.145 0.35786 37.25222 1.02864 13.33116 0.36986 0.01839 0.42104 0.19071 1367.184
0.150 0.35778 37.29826 1.02968 13.34465 0.36978 0.01846 0.42072 0.19104 1367.724
0.155 0.35770 37.34440 1.03072 13.35816 0.36969 0.01854 0.42040 0.19138 1368.264
0.160 0.35762 37.39064 1.03177 13.37171 0.36960 0.01861 0.42007 0.19172 1368.805
0.165 0.35754 37.43697 1.03281 13.38528 0.36951 0.01868 0.41975 0.19206 1369.347
0.170 0.35746 37.48339 1.03386 13.39889 0.36942 0.01875 0.41943 0.19239 1369.890
0.175 0.35738 37.52991 1.03492 13.41252 0.36933 0.01883 0.41911 0.19273 1370.433
0.180 0.35730 37.57653 1.03597 13.42618 0.36924 0.01890 0.41878 0.19307 1370.977
0.185 0.35722 37.62324 1.03703 13.43987 0.36915 0.01898 0.41846 0.19341 1371.522
0.190 0.35714 37.67004 1.03809 13.45359 0.36906 0.01905 0.41814 0.19375 1372.067
0.195 0.35706 37.71695 1.03915 13.46734 0.36897 0.01912 0.41781 0.19409 1372.613
0.200 0.35698 37.76394 1.04021 13.48112 0.36888 0.01920 0.41749 0.19443 1373.160
0.205 0.35690 37.81104 1.04128 13.49493 0.36879 0.01927 0.41717 0.19477 1373.708
0.210 0.35683 37.85823 1.04234 13.50878 0.36870 0.01935 0.41684 0.19511 1374.257
0.215 0.35675 37.90552 1.04341 13.52265 0.36860 0.01942 0.41652 0.19545 1374.806
0.220 0.35667 37.95290 1.04449 13.53655 0.36851 0.01950 0.41619 0.19580 1375.356
0.225 0.35659 38.00038 1.04556 13.55048 0.36842 0.01958 0.41587 0.19614 1375.907
0.230 0.35651 38.04796 1.04664 13.56444 0.36832 0.01965 0.41554 0.19648 1376.458
0.235 0.35643 38.09564 1.04772 13.57843 0.36823 0.01973 0.41522 0.19682 1377.010
0.240 0.35635 38.14342 1.04880 13.59245 0.36813 0.01981 0.41489 0.19717 1377.563
0.245 0.35627 38.19129 1.04988 13.60650 0.36804 0.01988 0.41457 0.19751 1378.117
0.250 0.35619 38.23927 1.05097 13.62058 0.36794 0.01996 0.41424 0.19785 1378.672
0.255 0.35611 38.28734 1.05206 13.63470 0.36785 0.02004 0.41391 0.19820 1379.227
0.260 0.35604 38.33551 1.05315 13.64884 0.36775 0.02012 0.41359 0.19854 1379.783
0.265 0.35596 38.38378 1.05424 13.66302 0.36765 0.02020 0.41326 0.19889 1380.340
0.270 0.35588 38.43216 1.05534 13.67722 0.36756 0.02027 0.41293 0.19923 1380.898
0.275 0.35580 38.48063 1.05644 13.69146 0.36746 0.02035 0.41261 0.19958 1381.456
0.280 0.35572 38.52920 1.05754 13.70573 0.36736 0.02043 0.41228 0.19993 1382.015
0.285 0.35564 38.57787 1.05864 13.72003 0.36726 0.02051 0.41195 0.20027 1382.575
0.290 0.35557 38.62665 1.05975 13.73436 0.36716 0.02059 0.41162 0.20062 1383.136
0.295 0.35549 38.67552 1.06086 13.74872 0.36707 0.02067 0.41129 0.20097 1383.697
0.300 0.35541 38.72450 1.06197 13.76311 0.36697 0.02075 0.41097 0.20132 1384.260
0.305 0.35533 38.77358 1.06308 13.77754 0.36687 0.02083 0.41064 0.20166 1384.823
0.310 0.35526 38.82276 1.06420 13.79199 0.36677 0.02091 0.41031 0.20201 1385.386
0.315 0.35518 38.87204 1.06532 13.80648 0.36666 0.02100 0.40998 0.20236 1385.951
0.320 0.35510 38.92143 1.06644 13.82100 0.36656 0.02108 0.40965 0.20271 1386.516
0.325 0.35502 38.97091 1.06756 13.83556 0.36646 0.02116 0.40932 0.20306 1387.083
0.330 0.35495 39.02050 1.06868 13.85014 0.36636 0.02124 0.40899 0.20341 1387.650
0.335 0.35487 39.07020 1.06981 13.86476 0.36626 0.02132 0.40866 0.20376 1388.217
0.340 0.35479 39.12000 1.07094 13.87941 0.36615 0.02141 0.40833 0.20411 1388.786
0.345 0.35471 39.16990 1.07207 13.89409 0.36605 0.02149 0.40800 0.20446 1389.355
0.350 0.35464 39.21991 1.07321 13.90881 0.36595 0.02157 0.40767 0.20481 1389.925
0.355 0.35456 39.27002 1.07435 13.92355 0.36584 0.02166 0.40734 0.20516 1390.496
0.360 0.35448 39.32024 1.07549 13.93833 0.36574 0.02174 0.40701 0.20552 1391.068
0.365 0.35441 39.37056 1.07663 13.95315 0.36563 0.02182 0.40668 0.20587 1391.641
0.370 0.35433 39.42098 1.07778 13.96799 0.36553 0.02191 0.40634 0.20622 1392.214
0.375 0.35425 39.47152 1.07893 13.98287 0.36542 0.02199 0.40601 0.20657 1392.788
0.380 0.35418 39.52216 1.08008 13.99778 0.36532 0.02208 0.40568 0.20693 1393.363
0.385 0.35410 39.57290 1.08123 14.01273 0.36521 0.02216 0.40535 0.20728 1393.939
0.390 0.35402 39.62375 1.08238 14.02770 0.36510 0.02225 0.40501 0.20763 1394.516
0.395 0.35395 39.67471 1.08354 14.04272 0.36499 0.02233 0.40468 0.20799 1395.093
0.400 0.35387 39.72578 1.08470 14.05776 0.36489 0.02242 0.40435 0.20834 1395.671
0.405 0.35379 39.77695 1.08587 14.07284 0.36478 0.02251 0.40402 0.20870 1396.250
0.410 0.35372 39.82823 1.08703 14.08795 0.36467 0.02259 0.40368 0.20905 1396.830
0.415 0.35364 39.87962 1.08820 14.10310 0.36456 0.02268 0.40335 0.20941 1397.411
0.420 0.35357 39.93112 1.08937 14.11828 0.36445 0.02277 0.40301 0.20977 1397.992
0.425 0.35349 39.98272 1.09055 14.13349 0.36434 0.02286 0.40268 0.21012 1398.574
0.430 0.35341 40.03444 1.09172 14.14874 0.36423 0.02294 0.40235 0.21048 1399.157
0.435 0.35334 40.08626 1.09290 14.16403 0.36412 0.02303 0.40201 0.21084 1399.741
0.440 0.35326 40.13820 1.09409 14.17934 0.36401 0.02312 0.40168 0.21119 1400.326
0.445 0.35319 40.19024 1.09527 14.19469 0.36390 0.02321 0.40134 0.21155 1400.912
0.450 0.35311 40.24240 1.09646 14.21008 0.36378 0.02330 0.40101 0.21191 1401.498
0.455 0.35304 40.29466 1.09765 14.22550 0.36367 0.02339 0.40067 0.21227 1402.085
0.460 0.35296 40.34704 1.09884 14.24096 0.36356 0.02348 0.40033 0.21263 1402.673
0.465 0.35289 40.39952 1.10003 14.25645 0.36344 0.02357 0.40000 0.21299 1403.262
0.470 0.35281 40.45212 1.10123 14.27197 0.36333 0.02366 0.39966 0.21335 1403.852
0.475 0.35274 40.50483 1.10243 14.28753 0.36322 0.02375 0.39933 0.21371 1404.442
0.480 0.35266 40.55765 1.10364 14.30313 0.36310 0.02384 0.39899 0.21407 1405.034
0.485 0.35259 40.61059 1.10484 14.31876 0.36299 0.02393 0.39865 0.21443 1405.626
0.490 0.35251 40.66363 1.10605 14.33443 0.36287 0.02403 0.39832 0.21479 1406.219
0.495 0.35244 40.71679 1.10726 14.35013 0.36275 0.02412 0.39798 0.21515 1406.813
0.500 0.35236 40.77007 1.10848 14.36587 0.36264 0.02421 0.39764 0.21551 1407.408
0.505 0.35229 40.82345 1.10969 14.38164 0.36252 0.02430 0.39730 0.21587 1408.003
0.510 0.35221 40.87695 1.11091 14.39745 0.36240 0.02440 0.39696 0.21623 1408.600
0.515 0.35214 40.93057 1.11214 14.41330 0.36229 0.02449 0.39663 0.21660 1409.197
0.520 0.35207 40.98430 1.11336 14.42918 0.36217 0.02458 0.39629 0.21696 1409.795
0.525 0.35199 41.03814 1.11459 14.44509 0.36205 0.02468 0.39595 0.21732 1410.394
0.530 0.35192 41.09210 1.11582 14.46105 0.36193 0.02477 0.39561 0.21769 1410.994
0.535 0.35184 41.14618 1.11706 14.47704 0.36181 0.02487 0.39527 0.21805 1411.595
0.540 0.35177 41.20037 1.11829 14.49307 0.36169 0.02496 0.39493 0.21841 1412.197
0.545 0.35170 41.25467 1.11953 14.50913 0.36157 0.02506 0.39459 0.21878 1412.799
0.550 0.35162 41.30910 1.12077 14.52523 0.36145 0.02515 0.39425 0.21914 1413.402
0.555 0.35155 41.36364 1.12202 14.54137 0.36133 0.02525 0.39391 0.21951 1414.007
0.560 0.35148 41.41829 1.12327 14.55754 0.36121 0.02535 0.39357 0.21987 1414.612
0.565 0.35140 41.47307 1.12452 14.57375 0.36109 0.02544 0.39323 0.22024 1415.218
0.570 0.35133 41.52796 1.12577 14.59000 0.36096 0.02554 0.39289 0.22061 1415.824
0.575 0.35126 41.58297 1.12703 14.60629 0.36084 0.02564 0.39255 0.22097 1416.432
0.580 0.35118 41.63810 1.12829 14.62261 0.36072 0.02574 0.39221 0.22134 1417.041
0.585 0.35111 41.69335 1.12955 14.63897 0.36059 0.02583 0.39187 0.22171 1417.650
0.590 0.35104 41.74872 1.13082 14.65537 0.36047 0.02593 0.39153 0.22207 1418.260
0.595 0.35096 41.80420 1.13208 14.67181 0.36034 0.02603 0.39118 0.22244 1418.872
0.600 0.35089 41.85981 1.13335 14.68828 0.36022 0.02613 0.39084 0.22281 1419.484
0.605 0.35082 41.91554 1.13463 14.70479 0.36009 0.02623 0.39050 0.22318 1420.097
0.610 0.35075 41.97138 1.13591 14.72134 0.35997 0.02633 0.39016 0.22355 1420.710
0.615 0.35067 42.02735 1.13719 14.73793 0.35984 0.02643 0.38981 0.22391 1421.325
0.620 0.35060 42.08344 1.13847 14.75456 0.35971 0.02653 0.38947 0.22428 1421.941
0.625 0.35053 42.13965 1.13976 14.77123 0.35959 0.02663 0.38913 0.22465 1422.557
0.630 0.35046 42.19598 1.14104 14.78793 0.35946 0.02673 0.38879 0.22502 1423.175
0.635 0.35039 42.25244 1.14234 14.80467 0.35933 0.02683 0.38844 0.22539 1423.793
0.640 0.35031 42.30902 1.14363 14.82145 0.35920 0.02694 0.38810 0.22576 1424.412
0.645 0.35024 42.36572 1.14493 14.83828 0.35907 0.02704 0.38775 0.22613 1425.032
0.650 0.35017 42.42254 1.14623 14.85514 0.35894 0.02714 0.38741 0.22651 1425.653
0.655 0.35010 42.47949 1.14753 14.87204 0.35881 0.02724 0.38707 0.22688 1426.275
0.660 0.35003 42.53656 1.14884 14.88897 0.35868 0.02735 0.38672 0.22725 1426.898
0.665 0.34996 42.59375 1.15015 14.90595 0.35855 0.02745 0.38638 0.22762 1427.521
0.670 0.34988 42.65107 1.15146 14.92297 0.35842 0.02756 0.38603 0.22799 1428.146
0.675 0.34981 42.70852 1.15278 14.94003 0.35829 0.02766 0.38569 0.22837 1428.772
0.680 0.34974 42.76609 1.15410 14.95712 0.35816 0.02776 0.38534 0.22874 1429.398
0.685 0.34967 42.82378 1.15542 14.97426 0.35803 0.02787 0.38499 0.22911 1430.025
0.690 0.34960 42.88160 1.15675 14.99144 0.35789 0.02798 0.38465 0.22948 1430.654
0.695 0.34953 42.93955 1.15808 15.00866 0.35776 0.02808 0.38430 0.22986 1431.283
0.700 0.34946 42.99763 1.15941 15.02592 0.35763 0.02819 0.38396 0.23023 1431.913
0.705 0.34939 43.05583 1.16074 15.04321 0.35749 0.02829 0.38361 0.23061 1432.544
0.710 0.34932 43.11416 1.16208 15.06055 0.35736 0.02840 0.38326 0.23098 1433.176
0.715 0.34925 43.17262 1.16342 15.07793 0.35722 0.02851 0.38292 0.23136 1433.809
0.720 0.34918 43.23120 1.16477 15.09535 0.35709 0.02862 0.38257 0.23173 1434.442
0.725 0.34911 43.28992 1.16611 15.11282 0.35695 0.02872 0.38222 0.23211 1435.077
0.730 0.34904 43.34876 1.16746 15.13032 0.35681 0.02883 0.38187 0.23248 1435.713
0.735 0.34897 43.40773 1.16882 15.14786 0.35668 0.02894 0.38152 0.23286 1436.349
0.740 0.34890 43.46683 1.17017 15.16545 0.35654 0.02905 0.38118 0.23323 1436.987
0.745 0.34883 43.52606 1.17153 15.18308 0.35640 0.02916 0.38083 0.23361 1437.625
0.750 0.34876 43.58543 1.17290 15.20075 0.35626 0.02927 0.38048 0.23399 1438.265
0.755 0.34869 43.64492 1.17426 15.21846 0.35612 0.02938 0.38013 0.23437 1438.905
0.760 0.34862 43.70455 1.17563 15.23621 0.35598 0.02949 0.37978 0.23474 1439.546
0.765 0.34855 43.76430 1.17701 15.25400 0.35584 0.02960 0.37943 0.23512 1440.188
0.770 0.34848 43.82419 1.17838 15.27184 0.35570 0.02971 0.37908 0.23550 1440.832
0.775 0.34841 43.88421 1.17976 15.28972 0.35556 0.02982 0.37873 0.23588 1441.476
0.780 0.34834 43.94436 1.18115 15.30764 0.35542 0.02994 0.37838 0.23626 1442.121
0.785 0.34827 44.00465 1.18253 15.32561 0.35528 0.03005 0.37803 0.23663 1442.767
0.790 0.34820 44.06507 1.18392 15.34361 0.35514 0.03016 0.37768 0.23701 1443.414
0.795 0.34813 44.12562 1.18531 15.36166 0.35500 0.03028 0.37733 0.23739 1444.062
0.800 0.34807 44.18631 1.18671 15.37975 0.35486 0.03039 0.37698 0.23777 1444.711
0.805 0.34800 44.24713 1.18811 15.39789 0.35471 0.03050 0.37663 0.23815 1445.360
0.810 0.34793 44.30809 1.18951 15.41607 0.35457 0.03062 0.37628 0.23853 1446.011
0.815 0.34786 44.36918 1.19092 15.43429 0.35442 0.03073 0.37593 0.23891 1446.663
0.820 0.34779 44.43041 1.19233 15.45256 0.35428 0.03085 0.37558 0.23929 1447.316
0.825 0.34772 44.49177 1.19374 15.47087 0.35413 0.03096 0.37523 0.23967 1447.969
0.830 0.34766 44.55328 1.19516 15.48922 0.35399 0.03108 0.37488 0.24006 1448.624
0.835 0.34759 44.61491 1.19658 15.50762 0.35384 0.03120 0.37452 0.24044 1449.280
0.840 0.34752 44.67669 1.19800 15.52606 0.35370 0.03131 0.37417 0.24082 1449.936
0.845 0.34745 44.73860 1.19942 15.54455 0.35355 0.03143 0.37382 0.24120 1450.594
0.850 0.34739 44.80065 1.20085 15.56308 0.35340 0.03155 0.37347 0.24158 1451.253
0.855 0.34732 44.86284 1.20229 15.58165 0.35326 0.03167 0.37311 0.24197 1451.912
0.860 0.34725 44.92517 1.20372 15.60027 0.35311 0.03178 0.37276 0.24235 1452.573
0.865 0.34718 44.98764 1.20516 15.61894 0.35296 0.03190 0.37241 0.24273 1453.234
0.870 0.34712 45.05025 1.20661 15.63765 0.35281 0.03202 0.37205 0.24311 1453.897
0.875 0.34705 45.11300 1.20806 15.65640 0.35266 0.03214 0.37170 0.24350 1454.560
0.880 0.34698 45.17589 1.20951 15.67520 0.35251 0.03226 0.37135 0.24388 1455.225
0.885 0.34691 45.23892 1.21096 15.69404 0.35236 0.03238 0.37099 0.24427 1455.890
0.890 0.34685 45.30209 1.21242 15.71293 0.35221 0.03250 0.37064 0.24465 1456.557
0.895 0.34678 45.36540 1.21388 15.73187 0.35206 0.03262 0.37028 0.24504 1457.225
0.900 0.34671 45.42886 1.21534 15.75085 0.35191 0.03275 0.36993 0.24542 1457.893
0.905 0.34665 45.49245 1.21681 15.76988 0.35175 0.03287 0.36957 0.24580 1458.563
0.910 0.34658 45.55619 1.21828 15.78895 0.35160 0.03299 0.36922 0.24619 1459.233
0.915 0.34652 45.62008 1.21976 15.80807 0.35145 0.03311 0.36886 0.24658 1459.905
0.920 0.34645 45.68411 1.22124 15.82724 0.35130 0.03324 0.36851 0.24696 1460.577
0.925 0.34638 45.74828 1.22272 15.84645 0.35114 0.03336 0.36815 0.24735 1461.251
0.930 0.34632 45.81260 1.22421 15.86571 0.35099 0.03348 0.36780 0.24773 1461.925
0.935 0.34625 45.87706 1.22570 15.88502 0.35083 0.03361 0.36744 0.24812 1462.601
0.940 0.34619 45.94167 1.22719 15.90438 0.35068 0.03373 0.36708 0.24851 1463.278
0.945 0.34612 46.00642 1.22869 15.92378 0.35052 0.03386 0.36673 0.24889 1463.955
0.950 0.34606 46.07132 1.23019 15.94322 0.35037 0.03398 0.36637 0.24928 1464.634
0.955 0.34599 46.13637 1.23169 15.96272 0.35021 0.03411 0.36601 0.24967 1465.313
0.960 0.34592 46.20156 1.23320 15.98226 0.35005 0.03424 0.36566 0.25006 1465.994
0.965 0.34586 46.26691 1.23471 16.00185 0.34989 0.03436 0.36530 0.25044 1466.676
0.970 0.34579 46.33240 1.23623 16.02149 0.34974 0.03449 0.36494 0.25083 1467.359
0.975 0.34573 46.39804 1.23775 16.04118 0.34958 0.03462 0.36458 0.25122 1468.043
0.980 0.34566 46.46382 1.23927 16.06092 0.34942 0.03475 0.36423 0.25161 1468.727
0.985 0.34560 46.52976 1.24079 16.08070 0.34926 0.03487 0.36387 0.25200 1469.413
0.990 0.34554 46.59585 1.24232 16.10053 0.34910 0.03500 0.36351 0.25239 1470.100
0.995 0.34547 46.66209 1.24386 16.12041 0.34894 0.03513 0.36315 0.25278 1470.788
1.000 0.34541 46.72848 1.24540 16.14034 0.34878 0.03526 0.36279 0.25317 1471.477
1.005 0.34534 46.79501 1.24694 16.16032 0.34862 0.03539 0.36243 0.25356 1472.167
1.010 0.34528 46.86171 1.24848 16.18035 0.34846 0.03552 0.36207 0.25394 1472.858
1.015 0.34521 46.92855 1.25003 16.20043 0.34829 0.03565 0.36172 0.25433 1473.551
1.020 0.34515 46.99555 1.25159 16.22055 0.34813 0.03579 0.36136 0.25473 1474.244
1.025 0.34509 47.06270 1.25314 16.24073 0.34797 0.03592 0.36100 0.25512 1474.938
1.030 0.34502 47.13000 1.25470 16.26096 0.34781 0.03605 0.36064 0.25551 1475.633
1.035 0.34496 47.19746 1.25627 16.28123 0.34764 0.03618 0.36028 0.25590 1476.330
1.040 0.34490 47.26507 1.25784 16.30156 0.34748 0.03632 0.35992 0.25629 1477.027
1.045 0.34483 47.33283 1.25941 16.32194 0.34731 0.03645 0.35956 0.25668 1477.726
1.050 0.34477 47.40075 1.26098 16.34236 0.34715 0.03659 0.35920 0.25707 1478.425
1.055 0.34471 47.46883 1.26256 16.36284 0.34698 0.03672 0.35883 0.25746 1479.126
1.060 0.34464 47.53706 1.26415 16.38337 0.34682 0.03685 0.35847 0.25786 1479.828
1.065 0.34458 47.60545 1.26574 16.40395 0.34665 0.03699 0.35811 0.25825 1480.531
1.070 0.34452 47.67400 1.26733 16.42458 0.34648 0.03713 0.35775 0.25864 1481.235
1.075 0.34446 47.74271 1.26892 16.44526 0.34632 0.03726 0.35739 0.25903 1481.940
1.080 0.34439 47.81157 1.27052 16.46599 0.34615 0.03740 0.35703 0.25942 1482.646
1.085 0.34433 47.88059 1.27213 16.48678 0.34598 0.03754 0.35667 0.25982 1483.353
1.090 0.34427 47.94977 1.27374 16.50762 0.34581 0.03767 0.35630 0.26021 1484.061
1.095 0.34421 48.01911 1.27535 16.52850 0.34564 0.03781 0.35594 0.26060 1484.770
1.100 0.34414 48.08861 1.27696 16.54944 0.34547 0.03795 0.35558 0.26100 1485.481
1.105 0.34408 48.15827 1.27858 16.57044 0.34530 0.03809 0.35522 0.26139 1486.192
1.110 0.34402 48.22809 1.28021 16.59148 0.34513 0.03823 0.35485 0.26179 1486.905
1.115 0.34396 48.29808 1.28183 16.61258 0.34496 0.03837 0.35449 0.26218 1487.619
1.120 0.34390 48.36822 1.28347 16.63373 0.34479 0.03851 0.35413 0.26257 1488.334
1.125 0.34384 48.43853 1.28510 16.65494 0.34462 0.03865 0.35377 0.26297 1489.050
1.130 0.34378 48.50900 1.28674 16.67619 0.34444 0.03879 0.35340 0.26336 1489.767
1.135 0.34371 48.57963 1.28839 16.69750 0.34427 0.03893 0.35304 0.26376 1490.485
1.140 0.34365 48.65043 1.29004 16.71887 0.34410 0.03908 0.35267 0.26415 1491.204
1.145 0.34359 48.72139 1.29169 16.74029 0.34392 0.03922 0.35231 0.26455 1491.925
1.150 0.34353 48.79252 1.29335 16.76176 0.34375 0.03936 0.35195 0.26494 1492.646
1.155 0.34347 48.86381 1.29501 16.78328 0.34357 0.03951 0.35158 0.26534 1493.369
1.160 0.34341 48.93527 1.29667 16.80486 0.34340 0.03965 0.35122 0.26573 1494.092
1.165 0.34335 49.00689 1.29834 16.82650 0.34322 0.03979 0.35085 0.26613 1494.817
1.170 0.34329 49.07868 1.30001 16.84818 0.34305 0.03994 0.35049 0.26653 1495.543
1.175 0.34323 49.15064 1.30169 16.86993 0.34287 0.04008 0.35012 0.26692 1496.271
1.180 0.34317 49.22277 1.30337 16.89173 0.34269 0.04023 0.34976 0.26732 1496.999
1.185 0.34311 49.29506 1.30506 16.91358 0.34252 0.04038 0.34939 0.26771 1497.728
1.190 0.34305 49.36752 1.30675 16.93549 0.34234 0.04052 0.34903 0.26811 1498.459
1.195 0.34299 49.44016 1.30845 16.95745 0.34216 0.04067 0.34866 0.26851 1499.190
1.200 0.34293 49.51296 1.31014 16.97947 0.34198 0.04082 0.34829 0.26891 1499.923
1.205 0.34287 49.58593 1.31185 17.00155 0.34180 0.04097 0.34793 0.26930 1500.657
1.210 0.34281 49.65908 1.31356 17.02368 0.34162 0.04112 0.34756 0.26970 1501.392
1.215 0.34275 49.73239 1.31527 17.04587 0.34144 0.04127 0.34720 0.27010 1502.129
1.220 0.34269 49.80588 1.31698 17.06811 0.34126 0.04141 0.34683 0.27049 1502.866
1.225 0.34263 49.87954 1.31870 17.09041 0.34108 0.04156 0.34646 0.27089 1503.605
1.230 0.34257 49.95337 1.32043 17.11277 0.34090 0.04172 0.34609 0.27129 1504.344
1.235 0.34252 50.02738 1.32216 17.13518 0.34072 0.04187 0.34573 0.27169 1505.085
1.240 0.34246 50.10156 1.32389 17.15765 0.34053 0.04202 0.34536 0.27209 1505.828
1.245 0.34240 50.17591 1.32563 17.18018 0.34035 0.04217 0.34499 0.27248 1506.571
1.250 0.34234 50.25044 1.32737 17.20277 0.34017 0.04232 0.34463 0.27288 1507.315
1.255 0.34228 50.32515 1.32912 17.22541 0.33998 0.04248 0.34426 0.27328 1508.061
1.260 0.34222 50.40003 1.33087 17.24812 0.33980 0.04263 0.34389 0.27368 1508.808
1.265 0.34217 50.47509 1.33263 17.27087 0.33962 0.04278 0.34352 0.27408 1509.555
1.270 0.34211 50.55033 1.33439 17.29369 0.33943 0.04294 0.34315 0.27448 1510.305
1.275 0.34205 50.62574 1.33616 17.31657 0.33925 0.04309 0.34278 0.27488 1511.055
1.280 0.34199 50.70133 1.33792 17.33950 0.33906 0.04325 0.34242 0.27528 1511.806
1.285 0.34194 50.77710 1.33970 17.36250 0.33887 0.04340 0.34205 0.27568 1512.559
1.290 0.34188 50.85305 1.34148 17.38555 0.33869 0.04356 0.34168 0.27608 1513.313
1.295 0.34182 50.92918 1.34326 17.40866 0.33850 0.04372 0.34131 0.27648 1514.068
1.300 0.34176 51.00549 1.34505 17.43184 0.33831 0.04388 0.34094 0.27688 1514.824
1.305 0.34171 51.08198 1.34684 17.45507 0.33812 0.04403 0.34057 0.27727 1515.582
1.310 0.34165 51.15866 1.34864 17.47836 0.33793 0.04419 0.34020 0.27767 1516.340
1.315 0.34159 51.23551 1.35044 17.50171 0.33774 0.04435 0.33983 0.27808 1517.100
1.320 0.34154 51.31255 1.35225 17.52512 0.33755 0.04451 0.33946 0.27848 1517.861
1.325 0.34148 51.38977 1.35406 17.54859 0.33736 0.04467 0.33909 0.27888 1518.624
1.330 0.34142 51.46718 1.35587 17.57213 0.33717 0.04483 0.33872 0.27928 1519.387
1.335 0.34137 51.54477 1.35769 17.59572 0.33698 0.04499 0.33835 0.27968 1520.152
1.340 0.34131 51.62254 1.35952 17.61937 0.33679 0.04515 0.33798 0.28008 1520.918
1.345 0.34126 51.70050 1.36135 17.64309 0.33660 0.04531 0.33761 0.28048 1521.685
1.350 0.34120 51.77865 1.36318 17.66687 0.33641 0.04548 0.33724 0.28088 1522.453
1.355 0.34114 51.85698 1.36502 17.69070 0.33621 0.04564 0.33687 0.28128 1523.223
1.360 0.34109 51.93550 1.36687 17.71461 0.33602 0.04580 0.33650 0.28168 1523.994
1.365 0.34103 52.01421 1.36872 17.73857 0.33583 0.04597 0.33612 0.28208 1524.766
1.370 0.34098 52.09311 1.37057 17.76259 0.33563 0.04613 0.33575 0.28248 1525.539
1.375 0.34092 52.17219 1.37243 17.78668 0.33544 0.04630 0.33538 0.28288 1526.314
1.380 0.34087 52.25147 1.37429 17.81083 0.33524 0.04646 0.33501 0.28329 1527.090
1.385 0.34081 52.33094 1.37616 17.83504 0.33505 0.04663 0.33464 0.28369 1527.867
1.390 0.34076 52.41059 1.37803 17.85932 0.33485 0.04679 0.33426 0.28409 1528.645
1.395 0.34070 52.49044 1.37991 17.88366 0.33465 0.04696 0.33389 0.28449 1529.425
1.400 0.34065 52.57048 1.38179 17.90806 0.33446 0.04713 0.33352 0.28489 1530.205
1.405 0.34059 52.65071 1.38368 17.93253 0.33426 0.04730 0.33315 0.28529 1530.987
1.410 0.34054 52.73114 1.38558 17.95706 0.33406 0.04747 0.33277 0.28570 1531.771
1.415 0.34049 52.81176 1.38747 17.98165 0.33386 0.04764 0.33240 0.28610 1532.555
1.420 0.34043 52.89257 1.38938 18.00631 0.33367 0.04780 0.33203 0.28650 1533.341
1.425 0.34038 52.97358 1.39128 18.03103 0.33347 0.04797 0.33166 0.28690 1534.128
1.430 0.34032 53.05478 1.39320 18.05582 0.33327 0.04815 0.33128 0.28731 1534.917
1.435 0.34027 53.13618 1.39511 18.08068 0.33307 0.04832 0.33091 0.28771 1535.706
1.440 0.34022 53.21778 1.39704 18.10559 0.33287 0.04849 0.33053 0.28811 1536.497
1.445 0.34016 53.29957 1.39896 18.13058 0.33267 0.04866 0.33016 0.28851 1537.289
1.450 0.34011 53.38156 1.40090 18.15563 0.33246 0.04883 0.32979 0.28892 1538.083
1.455 0.34006 53.46376 1.40284 18.18074 0.33226 0.04901 0.32941 0.28932 1538.878
1.460 0.34000 53.54615 1.40478 18.20592 0.33206 0.04918 0.32904 0.28972 1539.674
1.465 0.33995 53.62874 1.40673 18.23117 0.33186 0.04936 0.32866 0.29012 1540.471
1.470 0.33990 53.71153 1.40868 18.25649 0.33165 0.04953 0.32829 0.29053 1541.270
1.475 0.33985 53.79452 1.41064 18.28187 0.33145 0.04971 0.32792 0.29093 1542.070
1.480 0.33979 53.87771 1.41260 18.30732 0.33125 0.04988 0.32754 0.29133 1542.871
1.485 0.33974 53.96111 1.41457 18.33283 0.33104 0.05006 0.32717 0.29174 1543.674
1.490 0.33969 54.04470 1.41654 18.35841 0.33084 0.05023 0.32679 0.29214 1544.477
1.495 0.33964 54.12851 1.41852 18.38407 0.33063 0.05041 0.32642 0.29254 1545.283
1.500 0.33959 54.21251 1.42051 18.40978 0.33042 0.05059 0.32604 0.29294 1546.089
1.505 0.33953 54.29672 1.42250 18.43557 0.33022 0.05077 0.32566 0.29335 1546.897
1.510 0.33948 54.38114 1.42449 18.46143 0.33001 0.05095 0.32529 0.29375 1547.706
1.515 0.33943 54.46577 1.42649 18.48735 0.32980 0.05113 0.32491 0.29415 1548.516
1.520 0.33938 54.55060 1.42850 18.51334 0.32960 0.05131 0.32454 0.29456 1549.328
1.525 0.33933 54.63563 1.43051 18.53940 0.32939 0.05149 0.32416 0.29496 1550.141
1.530 0.33928 54.72088 1.43253 18.56553 0.32918 0.05167 0.32379 0.29536 1550.956
1.535 0.33923 54.80633 1.43455 18.59173 0.32897 0.05185 0.32341 0.29577 1551.771
1.540 0.33918 54.89200 1.43657 18.61800 0.32876 0.05204 0.32303 0.29617 1552.589
1.545 0.33912 54.97787 1.43861 18.64434 0.32855 0.05222 0.32266 0.29657 1553.407
1.550 0.33907 55.06396 1.44064 18.67076 0.32834 0.05240 0.32228 0.29698 1554.227
1.555 0.33902 55.15025 1.44269 18.69724 0.32813 0.05259 0.32190 0.29738 1555.048
1.560 0.33897 55.23676 1.44474 18.72379 0.32792 0.05277 0.32153 0.29778 1555.870
1.565 0.33892 55.32348 1.44679 18.75041 0.32771 0.05296 0.32115 0.29819 1556.694
1.570 0.33887 55.41042 1.44885 18.77710 0.32750 0.05314 0.32077 0.29859 1557.519
1.575 0.33882 55.49757 1.45092 18.80387 0.32728 0.05333 0.32039 0.29900 1558.346
1.580 0.33877 55.58493 1.45299 18.83071 0.32707 0.05351 0.32002 0.29940 1559.174
1.585 0.33872 55.67251 1.45506 18.85762 0.32686 0.05370 0.31964 0.29980 1560.003
1.590 0.33867 55.76030 1.45714 18.88460 0.32664 0.05389 0.31926 0.30021 1560.834
1.595 0.33863 55.84832 1.45923 18.91165 0.32643 0.05408 0.31888 0.30061 1561.666
1.600 0.33858 55.93655 1.46133 18.93878 0.32621 0.05427 0.31851 0.30101 1562.499
1.605 0.33853 56.02499 1.46342 18.96597 0.32600 0.05446 0.31813 0.30142 1563.334
1.610 0.33848 56.11366 1.46553 18.99325 0.32578 0.05465 0.31775 0.30182 1564.170
1.615 0.33843 56.20255 1.46764 19.02059 0.32557 0.05484 0.31737 0.30222 1565.008
1.620 0.33838 56.29165 1.46975 19.04801 0.32535 0.05503 0.31699 0.30263 1565.847
1.625 0.33833 56.38098 1.47188 19.07550 0.32513 0.05522 0.31661 0.30303 1566.687
1.630 0.33828 56.47053 1.47400 19.10307 0.32491 0.05541 0.31624 0.30343 1567.529
1.635 0.33824 56.56030 1.47614 19.13071 0.32470 0.05561 0.31586 0.30384 1568.372
1.640 0.33819 56.65030 1.47827 19.15843 0.32448 0.05580 0.31548 0.30424 1569.216
1.645 0.33814 56.74052 1.48042 19.18622 0.32426 0.05600 0.31510 0.30465 1570.062
1.650 0.33809 56.83096 1.48257 19.21409 0.32404 0.05619 0.31472 0.30505 1570.910
1.655 0.33804 56.92163 1.48472 19.24203 0.32382 0.05639 0.31434 0.30545 1571.758
1.660 0.33800 57.01253 1.48689 19.27005 0.32360 0.05658 0.31396 0.30586 1572.609
1.665 0.33795 57.10365 1.48905 19.29814 0.32338 0.05678 0.31358 0.30626 1573.460
1.670 0.33790 57.19500 1.49123 19.32631 0.32316 0.05698 0.31320 0.30666 1574.313
1.675 0.33786 57.28658 1.49341 19.35456 0.32294 0.05717 0.31282 0.30707 1575.168
1.680 0.33781 57.37838 1.49559 19.38288 0.32272 0.05737 0.31244 0.30747 1576.024
1.685 0.33776 57.47042 1.49778 19.41128 0.32249 0.05757 0.31206 0.30787 1576.881
1.690 0.33771 57.56269 1.49998 19.43976 0.32227 0.05777 0.31168 0.30828 1577.740
1.695 0.33767 57.65518 1.50218 19.46831 0.32205 0.05797 0.31130 0.30868 1578.600
1.700 0.33762 57.74791 1.50439 19.49694 0.32182 0.05817 0.31092 0.30908 1579.461
1.705 0.33758 57.84088 1.50661 19.52565 0.32160 0.05837 0.31054 0.30949 1580.324
1.710 0.33753 57.93407 1.50883 19.55444 0.32138 0.05857 0.31016 0.30989 1581.189
1.715 0.33748 58.02750 1.51106 19.58331 0.32115 0.05878 0.30978 0.31029 1582.055
1.720 0.33744 58.12117 1.51329 19.61226 0.32092 0.05898 0.30940 0.31069 1582.922
1.725 0.33739 58.21507 1.51553 19.64128 0.32070 0.05918 0.30902 0.31110 1583.791
1.730 0.33735 58.30920 1.51778 19.67039 0.32047 0.05939 0.30864 0.31150 1584.662
1.735 0.33730 58.40358 1.52003 19.69957 0.32025 0.05959 0.30826 0.31190 1585.534
1.740 0.33726 58.49819 1.52229 19.72884 0.32002 0.05980 0.30788 0.31231 1586.407
1.745 0.33721 58.59304 1.52455 19.75818 0.31979 0.06000 0.30750 0.31271 1587.282
1.750 0.33717 58.68813 1.52682 19.78761 0.31956 0.06021 0.30711 0.31311 1588.158
1.755 0.33712 58.78346 1.52910 19.81711 0.31933 0.06042 0.30673 0.31351 1589.036
1.760 0.33708 58.87903 1.53138 19.84670 0.31911 0.06063 0.30635 0.31392 1589.915
1.765 0.33703 58.97484 1.53367 19.87637 0.31888 0.06083 0.30597 0.31432 1590.796
1.770 0.33699 59.07090 1.53597 19.90612 0.31865 0.06104 0.30559 0.31472 1591.678
1.775 0.33694 59.16720 1.53827 19.93595 0.31842 0.06125 0.30521 0.31512 1592.562
1.780 0.33690 59.26374 1.54058 19.96586 0.31819 0.06146 0.30483 0.31553 1593.447
1.785 0.33685 59.36053 1.54289 19.99586 0.31796 0.06167 0.30444 0.31593 1594.333
1.790 0.33681 59.45756 1.54521 20.02594 0.31772 0.06188 0.30406 0.31633 1595.222
1.795 0.33677 59.55485 1.54754 20.05610 0.31749 0.06210 0.30368 0.31673 1596.111
1.800 0.33672 59.65237 1.54987 20.08635 0.31726 0.06231 0.30330 0.31713 1597.003
1.805 0.33668 59.75015 1.55221 20.11668 0.31703 0.06252 0.30291 0.31754 1597.895
1.810 0.33664 59.84817 1.55456 20.14709 0.31679 0.06274 0.30253 0.31794 1598.790
1.815 0.33659 59.94645 1.55691 20.17759 0.31656 0.06295 0.30215 0.31834 1599.686
1.820 0.33655 60.04498 1.55927 20.20817 0.31633 0.06317 0.30177 0.31874 1600.583
1.825 0.33651 60.14375 1.56164 20.23884 0.31609 0.06338 0.30138 0.31914 1601.482
1.830 0.33647 60.24278 1.56401 20.26959 0.31586 0.06360 0.30100 0.31954 1602.382
1.835 0.33642 60.34206 1.56639 20.30043 0.31562 0.06381 0.30062 0.31994 1603.284
1.840 0.33638 60.44160 1.56878 20.33135 0.31539 0.06403 0.30024 0.32035 1604.188
1.845 0.33634 60.54139 1.57117 20.36236 0.31515 0.06425 0.29985 0.32075 1605.093
1.850 0.33630 60.64144 1.57357 20.39345 0.31491 0.06447 0.29947 0.32115 1605.999
1.855 0.33625 60.74174 1.57597 20.42463 0.31468 0.06469 0.29909 0.32155 1606.908
1.860 0.33621 60.84230 1.57839 20.45590 0.31444 0.06491 0.29870 0.32195 1607.817
1.865 0.33617 60.94312 1.58081 20.48726 0.31420 0.06513 0.29832 0.32235 1608.729
1.870 0.33613 61.04420 1.58323 20.51870 0.31396 0.06535 0.29794 0.32275 1609.641
1.875 0.33609 61.14553 1.58567 20.55023 0.31372 0.06557 0.29755 0.32315 1610.556
1.880 0.33605 61.24713 1.58811 20.58185 0.31349 0.06579 0.29717 0.32355 1611.472
1.885 0.33600 61.34899 1.59055 20.61356 0.31325 0.06602 0.29679 0.32395 1612.389
1.890 0.33596 61.45111 1.59301 20.64535 0.31301 0.06624 0.29640 0.32435 1613.309
1.895 0.33592 61.55350 1.59547 20.67724 0.31277 0.06647 0.29602 0.32475 1614.229
1.900 0.33588 61.65615 1.59793 20.70921 0.31252 0.06669 0.29563 0.32515 1615.152
1.905 0.33584 61.75906 1.60041 20.74128 0.31228 0.06692 0.29525 0.32555 1616.076
1.910 0.33580 61.86224 1.60289 20.77343 0.31204 0.06714 0.29487 0.32595 1617.001
1.915 0.33576 61.96569 1.60538 20.80567 0.31180 0.06737 0.29448 0.32635 1617.928
1.920 0.33572 62.06940 1.60787 20.83801 0.31156 0.06760 0.29410 0.32675 1618.857
1.925 0.33568 62.17338 1.61037 20.87043 0.31131 0.06783 0.29371 0.32715 1619.788
1.930 0.33564 62.27764 1.61288 20.90295 0.31107 0.06805 0.29333 0.32754 1620.720
1.935 0.33560 62.38216 1.61540 20.93556 0.31083 0.06828 0.29295 0.32794 1621.653
1.940 0.33556 62.48695 1.61792 20.96826 0.31058 0.06851 0.29256 0.32834 1622.588
1.945 0.33552 62.59202 1.62045 21.00105 0.31034 0.06874 0.29218 0.32874 1623.525
1.950 0.33548 62.69736 1.62299 21.03393 0.31009 0.06898 0.29179 0.32914 1624.464
1.955 0.33544 62.80297 1.62553 21.06691 0.30985 0.06921 0.29141 0.32954 1625.404
1.960 0.33541 62.90886 1.62809 21.09998 0.30960 0.06944 0.29102 0.32993 1626.346
1.965 0.33537 63.01502 1.63064 21.13315 0.30936 0.06967 0.29064 0.33033 1627.289
1.970 0.33533 63.12146 1.63321 21.16640 0.30911 0.06991 0.29025 0.33073 1628.234
1.975 0.33529 63.22818 1.63578 21.19976 0.30886 0.07014 0.28987 0.33113 1629.181
1.980 0.33525 63.33517 1.63836 21.23320 0.30862 0.07038 0.28948 0.33152 1630.129
1.985 0.33521 63.44245 1.64095 21.26674 0.30837 0.07061 0.28910 0.33192 1631.079
1.990 0.33518 63.55001 1.64355 21.30038 0.30812 0.07085 0.28871 0.33232 1632.031
1.995 0.33514 63.65784 1.64615 21.33411 0.30787 0.07109 0.28833 0.33271 1632.984
2.000 0.33510 63.76596 1.64876 21.36794 0.30762 0.07133 0.28794 0.33311 1633.939
2.005 0.33506 63.87436 1.65138 21.40186 0.30737 0.07156 0.28756 0.33351 1634.896
2.010 0.33502 63.98305 1.65400 21.43588 0.30712 0.07180 0.28717 0.33390 1635.855
2.015 0.33499 64.09202 1.65664 21.47000 0.30687 0.07204 0.28679 0.33430 1636.815
2.020 0.33495 64.20128 1.65928 21.50421 0.30662 0.07228 0.28640 0.33469 1637.776
2.025 0.33491 64.31082 1.66192 21.53852 0.30637 0.07252 0.28602 0.33509 1638.740
2.030 0.33488 64.42066 1.66458 21.57293 0.30612 0.07277 0.28563 0.33548 1639.705
2.035 0.33484 64.53078 1.66724 21.60744 0.30587 0.07301 0.28524 0.33588 1640.672
2.040 0.33480 64.64119 1.66991 21.64204 0.30561 0.07325 0.28486 0.33627 1641.641
2.045 0.33477 64.75189 1.67259 21.67675 0.30536 0.07350 0.28447 0.33667 1642.611
2.050 0.33473 64.86289 1.67527 21.71155 0.30511 0.07374 0.28409 0.33706 1643.583
2.055 0.33469 64.97417 1.67797 21.74646 0.30485 0.07399 0.28370 0.33746 1644.557
2.060 0.33466 65.08575 1.68067 21.78146 0.30460 0.07423 0.28332 0.33785 1645.532
2.065 0.33462 65.19763 1.68338 21.81656 0.30435 0.07448 0.28293 0.33824 1646.509
2.070 0.33459 65.30980 1.68609 21.85177 0.30409 0.07473 0.28254 0.33864 1647.488
2.075 0.33455 65.42227 1.68882 21.88707 0.30384 0.07497 0.28216 0.33903 1648.469
2.080 0.33452 65.53503 1.69155 21.92248 0.30358 0.07522 0.28177 0.33942 1649.451
2.085 0.33448 65.64810 1.69429 21.95799 0.30333 0.07547 0.28139 0.33982 1650.435
2.090 0.33445 65.76146 1.69704 21.99360 0.30307 0.07572 0.28100 0.34021 1651.421
2.095 0.33441 65.87513 1.69979 22.02931 0.30281 0.07597 0.28061 0.34060 1652.409
2.100 0.33438 65.98910 1.70256 22.06512 0.30256 0.07622 0.28023 0.34099 1653.398
2.105 0.33434 66.10337 1.70533 22.10104 0.30230 0.07647 0.27984 0.34139 1654.390
2.110 0.33431 66.21794 1.70811 22.13706 0.30204 0.07673 0.27946 0.34178 1655.383
2.115 0.33427 66.33282 1.71089 22.17319 0.30178 0.07698 0.27907 0.34217 1656.377
2.120 0.33424 66.44800 1.71369 22.20942 0.30152 0.07723 0.27868 0.34256 1657.374
2.125 0.33420 66.56350 1.71649 22.24575 0.30126 0.07749 0.27830 0.34295 1658.372
2.130 0.33417 66.67930 1.71930 22.28219 0.30100 0.07774 0.27791 0.34334 1659.372
2.135 0.33414 66.79541 1.72212 22.31874 0.30074 0.07800 0.27752 0.34373 1660.374
2.140 0.33410 66.91183 1.72495 22.35539 0.30048 0.07826 0.27714 0.34412 1661.378
2.145 0.33407 67.02856 1.72779 22.39214 0.30022 0.07851 0.27675 0.34451 1662.383
2.150 0.33404 67.14560 1.73063 22.42901 0.29996 0.07877 0.27637 0.34490 1663.390
2.155 0.33400 67.26296 1.73349 22.46598 0.29970 0.07903 0.27598 0.34529 1664.399
2.160 0.33397 67.38063 1.73635 22.50305 0.29944 0.07929 0.27559 0.34568 1665.410
2.165 0.33394 67.49861 1.73922 22.54024 0.29918 0.07955 0.27521 0.34607 1666.423
2.170 0.33390 67.61692 1.74209 22.57753 0.29891 0.07981 0.27482 0.34646 1667.438
2.175 0.33387 67.73554 1.74498 22.61493 0.29865 0.08007 0.27443 0.34685 1668.454
2.180 0.33384 67.85447 1.74787 22.65244 0.29839 0.08033 0.27405 0.34723 1669.472
2.185 0.33381 67.97373 1.75078 22.69006 0.29812 0.08060 0.27366 0.34762 1670.492
2.190 0.33377 68.09331 1.75369 22.72779 0.29786 0.08086 0.27327 0.34801 1671.514
2.195 0.33374 68.21322 1.75661 22.76563 0.29760 0.08112 0.27289 0.34840 1672.538
2.200 0.33371 68.33344 1.75954 22.80358 0.29733 0.08139 0.27250 0.34878 1673.563
2.205 0.33368 68.45399 1.76247 22.84164 0.29707 0.08165 0.27211 0.34917 1674.591
2.210 0.33365 68.57487 1.76542 22.87981 0.29680 0.08192 0.27173 0.34955 1675.620
2.215 0.33362 68.69607 1.76837 22.91809 0.29653 0.08219 0.27134 0.34994 1676.651
2.220 0.33358 68.81760 1.77133 22.95648 0.29627 0.08245 0.27095 0.35033 1677.685
2.225 0.33355 68.93945 1.77430 22.99499 0.29600 0.08272 0.27057 0.35071 1678.719
2.230 0.33352 69.06164 1.77728 23.03361 0.29573 0.08299 0.27018 0.35110 1679.756
2.235 0.33349 69.18416 1.78027 23.07234 0.29547 0.08326 0.26979 0.35148 1680.795
2.240 0.33346 69.30701 1.78327 23.11119 0.29520 0.08353 0.26941 0.35187 1681.836
2.245 0.33343 69.43020 1.78628 23.15015 0.29493 0.08380 0.26902 0.35225 1682.878
2.250 0.33340 69.55371 1.78929 23.18922 0.29466 0.08408 0.26863 0.35263 1683.922
2.255 0.33337 69.67757 1.79232 23.22841 0.29439 0.08435 0.26824 0.35302 1684.969
2.260 0.33334 69.80176 1.79535 23.26771 0.29412 0.08462 0.26786 0.35340 1686.017
2.265 0.33331 69.92629 1.79839 23.30713 0.29385 0.08489 0.26747 0.35378 1687.067
2.270 0.33328 70.05116 1.80144 23.34667 0.29358 0.08517 0.26708 0.35416 1688.119
2.275 0.33325 70.17637 1.80450 23.38632 0.29331 0.08544 0.26670 0.35455 1689.173
2.280 0.33322 70.30192 1.80757 23.42609 0.29304 0.08572 0.26631 0.35493 1690.229
2.285 0.33319 70.42781 1.81065 23.46597 0.29277 0.08600 0.26592 0.35531 1691.287
2.290 0.33316 70.55404 1.81373 23.50598 0.29250 0.08628 0.26554 0.35569 1692.347
2.295 0.33313 70.68063 1.81683 23.54610 0.29223 0.08655 0.26515 0.35607 1693.408
2.300 0.33310 70.80755 1.81993 23.58634 0.29195 0.08683 0.26476 0.35645 1694.472
2.305 0.33308 70.93483 1.82305 23.62670 0.29168 0.08711 0.26438 0.35683 1695.538
2.310 0.33305 71.06245 1.82617 23.66718 0.29141 0.08739 0.26399 0.35721 1696.605
2.315 0.33302 71.19043 1.82930 23.70777 0.29113 0.08767 0.26360 0.35759 1697.675
2.320 0.33299 71.31875 1.83245 23.74849 0.29086 0.08796 0.26322 0.35797 1698.746
2.325 0.33296 71.44743 1.83560 23.78933 0.29059 0.08824 0.26283 0.35835 1699.820
2.330 0.33293 71.57646 1.83876 23.83029 0.29031 0.08852 0.26244 0.35873 1700.896
2.335 0.33291 71.70585 1.84193 23.87137 0.29004 0.08881 0.26206 0.35910 1701.973
2.340 0.33288 71.83559 1.84511 23.91258 0.28976 0.08909 0.26167 0.35948 1703.053
2.345 0.33285 71.96569 1.84829 23.95390 0.28949 0.08938 0.26128 0.35986 1704.134
2.350 0.33282 72.09615 1.85149 23.99535 0.28921 0.08966 0.26089 0.36023 1705.218
2.355 0.33280 72.22697 1.85470 24.03692 0.28893 0.08995 0.26051 0.36061 1706.303
2.360 0.33277 72.35814 1.85792 24.07862 0.28866 0.09024 0.26012 0.36099 1707.391
2.365 0.33274 72.48969 1.86115 24.12044 0.28838 0.09052 0.25973 0.36136 1708.480
2.370 0.33272 72.62159 1.86438 24.16239 0.28810 0.09081 0.25935 0.36174 1709.572
2.375 0.33269 72.75386 1.86763 24.20445 0.28782 0.09110 0.25896 0.36211 1710.665
2.380 0.33266 72.88650 1.87088 24.24665 0.28755 0.09139 0.25857 0.36249 1711.761
2.385 0.33264 73.01950 1.87415 24.28897 0.28727 0.09168 0.25819 0.36286 1712.859
2.390 0.33261 73.15287 1.87742 24.33142 0.28699 0.09198 0.25780 0.36323 1713.958
2.395 0.33258 73.28661 1.88071 24.37399 0.28671 0.09227 0.25741 0.36361 1715.060
2.400 0.33256 73.42073 1.88400 24.41670 0.28643 0.09256 0.25703 0.36398 1716.164
2.405 0.33253 73.55522 1.88731 24.45953 0.28615 0.09286 0.25664 0.36435 1717.270
2.410 0.33251 73.69008 1.89062 24.50249 0.28587 0.09315 0.25626 0.36472 1718.378
2.415 0.33248 73.82531 1.89395 24.54557 0.28559 0.09345 0.25587 0.36510 1719.488
2.420 0.33246 73.96092 1.89728 24.58879 0.28531 0.09374 0.25548 0.36547 1720.600
2.425 0.33243 74.09692 1.90063 24.63214 0.28503 0.09404 0.25510 0.36584 1721.714
2.430 0.33241 74.23329 1.90398 24.67561 0.28475 0.09434 0.25471 0.36621 1722.831
2.435 0.33238 74.37004 1.90735 24.71922 0.28446 0.09464 0.25432 0.36658 1723.949
2.440 0.33236 74.50717 1.91072 24.76296 0.28418 0.09494 0.25394 0.36695 1725.070
2.445 0.33233 74.64469 1.91411 24.80683 0.28390 0.09524 0.25355 0.36732 1726.192
2.450 0.33231 74.78259 1.91750 24.85083 0.28362 0.09554 0.25316 0.36768 1727.317
2.455 0.33228 74.92088 1.92091 24.89496 0.28333 0.09584 0.25278 0.36805 1728.444
2.460 0.33226 75.05955 1.92432 24.93923 0.28305 0.09614 0.25239 0.36842 1729.573
2.465 0.33224 75.19861 1.92775 24.98363 0.28276 0.09644 0.25201 0.36879 1730.704
2.470 0.33221 75.33807 1.93119 25.02817 0.28248 0.09675 0.25162 0.36915 1731.837
2.475 0.33219 75.47791 1.93463 25.07284 0.28220 0.09705 0.25123 0.36952 1732.973
2.480 0.33216 75.61815 1.93809 25.11764 0.28191 0.09736 0.25085 0.36989 1734.110
2.485 0.33214 75.75879 1.94156 25.16258 0.28163 0.09766 0.25046 0.37025 1735.250
2.490 0.33212 75.89982 1.94504 25.20766 0.28134 0.09797 0.25007 0.37062 1736.392
2.495 0.33209 76.04124 1.94852 25.25287 0.28105 0.09828 0.24969 0.37098 1737.536
2.500 0.33207 76.18307 1.95202 25.29822 0.28077 0.09858 0.24930 0.37134 1738.682
2.505 0.33205 76.32529 1.95553 25.34370 0.28048 0.09889 0.24892 0.37171 1739.831
2.510 0.33203 76.46792 1.95905 25.38933 0.28019 0.09920 0.24853 0.37207 1740.981
2.515 0.33200 76.61095 1.96258 25.43509 0.27991 0.09951 0.24815 0.37243 1742.134
2.520 0.33198 76.75439 1.96613 25.48100 0.27962 0.09982 0.24776 0.37280 1743.289
2.525 0.33196 76.89823 1.96968 25.52704 0.27933 0.10014 0.24737 0.37316 1744.446
2.530 0.33194 77.04248 1.97324 25.57322 0.27904 0.10045 0.24699 0.37352 1745.605
2.535 0.33191 77.18714 1.97682 25.61954 0.27875 0.10076 0.24660 0.37388 1746.767
2.540 0.33189 77.33220 1.98040 25.66600 0.27847 0.10108 0.24622 0.37424 1747.931
2.545 0.33187 77.47768 1.98400 25.71261 0.27818 0.10139 0.24583 0.37460 1749.097
2.550 0.33185 77.62358 1.98760 25.75936 0.27789 0.10171 0.24545 0.37496 1750.265
2.555 0.33183 77.76988 1.99122 25.80625 0.27760 0.10202 0.24506 0.37532 1751.436
2.560 0.33181 77.91661 1.99485 25.85328 0.27731 0.10234 0.24468 0.37568 1752.608
2.565 0.33179 78.06375 1.99849 25.90046 0.27702 0.10266 0.24429 0.37603 1753.783
2.570 0.33177 78.21131 2.00214 25.94778 0.27673 0.10298 0.24391 0.37639 1754.961
2.575 0.33174 78.35929 2.00581 25.99524 0.27643 0.10330 0.24352 0.37675 1756.140
2.580 0.33172 78.50770 2.00948 26.04285 0.27614 0.10362 0.24314 0.37710 1757.322
2.585 0.33170 78.65653 2.01316 26.09061 0.27585 0.10394 0.24275 0.37746 1758.506
2.590 0.33168 78.80578 2.01686 26.13851 0.27556 0.10426 0.24237 0.37782 1759.692
2.595 0.33166 78.95546 2.02057 26.18656 0.27527 0.10458 0.24198 0.37817 1760.881
2.600 0.33164 79.10557 2.02429 26.23476 0.27497 0.10491 0.24160 0.37852 1762.072
2.605 0.33162 79.25611 2.02802 26.28311 0.27468 0.10523 0.24121 0.37888 1763.265
2.610 0.33160 79.40709 2.03176 26.33160 0.27439 0.10555 0.24083 0.37923 1764.461
2.615 0.33158 79.55849 2.03551 26.38024 0.27409 0.10588 0.24044 0.37958 1765.659
2.620 0.33156 79.71033 2.03928 26.42903 0.27380 0.10621 0.24006 0.37994 1766.859
2.625 0.33154 79.86261 2.04305 26.47798 0.27351 0.10653 0.23967 0.38029 1768.062
2.630 0.33152 80.01532 2.04684 26.52707 0.27321 0.10686 0.23929 0.38064 1769.266
2.635 0.33151 80.16848 2.05064 26.57631 0.27292 0.10719 0.23890 0.38099 1770.474
2.640 0.33149 80.32207 2.05445 26.62571 0.27262 0.10752 0.23852 0.38134 1771.683
2.645 0.33147 80.47611 2.05828 26.67526 0.27233 0.10785 0.23814 0.38169 1772.895
2.650 0.33145 80.63059 2.06211 26.72496 0.27203 0.10818 0.23775 0.38204 1774.109
2.655 0.33143 80.78552 2.06596 26.77481 0.27173 0.10851 0.23737 0.38239 1775.326
2.660 0.33141 80.94090 2.06982 26.82482 0.27144 0.10884 0.23698 0.38273 1776.545
2.665 0.33139 81.09673 2.07369 26.87499 0.27114 0.10918 0.23660 0.38308 1777.766
2.670 0.33138 81.25300 2.07757 26.92531 0.27084 0.10951 0.23622 0.38343 1778.990
2.675 0.33136 81.40973 2.08146 26.97578 0.27055 0.10985 0.23583 0.38377 1780.216
2.680 0.33134 81.56692 2.08537 27.02641 0.27025 0.11018 0.23545 0.38412 1781.445
2.685 0.33132 81.72456 2.08929 27.07720 0.26995 0.11052 0.23507 0.38446 1782.676
2.690 0.33131 81.88266 2.09322 27.12815 0.26965 0.11086 0.23468 0.38481 1783.909
2.695 0.33129 82.04122 2.09716 27.17925 0.26936 0.11119 0.23430 0.38515 1785.145
2.700 0.33127 82.20023 2.10112 27.23051 0.26906 0.11153 0.23392 0.38549 1786.383
2.705 0.33125 82.35972 2.10509 27.28193 0.26876 0.11187 0.23353 0.38584 1787.624
2.710 0.33124 82.51966 2.10907 27.33352 0.26846 0.11221 0.23315 0.38618 1788.867
2.715 0.33122 82.68007 2.11306 27.38526 0.26816 0.11255 0.23277 0.38652 1790.113
2.720 0.33120 82.84096 2.11706 27.43716 0.26786 0.11289 0.23238 0.38686 1791.361
2.725 0.33119 83.00231 2.12108 27.48922 0.26756 0.11324 0.23200 0.38720 1792.611
2.730 0.33117 83.16413 2.12511 27.54145 0.26726 0.11358 0.23162 0.38754 1793.864
2.735 0.33115 83.32642 2.12915 27.59384 0.26696 0.11392 0.23124 0.38788 1795.119
2.740 0.33114 83.48919 2.13321 27.64640 0.26666 0.11427 0.23085 0.38822 1796.377
2.745 0.33112 83.65244 2.13728 27.69911 0.26636 0.11461 0.23047 0.38856 1797.638
2.750 0.33111 83.81616 2.14136 27.75199 0.26606 0.11496 0.23009 0.38889 1798.901
2.755 0.33109 83.98037 2.14545 27.80504 0.26575 0.11531 0.22971 0.38923 1800.166
2.760 0.33107 84.14506 2.14956 27.85826 0.26545 0.11566 0.22933 0.38957 1801.434
2.765 0.33106 84.31023 2.15368 27.91164 0.26515 0.11600 0.22894 0.38990 1802.704
2.770 0.33104 84.47589 2.15781 27.96518 0.26485 0.11635 0.22856 0.39024 1803.977
2.775 0.33103 84.64203 2.16195 28.01890 0.26454 0.11670 0.22818 0.39057 1805.253
2.780 0.33101 84.80867 2.16611 28.07278 0.26424 0.11706 0.22780 0.39090 1806.531
2.785 0.33100 84.97579 2.17028 28.12683 0.26394 0.11741 0.22742 0.39124 1807.811
2.790 0.33098 85.14341 2.17446 28.18106 0.26363 0.11776 0.22704 0.39157 1809.094
2.795 0.33097 85.31152 2.17866 28.23545 0.26333 0.11811 0.22665 0.39190 1810.380
2.800 0.33095 85.48013 2.18287 28.29001 0.26303 0.11847 0.22627 0.39223 1811.668
2.805 0.33094 85.64924 2.18709 28.34475 0.26272 0.11882 0.22589 0.39256 1812.959
2.810 0.33093 85.81885 2.19133 28.39965 0.26242 0.11918 0.22551 0.39289 1814.253
2.815 0.33091 85.98896 2.19558 28.45473 0.26211 0.11954 0.22513 0.39322 1815.549
2.820 0.33090 86.15957 2.19984 28.50999 0.26181 0.11989 0.22475 0.39355 1816.847
2.825 0.33088 86.33070 2.20412 28.56542 0.26150 0.12025 0.22437 0.39388 1818.148
2.830 0.33087 86.50233 2.20841 28.62102 0.26120 0.12061 0.22399 0.39421 1819.452
2.835 0.33086 86.67446 2.21272 28.67680 0.26089 0.12097 0.22361 0.39453 1820.759
2.840 0.33084 86.84712 2.21703 28.73275 0.26058 0.12133 0.22323 0.39486 1822.068
2.845 0.33083 87.02028 2.22136 28.78888 0.26028 0.12169 0.22285 0.39518 1823.379
2.850 0.33082 87.19396 2.22571 28.84519 0.25997 0.12205 0.22247 0.39551 1824.694
2.855 0.33080 87.36816 2.23007 28.90168 0.25966 0.12242 0.22209 0.39583 1826.011
2.860 0.33079 87.54288 2.23444 28.95834 0.25936 0.12278 0.22171 0.39616 1827.330
