timeGa Urey Qt heat/H0 heatTW 1HPE 2HPE 3HPE 4HPE TempC
0.000 0.26000 36.00000 1.00000 9.36000 0.37200 0.01640 0.43000 0.18100 1351.850
0.005 0.26010 36.00000 1.00038 9.36355 0.37215 0.01647 0.42994 0.18143 1352.450
0.010 0.25999 36.05032 1.00136 9.37273 0.37207 0.01654 0.42963 0.18176 1353.051
0.015 0.25988 36.10077 1.00234 9.38193 0.37199 0.01661 0.42931 0.18209 1353.653
0.020 0.25977 36.15132 1.00333 9.39115 0.37192 0.01667 0.42900 0.18241 1354.256
0.025 0.25966 36.20200 1.00431 9.40038 0.37184 0.01674 0.42868 0.18274 1354.859
0.030 0.25956 36.25279 1.00530 9.40964 0.37176 0.01680 0.42837 0.18307 1355.464
0.035 0.25945 36.30370 1.00629 9.41892 0.37168 0.01687 0.42805 0.18340 1356.070
0.040 0.25934 36.35473 1.00729 9.42822 0.37161 0.01694 0.42773 0.18372 1356.676
0.045 0.25923 36.40588 1.00828 9.43753 0.37153 0.01700 0.42742 0.18405 1357.284
0.050 0.25912 36.45714 1.00928 9.44687 0.37145 0.01707 0.42710 0.18438 1357.892
0.055 0.25901 36.50853 1.01028 9.45622 0.37137 0.01714 0.42678 0.18471 1358.501
0.060 0.25891 36.56003 1.01128 9.46560 0.37129 0.01720 0.42647 0.18504 1359.112
0.065 0.25880 36.61166 1.01229 9.47499 0.37121 0.01727 0.42615 0.18537 1359.723
0.070 0.25869 36.66340 1.01329 9.48441 0.37113 0.01734 0.42583 0.18570 1360.335
0.075 0.25858 36.71527 1.01430 9.49384 0.37104 0.01741 0.42551 0.18603 1360.948
0.080 0.25847 36.76726 1.01531 9.50330 0.37096 0.01748 0.42520 0.18636 1361.563
0.085 0.25836 36.81937 1.01632 9.51277 0.37088 0.01755 0.42488 0.18670 1362.178
0.090 0.25825 36.87160 1.01734 9.52227 0.37080 0.01761 0.42456 0.18703 1362.794
0.095 0.25815 36.92396 1.01835 9.53178 0.37071 0.01768 0.42424 0.18736 1363.411
0.100 0.25804 36.97643 1.01937 9.54132 0.37063 0.01775 0.42392 0.18769 1364.029
0.105 0.25793 37.02903 1.02039 9.55088 0.37055 0.01782 0.42360 0.18803 1364.648
0.110 0.25782 37.08176 1.02142 9.56045 0.37046 0.01789 0.42328 0.18836 1365.268
0.115 0.25771 37.13460 1.02244 9.57005 0.37038 0.01796 0.42296 0.18869 1365.889
0.120 0.25760 37.18758 1.02347 9.57967 0.37029 0.01803 0.42264 0.18903 1366.510
0.125 0.25750 37.24067 1.02450 9.58930 0.37021 0.01811 0.42232 0.18936 1367.133
0.130 0.25739 37.29390 1.02553 9.59896 0.37012 0.01818 0.42200 0.18970 1367.757
0.135 0.25728 37.34724 1.02656 9.60864 0.37004 0.01825 0.42168 0.19003 1368.382
0.140 0.25717 37.40072 1.02760 9.61834 0.36995 0.01832 0.42136 0.19037 1369.008
0.145 0.25706 37.45432 1.02864 9.62806 0.36986 0.01839 0.42104 0.19071 1369.635
0.150 0.25695 37.50804 1.02968 9.63780 0.36978 0.01846 0.42072 0.19104 1370.262
0.155 0.25684 37.56190 1.03072 9.64756 0.36969 0.01854 0.42040 0.19138 1370.891
0.160 0.25674 37.61588 1.03177 9.65734 0.36960 0.01861 0.42007 0.19172 1371.521
0.165 0.25663 37.66999 1.03281 9.66715 0.36951 0.01868 0.41975 0.19206 1372.152
0.170 0.25652 37.72423 1.03386 9.67697 0.36942 0.01875 0.41943 0.19239 1372.784
0.175 0.25641 37.77859 1.03492 9.68682 0.36933 0.01883 0.41911 0.19273 1373.416
0.180 0.25630 37.83309 1.03597 9.69669 0.36924 0.01890 0.41878 0.19307 1374.050
0.185 0.25619 37.88771 1.03703 9.70657 0.36915 0.01898 0.41846 0.19341 1374.685
0.190 0.25608 37.94247 1.03809 9.71648 0.36906 0.01905 0.41814 0.19375 1375.321
0.195 0.25598 37.99736 1.03915 9.72642 0.36897 0.01912 0.41781 0.19409 1375.958
0.200 0.25587 38.05237 1.04021 9.73637 0.36888 0.01920 0.41749 0.19443 1376.595
0.205 0.25576 38.10752 1.04128 9.74634 0.36879 0.01927 0.41717 0.19477 1377.234
0.210 0.25565 38.16280 1.04234 9.75634 0.36870 0.01935 0.41684 0.19511 1377.874
0.215 0.25554 38.21821 1.04341 9.76635 0.36860 0.01942 0.41652 0.19545 1378.515
0.220 0.25543 38.27376 1.04449 9.77639 0.36851 0.01950 0.41619 0.19580 1379.157
0.225 0.25532 38.32943 1.04556 9.78645 0.36842 0.01958 0.41587 0.19614 1379.800
0.230 0.25522 38.38524 1.04664 9.79654 0.36832 0.01965 0.41554 0.19648 1380.444
0.235 0.25511 38.44119 1.04772 9.80664 0.36823 0.01973 0.41522 0.19682 1381.089
0.240 0.25500 38.49727 1.04880 9.81677 0.36813 0.01981 0.41489 0.19717 1381.735
0.245 0.25489 38.55348 1.04988 9.82692 0.36804 0.01988 0.41457 0.19751 1382.382
0.250 0.25478 38.60983 1.05097 9.83709 0.36794 0.01996 0.41424 0.19785 1383.030
0.255 0.25467 38.66631 1.05206 9.84728 0.36785 0.02004 0.41391 0.19820 1383.679
0.260 0.25456 38.72293 1.05315 9.85750 0.36775 0.02012 0.41359 0.19854 1384.330
0.265 0.25446 38.77969 1.05424 9.86773 0.36765 0.02020 0.41326 0.19889 1384.981
0.270 0.25435 38.83658 1.05534 9.87799 0.36756 0.02027 0.41293 0.19923 1385.633
0.275 0.25424 38.89361 1.05644 9.88828 0.36746 0.02035 0.41261 0.19958 1386.286
0.280 0.25413 38.95078 1.05754 9.89858 0.36736 0.02043 0.41228 0.19993 1386.941
0.285 0.25402 39.00808 1.05864 9.90891 0.36726 0.02051 0.41195 0.20027 1387.596
0.290 0.25391 39.06553 1.05975 9.91926 0.36716 0.02059 0.41162 0.20062 1388.253
0.295 0.25380 39.12311 1.06086 9.92963 0.36707 0.02067 0.41129 0.20097 1388.911
0.300 0.25370 39.18084 1.06197 9.94003 0.36697 0.02075 0.41097 0.20132 1389.569
0.305 0.25359 39.23870 1.06308 9.95044 0.36687 0.02083 0.41064 0.20166 1390.229
0.310 0.25348 39.29670 1.06420 9.96088 0.36677 0.02091 0.41031 0.20201 1390.890
0.315 0.25337 39.35485 1.06532 9.97135 0.36666 0.02100 0.40998 0.20236 1391.552
0.320 0.25326 39.41313 1.06644 9.98184 0.36656 0.02108 0.40965 0.20271 1392.215
0.325 0.25315 39.47156 1.06756 9.99235 0.36646 0.02116 0.40932 0.20306 1392.879
0.330 0.25304 39.53013 1.06868 10.00288 0.36636 0.02124 0.40899 0.20341 1393.544
0.335 0.25294 39.58884 1.06981 10.01344 0.36626 0.02132 0.40866 0.20376 1394.210
0.340 0.25283 39.64770 1.07094 10.02402 0.36615 0.02141 0.40833 0.20411 1394.877
0.345 0.25272 39.70670 1.07207 10.03462 0.36605 0.02149 0.40800 0.20446 1395.546
0.350 0.25261 39.76584 1.07321 10.04525 0.36595 0.02157 0.40767 0.20481 1396.215
0.355 0.25250 39.82513 1.07435 10.05590 0.36584 0.02166 0.40734 0.20516 1396.886
0.360 0.25239 39.88457 1.07549 10.06657 0.36574 0.02174 0.40701 0.20552 1397.557
0.365 0.25228 39.94415 1.07663 10.07727 0.36563 0.02182 0.40668 0.20587 1398.230
0.370 0.25218 40.00387 1.07778 10.08799 0.36553 0.02191 0.40634 0.20622 1398.904
0.375 0.25207 40.06374 1.07893 10.09874 0.36542 0.02199 0.40601 0.20657 1399.579
0.380 0.25196 40.12376 1.08008 10.10951 0.36532 0.02208 0.40568 0.20693 1400.255
0.385 0.25185 40.18393 1.08123 10.12030 0.36521 0.02216 0.40535 0.20728 1400.932
0.390 0.25174 40.24424 1.08238 10.13112 0.36510 0.02225 0.40501 0.20763 1401.611
0.395 0.25163 40.30470 1.08354 10.14196 0.36499 0.02233 0.40468 0.20799 1402.290
0.400 0.25152 40.36531 1.08470 10.15283 0.36489 0.02242 0.40435 0.20834 1402.971
0.405 0.25141 40.42608 1.08587 10.16372 0.36478 0.02251 0.40402 0.20870 1403.652
0.410 0.25131 40.48699 1.08703 10.17463 0.36467 0.02259 0.40368 0.20905 1404.335
0.415 0.25120 40.54805 1.08820 10.18557 0.36456 0.02268 0.40335 0.20941 1405.019
0.420 0.25109 40.60926 1.08937 10.19654 0.36445 0.02277 0.40301 0.20977 1405.704
0.425 0.25098 40.67062 1.09055 10.20752 0.36434 0.02286 0.40268 0.21012 1406.390
0.430 0.25087 40.73214 1.09172 10.21854 0.36423 0.02294 0.40235 0.21048 1407.078
0.435 0.25076 40.79381 1.09290 10.22957 0.36412 0.02303 0.40201 0.21084 1407.766
0.440 0.25065 40.85563 1.09409 10.24064 0.36401 0.02312 0.40168 0.21119 1408.456
0.445 0.25055 40.91760 1.09527 10.25172 0.36390 0.02321 0.40134 0.21155 1409.147
0.450 0.25044 40.97973 1.09646 10.26284 0.36378 0.02330 0.40101 0.21191 1409.838
0.455 0.25033 41.04201 1.09765 10.27397 0.36367 0.02339 0.40067 0.21227 1410.532
0.460 0.25022 41.10445 1.09884 10.28514 0.36356 0.02348 0.40033 0.21263 1411.226
0.465 0.25011 41.16704 1.10003 10.29632 0.36344 0.02357 0.40000 0.21299 1411.921
0.470 0.25000 41.22979 1.10123 10.30754 0.36333 0.02366 0.39966 0.21335 1412.618
0.475 0.24989 41.29270 1.10243 10.31877 0.36322 0.02375 0.39933 0.21371 1413.315
0.480 0.24978 41.35576 1.10364 10.33004 0.36310 0.02384 0.39899 0.21407 1414.014
0.485 0.24968 41.41898 1.10484 10.34133 0.36299 0.02393 0.39865 0.21443 1414.714
0.490 0.24957 41.48236 1.10605 10.35264 0.36287 0.02403 0.39832 0.21479 1415.416
0.495 0.24946 41.54589 1.10726 10.36398 0.36275 0.02412 0.39798 0.21515 1416.118
0.500 0.24935 41.60959 1.10848 10.37535 0.36264 0.02421 0.39764 0.21551 1416.821
0.505 0.24924 41.67345 1.10969 10.38674 0.36252 0.02430 0.39730 0.21587 1417.526
0.510 0.24913 41.73746 1.11091 10.39816 0.36240 0.02440 0.39696 0.21623 1418.232
0.515 0.24902 41.80164 1.11214 10.40960 0.36229 0.02449 0.39663 0.21660 1418.939
0.520 0.24892 41.86598 1.11336 10.42107 0.36217 0.02458 0.39629 0.21696 1419.648
0.525 0.24881 41.93048 1.11459 10.43257 0.36205 0.02468 0.39595 0.21732 1420.357
0.530 0.24870 41.99514 1.11582 10.44409 0.36193 0.02477 0.39561 0.21769 1421.068
0.535 0.24859 42.05996 1.11706 10.45564 0.36181 0.02487 0.39527 0.21805 1421.780
0.540 0.24848 42.12495 1.11829 10.46721 0.36169 0.02496 0.39493 0.21841 1422.493
0.545 0.24837 42.19010 1.11953 10.47882 0.36157 0.02506 0.39459 0.21878 1423.207
0.550 0.24826 42.25542 1.12077 10.49044 0.36145 0.02515 0.39425 0.21914 1423.923
0.555 0.24815 42.32090 1.12202 10.50210 0.36133 0.02525 0.39391 0.21951 1424.639
0.560 0.24805 42.38655 1.12327 10.51378 0.36121 0.02535 0.39357 0.21987 1425.357
0.565 0.24794 42.45237 1.12452 10.52549 0.36109 0.02544 0.39323 0.22024 1426.077
0.570 0.24783 42.51835 1.12577 10.53722 0.36096 0.02554 0.39289 0.22061 1426.797
0.575 0.24772 42.58450 1.12703 10.54899 0.36084 0.02564 0.39255 0.22097 1427.519
0.580 0.24761 42.65081 1.12829 10.56077 0.36072 0.02574 0.39221 0.22134 1428.241
0.585 0.24750 42.71730 1.12955 10.57259 0.36059 0.02583 0.39187 0.22171 1428.966
0.590 0.24739 42.78395 1.13082 10.58443 0.36047 0.02593 0.39153 0.22207 1429.691
0.595 0.24728 42.85077 1.13208 10.59630 0.36034 0.02603 0.39118 0.22244 1430.417
0.600 0.24718 42.91777 1.13335 10.60820 0.36022 0.02613 0.39084 0.22281 1431.145
0.605 0.24707 42.98493 1.13463 10.62013 0.36009 0.02623 0.39050 0.22318 1431.874
0.610 0.24696 43.05227 1.13591 10.63208 0.35997 0.02633 0.39016 0.22355 1432.605
0.615 0.24685 43.11978 1.13719 10.64406 0.35984 0.02643 0.38981 0.22391 1433.336
0.620 0.24674 43.18746 1.13847 10.65607 0.35971 0.02653 0.38947 0.22428 1434.069
0.625 0.24663 43.25531 1.13976 10.66811 0.35959 0.02663 0.38913 0.22465 1434.803
0.630 0.24652 43.32334 1.14104 10.68017 0.35946 0.02673 0.38879 0.22502 1435.538
0.635 0.24641 43.39154 1.14234 10.69226 0.35933 0.02683 0.38844 0.22539 1436.275
0.640 0.24630 43.45992 1.14363 10.70438 0.35920 0.02694 0.38810 0.22576 1437.013
0.645 0.24620 43.52847 1.14493 10.71653 0.35907 0.02704 0.38775 0.22613 1437.752
0.650 0.24609 43.59720 1.14623 10.72871 0.35894 0.02714 0.38741 0.22651 1438.492
0.655 0.24598 43.66610 1.14753 10.74091 0.35881 0.02724 0.38707 0.22688 1439.234
0.660 0.24587 43.73519 1.14884 10.75315 0.35868 0.02735 0.38672 0.22725 1439.977
0.665 0.24576 43.80445 1.15015 10.76541 0.35855 0.02745 0.38638 0.22762 1440.721
0.670 0.24565 43.87389 1.15146 10.77770 0.35842 0.02756 0.38603 0.22799 1441.467
0.675 0.24554 43.94350 1.15278 10.79002 0.35829 0.02766 0.38569 0.22837 1442.213
0.680 0.24543 44.01330 1.15410 10.80237 0.35816 0.02776 0.38534 0.22874 1442.961
0.685 0.24533 44.08328 1.15542 10.81474 0.35803 0.02787 0.38499 0.22911 1443.711
0.690 0.24522 44.15344 1.15675 10.82715 0.35789 0.02798 0.38465 0.22948 1444.462
0.695 0.24511 44.22378 1.15808 10.83959 0.35776 0.02808 0.38430 0.22986 1445.214
0.700 0.24500 44.29430 1.15941 10.85205 0.35763 0.02819 0.38396 0.23023 1445.967
0.705 0.24489 44.36501 1.16074 10.86454 0.35749 0.02829 0.38361 0.23061 1446.721
0.710 0.24478 44.43590 1.16208 10.87707 0.35736 0.02840 0.38326 0.23098 1447.477
0.715 0.24467 44.50698 1.16342 10.88962 0.35722 0.02851 0.38292 0.23136 1448.235
0.720 0.24456 44.57824 1.16477 10.90220 0.35709 0.02862 0.38257 0.23173 1448.993
0.725 0.24445 44.64968 1.16611 10.91481 0.35695 0.02872 0.38222 0.23211 1449.753
0.730 0.24435 44.72131 1.16746 10.92745 0.35681 0.02883 0.38187 0.23248 1450.514
0.735 0.24424 44.79313 1.16882 10.94012 0.35668 0.02894 0.38152 0.23286 1451.277
0.740 0.24413 44.86513 1.17017 10.95282 0.35654 0.02905 0.38118 0.23323 1452.041
0.745 0.24402 44.93733 1.17153 10.96556 0.35640 0.02916 0.38083 0.23361 1452.806
0.750 0.24391 45.00971 1.17290 10.97832 0.35626 0.02927 0.38048 0.23399 1453.573
0.755 0.24380 45.08228 1.17426 10.99111 0.35612 0.02938 0.38013 0.23437 1454.341
0.760 0.24369 45.15504 1.17563 11.00393 0.35598 0.02949 0.37978 0.23474 1455.110
0.765 0.24358 45.22799 1.17701 11.01678 0.35584 0.02960 0.37943 0.23512 1455.880
0.770 0.24347 45.30114 1.17838 11.02966 0.35570 0.02971 0.37908 0.23550 1456.652
0.775 0.24337 45.37447 1.17976 11.04258 0.35556 0.02982 0.37873 0.23588 1457.426
0.780 0.24326 45.44800 1.18115 11.05552 0.35542 0.02994 0.37838 0.23626 1458.201
0.785 0.24315 45.52172 1.18253 11.06849 0.35528 0.03005 0.37803 0.23663 1458.977
0.790 0.24304 45.59564 1.18392 11.08150 0.35514 0.03016 0.37768 0.23701 1459.754
0.795 0.24293 45.66975 1.18531 11.09453 0.35500 0.03028 0.37733 0.23739 1460.533
0.800 0.24282 45.74405 1.18671 11.10760 0.35486 0.03039 0.37698 0.23777 1461.313
0.805 0.24271 45.81855 1.18811 11.12070 0.35471 0.03050 0.37663 0.23815 1462.095
0.810 0.24260 45.89325 1.18951 11.13383 0.35457 0.03062 0.37628 0.23853 1462.878
0.815 0.24249 45.96815 1.19092 11.14699 0.35442 0.03073 0.37593 0.23891 1463.662
0.820 0.24238 46.04324 1.19233 11.16018 0.35428 0.03085 0.37558 0.23929 1464.448
0.825 0.24228 46.11854 1.19374 11.17340 0.35413 0.03096 0.37523 0.23967 1465.235
0.830 0.24217 46.19403 1.19516 11.18666 0.35399 0.03108 0.37488 0.24006 1466.024
0.835 0.24206 46.26972 1.19658 11.19995 0.35384 0.03120 0.37452 0.24044 1466.814
0.840 0.24195 46.34562 1.19800 11.21327 0.35370 0.03131 0.37417 0.24082 1467.605
0.845 0.24184 46.42171 1.19942 11.22662 0.35355 0.03143 0.37382 0.24120 1468.398
0.850 0.24173 46.49801 1.20085 11.24000 0.35340 0.03155 0.37347 0.24158 1469.192
0.855 0.24162 46.57451 1.20229 11.25342 0.35326 0.03167 0.37311 0.24197 1469.988
0.860 0.24151 46.65122 1.20372 11.26686 0.35311 0.03178 0.37276 0.24235 1470.785
0.865 0.24140 46.72813 1.20516 11.28034 0.35296 0.03190 0.37241 0.24273 1471.583
0.870 0.24129 46.80525 1.20661 11.29385 0.35281 0.03202 0.37205 0.24311 1472.383
0.875 0.24119 46.88257 1.20806 11.30740 0.35266 0.03214 0.37170 0.24350 1473.184
0.880 0.24108 46.96010 1.20951 11.32098 0.35251 0.03226 0.37135 0.24388 1473.987
0.885 0.24097 47.03783 1.21096 11.33459 0.35236 0.03238 0.37099 0.24427 1474.791
0.890 0.24086 47.11578 1.21242 11.34823 0.35221 0.03250 0.37064 0.24465 1475.597
0.895 0.24075 47.19393 1.21388 11.36191 0.35206 0.03262 0.37028 0.24504 1476.404
0.900 0.24064 47.27229 1.21534 11.37562 0.35191 0.03275 0.36993 0.24542 1477.213
0.905 0.24053 47.35087 1.21681 11.38936 0.35175 0.03287 0.36957 0.24580 1478.023
0.910 0.24042 47.42965 1.21828 11.40313 0.35160 0.03299 0.36922 0.24619 1478.834
0.915 0.24031 47.50865 1.21976 11.41694 0.35145 0.03311 0.36886 0.24658 1479.647
0.920 0.24020 47.58786 1.22124 11.43079 0.35130 0.03324 0.36851 0.24696 1480.462
0.925 0.24009 47.66728 1.22272 11.44466 0.35114 0.03336 0.36815 0.24735 1481.278
0.930 0.23999 47.74692 1.22421 11.45857 0.35099 0.03348 0.36780 0.24773 1482.095
0.935 0.23988 47.82677 1.22570 11.47252 0.35083 0.03361 0.36744 0.24812 1482.914
0.940 0.23977 47.90684 1.22719 11.48649 0.35068 0.03373 0.36708 0.24851 1483.735
0.945 0.23966 47.98713 1.22869 11.50050 0.35052 0.03386 0.36673 0.24889 1484.556
0.950 0.23955 48.06763 1.23019 11.51455 0.35037 0.03398 0.36637 0.24928 1485.380
0.955 0.23944 48.14835 1.23169 11.52863 0.35021 0.03411 0.36601 0.24967 1486.205
0.960 0.23933 48.22929 1.23320 11.54275 0.35005 0.03424 0.36566 0.25006 1487.031
0.965 0.23922 48.31045 1.23471 11.55689 0.34989 0.03436 0.36530 0.25044 1487.859
0.970 0.23911 48.39183 1.23623 11.57108 0.34974 0.03449 0.36494 0.25083 1488.688
0.975 0.23900 48.47343 1.23775 11.58530 0.34958 0.03462 0.36458 0.25122 1489.519
0.980 0.23889 48.55526 1.23927 11.59955 0.34942 0.03475 0.36423 0.25161 1490.352
0.985 0.23878 48.63730 1.24079 11.61384 0.34926 0.03487 0.36387 0.25200 1491.186
0.990 0.23868 48.71958 1.24232 11.62816 0.34910 0.03500 0.36351 0.25239 1492.021
0.995 0.23857 48.80207 1.24386 11.64252 0.34894 0.03513 0.36315 0.25278 1492.858
1.000 0.23846 48.88479 1.24540 11.65691 0.34878 0.03526 0.36279 0.25317 1493.697
1.005 0.23835 48.96774 1.24694 11.67134 0.34862 0.03539 0.36243 0.25356 1494.537
1.010 0.23824 49.05091 1.24848 11.68581 0.34846 0.03552 0.36207 0.25394 1495.379
1.015 0.23813 49.13432 1.25003 11.70031 0.34829 0.03565 0.36172 0.25433 1496.222
1.020 0.23802 49.21795 1.25159 11.71484 0.34813 0.03579 0.36136 0.25473 1497.067
1.025 0.23791 49.30181 1.25314 11.72942 0.34797 0.03592 0.36100 0.25512 1497.913
1.030 0.23780 49.38590 1.25470 11.74402 0.34781 0.03605 0.36064 0.25551 1498.761
1.035 0.23769 49.47022 1.25627 11.75867 0.34764 0.03618 0.36028 0.25590 1499.610
1.040 0.23758 49.55477 1.25784 11.77335 0.34748 0.03632 0.35992 0.25629 1500.461
1.045 0.23747 49.63956 1.25941 11.78806 0.34731 0.03645 0.35956 0.25668 1501.314
1.050 0.23736 49.72458 1.26098 11.80282 0.34715 0.03659 0.35920 0.25707 1502.168
1.055 0.23725 49.80984 1.26256 11.81761 0.34698 0.03672 0.35883 0.25746 1503.024
1.060 0.23715 49.89533 1.26415 11.83243 0.34682 0.03685 0.35847 0.25786 1503.882
1.065 0.23704 49.98106 1.26574 11.84730 0.34665 0.03699 0.35811 0.25825 1504.741
1.070 0.23693 50.06702 1.26733 11.86220 0.34648 0.03713 0.35775 0.25864 1505.601
1.075 0.23682 50.15322 1.26892 11.87713 0.34632 0.03726 0.35739 0.25903 1506.463
1.080 0.23671 50.23967 1.27052 11.89211 0.34615 0.03740 0.35703 0.25942 1507.327
1.085 0.23660 50.32635 1.27213 11.90712 0.34598 0.03754 0.35667 0.25982 1508.193
1.090 0.23649 50.41327 1.27374 11.92217 0.34581 0.03767 0.35630 0.26021 1509.060
1.095 0.23638 50.50044 1.27535 11.93725 0.34564 0.03781 0.35594 0.26060 1509.928
1.100 0.23627 50.58784 1.27696 11.95238 0.34547 0.03795 0.35558 0.26100 1510.799
1.105 0.23616 50.67549 1.27858 11.96754 0.34530 0.03809 0.35522 0.26139 1511.670
1.110 0.23605 50.76339 1.28021 11.98274 0.34513 0.03823 0.35485 0.26179 1512.544
1.115 0.23594 50.85153 1.28183 11.99798 0.34496 0.03837 0.35449 0.26218 1513.419
1.120 0.23583 50.93991 1.28347 12.01325 0.34479 0.03851 0.35413 0.26257 1514.296
1.125 0.23572 51.02855 1.28510 12.02857 0.34462 0.03865 0.35377 0.26297 1515.175
1.130 0.23561 51.11743 1.28674 12.04392 0.34444 0.03879 0.35340 0.26336 1516.055
1.135 0.23550 51.20656 1.28839 12.05931 0.34427 0.03893 0.35304 0.26376 1516.937
1.140 0.23539 51.29594 1.29004 12.07474 0.34410 0.03908 0.35267 0.26415 1517.820
1.145 0.23528 51.38557 1.29169 12.09021 0.34392 0.03922 0.35231 0.26455 1518.705
1.150 0.23517 51.47545 1.29335 12.10571 0.34375 0.03936 0.35195 0.26494 1519.592
1.155 0.23506 51.56559 1.29501 12.12126 0.34357 0.03951 0.35158 0.26534 1520.481
1.160 0.23496 51.65598 1.29667 12.13684 0.34340 0.03965 0.35122 0.26573 1521.371
1.165 0.23485 51.74662 1.29834 12.15247 0.34322 0.03979 0.35085 0.26613 1522.263
1.170 0.23474 51.83752 1.30001 12.16813 0.34305 0.03994 0.35049 0.26653 1523.156
1.175 0.23463 51.92868 1.30169 12.18384 0.34287 0.04008 0.35012 0.26692 1524.051
1.180 0.23452 52.02009 1.30337 12.19958 0.34269 0.04023 0.34976 0.26732 1524.948
1.185 0.23441 52.11176 1.30506 12.21536 0.34252 0.04038 0.34939 0.26771 1525.847
1.190 0.23430 52.20369 1.30675 12.23119 0.34234 0.04052 0.34903 0.26811 1526.748
1.195 0.23419 52.29588 1.30845 12.24705 0.34216 0.04067 0.34866 0.26851 1527.650
1.200 0.23408 52.38833 1.31014 12.26295 0.34198 0.04082 0.34829 0.26891 1528.554
1.205 0.23397 52.48105 1.31185 12.27890 0.34180 0.04097 0.34793 0.26930 1529.459
1.210 0.23386 52.57403 1.31356 12.29488 0.34162 0.04112 0.34756 0.26970 1530.366
1.215 0.23375 52.66727 1.31527 12.31090 0.34144 0.04127 0.34720 0.27010 1531.276
1.220 0.23364 52.76078 1.31698 12.32697 0.34126 0.04141 0.34683 0.27049 1532.186
1.225 0.23353 52.85455 1.31870 12.34307 0.34108 0.04156 0.34646 0.27089 1533.099
1.230 0.23342 52.94859 1.32043 12.35922 0.34090 0.04172 0.34609 0.27129 1534.013
1.235 0.23331 53.04290 1.32216 12.37541 0.34072 0.04187 0.34573 0.27169 1534.929
1.240 0.23320 53.13748 1.32389 12.39164 0.34053 0.04202 0.34536 0.27209 1535.847
1.245 0.23309 53.23233 1.32563 12.40791 0.34035 0.04217 0.34499 0.27248 1536.767
1.250 0.23298 53.32745 1.32737 12.42422 0.34017 0.04232 0.34463 0.27288 1537.688
1.255 0.23287 53.42284 1.32912 12.44058 0.33998 0.04248 0.34426 0.27328 1538.611
1.260 0.23276 53.51851 1.33087 12.45697 0.33980 0.04263 0.34389 0.27368 1539.536
1.265 0.23265 53.61445 1.33263 12.47341 0.33962 0.04278 0.34352 0.27408 1540.463
1.270 0.23254 53.71067 1.33439 12.48989 0.33943 0.04294 0.34315 0.27448 1541.391
1.275 0.23243 53.80716 1.33616 12.50641 0.33925 0.04309 0.34278 0.27488 1542.322
1.280 0.23232 53.90393 1.33792 12.52298 0.33906 0.04325 0.34242 0.27528 1543.254
1.285 0.23221 54.00098 1.33970 12.53958 0.33887 0.04340 0.34205 0.27568 1544.188
1.290 0.23210 54.09831 1.34148 12.55623 0.33869 0.04356 0.34168 0.27608 1545.124
1.295 0.23199 54.19592 1.34326 12.57292 0.33850 0.04372 0.34131 0.27648 1546.061
1.300 0.23188 54.29381 1.34505 12.58966 0.33831 0.04388 0.34094 0.27688 1547.001
1.305 0.23177 54.39199 1.34684 12.60644 0.33812 0.04403 0.34057 0.27727 1547.942
1.310 0.23166 54.49045 1.34864 12.62326 0.33793 0.04419 0.34020 0.27767 1548.885
1.315 0.23155 54.58919 1.35044 12.64012 0.33774 0.04435 0.33983 0.27808 1549.830
1.320 0.23144 54.68822 1.35225 12.65703 0.33755 0.04451 0.33946 0.27848 1550.777
1.325 0.23133 54.78754 1.35406 12.67398 0.33736 0.04467 0.33909 0.27888 1551.725
1.330 0.23122 54.88715 1.35587 12.69098 0.33717 0.04483 0.33872 0.27928 1552.676
1.335 0.23111 54.98704 1.35769 12.70802 0.33698 0.04499 0.33835 0.27968 1553.628
1.340 0.23100 55.08723 1.35952 12.72510 0.33679 0.04515 0.33798 0.28008 1554.582
1.345 0.23089 55.18771 1.36135 12.74223 0.33660 0.04531 0.33761 0.28048 1555.538
1.350 0.23078 55.28848 1.36318 12.75940 0.33641 0.04548 0.33724 0.28088 1556.496
1.355 0.23067 55.38955 1.36502 12.77662 0.33621 0.04564 0.33687 0.28128 1557.456
1.360 0.23056 55.49091 1.36687 12.79388 0.33602 0.04580 0.33650 0.28168 1558.418
1.365 0.23045 55.59256 1.36872 12.81119 0.33583 0.04597 0.33612 0.28208 1559.382
1.370 0.23034 55.69452 1.37057 12.82854 0.33563 0.04613 0.33575 0.28248 1560.347
1.375 0.23023 55.79677 1.37243 12.84594 0.33544 0.04630 0.33538 0.28288 1561.315
1.380 0.23012 55.89933 1.37429 12.86338 0.33524 0.04646 0.33501 0.28329 1562.284
1.385 0.23001 56.00218 1.37616 12.88086 0.33505 0.04663 0.33464 0.28369 1563.256
1.390 0.22990 56.10534 1.37803 12.89840 0.33485 0.04679 0.33426 0.28409 1564.229
1.395 0.22979 56.20880 1.37991 12.91597 0.33465 0.04696 0.33389 0.28449 1565.204
1.400 0.22968 56.31256 1.38179 12.93360 0.33446 0.04713 0.33352 0.28489 1566.181
1.405 0.22956 56.41663 1.38368 12.95127 0.33426 0.04730 0.33315 0.28529 1567.160
1.410 0.22945 56.52101 1.38558 12.96899 0.33406 0.04747 0.33277 0.28570 1568.141
1.415 0.22934 56.62570 1.38747 12.98675 0.33386 0.04764 0.33240 0.28610 1569.124
1.420 0.22923 56.73069 1.38938 13.00456 0.33367 0.04780 0.33203 0.28650 1570.109
1.425 0.22912 56.83600 1.39128 13.02241 0.33347 0.04797 0.33166 0.28690 1571.096
1.430 0.22901 56.94161 1.39320 13.04032 0.33327 0.04815 0.33128 0.28731 1572.085
1.435 0.22890 57.04754 1.39511 13.05827 0.33307 0.04832 0.33091 0.28771 1573.076
1.440 0.22879 57.15379 1.39704 13.07626 0.33287 0.04849 0.33053 0.28811 1574.069
1.445 0.22868 57.26035 1.39896 13.09431 0.33267 0.04866 0.33016 0.28851 1575.064
1.450 0.22857 57.36723 1.40090 13.11240 0.33246 0.04883 0.32979 0.28892 1576.061
1.455 0.22846 57.47442 1.40284 13.13054 0.33226 0.04901 0.32941 0.28932 1577.060
1.460 0.22835 57.58193 1.40478 13.14872 0.33206 0.04918 0.32904 0.28972 1578.060
1.465 0.22824 57.68977 1.40673 13.16696 0.33186 0.04936 0.32866 0.29012 1579.063
1.470 0.22813 57.79792 1.40868 13.18524 0.33165 0.04953 0.32829 0.29053 1580.068
1.475 0.22802 57.90640 1.41064 13.20357 0.33145 0.04971 0.32792 0.29093 1581.075
1.480 0.22790 58.01521 1.41260 13.22195 0.33125 0.04988 0.32754 0.29133 1582.084
1.485 0.22779 58.12434 1.41457 13.24038 0.33104 0.05006 0.32717 0.29174 1583.095
1.490 0.22768 58.23379 1.41654 13.25885 0.33084 0.05023 0.32679 0.29214 1584.108
1.495 0.22757 58.34358 1.41852 13.27738 0.33063 0.05041 0.32642 0.29254 1585.124
1.500 0.22746 58.45369 1.42051 13.29595 0.33042 0.05059 0.32604 0.29294 1586.141
1.505 0.22735 58.56413 1.42250 13.31458 0.33022 0.05077 0.32566 0.29335 1587.160
1.510 0.22724 58.67491 1.42449 13.33325 0.33001 0.05095 0.32529 0.29375 1588.181
1.515 0.22713 58.78602 1.42649 13.35197 0.32980 0.05113 0.32491 0.29415 1589.205
1.520 0.22702 58.89747 1.42850 13.37075 0.32960 0.05131 0.32454 0.29456 1590.230
1.525 0.22691 59.00925 1.43051 13.38957 0.32939 0.05149 0.32416 0.29496 1591.258
1.530 0.22680 59.12136 1.43253 13.40844 0.32918 0.05167 0.32379 0.29536 1592.288
1.535 0.22668 59.23382 1.43455 13.42736 0.32897 0.05185 0.32341 0.29577 1593.320
1.540 0.22657 59.34662 1.43657 13.44634 0.32876 0.05204 0.32303 0.29617 1594.353
1.545 0.22646 59.45976 1.43861 13.46536 0.32855 0.05222 0.32266 0.29657 1595.390
1.550 0.22635 59.57324 1.44064 13.48443 0.32834 0.05240 0.32228 0.29698 1596.428
1.555 0.22624 59.68706 1.44269 13.50356 0.32813 0.05259 0.32190 0.29738 1597.468
1.560 0.22613 59.80124 1.44474 13.52274 0.32792 0.05277 0.32153 0.29778 1598.510
1.565 0.22602 59.91575 1.44679 13.54196 0.32771 0.05296 0.32115 0.29819 1599.555
1.570 0.22591 60.03062 1.44885 13.56124 0.32750 0.05314 0.32077 0.29859 1600.602
1.575 0.22579 60.14584 1.45092 13.58057 0.32728 0.05333 0.32039 0.29900 1601.651
1.580 0.22568 60.26141 1.45299 13.59995 0.32707 0.05351 0.32002 0.29940 1602.702
1.585 0.22557 60.37733 1.45506 13.61939 0.32686 0.05370 0.31964 0.29980 1603.755
1.590 0.22546 60.49360 1.45714 13.63888 0.32664 0.05389 0.31926 0.30021 1604.811
1.595 0.22535 60.61023 1.45923 13.65841 0.32643 0.05408 0.31888 0.30061 1605.868
1.600 0.22524 60.72722 1.46133 13.67800 0.32621 0.05427 0.31851 0.30101 1606.928
1.605 0.22513 60.84456 1.46342 13.69765 0.32600 0.05446 0.31813 0.30142 1607.990
1.610 0.22501 60.96227 1.46553 13.71734 0.32578 0.05465 0.31775 0.30182 1609.054
1.615 0.22490 61.08034 1.46764 13.73709 0.32557 0.05484 0.31737 0.30222 1610.121
1.620 0.22479 61.19877 1.46975 13.75690 0.32535 0.05503 0.31699 0.30263 1611.189
1.625 0.22468 61.31756 1.47188 13.77675 0.32513 0.05522 0.31661 0.30303 1612.260
1.630 0.22457 61.43672 1.47400 13.79666 0.32491 0.05541 0.31624 0.30343 1613.333
1.635 0.22446 61.55625 1.47614 13.81663 0.32470 0.05561 0.31586 0.30384 1614.409
1.640 0.22434 61.67614 1.47827 13.83664 0.32448 0.05580 0.31548 0.30424 1615.486
1.645 0.22423 61.79641 1.48042 13.85672 0.32426 0.05600 0.31510 0.30465 1616.566
1.650 0.22412 61.91705 1.48257 13.87684 0.32404 0.05619 0.31472 0.30505 1617.648
1.655 0.22401 62.03806 1.48472 13.89702 0.32382 0.05639 0.31434 0.30545 1618.733
1.660 0.22390 62.15944 1.48689 13.91726 0.32360 0.05658 0.31396 0.30586 1619.819
1.665 0.22378 62.28121 1.48905 13.93755 0.32338 0.05678 0.31358 0.30626 1620.908
1.670 0.22367 62.40335 1.49123 13.95789 0.32316 0.05698 0.31320 0.30666 1622.000
1.675 0.22356 62.52587 1.49341 13.97829 0.32294 0.05717 0.31282 0.30707 1623.093
1.680 0.22345 62.64877 1.49559 13.99875 0.32272 0.05737 0.31244 0.30747 1624.189
1.685 0.22334 62.77205 1.49778 14.01926 0.32249 0.05757 0.31206 0.30787 1625.287
1.690 0.22322 62.89572 1.49998 14.03982 0.32227 0.05777 0.31168 0.30828 1626.388
1.695 0.22311 63.01977 1.50218 14.06045 0.32205 0.05797 0.31130 0.30868 1627.491
1.700 0.22300 63.14421 1.50439 14.08113 0.32182 0.05817 0.31092 0.30908 1628.596
1.705 0.22289 63.26904 1.50661 14.10186 0.32160 0.05837 0.31054 0.30949 1629.703
1.710 0.22277 63.39426 1.50883 14.12265 0.32138 0.05857 0.31016 0.30989 1630.813
1.715 0.22266 63.51987 1.51106 14.14350 0.32115 0.05878 0.30978 0.31029 1631.925
1.720 0.22255 63.64588 1.51329 14.16441 0.32092 0.05898 0.30940 0.31069 1633.040
1.725 0.22244 63.77228 1.51553 14.18537 0.32070 0.05918 0.30902 0.31110 1634.157
1.730 0.22233 63.89908 1.51778 14.20639 0.32047 0.05939 0.30864 0.31150 1635.276
1.735 0.22221 64.02628 1.52003 14.22747 0.32025 0.05959 0.30826 0.31190 1636.398
1.740 0.22210 64.15387 1.52229 14.24860 0.32002 0.05980 0.30788 0.31231 1637.522
1.745 0.22199 64.28187 1.52455 14.26980 0.31979 0.06000 0.30750 0.31271 1638.649
1.750 0.22188 64.41028 1.52682 14.29105 0.31956 0.06021 0.30711 0.31311 1639.778
1.755 0.22176 64.53908 1.52910 14.31236 0.31933 0.06042 0.30673 0.31351 1640.909
1.760 0.22165 64.66830 1.53138 14.33373 0.31911 0.06063 0.30635 0.31392 1642.043
1.765 0.22154 64.79792 1.53367 14.35515 0.31888 0.06083 0.30597 0.31432 1643.179
1.770 0.22142 64.92796 1.53597 14.37664 0.31865 0.06104 0.30559 0.31472 1644.318
1.775 0.22131 65.05841 1.53827 14.39819 0.31842 0.06125 0.30521 0.31512 1645.459
1.780 0.22120 65.18927 1.54058 14.41979 0.31819 0.06146 0.30483 0.31553 1646.603
1.785 0.22109 65.32054 1.54289 14.44146 0.31796 0.06167 0.30444 0.31593 1647.749
1.790 0.22097 65.45224 1.54521 14.46318 0.31772 0.06188 0.30406 0.31633 1648.897
1.795 0.22086 65.58435 1.54754 14.48496 0.31749 0.06210 0.30368 0.31673 1650.049
1.800 0.22075 65.71689 1.54987 14.50681 0.31726 0.06231 0.30330 0.31713 1651.202
1.805 0.22063 65.84984 1.55221 14.52871 0.31703 0.06252 0.30291 0.31754 1652.358
1.810 0.22052 65.98323 1.55456 14.55068 0.31679 0.06274 0.30253 0.31794 1653.517
1.815 0.22041 66.11703 1.55691 14.57270 0.31656 0.06295 0.30215 0.31834 1654.678
1.820 0.22029 66.25127 1.55927 14.59479 0.31633 0.06317 0.30177 0.31874 1655.841
1.825 0.22018 66.38594 1.56164 14.61694 0.31609 0.06338 0.30138 0.31914 1657.007
1.830 0.22007 66.52103 1.56401 14.63915 0.31586 0.06360 0.30100 0.31954 1658.176
1.835 0.21995 66.65657 1.56639 14.66142 0.31562 0.06381 0.30062 0.31994 1659.347
1.840 0.21984 66.79253 1.56878 14.68375 0.31539 0.06403 0.30024 0.32035 1660.521
1.845 0.21973 66.92894 1.57117 14.70615 0.31515 0.06425 0.29985 0.32075 1661.698
1.850 0.21961 67.06578 1.57357 14.72860 0.31491 0.06447 0.29947 0.32115 1662.876
1.855 0.21950 67.20306 1.57597 14.75112 0.31468 0.06469 0.29909 0.32155 1664.058
1.860 0.21939 67.34079 1.57839 14.77371 0.31444 0.06491 0.29870 0.32195 1665.242
1.865 0.21927 67.47896 1.58081 14.79635 0.31420 0.06513 0.29832 0.32235 1666.429
1.870 0.21916 67.61758 1.58323 14.81906 0.31396 0.06535 0.29794 0.32275 1667.618
1.875 0.21905 67.75665 1.58567 14.84183 0.31372 0.06557 0.29755 0.32315 1668.810
1.880 0.21893 67.89617 1.58811 14.86467 0.31349 0.06579 0.29717 0.32355 1670.005
1.885 0.21882 68.03614 1.59055 14.88757 0.31325 0.06602 0.29679 0.32395 1671.202
1.890 0.21870 68.17656 1.59301 14.91053 0.31301 0.06624 0.29640 0.32435 1672.402
1.895 0.21859 68.31744 1.59547 14.93356 0.31277 0.06647 0.29602 0.32475 1673.604
1.900 0.21848 68.45878 1.59793 14.95665 0.31252 0.06669 0.29563 0.32515 1674.809
1.905 0.21836 68.60058 1.60041 14.97981 0.31228 0.06692 0.29525 0.32555 1676.017
1.910 0.21825 68.74284 1.60289 15.00303 0.31204 0.06714 0.29487 0.32595 1677.228
1.915 0.21813 68.88556 1.60538 15.02632 0.31180 0.06737 0.29448 0.32635 1678.441
1.920 0.21802 69.02876 1.60787 15.04967 0.31156 0.06760 0.29410 0.32675 1679.657
1.925 0.21791 69.17242 1.61037 15.07309 0.31131 0.06783 0.29371 0.32715 1680.876
1.930 0.21779 69.31655 1.61288 15.09657 0.31107 0.06805 0.29333 0.32754 1682.097
1.935 0.21768 69.46115 1.61540 15.12013 0.31083 0.06828 0.29295 0.32794 1683.321
1.940 0.21756 69.60622 1.61792 15.14374 0.31058 0.06851 0.29256 0.32834 1684.548
1.945 0.21745 69.75178 1.62045 15.16742 0.31034 0.06874 0.29218 0.32874 1685.777
1.950 0.21733 69.89781 1.62299 15.19117 0.31009 0.06898 0.29179 0.32914 1687.010
1.955 0.21722 70.04432 1.62553 15.21499 0.30985 0.06921 0.29141 0.32954 1688.245
1.960 0.21710 70.19132 1.62809 15.23888 0.30960 0.06944 0.29102 0.32993 1689.483
1.965 0.21699 70.33879 1.63064 15.26283 0.30936 0.06967 0.29064 0.33033 1690.723
1.970 0.21688 70.48676 1.63321 15.28685 0.30911 0.06991 0.29025 0.33073 1691.967
1.975 0.21676 70.63522 1.63578 15.31093 0.30886 0.07014 0.28987 0.33113 1693.213
1.980 0.21665 70.78416 1.63836 15.33509 0.30862 0.07038 0.28948 0.33152 1694.462
1.985 0.21653 70.93360 1.64095 15.35931 0.30837 0.07061 0.28910 0.33192 1695.714
1.990 0.21642 71.08353 1.64355 15.38361 0.30812 0.07085 0.28871 0.33232 1696.968
1.995 0.21630 71.23397 1.64615 15.40797 0.30787 0.07109 0.28833 0.33271 1698.226
2.000 0.21619 71.38490 1.64876 15.43240 0.30762 0.07133 0.28794 0.33311 1699.486
2.005 0.21607 71.53633 1.65138 15.45690 0.30737 0.07156 0.28756 0.33351 1700.749
2.010 0.21596 71.68827 1.65400 15.48147 0.30712 0.07180 0.28717 0.33390 1702.016
2.015 0.21584 71.84071 1.65664 15.50611 0.30687 0.07204 0.28679 0.33430 1703.285
2.020 0.21572 71.99366 1.65928 15.53082 0.30662 0.07228 0.28640 0.33469 1704.556
2.025 0.21561 72.14713 1.66192 15.55560 0.30637 0.07252 0.28602 0.33509 1705.831
2.030 0.21549 72.30110 1.66458 15.58045 0.30612 0.07277 0.28563 0.33548 1707.109
2.035 0.21538 72.45560 1.66724 15.60537 0.30587 0.07301 0.28524 0.33588 1708.389
2.040 0.21526 72.61060 1.66991 15.63037 0.30561 0.07325 0.28486 0.33627 1709.673
2.045 0.21515 72.76613 1.67259 15.65543 0.30536 0.07350 0.28447 0.33667 1710.959
2.050 0.21503 72.92218 1.67527 15.68057 0.30511 0.07374 0.28409 0.33706 1712.249
2.055 0.21492 73.07876 1.67797 15.70577 0.30485 0.07399 0.28370 0.33746 1713.541
2.060 0.21480 73.23586 1.68067 15.73105 0.30460 0.07423 0.28332 0.33785 1714.837
2.065 0.21468 73.39349 1.68338 15.75641 0.30435 0.07448 0.28293 0.33824 1716.135
2.070 0.21457 73.55166 1.68609 15.78183 0.30409 0.07473 0.28254 0.33864 1717.436
2.075 0.21445 73.71035 1.68882 15.80733 0.30384 0.07497 0.28216 0.33903 1718.740
2.080 0.21434 73.86959 1.69155 15.83290 0.30358 0.07522 0.28177 0.33942 1720.048
2.085 0.21422 74.02936 1.69429 15.85855 0.30333 0.07547 0.28139 0.33982 1721.358
2.090 0.21410 74.18967 1.69704 15.88426 0.30307 0.07572 0.28100 0.34021 1722.671
2.095 0.21399 74.35052 1.69979 15.91006 0.30281 0.07597 0.28061 0.34060 1723.988
2.100 0.21387 74.51193 1.70256 15.93592 0.30256 0.07622 0.28023 0.34099 1725.307
2.105 0.21375 74.67388 1.70533 15.96186 0.30230 0.07647 0.27984 0.34139 1726.630
2.110 0.21364 74.83638 1.70811 15.98788 0.30204 0.07673 0.27946 0.34178 1727.955
2.115 0.21352 74.99943 1.71089 16.01397 0.30178 0.07698 0.27907 0.34217 1729.284
2.120 0.21340 75.16304 1.71369 16.04014 0.30152 0.07723 0.27868 0.34256 1730.616
2.125 0.21329 75.32721 1.71649 16.06638 0.30126 0.07749 0.27830 0.34295 1731.951
2.130 0.21317 75.49194 1.71930 16.09269 0.30100 0.07774 0.27791 0.34334 1733.289
2.135 0.21305 75.65723 1.72212 16.11909 0.30074 0.07800 0.27752 0.34373 1734.630
2.140 0.21294 75.82309 1.72495 16.14556 0.30048 0.07826 0.27714 0.34412 1735.974
2.145 0.21282 75.98951 1.72779 16.17210 0.30022 0.07851 0.27675 0.34451 1737.322
2.150 0.21270 76.15651 1.73063 16.19873 0.29996 0.07877 0.27637 0.34490 1738.672
2.155 0.21259 76.32408 1.73349 16.22543 0.29970 0.07903 0.27598 0.34529 1740.026
2.160 0.21247 76.49222 1.73635 16.25221 0.29944 0.07929 0.27559 0.34568 1741.383
2.165 0.21235 76.66095 1.73922 16.27906 0.29918 0.07955 0.27521 0.34607 1742.743
2.170 0.21223 76.83026 1.74209 16.30599 0.29891 0.07981 0.27482 0.34646 1744.107
2.175 0.21212 77.00015 1.74498 16.33301 0.29865 0.08007 0.27443 0.34685 1745.473
2.180 0.21200 77.17062 1.74787 16.36010 0.29839 0.08033 0.27405 0.34723 1746.843
2.185 0.21188 77.34169 1.75078 16.38727 0.29812 0.08060 0.27366 0.34762 1748.216
2.190 0.21176 77.51335 1.75369 16.41451 0.29786 0.08086 0.27327 0.34801 1749.592
2.195 0.21165 77.68560 1.75661 16.44184 0.29760 0.08112 0.27289 0.34840 1750.972
2.200 0.21153 77.85845 1.75954 16.46925 0.29733 0.08139 0.27250 0.34878 1752.355
2.205 0.21141 78.03190 1.76247 16.49674 0.29707 0.08165 0.27211 0.34917 1753.741
2.210 0.21129 78.20595 1.76542 16.52430 0.29680 0.08192 0.27173 0.34955 1755.130
2.215 0.21117 78.38061 1.76837 16.55195 0.29653 0.08219 0.27134 0.34994 1756.523
2.220 0.21106 78.55588 1.77133 16.57968 0.29627 0.08245 0.27095 0.35033 1757.919
2.225 0.21094 78.73175 1.77430 16.60749 0.29600 0.08272 0.27057 0.35071 1759.318
2.230 0.21082 78.90825 1.77728 16.63538 0.29573 0.08299 0.27018 0.35110 1760.721
2.235 0.21070 79.08535 1.78027 16.66336 0.29547 0.08326 0.26979 0.35148 1762.127
2.240 0.21058 79.26308 1.78327 16.69141 0.29520 0.08353 0.26941 0.35187 1763.537
2.245 0.21046 79.44143 1.78628 16.71955 0.29493 0.08380 0.26902 0.35225 1764.950
2.250 0.21035 79.62041 1.78929 16.74777 0.29466 0.08408 0.26863 0.35263 1766.366
2.255 0.21023 79.80001 1.79232 16.77607 0.29439 0.08435 0.26824 0.35302 1767.785
2.260 0.21011 79.98025 1.79535 16.80446 0.29412 0.08462 0.26786 0.35340 1769.209
2.265 0.20999 80.16112 1.79839 16.83293 0.29385 0.08489 0.26747 0.35378 1770.635
2.270 0.20987 80.34262 1.80144 16.86148 0.29358 0.08517 0.26708 0.35416 1772.065
2.275 0.20975 80.52477 1.80450 16.89012 0.29331 0.08544 0.26670 0.35455 1773.498
2.280 0.20963 80.70756 1.80757 16.91884 0.29304 0.08572 0.26631 0.35493 1774.935
2.285 0.20951 80.89100 1.81065 16.94765 0.29277 0.08600 0.26592 0.35531 1776.376
2.290 0.20939 81.07508 1.81373 16.97654 0.29250 0.08628 0.26554 0.35569 1777.820
2.295 0.20927 81.25982 1.81683 17.00552 0.29223 0.08655 0.26515 0.35607 1779.267
2.300 0.20915 81.44521 1.81993 17.03458 0.29195 0.08683 0.26476 0.35645 1780.718
2.305 0.20903 81.63125 1.82305 17.06373 0.29168 0.08711 0.26438 0.35683 1782.172
2.310 0.20891 81.81796 1.82617 17.09296 0.29141 0.08739 0.26399 0.35721 1783.630
2.315 0.20879 82.00534 1.82930 17.12228 0.29113 0.08767 0.26360 0.35759 1785.092
2.320 0.20867 82.19338 1.83245 17.15169 0.29086 0.08796 0.26322 0.35797 1786.557
2.325 0.20855 82.38209 1.83560 17.18118 0.29059 0.08824 0.26283 0.35835 1788.026
2.330 0.20843 82.57148 1.83876 17.21077 0.29031 0.08852 0.26244 0.35873 1789.498
2.335 0.20831 82.76154 1.84193 17.24044 0.29004 0.08881 0.26206 0.35910 1790.974
2.340 0.20819 82.95228 1.84511 17.27019 0.28976 0.08909 0.26167 0.35948 1792.453
2.345 0.20807 83.14371 1.84829 17.30004 0.28949 0.08938 0.26128 0.35986 1793.936
2.350 0.20795 83.33582 1.85149 17.32998 0.28921 0.08966 0.26089 0.36023 1795.423
2.355 0.20783 83.52862 1.85470 17.36000 0.28893 0.08995 0.26051 0.36061 1796.914
2.360 0.20771 83.72211 1.85792 17.39011 0.28866 0.09024 0.26012 0.36099 1798.408
2.365 0.20759 83.91630 1.86115 17.42032 0.28838 0.09052 0.25973 0.36136 1799.906
2.370 0.20747 84.11119 1.86438 17.45061 0.28810 0.09081 0.25935 0.36174 1801.407
2.375 0.20735 84.30678 1.86763 17.48100 0.28782 0.09110 0.25896 0.36211 1802.913
2.380 0.20723 84.50308 1.87088 17.51147 0.28755 0.09139 0.25857 0.36249 1804.422
2.385 0.20711 84.70009 1.87415 17.54204 0.28727 0.09168 0.25819 0.36286 1805.935
2.390 0.20699 84.89781 1.87742 17.57269 0.28699 0.09198 0.25780 0.36323 1807.451
2.395 0.20687 85.09625 1.88071 17.60344 0.28671 0.09227 0.25741 0.36361 1808.971
2.400 0.20674 85.29540 1.88400 17.63428 0.28643 0.09256 0.25703 0.36398 1810.496
2.405 0.20662 85.49528 1.88731 17.66521 0.28615 0.09286 0.25664 0.36435 1812.023
2.410 0.20650 85.69589 1.89062 17.69624 0.28587 0.09315 0.25626 0.36472 1813.555
2.415 0.20638 85.89722 1.89395 17.72736 0.28559 0.09345 0.25587 0.36510 1815.091
2.420 0.20626 86.09929 1.89728 17.75857 0.28531 0.09374 0.25548 0.36547 1816.630
2.425 0.20613 86.30209 1.90063 17.78988 0.28503 0.09404 0.25510 0.36584 1818.173
2.430 0.20601 86.50564 1.90398 17.82127 0.28475 0.09434 0.25471 0.36621 1819.721
2.435 0.20589 86.70993 1.90735 17.85277 0.28446 0.09464 0.25432 0.36658 1821.272
2.440 0.20577 86.91497 1.91072 17.88436 0.28418 0.09494 0.25394 0.36695 1822.827
2.445 0.20565 87.12076 1.91411 17.91604 0.28390 0.09524 0.25355 0.36732 1824.386
2.450 0.20552 87.32730 1.91750 17.94782 0.28362 0.09554 0.25316 0.36768 1825.948
2.455 0.20540 87.53460 1.92091 17.97969 0.28333 0.09584 0.25278 0.36805 1827.515
