timeGa Urey Qt heat/H0 heatTW 1HPE 2HPE 3HPE 4HPE TempC
0.000 0.40000 36.00000 1.00000 14.40000 0.37200 0.01640 0.43000 0.18100 1351.850
0.005 0.40015 36.00000 1.00038 14.40545 0.37215 0.01647 0.42994 0.18143 1352.336
0.010 0.39998 36.05081 1.00136 14.41958 0.37207 0.01654 0.42963 0.18176 1352.824
0.015 0.39981 36.10175 1.00234 14.43373 0.37199 0.01661 0.42931 0.18209 1353.312
0.020 0.39963 36.15282 1.00333 14.44792 0.37192 0.01667 0.42900 0.18241 1353.801
0.025 0.39946 36.20402 1.00431 14.46213 0.37184 0.01674 0.42868 0.18274 1354.290
0.030 0.39929 36.25536 1.00530 14.47637 0.37176 0.01680 0.42837 0.18307 1354.781
0.035 0.39912 36.30683 1.00629 14.49064 0.37168 0.01687 0.42805 0.18340 1355.272
0.040 0.39894 36.35843 1.00729 14.50495 0.37161 0.01694 0.42773 0.18372 1355.765
0.045 0.39877 36.41017 1.00828 14.51928 0.37153 0.01700 0.42742 0.18405 1356.258
0.050 0.39860 36.46204 1.00928 14.53364 0.37145 0.01707 0.42710 0.18438 1356.752
0.055 0.39842 36.51405 1.01028 14.54804 0.37137 0.01714 0.42678 0.18471 1357.247
0.060 0.39825 36.56619 1.01128 14.56246 0.37129 0.01720 0.42647 0.18504 1357.742
0.065 0.39808 36.61847 1.01229 14.57691 0.37121 0.01727 0.42615 0.18537 1358.239
0.070 0.39790 36.67089 1.01329 14.59140 0.37113 0.01734 0.42583 0.18570 1358.736
0.075 0.39773 36.72344 1.01430 14.60591 0.37104 0.01741 0.42551 0.18603 1359.234
0.080 0.39755 36.77613 1.01531 14.62046 0.37096 0.01748 0.42520 0.18636 1359.733
0.085 0.39738 36.82896 1.01632 14.63504 0.37088 0.01755 0.42488 0.18670 1360.233
0.090 0.39720 36.88193 1.01734 14.64965 0.37080 0.01761 0.42456 0.18703 1360.734
0.095 0.39703 36.93504 1.01835 14.66428 0.37071 0.01768 0.42424 0.18736 1361.236
0.100 0.39685 36.98829 1.01937 14.67895 0.37063 0.01775 0.42392 0.18769 1361.738
0.105 0.39668 37.04168 1.02039 14.69366 0.37055 0.01782 0.42360 0.18803 1362.242
0.110 0.39650 37.09521 1.02142 14.70839 0.37046 0.01789 0.42328 0.18836 1362.746
0.115 0.39633 37.14888 1.02244 14.72315 0.37038 0.01796 0.42296 0.18869 1363.251
0.120 0.39615 37.20270 1.02347 14.73795 0.37029 0.01803 0.42264 0.18903 1363.757
0.125 0.39598 37.25665 1.02450 14.75277 0.37021 0.01811 0.42232 0.18936 1364.264
0.130 0.39580 37.31075 1.02553 14.76763 0.37012 0.01818 0.42200 0.18970 1364.772
0.135 0.39562 37.36499 1.02656 14.78252 0.37004 0.01825 0.42168 0.19003 1365.281
0.140 0.39545 37.41938 1.02760 14.79744 0.36995 0.01832 0.42136 0.19037 1365.790
0.145 0.39527 37.47391 1.02864 14.81240 0.36986 0.01839 0.42104 0.19071 1366.301
0.150 0.39510 37.52859 1.02968 14.82738 0.36978 0.01846 0.42072 0.19104 1366.812
0.155 0.39492 37.58341 1.03072 14.84240 0.36969 0.01854 0.42040 0.19138 1367.324
0.160 0.39474 37.63838 1.03177 14.85745 0.36960 0.01861 0.42007 0.19172 1367.837
0.165 0.39457 37.69349 1.03281 14.87254 0.36951 0.01868 0.41975 0.19206 1368.351
0.170 0.39439 37.74876 1.03386 14.88765 0.36942 0.01875 0.41943 0.19239 1368.866
0.175 0.39421 37.80417 1.03492 14.90280 0.36933 0.01883 0.41911 0.19273 1369.382
0.180 0.39403 37.85973 1.03597 14.91798 0.36924 0.01890 0.41878 0.19307 1369.899
0.185 0.39386 37.91544 1.03703 14.93319 0.36915 0.01898 0.41846 0.19341 1370.417
0.190 0.39368 37.97130 1.03809 14.94844 0.36906 0.01905 0.41814 0.19375 1370.935
0.195 0.39350 38.02731 1.03915 14.96372 0.36897 0.01912 0.41781 0.19409 1371.455
0.200 0.39332 38.08346 1.04021 14.97903 0.36888 0.01920 0.41749 0.19443 1371.975
0.205 0.39314 38.13978 1.04128 14.99437 0.36879 0.01927 0.41717 0.19477 1372.497
0.210 0.39296 38.19624 1.04234 15.00975 0.36870 0.01935 0.41684 0.19511 1373.019
0.215 0.39279 38.25285 1.04341 15.02516 0.36860 0.01942 0.41652 0.19545 1373.542
0.220 0.39261 38.30962 1.04449 15.04061 0.36851 0.01950 0.41619 0.19580 1374.066
0.225 0.39243 38.36655 1.04556 15.05608 0.36842 0.01958 0.41587 0.19614 1374.591
0.230 0.39225 38.42362 1.04664 15.07160 0.36832 0.01965 0.41554 0.19648 1375.117
0.235 0.39207 38.48085 1.04772 15.08714 0.36823 0.01973 0.41522 0.19682 1375.644
0.240 0.39189 38.53824 1.04880 15.10272 0.36813 0.01981 0.41489 0.19717 1376.172
0.245 0.39171 38.59578 1.04988 15.11833 0.36804 0.01988 0.41457 0.19751 1376.701
0.250 0.39153 38.65348 1.05097 15.13398 0.36794 0.01996 0.41424 0.19785 1377.231
0.255 0.39135 38.71134 1.05206 15.14966 0.36785 0.02004 0.41391 0.19820 1377.762
0.260 0.39117 38.76936 1.05315 15.16538 0.36775 0.02012 0.41359 0.19854 1378.293
0.265 0.39099 38.82753 1.05424 15.18113 0.36765 0.02020 0.41326 0.19889 1378.826
0.270 0.39081 38.88586 1.05534 15.19691 0.36756 0.02027 0.41293 0.19923 1379.360
0.275 0.39063 38.94436 1.05644 15.21273 0.36746 0.02035 0.41261 0.19958 1379.894
0.280 0.39045 39.00301 1.05754 15.22858 0.36736 0.02043 0.41228 0.19993 1380.430
0.285 0.39027 39.06182 1.05864 15.24447 0.36726 0.02051 0.41195 0.20027 1380.966
0.290 0.39008 39.12080 1.05975 15.26040 0.36716 0.02059 0.41162 0.20062 1381.504
0.295 0.38990 39.17994 1.06086 15.27635 0.36707 0.02067 0.41129 0.20097 1382.042
0.300 0.38972 39.23924 1.06197 15.29235 0.36697 0.02075 0.41097 0.20132 1382.582
0.305 0.38954 39.29870 1.06308 15.30837 0.36687 0.02083 0.41064 0.20166 1383.122
0.310 0.38936 39.35833 1.06420 15.32444 0.36677 0.02091 0.41031 0.20201 1383.663
0.315 0.38917 39.41812 1.06532 15.34054 0.36666 0.02100 0.40998 0.20236 1384.206
0.320 0.38899 39.47808 1.06644 15.35667 0.36656 0.02108 0.40965 0.20271 1384.749
0.325 0.38881 39.53821 1.06756 15.37284 0.36646 0.02116 0.40932 0.20306 1385.293
0.330 0.38863 39.59850 1.06868 15.38905 0.36636 0.02124 0.40899 0.20341 1385.839
0.335 0.38844 39.65896 1.06981 15.40529 0.36626 0.02132 0.40866 0.20376 1386.385
0.340 0.38826 39.71958 1.07094 15.42157 0.36615 0.02141 0.40833 0.20411 1386.932
0.345 0.38808 39.78038 1.07207 15.43788 0.36605 0.02149 0.40800 0.20446 1387.481
0.350 0.38789 39.84135 1.07321 15.45423 0.36595 0.02157 0.40767 0.20481 1388.030
0.355 0.38771 39.90248 1.07435 15.47061 0.36584 0.02166 0.40734 0.20516 1388.580
0.360 0.38753 39.96379 1.07549 15.48704 0.36574 0.02174 0.40701 0.20552 1389.132
0.365 0.38734 40.02526 1.07663 15.50349 0.36563 0.02182 0.40668 0.20587 1389.684
0.370 0.38716 40.08691 1.07778 15.51999 0.36553 0.02191 0.40634 0.20622 1390.238
0.375 0.38697 40.14873 1.07893 15.53652 0.36542 0.02199 0.40601 0.20657 1390.792
0.380 0.38679 40.21073 1.08008 15.55309 0.36532 0.02208 0.40568 0.20693 1391.347
0.385 0.38660 40.27290 1.08123 15.56970 0.36521 0.02216 0.40535 0.20728 1391.904
0.390 0.38642 40.33524 1.08238 15.58634 0.36510 0.02225 0.40501 0.20763 1392.461
0.395 0.38623 40.39776 1.08354 15.60302 0.36499 0.02233 0.40468 0.20799 1393.020
0.400 0.38605 40.46046 1.08470 15.61974 0.36489 0.02242 0.40435 0.20834 1393.579
0.405 0.38586 40.52333 1.08587 15.63649 0.36478 0.02251 0.40402 0.20870 1394.140
0.410 0.38568 40.58638 1.08703 15.65328 0.36467 0.02259 0.40368 0.20905 1394.702
0.415 0.38549 40.64961 1.08820 15.67011 0.36456 0.02268 0.40335 0.20941 1395.264
0.420 0.38531 40.71302 1.08937 15.68698 0.36445 0.02277 0.40301 0.20977 1395.828
0.425 0.38512 40.77661 1.09055 15.70388 0.36434 0.02286 0.40268 0.21012 1396.393
0.430 0.38493 40.84037 1.09172 15.72083 0.36423 0.02294 0.40235 0.21048 1396.959
0.435 0.38475 40.90432 1.09290 15.73781 0.36412 0.02303 0.40201 0.21084 1397.526
0.440 0.38456 40.96845 1.09409 15.75483 0.36401 0.02312 0.40168 0.21119 1398.094
0.445 0.38437 41.03277 1.09527 15.77188 0.36390 0.02321 0.40134 0.21155 1398.663
0.450 0.38419 41.09726 1.09646 15.78898 0.36378 0.02330 0.40101 0.21191 1399.233
0.455 0.38400 41.16195 1.09765 15.80611 0.36367 0.02339 0.40067 0.21227 1399.804
0.460 0.38381 41.22681 1.09884 15.82329 0.36356 0.02348 0.40033 0.21263 1400.376
0.465 0.38362 41.29186 1.10003 15.84050 0.36344 0.02357 0.40000 0.21299 1400.949
0.470 0.38343 41.35710 1.10123 15.85775 0.36333 0.02366 0.39966 0.21335 1401.524
0.475 0.38325 41.42253 1.10243 15.87504 0.36322 0.02375 0.39933 0.21371 1402.099
0.480 0.38306 41.48814 1.10364 15.89237 0.36310 0.02384 0.39899 0.21407 1402.676
0.485 0.38287 41.55394 1.10484 15.90973 0.36299 0.02393 0.39865 0.21443 1403.253
0.490 0.38268 41.61993 1.10605 15.92714 0.36287 0.02403 0.39832 0.21479 1403.832
0.495 0.38249 41.68611 1.10726 15.94459 0.36275 0.02412 0.39798 0.21515 1404.412
0.500 0.38230 41.75249 1.10848 15.96207 0.36264 0.02421 0.39764 0.21551 1404.993
0.505 0.38211 41.81905 1.10969 15.97960 0.36252 0.02430 0.39730 0.21587 1405.575
0.510 0.38192 41.88581 1.11091 15.99717 0.36240 0.02440 0.39696 0.21623 1406.158
0.515 0.38173 41.95276 1.11214 16.01477 0.36229 0.02449 0.39663 0.21660 1406.742
0.520 0.38154 42.01990 1.11336 16.03242 0.36217 0.02458 0.39629 0.21696 1407.328
0.525 0.38135 42.08724 1.11459 16.05011 0.36205 0.02468 0.39595 0.21732 1407.914
0.530 0.38116 42.15477 1.11582 16.06783 0.36193 0.02477 0.39561 0.21769 1408.502
0.535 0.38097 42.22250 1.11706 16.08560 0.36181 0.02487 0.39527 0.21805 1409.091
0.540 0.38078 42.29043 1.11829 16.10341 0.36169 0.02496 0.39493 0.21841 1409.681
0.545 0.38059 42.35856 1.11953 16.12125 0.36157 0.02506 0.39459 0.21878 1410.272
0.550 0.38040 42.42688 1.12077 16.13914 0.36145 0.02515 0.39425 0.21914 1410.864
0.555 0.38021 42.49541 1.12202 16.15707 0.36133 0.02525 0.39391 0.21951 1411.457
0.560 0.38002 42.56413 1.12327 16.17505 0.36121 0.02535 0.39357 0.21987 1412.052
0.565 0.37982 42.63306 1.12452 16.19306 0.36109 0.02544 0.39323 0.22024 1412.647
0.570 0.37963 42.70219 1.12577 16.21111 0.36096 0.02554 0.39289 0.22061 1413.244
0.575 0.37944 42.77152 1.12703 16.22921 0.36084 0.02564 0.39255 0.22097 1413.842
0.580 0.37925 42.84106 1.12829 16.24734 0.36072 0.02574 0.39221 0.22134 1414.441
0.585 0.37905 42.91080 1.12955 16.26552 0.36059 0.02583 0.39187 0.22171 1415.041
0.590 0.37886 42.98074 1.13082 16.28374 0.36047 0.02593 0.39153 0.22207 1415.642
0.595 0.37867 43.05090 1.13208 16.30201 0.36034 0.02603 0.39118 0.22244 1416.245
0.600 0.37847 43.12126 1.13335 16.32031 0.36022 0.02613 0.39084 0.22281 1416.849
0.605 0.37828 43.19183 1.13463 16.33866 0.36009 0.02623 0.39050 0.22318 1417.453
0.610 0.37809 43.26260 1.13591 16.35705 0.35997 0.02633 0.39016 0.22355 1418.060
0.615 0.37789 43.33359 1.13719 16.37548 0.35984 0.02643 0.38981 0.22391 1418.667
0.620 0.37770 43.40479 1.13847 16.39395 0.35971 0.02653 0.38947 0.22428 1419.275
0.625 0.37750 43.47620 1.13976 16.41247 0.35959 0.02663 0.38913 0.22465 1419.885
0.630 0.37731 43.54782 1.14104 16.43103 0.35946 0.02673 0.38879 0.22502 1420.496
0.635 0.37712 43.61966 1.14234 16.44964 0.35933 0.02683 0.38844 0.22539 1421.108
0.640 0.37692 43.69171 1.14363 16.46828 0.35920 0.02694 0.38810 0.22576 1421.721
0.645 0.37672 43.76398 1.14493 16.48697 0.35907 0.02704 0.38775 0.22613 1422.335
0.650 0.37653 43.83646 1.14623 16.50571 0.35894 0.02714 0.38741 0.22651 1422.951
0.655 0.37633 43.90916 1.14753 16.52448 0.35881 0.02724 0.38707 0.22688 1423.568
0.660 0.37614 43.98207 1.14884 16.54330 0.35868 0.02735 0.38672 0.22725 1424.186
0.665 0.37594 44.05521 1.15015 16.56217 0.35855 0.02745 0.38638 0.22762 1424.805
0.670 0.37574 44.12857 1.15146 16.58108 0.35842 0.02756 0.38603 0.22799 1425.426
0.675 0.37555 44.20214 1.15278 16.60003 0.35829 0.02766 0.38569 0.22837 1426.048
0.680 0.37535 44.27594 1.15410 16.61903 0.35816 0.02776 0.38534 0.22874 1426.671
0.685 0.37515 44.34996 1.15542 16.63807 0.35803 0.02787 0.38499 0.22911 1427.295
0.690 0.37496 44.42421 1.15675 16.65716 0.35789 0.02798 0.38465 0.22948 1427.920
0.695 0.37476 44.49868 1.15808 16.67629 0.35776 0.02808 0.38430 0.22986 1428.547
0.700 0.37456 44.57337 1.15941 16.69546 0.35763 0.02819 0.38396 0.23023 1429.175
0.705 0.37436 44.64830 1.16074 16.71468 0.35749 0.02829 0.38361 0.23061 1429.804
0.710 0.37417 44.72345 1.16208 16.73395 0.35736 0.02840 0.38326 0.23098 1430.435
0.715 0.37397 44.79882 1.16342 16.75326 0.35722 0.02851 0.38292 0.23136 1431.066
0.720 0.37377 44.87443 1.16477 16.77262 0.35709 0.02862 0.38257 0.23173 1431.699
0.725 0.37357 44.95027 1.16611 16.79202 0.35695 0.02872 0.38222 0.23211 1432.334
0.730 0.37337 45.02634 1.16746 16.81147 0.35681 0.02883 0.38187 0.23248 1432.969
0.735 0.37317 45.10264 1.16882 16.83096 0.35668 0.02894 0.38152 0.23286 1433.606
0.740 0.37297 45.17918 1.17017 16.85050 0.35654 0.02905 0.38118 0.23323 1434.244
0.745 0.37277 45.25595 1.17153 16.87009 0.35640 0.02916 0.38083 0.23361 1434.884
0.750 0.37257 45.33295 1.17290 16.88972 0.35626 0.02927 0.38048 0.23399 1435.524
0.755 0.37237 45.41019 1.17426 16.90940 0.35612 0.02938 0.38013 0.23437 1436.166
0.760 0.37217 45.48767 1.17563 16.92912 0.35598 0.02949 0.37978 0.23474 1436.810
0.765 0.37197 45.56539 1.17701 16.94889 0.35584 0.02960 0.37943 0.23512 1437.454
0.770 0.37177 45.64335 1.17838 16.96871 0.35570 0.02971 0.37908 0.23550 1438.100
0.775 0.37157 45.72155 1.17976 16.98858 0.35556 0.02982 0.37873 0.23588 1438.747
0.780 0.37136 45.79999 1.18115 17.00849 0.35542 0.02994 0.37838 0.23626 1439.396
0.785 0.37116 45.87867 1.18253 17.02845 0.35528 0.03005 0.37803 0.23663 1440.046
0.790 0.37096 45.95760 1.18392 17.04846 0.35514 0.03016 0.37768 0.23701 1440.697
0.795 0.37076 46.03677 1.18531 17.06851 0.35500 0.03028 0.37733 0.23739 1441.350
0.800 0.37056 46.11618 1.18671 17.08862 0.35486 0.03039 0.37698 0.23777 1442.003
0.805 0.37035 46.19585 1.18811 17.10877 0.35471 0.03050 0.37663 0.23815 1442.659
0.810 0.37015 46.27576 1.18951 17.12897 0.35457 0.03062 0.37628 0.23853 1443.315
0.815 0.36995 46.35592 1.19092 17.14921 0.35442 0.03073 0.37593 0.23891 1443.973
0.820 0.36974 46.43634 1.19233 17.16951 0.35428 0.03085 0.37558 0.23929 1444.632
0.825 0.36954 46.51700 1.19374 17.18985 0.35413 0.03096 0.37523 0.23967 1445.293
0.830 0.36934 46.59791 1.19516 17.21025 0.35399 0.03108 0.37488 0.24006 1445.955
0.835 0.36913 46.67908 1.19658 17.23069 0.35384 0.03120 0.37452 0.24044 1446.618
0.840 0.36893 46.76051 1.19800 17.25118 0.35370 0.03131 0.37417 0.24082 1447.283
0.845 0.36872 46.84219 1.19942 17.27172 0.35355 0.03143 0.37382 0.24120 1447.949
0.850 0.36852 46.92413 1.20085 17.29231 0.35340 0.03155 0.37347 0.24158 1448.617
0.855 0.36831 47.00632 1.20229 17.31295 0.35326 0.03167 0.37311 0.24197 1449.285
0.860 0.36811 47.08878 1.20372 17.33364 0.35311 0.03178 0.37276 0.24235 1449.956
0.865 0.36790 47.17149 1.20516 17.35437 0.35296 0.03190 0.37241 0.24273 1450.627
0.870 0.36769 47.25447 1.20661 17.37516 0.35281 0.03202 0.37205 0.24311 1451.300
0.875 0.36749 47.33771 1.20806 17.39600 0.35266 0.03214 0.37170 0.24350 1451.975
0.880 0.36728 47.42121 1.20951 17.41689 0.35251 0.03226 0.37135 0.24388 1452.651
0.885 0.36707 47.50498 1.21096 17.43783 0.35236 0.03238 0.37099 0.24427 1453.328
0.890 0.36687 47.58902 1.21242 17.45882 0.35221 0.03250 0.37064 0.24465 1454.007
0.895 0.36666 47.67332 1.21388 17.47986 0.35206 0.03262 0.37028 0.24504 1454.687
0.900 0.36645 47.75789 1.21534 17.50095 0.35191 0.03275 0.36993 0.24542 1455.368
0.905 0.36624 47.84274 1.21681 17.52209 0.35175 0.03287 0.36957 0.24580 1456.051
0.910 0.36604 47.92785 1.21828 17.54328 0.35160 0.03299 0.36922 0.24619 1456.736
0.915 0.36583 48.01324 1.21976 17.56453 0.35145 0.03311 0.36886 0.24658 1457.422
0.920 0.36562 48.09889 1.22124 17.58582 0.35130 0.03324 0.36851 0.24696 1458.109
0.925 0.36541 48.18483 1.22272 17.60717 0.35114 0.03336 0.36815 0.24735 1458.798
0.930 0.36520 48.27104 1.22421 17.62857 0.35099 0.03348 0.36780 0.24773 1459.488
0.935 0.36499 48.35753 1.22570 17.65002 0.35083 0.03361 0.36744 0.24812 1460.180
0.940 0.36478 48.44429 1.22719 17.67153 0.35068 0.03373 0.36708 0.24851 1460.873
0.945 0.36457 48.53134 1.22869 17.69308 0.35052 0.03386 0.36673 0.24889 1461.568
0.950 0.36436 48.61867 1.23019 17.71469 0.35037 0.03398 0.36637 0.24928 1462.264
0.955 0.36415 48.70628 1.23169 17.73636 0.35021 0.03411 0.36601 0.24967 1462.961
0.960 0.36394 48.79417 1.23320 17.75807 0.35005 0.03424 0.36566 0.25006 1463.660
0.965 0.36373 48.88235 1.23471 17.77984 0.34989 0.03436 0.36530 0.25044 1464.361
0.970 0.36352 48.97082 1.23623 17.80166 0.34974 0.03449 0.36494 0.25083 1465.063
0.975 0.36330 49.05957 1.23775 17.82353 0.34958 0.03462 0.36458 0.25122 1465.767
0.980 0.36309 49.14861 1.23927 17.84546 0.34942 0.03475 0.36423 0.25161 1466.472
0.985 0.36288 49.23794 1.24079 17.86744 0.34926 0.03487 0.36387 0.25200 1467.179
0.990 0.36267 49.32757 1.24232 17.88948 0.34910 0.03500 0.36351 0.25239 1467.887
0.995 0.36245 49.41748 1.24386 17.91157 0.34894 0.03513 0.36315 0.25278 1468.596
1.000 0.36224 49.50770 1.24540 17.93371 0.34878 0.03526 0.36279 0.25317 1469.308
1.005 0.36203 49.59820 1.24694 17.95591 0.34862 0.03539 0.36243 0.25356 1470.020
1.010 0.36181 49.68901 1.24848 17.97817 0.34846 0.03552 0.36207 0.25394 1470.735
1.015 0.36160 49.78011 1.25003 18.00047 0.34829 0.03565 0.36172 0.25433 1471.451
1.020 0.36139 49.87151 1.25159 18.02284 0.34813 0.03579 0.36136 0.25473 1472.168
1.025 0.36117 49.96322 1.25314 18.04526 0.34797 0.03592 0.36100 0.25512 1472.887
1.030 0.36096 50.05523 1.25470 18.06773 0.34781 0.03605 0.36064 0.25551 1473.607
1.035 0.36074 50.14754 1.25627 18.09026 0.34764 0.03618 0.36028 0.25590 1474.330
1.040 0.36053 50.24015 1.25784 18.11284 0.34748 0.03632 0.35992 0.25629 1475.053
1.045 0.36031 50.33308 1.25941 18.13548 0.34731 0.03645 0.35956 0.25668 1475.779
1.050 0.36009 50.42631 1.26098 18.15818 0.34715 0.03659 0.35920 0.25707 1476.505
1.055 0.35988 50.51985 1.26256 18.18093 0.34698 0.03672 0.35883 0.25746 1477.234
1.060 0.35966 50.61370 1.26415 18.20374 0.34682 0.03685 0.35847 0.25786 1477.964
1.065 0.35944 50.70787 1.26574 18.22661 0.34665 0.03699 0.35811 0.25825 1478.696
1.070 0.35923 50.80235 1.26733 18.24953 0.34648 0.03713 0.35775 0.25864 1479.429
1.075 0.35901 50.89715 1.26892 18.27251 0.34632 0.03726 0.35739 0.25903 1480.164
1.080 0.35879 50.99226 1.27052 18.29555 0.34615 0.03740 0.35703 0.25942 1480.900
1.085 0.35857 51.08769 1.27213 18.31864 0.34598 0.03754 0.35667 0.25982 1481.638
1.090 0.35835 51.18344 1.27374 18.34179 0.34581 0.03767 0.35630 0.26021 1482.378
1.095 0.35814 51.27952 1.27535 18.36500 0.34564 0.03781 0.35594 0.26060 1483.120
1.100 0.35792 51.37591 1.27696 18.38827 0.34547 0.03795 0.35558 0.26100 1483.863
1.105 0.35770 51.47264 1.27858 18.41160 0.34530 0.03809 0.35522 0.26139 1484.607
1.110 0.35748 51.56968 1.28021 18.43498 0.34513 0.03823 0.35485 0.26179 1485.354
1.115 0.35726 51.66706 1.28183 18.45842 0.34496 0.03837 0.35449 0.26218 1486.102
1.120 0.35704 51.76477 1.28347 18.48193 0.34479 0.03851 0.35413 0.26257 1486.852
1.125 0.35682 51.86280 1.28510 18.50548 0.34462 0.03865 0.35377 0.26297 1487.603
1.130 0.35660 51.96117 1.28674 18.52910 0.34444 0.03879 0.35340 0.26336 1488.356
1.135 0.35637 52.05987 1.28839 18.55278 0.34427 0.03893 0.35304 0.26376 1489.111
1.140 0.35615 52.15891 1.29004 18.57652 0.34410 0.03908 0.35267 0.26415 1489.867
1.145 0.35593 52.25829 1.29169 18.60032 0.34392 0.03922 0.35231 0.26455 1490.625
1.150 0.35571 52.35801 1.29335 18.62417 0.34375 0.03936 0.35195 0.26494 1491.385
1.155 0.35549 52.45806 1.29501 18.64809 0.34357 0.03951 0.35158 0.26534 1492.147
1.160 0.35526 52.55846 1.29667 18.67207 0.34340 0.03965 0.35122 0.26573 1492.910
1.165 0.35504 52.65920 1.29834 18.69611 0.34322 0.03979 0.35085 0.26613 1493.675
1.170 0.35482 52.76029 1.30001 18.72021 0.34305 0.03994 0.35049 0.26653 1494.442
1.175 0.35459 52.86173 1.30169 18.74436 0.34287 0.04008 0.35012 0.26692 1495.211
1.180 0.35437 52.96351 1.30337 18.76858 0.34269 0.04023 0.34976 0.26732 1495.981
1.185 0.35414 53.06565 1.30506 18.79287 0.34252 0.04038 0.34939 0.26771 1496.753
1.190 0.35392 53.16814 1.30675 18.81721 0.34234 0.04052 0.34903 0.26811 1497.527
1.195 0.35369 53.27098 1.30845 18.84161 0.34216 0.04067 0.34866 0.26851 1498.302
1.200 0.35347 53.37418 1.31014 18.86608 0.34198 0.04082 0.34829 0.26891 1499.080
1.205 0.35324 53.47773 1.31185 18.89061 0.34180 0.04097 0.34793 0.26930 1499.859
1.210 0.35302 53.58165 1.31356 18.91520 0.34162 0.04112 0.34756 0.26970 1500.639
1.215 0.35279 53.68593 1.31527 18.93985 0.34144 0.04127 0.34720 0.27010 1501.422
1.220 0.35256 53.79057 1.31698 18.96457 0.34126 0.04141 0.34683 0.27049 1502.207
1.225 0.35234 53.89557 1.31870 18.98935 0.34108 0.04156 0.34646 0.27089 1502.993
1.230 0.35211 54.00094 1.32043 19.01419 0.34090 0.04172 0.34609 0.27129 1503.781
1.235 0.35188 54.10668 1.32216 19.03909 0.34072 0.04187 0.34573 0.27169 1504.571
1.240 0.35165 54.21279 1.32389 19.06406 0.34053 0.04202 0.34536 0.27209 1505.363
1.245 0.35142 54.31927 1.32563 19.08909 0.34035 0.04217 0.34499 0.27248 1506.156
1.250 0.35120 54.42612 1.32737 19.11419 0.34017 0.04232 0.34463 0.27288 1506.952
1.255 0.35097 54.53335 1.32912 19.13935 0.33998 0.04248 0.34426 0.27328 1507.749
1.260 0.35074 54.64096 1.33087 19.16457 0.33980 0.04263 0.34389 0.27368 1508.548
1.265 0.35051 54.74895 1.33263 19.18986 0.33962 0.04278 0.34352 0.27408 1509.349
1.270 0.35028 54.85732 1.33439 19.21521 0.33943 0.04294 0.34315 0.27448 1510.152
1.275 0.35005 54.96607 1.33616 19.24063 0.33925 0.04309 0.34278 0.27488 1510.957
1.280 0.34981 55.07520 1.33792 19.26612 0.33906 0.04325 0.34242 0.27528 1511.763
1.285 0.34958 55.18473 1.33970 19.29167 0.33887 0.04340 0.34205 0.27568 1512.572
1.290 0.34935 55.29464 1.34148 19.31728 0.33869 0.04356 0.34168 0.27608 1513.382
1.295 0.34912 55.40494 1.34326 19.34296 0.33850 0.04372 0.34131 0.27648 1514.195
1.300 0.34889 55.51564 1.34505 19.36871 0.33831 0.04388 0.34094 0.27688 1515.009
1.305 0.34865 55.62673 1.34684 19.39452 0.33812 0.04403 0.34057 0.27727 1515.825
1.310 0.34842 55.73822 1.34864 19.42040 0.33793 0.04419 0.34020 0.27767 1516.643
1.315 0.34819 55.85011 1.35044 19.44634 0.33774 0.04435 0.33983 0.27808 1517.463
1.320 0.34795 55.96239 1.35225 19.47236 0.33755 0.04451 0.33946 0.27848 1518.285
1.325 0.34772 56.07509 1.35406 19.49844 0.33736 0.04467 0.33909 0.27888 1519.109
1.330 0.34749 56.18818 1.35587 19.52458 0.33717 0.04483 0.33872 0.27928 1519.935
1.335 0.34725 56.30168 1.35769 19.55080 0.33698 0.04499 0.33835 0.27968 1520.763
1.340 0.34702 56.41559 1.35952 19.57708 0.33679 0.04515 0.33798 0.28008 1521.593
1.345 0.34678 56.52992 1.36135 19.60343 0.33660 0.04531 0.33761 0.28048 1522.424
1.350 0.34654 56.64465 1.36318 19.62985 0.33641 0.04548 0.33724 0.28088 1523.258
1.355 0.34631 56.75981 1.36502 19.65634 0.33621 0.04564 0.33687 0.28128 1524.094
1.360 0.34607 56.87537 1.36687 19.68289 0.33602 0.04580 0.33650 0.28168 1524.932
1.365 0.34583 56.99136 1.36872 19.70952 0.33583 0.04597 0.33612 0.28208 1525.771
1.370 0.34560 57.10777 1.37057 19.73621 0.33563 0.04613 0.33575 0.28248 1526.613
1.375 0.34536 57.22461 1.37243 19.76298 0.33544 0.04630 0.33538 0.28288 1527.457
1.380 0.34512 57.34187 1.37429 19.78981 0.33524 0.04646 0.33501 0.28329 1528.303
1.385 0.34488 57.45956 1.37616 19.81671 0.33505 0.04663 0.33464 0.28369 1529.151
1.390 0.34464 57.57767 1.37803 19.84369 0.33485 0.04679 0.33426 0.28409 1530.001
1.395 0.34440 57.69623 1.37991 19.87073 0.33465 0.04696 0.33389 0.28449 1530.853
1.400 0.34416 57.81521 1.38179 19.89784 0.33446 0.04713 0.33352 0.28489 1531.707
1.405 0.34392 57.93464 1.38368 19.92503 0.33426 0.04730 0.33315 0.28529 1532.563
1.410 0.34368 58.05450 1.38558 19.95229 0.33406 0.04747 0.33277 0.28570 1533.422
1.415 0.34344 58.17480 1.38747 19.97961 0.33386 0.04764 0.33240 0.28610 1534.282
1.420 0.34320 58.29555 1.38938 20.00701 0.33367 0.04780 0.33203 0.28650 1535.144
1.425 0.34296 58.41675 1.39128 20.03448 0.33347 0.04797 0.33166 0.28690 1536.009
1.430 0.34272 58.53839 1.39320 20.06202 0.33327 0.04815 0.33128 0.28731 1536.876
1.435 0.34247 58.66049 1.39511 20.08964 0.33307 0.04832 0.33091 0.28771 1537.745
1.440 0.34223 58.78304 1.39704 20.11733 0.33287 0.04849 0.33053 0.28811 1538.616
1.445 0.34199 58.90604 1.39896 20.14509 0.33267 0.04866 0.33016 0.28851 1539.489
1.450 0.34174 59.02951 1.40090 20.17292 0.33246 0.04883 0.32979 0.28892 1540.364
1.455 0.34150 59.15343 1.40284 20.20083 0.33226 0.04901 0.32941 0.28932 1541.241
1.460 0.34125 59.27782 1.40478 20.22880 0.33206 0.04918 0.32904 0.28972 1542.121
1.465 0.34101 59.40267 1.40673 20.25686 0.33186 0.04936 0.32866 0.29012 1543.003
1.470 0.34076 59.52799 1.40868 20.28499 0.33165 0.04953 0.32829 0.29053 1543.887
1.475 0.34052 59.65378 1.41064 20.31319 0.33145 0.04971 0.32792 0.29093 1544.773
1.480 0.34027 59.78004 1.41260 20.34146 0.33125 0.04988 0.32754 0.29133 1545.661
1.485 0.34003 59.90678 1.41457 20.36981 0.33104 0.05006 0.32717 0.29174 1546.552
1.490 0.33978 60.03400 1.41654 20.39824 0.33084 0.05023 0.32679 0.29214 1547.445
1.495 0.33953 60.16169 1.41852 20.42674 0.33063 0.05041 0.32642 0.29254 1548.340
1.500 0.33928 60.28987 1.42051 20.45532 0.33042 0.05059 0.32604 0.29294 1549.237
1.505 0.33903 60.41854 1.42250 20.48397 0.33022 0.05077 0.32566 0.29335 1550.137
1.510 0.33879 60.54769 1.42449 20.51270 0.33001 0.05095 0.32529 0.29375 1551.038
1.515 0.33854 60.67734 1.42649 20.54150 0.32980 0.05113 0.32491 0.29415 1551.943
1.520 0.33829 60.80748 1.42850 20.57038 0.32960 0.05131 0.32454 0.29456 1552.849
1.525 0.33804 60.93811 1.43051 20.59934 0.32939 0.05149 0.32416 0.29496 1553.758
1.530 0.33779 61.06924 1.43253 20.62837 0.32918 0.05167 0.32379 0.29536 1554.669
1.535 0.33754 61.20088 1.43455 20.65748 0.32897 0.05185 0.32341 0.29577 1555.582
1.540 0.33728 61.33302 1.43657 20.68667 0.32876 0.05204 0.32303 0.29617 1556.497
1.545 0.33703 61.46566 1.43861 20.71594 0.32855 0.05222 0.32266 0.29657 1557.415
1.550 0.33678 61.59882 1.44064 20.74528 0.32834 0.05240 0.32228 0.29698 1558.336
1.555 0.33653 61.73248 1.44269 20.77471 0.32813 0.05259 0.32190 0.29738 1559.258
1.560 0.33627 61.86667 1.44474 20.80421 0.32792 0.05277 0.32153 0.29778 1560.183
1.565 0.33602 62.00137 1.44679 20.83379 0.32771 0.05296 0.32115 0.29819 1561.110
1.570 0.33577 62.13659 1.44885 20.86345 0.32750 0.05314 0.32077 0.29859 1562.040
1.575 0.33551 62.27234 1.45092 20.89319 0.32728 0.05333 0.32039 0.29900 1562.972
1.580 0.33526 62.40861 1.45299 20.92301 0.32707 0.05351 0.32002 0.29940 1563.907
1.585 0.33500 62.54541 1.45506 20.95291 0.32686 0.05370 0.31964 0.29980 1564.844
1.590 0.33475 62.68274 1.45714 20.98288 0.32664 0.05389 0.31926 0.30021 1565.783
1.595 0.33449 62.82061 1.45923 21.01294 0.32643 0.05408 0.31888 0.30061 1566.725
1.600 0.33423 62.95902 1.46133 21.04308 0.32621 0.05427 0.31851 0.30101 1567.669
1.605 0.33398 63.09797 1.46342 21.07331 0.32600 0.05446 0.31813 0.30142 1568.616
1.610 0.33372 63.23746 1.46553 21.10361 0.32578 0.05465 0.31775 0.30182 1569.565
1.615 0.33346 63.37750 1.46764 21.13399 0.32557 0.05484 0.31737 0.30222 1570.516
1.620 0.33320 63.51809 1.46975 21.16446 0.32535 0.05503 0.31699 0.30263 1571.470
1.625 0.33294 63.65923 1.47188 21.19501 0.32513 0.05522 0.31661 0.30303 1572.427
1.630 0.33269 63.80093 1.47400 21.22564 0.32491 0.05541 0.31624 0.30343 1573.386
1.635 0.33243 63.94319 1.47614 21.25635 0.32470 0.05561 0.31586 0.30384 1574.347
1.640 0.33217 64.08601 1.47827 21.28714 0.32448 0.05580 0.31548 0.30424 1575.311
1.645 0.33190 64.22940 1.48042 21.31802 0.32426 0.05600 0.31510 0.30465 1576.278
1.650 0.33164 64.37336 1.48257 21.34899 0.32404 0.05619 0.31472 0.30505 1577.247
1.655 0.33138 64.51788 1.48472 21.38003 0.32382 0.05639 0.31434 0.30545 1578.219
1.660 0.33112 64.66299 1.48689 21.41116 0.32360 0.05658 0.31396 0.30586 1579.193
1.665 0.33086 64.80867 1.48905 21.44238 0.32338 0.05678 0.31358 0.30626 1580.170
1.670 0.33059 64.95493 1.49123 21.47368 0.32316 0.05698 0.31320 0.30666 1581.149
1.675 0.33033 65.10178 1.49341 21.50506 0.32294 0.05717 0.31282 0.30707 1582.132
1.680 0.33007 65.24922 1.49559 21.53653 0.32272 0.05737 0.31244 0.30747 1583.116
1.685 0.32980 65.39724 1.49778 21.56809 0.32249 0.05757 0.31206 0.30787 1584.103
1.690 0.32954 65.54587 1.49998 21.59973 0.32227 0.05777 0.31168 0.30828 1585.093
1.695 0.32927 65.69509 1.50218 21.63146 0.32205 0.05797 0.31130 0.30868 1586.086
1.700 0.32900 65.84491 1.50439 21.66327 0.32182 0.05817 0.31092 0.30908 1587.081
1.705 0.32874 65.99534 1.50661 21.69517 0.32160 0.05837 0.31054 0.30949 1588.079
1.710 0.32847 66.14637 1.50883 21.72716 0.32138 0.05857 0.31016 0.30989 1589.080
1.715 0.32820 66.29802 1.51106 21.75923 0.32115 0.05878 0.30978 0.31029 1590.083
1.720 0.32794 66.45029 1.51329 21.79140 0.32092 0.05898 0.30940 0.31069 1591.089
1.725 0.32767 66.60317 1.51553 21.82365 0.32070 0.05918 0.30902 0.31110 1592.098
1.730 0.32740 66.75668 1.51778 21.85599 0.32047 0.05939 0.30864 0.31150 1593.109
1.735 0.32713 66.91081 1.52003 21.88841 0.32025 0.05959 0.30826 0.31190 1594.123
1.740 0.32686 67.06557 1.52229 21.92093 0.32002 0.05980 0.30788 0.31231 1595.140
1.745 0.32659 67.22096 1.52455 21.95353 0.31979 0.06000 0.30750 0.31271 1596.160
1.750 0.32632 67.37700 1.52682 21.98623 0.31956 0.06021 0.30711 0.31311 1597.182
1.755 0.32604 67.53367 1.52910 22.01901 0.31933 0.06042 0.30673 0.31351 1598.207
1.760 0.32577 67.69099 1.53138 22.05189 0.31911 0.06063 0.30635 0.31392 1599.236
1.765 0.32550 67.84895 1.53367 22.08485 0.31888 0.06083 0.30597 0.31432 1600.266
1.770 0.32523 68.00757 1.53597 22.11791 0.31865 0.06104 0.30559 0.31472 1601.300
1.775 0.32495 68.16684 1.53827 22.15106 0.31842 0.06125 0.30521 0.31512 1602.337
1.780 0.32468 68.32678 1.54058 22.18429 0.31819 0.06146 0.30483 0.31553 1603.376
1.785 0.32440 68.48737 1.54289 22.21762 0.31796 0.06167 0.30444 0.31593 1604.418
1.790 0.32413 68.64864 1.54521 22.25104 0.31772 0.06188 0.30406 0.31633 1605.463
1.795 0.32385 68.81057 1.54754 22.28456 0.31749 0.06210 0.30368 0.31673 1606.511
1.800 0.32358 68.97318 1.54987 22.31816 0.31726 0.06231 0.30330 0.31713 1607.562
1.805 0.32330 69.13647 1.55221 22.35186 0.31703 0.06252 0.30291 0.31754 1608.616
1.810 0.32302 69.30044 1.55456 22.38566 0.31679 0.06274 0.30253 0.31794 1609.673
1.815 0.32275 69.46510 1.55691 22.41954 0.31656 0.06295 0.30215 0.31834 1610.733
1.820 0.32247 69.63045 1.55927 22.45352 0.31633 0.06317 0.30177 0.31874 1611.795
1.825 0.32219 69.79650 1.56164 22.48760 0.31609 0.06338 0.30138 0.31914 1612.861
1.830 0.32191 69.96325 1.56401 22.52176 0.31586 0.06360 0.30100 0.31954 1613.930
1.835 0.32163 70.13070 1.56639 22.55603 0.31562 0.06381 0.30062 0.31994 1615.001
1.840 0.32135 70.29885 1.56878 22.59039 0.31539 0.06403 0.30024 0.32035 1616.076
1.845 0.32107 70.46772 1.57117 22.62484 0.31515 0.06425 0.29985 0.32075 1617.154
1.850 0.32079 70.63731 1.57357 22.65939 0.31491 0.06447 0.29947 0.32115 1618.235
1.855 0.32050 70.80761 1.57597 22.69404 0.31468 0.06469 0.29909 0.32155 1619.318
1.860 0.32022 70.97864 1.57839 22.72878 0.31444 0.06491 0.29870 0.32195 1620.405
1.865 0.31994 71.15040 1.58081 22.76362 0.31420 0.06513 0.29832 0.32235 1621.495
1.870 0.31965 71.32290 1.58323 22.79856 0.31396 0.06535 0.29794 0.32275 1622.588
1.875 0.31937 71.49613 1.58567 22.83359 0.31372 0.06557 0.29755 0.32315 1623.684
1.880 0.31908 71.67010 1.58811 22.86872 0.31349 0.06579 0.29717 0.32355 1624.784
1.885 0.31880 71.84482 1.59055 22.90395 0.31325 0.06602 0.29679 0.32395 1625.886
1.890 0.31851 72.02029 1.59301 22.93928 0.31301 0.06624 0.29640 0.32435 1626.992
1.895 0.31822 72.19652 1.59547 22.97471 0.31277 0.06647 0.29602 0.32475 1628.100
1.900 0.31794 72.37351 1.59793 23.01024 0.31252 0.06669 0.29563 0.32515 1629.212
1.905 0.31765 72.55126 1.60041 23.04586 0.31228 0.06692 0.29525 0.32555 1630.327
1.910 0.31736 72.72979 1.60289 23.08159 0.31204 0.06714 0.29487 0.32595 1631.446
1.915 0.31707 72.90909 1.60538 23.11741 0.31180 0.06737 0.29448 0.32635 1632.567
1.920 0.31678 73.08916 1.60787 23.15334 0.31156 0.06760 0.29410 0.32675 1633.692
1.925 0.31649 73.27002 1.61037 23.18937 0.31131 0.06783 0.29371 0.32715 1634.820
1.930 0.31620 73.45167 1.61288 23.22550 0.31107 0.06805 0.29333 0.32754 1635.952
1.935 0.31591 73.63412 1.61540 23.26173 0.31083 0.06828 0.29295 0.32794 1637.086
1.940 0.31562 73.81736 1.61792 23.29806 0.31058 0.06851 0.29256 0.32834 1638.224
1.945 0.31533 74.00141 1.62045 23.33450 0.31034 0.06874 0.29218 0.32874 1639.366
1.950 0.31503 74.18626 1.62299 23.37104 0.31009 0.06898 0.29179 0.32914 1640.510
1.955 0.31474 74.37193 1.62553 23.40768 0.30985 0.06921 0.29141 0.32954 1641.658
1.960 0.31444 74.55842 1.62809 23.44442 0.30960 0.06944 0.29102 0.32993 1642.810
1.965 0.31415 74.74573 1.63064 23.48127 0.30936 0.06967 0.29064 0.33033 1643.965
1.970 0.31385 74.93386 1.63321 23.51823 0.30911 0.06991 0.29025 0.33073 1645.123
1.975 0.31356 75.12284 1.63578 23.55528 0.30886 0.07014 0.28987 0.33113 1646.284
1.980 0.31326 75.31265 1.63836 23.59245 0.30862 0.07038 0.28948 0.33152 1647.449
1.985 0.31296 75.50330 1.64095 23.62971 0.30837 0.07061 0.28910 0.33192 1648.618
1.990 0.31266 75.69481 1.64355 23.66709 0.30812 0.07085 0.28871 0.33232 1649.790
1.995 0.31237 75.88717 1.64615 23.70457 0.30787 0.07109 0.28833 0.33271 1650.965
2.000 0.31207 76.08039 1.64876 23.74215 0.30762 0.07133 0.28794 0.33311 1652.144
2.005 0.31177 76.27448 1.65138 23.77985 0.30737 0.07156 0.28756 0.33351 1653.327
2.010 0.31147 76.46943 1.65400 23.81765 0.30712 0.07180 0.28717 0.33390 1654.513
2.015 0.31117 76.66527 1.65664 23.85555 0.30687 0.07204 0.28679 0.33430 1655.702
2.020 0.31086 76.86199 1.65928 23.89357 0.30662 0.07228 0.28640 0.33469 1656.895
2.025 0.31056 77.05959 1.66192 23.93169 0.30637 0.07252 0.28602 0.33509 1658.092
2.030 0.31026 77.25809 1.66458 23.96992 0.30612 0.07277 0.28563 0.33548 1659.293
2.035 0.30995 77.45748 1.66724 24.00827 0.30587 0.07301 0.28524 0.33588 1660.496
2.040 0.30965 77.65779 1.66991 24.04672 0.30561 0.07325 0.28486 0.33627 1661.704
2.045 0.30934 77.85900 1.67259 24.08528 0.30536 0.07350 0.28447 0.33667 1662.915
2.050 0.30904 78.06113 1.67527 24.12395 0.30511 0.07374 0.28409 0.33706 1664.130
2.055 0.30873 78.26418 1.67797 24.16273 0.30485 0.07399 0.28370 0.33746 1665.349
2.060 0.30843 78.46816 1.68067 24.20162 0.30460 0.07423 0.28332 0.33785 1666.571
2.065 0.30812 78.67307 1.68338 24.24062 0.30435 0.07448 0.28293 0.33824 1667.798
2.070 0.30781 78.87892 1.68609 24.27974 0.30409 0.07473 0.28254 0.33864 1669.027
2.075 0.30750 79.08573 1.68882 24.31897 0.30384 0.07497 0.28216 0.33903 1670.261
2.080 0.30719 79.29348 1.69155 24.35831 0.30358 0.07522 0.28177 0.33942 1671.499
2.085 0.30688 79.50219 1.69429 24.39776 0.30333 0.07547 0.28139 0.33982 1672.740
2.090 0.30657 79.71186 1.69704 24.43733 0.30307 0.07572 0.28100 0.34021 1673.985
2.095 0.30626 79.92251 1.69979 24.47701 0.30281 0.07597 0.28061 0.34060 1675.234
2.100 0.30595 80.13414 1.70256 24.51680 0.30256 0.07622 0.28023 0.34099 1676.487
2.105 0.30563 80.34674 1.70533 24.55671 0.30230 0.07647 0.27984 0.34139 1677.743
2.110 0.30532 80.56034 1.70811 24.59674 0.30204 0.07673 0.27946 0.34178 1679.004
2.115 0.30501 80.77494 1.71089 24.63688 0.30178 0.07698 0.27907 0.34217 1680.269
2.120 0.30469 80.99054 1.71369 24.67713 0.30152 0.07723 0.27868 0.34256 1681.537
2.125 0.30438 81.20714 1.71649 24.71750 0.30126 0.07749 0.27830 0.34295 1682.810
2.130 0.30406 81.42477 1.71930 24.75799 0.30100 0.07774 0.27791 0.34334 1684.086
2.135 0.30374 81.64342 1.72212 24.79860 0.30074 0.07800 0.27752 0.34373 1685.366
2.140 0.30343 81.86309 1.72495 24.83932 0.30048 0.07826 0.27714 0.34412 1686.651
2.145 0.30311 82.08381 1.72779 24.88016 0.30022 0.07851 0.27675 0.34451 1687.940
2.150 0.30279 82.30557 1.73063 24.92112 0.29996 0.07877 0.27637 0.34490 1689.232
2.155 0.30247 82.52837 1.73349 24.96220 0.29970 0.07903 0.27598 0.34529 1690.529
2.160 0.30215 82.75224 1.73635 25.00339 0.29944 0.07929 0.27559 0.34568 1691.830
2.165 0.30183 82.97717 1.73922 25.04471 0.29918 0.07955 0.27521 0.34607 1693.135
2.170 0.30150 83.20317 1.74209 25.08615 0.29891 0.07981 0.27482 0.34646 1694.444
2.175 0.30118 83.43025 1.74498 25.12770 0.29865 0.08007 0.27443 0.34685 1695.757
2.180 0.30086 83.65842 1.74787 25.16938 0.29839 0.08033 0.27405 0.34723 1697.075
2.185 0.30053 83.88768 1.75078 25.21118 0.29812 0.08060 0.27366 0.34762 1698.396
2.190 0.30021 84.11804 1.75369 25.25310 0.29786 0.08086 0.27327 0.34801 1699.722
2.195 0.29988 84.34951 1.75661 25.29514 0.29760 0.08112 0.27289 0.34840 1701.053
2.200 0.29956 84.58210 1.75954 25.33731 0.29733 0.08139 0.27250 0.34878 1702.387
2.205 0.29923 84.81581 1.76247 25.37960 0.29707 0.08165 0.27211 0.34917 1703.726
2.210 0.29890 85.05065 1.76542 25.42201 0.29680 0.08192 0.27173 0.34955 1705.069
2.215 0.29858 85.28662 1.76837 25.46454 0.29653 0.08219 0.27134 0.34994 1706.417
2.220 0.29825 85.52375 1.77133 25.50720 0.29627 0.08245 0.27095 0.35033 1707.769
2.225 0.29792 85.76203 1.77430 25.54999 0.29600 0.08272 0.27057 0.35071 1709.125
2.230 0.29759 86.00147 1.77728 25.59290 0.29573 0.08299 0.27018 0.35110 1710.486
2.235 0.29726 86.24208 1.78027 25.63593 0.29547 0.08326 0.26979 0.35148 1711.851
2.240 0.29692 86.48386 1.78327 25.67910 0.29520 0.08353 0.26941 0.35187 1713.221
2.245 0.29659 86.72684 1.78628 25.72238 0.29493 0.08380 0.26902 0.35225 1714.595
2.250 0.29626 86.97101 1.78929 25.76580 0.29466 0.08408 0.26863 0.35263 1715.973
2.255 0.29592 87.21638 1.79232 25.80934 0.29439 0.08435 0.26824 0.35302 1717.357
2.260 0.29559 87.46296 1.79535 25.85301 0.29412 0.08462 0.26786 0.35340 1718.744
2.265 0.29525 87.71076 1.79839 25.89681 0.29385 0.08489 0.26747 0.35378 1720.137
2.270 0.29492 87.95979 1.80144 25.94074 0.29358 0.08517 0.26708 0.35416 1721.534
2.275 0.29458 88.21005 1.80450 25.98480 0.29331 0.08544 0.26670 0.35455 1722.936
2.280 0.29424 88.46156 1.80757 26.02899 0.29304 0.08572 0.26631 0.35493 1724.342
2.285 0.29390 88.71432 1.81065 26.07330 0.29277 0.08600 0.26592 0.35531 1725.753
2.290 0.29356 88.96835 1.81373 26.11775 0.29250 0.08628 0.26554 0.35569 1727.169
2.295 0.29322 89.22364 1.81683 26.16233 0.29223 0.08655 0.26515 0.35607 1728.589
2.300 0.29288 89.48022 1.81993 26.20704 0.29195 0.08683 0.26476 0.35645 1730.014
2.305 0.29254 89.73808 1.82305 26.25189 0.29168 0.08711 0.26438 0.35683 1731.445
2.310 0.29220 89.99724 1.82617 26.29686 0.29141 0.08739 0.26399 0.35721 1732.879
2.315 0.29185 90.25771 1.82930 26.34197 0.29113 0.08767 0.26360 0.35759 1734.319
2.320 0.29151 90.51950 1.83245 26.38721 0.29086 0.08796 0.26322 0.35797 1735.764
2.325 0.29116 90.78261 1.83560 26.43259 0.29059 0.08824 0.26283 0.35835 1737.213
2.330 0.29082 91.04706 1.83876 26.47810 0.29031 0.08852 0.26244 0.35873 1738.668
2.335 0.29047 91.31285 1.84193 26.52375 0.29004 0.08881 0.26206 0.35910 1740.127
2.340 0.29012 91.57999 1.84511 26.56953 0.28976 0.08909 0.26167 0.35948 1741.592
2.345 0.28978 91.84850 1.84829 26.61545 0.28949 0.08938 0.26128 0.35986 1743.061
2.350 0.28943 92.11838 1.85149 26.66150 0.28921 0.08966 0.26089 0.36023 1744.535
2.355 0.28908 92.38965 1.85470 26.70769 0.28893 0.08995 0.26051 0.36061 1746.015
2.360 0.28873 92.66231 1.85792 26.75402 0.28866 0.09024 0.26012 0.36099 1747.500
2.365 0.28837 92.93637 1.86115 26.80049 0.28838 0.09052 0.25973 0.36136 1748.989
2.370 0.28802 93.21185 1.86438 26.84709 0.28810 0.09081 0.25935 0.36174 1750.484
2.375 0.28767 93.48875 1.86763 26.89384 0.28782 0.09110 0.25896 0.36211 1751.984
2.380 0.28732 93.76708 1.87088 26.94072 0.28755 0.09139 0.25857 0.36249 1753.490
2.385 0.28696 94.04686 1.87415 26.98775 0.28727 0.09168 0.25819 0.36286 1755.000
2.390 0.28661 94.32809 1.87742 27.03491 0.28699 0.09198 0.25780 0.36323 1756.516
2.395 0.28625 94.61079 1.88071 27.08222 0.28671 0.09227 0.25741 0.36361 1758.037
2.400 0.28589 94.89497 1.88400 27.12966 0.28643 0.09256 0.25703 0.36398 1759.564
2.405 0.28553 95.18063 1.88731 27.17725 0.28615 0.09286 0.25664 0.36435 1761.096
2.410 0.28517 95.46779 1.89062 27.22498 0.28587 0.09315 0.25626 0.36472 1762.633
2.415 0.28481 95.75646 1.89395 27.27286 0.28559 0.09345 0.25587 0.36510 1764.175
2.420 0.28445 96.04664 1.89728 27.32088 0.28531 0.09374 0.25548 0.36547 1765.723
2.425 0.28409 96.33836 1.90063 27.36904 0.28503 0.09404 0.25510 0.36584 1767.277
2.430 0.28373 96.63163 1.90398 27.41735 0.28475 0.09434 0.25471 0.36621 1768.836
2.435 0.28337 96.92644 1.90735 27.46580 0.28446 0.09464 0.25432 0.36658 1770.401
2.440 0.28300 97.22282 1.91072 27.51440 0.28418 0.09494 0.25394 0.36695 1771.971
2.445 0.28264 97.52078 1.91411 27.56314 0.28390 0.09524 0.25355 0.36732 1773.547
2.450 0.28227 97.82033 1.91750 27.61203 0.28362 0.09554 0.25316 0.36768 1775.128
2.455 0.28191 98.12148 1.92091 27.66107 0.28333 0.09584 0.25278 0.36805 1776.716
2.460 0.28154 98.42424 1.92432 27.71026 0.28305 0.09614 0.25239 0.36842 1778.308
2.465 0.28117 98.72862 1.92775 27.75959 0.28276 0.09644 0.25201 0.36879 1779.907
2.470 0.28080 99.03464 1.93119 27.80907 0.28248 0.09675 0.25162 0.36915 1781.511
2.475 0.28043 99.34231 1.93463 27.85871 0.28220 0.09705 0.25123 0.36952 1783.122
2.480 0.28006 99.65164 1.93809 27.90849 0.28191 0.09736 0.25085 0.36989 1784.738
2.485 0.27969 99.96265 1.94156 27.95842 0.28163 0.09766 0.25046 0.37025 1786.360
2.490 0.27932 100.27534 1.94504 28.00851 0.28134 0.09797 0.25007 0.37062 1787.988
2.495 0.27894 100.58974 1.94852 28.05874 0.28105 0.09828 0.24969 0.37098 1789.621
2.500 0.27857 100.90584 1.95202 28.10913 0.28077 0.09858 0.24930 0.37134 1791.261
2.505 0.27819 101.22367 1.95553 28.15967 0.28048 0.09889 0.24892 0.37171 1792.907
2.510 0.27782 101.54324 1.95905 28.21037 0.28019 0.09920 0.24853 0.37207 1794.559
2.515 0.27744 101.86456 1.96258 28.26121 0.27991 0.09951 0.24815 0.37243 1796.217
2.520 0.27706 102.18765 1.96613 28.31222 0.27962 0.09982 0.24776 0.37280 1797.881
2.525 0.27668 102.51251 1.96968 28.36337 0.27933 0.10014 0.24737 0.37316 1799.551
2.530 0.27630 102.83917 1.97324 28.41469 0.27904 0.10045 0.24699 0.37352 1801.228
2.535 0.27592 103.16763 1.97682 28.46616 0.27875 0.10076 0.24660 0.37388 1802.910
2.540 0.27554 103.49791 1.98040 28.51778 0.27847 0.10108 0.24622 0.37424 1804.599
2.545 0.27516 103.83003 1.98400 28.56957 0.27818 0.10139 0.24583 0.37460 1806.295
2.550 0.27477 104.16400 1.98760 28.62151 0.27789 0.10171 0.24545 0.37496 1807.996
2.555 0.27439 104.49983 1.99122 28.67361 0.27760 0.10202 0.24506 0.37532 1809.704
2.560 0.27400 104.83753 1.99485 28.72587 0.27731 0.10234 0.24468 0.37568 1811.419
2.565 0.27362 105.17713 1.99849 28.77829 0.27702 0.10266 0.24429 0.37603 1813.140
2.570 0.27323 105.51864 2.00214 28.83086 0.27673 0.10298 0.24391 0.37639 1814.867
2.575 0.27284 105.86206 2.00581 28.88360 0.27643 0.10330 0.24352 0.37675 1816.601
2.580 0.27245 106.20743 2.00948 28.93650 0.27614 0.10362 0.24314 0.37710 1818.342
2.585 0.27206 106.55474 2.01316 28.98957 0.27585 0.10394 0.24275 0.37746 1820.089
2.590 0.27167 106.90403 2.01686 29.04279 0.27556 0.10426 0.24237 0.37782 1821.843
2.595 0.27128 107.25529 2.02057 29.09618 0.27527 0.10458 0.24198 0.37817 1823.603
2.600 0.27089 107.60856 2.02429 29.14973 0.27497 0.10491 0.24160 0.37852 1825.371
2.605 0.27049 107.96384 2.02802 29.20345 0.27468 0.10523 0.24121 0.37888 1827.145
