timeGa Urey Qt heat/H0 heatTW 1HPE 2HPE 3HPE 4HPE TempC
0.005 0.85755 104.92925 0.99715 89.98213 0.14746 0.29588 0.10491 0.45175 1799.663
0.010 0.85586 104.83696 0.99431 89.72607 0.14776 0.29526 0.10519 0.45179 1799.323
0.015 0.85419 104.74372 0.99149 89.47097 0.14807 0.29465 0.10546 0.45182 1798.979
0.020 0.85253 104.64954 0.98867 89.21683 0.14838 0.29404 0.10573 0.45185 1798.631
0.025 0.85088 104.55443 0.98587 88.96365 0.14868 0.29343 0.10601 0.45188 1798.280
0.030 0.84925 104.45840 0.98307 88.71141 0.14899 0.29281 0.10628 0.45191 1797.925
0.035 0.84763 104.36147 0.98029 88.46013 0.14930 0.29220 0.10656 0.45194 1797.567
0.040 0.84603 104.26366 0.97751 88.20979 0.14960 0.29159 0.10684 0.45197 1797.206
0.045 0.84443 104.16496 0.97475 87.96039 0.14991 0.29098 0.10711 0.45199 1796.841
0.050 0.84285 104.06541 0.97199 87.71192 0.15022 0.29037 0.10739 0.45202 1796.472
0.055 0.84129 103.96500 0.96925 87.46439 0.15053 0.28976 0.10767 0.45204 1796.100
0.060 0.83973 103.86376 0.96652 87.21778 0.15084 0.28916 0.10794 0.45206 1795.725
0.065 0.83819 103.76169 0.96380 86.97210 0.15115 0.28855 0.10822 0.45208 1795.347
0.070 0.83666 103.65881 0.96108 86.72733 0.15146 0.28794 0.10850 0.45210 1794.966
0.075 0.83514 103.55514 0.95838 86.48349 0.15177 0.28733 0.10878 0.45212 1794.581
0.080 0.83364 103.45067 0.95569 86.24055 0.15208 0.28673 0.10906 0.45214 1794.194
0.085 0.83215 103.34543 0.95301 85.99852 0.15239 0.28612 0.10934 0.45215 1793.803
0.090 0.83067 103.23942 0.95033 85.75740 0.15270 0.28552 0.10962 0.45217 1793.409
0.095 0.82920 103.13266 0.94767 85.51718 0.15301 0.28491 0.10990 0.45218 1793.012
0.100 0.82774 103.02517 0.94502 85.27786 0.15332 0.28431 0.11018 0.45219 1792.613
0.105 0.82629 102.91694 0.94238 85.03943 0.15363 0.28371 0.11046 0.45221 1792.210
0.110 0.82486 102.80800 0.93975 84.80189 0.15394 0.28310 0.11074 0.45222 1791.804
0.115 0.82343 102.69836 0.93712 84.56523 0.15425 0.28250 0.11103 0.45222 1791.396
0.120 0.82202 102.58802 0.93451 84.32946 0.15456 0.28190 0.11131 0.45223 1790.985
0.125 0.82062 102.47699 0.93191 84.09457 0.15487 0.28130 0.11159 0.45224 1790.570
0.130 0.81923 102.36530 0.92931 83.86055 0.15518 0.28070 0.11188 0.45224 1790.154
0.135 0.81785 102.25294 0.92673 83.62740 0.15550 0.28010 0.11216 0.45225 1789.734
0.140 0.81648 102.13994 0.92416 83.39513 0.15581 0.27950 0.11245 0.45225 1789.312
0.145 0.81512 102.02630 0.92159 83.16371 0.15612 0.27890 0.11273 0.45225 1788.887
0.150 0.81377 101.91203 0.91904 82.93316 0.15643 0.27830 0.11302 0.45225 1788.459
0.155 0.81243 101.79714 0.91649 82.70346 0.15675 0.27770 0.11330 0.45225 1788.029
0.160 0.81111 101.68165 0.91396 82.47462 0.15706 0.27710 0.11359 0.45225 1787.597
0.165 0.80979 101.56555 0.91143 82.24662 0.15737 0.27651 0.11387 0.45225 1787.161
0.170 0.80848 101.44888 0.90891 82.01948 0.15769 0.27591 0.11416 0.45224 1786.724
0.175 0.80718 101.33162 0.90640 81.79317 0.15800 0.27531 0.11445 0.45224 1786.284
0.180 0.80590 101.21380 0.90391 81.56771 0.15831 0.27472 0.11474 0.45223 1785.841
0.185 0.80462 101.09543 0.90142 81.34308 0.15863 0.27412 0.11503 0.45222 1785.396
0.190 0.80335 100.97651 0.89894 81.11928 0.15894 0.27353 0.11531 0.45221 1784.949
0.195 0.80209 100.85705 0.89647 80.89631 0.15926 0.27294 0.11560 0.45220 1784.499
0.200 0.80084 100.73707 0.89400 80.67417 0.15957 0.27234 0.11589 0.45219 1784.047
0.205 0.79960 100.61657 0.89155 80.45285 0.15989 0.27175 0.11618 0.45218 1783.593
0.210 0.79837 100.49556 0.88911 80.23235 0.16020 0.27116 0.11647 0.45217 1783.137
0.215 0.79714 100.37405 0.88667 80.01266 0.16052 0.27057 0.11676 0.45215 1782.678
0.220 0.79593 100.25206 0.88425 79.79379 0.16083 0.26998 0.11706 0.45213 1782.217
0.225 0.79473 100.12958 0.88183 79.57572 0.16115 0.26939 0.11735 0.45212 1781.754
0.230 0.79353 100.00664 0.87942 79.35846 0.16147 0.26880 0.11764 0.45210 1781.289
0.235 0.79235 99.88323 0.87703 79.14201 0.16178 0.26821 0.11793 0.45208 1780.822
0.240 0.79117 99.75937 0.87464 78.92635 0.16210 0.26762 0.11823 0.45206 1780.353
0.245 0.79000 99.63507 0.87225 78.71148 0.16241 0.26703 0.11852 0.45204 1779.881
0.250 0.78884 99.51033 0.86988 78.49741 0.16273 0.26644 0.11881 0.45201 1779.408
0.255 0.78768 99.38516 0.86752 78.28413 0.16305 0.26586 0.11911 0.45199 1778.933
0.260 0.78654 99.25958 0.86516 78.07163 0.16337 0.26527 0.11940 0.45196 1778.455
0.265 0.78540 99.13359 0.86282 77.85991 0.16368 0.26469 0.11970 0.45194 1777.976
0.270 0.78428 99.00720 0.86048 77.64898 0.16400 0.26410 0.11999 0.45191 1777.495
0.275 0.78316 98.88041 0.85815 77.43882 0.16432 0.26352 0.12029 0.45188 1777.012
0.280 0.78204 98.75324 0.85583 77.22943 0.16464 0.26293 0.12058 0.45185 1776.527
0.285 0.78094 98.62569 0.85352 77.02081 0.16495 0.26235 0.12088 0.45182 1776.041
0.290 0.77984 98.49778 0.85122 76.81296 0.16527 0.26177 0.12118 0.45178 1775.552
0.295 0.77876 98.36950 0.84892 76.60587 0.16559 0.26118 0.12148 0.45175 1775.062
0.300 0.77768 98.24087 0.84663 76.39954 0.16591 0.26060 0.12177 0.45171 1774.570
0.305 0.77660 98.11190 0.84436 76.19397 0.16623 0.26002 0.12207 0.45168 1774.076
0.310 0.77554 97.98259 0.84209 75.98915 0.16655 0.25944 0.12237 0.45164 1773.581
0.315 0.77448 97.85295 0.83982 75.78508 0.16687 0.25886 0.12267 0.45160 1773.084
0.320 0.77343 97.72299 0.83757 75.58176 0.16718 0.25828 0.12297 0.45156 1772.585
0.325 0.77239 97.59271 0.83533 75.37919 0.16750 0.25771 0.12327 0.45152 1772.085
0.330 0.77135 97.46212 0.83309 75.17735 0.16782 0.25713 0.12357 0.45148 1771.583
0.335 0.77032 97.33124 0.83086 74.97626 0.16814 0.25655 0.12387 0.45143 1771.079
0.340 0.76930 97.20006 0.82864 74.77590 0.16846 0.25598 0.12417 0.45139 1770.574
0.345 0.76828 97.06860 0.82643 74.57627 0.16878 0.25540 0.12447 0.45134 1770.067
0.350 0.76728 96.93686 0.82423 74.37737 0.16910 0.25482 0.12478 0.45130 1769.559
0.355 0.76628 96.80484 0.82203 74.17920 0.16942 0.25425 0.12508 0.45125 1769.049
0.360 0.76528 96.67256 0.81984 73.98175 0.16975 0.25368 0.12538 0.45120 1768.538
0.365 0.76429 96.54003 0.81766 73.78502 0.17007 0.25310 0.12568 0.45115 1768.026
0.370 0.76331 96.40724 0.81549 73.58901 0.17039 0.25253 0.12599 0.45110 1767.512
0.375 0.76234 96.27420 0.81332 73.39371 0.17071 0.25196 0.12629 0.45104 1766.996
0.380 0.76137 96.14093 0.81117 73.19912 0.17103 0.25139 0.12660 0.45099 1766.480
0.385 0.76041 96.00743 0.80902 73.00525 0.17135 0.25082 0.12690 0.45093 1765.961
0.390 0.75946 95.87370 0.80688 72.81208 0.17167 0.25025 0.12721 0.45088 1765.442
0.395 0.75851 95.73975 0.80475 72.61961 0.17199 0.24968 0.12751 0.45082 1764.921
0.400 0.75757 95.60559 0.80262 72.42784 0.17232 0.24911 0.12782 0.45076 1764.399
0.405 0.75663 95.47122 0.80050 72.23677 0.17264 0.24854 0.12812 0.45070 1763.876
0.410 0.75571 95.33666 0.79839 72.04639 0.17296 0.24797 0.12843 0.45064 1763.351
0.415 0.75478 95.20189 0.79629 71.85671 0.17328 0.24741 0.12874 0.45058 1762.825
0.420 0.75387 95.06694 0.79420 71.66771 0.17360 0.24684 0.12904 0.45051 1762.298
0.425 0.75296 94.93181 0.79211 71.47940 0.17393 0.24627 0.12935 0.45045 1761.770
0.430 0.75205 94.79650 0.79003 71.29177 0.17425 0.24571 0.12966 0.45038 1761.240
0.435 0.75115 94.66102 0.78796 71.10482 0.17457 0.24514 0.12997 0.45031 1760.710
0.440 0.75026 94.52538 0.78590 70.91855 0.17489 0.24458 0.13028 0.45025 1760.178
0.445 0.74937 94.38957 0.78384 70.73296 0.17522 0.24402 0.13059 0.45018 1759.645
0.450 0.74849 94.25362 0.78179 70.54803 0.17554 0.24346 0.13090 0.45011 1759.111
0.455 0.74762 94.11751 0.77975 70.36378 0.17586 0.24289 0.13121 0.45003 1758.576
0.460 0.74675 93.98126 0.77771 70.18019 0.17619 0.24233 0.13152 0.44996 1758.040
0.465 0.74588 93.84487 0.77569 69.99726 0.17651 0.24177 0.13183 0.44989 1757.503
0.470 0.74502 93.70835 0.77367 69.81500 0.17683 0.24121 0.13214 0.44981 1756.964
0.475 0.74417 93.57171 0.77165 69.63339 0.17716 0.24065 0.13245 0.44973 1756.425
0.480 0.74332 93.43494 0.76965 69.45244 0.17748 0.24009 0.13277 0.44966 1755.885
0.485 0.74248 93.29806 0.76765 69.27215 0.17781 0.23954 0.13308 0.44958 1755.344
0.490 0.74165 93.16106 0.76566 69.09250 0.17813 0.23898 0.13339 0.44950 1754.802
0.495 0.74081 93.02396 0.76368 68.91350 0.17846 0.23842 0.13370 0.44942 1754.259
0.500 0.73999 92.88676 0.76170 68.73515 0.17878 0.23787 0.13402 0.44933 1753.714
0.505 0.73917 92.74946 0.75973 68.55744 0.17910 0.23731 0.13433 0.44925 1753.170
0.510 0.73835 92.61207 0.75777 68.38036 0.17943 0.23676 0.13465 0.44916 1752.624
0.515 0.73754 92.47459 0.75581 68.20393 0.17975 0.23620 0.13496 0.44908 1752.077
0.520 0.73674 92.33703 0.75386 68.02813 0.18008 0.23565 0.13528 0.44899 1751.529
0.525 0.73594 92.19939 0.75192 67.85296 0.18040 0.23510 0.13559 0.44890 1750.981
0.530 0.73514 92.06168 0.74999 67.67842 0.18073 0.23455 0.13591 0.44881 1750.432
0.535 0.73435 91.92390 0.74806 67.50451 0.18105 0.23400 0.13623 0.44872 1749.882
0.540 0.73357 91.78606 0.74614 67.33122 0.18138 0.23345 0.13654 0.44863 1749.331
0.545 0.73279 91.64815 0.74423 67.15855 0.18171 0.23290 0.13686 0.44854 1748.779
0.550 0.73201 91.51019 0.74232 66.98651 0.18203 0.23235 0.13718 0.44844 1748.227
0.555 0.73124 91.37219 0.74042 66.81508 0.18236 0.23180 0.13750 0.44835 1747.674
0.560 0.73048 91.23413 0.73853 66.64426 0.18268 0.23125 0.13781 0.44825 1747.120
0.565 0.72971 91.09603 0.73664 66.47406 0.18301 0.23071 0.13813 0.44816 1746.565
0.570 0.72896 90.95790 0.73476 66.30446 0.18333 0.23016 0.13845 0.44806 1746.010
0.575 0.72821 90.81973 0.73289 66.13547 0.18366 0.22961 0.13877 0.44796 1745.454
0.580 0.72746 90.68153 0.73103 65.96709 0.18399 0.22907 0.13909 0.44786 1744.897
0.585 0.72672 90.54330 0.72917 65.79931 0.18431 0.22852 0.13941 0.44775 1744.340
0.590 0.72598 90.40505 0.72731 65.63213 0.18464 0.22798 0.13973 0.44765 1743.782
0.595 0.72525 90.26679 0.72547 65.46554 0.18497 0.22744 0.14005 0.44754 1743.223
0.600 0.72452 90.12851 0.72363 65.29955 0.18529 0.22690 0.14037 0.44744 1742.664
0.605 0.72379 89.99022 0.72179 65.13415 0.18562 0.22635 0.14069 0.44733 1742.104
0.610 0.72307 89.85192 0.71997 64.96934 0.18594 0.22581 0.14102 0.44722 1741.543
0.615 0.72236 89.71362 0.71815 64.80512 0.18627 0.22527 0.14134 0.44712 1740.982
0.620 0.72164 89.57533 0.71634 64.64148 0.18660 0.22473 0.14166 0.44700 1740.421
0.625 0.72094 89.43703 0.71453 64.47843 0.18693 0.22420 0.14198 0.44689 1739.858
0.630 0.72023 89.29875 0.71273 64.31596 0.18725 0.22366 0.14231 0.44678 1739.296
0.635 0.71953 89.16047 0.71093 64.15406 0.18758 0.22312 0.14263 0.44667 1738.732
0.640 0.71884 89.02221 0.70915 63.99274 0.18791 0.22258 0.14296 0.44655 1738.168
0.645 0.71815 88.88397 0.70736 63.83200 0.18823 0.22205 0.14328 0.44644 1737.604
0.650 0.71746 88.74575 0.70559 63.67182 0.18856 0.22151 0.14361 0.44632 1737.039
0.655 0.71678 88.60756 0.70382 63.51221 0.18889 0.22098 0.14393 0.44620 1736.474
0.660 0.71610 88.46939 0.70206 63.35317 0.18922 0.22045 0.14426 0.44608 1735.908
0.665 0.71543 88.33126 0.70030 63.19470 0.18954 0.21991 0.14458 0.44596 1735.342
0.670 0.71476 88.19316 0.69855 63.03678 0.18987 0.21938 0.14491 0.44584 1734.775
0.675 0.71409 88.05510 0.69681 62.87943 0.19020 0.21885 0.14524 0.44572 1734.208
0.680 0.71343 87.91708 0.69507 62.72263 0.19053 0.21832 0.14556 0.44559 1733.641
0.685 0.71277 87.77911 0.69334 62.56639 0.19085 0.21779 0.14589 0.44547 1733.073
0.690 0.71212 87.64118 0.69161 62.41070 0.19118 0.21726 0.14622 0.44534 1732.504
0.695 0.71147 87.50330 0.68990 62.25556 0.19151 0.21673 0.14655 0.44521 1731.936
0.700 0.71082 87.36548 0.68818 62.10097 0.19184 0.21620 0.14687 0.44508 1731.367
0.705 0.71017 87.22771 0.68648 61.94693 0.19217 0.21568 0.14720 0.44495 1730.797
0.710 0.70954 87.09001 0.68477 61.79343 0.19249 0.21515 0.14753 0.44482 1730.227
0.715 0.70890 86.95236 0.68308 61.64047 0.19282 0.21462 0.14786 0.44469 1729.657
0.720 0.70827 86.81478 0.68139 61.48805 0.19315 0.21410 0.14819 0.44456 1729.087
0.725 0.70764 86.67727 0.67971 61.33617 0.19348 0.21357 0.14852 0.44442 1728.516
0.730 0.70701 86.53982 0.67803 61.18482 0.19381 0.21305 0.14885 0.44429 1727.945
0.735 0.70639 86.40246 0.67636 61.03401 0.19414 0.21253 0.14918 0.44415 1727.373
0.740 0.70577 86.26516 0.67469 60.88373 0.19446 0.21201 0.14951 0.44402 1726.802
0.745 0.70516 86.12795 0.67303 60.73398 0.19479 0.21148 0.14985 0.44388 1726.230
0.750 0.70455 85.99081 0.67138 60.58475 0.19512 0.21096 0.15018 0.44374 1725.657
0.755 0.70394 85.85376 0.66973 60.43605 0.19545 0.21044 0.15051 0.44360 1725.085
0.760 0.70334 85.71680 0.66809 60.28787 0.19578 0.20992 0.15084 0.44345 1724.512
0.765 0.70274 85.57992 0.66645 60.14021 0.19611 0.20941 0.15118 0.44331 1723.939
0.770 0.70214 85.44314 0.66482 59.99308 0.19644 0.20889 0.15151 0.44317 1723.366
0.775 0.70155 85.30645 0.66320 59.84645 0.19676 0.20837 0.15184 0.44302 1722.792
0.780 0.70096 85.16985 0.66158 59.70034 0.19709 0.20785 0.15218 0.44288 1722.218
0.785 0.70037 85.03335 0.65997 59.55475 0.19742 0.20734 0.15251 0.44273 1721.644
0.790 0.69979 84.89696 0.65836 59.40966 0.19775 0.20682 0.15285 0.44258 1721.070
0.795 0.69921 84.76066 0.65676 59.26508 0.19808 0.20631 0.15318 0.44243 1720.496
0.800 0.69863 84.62447 0.65516 59.12101 0.19841 0.20580 0.15352 0.44228 1719.922
0.805 0.69805 84.48839 0.65357 58.97744 0.19874 0.20528 0.15385 0.44213 1719.347
0.810 0.69748 84.35242 0.65198 58.83438 0.19907 0.20477 0.15419 0.44197 1718.772
0.815 0.69692 84.21656 0.65040 58.69181 0.19940 0.20426 0.15452 0.44182 1718.197
0.820 0.69635 84.08081 0.64883 58.54974 0.19972 0.20375 0.15486 0.44166 1717.622
0.825 0.69579 83.94518 0.64726 58.40817 0.20005 0.20324 0.15520 0.44151 1717.047
0.830 0.69523 83.80966 0.64570 58.26709 0.20038 0.20273 0.15553 0.44135 1716.471
0.835 0.69468 83.67427 0.64414 58.12651 0.20071 0.20222 0.15587 0.44119 1715.896
0.840 0.69412 83.53900 0.64259 57.98641 0.20104 0.20172 0.15621 0.44103 1715.320
0.845 0.69357 83.40385 0.64104 57.84680 0.20137 0.20121 0.15655 0.44087 1714.745
0.850 0.69303 83.26883 0.63950 57.70768 0.20170 0.20071 0.15689 0.44071 1714.169
0.855 0.69249 83.13393 0.63796 57.56905 0.20203 0.20020 0.15723 0.44055 1713.593
0.860 0.69195 82.99917 0.63643 57.43089 0.20236 0.19970 0.15756 0.44038 1713.017
0.865 0.69141 82.86453 0.63490 57.29322 0.20269 0.19919 0.15790 0.44022 1712.441
0.870 0.69087 82.73003 0.63338 57.15602 0.20302 0.19869 0.15824 0.44005 1711.865
0.875 0.69034 82.59566 0.63187 57.01930 0.20334 0.19819 0.15858 0.43988 1711.289
0.880 0.68981 82.46143 0.63036 56.88306 0.20367 0.19769 0.15892 0.43972 1710.713
0.885 0.68929 82.32734 0.62885 56.74729 0.20400 0.19719 0.15927 0.43955 1710.136
0.890 0.68877 82.19339 0.62736 56.61199 0.20433 0.19669 0.15961 0.43938 1709.560
0.895 0.68825 82.05958 0.62586 56.47716 0.20466 0.19619 0.15995 0.43920 1708.984
0.900 0.68773 81.92591 0.62437 56.34279 0.20499 0.19569 0.16029 0.43903 1708.408
0.905 0.68721 81.79239 0.62289 56.20890 0.20532 0.19519 0.16063 0.43886 1707.831
0.910 0.68670 81.65902 0.62141 56.07546 0.20565 0.19469 0.16097 0.43868 1707.255
0.915 0.68619 81.52579 0.61994 55.94249 0.20598 0.19420 0.16132 0.43851 1706.679
0.920 0.68569 81.39272 0.61847 55.80998 0.20631 0.19370 0.16166 0.43833 1706.103
0.925 0.68518 81.25979 0.61700 55.67792 0.20664 0.19321 0.16200 0.43815 1705.526
0.930 0.68468 81.12702 0.61555 55.54632 0.20696 0.19271 0.16235 0.43797 1704.950
0.935 0.68419 80.99440 0.61409 55.41518 0.20729 0.19222 0.16269 0.43779 1704.374
0.940 0.68369 80.86194 0.61264 55.28449 0.20762 0.19173 0.16304 0.43761 1703.798
0.945 0.68320 80.72964 0.61120 55.15425 0.20795 0.19124 0.16338 0.43743 1703.222
0.950 0.68271 80.59749 0.60976 55.02445 0.20828 0.19075 0.16372 0.43725 1702.646
0.955 0.68222 80.46551 0.60833 54.89511 0.20861 0.19026 0.16407 0.43706 1702.070
0.960 0.68173 80.33368 0.60690 54.76621 0.20894 0.18977 0.16442 0.43688 1701.494
0.965 0.68125 80.20202 0.60548 54.63776 0.20927 0.18928 0.16476 0.43669 1700.918
0.970 0.68077 80.07052 0.60406 54.50974 0.20960 0.18879 0.16511 0.43650 1700.342
0.975 0.68029 79.93919 0.60264 54.38217 0.20993 0.18831 0.16545 0.43632 1699.766
0.980 0.67982 79.80802 0.60124 54.25503 0.21025 0.18782 0.16580 0.43613 1699.191
0.985 0.67935 79.67703 0.59983 54.12834 0.21058 0.18733 0.16615 0.43593 1698.615
0.990 0.67888 79.54620 0.59843 54.00207 0.21091 0.18685 0.16649 0.43574 1698.040
0.995 0.67841 79.41554 0.59704 53.87625 0.21124 0.18637 0.16684 0.43555 1697.465
1.000 0.67794 79.28505 0.59565 53.75085 0.21157 0.18588 0.16719 0.43536 1696.889
1.005 0.67748 79.15474 0.59426 53.62588 0.21190 0.18540 0.16754 0.43516 1696.314
1.010 0.67702 79.02460 0.59288 53.50134 0.21223 0.18492 0.16789 0.43497 1695.739
1.015 0.67656 78.89464 0.59151 53.37723 0.21256 0.18444 0.16824 0.43477 1695.165
1.020 0.67611 78.76485 0.59014 53.25354 0.21288 0.18396 0.16858 0.43457 1694.590
1.025 0.67565 78.63524 0.58877 53.13028 0.21321 0.18348 0.16893 0.43437 1694.015
1.030 0.67520 78.50580 0.58741 53.00743 0.21354 0.18300 0.16928 0.43417 1693.441
1.035 0.67476 78.37655 0.58605 52.88501 0.21387 0.18252 0.16963 0.43397 1692.867
1.040 0.67431 78.24747 0.58470 52.76300 0.21420 0.18205 0.16998 0.43377 1692.293
1.045 0.67387 78.11858 0.58335 52.64142 0.21453 0.18157 0.17033 0.43357 1691.719
1.050 0.67342 77.98987 0.58201 52.52024 0.21486 0.18110 0.17068 0.43336 1691.145
1.055 0.67298 77.86135 0.58067 52.39948 0.21518 0.18062 0.17104 0.43316 1690.572
1.060 0.67255 77.73300 0.57934 52.27913 0.21551 0.18015 0.17139 0.43295 1689.998
1.065 0.67211 77.60485 0.57801 52.15919 0.21584 0.17968 0.17174 0.43275 1689.425
1.070 0.67168 77.47687 0.57669 52.03966 0.21617 0.17920 0.17209 0.43254 1688.852
1.075 0.67125 77.34909 0.57537 51.92054 0.21650 0.17873 0.17244 0.43233 1688.279
1.080 0.67082 77.22149 0.57405 51.80182 0.21682 0.17826 0.17279 0.43212 1687.707
1.085 0.67040 77.09409 0.57274 51.68351 0.21715 0.17779 0.17315 0.43191 1687.134
1.090 0.66997 76.96687 0.57143 51.56560 0.21748 0.17732 0.17350 0.43170 1686.562
1.095 0.66955 76.83984 0.57013 51.44808 0.21781 0.17685 0.17385 0.43148 1685.990
1.100 0.66913 76.71300 0.56883 51.33097 0.21814 0.17639 0.17421 0.43127 1685.418
1.105 0.66871 76.58636 0.56754 51.21425 0.21846 0.17592 0.17456 0.43105 1684.847
1.110 0.66830 76.45991 0.56625 51.09793 0.21879 0.17546 0.17492 0.43084 1684.276
1.115 0.66788 76.33365 0.56497 50.98201 0.21912 0.17499 0.17527 0.43062 1683.704
1.120 0.66747 76.20759 0.56369 50.86648 0.21945 0.17453 0.17562 0.43040 1683.134
1.125 0.66706 76.08172 0.56241 50.75133 0.21977 0.17406 0.17598 0.43018 1682.563
1.130 0.66666 75.95605 0.56114 50.63658 0.22010 0.17360 0.17633 0.42996 1681.993
1.135 0.66625 75.83057 0.55987 50.52222 0.22043 0.17314 0.17669 0.42974 1681.423
1.140 0.66585 75.70529 0.55861 50.40824 0.22076 0.17268 0.17705 0.42952 1680.853
1.145 0.66545 75.58021 0.55735 50.29465 0.22108 0.17222 0.17740 0.42930 1680.283
1.150 0.66505 75.45533 0.55609 50.18144 0.22141 0.17176 0.17776 0.42907 1679.714
1.155 0.66465 75.33064 0.55484 50.06861 0.22174 0.17130 0.17811 0.42885 1679.145
1.160 0.66426 75.20616 0.55360 49.95617 0.22206 0.17084 0.17847 0.42862 1678.576
1.165 0.66386 75.08188 0.55236 49.84410 0.22239 0.17038 0.17883 0.42840 1678.008
1.170 0.66347 74.95779 0.55112 49.73241 0.22272 0.16993 0.17918 0.42817 1677.439
1.175 0.66308 74.83391 0.54988 49.62110 0.22305 0.16947 0.17954 0.42794 1676.871
1.180 0.66270 74.71024 0.54865 49.51016 0.22337 0.16902 0.17990 0.42771 1676.304
1.185 0.66231 74.58676 0.54743 49.39960 0.22370 0.16856 0.18026 0.42748 1675.736
1.190 0.66193 74.46349 0.54621 49.28940 0.22402 0.16811 0.18062 0.42725 1675.169
1.195 0.66155 74.34042 0.54499 49.17958 0.22435 0.16766 0.18097 0.42702 1674.603
1.200 0.66117 74.21756 0.54378 49.07012 0.22468 0.16721 0.18133 0.42678 1674.036
1.205 0.66079 74.09490 0.54257 48.96104 0.22500 0.16676 0.18169 0.42655 1673.470
1.210 0.66041 73.97244 0.54136 48.85232 0.22533 0.16631 0.18205 0.42631 1672.904
1.215 0.66004 73.85019 0.54016 48.74396 0.22566 0.16586 0.18241 0.42608 1672.339
1.220 0.65967 73.72815 0.53897 48.63597 0.22598 0.16541 0.18277 0.42584 1671.773
1.225 0.65930 73.60632 0.53777 48.52834 0.22631 0.16496 0.18313 0.42560 1671.208
1.230 0.65893 73.48469 0.53659 48.42107 0.22663 0.16451 0.18349 0.42536 1670.644
1.235 0.65856 73.36327 0.53540 48.31415 0.22696 0.16407 0.18385 0.42512 1670.080
1.240 0.65820 73.24206 0.53422 48.20760 0.22728 0.16362 0.18421 0.42488 1669.516
1.245 0.65783 73.12106 0.53304 48.10140 0.22761 0.16318 0.18457 0.42464 1668.952
1.250 0.65747 73.00026 0.53187 47.99556 0.22793 0.16273 0.18494 0.42440 1668.389
1.255 0.65711 72.87968 0.53070 47.89007 0.22826 0.16229 0.18530 0.42415 1667.826
1.260 0.65675 72.75930 0.52954 47.78493 0.22858 0.16185 0.18566 0.42391 1667.263
1.265 0.65640 72.63913 0.52838 47.68014 0.22891 0.16141 0.18602 0.42366 1666.701
1.270 0.65604 72.51918 0.52722 47.57571 0.22923 0.16097 0.18638 0.42342 1666.139
1.275 0.65569 72.39943 0.52606 47.47162 0.22956 0.16053 0.18675 0.42317 1665.578
1.280 0.65534 72.27990 0.52491 47.36787 0.22988 0.16009 0.18711 0.42292 1665.017
1.285 0.65499 72.16058 0.52377 47.26448 0.23021 0.15965 0.18747 0.42267 1664.456
1.290 0.65464 72.04147 0.52263 47.16142 0.23053 0.15921 0.18783 0.42242 1663.895
1.295 0.65430 71.92257 0.52149 47.05871 0.23086 0.15878 0.18820 0.42217 1663.335
1.300 0.65395 71.80388 0.52035 46.95634 0.23118 0.15834 0.18856 0.42192 1662.776
1.305 0.65361 71.68541 0.51922 46.85431 0.23150 0.15791 0.18892 0.42166 1662.216
1.310 0.65327 71.56715 0.51810 46.75262 0.23183 0.15747 0.18929 0.42141 1661.657
1.315 0.65293 71.44910 0.51697 46.65126 0.23215 0.15704 0.18965 0.42115 1661.099
1.320 0.65259 71.33127 0.51585 46.55025 0.23248 0.15661 0.19002 0.42090 1660.541
1.325 0.65226 71.21365 0.51474 46.44956 0.23280 0.15618 0.19038 0.42064 1659.983
1.330 0.65192 71.09624 0.51363 46.34921 0.23312 0.15575 0.19075 0.42039 1659.425
1.335 0.65159 70.97905 0.51252 46.24919 0.23345 0.15532 0.19111 0.42013 1658.868
1.340 0.65126 70.86207 0.51141 46.14951 0.23377 0.15489 0.19148 0.41987 1658.312
1.345 0.65093 70.74530 0.51031 46.05015 0.23409 0.15446 0.19184 0.41961 1657.755
1.350 0.65060 70.62875 0.50921 45.95112 0.23441 0.15403 0.19221 0.41935 1657.199
1.355 0.65027 70.51242 0.50812 45.85242 0.23474 0.15360 0.19258 0.41908 1656.644
1.360 0.64995 70.39630 0.50703 45.75404 0.23506 0.15318 0.19294 0.41882 1656.089
1.365 0.64963 70.28039 0.50594 45.65599 0.23538 0.15275 0.19331 0.41856 1655.534
1.370 0.64930 70.16470 0.50486 45.55826 0.23570 0.15233 0.19368 0.41829 1654.980
1.375 0.64898 70.04923 0.50378 45.46086 0.23603 0.15190 0.19404 0.41803 1654.426
1.380 0.64867 69.93397 0.50271 45.36377 0.23635 0.15148 0.19441 0.41776 1653.873
1.385 0.64835 69.81893 0.50163 45.26701 0.23667 0.15106 0.19478 0.41749 1653.319
1.390 0.64803 69.70410 0.50056 45.17056 0.23699 0.15064 0.19514 0.41723 1652.767
1.395 0.64772 69.58949 0.49950 45.07443 0.23731 0.15022 0.19551 0.41696 1652.215
1.400 0.64741 69.47509 0.49844 44.97862 0.23763 0.14980 0.19588 0.41669 1651.663
1.405 0.64710 69.36092 0.49738 44.88312 0.23795 0.14938 0.19625 0.41642 1651.111
1.410 0.64679 69.24695 0.49632 44.78793 0.23828 0.14896 0.19662 0.41615 1650.560
1.415 0.64648 69.13321 0.49527 44.69306 0.23860 0.14854 0.19699 0.41587 1650.010
1.420 0.64617 69.01968 0.49423 44.59849 0.23892 0.14813 0.19735 0.41560 1649.460
1.425 0.64587 68.90637 0.49318 44.50424 0.23924 0.14771 0.19772 0.41533 1648.910
1.430 0.64556 68.79327 0.49214 44.41030 0.23956 0.14730 0.19809 0.41505 1648.361
1.435 0.64526 68.68039 0.49110 44.31666 0.23988 0.14688 0.19846 0.41478 1647.812
1.440 0.64496 68.56773 0.49007 44.22333 0.24020 0.14647 0.19883 0.41450 1647.264
1.445 0.64466 68.45528 0.48904 44.13031 0.24052 0.14606 0.19920 0.41422 1646.716
1.450 0.64436 68.34305 0.48801 44.03759 0.24084 0.14565 0.19957 0.41394 1646.168
1.455 0.64406 68.23104 0.48699 43.94517 0.24116 0.14524 0.19994 0.41367 1645.621
1.460 0.64377 68.11924 0.48596 43.85305 0.24148 0.14483 0.20031 0.41339 1645.075
1.465 0.64348 68.00766 0.48495 43.76124 0.24180 0.14442 0.20068 0.41311 1644.528
1.470 0.64318 67.89630 0.48393 43.66972 0.24211 0.14401 0.20105 0.41282 1643.983
1.475 0.64289 67.78516 0.48292 43.57850 0.24243 0.14360 0.20142 0.41254 1643.437
1.480 0.64260 67.67423 0.48191 43.48758 0.24275 0.14319 0.20180 0.41226 1642.893
1.485 0.64231 67.56352 0.48091 43.39696 0.24307 0.14279 0.20217 0.41197 1642.348
1.490 0.64203 67.45302 0.47991 43.30663 0.24339 0.14238 0.20254 0.41169 1641.804
1.495 0.64174 67.34275 0.47891 43.21659 0.24371 0.14198 0.20291 0.41140 1641.261
1.500 0.64146 67.23268 0.47792 43.12685 0.24402 0.14158 0.20328 0.41112 1640.718
1.505 0.64117 67.12284 0.47693 43.03739 0.24434 0.14117 0.20365 0.41083 1640.175
1.510 0.64089 67.01321 0.47594 42.94823 0.24466 0.14077 0.20403 0.41054 1639.633
1.515 0.64061 66.90380 0.47495 42.85936 0.24498 0.14037 0.20440 0.41025 1639.092
1.520 0.64033 66.79461 0.47397 42.77077 0.24529 0.13997 0.20477 0.40996 1638.551
1.525 0.64006 66.68563 0.47299 42.68248 0.24561 0.13957 0.20514 0.40967 1638.010
1.530 0.63978 66.57687 0.47202 42.59447 0.24593 0.13917 0.20552 0.40938 1637.470
1.535 0.63950 66.46833 0.47105 42.50674 0.24625 0.13877 0.20589 0.40909 1636.930
1.540 0.63923 66.36000 0.47008 42.41930 0.24656 0.13838 0.20626 0.40880 1636.391
1.545 0.63896 66.25189 0.46911 42.33214 0.24688 0.13798 0.20664 0.40851 1635.852
1.550 0.63869 66.14399 0.46815 42.24526 0.24719 0.13758 0.20701 0.40821 1635.313
1.555 0.63842 66.03631 0.46719 42.15866 0.24751 0.13719 0.20738 0.40792 1634.776
1.560 0.63815 65.92885 0.46623 42.07234 0.24783 0.13680 0.20776 0.40762 1634.238
1.565 0.63788 65.82160 0.46528 41.98630 0.24814 0.13640 0.20813 0.40732 1633.701
1.570 0.63761 65.71457 0.46433 41.90054 0.24846 0.13601 0.20851 0.40703 1633.165
1.575 0.63735 65.60775 0.46338 41.81505 0.24877 0.13562 0.20888 0.40673 1632.629
1.580 0.63709 65.50115 0.46244 41.72984 0.24909 0.13523 0.20926 0.40643 1632.093
1.585 0.63682 65.39476 0.46149 41.64491 0.24940 0.13484 0.20963 0.40613 1631.558
1.590 0.63656 65.28859 0.46056 41.56024 0.24972 0.13445 0.21001 0.40583 1631.024
1.595 0.63630 65.18264 0.45962 41.47585 0.25003 0.13406 0.21038 0.40553 1630.490
1.600 0.63604 65.07690 0.45869 41.39173 0.25034 0.13367 0.21076 0.40523 1629.956
1.605 0.63579 64.97138 0.45776 41.30788 0.25066 0.13329 0.21113 0.40492 1629.423
1.610 0.63553 64.86607 0.45683 41.22430 0.25097 0.13290 0.21151 0.40462 1628.891
1.615 0.63527 64.76097 0.45591 41.14099 0.25128 0.13252 0.21188 0.40432 1628.359
1.620 0.63502 64.65609 0.45499 41.05794 0.25160 0.13213 0.21226 0.40401 1627.827
1.625 0.63477 64.55142 0.45407 40.97517 0.25191 0.13175 0.21264 0.40371 1627.296
1.630 0.63452 64.44697 0.45316 40.89265 0.25222 0.13136 0.21301 0.40340 1626.766
1.635 0.63427 64.34273 0.45225 40.81040 0.25254 0.13098 0.21339 0.40309 1626.235
1.640 0.63402 64.23871 0.45134 40.72841 0.25285 0.13060 0.21377 0.40278 1625.706
1.645 0.63377 64.13490 0.45043 40.64669 0.25316 0.13022 0.21414 0.40248 1625.177
1.650 0.63352 64.03130 0.44953 40.56522 0.25347 0.12984 0.21452 0.40217 1624.648
1.655 0.63328 63.92792 0.44863 40.48402 0.25378 0.12946 0.21490 0.40186 1624.120
1.660 0.63303 63.82475 0.44773 40.40308 0.25410 0.12908 0.21527 0.40155 1623.593
1.665 0.63279 63.72179 0.44684 40.32239 0.25441 0.12871 0.21565 0.40123 1623.065
1.670 0.63255 63.61905 0.44595 40.24196 0.25472 0.12833 0.21603 0.40092 1622.539
1.675 0.63230 63.51651 0.44506 40.16179 0.25503 0.12796 0.21641 0.40061 1622.013
1.680 0.63206 63.41419 0.44417 40.08187 0.25534 0.12758 0.21678 0.40030 1621.487
1.685 0.63183 63.31209 0.44329 40.00220 0.25565 0.12721 0.21716 0.39998 1620.962
1.690 0.63159 63.21019 0.44241 39.92279 0.25596 0.12683 0.21754 0.39967 1620.438
1.695 0.63135 63.10851 0.44153 39.84363 0.25627 0.12646 0.21792 0.39935 1619.913
1.700 0.63112 63.00703 0.44066 39.76473 0.25658 0.12609 0.21830 0.39903 1619.390
1.705 0.63088 62.90577 0.43979 39.68607 0.25689 0.12572 0.21868 0.39872 1618.867
1.710 0.63065 62.80472 0.43892 39.60766 0.25720 0.12535 0.21905 0.39840 1618.344
1.715 0.63042 62.70388 0.43805 39.52951 0.25751 0.12498 0.21943 0.39808 1617.822
1.720 0.63018 62.60326 0.43719 39.45160 0.25781 0.12461 0.21981 0.39776 1617.301
1.725 0.62995 62.50284 0.43633 39.37393 0.25812 0.12424 0.22019 0.39744 1616.780
1.730 0.62973 62.40263 0.43547 39.29651 0.25843 0.12388 0.22057 0.39712 1616.259
1.735 0.62950 62.30263 0.43462 39.21934 0.25874 0.12351 0.22095 0.39680 1615.739
1.740 0.62927 62.20285 0.43376 39.14241 0.25905 0.12315 0.22133 0.39648 1615.220
1.745 0.62904 62.10327 0.43291 39.06572 0.25935 0.12278 0.22171 0.39615 1614.701
1.750 0.62882 62.00390 0.43207 38.98928 0.25966 0.12242 0.22209 0.39583 1614.183
1.755 0.62860 61.90474 0.43122 38.91308 0.25997 0.12205 0.22247 0.39551 1613.665
1.760 0.62837 61.80579 0.43038 38.83712 0.26028 0.12169 0.22285 0.39518 1613.147
1.765 0.62815 61.70704 0.42954 38.76139 0.26058 0.12133 0.22323 0.39486 1612.630
1.770 0.62793 61.60851 0.42870 38.68591 0.26089 0.12097 0.22361 0.39453 1612.114
1.775 0.62771 61.51018 0.42787 38.61066 0.26119 0.12061 0.22399 0.39421 1611.598
1.780 0.62749 61.41206 0.42704 38.53565 0.26150 0.12025 0.22437 0.39388 1611.083
1.785 0.62728 61.31415 0.42621 38.46088 0.26180 0.11989 0.22475 0.39355 1610.568
1.790 0.62706 61.21645 0.42538 38.38634 0.26211 0.11954 0.22513 0.39322 1610.054
1.795 0.62684 61.11895 0.42456 38.31203 0.26241 0.11918 0.22551 0.39289 1609.540
1.800 0.62663 61.02166 0.42374 38.23796 0.26272 0.11882 0.22589 0.39256 1609.027
1.805 0.62642 60.92457 0.42292 38.16412 0.26302 0.11847 0.22627 0.39223 1608.514
1.810 0.62620 60.82770 0.42211 38.09051 0.26333 0.11812 0.22666 0.39190 1608.002
1.815 0.62599 60.73102 0.42129 38.01713 0.26363 0.11776 0.22704 0.39157 1607.490
1.820 0.62578 60.63456 0.42048 37.94399 0.26394 0.11741 0.22742 0.39124 1606.979
1.825 0.62557 60.53829 0.41967 37.87107 0.26424 0.11706 0.22780 0.39090 1606.469
1.830 0.62536 60.44224 0.41887 37.79838 0.26454 0.11671 0.22818 0.39057 1605.959
1.835 0.62516 60.34639 0.41807 37.72591 0.26484 0.11636 0.22856 0.39024 1605.449
1.840 0.62495 60.25074 0.41727 37.65368 0.26515 0.11601 0.22894 0.38990 1604.940
1.845 0.62474 60.15530 0.41647 37.58167 0.26545 0.11566 0.22933 0.38957 1604.432
1.850 0.62454 60.06006 0.41567 37.50988 0.26575 0.11531 0.22971 0.38923 1603.924
1.855 0.62434 59.96502 0.41488 37.43832 0.26605 0.11496 0.23009 0.38889 1603.416
1.860 0.62413 59.87019 0.41409 37.36698 0.26635 0.11462 0.23047 0.38856 1602.909
1.865 0.62393 59.77556 0.41330 37.29586 0.26666 0.11427 0.23085 0.38822 1602.403
1.870 0.62373 59.68113 0.41251 37.22496 0.26696 0.11393 0.23124 0.38788 1601.897
1.875 0.62353 59.58691 0.41173 37.15429 0.26726 0.11358 0.23162 0.38754 1601.392
1.880 0.62333 59.49288 0.41095 37.08383 0.26756 0.11324 0.23200 0.38720 1600.887
1.885 0.62313 59.39906 0.41017 37.01359 0.26786 0.11290 0.23239 0.38686 1600.383
1.890 0.62294 59.30544 0.40940 36.94357 0.26816 0.11255 0.23277 0.38652 1599.879
1.895 0.62274 59.21203 0.40862 36.87377 0.26846 0.11221 0.23315 0.38618 1599.376
1.900 0.62255 59.11881 0.40785 36.80419 0.26876 0.11187 0.23353 0.38584 1598.873
1.905 0.62235 59.02579 0.40708 36.73482 0.26906 0.11153 0.23392 0.38549 1598.371
1.910 0.62216 58.93297 0.40632 36.66566 0.26935 0.11120 0.23430 0.38515 1597.869
1.915 0.62197 58.84036 0.40555 36.59672 0.26965 0.11086 0.23468 0.38481 1597.368
1.920 0.62177 58.74794 0.40479 36.52799 0.26995 0.11052 0.23507 0.38446 1596.868
1.925 0.62158 58.65572 0.40403 36.45948 0.27025 0.11018 0.23545 0.38412 1596.368
1.930 0.62139 58.56370 0.40327 36.39117 0.27055 0.10985 0.23583 0.38377 1595.868
1.935 0.62121 58.47188 0.40252 36.32308 0.27084 0.10951 0.23622 0.38343 1595.370
1.940 0.62102 58.38026 0.40177 36.25520 0.27114 0.10918 0.23660 0.38308 1594.871
1.945 0.62083 58.28883 0.40102 36.18753 0.27144 0.10885 0.23699 0.38273 1594.373
1.950 0.62065 58.19761 0.40027 36.12006 0.27173 0.10851 0.23737 0.38238 1593.876
1.955 0.62046 58.10658 0.39953 36.05281 0.27203 0.10818 0.23775 0.38204 1593.379
1.960 0.62028 58.01575 0.39878 35.98576 0.27232 0.10785 0.23814 0.38169 1592.883
1.965 0.62009 57.92511 0.39804 35.91892 0.27262 0.10752 0.23852 0.38134 1592.387
1.970 0.61991 57.83467 0.39730 35.85228 0.27291 0.10719 0.23891 0.38099 1591.892
1.975 0.61973 57.74443 0.39657 35.78585 0.27321 0.10686 0.23929 0.38064 1591.397
1.980 0.61955 57.65438 0.39583 35.71962 0.27350 0.10654 0.23967 0.38029 1590.903
1.985 0.61937 57.56453 0.39510 35.65359 0.27380 0.10621 0.24006 0.37994 1590.410
1.990 0.61919 57.47487 0.39437 35.58777 0.27409 0.10588 0.24044 0.37958 1589.917
1.995 0.61901 57.38540 0.39364 35.52215 0.27439 0.10556 0.24083 0.37923 1589.424
2.000 0.61883 57.29614 0.39292 35.45673 0.27468 0.10523 0.24121 0.37888 1588.932
2.005 0.61866 57.20706 0.39220 35.39151 0.27497 0.10491 0.24160 0.37852 1588.441
2.010 0.61848 57.11818 0.39148 35.32649 0.27526 0.10458 0.24198 0.37817 1587.950
2.015 0.61831 57.02949 0.39076 35.26167 0.27556 0.10426 0.24237 0.37781 1587.460
2.020 0.61813 56.94100 0.39004 35.19705 0.27585 0.10394 0.24275 0.37746 1586.970
2.025 0.61796 56.85269 0.38933 35.13262 0.27614 0.10362 0.24314 0.37710 1586.481
2.030 0.61779 56.76458 0.38862 35.06839 0.27643 0.10330 0.24352 0.37675 1585.992
2.035 0.61762 56.67666 0.38791 35.00436 0.27672 0.10298 0.24391 0.37639 1585.504
2.040 0.61744 56.58894 0.38720 34.94052 0.27701 0.10266 0.24429 0.37603 1585.016
2.045 0.61727 56.50140 0.38649 34.87688 0.27730 0.10234 0.24468 0.37568 1584.529
2.050 0.61711 56.41406 0.38579 34.81343 0.27759 0.10203 0.24506 0.37532 1584.042
2.055 0.61694 56.32690 0.38509 34.75018 0.27788 0.10171 0.24545 0.37496 1583.556
2.060 0.61677 56.23994 0.38439 34.68711 0.27817 0.10139 0.24583 0.37460 1583.071
2.065 0.61660 56.15316 0.38369 34.62424 0.27846 0.10108 0.24622 0.37424 1582.586
2.070 0.61644 56.06658 0.38300 34.56156 0.27875 0.10076 0.24660 0.37388 1582.102
2.075 0.61627 55.98018 0.38231 34.49907 0.27904 0.10045 0.24699 0.37352 1581.618
2.080 0.61611 55.89397 0.38162 34.43677 0.27933 0.10014 0.24737 0.37316 1581.134
2.085 0.61595 55.80796 0.38093 34.37465 0.27962 0.09983 0.24776 0.37280 1580.652
2.090 0.61578 55.72212 0.38024 34.31273 0.27990 0.09952 0.24815 0.37243 1580.169
2.095 0.61562 55.63648 0.37956 34.25099 0.28019 0.09920 0.24853 0.37207 1579.688
2.100 0.61546 55.55102 0.37888 34.18944 0.28048 0.09890 0.24892 0.37171 1579.206
2.105 0.61530 55.46576 0.37820 34.12808 0.28077 0.09859 0.24930 0.37134 1578.726
2.110 0.61514 55.38067 0.37752 34.06690 0.28105 0.09828 0.24969 0.37098 1578.246
2.115 0.61498 55.29578 0.37684 34.00591 0.28134 0.09797 0.25008 0.37062 1577.766
2.120 0.61482 55.21107 0.37617 33.94510 0.28162 0.09766 0.25046 0.37025 1577.287
2.125 0.61467 55.12654 0.37550 33.88448 0.28191 0.09736 0.25085 0.36989 1576.809
2.130 0.61451 55.04220 0.37483 33.82403 0.28219 0.09705 0.25123 0.36952 1576.331
2.135 0.61436 54.95805 0.37416 33.76377 0.28248 0.09675 0.25162 0.36915 1575.853
2.140 0.61420 54.87408 0.37349 33.70369 0.28276 0.09644 0.25201 0.36879 1575.376
2.145 0.61405 54.79029 0.37283 33.64379 0.28305 0.09614 0.25239 0.36842 1574.900
2.150 0.61389 54.70669 0.37217 33.58408 0.28333 0.09584 0.25278 0.36805 1574.424
2.155 0.61374 54.62327 0.37151 33.52454 0.28361 0.09554 0.25316 0.36768 1573.949
2.160 0.61359 54.54003 0.37085 33.46518 0.28390 0.09524 0.25355 0.36732 1573.474
2.165 0.61344 54.45698 0.37019 33.40600 0.28418 0.09494 0.25394 0.36695 1573.000
2.170 0.61329 54.37410 0.36954 33.34699 0.28446 0.09464 0.25432 0.36658 1572.526
2.175 0.61314 54.29141 0.36889 33.28816 0.28474 0.09434 0.25471 0.36621 1572.053
2.180 0.61299 54.20891 0.36824 33.22951 0.28503 0.09404 0.25510 0.36584 1571.581
2.185 0.61284 54.12658 0.36759 33.17104 0.28531 0.09374 0.25548 0.36547 1571.109
2.190 0.61269 54.04443 0.36694 33.11274 0.28559 0.09345 0.25587 0.36510 1570.637
2.195 0.61255 53.96247 0.36630 33.05461 0.28587 0.09315 0.25626 0.36472 1570.166
2.200 0.61240 53.88068 0.36566 32.99666 0.28615 0.09286 0.25664 0.36435 1569.696
2.205 0.61226 53.79907 0.36502 32.93888 0.28643 0.09256 0.25703 0.36398 1569.226
2.210 0.61211 53.71765 0.36438 32.88127 0.28671 0.09227 0.25742 0.36361 1568.756
2.215 0.61197 53.63640 0.36374 32.82384 0.28699 0.09198 0.25780 0.36323 1568.288
2.220 0.61183 53.55533 0.36311 32.76657 0.28727 0.09169 0.25819 0.36286 1567.819
2.225 0.61168 53.47444 0.36248 32.70948 0.28754 0.09139 0.25858 0.36249 1567.352
2.230 0.61154 53.39373 0.36184 32.65256 0.28782 0.09110 0.25896 0.36211 1566.884
2.235 0.61140 53.31319 0.36122 32.59580 0.28810 0.09081 0.25935 0.36174 1566.418
2.240 0.61126 53.23283 0.36059 32.53922 0.28838 0.09053 0.25974 0.36136 1565.952
2.245 0.61112 53.15265 0.35996 32.48280 0.28865 0.09024 0.26012 0.36099 1565.486
2.250 0.61098 53.07264 0.35934 32.42655 0.28893 0.08995 0.26051 0.36061 1565.021
2.255 0.61085 52.99281 0.35872 32.37047 0.28921 0.08966 0.26090 0.36023 1564.556
2.260 0.61071 52.91316 0.35810 32.31455 0.28948 0.08938 0.26128 0.35986 1564.092
2.265 0.61057 52.83368 0.35748 32.25880 0.28976 0.08909 0.26167 0.35948 1563.629
2.270 0.61044 52.75438 0.35687 32.20322 0.29003 0.08881 0.26206 0.35910 1563.166
2.275 0.61030 52.67525 0.35625 32.14780 0.29031 0.08852 0.26244 0.35873 1562.704
2.280 0.61017 52.59629 0.35564 32.09254 0.29058 0.08824 0.26283 0.35835 1562.242
2.285 0.61003 52.51751 0.35503 32.03745 0.29086 0.08796 0.26322 0.35797 1561.780
2.290 0.60990 52.43890 0.35442 31.98252 0.29113 0.08768 0.26360 0.35759 1561.320
2.295 0.60977 52.36047 0.35381 31.92775 0.29141 0.08739 0.26399 0.35721 1560.859
2.300 0.60964 52.28221 0.35321 31.87314 0.29168 0.08711 0.26438 0.35683 1560.400
2.305 0.60951 52.20412 0.35260 31.81870 0.29195 0.08683 0.26476 0.35645 1559.940
2.310 0.60938 52.12620 0.35200 31.76441 0.29222 0.08656 0.26515 0.35607 1559.482
2.315 0.60925 52.04845 0.35140 31.71028 0.29250 0.08628 0.26554 0.35569 1559.024
2.320 0.60912 51.97088 0.35080 31.65632 0.29277 0.08600 0.26592 0.35531 1558.566
2.325 0.60899 51.89347 0.35021 31.60251 0.29304 0.08572 0.26631 0.35493 1558.109
2.330 0.60886 51.81624 0.34961 31.54886 0.29331 0.08545 0.26670 0.35455 1557.652
2.335 0.60873 51.73918 0.34902 31.49537 0.29358 0.08517 0.26708 0.35416 1557.196
2.340 0.60861 51.66228 0.34843 31.44204 0.29385 0.08490 0.26747 0.35378 1556.741
2.345 0.60848 51.58556 0.34784 31.38886 0.29412 0.08462 0.26786 0.35340 1556.286
2.350 0.60836 51.50900 0.34725 31.33584 0.29439 0.08435 0.26825 0.35302 1555.832
2.355 0.60823 51.43262 0.34667 31.28297 0.29466 0.08408 0.26863 0.35263 1555.378
2.360 0.60811 51.35640 0.34608 31.23026 0.29493 0.08380 0.26902 0.35225 1554.924
2.365 0.60799 51.28035 0.34550 31.17770 0.29520 0.08353 0.26941 0.35187 1554.472
2.370 0.60786 51.20446 0.34492 31.12529 0.29546 0.08326 0.26979 0.35148 1554.019
2.375 0.60774 51.12875 0.34434 31.07304 0.29573 0.08299 0.27018 0.35110 1553.567
2.380 0.60762 51.05320 0.34376 31.02094 0.29600 0.08272 0.27057 0.35071 1553.116
2.385 0.60750 50.97781 0.34319 30.96900 0.29626 0.08246 0.27095 0.35033 1552.666
2.390 0.60738 50.90260 0.34261 30.91720 0.29653 0.08219 0.27134 0.34994 1552.215
2.395 0.60726 50.82755 0.34204 30.86556 0.29680 0.08192 0.27173 0.34955 1551.766
2.400 0.60714 50.75266 0.34147 30.81407 0.29706 0.08166 0.27211 0.34917 1551.317
2.405 0.60702 50.67794 0.34090 30.76272 0.29733 0.08139 0.27250 0.34878 1550.868
2.410 0.60691 50.60338 0.34033 30.71153 0.29759 0.08112 0.27289 0.34840 1550.420
2.415 0.60679 50.52899 0.33977 30.66048 0.29786 0.08086 0.27327 0.34801 1549.972
2.420 0.60667 50.45476 0.33921 30.60959 0.29812 0.08060 0.27366 0.34762 1549.525
2.425 0.60656 50.38070 0.33864 30.55884 0.29839 0.08033 0.27405 0.34723 1549.079
2.430 0.60644 50.30679 0.33808 30.50823 0.29865 0.08007 0.27443 0.34685 1548.633
2.435 0.60633 50.23306 0.33752 30.45778 0.29891 0.07981 0.27482 0.34646 1548.187
2.440 0.60622 50.15948 0.33697 30.40747 0.29917 0.07955 0.27521 0.34607 1547.742
2.445 0.60610 50.08606 0.33641 30.35731 0.29944 0.07929 0.27559 0.34568 1547.298
2.450 0.60599 50.01281 0.33586 30.30729 0.29970 0.07903 0.27598 0.34529 1546.854
2.455 0.60588 49.93972 0.33530 30.25742 0.29996 0.07877 0.27637 0.34490 1546.411
2.460 0.60577 49.86679 0.33475 30.20769 0.30022 0.07851 0.27675 0.34451 1545.968
2.465 0.60566 49.79402 0.33420 30.15810 0.30048 0.07826 0.27714 0.34412 1545.526
2.470 0.60555 49.72141 0.33365 30.10866 0.30074 0.07800 0.27753 0.34373 1545.084
2.475 0.60544 49.64896 0.33311 30.05936 0.30100 0.07774 0.27791 0.34334 1544.643
2.480 0.60533 49.57667 0.33256 30.01020 0.30126 0.07749 0.27830 0.34295 1544.202
2.485 0.60522 49.50453 0.33202 29.96118 0.30152 0.07723 0.27868 0.34256 1543.762
2.490 0.60511 49.43256 0.33148 29.91231 0.30178 0.07698 0.27907 0.34217 1543.322
2.495 0.60501 49.36075 0.33094 29.86357 0.30204 0.07673 0.27946 0.34178 1542.883
2.500 0.60490 49.28909 0.33040 29.81498 0.30230 0.07648 0.27984 0.34139 1542.444
2.505 0.60479 49.21759 0.32986 29.76652 0.30255 0.07622 0.28023 0.34099 1542.006
2.510 0.60469 49.14625 0.32933 29.71821 0.30281 0.07597 0.28062 0.34060 1541.568
2.515 0.60458 49.07506 0.32879 29.67003 0.30307 0.07572 0.28100 0.34021 1541.131
2.520 0.60448 49.00403 0.32826 29.62199 0.30332 0.07547 0.28139 0.33982 1540.695
2.525 0.60438 48.93316 0.32773 29.57409 0.30358 0.07522 0.28177 0.33942 1540.258
2.530 0.60427 48.86245 0.32720 29.52633 0.30383 0.07497 0.28216 0.33903 1539.823
2.535 0.60417 48.79188 0.32667 29.47870 0.30409 0.07473 0.28255 0.33864 1539.388
2.540 0.60407 48.72148 0.32615 29.43121 0.30434 0.07448 0.28293 0.33824 1538.953
2.545 0.60397 48.65123 0.32562 29.38385 0.30460 0.07423 0.28332 0.33785 1538.519
2.550 0.60387 48.58113 0.32510 29.33663 0.30485 0.07399 0.28370 0.33746 1538.086
2.555 0.60377 48.51119 0.32458 29.28954 0.30511 0.07374 0.28409 0.33706 1537.653
2.560 0.60367 48.44140 0.32406 29.24259 0.30536 0.07350 0.28447 0.33667 1537.220
2.565 0.60357 48.37176 0.32354 29.19578 0.30561 0.07325 0.28486 0.33627 1536.788
2.570 0.60347 48.30228 0.32302 29.14909 0.30586 0.07301 0.28525 0.33588 1536.357
2.575 0.60337 48.23295 0.32250 29.10254 0.30612 0.07277 0.28563 0.33548 1535.926
2.580 0.60328 48.16377 0.32199 29.05612 0.30637 0.07253 0.28602 0.33509 1535.496
2.585 0.60318 48.09475 0.32148 29.00983 0.30662 0.07229 0.28640 0.33469 1535.066
2.590 0.60308 48.02587 0.32097 28.96368 0.30687 0.07204 0.28679 0.33430 1534.636
2.595 0.60299 47.95715 0.32046 28.91765 0.30712 0.07180 0.28717 0.33390 1534.207
2.600 0.60289 47.88858 0.31995 28.87176 0.30737 0.07157 0.28756 0.33351 1533.779
2.605 0.60280 47.82015 0.31944 28.82600 0.30762 0.07133 0.28794 0.33311 1533.351
2.610 0.60271 47.75188 0.31893 28.78036 0.30787 0.07109 0.28833 0.33271 1532.924
2.615 0.60261 47.68376 0.31843 28.73486 0.30812 0.07085 0.28871 0.33232 1532.497
2.620 0.60252 47.61579 0.31793 28.68948 0.30837 0.07062 0.28910 0.33192 1532.071
2.625 0.60243 47.54796 0.31743 28.64423 0.30861 0.07038 0.28948 0.33152 1531.645
2.630 0.60234 47.48029 0.31693 28.59911 0.30886 0.07014 0.28987 0.33113 1531.220
2.635 0.60225 47.41276 0.31643 28.55412 0.30911 0.06991 0.29025 0.33073 1530.795
2.640 0.60215 47.34538 0.31593 28.50925 0.30935 0.06968 0.29064 0.33033 1530.370
2.645 0.60206 47.27815 0.31543 28.46452 0.30960 0.06944 0.29102 0.32993 1529.947
2.650 0.60198 47.21107 0.31494 28.41990 0.30985 0.06921 0.29141 0.32954 1529.523
2.655 0.60189 47.14413 0.31445 28.37541 0.31009 0.06898 0.29179 0.32914 1529.101
2.660 0.60180 47.07734 0.31396 28.33105 0.31034 0.06875 0.29218 0.32874 1528.678
2.665 0.60171 47.01070 0.31346 28.28681 0.31058 0.06852 0.29256 0.32834 1528.257
2.670 0.60162 46.94420 0.31298 28.24270 0.31083 0.06829 0.29295 0.32794 1527.835
2.675 0.60154 46.87785 0.31249 28.19871 0.31107 0.06806 0.29333 0.32754 1527.415
2.680 0.60145 46.81164 0.31200 28.15485 0.31131 0.06783 0.29371 0.32715 1526.994
2.685 0.60136 46.74558 0.31152 28.11110 0.31156 0.06760 0.29410 0.32675 1526.575
2.690 0.60128 46.67966 0.31103 28.06748 0.31180 0.06737 0.29448 0.32635 1526.155
2.695 0.60119 46.61388 0.31055 28.02398 0.31204 0.06714 0.29487 0.32595 1525.737
2.700 0.60111 46.54825 0.31007 27.98061 0.31228 0.06692 0.29525 0.32555 1525.318
2.705 0.60103 46.48277 0.30959 27.93735 0.31252 0.06669 0.29564 0.32515 1524.901
2.710 0.60094 46.41743 0.30911 27.89422 0.31276 0.06647 0.29602 0.32475 1524.483
2.715 0.60086 46.35222 0.30864 27.85120 0.31300 0.06624 0.29640 0.32435 1524.067
2.720 0.60078 46.28717 0.30816 27.80831 0.31324 0.06602 0.29679 0.32395 1523.650
2.725 0.60070 46.22225 0.30769 27.76554 0.31348 0.06580 0.29717 0.32355 1523.235
2.730 0.60062 46.15748 0.30722 27.72288 0.31372 0.06557 0.29755 0.32315 1522.819
2.735 0.60053 46.09284 0.30674 27.68035 0.31396 0.06535 0.29794 0.32275 1522.405
2.740 0.60045 46.02835 0.30627 27.63793 0.31420 0.06513 0.29832 0.32235 1521.990
2.745 0.60037 45.96400 0.30581 27.59563 0.31444 0.06491 0.29870 0.32195 1521.577
2.750 0.60030 45.89979 0.30534 27.55345 0.31467 0.06469 0.29909 0.32155 1521.163
2.755 0.60022 45.83572 0.30487 27.51138 0.31491 0.06447 0.29947 0.32115 1520.751
2.760 0.60014 45.77179 0.30441 27.46943 0.31515 0.06425 0.29985 0.32075 1520.338
2.765 0.60006 45.70800 0.30394 27.42760 0.31538 0.06403 0.30024 0.32035 1519.926
2.770 0.59998 45.64434 0.30348 27.38589 0.31562 0.06382 0.30062 0.31994 1519.515
2.775 0.59991 45.58083 0.30302 27.34429 0.31586 0.06360 0.30100 0.31954 1519.104
2.780 0.59983 45.51746 0.30256 27.30280 0.31609 0.06338 0.30139 0.31914 1518.694
2.785 0.59976 45.45422 0.30210 27.26143 0.31632 0.06317 0.30177 0.31874 1518.284
2.790 0.59968 45.39112 0.30164 27.22017 0.31656 0.06295 0.30215 0.31834 1517.875
2.795 0.59961 45.32816 0.30119 27.17903 0.31679 0.06274 0.30253 0.31794 1517.466
2.800 0.59953 45.26533 0.30073 27.13800 0.31703 0.06252 0.30292 0.31754 1517.058
2.805 0.59946 45.20264 0.30028 27.09709 0.31726 0.06231 0.30330 0.31713 1516.650
2.810 0.59938 45.14009 0.29983 27.05629 0.31749 0.06210 0.30368 0.31673 1516.243
2.815 0.59931 45.07768 0.29938 27.01560 0.31772 0.06189 0.30406 0.31633 1515.836
2.820 0.59924 45.01539 0.29893 26.97502 0.31795 0.06167 0.30444 0.31593 1515.429
2.825 0.59917 44.95325 0.29848 26.93455 0.31818 0.06146 0.30483 0.31553 1515.023
2.830 0.59910 44.89124 0.29803 26.89420 0.31841 0.06125 0.30521 0.31512 1514.618
2.835 0.59903 44.82936 0.29759 26.85395 0.31865 0.06104 0.30559 0.31472 1514.213
2.840 0.59896 44.76762 0.29714 26.81382 0.31887 0.06083 0.30597 0.31432 1513.809
2.845 0.59889 44.70602 0.29670 26.77379 0.31910 0.06063 0.30635 0.31392 1513.405
2.850 0.59882 44.64454 0.29626 26.73388 0.31933 0.06042 0.30673 0.31351 1513.001
2.855 0.59875 44.58320 0.29581 26.69408 0.31956 0.06021 0.30712 0.31311 1512.598
2.860 0.59868 44.52200 0.29537 26.65438 0.31979 0.06000 0.30750 0.31271 1512.196
2.865 0.59861 44.46092 0.29494 26.61479 0.32002 0.05980 0.30788 0.31231 1511.794
2.870 0.59854 44.39998 0.29450 26.57531 0.32024 0.05959 0.30826 0.31190 1511.392
2.875 0.59848 44.33917 0.29406 26.53594 0.32047 0.05939 0.30864 0.31150 1510.991
2.880 0.59841 44.27850 0.29363 26.49668 0.32070 0.05918 0.30902 0.31110 1510.591
2.885 0.59834 44.21795 0.29319 26.45752 0.32092 0.05898 0.30940 0.31069 1510.191
2.890 0.59828 44.15754 0.29276 26.41847 0.32115 0.05878 0.30978 0.31029 1509.791
2.895 0.59821 44.09725 0.29233 26.37953 0.32137 0.05858 0.31016 0.30989 1509.392
2.900 0.59815 44.03710 0.29190 26.34069 0.32160 0.05837 0.31054 0.30949 1508.993
2.905 0.59808 43.97707 0.29147 26.30196 0.32182 0.05817 0.31092 0.30908 1508.595
2.910 0.59802 43.91718 0.29104 26.26334 0.32205 0.05797 0.31130 0.30868 1508.198
2.915 0.59796 43.85742 0.29061 26.22482 0.32227 0.05777 0.31168 0.30828 1507.800
2.920 0.59789 43.79778 0.29019 26.18640 0.32249 0.05757 0.31206 0.30787 1507.404
2.925 0.59783 43.73828 0.28976 26.14809 0.32271 0.05737 0.31244 0.30747 1507.008
2.930 0.59777 43.67890 0.28934 26.10988 0.32294 0.05717 0.31282 0.30707 1506.612
2.935 0.59771 43.61965 0.28892 26.07177 0.32316 0.05698 0.31320 0.30666 1506.216
2.940 0.59765 43.56053 0.28850 26.03377 0.32338 0.05678 0.31358 0.30626 1505.822
2.945 0.59759 43.50154 0.28808 25.99587 0.32360 0.05658 0.31396 0.30586 1505.427
2.950 0.59752 43.44267 0.28766 25.95807 0.32382 0.05639 0.31434 0.30545 1505.034
2.955 0.59746 43.38393 0.28724 25.92038 0.32404 0.05619 0.31472 0.30505 1504.640
2.960 0.59741 43.32532 0.28682 25.88279 0.32426 0.05600 0.31510 0.30465 1504.247
2.965 0.59735 43.26683 0.28641 25.84530 0.32448 0.05580 0.31548 0.30424 1503.855
2.970 0.59729 43.20847 0.28599 25.80791 0.32469 0.05561 0.31586 0.30384 1503.463
2.975 0.59723 43.15024 0.28558 25.77062 0.32491 0.05542 0.31624 0.30343 1503.071
2.980 0.59717 43.09213 0.28517 25.73343 0.32513 0.05522 0.31662 0.30303 1502.680
2.985 0.59712 43.03414 0.28476 25.69634 0.32535 0.05503 0.31699 0.30263 1502.290
2.990 0.59706 42.97629 0.28435 25.65935 0.32556 0.05484 0.31737 0.30222 1501.900
2.995 0.59700 42.91855 0.28394 25.62246 0.32578 0.05465 0.31775 0.30182 1501.510
3.000 0.59695 42.86094 0.28353 25.58567 0.32600 0.05446 0.31813 0.30142 1501.121
3.005 0.59689 42.80345 0.28313 25.54897 0.32621 0.05427 0.31851 0.30101 1500.732
3.010 0.59684 42.74609 0.28272 25.51238 0.32643 0.05408 0.31888 0.30061 1500.344
3.015 0.59678 42.68885 0.28232 25.47588 0.32664 0.05389 0.31926 0.30021 1499.956
3.020 0.59673 42.63174 0.28191 25.43949 0.32685 0.05370 0.31964 0.29980 1499.569
3.025 0.59667 42.57474 0.28151 25.40319 0.32707 0.05352 0.32002 0.29940 1499.182
3.030 0.59662 42.51787 0.28111 25.36698 0.32728 0.05333 0.32040 0.29900 1498.796
3.035 0.59657 42.46112 0.28071 25.33087 0.32749 0.05314 0.32077 0.29859 1498.410
3.040 0.59651 42.40449 0.28031 25.29486 0.32771 0.05296 0.32115 0.29819 1498.025
3.045 0.59646 42.34799 0.27991 25.25895 0.32792 0.05277 0.32153 0.29778 1497.640
3.050 0.59641 42.29160 0.27951 25.22313 0.32813 0.05259 0.32190 0.29738 1497.255
3.055 0.59636 42.23534 0.27912 25.18741 0.32834 0.05240 0.32228 0.29698 1496.871
3.060 0.59631 42.17919 0.27872 25.15178 0.32855 0.05222 0.32266 0.29657 1496.488
3.065 0.59626 42.12317 0.27833 25.11624 0.32876 0.05204 0.32303 0.29617 1496.105
3.070 0.59621 42.06727 0.27794 25.08080 0.32897 0.05185 0.32341 0.29577 1495.722
3.075 0.59616 42.01148 0.27755 25.04546 0.32918 0.05167 0.32379 0.29536 1495.340
3.080 0.59611 41.95582 0.27715 25.01021 0.32939 0.05149 0.32416 0.29496 1494.958
3.085 0.59606 41.90027 0.27677 24.97505 0.32959 0.05131 0.32454 0.29456 1494.577
3.090 0.59601 41.84485 0.27638 24.93999 0.32980 0.05113 0.32491 0.29415 1494.196
3.095 0.59596 41.78954 0.27599 24.90501 0.33001 0.05095 0.32529 0.29375 1493.816
3.100 0.59592 41.73435 0.27560 24.87013 0.33022 0.05077 0.32567 0.29335 1493.436
3.105 0.59587 41.67928 0.27522 24.83535 0.33042 0.05059 0.32604 0.29294 1493.056
3.110 0.59582 41.62432 0.27483 24.80065 0.33063 0.05041 0.32642 0.29254 1492.677
3.115 0.59577 41.56948 0.27445 24.76605 0.33083 0.05024 0.32679 0.29214 1492.299
3.120 0.59573 41.51476 0.27407 24.73154 0.33104 0.05006 0.32717 0.29174 1491.921
3.125 0.59568 41.46016 0.27369 24.69711 0.33124 0.04988 0.32754 0.29133 1491.543
3.130 0.59564 41.40567 0.27330 24.66278 0.33145 0.04971 0.32792 0.29093 1491.166
3.135 0.59559 41.35130 0.27293 24.62854 0.33165 0.04953 0.32829 0.29053 1490.789
3.140 0.59555 41.29704 0.27255 24.59439 0.33185 0.04936 0.32867 0.29012 1490.413
3.145 0.59550 41.24290 0.27217 24.56033 0.33206 0.04918 0.32904 0.28972 1490.037
3.150 0.59546 41.18888 0.27179 24.52636 0.33226 0.04901 0.32941 0.28932 1489.662
3.155 0.59542 41.13497 0.27142 24.49248 0.33246 0.04883 0.32979 0.28892 1489.287
3.160 0.59537 41.08117 0.27104 24.45869 0.33266 0.04866 0.33016 0.28851 1488.913
3.165 0.59533 41.02749 0.27067 24.42498 0.33286 0.04849 0.33054 0.28811 1488.539
3.170 0.59529 40.97393 0.27030 24.39137 0.33306 0.04832 0.33091 0.28771 1488.165
3.175 0.59525 40.92047 0.26993 24.35784 0.33326 0.04815 0.33128 0.28731 1487.792
3.180 0.59521 40.86714 0.26955 24.32440 0.33346 0.04798 0.33166 0.28690 1487.420
3.185 0.59517 40.81391 0.26919 24.29105 0.33366 0.04781 0.33203 0.28650 1487.047
3.190 0.59513 40.76080 0.26882 24.25778 0.33386 0.04764 0.33240 0.28610 1486.676
3.195 0.59509 40.70780 0.26845 24.22460 0.33406 0.04747 0.33278 0.28570 1486.304
3.200 0.59505 40.65491 0.26808 24.19151 0.33426 0.04730 0.33315 0.28530 1485.933
3.205 0.59501 40.60213 0.26772 24.15851 0.33446 0.04713 0.33352 0.28489 1485.563
3.210 0.59497 40.54947 0.26735 24.12559 0.33465 0.04696 0.33389 0.28449 1485.193
3.215 0.59493 40.49691 0.26699 24.09275 0.33485 0.04680 0.33427 0.28409 1484.824
3.220 0.59489 40.44447 0.26662 24.06000 0.33505 0.04663 0.33464 0.28369 1484.454
3.225 0.59485 40.39214 0.26626 24.02734 0.33524 0.04646 0.33501 0.28329 1484.086
3.230 0.59481 40.33992 0.26590 23.99476 0.33544 0.04630 0.33538 0.28289 1483.718
3.235 0.59478 40.28781 0.26554 23.96226 0.33563 0.04613 0.33575 0.28248 1483.350
3.240 0.59474 40.23581 0.26518 23.92985 0.33582 0.04597 0.33612 0.28208 1482.983
3.245 0.59470 40.18393 0.26482 23.89753 0.33602 0.04580 0.33650 0.28168 1482.616
3.250 0.59467 40.13215 0.26447 23.86529 0.33621 0.04564 0.33687 0.28128 1482.249
3.255 0.59463 40.08048 0.26411 23.83313 0.33640 0.04548 0.33724 0.28088 1481.883
3.260 0.59460 40.02891 0.26376 23.80105 0.33660 0.04532 0.33761 0.28048 1481.518
3.265 0.59456 39.97746 0.26340 23.76906 0.33679 0.04515 0.33798 0.28008 1481.153
3.270 0.59453 39.92612 0.26305 23.73715 0.33698 0.04499 0.33835 0.27968 1480.788
3.275 0.59449 39.87488 0.26269 23.70532 0.33717 0.04483 0.33872 0.27928 1480.424
3.280 0.59446 39.82375 0.26234 23.67357 0.33736 0.04467 0.33909 0.27888 1480.060
3.285 0.59443 39.77273 0.26199 23.64191 0.33755 0.04451 0.33946 0.27848 1479.697
3.290 0.59439 39.72182 0.26164 23.61033 0.33774 0.04435 0.33983 0.27808 1479.334
3.295 0.59436 39.67102 0.26129 23.57882 0.33793 0.04419 0.34020 0.27768 1478.971
3.300 0.59433 39.62032 0.26094 23.54740 0.33812 0.04403 0.34057 0.27728 1478.609
3.305 0.59429 39.56972 0.26060 23.51606 0.33831 0.04388 0.34094 0.27688 1478.248
3.310 0.59426 39.51924 0.26025 23.48480 0.33850 0.04372 0.34131 0.27648 1477.886
3.315 0.59423 39.46886 0.25991 23.45362 0.33868 0.04356 0.34168 0.27608 1477.526
3.320 0.59420 39.41859 0.25956 23.42253 0.33887 0.04341 0.34205 0.27568 1477.165
3.325 0.59417 39.36842 0.25922 23.39151 0.33906 0.04325 0.34242 0.27528 1476.805
3.330 0.59414 39.31835 0.25887 23.36057 0.33924 0.04309 0.34279 0.27488 1476.446
3.335 0.59411 39.26840 0.25853 23.32970 0.33943 0.04294 0.34315 0.27448 1476.087
3.340 0.59408 39.21854 0.25819 23.29892 0.33961 0.04278 0.34352 0.27408 1475.728
3.345 0.59405 39.16879 0.25785 23.26822 0.33980 0.04263 0.34389 0.27368 1475.370
3.350 0.59402 39.11915 0.25751 23.23759 0.33998 0.04248 0.34426 0.27328 1475.012
3.355 0.59399 39.06961 0.25717 23.20704 0.34017 0.04232 0.34463 0.27288 1474.655
3.360 0.59396 39.02017 0.25684 23.17658 0.34035 0.04217 0.34499 0.27249 1474.298
3.365 0.59394 38.97084 0.25650 23.14618 0.34053 0.04202 0.34536 0.27209 1473.942
3.370 0.59391 38.92161 0.25616 23.11587 0.34072 0.04187 0.34573 0.27169 1473.586
3.375 0.59388 38.87248 0.25583 23.08563 0.34090 0.04172 0.34610 0.27129 1473.230
3.380 0.59385 38.82345 0.25549 23.05547 0.34108 0.04157 0.34646 0.27089 1472.875
3.385 0.59383 38.77453 0.25516 23.02539 0.34126 0.04142 0.34683 0.27049 1472.520
3.390 0.59380 38.72571 0.25483 22.99538 0.34144 0.04127 0.34720 0.27010 1472.166
3.395 0.59378 38.67699 0.25450 22.96545 0.34162 0.04112 0.34756 0.26970 1471.812
3.400 0.59375 38.62838 0.25416 22.93559 0.34180 0.04097 0.34793 0.26930 1471.458
3.405 0.59372 38.57986 0.25383 22.90581 0.34198 0.04082 0.34830 0.26891 1471.105
3.410 0.59370 38.53145 0.25351 22.87610 0.34216 0.04067 0.34866 0.26851 1470.753
3.415 0.59367 38.48313 0.25318 22.84647 0.34234 0.04052 0.34903 0.26811 1470.400
3.420 0.59365 38.43492 0.25285 22.81692 0.34251 0.04038 0.34939 0.26772 1470.049
3.425 0.59363 38.38681 0.25252 22.78744 0.34269 0.04023 0.34976 0.26732 1469.697
3.430 0.59360 38.33880 0.25220 22.75803 0.34287 0.04009 0.35012 0.26692 1469.346
3.435 0.59358 38.29088 0.25187 22.72870 0.34305 0.03994 0.35049 0.26653 1468.996
3.440 0.59356 38.24307 0.25155 22.69944 0.34322 0.03979 0.35085 0.26613 1468.646
3.445 0.59353 38.19536 0.25122 22.67026 0.34340 0.03965 0.35122 0.26573 1468.296
3.450 0.59351 38.14774 0.25090 22.64114 0.34357 0.03951 0.35158 0.26534 1467.947
3.455 0.59349 38.10023 0.25058 22.61210 0.34375 0.03936 0.35195 0.26494 1467.598
3.460 0.59347 38.05281 0.25026 22.58314 0.34392 0.03922 0.35231 0.26455 1467.249
3.465 0.59345 38.00549 0.24994 22.55425 0.34409 0.03908 0.35268 0.26415 1466.901
3.470 0.59343 37.95827 0.24962 22.52543 0.34427 0.03893 0.35304 0.26376 1466.554
3.475 0.59341 37.91115 0.24930 22.49668 0.34444 0.03879 0.35340 0.26336 1466.206
3.480 0.59338 37.86412 0.24898 22.46800 0.34461 0.03865 0.35377 0.26297 1465.860
3.485 0.59336 37.81719 0.24867 22.43940 0.34479 0.03851 0.35413 0.26257 1465.513
3.490 0.59335 37.77036 0.24835 22.41086 0.34496 0.03837 0.35449 0.26218 1465.167
3.495 0.59333 37.72363 0.24803 22.38240 0.34513 0.03823 0.35486 0.26179 1464.822
3.500 0.59331 37.67699 0.24772 22.35401 0.34530 0.03809 0.35522 0.26139 1464.476
3.505 0.59329 37.63045 0.24741 22.32569 0.34547 0.03795 0.35558 0.26100 1464.132
3.510 0.59327 37.58401 0.24709 22.29744 0.34564 0.03781 0.35594 0.26060 1463.787
3.515 0.59325 37.53766 0.24678 22.26926 0.34581 0.03767 0.35631 0.26021 1463.443
3.520 0.59323 37.49140 0.24647 22.24115 0.34598 0.03754 0.35667 0.25982 1463.100
3.525 0.59322 37.44525 0.24616 22.21311 0.34615 0.03740 0.35703 0.25943 1462.757
3.530 0.59320 37.39918 0.24585 22.18514 0.34631 0.03726 0.35739 0.25903 1462.414
3.535 0.59318 37.35322 0.24554 22.15724 0.34648 0.03713 0.35775 0.25864 1462.072
3.540 0.59316 37.30734 0.24523 22.12941 0.34665 0.03699 0.35811 0.25825 1461.730
3.545 0.59315 37.26156 0.24492 22.10165 0.34681 0.03686 0.35848 0.25786 1461.388
3.550 0.59313 37.21588 0.24462 22.07395 0.34698 0.03672 0.35884 0.25746 1461.047
3.555 0.59312 37.17029 0.24431 22.04633 0.34715 0.03659 0.35920 0.25707 1460.707
3.560 0.59310 37.12479 0.24400 22.01877 0.34731 0.03645 0.35956 0.25668 1460.366
3.565 0.59309 37.07939 0.24370 21.99128 0.34748 0.03632 0.35992 0.25629 1460.026
3.570 0.59307 37.03408 0.24340 21.96386 0.34764 0.03618 0.36028 0.25590 1459.687
3.575 0.59306 36.98886 0.24309 21.93651 0.34780 0.03605 0.36064 0.25551 1459.348
3.580 0.59304 36.94374 0.24279 21.90922 0.34797 0.03592 0.36100 0.25512 1459.009
3.585 0.59303 36.89871 0.24249 21.88200 0.34813 0.03579 0.36136 0.25473 1458.671
3.590 0.59302 36.85377 0.24219 21.85485 0.34829 0.03566 0.36172 0.25434 1458.333
3.595 0.59300 36.80892 0.24189 21.82777 0.34845 0.03552 0.36208 0.25395 1457.996
3.600 0.59299 36.76417 0.24159 21.80075 0.34862 0.03539 0.36243 0.25356 1457.659
3.605 0.59298 36.71950 0.24129 21.77380 0.34878 0.03526 0.36279 0.25317 1457.322
3.610 0.59296 36.67493 0.24099 21.74691 0.34894 0.03513 0.36315 0.25278 1456.986
3.615 0.59295 36.63045 0.24069 21.72009 0.34910 0.03500 0.36351 0.25239 1456.650
3.620 0.59294 36.58606 0.24040 21.69334 0.34926 0.03488 0.36387 0.25200 1456.314
3.625 0.59293 36.54176 0.24010 21.66665 0.34942 0.03475 0.36423 0.25161 1455.979
3.630 0.59292 36.49755 0.23981 21.64002 0.34958 0.03462 0.36459 0.25122 1455.645
3.635 0.59291 36.45344 0.23951 21.61347 0.34973 0.03449 0.36494 0.25083 1455.310
3.640 0.59290 36.40941 0.23922 21.58697 0.34989 0.03436 0.36530 0.25044 1454.976
3.645 0.59289 36.36547 0.23893 21.56054 0.35005 0.03424 0.36566 0.25006 1454.643
3.650 0.59287 36.32162 0.23863 21.53418 0.35021 0.03411 0.36601 0.24967 1454.310
3.655 0.59287 36.27786 0.23834 21.50788 0.35036 0.03398 0.36637 0.24928 1453.977
3.660 0.59286 36.23419 0.23805 21.48164 0.35052 0.03386 0.36673 0.24889 1453.645
3.665 0.59285 36.19061 0.23776 21.45547 0.35068 0.03373 0.36708 0.24851 1453.313
3.670 0.59284 36.14712 0.23747 21.42936 0.35083 0.03361 0.36744 0.24812 1452.981
3.675 0.59283 36.10371 0.23718 21.40331 0.35099 0.03348 0.36780 0.24773 1452.650
3.680 0.59282 36.06039 0.23690 21.37733 0.35114 0.03336 0.36815 0.24735 1452.320
3.685 0.59281 36.01717 0.23661 21.35141 0.35129 0.03324 0.36851 0.24696 1451.989
3.690 0.59280 35.97403 0.23632 21.32556 0.35145 0.03311 0.36886 0.24658 1451.659
3.695 0.59280 35.93097 0.23604 21.29976 0.35160 0.03299 0.36922 0.24619 1451.330
3.700 0.59279 35.88801 0.23575 21.27403 0.35175 0.03287 0.36957 0.24581 1451.000
3.705 0.59278 35.84513 0.23547 21.24836 0.35190 0.03275 0.36993 0.24542 1450.672
3.710 0.59278 35.80234 0.23518 21.22276 0.35206 0.03262 0.37028 0.24504 1450.343
3.715 0.59277 35.75963 0.23490 21.19721 0.35221 0.03250 0.37064 0.24465 1450.015
3.720 0.59276 35.71702 0.23462 21.17173 0.35236 0.03238 0.37099 0.24427 1449.688
3.725 0.59276 35.67449 0.23434 21.14630 0.35251 0.03226 0.37135 0.24388 1449.360
3.730 0.59275 35.63204 0.23406 21.12094 0.35266 0.03214 0.37170 0.24350 1449.033
3.735 0.59275 35.58968 0.23377 21.09564 0.35281 0.03202 0.37205 0.24311 1448.707
3.740 0.59274 35.54741 0.23350 21.07040 0.35296 0.03190 0.37241 0.24273 1448.381
3.745 0.59274 35.50522 0.23322 21.04522 0.35311 0.03178 0.37276 0.24235 1448.055
3.750 0.59273 35.46311 0.23294 21.02011 0.35325 0.03167 0.37311 0.24197 1447.730
3.755 0.59273 35.42109 0.23266 20.99505 0.35340 0.03155 0.37347 0.24158 1447.405
3.760 0.59272 35.37916 0.23238 20.97005 0.35355 0.03143 0.37382 0.24120 1447.080
3.765 0.59272 35.33731 0.23211 20.94511 0.35370 0.03131 0.37417 0.24082 1446.756
3.770 0.59272 35.29555 0.23183 20.92023 0.35384 0.03120 0.37452 0.24044 1446.432
3.775 0.59271 35.25387 0.23156 20.89541 0.35399 0.03108 0.37488 0.24006 1446.109
3.780 0.59271 35.21227 0.23128 20.87065 0.35413 0.03096 0.37523 0.23967 1445.786
3.785 0.59271 35.17076 0.23101 20.84595 0.35428 0.03085 0.37558 0.23929 1445.463
3.790 0.59270 35.12933 0.23073 20.82131 0.35442 0.03073 0.37593 0.23891 1445.141
3.795 0.59270 35.08798 0.23046 20.79673 0.35457 0.03062 0.37628 0.23853 1444.819
3.800 0.59270 35.04672 0.23019 20.77221 0.35471 0.03050 0.37663 0.23815 1444.497
3.805 0.59270 35.00554 0.22992 20.74774 0.35485 0.03039 0.37698 0.23777 1444.176
3.810 0.59270 34.96444 0.22965 20.72333 0.35500 0.03028 0.37734 0.23739 1443.855
3.815 0.59270 34.92342 0.22938 20.69898 0.35514 0.03016 0.37769 0.23701 1443.535
3.820 0.59270 34.88249 0.22911 20.67469 0.35528 0.03005 0.37804 0.23663 1443.215
3.825 0.59269 34.84164 0.22884 20.65046 0.35542 0.02994 0.37839 0.23626 1442.895
3.830 0.59269 34.80087 0.22857 20.62628 0.35556 0.02983 0.37874 0.23588 1442.576
3.835 0.59269 34.76018 0.22831 20.60216 0.35570 0.02971 0.37909 0.23550 1442.257
3.840 0.59269 34.71958 0.22804 20.57810 0.35584 0.02960 0.37943 0.23512 1441.938
3.845 0.59269 34.67905 0.22777 20.55409 0.35598 0.02949 0.37978 0.23474 1441.620
3.850 0.59270 34.63861 0.22751 20.53014 0.35612 0.02938 0.38013 0.23437 1441.302
3.855 0.59270 34.59825 0.22724 20.50625 0.35626 0.02927 0.38048 0.23399 1440.985
3.860 0.59270 34.55796 0.22698 20.48242 0.35640 0.02916 0.38083 0.23361 1440.668
3.865 0.59270 34.51776 0.22672 20.45864 0.35654 0.02905 0.38118 0.23323 1440.351
3.870 0.59270 34.47764 0.22645 20.43491 0.35667 0.02894 0.38153 0.23286 1440.035
3.875 0.59270 34.43760 0.22619 20.41124 0.35681 0.02883 0.38187 0.23248 1439.719
3.880 0.59270 34.39764 0.22593 20.38763 0.35695 0.02872 0.38222 0.23211 1439.403
3.885 0.59271 34.35775 0.22567 20.36408 0.35708 0.02862 0.38257 0.23173 1439.088
3.890 0.59271 34.31795 0.22541 20.34057 0.35722 0.02851 0.38292 0.23136 1438.773
3.895 0.59271 34.27823 0.22515 20.31713 0.35735 0.02840 0.38326 0.23098 1438.459
3.900 0.59272 34.23858 0.22489 20.29374 0.35749 0.02829 0.38361 0.23061 1438.145
3.905 0.59272 34.19902 0.22463 20.27040 0.35762 0.02819 0.38396 0.23023 1437.831
3.910 0.59272 34.15953 0.22437 20.24712 0.35776 0.02808 0.38430 0.22986 1437.518
3.915 0.59273 34.12012 0.22411 20.22389 0.35789 0.02798 0.38465 0.22948 1437.205
3.920 0.59273 34.08079 0.22386 20.20072 0.35802 0.02787 0.38500 0.22911 1436.892
3.925 0.59273 34.04154 0.22360 20.17760 0.35816 0.02777 0.38534 0.22874 1436.580
3.930 0.59274 34.00237 0.22335 20.15453 0.35829 0.02766 0.38569 0.22837 1436.268
3.935 0.59274 33.96327 0.22309 20.13152 0.35842 0.02756 0.38603 0.22799 1435.956
3.940 0.59275 33.92425 0.22284 20.10857 0.35855 0.02745 0.38638 0.22762 1435.645
3.945 0.59275 33.88531 0.22258 20.08566 0.35868 0.02735 0.38672 0.22725 1435.334
3.950 0.59276 33.84644 0.22233 20.06281 0.35881 0.02724 0.38707 0.22688 1435.024
3.955 0.59277 33.80766 0.22208 20.04001 0.35894 0.02714 0.38741 0.22651 1434.713
3.960 0.59277 33.76894 0.22182 20.01727 0.35907 0.02704 0.38776 0.22613 1434.404
3.965 0.59278 33.73031 0.22157 19.99458 0.35920 0.02694 0.38810 0.22576 1434.094
3.970 0.59278 33.69175 0.22132 19.97194 0.35933 0.02683 0.38844 0.22539 1433.785
3.975 0.59279 33.65327 0.22107 19.94935 0.35946 0.02673 0.38879 0.22502 1433.477
3.980 0.59280 33.61486 0.22082 19.92681 0.35958 0.02663 0.38913 0.22465 1433.168
3.985 0.59280 33.57653 0.22057 19.90433 0.35971 0.02653 0.38947 0.22428 1432.860
3.990 0.59281 33.53828 0.22032 19.88190 0.35984 0.02643 0.38982 0.22391 1432.553
3.995 0.59282 33.50010 0.22008 19.85952 0.35997 0.02633 0.39016 0.22355 1432.245
4.000 0.59283 33.46199 0.21983 19.83720 0.36009 0.02623 0.39050 0.22318 1431.938
4.005 0.59284 33.42396 0.21958 19.81492 0.36022 0.02613 0.39084 0.22281 1431.632
4.010 0.59284 33.38601 0.21934 19.79270 0.36034 0.02603 0.39119 0.22244 1431.326
4.015 0.59285 33.34813 0.21909 19.77052 0.36047 0.02593 0.39153 0.22207 1431.020
4.020 0.59286 33.31032 0.21885 19.74840 0.36059 0.02583 0.39187 0.22171 1430.714
4.025 0.59287 33.27259 0.21860 19.72633 0.36071 0.02574 0.39221 0.22134 1430.409
4.030 0.59288 33.23493 0.21836 19.70431 0.36084 0.02564 0.39255 0.22097 1430.104
4.035 0.59289 33.19735 0.21811 19.68234 0.36096 0.02554 0.39289 0.22061 1429.800
4.040 0.59290 33.15984 0.21787 19.66042 0.36108 0.02544 0.39323 0.22024 1429.496
4.045 0.59291 33.12240 0.21763 19.63855 0.36121 0.02535 0.39357 0.21987 1429.192
4.050 0.59292 33.08504 0.21739 19.61673 0.36133 0.02525 0.39391 0.21951 1428.889
4.055 0.59293 33.04775 0.21714 19.59496 0.36145 0.02515 0.39425 0.21914 1428.586
4.060 0.59294 33.01053 0.21690 19.57324 0.36157 0.02506 0.39459 0.21878 1428.283
4.065 0.59295 32.97339 0.21666 19.55157 0.36169 0.02496 0.39493 0.21841 1427.981
4.070 0.59296 32.93632 0.21642 19.52995 0.36181 0.02487 0.39527 0.21805 1427.679
4.075 0.59297 32.89932 0.21619 19.50838 0.36193 0.02477 0.39561 0.21769 1427.377
4.080 0.59298 32.86239 0.21595 19.48685 0.36205 0.02468 0.39595 0.21732 1427.076
4.085 0.59300 32.82554 0.21571 19.46538 0.36217 0.02458 0.39629 0.21696 1426.775
4.090 0.59301 32.78876 0.21547 19.44396 0.36228 0.02449 0.39663 0.21660 1426.474
4.095 0.59302 32.75204 0.21523 19.42258 0.36240 0.02440 0.39697 0.21623 1426.174
4.100 0.59303 32.71541 0.21500 19.40125 0.36252 0.02430 0.39730 0.21587 1425.874
4.105 0.59304 32.67884 0.21476 19.37997 0.36264 0.02421 0.39764 0.21551 1425.575
4.110 0.59306 32.64234 0.21453 19.35874 0.36275 0.02412 0.39798 0.21515 1425.275
4.115 0.59307 32.60591 0.21429 19.33756 0.36287 0.02403 0.39832 0.21479 1424.976
4.120 0.59308 32.56956 0.21406 19.31643 0.36298 0.02393 0.39865 0.21443 1424.678
4.125 0.59310 32.53327 0.21382 19.29534 0.36310 0.02384 0.39899 0.21407 1424.380
4.130 0.59311 32.49706 0.21359 19.27430 0.36321 0.02375 0.39933 0.21371 1424.082
4.135 0.59312 32.46092 0.21336 19.25331 0.36333 0.02366 0.39966 0.21335 1423.784
4.140 0.59314 32.42484 0.21313 19.23236 0.36344 0.02357 0.40000 0.21299 1423.487
4.145 0.59315 32.38884 0.21290 19.21147 0.36356 0.02348 0.40034 0.21263 1423.190
4.150 0.59317 32.35291 0.21266 19.19062 0.36367 0.02339 0.40067 0.21227 1422.894
4.155 0.59318 32.31704 0.21243 19.16981 0.36378 0.02330 0.40101 0.21191 1422.598
4.160 0.59319 32.28125 0.21220 19.14906 0.36389 0.02321 0.40134 0.21155 1422.302
4.165 0.59321 32.24552 0.21197 19.12835 0.36401 0.02312 0.40168 0.21119 1422.006
4.170 0.59322 32.20987 0.21174 19.10768 0.36412 0.02303 0.40201 0.21084 1421.711
4.175 0.59324 32.17428 0.21152 19.08707 0.36423 0.02294 0.40235 0.21048 1421.416
4.180 0.59326 32.13876 0.21129 19.06650 0.36434 0.02286 0.40268 0.21012 1421.122
4.185 0.59327 32.10331 0.21106 19.04597 0.36445 0.02277 0.40302 0.20977 1420.828
4.190 0.59329 32.06793 0.21083 19.02549 0.36456 0.02268 0.40335 0.20941 1420.534
4.195 0.59330 32.03262 0.21061 19.00506 0.36467 0.02259 0.40368 0.20905 1420.241
4.200 0.59332 31.99737 0.21038 18.98467 0.36478 0.02251 0.40402 0.20870 1419.948
4.205 0.59334 31.96219 0.21016 18.96433 0.36488 0.02242 0.40435 0.20834 1419.655
4.210 0.59335 31.92708 0.20993 18.94403 0.36499 0.02233 0.40468 0.20799 1419.362
4.215 0.59337 31.89204 0.20971 18.92378 0.36510 0.02225 0.40502 0.20763 1419.070
4.220 0.59339 31.85707 0.20948 18.90358 0.36521 0.02216 0.40535 0.20728 1418.778
4.225 0.59340 31.82216 0.20926 18.88341 0.36531 0.02208 0.40568 0.20693 1418.487
4.230 0.59342 31.78732 0.20904 18.86330 0.36542 0.02199 0.40601 0.20657 1418.196
4.235 0.59344 31.75255 0.20881 18.84323 0.36553 0.02191 0.40635 0.20622 1417.905
4.240 0.59346 31.71784 0.20859 18.82320 0.36563 0.02182 0.40668 0.20587 1417.615
4.245 0.59348 31.68320 0.20837 18.80322 0.36574 0.02174 0.40701 0.20552 1417.324
4.250 0.59349 31.64863 0.20815 18.78328 0.36584 0.02166 0.40734 0.20516 1417.035
4.255 0.59351 31.61412 0.20793 18.76338 0.36595 0.02157 0.40767 0.20481 1416.745
4.260 0.59353 31.57968 0.20771 18.74353 0.36605 0.02149 0.40800 0.20446 1416.456
4.265 0.59355 31.54530 0.20749 18.72373 0.36615 0.02141 0.40833 0.20411 1416.167
4.270 0.59357 31.51099 0.20727 18.70396 0.36626 0.02132 0.40866 0.20376 1415.879
4.275 0.59359 31.47675 0.20705 18.68425 0.36636 0.02124 0.40899 0.20341 1415.591
4.280 0.59361 31.44257 0.20683 18.66457 0.36646 0.02116 0.40932 0.20306 1415.303
4.285 0.59363 31.40846 0.20662 18.64494 0.36656 0.02108 0.40965 0.20271 1415.015
4.290 0.59365 31.37441 0.20640 18.62535 0.36666 0.02100 0.40998 0.20236 1414.728
4.295 0.59367 31.34043 0.20618 18.60580 0.36676 0.02091 0.41031 0.20201 1414.441
4.300 0.59369 31.30651 0.20597 18.58630 0.36686 0.02083 0.41064 0.20166 1414.155
4.305 0.59371 31.27266 0.20575 18.56684 0.36696 0.02075 0.41097 0.20132 1413.868
4.310 0.59373 31.23887 0.20554 18.54742 0.36706 0.02067 0.41130 0.20097 1413.583
4.315 0.59375 31.20514 0.20532 18.52805 0.36716 0.02059 0.41162 0.20062 1413.297
4.320 0.59377 31.17148 0.20511 18.50871 0.36726 0.02051 0.41195 0.20027 1413.012
4.325 0.59379 31.13789 0.20489 18.48942 0.36736 0.02043 0.41228 0.19993 1412.727
4.330 0.59381 31.10436 0.20468 18.47018 0.36746 0.02035 0.41261 0.19958 1412.442
4.335 0.59383 31.07089 0.20447 18.45097 0.36756 0.02027 0.41293 0.19923 1412.158
4.340 0.59386 31.03748 0.20426 18.43180 0.36765 0.02020 0.41326 0.19889 1411.874
4.345 0.59388 31.00414 0.20404 18.41268 0.36775 0.02012 0.41359 0.19854 1411.590
4.350 0.59390 30.97086 0.20383 18.39360 0.36785 0.02004 0.41392 0.19820 1411.307
4.355 0.59392 30.93765 0.20362 18.37456 0.36794 0.01996 0.41424 0.19785 1411.024
4.360 0.59394 30.90449 0.20341 18.35557 0.36804 0.01988 0.41457 0.19751 1410.741
4.365 0.59397 30.87140 0.20320 18.33661 0.36813 0.01981 0.41489 0.19717 1410.459
4.370 0.59399 30.83838 0.20299 18.31769 0.36823 0.01973 0.41522 0.19682 1410.177
4.375 0.59401 30.80541 0.20278 18.29882 0.36832 0.01965 0.41554 0.19648 1409.895
4.380 0.59404 30.77251 0.20257 18.27999 0.36841 0.01958 0.41587 0.19614 1409.614
4.385 0.59406 30.73967 0.20236 18.26119 0.36851 0.01950 0.41619 0.19580 1409.333
4.390 0.59408 30.70689 0.20216 18.24244 0.36860 0.01943 0.41652 0.19545 1409.052
4.395 0.59411 30.67418 0.20195 18.22373 0.36869 0.01935 0.41684 0.19511 1408.772
4.400 0.59413 30.64152 0.20174 18.20506 0.36879 0.01927 0.41717 0.19477 1408.491
4.405 0.59415 30.60893 0.20154 18.18643 0.36888 0.01920 0.41749 0.19443 1408.212
4.410 0.59418 30.57640 0.20133 18.16784 0.36897 0.01912 0.41782 0.19409 1407.932
4.415 0.59420 30.54393 0.20112 18.14929 0.36906 0.01905 0.41814 0.19375 1407.653
4.420 0.59423 30.51152 0.20092 18.13078 0.36915 0.01898 0.41846 0.19341 1407.374
4.425 0.59425 30.47917 0.20071 18.11231 0.36924 0.01890 0.41879 0.19307 1407.095
4.430 0.59428 30.44688 0.20051 18.09388 0.36933 0.01883 0.41911 0.19273 1406.817
4.435 0.59430 30.41466 0.20031 18.07549 0.36942 0.01875 0.41943 0.19239 1406.539
4.440 0.59433 30.38249 0.20010 18.05713 0.36951 0.01868 0.41975 0.19206 1406.262
4.445 0.59435 30.35039 0.19990 18.03882 0.36960 0.01861 0.42008 0.19172 1405.984
4.450 0.59438 30.31834 0.19970 18.02055 0.36969 0.01854 0.42040 0.19138 1405.707
4.455 0.59440 30.28636 0.19950 18.00231 0.36977 0.01846 0.42072 0.19104 1405.431
4.460 0.59443 30.25443 0.19929 17.98412 0.36986 0.01839 0.42104 0.19071 1405.154
4.465 0.59446 30.22257 0.19909 17.96596 0.36995 0.01832 0.42136 0.19037 1404.878
4.470 0.59448 30.19076 0.19889 17.94785 0.37003 0.01825 0.42168 0.19003 1404.602
4.475 0.59451 30.15901 0.19869 17.92977 0.37012 0.01818 0.42200 0.18970 1404.327
4.480 0.59453 30.12733 0.19849 17.91173 0.37021 0.01811 0.42232 0.18936 1404.052
4.485 0.59456 30.09570 0.19829 17.89373 0.37029 0.01803 0.42264 0.18903 1403.777
4.490 0.59459 30.06413 0.19809 17.87576 0.37038 0.01796 0.42296 0.18869 1403.502
4.495 0.59461 30.03262 0.19789 17.85784 0.37046 0.01789 0.42328 0.18836 1403.228
4.500 0.59464 30.00117 0.19770 17.83995 0.37055 0.01782 0.42360 0.18803 1402.954
4.505 0.59467 29.96978 0.19750 17.82210 0.37063 0.01775 0.42392 0.18769 1402.680
4.510 0.59470 29.93844 0.19730 17.80429 0.37071 0.01768 0.42424 0.18736 1402.407
4.515 0.59472 29.90717 0.19710 17.78652 0.37080 0.01762 0.42456 0.18703 1402.134
4.520 0.59475 29.87595 0.19691 17.76878 0.37088 0.01755 0.42488 0.18670 1401.861
4.525 0.59478 29.84479 0.19671 17.75108 0.37096 0.01748 0.42520 0.18636 1401.589
4.530 0.59481 29.81369 0.19652 17.73342 0.37104 0.01741 0.42552 0.18603 1401.317
4.535 0.59484 29.78265 0.19632 17.71580 0.37112 0.01734 0.42583 0.18570 1401.045
4.540 0.59486 29.75166 0.19613 17.69821 0.37120 0.01727 0.42615 0.18537 1400.773
4.545 0.59489 29.72073 0.19593 17.68066 0.37128 0.01720 0.42647 0.18504 1400.502
4.550 0.59492 29.68986 0.19574 17.66315 0.37136 0.01714 0.42679 0.18471 1400.231
4.555 0.59495 29.65905 0.19554 17.64568 0.37144 0.01707 0.42710 0.18438 1399.961
4.560 0.59498 29.62829 0.19535 17.62824 0.37152 0.01700 0.42742 0.18405 1399.690
4.565 0.59501 29.59760 0.19516 17.61084 0.37160 0.01694 0.42774 0.18372 1399.420
4.570 0.59504 29.56695 0.19496 17.59347 0.37168 0.01687 0.42805 0.18340 1399.151
4.575 0.59507 29.53637 0.19477 17.57614 0.37176 0.01680 0.42837 0.18307 1398.881
4.580 0.59510 29.50584 0.19458 17.55885 0.37184 0.01674 0.42868 0.18274 1398.612
4.585 0.59513 29.47536 0.19439 17.54159 0.37192 0.01667 0.42900 0.18241 1398.343
4.590 0.59516 29.44495 0.19420 17.52437 0.37199 0.01661 0.42932 0.18209 1398.075
4.595 0.59519 29.41459 0.19401 17.50719 0.37207 0.01654 0.42963 0.18176 1397.807
4.600 0.59522 29.38428 0.19382 17.49004 0.37215 0.01648 0.42995 0.18143 1397.539
4.605 0.59525 29.35404 0.19363 17.47293 0.37222 0.01641 0.43026 0.18111 1397.271
