timeGa Urey Qt heat/H0 heatTW 1HPE 2HPE 3HPE 4HPE TempC
0.000 0.44000 36.00000 1.00000 15.84000 0.37200 0.01640 0.43000 0.18100 1351.850
0.005 0.44017 36.00000 1.00038 15.84600 0.37215 0.01647 0.42994 0.18143 1352.304
0.010 0.43996 36.05209 1.00136 15.86154 0.37207 0.01654 0.42963 0.18176 1352.759
0.015 0.43976 36.10432 1.00234 15.87711 0.37199 0.01661 0.42931 0.18209 1353.214
0.020 0.43955 36.15670 1.00333 15.89271 0.37192 0.01667 0.42900 0.18241 1353.671
0.025 0.43934 36.20923 1.00431 15.90834 0.37184 0.01674 0.42868 0.18274 1354.128
0.030 0.43914 36.26190 1.00530 15.92401 0.37176 0.01680 0.42837 0.18307 1354.586
0.035 0.43893 36.31471 1.00629 15.93971 0.37168 0.01687 0.42805 0.18340 1355.045
0.040 0.43873 36.36767 1.00729 15.95544 0.37161 0.01694 0.42773 0.18372 1355.505
0.045 0.43852 36.42079 1.00828 15.97121 0.37153 0.01700 0.42742 0.18405 1355.966
0.050 0.43831 36.47404 1.00928 15.98701 0.37145 0.01707 0.42710 0.18438 1356.427
0.055 0.43810 36.52745 1.01028 16.00284 0.37137 0.01714 0.42678 0.18471 1356.890
0.060 0.43790 36.58101 1.01128 16.01871 0.37129 0.01720 0.42647 0.18504 1357.353
0.065 0.43769 36.63472 1.01229 16.03461 0.37121 0.01727 0.42615 0.18537 1357.817
0.070 0.43748 36.68857 1.01329 16.05054 0.37113 0.01734 0.42583 0.18570 1358.282
0.075 0.43727 36.74258 1.01430 16.06651 0.37104 0.01741 0.42551 0.18603 1358.747
0.080 0.43706 36.79675 1.01531 16.08251 0.37096 0.01748 0.42520 0.18636 1359.214
0.085 0.43685 36.85106 1.01632 16.09854 0.37088 0.01755 0.42488 0.18670 1359.681
0.090 0.43664 36.90553 1.01734 16.11461 0.37080 0.01761 0.42456 0.18703 1360.150
0.095 0.43644 36.96015 1.01835 16.13071 0.37071 0.01768 0.42424 0.18736 1360.619
0.100 0.43623 37.01492 1.01937 16.14685 0.37063 0.01775 0.42392 0.18769 1361.089
0.105 0.43602 37.06985 1.02039 16.16302 0.37055 0.01782 0.42360 0.18803 1361.560
0.110 0.43580 37.12494 1.02142 16.17923 0.37046 0.01789 0.42328 0.18836 1362.032
0.115 0.43559 37.18018 1.02244 16.19547 0.37038 0.01796 0.42296 0.18869 1362.504
0.120 0.43538 37.23558 1.02347 16.21174 0.37029 0.01803 0.42264 0.18903 1362.978
0.125 0.43517 37.29114 1.02450 16.22805 0.37021 0.01811 0.42232 0.18936 1363.453
0.130 0.43496 37.34685 1.02553 16.24440 0.37012 0.01818 0.42200 0.18970 1363.928
0.135 0.43475 37.40272 1.02656 16.26077 0.37004 0.01825 0.42168 0.19003 1364.404
0.140 0.43454 37.45876 1.02760 16.27719 0.36995 0.01832 0.42136 0.19037 1364.881
0.145 0.43432 37.51495 1.02864 16.29364 0.36986 0.01839 0.42104 0.19071 1365.359
0.150 0.43411 37.57130 1.02968 16.31012 0.36978 0.01846 0.42072 0.19104 1365.838
0.155 0.43390 37.62782 1.03072 16.32664 0.36969 0.01854 0.42040 0.19138 1366.318
0.160 0.43368 37.68450 1.03177 16.34320 0.36960 0.01861 0.42007 0.19172 1366.799
0.165 0.43347 37.74134 1.03281 16.35979 0.36951 0.01868 0.41975 0.19206 1367.280
0.170 0.43326 37.79834 1.03386 16.37642 0.36942 0.01875 0.41943 0.19239 1367.763
0.175 0.43304 37.85551 1.03492 16.39308 0.36933 0.01883 0.41911 0.19273 1368.246
0.180 0.43283 37.91284 1.03597 16.40978 0.36924 0.01890 0.41878 0.19307 1368.731
0.185 0.43261 37.97034 1.03703 16.42651 0.36915 0.01898 0.41846 0.19341 1369.216
0.190 0.43240 38.02801 1.03809 16.44328 0.36906 0.01905 0.41814 0.19375 1369.702
0.195 0.43218 38.08584 1.03915 16.46009 0.36897 0.01912 0.41781 0.19409 1370.189
0.200 0.43197 38.14384 1.04021 16.47693 0.36888 0.01920 0.41749 0.19443 1370.677
0.205 0.43175 38.20201 1.04128 16.49381 0.36879 0.01927 0.41717 0.19477 1371.166
0.210 0.43154 38.26035 1.04234 16.51073 0.36870 0.01935 0.41684 0.19511 1371.656
0.215 0.43132 38.31885 1.04341 16.52768 0.36860 0.01942 0.41652 0.19545 1372.147
0.220 0.43110 38.37753 1.04449 16.54467 0.36851 0.01950 0.41619 0.19580 1372.639
0.225 0.43089 38.43638 1.04556 16.56169 0.36842 0.01958 0.41587 0.19614 1373.132
0.230 0.43067 38.49540 1.04664 16.57876 0.36832 0.01965 0.41554 0.19648 1373.625
0.235 0.43045 38.55460 1.04772 16.59586 0.36823 0.01973 0.41522 0.19682 1374.120
0.240 0.43023 38.61396 1.04880 16.61299 0.36813 0.01981 0.41489 0.19717 1374.616
0.245 0.43001 38.67350 1.04988 16.63017 0.36804 0.01988 0.41457 0.19751 1375.112
0.250 0.42980 38.73322 1.05097 16.64738 0.36794 0.01996 0.41424 0.19785 1375.610
0.255 0.42958 38.79311 1.05206 16.66463 0.36785 0.02004 0.41391 0.19820 1376.108
0.260 0.42936 38.85318 1.05315 16.68192 0.36775 0.02012 0.41359 0.19854 1376.608
0.265 0.42914 38.91342 1.05424 16.69924 0.36765 0.02020 0.41326 0.19889 1377.108
0.270 0.42892 38.97385 1.05534 16.71660 0.36756 0.02027 0.41293 0.19923 1377.609
0.275 0.42870 39.03445 1.05644 16.73400 0.36746 0.02035 0.41261 0.19958 1378.112
0.280 0.42848 39.09523 1.05754 16.75144 0.36736 0.02043 0.41228 0.19993 1378.615
0.285 0.42826 39.15619 1.05864 16.76892 0.36726 0.02051 0.41195 0.20027 1379.119
0.290 0.42804 39.21733 1.05975 16.78644 0.36716 0.02059 0.41162 0.20062 1379.625
0.295 0.42781 39.27866 1.06086 16.80399 0.36707 0.02067 0.41129 0.20097 1380.131
0.300 0.42759 39.34016 1.06197 16.82158 0.36697 0.02075 0.41097 0.20132 1380.638
0.305 0.42737 39.40185 1.06308 16.83921 0.36687 0.02083 0.41064 0.20166 1381.146
0.310 0.42715 39.46373 1.06420 16.85688 0.36677 0.02091 0.41031 0.20201 1381.656
0.315 0.42693 39.52579 1.06532 16.87459 0.36666 0.02100 0.40998 0.20236 1382.166
0.320 0.42670 39.58803 1.06644 16.89234 0.36656 0.02108 0.40965 0.20271 1382.677
0.325 0.42648 39.65046 1.06756 16.91013 0.36646 0.02116 0.40932 0.20306 1383.189
0.330 0.42626 39.71308 1.06868 16.92795 0.36636 0.02124 0.40899 0.20341 1383.703
0.335 0.42603 39.77589 1.06981 16.94582 0.36626 0.02132 0.40866 0.20376 1384.217
0.340 0.42581 39.83888 1.07094 16.96372 0.36615 0.02141 0.40833 0.20411 1384.732
0.345 0.42558 39.90207 1.07207 16.98167 0.36605 0.02149 0.40800 0.20446 1385.248
0.350 0.42536 39.96544 1.07321 16.99965 0.36595 0.02157 0.40767 0.20481 1385.766
0.355 0.42513 40.02901 1.07435 17.01768 0.36584 0.02166 0.40734 0.20516 1386.284
0.360 0.42491 40.09277 1.07549 17.03574 0.36574 0.02174 0.40701 0.20552 1386.803
0.365 0.42468 40.15672 1.07663 17.05384 0.36563 0.02182 0.40668 0.20587 1387.324
0.370 0.42446 40.22087 1.07778 17.07199 0.36553 0.02191 0.40634 0.20622 1387.845
0.375 0.42423 40.28521 1.07893 17.09017 0.36542 0.02199 0.40601 0.20657 1388.368
0.380 0.42400 40.34974 1.08008 17.10840 0.36532 0.02208 0.40568 0.20693 1388.891
0.385 0.42378 40.41448 1.08123 17.12667 0.36521 0.02216 0.40535 0.20728 1389.416
0.390 0.42355 40.47941 1.08238 17.14497 0.36510 0.02225 0.40501 0.20763 1389.941
0.395 0.42332 40.54453 1.08354 17.16332 0.36499 0.02233 0.40468 0.20799 1390.468
0.400 0.42309 40.60986 1.08470 17.18171 0.36489 0.02242 0.40435 0.20834 1390.996
0.405 0.42286 40.67539 1.08587 17.20014 0.36478 0.02251 0.40402 0.20870 1391.525
0.410 0.42263 40.74112 1.08703 17.21861 0.36467 0.02259 0.40368 0.20905 1392.055
0.415 0.42241 40.80705 1.08820 17.23712 0.36456 0.02268 0.40335 0.20941 1392.585
0.420 0.42218 40.87318 1.08937 17.25568 0.36445 0.02277 0.40301 0.20977 1393.117
0.425 0.42195 40.93952 1.09055 17.27427 0.36434 0.02286 0.40268 0.21012 1393.651
0.430 0.42172 41.00606 1.09172 17.29291 0.36423 0.02294 0.40235 0.21048 1394.185
0.435 0.42149 41.07280 1.09290 17.31159 0.36412 0.02303 0.40201 0.21084 1394.720
0.440 0.42125 41.13976 1.09409 17.33031 0.36401 0.02312 0.40168 0.21119 1395.256
0.445 0.42102 41.20692 1.09527 17.34907 0.36390 0.02321 0.40134 0.21155 1395.794
0.450 0.42079 41.27428 1.09646 17.36788 0.36378 0.02330 0.40101 0.21191 1396.332
0.455 0.42056 41.34186 1.09765 17.38672 0.36367 0.02339 0.40067 0.21227 1396.872
0.460 0.42033 41.40965 1.09884 17.40561 0.36356 0.02348 0.40033 0.21263 1397.412
0.465 0.42009 41.47765 1.10003 17.42455 0.36344 0.02357 0.40000 0.21299 1397.954
0.470 0.41986 41.54586 1.10123 17.44352 0.36333 0.02366 0.39966 0.21335 1398.497
0.475 0.41963 41.61428 1.10243 17.46254 0.36322 0.02375 0.39933 0.21371 1399.041
0.480 0.41939 41.68291 1.10364 17.48160 0.36310 0.02384 0.39899 0.21407 1399.586
0.485 0.41916 41.75177 1.10484 17.50071 0.36299 0.02393 0.39865 0.21443 1400.133
0.490 0.41893 41.82083 1.10605 17.51986 0.36287 0.02403 0.39832 0.21479 1400.680
0.495 0.41869 41.89012 1.10726 17.53905 0.36275 0.02412 0.39798 0.21515 1401.229
0.500 0.41846 41.95962 1.10848 17.55828 0.36264 0.02421 0.39764 0.21551 1401.778
0.505 0.41822 42.02934 1.10969 17.57756 0.36252 0.02430 0.39730 0.21587 1402.329
0.510 0.41799 42.09928 1.11091 17.59688 0.36240 0.02440 0.39696 0.21623 1402.881
0.515 0.41775 42.16944 1.11214 17.61625 0.36229 0.02449 0.39663 0.21660 1403.434
0.520 0.41751 42.23982 1.11336 17.63566 0.36217 0.02458 0.39629 0.21696 1403.988
0.525 0.41728 42.31042 1.11459 17.65512 0.36205 0.02468 0.39595 0.21732 1404.544
0.530 0.41704 42.38125 1.11582 17.67461 0.36193 0.02477 0.39561 0.21769 1405.100
0.535 0.41680 42.45231 1.11706 17.69416 0.36181 0.02487 0.39527 0.21805 1405.658
0.540 0.41656 42.52358 1.11829 17.71375 0.36169 0.02496 0.39493 0.21841 1406.217
0.545 0.41632 42.59509 1.11953 17.73338 0.36157 0.02506 0.39459 0.21878 1406.777
0.550 0.41609 42.66682 1.12077 17.75306 0.36145 0.02515 0.39425 0.21914 1407.338
0.555 0.41585 42.73879 1.12202 17.77278 0.36133 0.02525 0.39391 0.21951 1407.900
0.560 0.41561 42.81098 1.12327 17.79255 0.36121 0.02535 0.39357 0.21987 1408.464
0.565 0.41537 42.88340 1.12452 17.81236 0.36109 0.02544 0.39323 0.22024 1409.029
0.570 0.41513 42.95606 1.12577 17.83222 0.36096 0.02554 0.39289 0.22061 1409.595
0.575 0.41489 43.02895 1.12703 17.85213 0.36084 0.02564 0.39255 0.22097 1410.162
0.580 0.41465 43.10207 1.12829 17.87208 0.36072 0.02574 0.39221 0.22134 1410.730
0.585 0.41440 43.17543 1.12955 17.89208 0.36059 0.02583 0.39187 0.22171 1411.300
0.590 0.41416 43.24902 1.13082 17.91212 0.36047 0.02593 0.39153 0.22207 1411.870
0.595 0.41392 43.32286 1.13208 17.93221 0.36034 0.02603 0.39118 0.22244 1412.442
0.600 0.41368 43.39693 1.13335 17.95234 0.36022 0.02613 0.39084 0.22281 1413.015
0.605 0.41343 43.47124 1.13463 17.97252 0.36009 0.02623 0.39050 0.22318 1413.590
0.610 0.41319 43.54579 1.13591 17.99275 0.35997 0.02633 0.39016 0.22355 1414.165
0.615 0.41295 43.62059 1.13719 18.01303 0.35984 0.02643 0.38981 0.22391 1414.742
0.620 0.41270 43.69562 1.13847 18.03335 0.35971 0.02653 0.38947 0.22428 1415.320
0.625 0.41246 43.77090 1.13976 18.05372 0.35959 0.02663 0.38913 0.22465 1415.900
0.630 0.41221 43.84643 1.14104 18.07414 0.35946 0.02673 0.38879 0.22502 1416.480
0.635 0.41197 43.92220 1.14234 18.09460 0.35933 0.02683 0.38844 0.22539 1417.062
0.640 0.41172 43.99823 1.14363 18.11511 0.35920 0.02694 0.38810 0.22576 1417.645
0.645 0.41148 44.07450 1.14493 18.13567 0.35907 0.02704 0.38775 0.22613 1418.229
0.650 0.41123 44.15102 1.14623 18.15628 0.35894 0.02714 0.38741 0.22651 1418.815
0.655 0.41098 44.22779 1.14753 18.17693 0.35881 0.02724 0.38707 0.22688 1419.402
0.660 0.41074 44.30481 1.14884 18.19763 0.35868 0.02735 0.38672 0.22725 1419.990
0.665 0.41049 44.38209 1.15015 18.21839 0.35855 0.02745 0.38638 0.22762 1420.579
0.670 0.41024 44.45962 1.15146 18.23919 0.35842 0.02756 0.38603 0.22799 1421.170
0.675 0.40999 44.53741 1.15278 18.26003 0.35829 0.02766 0.38569 0.22837 1421.762
0.680 0.40974 44.61546 1.15410 18.28093 0.35816 0.02776 0.38534 0.22874 1422.355
0.685 0.40950 44.69376 1.15542 18.30188 0.35803 0.02787 0.38499 0.22911 1422.949
0.690 0.40925 44.77233 1.15675 18.32287 0.35789 0.02798 0.38465 0.22948 1423.545
0.695 0.40900 44.85115 1.15808 18.34391 0.35776 0.02808 0.38430 0.22986 1424.142
0.700 0.40874 44.93024 1.15941 18.36501 0.35763 0.02819 0.38396 0.23023 1424.741
0.705 0.40849 45.00959 1.16074 18.38615 0.35749 0.02829 0.38361 0.23061 1425.340
0.710 0.40824 45.08921 1.16208 18.40734 0.35736 0.02840 0.38326 0.23098 1425.941
0.715 0.40799 45.16909 1.16342 18.42859 0.35722 0.02851 0.38292 0.23136 1426.544
0.720 0.40774 45.24924 1.16477 18.44988 0.35709 0.02862 0.38257 0.23173 1427.147
0.725 0.40749 45.32966 1.16611 18.47122 0.35695 0.02872 0.38222 0.23211 1427.752
0.730 0.40723 45.41035 1.16746 18.49261 0.35681 0.02883 0.38187 0.23248 1428.359
0.735 0.40698 45.49131 1.16882 18.51406 0.35668 0.02894 0.38152 0.23286 1428.966
0.740 0.40673 45.57254 1.17017 18.53555 0.35654 0.02905 0.38118 0.23323 1429.575
0.745 0.40647 45.65405 1.17153 18.55709 0.35640 0.02916 0.38083 0.23361 1430.186
0.750 0.40622 45.73583 1.17290 18.57869 0.35626 0.02927 0.38048 0.23399 1430.798
0.755 0.40596 45.81789 1.17426 18.60034 0.35612 0.02938 0.38013 0.23437 1431.411
0.760 0.40571 45.90023 1.17563 18.62203 0.35598 0.02949 0.37978 0.23474 1432.025
0.765 0.40545 45.98284 1.17701 18.64378 0.35584 0.02960 0.37943 0.23512 1432.641
0.770 0.40519 46.06574 1.17838 18.66558 0.35570 0.02971 0.37908 0.23550 1433.258
0.775 0.40494 46.14892 1.17976 18.68743 0.35556 0.02982 0.37873 0.23588 1433.877
0.780 0.40468 46.23238 1.18115 18.70934 0.35542 0.02994 0.37838 0.23626 1434.497
0.785 0.40442 46.31613 1.18253 18.73130 0.35528 0.03005 0.37803 0.23663 1435.118
0.790 0.40416 46.40016 1.18392 18.75330 0.35514 0.03016 0.37768 0.23701 1435.741
0.795 0.40391 46.48449 1.18531 18.77536 0.35500 0.03028 0.37733 0.23739 1436.365
0.800 0.40365 46.56910 1.18671 18.79748 0.35486 0.03039 0.37698 0.23777 1436.991
0.805 0.40339 46.65400 1.18811 18.81964 0.35471 0.03050 0.37663 0.23815 1437.618
0.810 0.40313 46.73919 1.18951 18.84186 0.35457 0.03062 0.37628 0.23853 1438.246
0.815 0.40287 46.82468 1.19092 18.86414 0.35442 0.03073 0.37593 0.23891 1438.876
0.820 0.40261 46.91046 1.19233 18.88646 0.35428 0.03085 0.37558 0.23929 1439.507
0.825 0.40235 46.99654 1.19374 18.90884 0.35413 0.03096 0.37523 0.23967 1440.140
0.830 0.40208 47.08291 1.19516 18.93127 0.35399 0.03108 0.37488 0.24006 1440.774
0.835 0.40182 47.16959 1.19658 18.95376 0.35384 0.03120 0.37452 0.24044 1441.409
0.840 0.40156 47.25656 1.19800 18.97630 0.35370 0.03131 0.37417 0.24082 1442.046
0.845 0.40130 47.34384 1.19942 18.99889 0.35355 0.03143 0.37382 0.24120 1442.685
0.850 0.40103 47.43143 1.20085 19.02154 0.35340 0.03155 0.37347 0.24158 1443.325
0.855 0.40077 47.51931 1.20229 19.04424 0.35326 0.03167 0.37311 0.24197 1443.966
0.860 0.40050 47.60751 1.20372 19.06700 0.35311 0.03178 0.37276 0.24235 1444.609
0.865 0.40024 47.69601 1.20516 19.08981 0.35296 0.03190 0.37241 0.24273 1445.254
0.870 0.39997 47.78483 1.20661 19.11268 0.35281 0.03202 0.37205 0.24311 1445.899
0.875 0.39971 47.87395 1.20806 19.13560 0.35266 0.03214 0.37170 0.24350 1446.547
0.880 0.39944 47.96339 1.20951 19.15858 0.35251 0.03226 0.37135 0.24388 1447.196
0.885 0.39917 48.05314 1.21096 19.18161 0.35236 0.03238 0.37099 0.24427 1447.846
0.890 0.39891 48.14321 1.21242 19.20470 0.35221 0.03250 0.37064 0.24465 1448.498
0.895 0.39864 48.23360 1.21388 19.22784 0.35206 0.03262 0.37028 0.24504 1449.151
0.900 0.39837 48.32431 1.21534 19.25104 0.35191 0.03275 0.36993 0.24542 1449.806
0.905 0.39810 48.41534 1.21681 19.27430 0.35175 0.03287 0.36957 0.24580 1450.463
0.910 0.39783 48.50669 1.21828 19.29761 0.35160 0.03299 0.36922 0.24619 1451.121
0.915 0.39756 48.59837 1.21976 19.32098 0.35145 0.03311 0.36886 0.24658 1451.780
0.920 0.39729 48.69037 1.22124 19.34441 0.35130 0.03324 0.36851 0.24696 1452.441
0.925 0.39702 48.78270 1.22272 19.36789 0.35114 0.03336 0.36815 0.24735 1453.104
0.930 0.39675 48.87536 1.22421 19.39143 0.35099 0.03348 0.36780 0.24773 1453.768
0.935 0.39648 48.96835 1.22570 19.41503 0.35083 0.03361 0.36744 0.24812 1454.434
0.940 0.39621 49.06168 1.22719 19.43868 0.35068 0.03373 0.36708 0.24851 1455.101
0.945 0.39594 49.15533 1.22869 19.46239 0.35052 0.03386 0.36673 0.24889 1455.770
0.950 0.39566 49.24933 1.23019 19.48616 0.35037 0.03398 0.36637 0.24928 1456.440
0.955 0.39539 49.34367 1.23169 19.50999 0.35021 0.03411 0.36601 0.24967 1457.112
0.960 0.39512 49.43834 1.23320 19.53388 0.35005 0.03424 0.36566 0.25006 1457.786
0.965 0.39484 49.53336 1.23471 19.55782 0.34989 0.03436 0.36530 0.25044 1458.461
0.970 0.39457 49.62872 1.23623 19.58183 0.34974 0.03449 0.36494 0.25083 1459.138
0.975 0.39429 49.72442 1.23775 19.60589 0.34958 0.03462 0.36458 0.25122 1459.816
0.980 0.39401 49.82047 1.23927 19.63001 0.34942 0.03475 0.36423 0.25161 1460.496
0.985 0.39374 49.91687 1.24079 19.65419 0.34926 0.03487 0.36387 0.25200 1461.178
0.990 0.39346 50.01363 1.24232 19.67843 0.34910 0.03500 0.36351 0.25239 1461.861
0.995 0.39318 50.11073 1.24386 19.70273 0.34894 0.03513 0.36315 0.25278 1462.546
1.000 0.39291 50.20819 1.24540 19.72709 0.34878 0.03526 0.36279 0.25317 1463.233
1.005 0.39263 50.30600 1.24694 19.75150 0.34862 0.03539 0.36243 0.25356 1463.921
1.010 0.39235 50.40418 1.24848 19.77598 0.34846 0.03552 0.36207 0.25394 1464.611
1.015 0.39207 50.50271 1.25003 19.80052 0.34829 0.03565 0.36172 0.25433 1465.303
1.020 0.39179 50.60161 1.25159 19.82512 0.34813 0.03579 0.36136 0.25473 1465.996
1.025 0.39151 50.70087 1.25314 19.84978 0.34797 0.03592 0.36100 0.25512 1466.691
1.030 0.39123 50.80050 1.25470 19.87450 0.34781 0.03605 0.36064 0.25551 1467.387
1.035 0.39094 50.90049 1.25627 19.89928 0.34764 0.03618 0.36028 0.25590 1468.086
1.040 0.39066 51.00085 1.25784 19.92413 0.34748 0.03632 0.35992 0.25629 1468.786
1.045 0.39038 51.10159 1.25941 19.94903 0.34731 0.03645 0.35956 0.25668 1469.488
1.050 0.39010 51.20270 1.26098 19.97400 0.34715 0.03659 0.35920 0.25707 1470.191
1.055 0.38981 51.30418 1.26256 19.99903 0.34698 0.03672 0.35883 0.25746 1470.896
1.060 0.38953 51.40605 1.26415 20.02412 0.34682 0.03685 0.35847 0.25786 1471.603
1.065 0.38924 51.50829 1.26574 20.04927 0.34665 0.03699 0.35811 0.25825 1472.312
1.070 0.38896 51.61092 1.26733 20.07449 0.34648 0.03713 0.35775 0.25864 1473.022
1.075 0.38867 51.71392 1.26892 20.09976 0.34632 0.03726 0.35739 0.25903 1473.734
1.080 0.38839 51.81732 1.27052 20.12510 0.34615 0.03740 0.35703 0.25942 1474.448
1.085 0.38810 51.92110 1.27213 20.15051 0.34598 0.03754 0.35667 0.25982 1475.164
1.090 0.38781 52.02528 1.27374 20.17597 0.34581 0.03767 0.35630 0.26021 1475.881
1.095 0.38752 52.12984 1.27535 20.20150 0.34564 0.03781 0.35594 0.26060 1476.600
1.100 0.38723 52.23480 1.27696 20.22710 0.34547 0.03795 0.35558 0.26100 1477.321
1.105 0.38694 52.34016 1.27858 20.25276 0.34530 0.03809 0.35522 0.26139 1478.044
1.110 0.38666 52.44592 1.28021 20.27848 0.34513 0.03823 0.35485 0.26179 1478.769
1.115 0.38636 52.55207 1.28183 20.30427 0.34496 0.03837 0.35449 0.26218 1479.495
1.120 0.38607 52.65863 1.28347 20.33012 0.34479 0.03851 0.35413 0.26257 1480.223
1.125 0.38578 52.76560 1.28510 20.35603 0.34462 0.03865 0.35377 0.26297 1480.953
1.130 0.38549 52.87297 1.28674 20.38201 0.34444 0.03879 0.35340 0.26336 1481.685
1.135 0.38520 52.98075 1.28839 20.40806 0.34427 0.03893 0.35304 0.26376 1482.419
1.140 0.38490 53.08895 1.29004 20.43417 0.34410 0.03908 0.35267 0.26415 1483.155
1.145 0.38461 53.19756 1.29169 20.46035 0.34392 0.03922 0.35231 0.26455 1483.892
1.150 0.38432 53.30658 1.29335 20.48659 0.34375 0.03936 0.35195 0.26494 1484.631
1.155 0.38402 53.41603 1.29501 20.51290 0.34357 0.03951 0.35158 0.26534 1485.373
1.160 0.38373 53.52590 1.29667 20.53928 0.34340 0.03965 0.35122 0.26573 1486.116
1.165 0.38343 53.63619 1.29834 20.56572 0.34322 0.03979 0.35085 0.26613 1486.861
1.170 0.38313 53.74690 1.30001 20.59223 0.34305 0.03994 0.35049 0.26653 1487.607
1.175 0.38284 53.85805 1.30169 20.61880 0.34287 0.04008 0.35012 0.26692 1488.356
1.180 0.38254 53.96962 1.30337 20.64544 0.34269 0.04023 0.34976 0.26732 1489.107
1.185 0.38224 54.08163 1.30506 20.67215 0.34252 0.04038 0.34939 0.26771 1489.859
1.190 0.38194 54.19408 1.30675 20.69893 0.34234 0.04052 0.34903 0.26811 1490.614
1.195 0.38164 54.30696 1.30845 20.72577 0.34216 0.04067 0.34866 0.26851 1491.370
1.200 0.38134 54.42028 1.31014 20.75269 0.34198 0.04082 0.34829 0.26891 1492.129
1.205 0.38104 54.53405 1.31185 20.77967 0.34180 0.04097 0.34793 0.26930 1492.889
1.210 0.38074 54.64826 1.31356 20.80672 0.34162 0.04112 0.34756 0.26970 1493.651
1.215 0.38044 54.76292 1.31527 20.83384 0.34144 0.04127 0.34720 0.27010 1494.416
1.220 0.38013 54.87803 1.31698 20.86102 0.34126 0.04141 0.34683 0.27049 1495.182
1.225 0.37983 54.99360 1.31870 20.88828 0.34108 0.04156 0.34646 0.27089 1495.950
1.230 0.37953 55.10962 1.32043 20.91561 0.34090 0.04172 0.34609 0.27129 1496.720
1.235 0.37922 55.22609 1.32216 20.94300 0.34072 0.04187 0.34573 0.27169 1497.493
1.240 0.37892 55.34303 1.32389 20.97047 0.34053 0.04202 0.34536 0.27209 1498.267
1.245 0.37861 55.46043 1.32563 20.99800 0.34035 0.04217 0.34499 0.27248 1499.043
1.250 0.37831 55.57830 1.32737 21.02561 0.34017 0.04232 0.34463 0.27288 1499.821
1.255 0.37800 55.69664 1.32912 21.05328 0.33998 0.04248 0.34426 0.27328 1500.602
1.260 0.37769 55.81545 1.33087 21.08103 0.33980 0.04263 0.34389 0.27368 1501.384
1.265 0.37738 55.93473 1.33263 21.10885 0.33962 0.04278 0.34352 0.27408 1502.169
1.270 0.37707 56.05449 1.33439 21.13674 0.33943 0.04294 0.34315 0.27448 1502.955
1.275 0.37677 56.17473 1.33616 21.16470 0.33925 0.04309 0.34278 0.27488 1503.744
1.280 0.37646 56.29546 1.33792 21.19273 0.33906 0.04325 0.34242 0.27528 1504.535
1.285 0.37614 56.41666 1.33970 21.22083 0.33887 0.04340 0.34205 0.27568 1505.327
1.290 0.37583 56.53836 1.34148 21.24901 0.33869 0.04356 0.34168 0.27608 1506.122
1.295 0.37552 56.66055 1.34326 21.27726 0.33850 0.04372 0.34131 0.27648 1506.919
1.300 0.37521 56.78323 1.34505 21.30558 0.33831 0.04388 0.34094 0.27688 1507.719
1.305 0.37490 56.90641 1.34684 21.33397 0.33812 0.04403 0.34057 0.27727 1508.520
1.310 0.37458 57.03008 1.34864 21.36244 0.33793 0.04419 0.34020 0.27767 1509.323
1.315 0.37427 57.15427 1.35044 21.39098 0.33774 0.04435 0.33983 0.27808 1510.129
1.320 0.37395 57.27895 1.35225 21.41959 0.33755 0.04451 0.33946 0.27848 1510.937
1.325 0.37364 57.40415 1.35406 21.44828 0.33736 0.04467 0.33909 0.27888 1511.747
1.330 0.37332 57.52985 1.35587 21.47704 0.33717 0.04483 0.33872 0.27928 1512.559
1.335 0.37300 57.65607 1.35769 21.50588 0.33698 0.04499 0.33835 0.27968 1513.373
1.340 0.37269 57.78281 1.35952 21.53479 0.33679 0.04515 0.33798 0.28008 1514.189
1.345 0.37237 57.91007 1.36135 21.56378 0.33660 0.04531 0.33761 0.28048 1515.008
1.350 0.37205 58.03785 1.36318 21.59284 0.33641 0.04548 0.33724 0.28088 1515.829
1.355 0.37173 58.16616 1.36502 21.62197 0.33621 0.04564 0.33687 0.28128 1516.652
1.360 0.37141 58.29500 1.36687 21.65118 0.33602 0.04580 0.33650 0.28168 1517.478
1.365 0.37109 58.42437 1.36872 21.68047 0.33583 0.04597 0.33612 0.28208 1518.305
1.370 0.37076 58.55428 1.37057 21.70984 0.33563 0.04613 0.33575 0.28248 1519.135
1.375 0.37044 58.68473 1.37243 21.73928 0.33544 0.04630 0.33538 0.28288 1519.968
1.380 0.37012 58.81572 1.37429 21.76879 0.33524 0.04646 0.33501 0.28329 1520.802
1.385 0.36979 58.94725 1.37616 21.79839 0.33505 0.04663 0.33464 0.28369 1521.639
1.390 0.36947 59.07934 1.37803 21.82806 0.33485 0.04679 0.33426 0.28409 1522.478
1.395 0.36914 59.21198 1.37991 21.85780 0.33465 0.04696 0.33389 0.28449 1523.319
1.400 0.36882 59.34517 1.38179 21.88763 0.33446 0.04713 0.33352 0.28489 1524.163
1.405 0.36849 59.47892 1.38368 21.91753 0.33426 0.04730 0.33315 0.28529 1525.009
1.410 0.36817 59.61324 1.38558 21.94751 0.33406 0.04747 0.33277 0.28570 1525.858
1.415 0.36784 59.74812 1.38747 21.97757 0.33386 0.04764 0.33240 0.28610 1526.709
1.420 0.36751 59.88357 1.38938 22.00771 0.33367 0.04780 0.33203 0.28650 1527.562
1.425 0.36718 60.01960 1.39128 22.03793 0.33347 0.04797 0.33166 0.28690 1528.417
1.430 0.36685 60.15620 1.39320 22.06823 0.33327 0.04815 0.33128 0.28731 1529.275
1.435 0.36652 60.29338 1.39511 22.09860 0.33307 0.04832 0.33091 0.28771 1530.136
1.440 0.36619 60.43114 1.39704 22.12906 0.33287 0.04849 0.33053 0.28811 1530.998
1.445 0.36585 60.56949 1.39896 22.15959 0.33267 0.04866 0.33016 0.28851 1531.864
1.450 0.36552 60.70844 1.40090 22.19021 0.33246 0.04883 0.32979 0.28892 1532.731
1.455 0.36519 60.84797 1.40284 22.22091 0.33226 0.04901 0.32941 0.28932 1533.601
1.460 0.36485 60.98811 1.40478 22.25169 0.33206 0.04918 0.32904 0.28972 1534.474
1.465 0.36452 61.12884 1.40673 22.28254 0.33186 0.04936 0.32866 0.29012 1535.349
1.470 0.36418 61.27018 1.40868 22.31348 0.33165 0.04953 0.32829 0.29053 1536.227
1.475 0.36385 61.41213 1.41064 22.34451 0.33145 0.04971 0.32792 0.29093 1537.107
1.480 0.36351 61.55470 1.41260 22.37561 0.33125 0.04988 0.32754 0.29133 1537.989
1.485 0.36317 61.69788 1.41457 22.40679 0.33104 0.05006 0.32717 0.29174 1538.874
1.490 0.36283 61.84168 1.41654 22.43806 0.33084 0.05023 0.32679 0.29214 1539.762
1.495 0.36249 61.98610 1.41852 22.46941 0.33063 0.05041 0.32642 0.29254 1540.652
1.500 0.36215 62.13116 1.42051 22.50085 0.33042 0.05059 0.32604 0.29294 1541.545
1.505 0.36181 62.27684 1.42250 22.53236 0.33022 0.05077 0.32566 0.29335 1542.440
1.510 0.36147 62.42317 1.42449 22.56396 0.33001 0.05095 0.32529 0.29375 1543.338
1.515 0.36113 62.57013 1.42649 22.59565 0.32980 0.05113 0.32491 0.29415 1544.238
1.520 0.36078 62.71774 1.42850 22.62742 0.32960 0.05131 0.32454 0.29456 1545.141
1.525 0.36044 62.86599 1.43051 22.65927 0.32939 0.05149 0.32416 0.29496 1546.047
1.530 0.36009 63.01490 1.43253 22.69121 0.32918 0.05167 0.32379 0.29536 1546.955
1.535 0.35975 63.16446 1.43455 22.72323 0.32897 0.05185 0.32341 0.29577 1547.866
1.540 0.35940 63.31469 1.43657 22.75534 0.32876 0.05204 0.32303 0.29617 1548.780
1.545 0.35905 63.46558 1.43861 22.78753 0.32855 0.05222 0.32266 0.29657 1549.696
1.550 0.35871 63.61714 1.44064 22.81981 0.32834 0.05240 0.32228 0.29698 1550.615
1.555 0.35836 63.76937 1.44269 22.85218 0.32813 0.05259 0.32190 0.29738 1551.537
1.560 0.35801 63.92228 1.44474 22.88463 0.32792 0.05277 0.32153 0.29778 1552.461
1.565 0.35766 64.07587 1.44679 22.91717 0.32771 0.05296 0.32115 0.29819 1553.388
1.570 0.35731 64.23015 1.44885 22.94979 0.32750 0.05314 0.32077 0.29859 1554.318
1.575 0.35695 64.38512 1.45092 22.98251 0.32728 0.05333 0.32039 0.29900 1555.251
1.580 0.35660 64.54079 1.45299 23.01531 0.32707 0.05351 0.32002 0.29940 1556.186
1.585 0.35625 64.69716 1.45506 23.04820 0.32686 0.05370 0.31964 0.29980 1557.124
1.590 0.35589 64.85423 1.45714 23.08117 0.32664 0.05389 0.31926 0.30021 1558.065
1.595 0.35554 65.01201 1.45923 23.11424 0.32643 0.05408 0.31888 0.30061 1559.009
1.600 0.35518 65.17050 1.46133 23.14739 0.32621 0.05427 0.31851 0.30101 1559.956
1.605 0.35483 65.32971 1.46342 23.18064 0.32600 0.05446 0.31813 0.30142 1560.905
1.610 0.35447 65.48964 1.46553 23.21397 0.32578 0.05465 0.31775 0.30182 1561.857
1.615 0.35411 65.65031 1.46764 23.24739 0.32557 0.05484 0.31737 0.30222 1562.813
1.620 0.35375 65.81170 1.46975 23.28090 0.32535 0.05503 0.31699 0.30263 1563.771
1.625 0.35339 65.97383 1.47188 23.31451 0.32513 0.05522 0.31661 0.30303 1564.732
1.630 0.35303 66.13671 1.47400 23.34820 0.32491 0.05541 0.31624 0.30343 1565.695
1.635 0.35267 66.30033 1.47614 23.38198 0.32470 0.05561 0.31586 0.30384 1566.662
1.640 0.35231 66.46470 1.47827 23.41586 0.32448 0.05580 0.31548 0.30424 1567.632
1.645 0.35194 66.62983 1.48042 23.44983 0.32426 0.05600 0.31510 0.30465 1568.605
1.650 0.35158 66.79572 1.48257 23.48389 0.32404 0.05619 0.31472 0.30505 1569.580
1.655 0.35121 66.96238 1.48472 23.51804 0.32382 0.05639 0.31434 0.30545 1570.559
1.660 0.35085 67.12981 1.48689 23.55228 0.32360 0.05658 0.31396 0.30586 1571.540
1.665 0.35048 67.29801 1.48905 23.58662 0.32338 0.05678 0.31358 0.30626 1572.525
1.670 0.35011 67.46700 1.49123 23.62105 0.32316 0.05698 0.31320 0.30666 1573.513
1.675 0.34974 67.63678 1.49341 23.65557 0.32294 0.05717 0.31282 0.30707 1574.503
1.680 0.34937 67.80735 1.49559 23.69019 0.32272 0.05737 0.31244 0.30747 1575.497
1.685 0.34900 67.97872 1.49778 23.72490 0.32249 0.05757 0.31206 0.30787 1576.494
1.690 0.34863 68.15089 1.49998 23.75970 0.32227 0.05777 0.31168 0.30828 1577.494
1.695 0.34826 68.32387 1.50218 23.79460 0.32205 0.05797 0.31130 0.30868 1578.497
1.700 0.34789 68.49767 1.50439 23.82960 0.32182 0.05817 0.31092 0.30908 1579.503
1.705 0.34752 68.67228 1.50661 23.86469 0.32160 0.05837 0.31054 0.30949 1580.513
1.710 0.34714 68.84773 1.50883 23.89988 0.32138 0.05857 0.31016 0.30989 1581.525
1.715 0.34677 69.02400 1.51106 23.93516 0.32115 0.05878 0.30978 0.31029 1582.541
1.720 0.34639 69.20111 1.51329 23.97054 0.32092 0.05898 0.30940 0.31069 1583.560
1.725 0.34601 69.37906 1.51553 24.00601 0.32070 0.05918 0.30902 0.31110 1584.582
1.730 0.34563 69.55786 1.51778 24.04158 0.32047 0.05939 0.30864 0.31150 1585.607
1.735 0.34526 69.73751 1.52003 24.07725 0.32025 0.05959 0.30826 0.31190 1586.635
1.740 0.34488 69.91803 1.52229 24.11302 0.32002 0.05980 0.30788 0.31231 1587.667
1.745 0.34449 70.09940 1.52455 24.14889 0.31979 0.06000 0.30750 0.31271 1588.702
1.750 0.34411 70.28166 1.52682 24.18485 0.31956 0.06021 0.30711 0.31311 1589.741
1.755 0.34373 70.46479 1.52910 24.22092 0.31933 0.06042 0.30673 0.31351 1590.782
1.760 0.34335 70.64880 1.53138 24.25708 0.31911 0.06063 0.30635 0.31392 1591.827
1.765 0.34296 70.83370 1.53367 24.29334 0.31888 0.06083 0.30597 0.31432 1592.876
1.770 0.34258 71.01950 1.53597 24.32970 0.31865 0.06104 0.30559 0.31472 1593.927
1.775 0.34219 71.20620 1.53827 24.36616 0.31842 0.06125 0.30521 0.31512 1594.982
1.780 0.34180 71.39381 1.54058 24.40272 0.31819 0.06146 0.30483 0.31553 1596.041
1.785 0.34142 71.58234 1.54289 24.43939 0.31796 0.06167 0.30444 0.31593 1597.103
1.790 0.34103 71.77179 1.54521 24.47615 0.31772 0.06188 0.30406 0.31633 1598.168
1.795 0.34064 71.96216 1.54754 24.51301 0.31749 0.06210 0.30368 0.31673 1599.237
1.800 0.34025 72.15347 1.54987 24.54998 0.31726 0.06231 0.30330 0.31713 1600.309
1.805 0.33985 72.34572 1.55221 24.58705 0.31703 0.06252 0.30291 0.31754 1601.385
1.810 0.33946 72.53892 1.55456 24.62422 0.31679 0.06274 0.30253 0.31794 1602.465
1.815 0.33907 72.73307 1.55691 24.66150 0.31656 0.06295 0.30215 0.31834 1603.547
1.820 0.33867 72.92819 1.55927 24.69887 0.31633 0.06317 0.30177 0.31874 1604.634
1.825 0.33828 73.12427 1.56164 24.73636 0.31609 0.06338 0.30138 0.31914 1605.724
1.830 0.33788 73.32132 1.56401 24.77394 0.31586 0.06360 0.30100 0.31954 1606.817
1.835 0.33748 73.51936 1.56639 24.81163 0.31562 0.06381 0.30062 0.31994 1607.915
1.840 0.33709 73.71839 1.56878 24.84943 0.31539 0.06403 0.30024 0.32035 1609.015
1.845 0.33669 73.91841 1.57117 24.88732 0.31515 0.06425 0.29985 0.32075 1610.120
1.850 0.33629 74.11944 1.57357 24.92533 0.31491 0.06447 0.29947 0.32115 1611.228
1.855 0.33588 74.32148 1.57597 24.96344 0.31468 0.06469 0.29909 0.32155 1612.340
1.860 0.33548 74.52453 1.57839 25.00166 0.31444 0.06491 0.29870 0.32195 1613.455
1.865 0.33508 74.72861 1.58081 25.03998 0.31420 0.06513 0.29832 0.32235 1614.575
1.870 0.33467 74.93372 1.58323 25.07841 0.31396 0.06535 0.29794 0.32275 1615.698
1.875 0.33427 75.13988 1.58567 25.11695 0.31372 0.06557 0.29755 0.32315 1616.824
1.880 0.33386 75.34708 1.58811 25.15559 0.31349 0.06579 0.29717 0.32355 1617.955
1.885 0.33346 75.55533 1.59055 25.19435 0.31325 0.06602 0.29679 0.32395 1619.089
1.890 0.33305 75.76465 1.59301 25.23321 0.31301 0.06624 0.29640 0.32435 1620.228
1.895 0.33264 75.97503 1.59547 25.27218 0.31277 0.06647 0.29602 0.32475 1621.370
1.900 0.33223 76.18650 1.59793 25.31126 0.31252 0.06669 0.29563 0.32515 1622.516
1.905 0.33182 76.39905 1.60041 25.35045 0.31228 0.06692 0.29525 0.32555 1623.666
1.910 0.33140 76.61270 1.60289 25.38975 0.31204 0.06714 0.29487 0.32595 1624.819
1.915 0.33099 76.82745 1.60538 25.42916 0.31180 0.06737 0.29448 0.32635 1625.977
1.920 0.33058 77.04331 1.60787 25.46868 0.31156 0.06760 0.29410 0.32675 1627.139
1.925 0.33016 77.26029 1.61037 25.50831 0.31131 0.06783 0.29371 0.32715 1628.305
1.930 0.32974 77.47839 1.61288 25.54805 0.31107 0.06805 0.29333 0.32754 1629.475
1.935 0.32933 77.69763 1.61540 25.58790 0.31083 0.06828 0.29295 0.32794 1630.648
1.940 0.32891 77.91802 1.61792 25.62787 0.31058 0.06851 0.29256 0.32834 1631.826
1.945 0.32849 78.13955 1.62045 25.66795 0.31034 0.06874 0.29218 0.32874 1633.008
1.950 0.32807 78.36225 1.62299 25.70814 0.31009 0.06898 0.29179 0.32914 1634.194
1.955 0.32765 78.58612 1.62553 25.74845 0.30985 0.06921 0.29141 0.32954 1635.384
1.960 0.32722 78.81116 1.62809 25.78887 0.30960 0.06944 0.29102 0.32993 1636.579
1.965 0.32680 79.03740 1.63064 25.82940 0.30936 0.06967 0.29064 0.33033 1637.777
1.970 0.32637 79.26483 1.63321 25.87005 0.30911 0.06991 0.29025 0.33073 1638.980
1.975 0.32595 79.49346 1.63578 25.91081 0.30886 0.07014 0.28987 0.33113 1640.187
1.980 0.32552 79.72331 1.63836 25.95169 0.30862 0.07038 0.28948 0.33152 1641.398
1.985 0.32509 79.95439 1.64095 25.99269 0.30837 0.07061 0.28910 0.33192 1642.614
1.990 0.32466 80.18670 1.64355 26.03380 0.30812 0.07085 0.28871 0.33232 1643.834
1.995 0.32423 80.42025 1.64615 26.07502 0.30787 0.07109 0.28833 0.33271 1645.058
2.000 0.32380 80.65505 1.64876 26.11637 0.30762 0.07133 0.28794 0.33311 1646.286
2.005 0.32337 80.89111 1.65138 26.15783 0.30737 0.07156 0.28756 0.33351 1647.519
2.010 0.32294 81.12845 1.65400 26.19941 0.30712 0.07180 0.28717 0.33390 1648.757
2.015 0.32250 81.36706 1.65664 26.24111 0.30687 0.07204 0.28679 0.33430 1649.998
2.020 0.32207 81.60697 1.65928 26.28292 0.30662 0.07228 0.28640 0.33469 1651.245
2.025 0.32163 81.84818 1.66192 26.32486 0.30637 0.07252 0.28602 0.33509 1652.495
2.030 0.32119 82.09070 1.66458 26.36692 0.30612 0.07277 0.28563 0.33548 1653.751
2.035 0.32075 82.33454 1.66724 26.40909 0.30587 0.07301 0.28524 0.33588 1655.010
2.040 0.32031 82.57971 1.66991 26.45139 0.30561 0.07325 0.28486 0.33627 1656.275
2.045 0.31987 82.82623 1.67259 26.49380 0.30536 0.07350 0.28447 0.33667 1657.544
2.050 0.31943 83.07409 1.67527 26.53634 0.30511 0.07374 0.28409 0.33706 1658.817
2.055 0.31899 83.32332 1.67797 26.57900 0.30485 0.07399 0.28370 0.33746 1660.095
2.060 0.31854 83.57393 1.68067 26.62178 0.30460 0.07423 0.28332 0.33785 1661.378
2.065 0.31810 83.82591 1.68338 26.66469 0.30435 0.07448 0.28293 0.33824 1662.666
2.070 0.31765 84.07930 1.68609 26.70771 0.30409 0.07473 0.28254 0.33864 1663.958
2.075 0.31720 84.33409 1.68882 26.75086 0.30384 0.07497 0.28216 0.33903 1665.255
2.080 0.31675 84.59030 1.69155 26.79414 0.30358 0.07522 0.28177 0.33942 1666.557
2.085 0.31630 84.84794 1.69429 26.83754 0.30333 0.07547 0.28139 0.33982 1667.864
2.090 0.31585 85.10701 1.69704 26.88106 0.30307 0.07572 0.28100 0.34021 1669.175
2.095 0.31540 85.36754 1.69979 26.92471 0.30281 0.07597 0.28061 0.34060 1670.492
2.100 0.31494 85.62954 1.70256 26.96848 0.30256 0.07622 0.28023 0.34099 1671.813
2.105 0.31449 85.89301 1.70533 27.01238 0.30230 0.07647 0.27984 0.34139 1673.140
2.110 0.31403 86.15796 1.70811 27.05641 0.30204 0.07673 0.27946 0.34178 1674.471
2.115 0.31358 86.42442 1.71089 27.10056 0.30178 0.07698 0.27907 0.34217 1675.807
2.120 0.31312 86.69238 1.71369 27.14484 0.30152 0.07723 0.27868 0.34256 1677.149
2.125 0.31266 86.96187 1.71649 27.18925 0.30126 0.07749 0.27830 0.34295 1678.495
2.130 0.31220 87.23290 1.71930 27.23379 0.30100 0.07774 0.27791 0.34334 1679.847
2.135 0.31173 87.50547 1.72212 27.27846 0.30074 0.07800 0.27752 0.34373 1681.203
2.140 0.31127 87.77960 1.72495 27.32325 0.30048 0.07826 0.27714 0.34412 1682.565
2.145 0.31081 88.05531 1.72779 27.36818 0.30022 0.07851 0.27675 0.34451 1683.932
2.150 0.31034 88.33261 1.73063 27.41323 0.29996 0.07877 0.27637 0.34490 1685.304
2.155 0.30987 88.61150 1.73349 27.45842 0.29970 0.07903 0.27598 0.34529 1686.682
2.160 0.30941 88.89201 1.73635 27.50373 0.29944 0.07929 0.27559 0.34568 1688.065
2.165 0.30894 89.17414 1.73922 27.54918 0.29918 0.07955 0.27521 0.34607 1689.453
2.170 0.30847 89.45791 1.74209 27.59476 0.29891 0.07981 0.27482 0.34646 1690.846
2.175 0.30799 89.74334 1.74498 27.64047 0.29865 0.08007 0.27443 0.34685 1692.245
2.180 0.30752 90.03043 1.74787 27.68632 0.29839 0.08033 0.27405 0.34723 1693.650
2.185 0.30705 90.31920 1.75078 27.73230 0.29812 0.08060 0.27366 0.34762 1695.059
2.190 0.30657 90.60967 1.75369 27.77841 0.29786 0.08086 0.27327 0.34801 1696.475
2.195 0.30610 90.90184 1.75661 27.82466 0.29760 0.08112 0.27289 0.34840 1697.896
2.200 0.30562 91.19574 1.75954 27.87104 0.29733 0.08139 0.27250 0.34878 1699.322
2.205 0.30514 91.49138 1.76247 27.91756 0.29707 0.08165 0.27211 0.34917 1700.754
2.210 0.30466 91.78876 1.76542 27.96421 0.29680 0.08192 0.27173 0.34955 1702.192
2.215 0.30418 92.08792 1.76837 28.01100 0.29653 0.08219 0.27134 0.34994 1703.635
2.220 0.30369 92.38885 1.77133 28.05792 0.29627 0.08245 0.27095 0.35033 1705.084
2.225 0.30321 92.69159 1.77430 28.10499 0.29600 0.08272 0.27057 0.35071 1706.539
2.230 0.30272 92.99613 1.77728 28.15219 0.29573 0.08299 0.27018 0.35110 1708.000
2.235 0.30224 93.30251 1.78027 28.19953 0.29547 0.08326 0.26979 0.35148 1709.466
2.240 0.30175 93.61072 1.78327 28.24700 0.29520 0.08353 0.26941 0.35187 1710.939
2.245 0.30126 93.92080 1.78628 28.29462 0.29493 0.08380 0.26902 0.35225 1712.417
2.250 0.30077 94.23275 1.78929 28.34238 0.29466 0.08408 0.26863 0.35263 1713.901
2.255 0.30028 94.54659 1.79232 28.39028 0.29439 0.08435 0.26824 0.35302 1715.391
2.260 0.29979 94.86234 1.79535 28.43831 0.29412 0.08462 0.26786 0.35340 1716.888
2.265 0.29929 95.18001 1.79839 28.48649 0.29385 0.08489 0.26747 0.35378 1718.390
2.270 0.29880 95.49963 1.80144 28.53481 0.29358 0.08517 0.26708 0.35416 1719.898
2.275 0.29830 95.82120 1.80450 28.58328 0.29331 0.08544 0.26670 0.35455 1721.413
2.280 0.29780 96.14474 1.80757 28.63188 0.29304 0.08572 0.26631 0.35493 1722.934
2.285 0.29730 96.47028 1.81065 28.68063 0.29277 0.08600 0.26592 0.35531 1724.461
2.290 0.29680 96.79783 1.81373 28.72953 0.29250 0.08628 0.26554 0.35569 1725.994
2.295 0.29630 97.12740 1.81683 28.77856 0.29223 0.08655 0.26515 0.35607 1727.534
2.300 0.29579 97.45902 1.81993 28.82775 0.29195 0.08683 0.26476 0.35645 1729.079
2.305 0.29529 97.79270 1.82305 28.87707 0.29168 0.08711 0.26438 0.35683 1730.632
2.310 0.29478 98.12846 1.82617 28.92655 0.29141 0.08739 0.26399 0.35721 1732.191
2.315 0.29427 98.46632 1.82930 28.97617 0.29113 0.08767 0.26360 0.35759 1733.756
2.320 0.29377 98.80629 1.83245 29.02593 0.29086 0.08796 0.26322 0.35797 1735.328
2.325 0.29326 99.14841 1.83560 29.07585 0.29059 0.08824 0.26283 0.35835 1736.906
2.330 0.29274 99.49268 1.83876 29.12591 0.29031 0.08852 0.26244 0.35873 1738.491
2.335 0.29223 99.83912 1.84193 29.17612 0.29004 0.08881 0.26206 0.35910 1740.083
2.340 0.29172 100.18776 1.84511 29.22648 0.28976 0.08909 0.26167 0.35948 1741.682
2.345 0.29120 100.53861 1.84829 29.27699 0.28949 0.08938 0.26128 0.35986 1743.287
2.350 0.29068 100.89170 1.85149 29.32765 0.28921 0.08966 0.26089 0.36023 1744.899
2.355 0.29017 101.24704 1.85470 29.37846 0.28893 0.08995 0.26051 0.36061 1746.518
2.360 0.28965 101.60466 1.85792 29.42942 0.28866 0.09024 0.26012 0.36099 1748.143
2.365 0.28913 101.96457 1.86115 29.48054 0.28838 0.09052 0.25973 0.36136 1749.776
2.370 0.28860 102.32680 1.86438 29.53180 0.28810 0.09081 0.25935 0.36174 1751.416
2.375 0.28808 102.69136 1.86763 29.58322 0.28782 0.09110 0.25896 0.36211 1753.063
2.380 0.28755 103.05829 1.87088 29.63479 0.28755 0.09139 0.25857 0.36249 1754.717
2.385 0.28703 103.42759 1.87415 29.68652 0.28727 0.09168 0.25819 0.36286 1756.378
2.390 0.28650 103.79930 1.87742 29.73840 0.28699 0.09198 0.25780 0.36323 1758.046
2.395 0.28597 104.17343 1.88071 29.79044 0.28671 0.09227 0.25741 0.36361 1759.722
2.400 0.28544 104.55000 1.88400 29.84263 0.28643 0.09256 0.25703 0.36398 1761.404
2.405 0.28491 104.92905 1.88731 29.89498 0.28615 0.09286 0.25664 0.36435 1763.095
2.410 0.28437 105.31059 1.89062 29.94748 0.28587 0.09315 0.25626 0.36472 1764.792
2.415 0.28384 105.69464 1.89395 30.00014 0.28559 0.09345 0.25587 0.36510 1766.497
2.420 0.28330 106.08124 1.89728 30.05296 0.28531 0.09374 0.25548 0.36547 1768.210
2.425 0.28276 106.47039 1.90063 30.10594 0.28503 0.09404 0.25510 0.36584 1769.930
2.430 0.28222 106.86214 1.90398 30.15908 0.28475 0.09434 0.25471 0.36621 1771.658
2.435 0.28168 107.25649 1.90735 30.21238 0.28446 0.09464 0.25432 0.36658 1773.393
2.440 0.28114 107.65348 1.91072 30.26584 0.28418 0.09494 0.25394 0.36695 1775.137
2.445 0.28060 108.05313 1.91411 30.31945 0.28390 0.09524 0.25355 0.36732 1776.888
2.450 0.28005 108.45546 1.91750 30.37323 0.28362 0.09554 0.25316 0.36768 1778.646
2.455 0.27951 108.86051 1.92091 30.42718 0.28333 0.09584 0.25278 0.36805 1780.413
2.460 0.27896 109.26830 1.92432 30.48128 0.28305 0.09614 0.25239 0.36842 1782.188
2.465 0.27841 109.67884 1.92775 30.53555 0.28276 0.09644 0.25201 0.36879 1783.971
2.470 0.27786 110.09218 1.93119 30.58998 0.28248 0.09675 0.25162 0.36915 1785.762
2.475 0.27731 110.50833 1.93463 30.64458 0.28220 0.09705 0.25123 0.36952 1787.561
2.480 0.27675 110.92733 1.93809 30.69934 0.28191 0.09736 0.25085 0.36989 1789.368
2.485 0.27620 111.34920 1.94156 30.75426 0.28163 0.09766 0.25046 0.37025 1791.183
2.490 0.27564 111.77397 1.94504 30.80936 0.28134 0.09797 0.25007 0.37062 1793.007
2.495 0.27508 112.20166 1.94852 30.86462 0.28105 0.09828 0.24969 0.37098 1794.839
2.500 0.27452 112.63231 1.95202 30.92004 0.28077 0.09858 0.24930 0.37134 1796.680
2.505 0.27396 113.06595 1.95553 30.97564 0.28048 0.09889 0.24892 0.37171 1798.529
2.510 0.27340 113.50259 1.95905 31.03140 0.28019 0.09920 0.24853 0.37207 1800.387
2.515 0.27283 113.94228 1.96258 31.08734 0.27991 0.09951 0.24815 0.37243 1802.253
2.520 0.27227 114.38505 1.96613 31.14344 0.27962 0.09982 0.24776 0.37280 1804.128
2.525 0.27170 114.83091 1.96968 31.19971 0.27933 0.10014 0.24737 0.37316 1806.012
2.530 0.27113 115.27991 1.97324 31.25616 0.27904 0.10045 0.24699 0.37352 1807.905
2.535 0.27056 115.73208 1.97682 31.31277 0.27875 0.10076 0.24660 0.37388 1809.806
2.540 0.26999 116.18744 1.98040 31.36956 0.27847 0.10108 0.24622 0.37424 1811.717
2.545 0.26942 116.64603 1.98400 31.42652 0.27818 0.10139 0.24583 0.37460 1813.636
2.550 0.26884 117.10788 1.98760 31.48366 0.27789 0.10171 0.24545 0.37496 1815.565
2.555 0.26827 117.57303 1.99122 31.54097 0.27760 0.10202 0.24506 0.37532 1817.503
2.560 0.26769 118.04150 1.99485 31.59845 0.27731 0.10234 0.24468 0.37568 1819.450
2.565 0.26711 118.51333 1.99849 31.65611 0.27702 0.10266 0.24429 0.37603 1821.407
2.570 0.26653 118.98855 2.00214 31.71395 0.27673 0.10298 0.24391 0.37639 1823.373
2.575 0.26595 119.46720 2.00581 31.77196 0.27643 0.10330 0.24352 0.37675 1825.348
2.580 0.26536 119.94931 2.00948 31.83015 0.27614 0.10362 0.24314 0.37710 1827.333
