timeGa Urey Qt heat/H0 heatTW 1HPE 2HPE 3HPE 4HPE TempC
0.000 0.48000 36.00000 1.00000 17.28000 0.37200 0.01640 0.43000 0.18100 1351.850
0.005 0.48018 36.00000 1.00038 17.28655 0.37215 0.01647 0.42994 0.18143 1352.272
0.010 0.47983 36.06138 1.00136 17.30349 0.37207 0.01654 0.42963 0.18176 1352.694
0.015 0.47949 36.12299 1.00234 17.32048 0.37199 0.01661 0.42931 0.18209 1353.118
0.020 0.47914 36.18481 1.00333 17.33750 0.37192 0.01667 0.42900 0.18241 1353.542
0.025 0.47879 36.24687 1.00431 17.35455 0.37184 0.01674 0.42868 0.18274 1353.968
0.030 0.47844 36.30914 1.00530 17.37165 0.37176 0.01680 0.42837 0.18307 1354.394
0.035 0.47809 36.37165 1.00629 17.38877 0.37168 0.01687 0.42805 0.18340 1354.822
0.040 0.47773 36.43438 1.00729 17.40594 0.37161 0.01694 0.42773 0.18372 1355.251
0.045 0.47738 36.49734 1.00828 17.42314 0.37153 0.01700 0.42742 0.18405 1355.680
0.050 0.47703 36.56053 1.00928 17.44037 0.37145 0.01707 0.42710 0.18438 1356.111
0.055 0.47667 36.62395 1.01028 17.45764 0.37137 0.01714 0.42678 0.18471 1356.543
0.060 0.47632 36.68761 1.01128 17.47495 0.37129 0.01720 0.42647 0.18504 1356.975
0.065 0.47596 36.75150 1.01229 17.49230 0.37121 0.01727 0.42615 0.18537 1357.409
0.070 0.47560 36.81563 1.01329 17.50968 0.37113 0.01734 0.42583 0.18570 1357.844
0.075 0.47525 36.87999 1.01430 17.52710 0.37104 0.01741 0.42551 0.18603 1358.280
0.080 0.47489 36.94459 1.01531 17.54455 0.37096 0.01748 0.42520 0.18636 1358.717
0.085 0.47453 37.00943 1.01632 17.56205 0.37088 0.01755 0.42488 0.18670 1359.155
0.090 0.47417 37.07451 1.01734 17.57957 0.37080 0.01761 0.42456 0.18703 1359.594
0.095 0.47381 37.13984 1.01835 17.59714 0.37071 0.01768 0.42424 0.18736 1360.034
0.100 0.47345 37.20540 1.01937 17.61475 0.37063 0.01775 0.42392 0.18769 1360.476
0.105 0.47308 37.27121 1.02039 17.63239 0.37055 0.01782 0.42360 0.18803 1360.918
0.110 0.47272 37.33727 1.02142 17.65007 0.37046 0.01789 0.42328 0.18836 1361.362
0.115 0.47236 37.40358 1.02244 17.66778 0.37038 0.01796 0.42296 0.18869 1361.806
0.120 0.47199 37.47013 1.02347 17.68554 0.37029 0.01803 0.42264 0.18903 1362.252
0.125 0.47162 37.53694 1.02450 17.70333 0.37021 0.01811 0.42232 0.18936 1362.699
0.130 0.47126 37.60400 1.02553 17.72116 0.37012 0.01818 0.42200 0.18970 1363.146
0.135 0.47089 37.67131 1.02656 17.73903 0.37004 0.01825 0.42168 0.19003 1363.595
0.140 0.47052 37.73887 1.02760 17.75693 0.36995 0.01832 0.42136 0.19037 1364.046
0.145 0.47015 37.80669 1.02864 17.77488 0.36986 0.01839 0.42104 0.19071 1364.497
0.150 0.46978 37.87477 1.02968 17.79286 0.36978 0.01846 0.42072 0.19104 1364.949
0.155 0.46941 37.94311 1.03072 17.81088 0.36969 0.01854 0.42040 0.19138 1365.403
0.160 0.46904 38.01171 1.03177 17.82894 0.36960 0.01861 0.42007 0.19172 1365.857
0.165 0.46867 38.08057 1.03281 17.84704 0.36951 0.01868 0.41975 0.19206 1366.313
0.170 0.46829 38.14969 1.03386 17.86518 0.36942 0.01875 0.41943 0.19239 1366.770
0.175 0.46792 38.21908 1.03492 17.88336 0.36933 0.01883 0.41911 0.19273 1367.228
0.180 0.46754 38.28874 1.03597 17.90157 0.36924 0.01890 0.41878 0.19307 1367.687
0.185 0.46717 38.35867 1.03703 17.91983 0.36915 0.01898 0.41846 0.19341 1368.148
0.190 0.46679 38.42886 1.03809 17.93812 0.36906 0.01905 0.41814 0.19375 1368.609
0.195 0.46641 38.49933 1.03915 17.95646 0.36897 0.01912 0.41781 0.19409 1369.072
0.200 0.46603 38.57006 1.04021 17.97483 0.36888 0.01920 0.41749 0.19443 1369.536
0.205 0.46565 38.64108 1.04128 17.99325 0.36879 0.01927 0.41717 0.19477 1370.001
0.210 0.46527 38.71237 1.04234 18.01170 0.36870 0.01935 0.41684 0.19511 1370.467
0.215 0.46489 38.78393 1.04341 18.03019 0.36860 0.01942 0.41652 0.19545 1370.935
0.220 0.46451 38.85578 1.04449 18.04873 0.36851 0.01950 0.41619 0.19580 1371.404
0.225 0.46412 38.92791 1.04556 18.06730 0.36842 0.01958 0.41587 0.19614 1371.873
0.230 0.46374 39.00032 1.04664 18.08592 0.36832 0.01965 0.41554 0.19648 1372.345
0.235 0.46335 39.07301 1.04772 18.10457 0.36823 0.01973 0.41522 0.19682 1372.817
0.240 0.46297 39.14599 1.04880 18.12326 0.36813 0.01981 0.41489 0.19717 1373.290
0.245 0.46258 39.21926 1.04988 18.14200 0.36804 0.01988 0.41457 0.19751 1373.765
0.250 0.46219 39.29282 1.05097 18.16078 0.36794 0.01996 0.41424 0.19785 1374.241
0.255 0.46180 39.36666 1.05206 18.17959 0.36785 0.02004 0.41391 0.19820 1374.718
0.260 0.46141 39.44081 1.05315 18.19845 0.36775 0.02012 0.41359 0.19854 1375.197
0.265 0.46102 39.51524 1.05424 18.21735 0.36765 0.02020 0.41326 0.19889 1375.677
0.270 0.46063 39.58997 1.05534 18.23629 0.36756 0.02027 0.41293 0.19923 1376.158
0.275 0.46024 39.66500 1.05644 18.25528 0.36746 0.02035 0.41261 0.19958 1376.640
0.280 0.45984 39.74033 1.05754 18.27430 0.36736 0.02043 0.41228 0.19993 1377.124
0.285 0.45945 39.81596 1.05864 18.29337 0.36726 0.02051 0.41195 0.20027 1377.608
0.290 0.45905 39.89190 1.05975 18.31247 0.36716 0.02059 0.41162 0.20062 1378.094
0.295 0.45866 39.96814 1.06086 18.33162 0.36707 0.02067 0.41129 0.20097 1378.582
0.300 0.45826 40.04468 1.06197 18.35082 0.36697 0.02075 0.41097 0.20132 1379.070
0.305 0.45786 40.12154 1.06308 18.37005 0.36687 0.02083 0.41064 0.20166 1379.560
0.310 0.45746 40.19871 1.06420 18.38933 0.36677 0.02091 0.41031 0.20201 1380.052
0.315 0.45706 40.27619 1.06532 18.40864 0.36666 0.02100 0.40998 0.20236 1380.544
0.320 0.45666 40.35398 1.06644 18.42801 0.36656 0.02108 0.40965 0.20271 1381.038
0.325 0.45626 40.43209 1.06756 18.44741 0.36646 0.02116 0.40932 0.20306 1381.533
0.330 0.45585 40.51052 1.06868 18.46686 0.36636 0.02124 0.40899 0.20341 1382.030
0.335 0.45545 40.58927 1.06981 18.48635 0.36626 0.02132 0.40866 0.20376 1382.528
0.340 0.45504 40.66834 1.07094 18.50588 0.36615 0.02141 0.40833 0.20411 1383.027
0.345 0.45464 40.74774 1.07207 18.52545 0.36605 0.02149 0.40800 0.20446 1383.528
0.350 0.45423 40.82746 1.07321 18.54507 0.36595 0.02157 0.40767 0.20481 1384.030
0.355 0.45382 40.90752 1.07435 18.56474 0.36584 0.02166 0.40734 0.20516 1384.533
0.360 0.45341 40.98790 1.07549 18.58444 0.36574 0.02174 0.40701 0.20552 1385.038
0.365 0.45300 41.06861 1.07663 18.60419 0.36563 0.02182 0.40668 0.20587 1385.544
0.370 0.45259 41.14966 1.07778 18.62399 0.36553 0.02191 0.40634 0.20622 1386.051
0.375 0.45218 41.23105 1.07893 18.64383 0.36542 0.02199 0.40601 0.20657 1386.560
0.380 0.45177 41.31277 1.08008 18.66371 0.36532 0.02208 0.40568 0.20693 1387.070
0.385 0.45135 41.39483 1.08123 18.68364 0.36521 0.02216 0.40535 0.20728 1387.582
0.390 0.45094 41.47724 1.08238 18.70361 0.36510 0.02225 0.40501 0.20763 1388.095
0.395 0.45052 41.56000 1.08354 18.72362 0.36499 0.02233 0.40468 0.20799 1388.609
0.400 0.45010 41.64310 1.08470 18.74368 0.36489 0.02242 0.40435 0.20834 1389.125
0.405 0.44968 41.72654 1.08587 18.76379 0.36478 0.02251 0.40402 0.20870 1389.642
0.410 0.44927 41.81035 1.08703 18.78394 0.36467 0.02259 0.40368 0.20905 1390.161
0.415 0.44884 41.89450 1.08820 18.80413 0.36456 0.02268 0.40335 0.20941 1390.681
0.420 0.44842 41.97901 1.08937 18.82437 0.36445 0.02277 0.40301 0.20977 1391.202
0.425 0.44800 42.06388 1.09055 18.84466 0.36434 0.02286 0.40268 0.21012 1391.725
0.430 0.44758 42.14911 1.09172 18.86499 0.36423 0.02294 0.40235 0.21048 1392.250
0.435 0.44715 42.23470 1.09290 18.88537 0.36412 0.02303 0.40201 0.21084 1392.776
0.440 0.44673 42.32066 1.09409 18.90579 0.36401 0.02312 0.40168 0.21119 1393.303
0.445 0.44630 42.40699 1.09527 18.92626 0.36390 0.02321 0.40134 0.21155 1393.832
0.450 0.44587 42.49368 1.09646 18.94677 0.36378 0.02330 0.40101 0.21191 1394.363
0.455 0.44544 42.58075 1.09765 18.96734 0.36367 0.02339 0.40067 0.21227 1394.895
0.460 0.44501 42.66819 1.09884 18.98794 0.36356 0.02348 0.40033 0.21263 1395.428
0.465 0.44458 42.75601 1.10003 19.00860 0.36344 0.02357 0.40000 0.21299 1395.963
0.470 0.44415 42.84421 1.10123 19.02930 0.36333 0.02366 0.39966 0.21335 1396.499
0.475 0.44372 42.93279 1.10243 19.05005 0.36322 0.02375 0.39933 0.21371 1397.037
0.480 0.44328 43.02176 1.10364 19.07084 0.36310 0.02384 0.39899 0.21407 1397.577
0.485 0.44285 43.11111 1.10484 19.09168 0.36299 0.02393 0.39865 0.21443 1398.118
0.490 0.44241 43.20085 1.10605 19.11257 0.36287 0.02403 0.39832 0.21479 1398.660
0.495 0.44197 43.29099 1.10726 19.13351 0.36275 0.02412 0.39798 0.21515 1399.205
0.500 0.44154 43.38152 1.10848 19.15449 0.36264 0.02421 0.39764 0.21551 1399.750
0.505 0.44110 43.47244 1.10969 19.17552 0.36252 0.02430 0.39730 0.21587 1400.298
0.510 0.44066 43.56377 1.11091 19.19660 0.36240 0.02440 0.39696 0.21623 1400.847
0.515 0.44021 43.65549 1.11214 19.21773 0.36229 0.02449 0.39663 0.21660 1401.397
0.520 0.43977 43.74763 1.11336 19.23890 0.36217 0.02458 0.39629 0.21696 1401.949
0.525 0.43933 43.84017 1.11459 19.26013 0.36205 0.02468 0.39595 0.21732 1402.503
0.530 0.43888 43.93312 1.11582 19.28140 0.36193 0.02477 0.39561 0.21769 1403.058
0.535 0.43843 44.02648 1.11706 19.30272 0.36181 0.02487 0.39527 0.21805 1403.615
0.540 0.43799 44.12026 1.11829 19.32409 0.36169 0.02496 0.39493 0.21841 1404.174
0.545 0.43754 44.21446 1.11953 19.34551 0.36157 0.02506 0.39459 0.21878 1404.734
0.550 0.43709 44.30908 1.12077 19.36697 0.36145 0.02515 0.39425 0.21914 1405.296
0.555 0.43664 44.40413 1.12202 19.38849 0.36133 0.02525 0.39391 0.21951 1405.859
0.560 0.43618 44.49960 1.12327 19.41005 0.36121 0.02535 0.39357 0.21987 1406.424
0.565 0.43573 44.59550 1.12452 19.43167 0.36109 0.02544 0.39323 0.22024 1406.991
0.570 0.43528 44.69183 1.12577 19.45333 0.36096 0.02554 0.39289 0.22061 1407.560
0.575 0.43482 44.78860 1.12703 19.47505 0.36084 0.02564 0.39255 0.22097 1408.130
0.580 0.43436 44.88581 1.12829 19.49681 0.36072 0.02574 0.39221 0.22134 1408.702
0.585 0.43391 44.98346 1.12955 19.51863 0.36059 0.02583 0.39187 0.22171 1409.275
0.590 0.43345 45.08155 1.13082 19.54049 0.36047 0.02593 0.39153 0.22207 1409.851
0.595 0.43299 45.18010 1.13208 19.56241 0.36034 0.02603 0.39118 0.22244 1410.428
0.600 0.43253 45.27909 1.13335 19.58437 0.36022 0.02613 0.39084 0.22281 1411.007
0.605 0.43206 45.37854 1.13463 19.60639 0.36009 0.02623 0.39050 0.22318 1411.587
0.610 0.43160 45.47844 1.13591 19.62846 0.35997 0.02633 0.39016 0.22355 1412.169
0.615 0.43113 45.57880 1.13719 19.65058 0.35984 0.02643 0.38981 0.22391 1412.753
0.620 0.43067 45.67963 1.13847 19.67275 0.35971 0.02653 0.38947 0.22428 1413.339
0.625 0.43020 45.78092 1.13976 19.69497 0.35959 0.02663 0.38913 0.22465 1413.927
0.630 0.42973 45.88269 1.14104 19.71724 0.35946 0.02673 0.38879 0.22502 1414.516
0.635 0.42926 45.98492 1.14234 19.73956 0.35933 0.02683 0.38844 0.22539 1415.107
0.640 0.42879 46.08763 1.14363 19.76194 0.35920 0.02694 0.38810 0.22576 1415.700
0.645 0.42832 46.19083 1.14493 19.78437 0.35907 0.02704 0.38775 0.22613 1416.295
0.650 0.42784 46.29450 1.14623 19.80685 0.35894 0.02714 0.38741 0.22651 1416.892
0.655 0.42737 46.39866 1.14753 19.82938 0.35881 0.02724 0.38707 0.22688 1417.490
0.660 0.42689 46.50331 1.14884 19.85197 0.35868 0.02735 0.38672 0.22725 1418.091
0.665 0.42642 46.60845 1.15015 19.87460 0.35855 0.02745 0.38638 0.22762 1418.693
0.670 0.42594 46.71409 1.15146 19.89729 0.35842 0.02756 0.38603 0.22799 1419.297
0.675 0.42546 46.82023 1.15278 19.92004 0.35829 0.02766 0.38569 0.22837 1419.903
0.680 0.42498 46.92687 1.15410 19.94283 0.35816 0.02776 0.38534 0.22874 1420.511
0.685 0.42449 47.03402 1.15542 19.96568 0.35803 0.02787 0.38499 0.22911 1421.120
0.690 0.42401 47.14168 1.15675 19.98859 0.35789 0.02798 0.38465 0.22948 1421.732
0.695 0.42353 47.24986 1.15808 20.01154 0.35776 0.02808 0.38430 0.22986 1422.346
0.700 0.42304 47.35855 1.15941 20.03455 0.35763 0.02819 0.38396 0.23023 1422.961
0.705 0.42255 47.46777 1.16074 20.05762 0.35749 0.02829 0.38361 0.23061 1423.579
0.710 0.42206 47.57750 1.16208 20.08074 0.35736 0.02840 0.38326 0.23098 1424.198
0.715 0.42157 47.68777 1.16342 20.10391 0.35722 0.02851 0.38292 0.23136 1424.819
0.720 0.42108 47.79857 1.16477 20.12714 0.35709 0.02862 0.38257 0.23173 1425.443
0.725 0.42059 47.90991 1.16611 20.15042 0.35695 0.02872 0.38222 0.23211 1426.068
0.730 0.42010 48.02179 1.16746 20.17376 0.35681 0.02883 0.38187 0.23248 1426.695
0.735 0.41960 48.13421 1.16882 20.19715 0.35668 0.02894 0.38152 0.23286 1427.325
0.740 0.41910 48.24719 1.17017 20.22060 0.35654 0.02905 0.38118 0.23323 1427.956
0.745 0.41861 48.36071 1.17153 20.24410 0.35640 0.02916 0.38083 0.23361 1428.589
0.750 0.41811 48.47479 1.17290 20.26766 0.35626 0.02927 0.38048 0.23399 1429.225
0.755 0.41761 48.58943 1.17426 20.29128 0.35612 0.02938 0.38013 0.23437 1429.862
0.760 0.41710 48.70464 1.17563 20.31495 0.35598 0.02949 0.37978 0.23474 1430.502
0.765 0.41660 48.82041 1.17701 20.33867 0.35584 0.02960 0.37943 0.23512 1431.143
0.770 0.41610 48.93676 1.17838 20.36245 0.35570 0.02971 0.37908 0.23550 1431.787
0.775 0.41559 49.05368 1.17976 20.38629 0.35556 0.02982 0.37873 0.23588 1432.433
0.780 0.41508 49.17119 1.18115 20.41019 0.35542 0.02994 0.37838 0.23626 1433.080
0.785 0.41458 49.28928 1.18253 20.43414 0.35528 0.03005 0.37803 0.23663 1433.730
0.790 0.41407 49.40796 1.18392 20.45815 0.35514 0.03016 0.37768 0.23701 1434.383
0.795 0.41355 49.52723 1.18531 20.48222 0.35500 0.03028 0.37733 0.23739 1435.037
0.800 0.41304 49.64711 1.18671 20.50634 0.35486 0.03039 0.37698 0.23777 1435.693
0.805 0.41253 49.76758 1.18811 20.53052 0.35471 0.03050 0.37663 0.23815 1436.352
0.810 0.41201 49.88867 1.18951 20.55476 0.35457 0.03062 0.37628 0.23853 1437.013
0.815 0.41150 50.01037 1.19092 20.57906 0.35442 0.03073 0.37593 0.23891 1437.675
0.820 0.41098 50.13268 1.19233 20.60341 0.35428 0.03085 0.37558 0.23929 1438.341
0.825 0.41046 50.25562 1.19374 20.62782 0.35413 0.03096 0.37523 0.23967 1439.008
0.830 0.40994 50.37918 1.19516 20.65230 0.35399 0.03108 0.37488 0.24006 1439.678
0.835 0.40941 50.50337 1.19658 20.67683 0.35384 0.03120 0.37452 0.24044 1440.350
0.840 0.40889 50.62820 1.19800 20.70141 0.35370 0.03131 0.37417 0.24082 1441.024
0.845 0.40837 50.75367 1.19942 20.72606 0.35355 0.03143 0.37382 0.24120 1441.700
0.850 0.40784 50.87979 1.20085 20.75077 0.35340 0.03155 0.37347 0.24158 1442.379
0.855 0.40731 51.00655 1.20229 20.77554 0.35326 0.03167 0.37311 0.24197 1443.060
0.860 0.40678 51.13397 1.20372 20.80036 0.35311 0.03178 0.37276 0.24235 1443.743
0.865 0.40625 51.26206 1.20516 20.82525 0.35296 0.03190 0.37241 0.24273 1444.429
0.870 0.40572 51.39080 1.20661 20.85019 0.35281 0.03202 0.37205 0.24311 1445.117
0.875 0.40518 51.52022 1.20806 20.87520 0.35266 0.03214 0.37170 0.24350 1445.807
0.880 0.40465 51.65031 1.20951 20.90027 0.35251 0.03226 0.37135 0.24388 1446.500
0.885 0.40411 51.78109 1.21096 20.92539 0.35236 0.03238 0.37099 0.24427 1447.195
0.890 0.40357 51.91255 1.21242 20.95058 0.35221 0.03250 0.37064 0.24465 1447.892
0.895 0.40303 52.04470 1.21388 20.97583 0.35206 0.03262 0.37028 0.24504 1448.592
0.900 0.40249 52.17755 1.21534 21.00114 0.35191 0.03275 0.36993 0.24542 1449.294
0.905 0.40195 52.31111 1.21681 21.02651 0.35175 0.03287 0.36957 0.24580 1449.999
0.910 0.40141 52.44537 1.21828 21.05194 0.35160 0.03299 0.36922 0.24619 1450.706
0.915 0.40086 52.58034 1.21976 21.07743 0.35145 0.03311 0.36886 0.24658 1451.416
0.920 0.40031 52.71603 1.22124 21.10299 0.35130 0.03324 0.36851 0.24696 1452.128
0.925 0.39977 52.85245 1.22272 21.12861 0.35114 0.03336 0.36815 0.24735 1452.842
0.930 0.39922 52.98960 1.22421 21.15429 0.35099 0.03348 0.36780 0.24773 1453.559
0.935 0.39866 53.12749 1.22570 21.18003 0.35083 0.03361 0.36744 0.24812 1454.279
0.940 0.39811 53.26611 1.22719 21.20583 0.35068 0.03373 0.36708 0.24851 1455.001
0.945 0.39756 53.40549 1.22869 21.23170 0.35052 0.03386 0.36673 0.24889 1455.726
0.950 0.39700 53.54562 1.23019 21.25763 0.35037 0.03398 0.36637 0.24928 1456.453
0.955 0.39644 53.68651 1.23169 21.28363 0.35021 0.03411 0.36601 0.24967 1457.183
0.960 0.39588 53.82817 1.23320 21.30968 0.35005 0.03424 0.36566 0.25006 1457.916
0.965 0.39532 53.97060 1.23471 21.33581 0.34989 0.03436 0.36530 0.25044 1458.651
0.970 0.39476 54.11381 1.23623 21.36199 0.34974 0.03449 0.36494 0.25083 1459.389
0.975 0.39420 54.25780 1.23775 21.38824 0.34958 0.03462 0.36458 0.25122 1460.129
0.980 0.39363 54.40258 1.23927 21.41455 0.34942 0.03475 0.36423 0.25161 1460.872
0.985 0.39306 54.54817 1.24079 21.44093 0.34926 0.03487 0.36387 0.25200 1461.618
0.990 0.39250 54.69455 1.24232 21.46738 0.34910 0.03500 0.36351 0.25239 1462.366
0.995 0.39193 54.84175 1.24386 21.49388 0.34894 0.03513 0.36315 0.25278 1463.117
1.000 0.39135 54.98977 1.24540 21.52046 0.34878 0.03526 0.36279 0.25317 1463.871
1.005 0.39078 55.13861 1.24694 21.54710 0.34862 0.03539 0.36243 0.25356 1464.628
1.010 0.39021 55.28828 1.24848 21.57380 0.34846 0.03552 0.36207 0.25394 1465.388
1.015 0.38963 55.43879 1.25003 21.60057 0.34829 0.03565 0.36172 0.25433 1466.150
1.020 0.38905 55.59014 1.25159 21.62740 0.34813 0.03579 0.36136 0.25473 1466.915
1.025 0.38847 55.74234 1.25314 21.65431 0.34797 0.03592 0.36100 0.25512 1467.683
1.030 0.38789 55.89541 1.25470 21.68127 0.34781 0.03605 0.36064 0.25551 1468.453
1.035 0.38731 56.04934 1.25627 21.70831 0.34764 0.03618 0.36028 0.25590 1469.227
1.040 0.38672 56.20414 1.25784 21.73541 0.34748 0.03632 0.35992 0.25629 1470.003
1.045 0.38614 56.35983 1.25941 21.76258 0.34731 0.03645 0.35956 0.25668 1470.783
1.050 0.38555 56.51640 1.26098 21.78982 0.34715 0.03659 0.35920 0.25707 1471.565
1.055 0.38496 56.67387 1.26256 21.81712 0.34698 0.03672 0.35883 0.25746 1472.350
1.060 0.38437 56.83224 1.26415 21.84449 0.34682 0.03685 0.35847 0.25786 1473.138
1.065 0.38378 56.99153 1.26574 21.87193 0.34665 0.03699 0.35811 0.25825 1473.929
1.070 0.38318 57.15173 1.26733 21.89944 0.34648 0.03713 0.35775 0.25864 1474.723
1.075 0.38258 57.31285 1.26892 21.92701 0.34632 0.03726 0.35739 0.25903 1475.520
1.080 0.38199 57.47492 1.27052 21.95466 0.34615 0.03740 0.35703 0.25942 1476.321
1.085 0.38139 57.63792 1.27213 21.98237 0.34598 0.03754 0.35667 0.25982 1477.124
1.090 0.38079 57.80187 1.27374 22.01015 0.34581 0.03767 0.35630 0.26021 1477.930
1.095 0.38018 57.96679 1.27535 22.03801 0.34564 0.03781 0.35594 0.26060 1478.739
1.100 0.37958 58.13267 1.27696 22.06593 0.34547 0.03795 0.35558 0.26100 1479.552
1.105 0.37897 58.29952 1.27858 22.09392 0.34530 0.03809 0.35522 0.26139 1480.367
1.110 0.37836 58.46736 1.28021 22.12198 0.34513 0.03823 0.35485 0.26179 1481.186
1.115 0.37775 58.63619 1.28183 22.15011 0.34496 0.03837 0.35449 0.26218 1482.008
1.120 0.37714 58.80602 1.28347 22.17831 0.34479 0.03851 0.35413 0.26257 1482.833
1.125 0.37653 58.97686 1.28510 22.20658 0.34462 0.03865 0.35377 0.26297 1483.661
1.130 0.37592 59.14872 1.28674 22.23492 0.34444 0.03879 0.35340 0.26336 1484.493
1.135 0.37530 59.32161 1.28839 22.26334 0.34427 0.03893 0.35304 0.26376 1485.327
1.140 0.37468 59.49553 1.29004 22.29182 0.34410 0.03908 0.35267 0.26415 1486.166
1.145 0.37406 59.67050 1.29169 22.32038 0.34392 0.03922 0.35231 0.26455 1487.007
1.150 0.37344 59.84652 1.29335 22.34901 0.34375 0.03936 0.35195 0.26494 1487.852
1.155 0.37282 60.02361 1.29501 22.37771 0.34357 0.03951 0.35158 0.26534 1488.700
1.160 0.37219 60.20177 1.29667 22.40648 0.34340 0.03965 0.35122 0.26573 1489.551
1.165 0.37156 60.38102 1.29834 22.43533 0.34322 0.03979 0.35085 0.26613 1490.406
1.170 0.37093 60.56135 1.30001 22.46425 0.34305 0.03994 0.35049 0.26653 1491.264
1.175 0.37030 60.74279 1.30169 22.49324 0.34287 0.04008 0.35012 0.26692 1492.125
1.180 0.36967 60.92535 1.30337 22.52230 0.34269 0.04023 0.34976 0.26732 1492.990
1.185 0.36904 61.10902 1.30506 22.55144 0.34252 0.04038 0.34939 0.26771 1493.859
1.190 0.36840 61.29383 1.30675 22.58065 0.34234 0.04052 0.34903 0.26811 1494.731
1.195 0.36776 61.47978 1.30845 22.60994 0.34216 0.04067 0.34866 0.26851 1495.607
1.200 0.36712 61.66688 1.31014 22.63930 0.34198 0.04082 0.34829 0.26891 1496.486
1.205 0.36648 61.85515 1.31185 22.66873 0.34180 0.04097 0.34793 0.26930 1497.368
1.210 0.36584 62.04460 1.31356 22.69824 0.34162 0.04112 0.34756 0.26970 1498.255
1.215 0.36519 62.23522 1.31527 22.72782 0.34144 0.04127 0.34720 0.27010 1499.145
1.220 0.36455 62.42705 1.31698 22.75748 0.34126 0.04141 0.34683 0.27049 1500.038
1.225 0.36390 62.62008 1.31870 22.78721 0.34108 0.04156 0.34646 0.27089 1500.936
1.230 0.36325 62.81433 1.32043 22.81702 0.34090 0.04172 0.34609 0.27129 1501.837
1.235 0.36259 63.00981 1.32216 22.84691 0.34072 0.04187 0.34573 0.27169 1502.741
1.240 0.36194 63.20653 1.32389 22.87687 0.34053 0.04202 0.34536 0.27209 1503.650
1.245 0.36128 63.40451 1.32563 22.90691 0.34035 0.04217 0.34499 0.27248 1504.562
1.250 0.36062 63.60375 1.32737 22.93703 0.34017 0.04232 0.34463 0.27288 1505.478
1.255 0.35996 63.80426 1.32912 22.96722 0.33998 0.04248 0.34426 0.27328 1506.398
1.260 0.35930 64.00606 1.33087 22.99749 0.33980 0.04263 0.34389 0.27368 1507.322
1.265 0.35864 64.20917 1.33263 23.02783 0.33962 0.04278 0.34352 0.27408 1508.249
1.270 0.35797 64.41359 1.33439 23.05826 0.33943 0.04294 0.34315 0.27448 1509.181
1.275 0.35730 64.61933 1.33616 23.08876 0.33925 0.04309 0.34278 0.27488 1510.116
1.280 0.35663 64.82641 1.33792 23.11934 0.33906 0.04325 0.34242 0.27528 1511.056
1.285 0.35596 65.03484 1.33970 23.15000 0.33887 0.04340 0.34205 0.27568 1511.999
1.290 0.35529 65.24463 1.34148 23.18074 0.33869 0.04356 0.34168 0.27608 1512.947
1.295 0.35461 65.45580 1.34326 23.21155 0.33850 0.04372 0.34131 0.27648 1513.898
1.300 0.35394 65.66837 1.34505 23.24245 0.33831 0.04388 0.34094 0.27688 1514.854
1.305 0.35326 65.88233 1.34684 23.27342 0.33812 0.04403 0.34057 0.27727 1515.814
1.310 0.35258 66.09771 1.34864 23.30448 0.33793 0.04419 0.34020 0.27767 1516.778
1.315 0.35189 66.31452 1.35044 23.33561 0.33774 0.04435 0.33983 0.27808 1517.746
1.320 0.35121 66.53278 1.35225 23.36683 0.33755 0.04451 0.33946 0.27848 1518.718
1.325 0.35052 66.75249 1.35406 23.39812 0.33736 0.04467 0.33909 0.27888 1519.695
1.330 0.34983 66.97368 1.35587 23.42950 0.33717 0.04483 0.33872 0.27928 1520.676
1.335 0.34914 67.19636 1.35769 23.46096 0.33698 0.04499 0.33835 0.27968 1521.661
1.340 0.34845 67.42053 1.35952 23.49250 0.33679 0.04515 0.33798 0.28008 1522.650
1.345 0.34775 67.64623 1.36135 23.52412 0.33660 0.04531 0.33761 0.28048 1523.644
1.350 0.34706 67.87345 1.36318 23.55582 0.33641 0.04548 0.33724 0.28088 1524.643
1.355 0.34636 68.10223 1.36502 23.58761 0.33621 0.04564 0.33687 0.28128 1525.645
1.360 0.34565 68.33256 1.36687 23.61947 0.33602 0.04580 0.33650 0.28168 1526.652
1.365 0.34495 68.56448 1.36872 23.65142 0.33583 0.04597 0.33612 0.28208 1527.664
1.370 0.34425 68.79798 1.37057 23.68346 0.33563 0.04613 0.33575 0.28248 1528.680
1.375 0.34354 69.03310 1.37243 23.71557 0.33544 0.04630 0.33538 0.28288 1529.701
1.380 0.34283 69.26984 1.37429 23.74777 0.33524 0.04646 0.33501 0.28329 1530.727
1.385 0.34212 69.50823 1.37616 23.78006 0.33505 0.04663 0.33464 0.28369 1531.757
1.390 0.34141 69.74828 1.37803 23.81242 0.33485 0.04679 0.33426 0.28409 1532.791
1.395 0.34069 69.99000 1.37991 23.84488 0.33465 0.04696 0.33389 0.28449 1533.831
1.400 0.33997 70.23341 1.38179 23.87741 0.33446 0.04713 0.33352 0.28489 1534.875
1.405 0.33925 70.47854 1.38368 23.91004 0.33426 0.04730 0.33315 0.28529 1535.924
1.410 0.33853 70.72539 1.38558 23.94274 0.33406 0.04747 0.33277 0.28570 1536.978
1.415 0.33781 70.97399 1.38747 23.97554 0.33386 0.04764 0.33240 0.28610 1538.037
1.420 0.33708 71.22435 1.38938 24.00841 0.33367 0.04780 0.33203 0.28650 1539.100
1.425 0.33635 71.47650 1.39128 24.04138 0.33347 0.04797 0.33166 0.28690 1540.169
1.430 0.33562 71.73045 1.39320 24.07443 0.33327 0.04815 0.33128 0.28731 1541.242
1.435 0.33489 71.98621 1.39511 24.10757 0.33307 0.04832 0.33091 0.28771 1542.321
1.440 0.33416 72.24382 1.39704 24.14079 0.33287 0.04849 0.33053 0.28811 1543.404
1.445 0.33342 72.50328 1.39896 24.17410 0.33267 0.04866 0.33016 0.28851 1544.493
1.450 0.33268 72.76462 1.40090 24.20750 0.33246 0.04883 0.32979 0.28892 1545.587
1.455 0.33194 73.02786 1.40284 24.24099 0.33226 0.04901 0.32941 0.28932 1546.686
1.460 0.33120 73.29301 1.40478 24.27457 0.33206 0.04918 0.32904 0.28972 1547.790
1.465 0.33045 73.56010 1.40673 24.30823 0.33186 0.04936 0.32866 0.29012 1548.899
1.470 0.32971 73.82915 1.40868 24.34198 0.33165 0.04953 0.32829 0.29053 1550.014
1.475 0.32896 74.10018 1.41064 24.37582 0.33145 0.04971 0.32792 0.29093 1551.134
1.480 0.32821 74.37321 1.41260 24.40975 0.33125 0.04988 0.32754 0.29133 1552.259
1.485 0.32745 74.64826 1.41457 24.44378 0.33104 0.05006 0.32717 0.29174 1553.390
1.490 0.32670 74.92536 1.41654 24.47789 0.33084 0.05023 0.32679 0.29214 1554.527
1.495 0.32594 75.20452 1.41852 24.51209 0.33063 0.05041 0.32642 0.29254 1555.669
1.500 0.32518 75.48577 1.42051 24.54638 0.33042 0.05059 0.32604 0.29294 1556.816
1.505 0.32442 75.76913 1.42250 24.58076 0.33022 0.05077 0.32566 0.29335 1557.969
1.510 0.32365 76.05462 1.42449 24.61523 0.33001 0.05095 0.32529 0.29375 1559.128
1.515 0.32289 76.34227 1.42649 24.64980 0.32980 0.05113 0.32491 0.29415 1560.292
1.520 0.32212 76.63211 1.42850 24.68446 0.32960 0.05131 0.32454 0.29456 1561.462
1.525 0.32135 76.92414 1.43051 24.71920 0.32939 0.05149 0.32416 0.29496 1562.638
1.530 0.32057 77.21841 1.43253 24.75405 0.32918 0.05167 0.32379 0.29536 1563.820
1.535 0.31980 77.51493 1.43455 24.78898 0.32897 0.05185 0.32341 0.29577 1565.008
1.540 0.31902 77.81374 1.43657 24.82401 0.32876 0.05204 0.32303 0.29617 1566.201
1.545 0.31824 78.11484 1.43861 24.85913 0.32855 0.05222 0.32266 0.29657 1567.401
1.550 0.31746 78.41828 1.44064 24.89434 0.32834 0.05240 0.32228 0.29698 1568.607
1.555 0.31667 78.72407 1.44269 24.92965 0.32813 0.05259 0.32190 0.29738 1569.818
1.560 0.31588 79.03225 1.44474 24.96505 0.32792 0.05277 0.32153 0.29778 1571.036
1.565 0.31510 79.34284 1.44679 25.00055 0.32771 0.05296 0.32115 0.29819 1572.260
1.570 0.31430 79.65587 1.44885 25.03614 0.32750 0.05314 0.32077 0.29859 1573.491
1.575 0.31351 79.97136 1.45092 25.07183 0.32728 0.05333 0.32039 0.29900 1574.727
1.580 0.31271 80.28935 1.45299 25.10761 0.32707 0.05351 0.32002 0.29940 1575.970
1.585 0.31192 80.60986 1.45506 25.14349 0.32686 0.05370 0.31964 0.29980 1577.220
1.590 0.31112 80.93292 1.45714 25.17946 0.32664 0.05389 0.31926 0.30021 1578.476
1.595 0.31031 81.25856 1.45923 25.21553 0.32643 0.05408 0.31888 0.30061 1579.738
1.600 0.30951 81.58681 1.46133 25.25170 0.32621 0.05427 0.31851 0.30101 1581.007
1.605 0.30870 81.91771 1.46342 25.28797 0.32600 0.05446 0.31813 0.30142 1582.283
1.610 0.30789 82.25128 1.46553 25.32433 0.32578 0.05465 0.31775 0.30182 1583.565
1.615 0.30708 82.58755 1.46764 25.36079 0.32557 0.05484 0.31737 0.30222 1584.854
1.620 0.30626 82.92655 1.46975 25.39735 0.32535 0.05503 0.31699 0.30263 1586.150
1.625 0.30545 83.26833 1.47188 25.43401 0.32513 0.05522 0.31661 0.30303 1587.453
1.630 0.30463 83.61290 1.47400 25.47076 0.32491 0.05541 0.31624 0.30343 1588.763
1.635 0.30381 83.96031 1.47614 25.50762 0.32470 0.05561 0.31586 0.30384 1590.079
1.640 0.30298 84.31058 1.47827 25.54457 0.32448 0.05580 0.31548 0.30424 1591.403
1.645 0.30216 84.66376 1.48042 25.58163 0.32426 0.05600 0.31510 0.30465 1592.734
1.650 0.30133 85.01987 1.48257 25.61878 0.32404 0.05619 0.31472 0.30505 1594.072
1.655 0.30050 85.37896 1.48472 25.65604 0.32382 0.05639 0.31434 0.30545 1595.417
1.660 0.29966 85.74105 1.48689 25.69340 0.32360 0.05658 0.31396 0.30586 1596.770
1.665 0.29883 86.10619 1.48905 25.73085 0.32338 0.05678 0.31358 0.30626 1598.130
1.670 0.29799 86.47441 1.49123 25.76841 0.32316 0.05698 0.31320 0.30666 1599.497
1.675 0.29715 86.84574 1.49341 25.80608 0.32294 0.05717 0.31282 0.30707 1600.872
1.680 0.29631 87.22024 1.49559 25.84384 0.32272 0.05737 0.31244 0.30747 1602.255
1.685 0.29546 87.59793 1.49778 25.88171 0.32249 0.05757 0.31206 0.30787 1603.645
1.690 0.29461 87.97885 1.49998 25.91968 0.32227 0.05777 0.31168 0.30828 1605.043
1.695 0.29376 88.36305 1.50218 25.95775 0.32205 0.05797 0.31130 0.30868 1606.449
1.700 0.29291 88.75057 1.50439 25.99593 0.32182 0.05817 0.31092 0.30908 1607.862
1.705 0.29206 89.14144 1.50661 26.03421 0.32160 0.05837 0.31054 0.30949 1609.284
1.710 0.29120 89.53572 1.50883 26.07259 0.32138 0.05857 0.31016 0.30989 1610.713
1.715 0.29034 89.93343 1.51106 26.11108 0.32115 0.05878 0.30978 0.31029 1612.151
1.720 0.28948 90.33463 1.51329 26.14968 0.32092 0.05898 0.30940 0.31069 1613.597
1.725 0.28861 90.73936 1.51553 26.18838 0.32070 0.05918 0.30902 0.31110 1615.051
1.730 0.28774 91.14767 1.51778 26.22718 0.32047 0.05939 0.30864 0.31150 1616.513
1.735 0.28687 91.55959 1.52003 26.26610 0.32025 0.05959 0.30826 0.31190 1617.984
1.740 0.28600 91.97518 1.52229 26.30512 0.32002 0.05980 0.30788 0.31231 1619.463
1.745 0.28513 92.39449 1.52455 26.34424 0.31979 0.06000 0.30750 0.31271 1620.951
1.750 0.28425 92.81756 1.52682 26.38348 0.31956 0.06021 0.30711 0.31311 1622.448
1.755 0.28337 93.24443 1.52910 26.42282 0.31933 0.06042 0.30673 0.31351 1623.953
1.760 0.28249 93.67517 1.53138 26.46227 0.31911 0.06063 0.30635 0.31392 1625.467
1.765 0.28161 94.10981 1.53367 26.50182 0.31888 0.06083 0.30597 0.31432 1626.990
1.770 0.28072 94.54842 1.53597 26.54149 0.31865 0.06104 0.30559 0.31472 1628.522
1.775 0.27983 94.99104 1.53827 26.58127 0.31842 0.06125 0.30521 0.31512 1630.063
1.780 0.27894 95.43773 1.54058 26.62115 0.31819 0.06146 0.30483 0.31553 1631.613
1.785 0.27804 95.88853 1.54289 26.66115 0.31796 0.06167 0.30444 0.31593 1633.172
1.790 0.27715 96.34351 1.54521 26.70125 0.31772 0.06188 0.30406 0.31633 1634.741
1.795 0.27625 96.80272 1.54754 26.74147 0.31749 0.06210 0.30368 0.31673 1636.319
1.800 0.27535 97.26622 1.54987 26.78180 0.31726 0.06231 0.30330 0.31713 1637.907
1.805 0.27444 97.73406 1.55221 26.82224 0.31703 0.06252 0.30291 0.31754 1639.504
1.810 0.27353 98.20630 1.55456 26.86279 0.31679 0.06274 0.30253 0.31794 1641.111
1.815 0.27262 98.68301 1.55691 26.90345 0.31656 0.06295 0.30215 0.31834 1642.728
1.820 0.27171 99.16424 1.55927 26.94423 0.31633 0.06317 0.30177 0.31874 1644.355
1.825 0.27080 99.65005 1.56164 26.98512 0.31609 0.06338 0.30138 0.31914 1645.992
1.830 0.26988 100.14052 1.56401 27.02612 0.31586 0.06360 0.30100 0.31954 1647.639
1.835 0.26896 100.63569 1.56639 27.06723 0.31562 0.06381 0.30062 0.31994 1649.296
1.840 0.26804 101.13564 1.56878 27.10846 0.31539 0.06403 0.30024 0.32035 1650.963
1.845 0.26712 101.64044 1.57117 27.14981 0.31515 0.06425 0.29985 0.32075 1652.641
1.850 0.26619 102.15014 1.57357 27.19127 0.31491 0.06447 0.29947 0.32115 1654.330
1.855 0.26526 102.66483 1.57597 27.23284 0.31468 0.06469 0.29909 0.32155 1656.029
1.860 0.26433 103.18456 1.57839 27.27454 0.31444 0.06491 0.29870 0.32195 1657.739
1.865 0.26339 103.70941 1.58081 27.31634 0.31420 0.06513 0.29832 0.32235 1659.460
1.870 0.26246 104.23946 1.58323 27.35827 0.31396 0.06535 0.29794 0.32275 1661.191
1.875 0.26152 104.77477 1.58567 27.40031 0.31372 0.06557 0.29755 0.32315 1662.934
1.880 0.26057 105.31542 1.58811 27.44247 0.31349 0.06579 0.29717 0.32355 1664.689
1.885 0.25963 105.86149 1.59055 27.48474 0.31325 0.06602 0.29679 0.32395 1666.454
1.890 0.25868 106.41306 1.59301 27.52714 0.31301 0.06624 0.29640 0.32435 1668.231
1.895 0.25773 106.97020 1.59547 27.56965 0.31277 0.06647 0.29602 0.32475 1670.020
1.900 0.25678 107.53300 1.59793 27.61228 0.31252 0.06669 0.29563 0.32515 1671.820
1.905 0.25582 108.10153 1.60041 27.65503 0.31228 0.06692 0.29525 0.32555 1673.632
1.910 0.25487 108.67589 1.60289 27.69791 0.31204 0.06714 0.29487 0.32595 1675.456
1.915 0.25391 109.25616 1.60538 27.74090 0.31180 0.06737 0.29448 0.32635 1677.292
1.920 0.25294 109.84242 1.60787 27.78401 0.31156 0.06760 0.29410 0.32675 1679.141
1.925 0.25198 110.43476 1.61037 27.82724 0.31131 0.06783 0.29371 0.32715 1681.001
1.930 0.25101 111.03328 1.61288 27.87060 0.31107 0.06805 0.29333 0.32754 1682.875
1.935 0.25004 111.63806 1.61540 27.91408 0.31083 0.06828 0.29295 0.32794 1684.761
1.940 0.24907 112.24920 1.61792 27.95768 0.31058 0.06851 0.29256 0.32834 1686.659
1.945 0.24809 112.86680 1.62045 28.00140 0.31034 0.06874 0.29218 0.32874 1688.571
1.950 0.24711 113.49095 1.62299 28.04525 0.31009 0.06898 0.29179 0.32914 1690.496
1.955 0.24613 114.12176 1.62553 28.08922 0.30985 0.06921 0.29141 0.32954 1692.434
1.960 0.24515 114.75931 1.62809 28.13331 0.30960 0.06944 0.29102 0.32993 1694.385
1.965 0.24416 115.40373 1.63064 28.17753 0.30936 0.06967 0.29064 0.33033 1696.350
1.970 0.24318 116.05511 1.63321 28.22187 0.30911 0.06991 0.29025 0.33073 1698.328
1.975 0.24219 116.71356 1.63578 28.26634 0.30886 0.07014 0.28987 0.33113 1700.321
1.980 0.24119 117.37919 1.63836 28.31094 0.30862 0.07038 0.28948 0.33152 1702.327
1.985 0.24020 118.05211 1.64095 28.35566 0.30837 0.07061 0.28910 0.33192 1704.348
1.990 0.23920 118.73244 1.64355 28.40051 0.30812 0.07085 0.28871 0.33232 1706.382
1.995 0.23820 119.42029 1.64615 28.44548 0.30787 0.07109 0.28833 0.33271 1708.432
2.000 0.23719 120.11578 1.64876 28.49058 0.30762 0.07133 0.28794 0.33311 1710.495
2.005 0.23619 120.81904 1.65138 28.53581 0.30737 0.07156 0.28756 0.33351 1712.574
2.010 0.23518 121.53018 1.65400 28.58117 0.30712 0.07180 0.28717 0.33390 1714.668
2.015 0.23417 122.24933 1.65664 28.62666 0.30687 0.07204 0.28679 0.33430 1716.777
2.020 0.23315 122.97663 1.65928 28.67228 0.30662 0.07228 0.28640 0.33469 1718.901
2.025 0.23214 123.71220 1.66192 28.71803 0.30637 0.07252 0.28602 0.33509 1721.041
2.030 0.23112 124.45617 1.66458 28.76391 0.30612 0.07277 0.28563 0.33548 1723.197
2.035 0.23010 125.20869 1.66724 28.80992 0.30587 0.07301 0.28524 0.33588 1725.368
2.040 0.22907 125.96990 1.66991 28.85606 0.30561 0.07325 0.28486 0.33627 1727.556
2.045 0.22804 126.73993 1.67259 28.90233 0.30536 0.07350 0.28447 0.33667 1729.759
2.050 0.22702 127.51894 1.67527 28.94874 0.30511 0.07374 0.28409 0.33706 1731.980
2.055 0.22598 128.30706 1.67797 28.99527 0.30485 0.07399 0.28370 0.33746 1734.217
2.060 0.22495 129.10447 1.68067 29.04195 0.30460 0.07423 0.28332 0.33785 1736.471
2.065 0.22391 129.91130 1.68338 29.08875 0.30435 0.07448 0.28293 0.33824 1738.742
2.070 0.22287 130.72772 1.68609 29.13569 0.30409 0.07473 0.28254 0.33864 1741.030
2.075 0.22183 131.55389 1.68882 29.18276 0.30384 0.07497 0.28216 0.33903 1743.336
2.080 0.22079 132.38998 1.69155 29.22997 0.30358 0.07522 0.28177 0.33942 1745.660
2.085 0.21974 133.23615 1.69429 29.27731 0.30333 0.07547 0.28139 0.33982 1748.002
2.090 0.21869 134.09258 1.69704 29.32479 0.30307 0.07572 0.28100 0.34021 1750.362
2.095 0.21764 134.95945 1.69979 29.37241 0.30281 0.07597 0.28061 0.34060 1752.740
2.100 0.21658 135.83693 1.70256 29.42016 0.30256 0.07622 0.28023 0.34099 1755.137
2.105 0.21553 136.72522 1.70533 29.46805 0.30230 0.07647 0.27984 0.34139 1757.553
2.110 0.21447 137.62450 1.70811 29.51608 0.30204 0.07673 0.27946 0.34178 1759.989
2.115 0.21341 138.53496 1.71089 29.56425 0.30178 0.07698 0.27907 0.34217 1762.443
2.120 0.21234 139.45680 1.71369 29.61256 0.30152 0.07723 0.27868 0.34256 1764.918
2.125 0.21128 140.39023 1.71649 29.66100 0.30126 0.07749 0.27830 0.34295 1767.412
2.130 0.21021 141.33545 1.71930 29.70959 0.30100 0.07774 0.27791 0.34334 1769.926
2.135 0.20913 142.29267 1.72212 29.75832 0.30074 0.07800 0.27752 0.34373 1772.461
2.140 0.20806 143.26211 1.72495 29.80718 0.30048 0.07826 0.27714 0.34412 1775.017
2.145 0.20698 144.24399 1.72779 29.85619 0.30022 0.07851 0.27675 0.34451 1777.594
2.150 0.20591 145.23854 1.73063 29.90534 0.29996 0.07877 0.27637 0.34490 1780.191
2.155 0.20482 146.24598 1.73349 29.95464 0.29970 0.07903 0.27598 0.34529 1782.811
2.160 0.20374 147.26656 1.73635 30.00407 0.29944 0.07929 0.27559 0.34568 1785.452
2.165 0.20265 148.30052 1.73922 30.05365 0.29918 0.07955 0.27521 0.34607 1788.116
2.170 0.20157 149.34811 1.74209 30.10337 0.29891 0.07981 0.27482 0.34646 1790.802
2.175 0.20047 150.40958 1.74498 30.15324 0.29865 0.08007 0.27443 0.34685 1793.511
2.180 0.19938 151.48519 1.74787 30.20326 0.29839 0.08033 0.27405 0.34723 1796.243
2.185 0.19829 152.57521 1.75078 30.25341 0.29812 0.08060 0.27366 0.34762 1798.998
2.190 0.19719 153.67992 1.75369 30.30372 0.29786 0.08086 0.27327 0.34801 1801.777
2.195 0.19609 154.79959 1.75661 30.35417 0.29760 0.08112 0.27289 0.34840 1804.581
2.200 0.19498 155.93450 1.75954 30.40477 0.29733 0.08139 0.27250 0.34878 1807.408
2.205 0.19388 157.08497 1.76247 30.45551 0.29707 0.08165 0.27211 0.34917 1810.261
2.210 0.19277 158.25128 1.76542 30.50641 0.29680 0.08192 0.27173 0.34955 1813.138
2.215 0.19166 159.43375 1.76837 30.55745 0.29653 0.08219 0.27134 0.34994 1816.041
2.220 0.19055 160.63268 1.77133 30.60864 0.29627 0.08245 0.27095 0.35033 1818.970
2.225 0.18944 161.84842 1.77430 30.65999 0.29600 0.08272 0.27057 0.35071 1821.925
2.230 0.18832 163.08128 1.77728 30.71148 0.29573 0.08299 0.27018 0.35110 1824.907
2.235 0.18720 164.33162 1.78027 30.76312 0.29547 0.08326 0.26979 0.35148 1827.916
