timeGa Urey Qt heat/H0 heatTW 1HPE 2HPE 3HPE 4HPE TempC
0.005 1.03704 104.92925 0.99715 108.81560 0.14746 0.29588 0.10491 0.45175 1800.088
0.010 1.03383 104.95488 0.99431 108.50594 0.14776 0.29526 0.10519 0.45179 1800.168
0.015 1.03066 104.97831 0.99149 108.19745 0.14807 0.29465 0.10546 0.45182 1800.240
0.020 1.02753 104.99955 0.98867 107.89012 0.14838 0.29404 0.10573 0.45185 1800.305
0.025 1.02443 105.01863 0.98587 107.58394 0.14868 0.29343 0.10601 0.45188 1800.363
0.030 1.02136 105.03556 0.98307 107.27892 0.14899 0.29281 0.10628 0.45191 1800.413
0.035 1.01832 105.05037 0.98029 106.97504 0.14930 0.29220 0.10656 0.45194 1800.457
0.040 1.01532 105.06307 0.97751 106.67230 0.14960 0.29159 0.10684 0.45197 1800.493
0.045 1.01234 105.07369 0.97475 106.37070 0.14991 0.29098 0.10711 0.45199 1800.522
0.050 1.00940 105.08226 0.97199 106.07023 0.15022 0.29037 0.10739 0.45202 1800.545
0.055 1.00649 105.08878 0.96925 105.77089 0.15053 0.28976 0.10767 0.45204 1800.560
0.060 1.00361 105.09328 0.96652 105.47266 0.15084 0.28916 0.10794 0.45206 1800.568
0.065 1.00076 105.09579 0.96380 105.17556 0.15115 0.28855 0.10822 0.45208 1800.570
0.070 0.99794 105.09632 0.96108 104.87957 0.15146 0.28794 0.10850 0.45210 1800.565
0.075 0.99515 105.09488 0.95838 104.58468 0.15177 0.28733 0.10878 0.45212 1800.554
0.080 0.99238 105.09152 0.95569 104.29090 0.15208 0.28673 0.10906 0.45214 1800.536
0.085 0.98965 105.08623 0.95301 103.99822 0.15239 0.28612 0.10934 0.45215 1800.511
0.090 0.98694 105.07905 0.95033 103.70663 0.15270 0.28552 0.10962 0.45217 1800.480
0.095 0.98426 105.06999 0.94767 103.41613 0.15301 0.28491 0.10990 0.45218 1800.443
0.100 0.98161 105.05907 0.94502 103.12671 0.15332 0.28431 0.11018 0.45219 1800.400
0.105 0.97898 105.04631 0.94238 102.83838 0.15363 0.28371 0.11046 0.45221 1800.350
0.110 0.97638 105.03174 0.93975 102.55112 0.15394 0.28310 0.11074 0.45222 1800.294
0.115 0.97381 105.01537 0.93712 102.26493 0.15425 0.28250 0.11103 0.45222 1800.232
0.120 0.97126 104.99722 0.93451 101.97982 0.15456 0.28190 0.11131 0.45223 1800.164
0.125 0.96874 104.97731 0.93191 101.69576 0.15487 0.28130 0.11159 0.45224 1800.090
0.130 0.96624 104.95566 0.92931 101.41276 0.15518 0.28070 0.11188 0.45224 1800.010
0.135 0.96377 104.93229 0.92673 101.13082 0.15550 0.28010 0.11216 0.45225 1799.925
0.140 0.96132 104.90722 0.92416 100.84992 0.15581 0.27950 0.11245 0.45225 1799.833
0.145 0.95890 104.88046 0.92159 100.57007 0.15612 0.27890 0.11273 0.45225 1799.736
0.150 0.95650 104.85205 0.91904 100.29126 0.15643 0.27830 0.11302 0.45225 1799.634
0.155 0.95413 104.82198 0.91649 100.01349 0.15675 0.27770 0.11330 0.45225 1799.525
0.160 0.95177 104.79029 0.91396 99.73675 0.15706 0.27710 0.11359 0.45225 1799.411
0.165 0.94945 104.75700 0.91143 99.46103 0.15737 0.27651 0.11387 0.45225 1799.292
0.170 0.94714 104.72211 0.90891 99.18634 0.15769 0.27591 0.11416 0.45224 1799.167
0.175 0.94485 104.68565 0.90640 98.91267 0.15800 0.27531 0.11445 0.45224 1799.037
0.180 0.94259 104.64764 0.90391 98.64002 0.15831 0.27472 0.11474 0.45223 1798.902
0.185 0.94035 104.60810 0.90142 98.36837 0.15863 0.27412 0.11503 0.45222 1798.761
0.190 0.93813 104.56704 0.89894 98.09773 0.15894 0.27353 0.11531 0.45221 1798.616
0.195 0.93593 104.52447 0.89647 97.82810 0.15926 0.27294 0.11560 0.45220 1798.465
0.200 0.93376 104.48043 0.89400 97.55946 0.15957 0.27234 0.11589 0.45219 1798.309
0.205 0.93160 104.43493 0.89155 97.29182 0.15989 0.27175 0.11618 0.45218 1798.148
0.210 0.92947 104.38797 0.88911 97.02517 0.16020 0.27116 0.11647 0.45217 1797.982
0.215 0.92735 104.33959 0.88667 96.75950 0.16052 0.27057 0.11676 0.45215 1797.811
0.220 0.92526 104.28980 0.88425 96.49481 0.16083 0.26998 0.11706 0.45213 1797.636
0.225 0.92318 104.23861 0.88183 96.23111 0.16115 0.26939 0.11735 0.45212 1797.456
0.230 0.92112 104.18605 0.87942 95.96837 0.16147 0.26880 0.11764 0.45210 1797.270
0.235 0.91909 104.13212 0.87703 95.70661 0.16178 0.26821 0.11793 0.45208 1797.081
0.240 0.91707 104.07686 0.87464 95.44581 0.16210 0.26762 0.11823 0.45206 1796.886
0.245 0.91507 104.02026 0.87225 95.18598 0.16241 0.26703 0.11852 0.45204 1796.687
0.250 0.91309 103.96235 0.86988 94.92710 0.16273 0.26644 0.11881 0.45201 1796.484
0.255 0.91113 103.90315 0.86752 94.66918 0.16305 0.26586 0.11911 0.45199 1796.276
0.260 0.90919 103.84267 0.86516 94.41220 0.16337 0.26527 0.11940 0.45196 1796.063
0.265 0.90726 103.78093 0.86282 94.15617 0.16368 0.26469 0.11970 0.45194 1795.846
0.270 0.90535 103.71795 0.86048 93.90109 0.16400 0.26410 0.11999 0.45191 1795.625
0.275 0.90346 103.65373 0.85815 93.64694 0.16432 0.26352 0.12029 0.45188 1795.400
0.280 0.90159 103.58830 0.85583 93.39373 0.16464 0.26293 0.12058 0.45185 1795.170
0.285 0.89973 103.52167 0.85352 93.14144 0.16495 0.26235 0.12088 0.45182 1794.936
0.290 0.89789 103.45386 0.85122 92.89009 0.16527 0.26177 0.12118 0.45178 1794.698
0.295 0.89607 103.38488 0.84892 92.63966 0.16559 0.26118 0.12148 0.45175 1794.456
0.300 0.89426 103.31475 0.84663 92.39014 0.16591 0.26060 0.12177 0.45171 1794.210
0.305 0.89247 103.24348 0.84436 92.14154 0.16623 0.26002 0.12207 0.45168 1793.960
0.310 0.89069 103.17109 0.84209 91.89386 0.16655 0.25944 0.12237 0.45164 1793.706
0.315 0.88894 103.09760 0.83982 91.64708 0.16687 0.25886 0.12267 0.45160 1793.448
0.320 0.88719 103.02301 0.83757 91.40120 0.16718 0.25828 0.12297 0.45156 1793.187
0.325 0.88546 102.94734 0.83533 91.15622 0.16750 0.25771 0.12327 0.45152 1792.921
0.330 0.88375 102.87061 0.83309 90.91215 0.16782 0.25713 0.12357 0.45148 1792.652
0.335 0.88206 102.79283 0.83086 90.66896 0.16814 0.25655 0.12387 0.45143 1792.378
0.340 0.88037 102.71402 0.82864 90.42666 0.16846 0.25598 0.12417 0.45139 1792.102
0.345 0.87871 102.63419 0.82643 90.18525 0.16878 0.25540 0.12447 0.45134 1791.821
0.350 0.87705 102.55335 0.82423 89.94472 0.16910 0.25482 0.12478 0.45130 1791.537
0.355 0.87541 102.47152 0.82203 89.70507 0.16942 0.25425 0.12508 0.45125 1791.250
0.360 0.87379 102.38871 0.81984 89.46630 0.16975 0.25368 0.12538 0.45120 1790.959
0.365 0.87218 102.30493 0.81766 89.22839 0.17007 0.25310 0.12568 0.45115 1790.664
0.370 0.87058 102.22021 0.81549 88.99136 0.17039 0.25253 0.12599 0.45110 1790.366
0.375 0.86900 102.13455 0.81332 88.75518 0.17071 0.25196 0.12629 0.45104 1790.065
0.380 0.86743 102.04796 0.81117 88.51987 0.17103 0.25139 0.12660 0.45099 1789.760
0.385 0.86588 101.96047 0.80902 88.28542 0.17135 0.25082 0.12690 0.45093 1789.452
0.390 0.86434 101.87207 0.80688 88.05181 0.17167 0.25025 0.12721 0.45088 1789.141
0.395 0.86281 101.78279 0.80475 87.81906 0.17199 0.24968 0.12751 0.45082 1788.826
0.400 0.86129 101.69264 0.80262 87.58716 0.17232 0.24911 0.12782 0.45076 1788.508
0.405 0.85979 101.60164 0.80050 87.35609 0.17264 0.24854 0.12812 0.45070 1788.187
0.410 0.85830 101.50978 0.79839 87.12587 0.17296 0.24797 0.12843 0.45064 1787.863
0.415 0.85682 101.41709 0.79629 86.89648 0.17328 0.24741 0.12874 0.45058 1787.536
0.420 0.85536 101.32358 0.79420 86.66793 0.17360 0.24684 0.12904 0.45051 1787.206
0.425 0.85391 101.22926 0.79211 86.44020 0.17393 0.24627 0.12935 0.45045 1786.873
0.430 0.85246 101.13414 0.79003 86.21330 0.17425 0.24571 0.12966 0.45038 1786.537
0.435 0.85104 101.03824 0.78796 85.98723 0.17457 0.24514 0.12997 0.45031 1786.198
0.440 0.84962 100.94157 0.78590 85.76197 0.17489 0.24458 0.13028 0.45025 1785.856
0.445 0.84822 100.84413 0.78384 85.53753 0.17522 0.24402 0.13059 0.45018 1785.511
0.450 0.84682 100.74595 0.78179 85.31390 0.17554 0.24346 0.13090 0.45011 1785.164
0.455 0.84544 100.64703 0.77975 85.09108 0.17586 0.24289 0.13121 0.45003 1784.813
0.460 0.84407 100.54738 0.77771 84.86907 0.17619 0.24233 0.13152 0.44996 1784.460
0.465 0.84271 100.44702 0.77569 84.64785 0.17651 0.24177 0.13183 0.44989 1784.104
0.470 0.84136 100.34595 0.77367 84.42744 0.17683 0.24121 0.13214 0.44981 1783.746
0.475 0.84003 100.24419 0.77165 84.20783 0.17716 0.24065 0.13245 0.44973 1783.384
0.480 0.83870 100.14175 0.76965 83.98900 0.17748 0.24009 0.13277 0.44966 1783.020
0.485 0.83739 100.03865 0.76765 83.77097 0.17781 0.23954 0.13308 0.44958 1782.654
0.490 0.83608 99.93488 0.76566 83.55372 0.17813 0.23898 0.13339 0.44950 1782.285
0.495 0.83479 99.83046 0.76368 83.33726 0.17846 0.23842 0.13370 0.44942 1781.913
0.500 0.83350 99.72541 0.76170 83.12157 0.17878 0.23787 0.13402 0.44933 1781.539
0.505 0.83223 99.61973 0.75973 82.90667 0.17910 0.23731 0.13433 0.44925 1781.163
0.510 0.83097 99.51343 0.75777 82.69253 0.17943 0.23676 0.13465 0.44916 1780.784
0.515 0.82972 99.40652 0.75581 82.47917 0.17975 0.23620 0.13496 0.44908 1780.403
0.520 0.82847 99.29902 0.75386 82.26657 0.18008 0.23565 0.13528 0.44899 1780.019
0.525 0.82724 99.19094 0.75192 82.05474 0.18040 0.23510 0.13559 0.44890 1779.633
0.530 0.82602 99.08227 0.74999 81.84367 0.18073 0.23455 0.13591 0.44881 1779.245
0.535 0.82480 98.97305 0.74806 81.63336 0.18105 0.23400 0.13623 0.44872 1778.854
0.540 0.82360 98.86326 0.74614 81.42380 0.18138 0.23345 0.13654 0.44863 1778.461
0.545 0.82241 98.75293 0.74423 81.21500 0.18171 0.23290 0.13686 0.44854 1778.066
0.550 0.82122 98.64206 0.74232 81.00694 0.18203 0.23235 0.13718 0.44844 1777.669
0.555 0.82005 98.53067 0.74042 80.79963 0.18236 0.23180 0.13750 0.44835 1777.270
0.560 0.81888 98.41876 0.73853 80.59306 0.18268 0.23125 0.13781 0.44825 1776.868
0.565 0.81772 98.30633 0.73664 80.38723 0.18301 0.23071 0.13813 0.44816 1776.465
0.570 0.81657 98.19341 0.73476 80.18214 0.18333 0.23016 0.13845 0.44806 1776.059
0.575 0.81543 98.08000 0.73289 79.97778 0.18366 0.22961 0.13877 0.44796 1775.651
0.580 0.81430 97.96611 0.73103 79.77416 0.18399 0.22907 0.13909 0.44786 1775.241
0.585 0.81318 97.85175 0.72917 79.57126 0.18431 0.22852 0.13941 0.44775 1774.829
0.590 0.81207 97.73692 0.72731 79.36908 0.18464 0.22798 0.13973 0.44765 1774.416
0.595 0.81096 97.62164 0.72547 79.16763 0.18497 0.22744 0.14005 0.44754 1774.000
0.600 0.80987 97.50592 0.72363 78.96690 0.18529 0.22690 0.14037 0.44744 1773.582
0.605 0.80878 97.38975 0.72179 78.76688 0.18562 0.22635 0.14069 0.44733 1773.163
0.610 0.80770 97.27316 0.71997 78.56758 0.18594 0.22581 0.14102 0.44722 1772.742
0.615 0.80663 97.15615 0.71815 78.36898 0.18627 0.22527 0.14134 0.44712 1772.318
0.620 0.80557 97.03872 0.71634 78.17110 0.18660 0.22473 0.14166 0.44700 1771.893
0.625 0.80451 96.92089 0.71453 77.97392 0.18693 0.22420 0.14198 0.44689 1771.467
0.630 0.80346 96.80267 0.71273 77.77744 0.18725 0.22366 0.14231 0.44678 1771.038
0.635 0.80242 96.68406 0.71093 77.58166 0.18758 0.22312 0.14263 0.44667 1770.608
0.640 0.80139 96.56507 0.70915 77.38657 0.18791 0.22258 0.14296 0.44655 1770.176
0.645 0.80037 96.44571 0.70736 77.19218 0.18823 0.22205 0.14328 0.44644 1769.742
0.650 0.79935 96.32598 0.70559 76.99848 0.18856 0.22151 0.14361 0.44632 1769.307
0.655 0.79834 96.20590 0.70382 76.80547 0.18889 0.22098 0.14393 0.44620 1768.870
0.660 0.79734 96.08547 0.70206 76.61314 0.18922 0.22045 0.14426 0.44608 1768.431
0.665 0.79635 95.96470 0.70030 76.42149 0.18954 0.21991 0.14458 0.44596 1767.991
0.670 0.79536 95.84359 0.69855 76.23053 0.18987 0.21938 0.14491 0.44584 1767.549
0.675 0.79438 95.72216 0.69681 76.04024 0.19020 0.21885 0.14524 0.44572 1767.106
0.680 0.79341 95.60041 0.69507 75.85062 0.19053 0.21832 0.14556 0.44559 1766.661
0.685 0.79245 95.47835 0.69334 75.66168 0.19085 0.21779 0.14589 0.44547 1766.214
0.690 0.79149 95.35599 0.69161 75.47340 0.19118 0.21726 0.14622 0.44534 1765.766
0.695 0.79054 95.23333 0.68990 75.28579 0.19151 0.21673 0.14655 0.44521 1765.317
0.700 0.78960 95.11037 0.68818 75.09885 0.19184 0.21620 0.14687 0.44508 1764.866
0.705 0.78866 94.98714 0.68648 74.91256 0.19217 0.21568 0.14720 0.44495 1764.414
0.710 0.78773 94.86362 0.68477 74.72693 0.19249 0.21515 0.14753 0.44482 1763.961
0.715 0.78681 94.73984 0.68308 74.54196 0.19282 0.21462 0.14786 0.44469 1763.506
0.720 0.78589 94.61579 0.68139 74.35764 0.19315 0.21410 0.14819 0.44456 1763.049
0.725 0.78498 94.49149 0.67971 74.17397 0.19348 0.21357 0.14852 0.44442 1762.592
0.730 0.78408 94.36694 0.67803 73.99095 0.19381 0.21305 0.14885 0.44429 1762.133
0.735 0.78318 94.24214 0.67636 73.80857 0.19414 0.21253 0.14918 0.44415 1761.672
0.740 0.78229 94.11711 0.67469 73.62684 0.19446 0.21201 0.14951 0.44402 1761.211
0.745 0.78141 93.99184 0.67303 73.44574 0.19479 0.21148 0.14985 0.44388 1760.748
0.750 0.78053 93.86635 0.67138 73.26528 0.19512 0.21096 0.15018 0.44374 1760.284
0.755 0.77966 93.74064 0.66973 73.08546 0.19545 0.21044 0.15051 0.44360 1759.819
0.760 0.77879 93.61472 0.66809 72.90626 0.19578 0.20992 0.15084 0.44345 1759.352
0.765 0.77793 93.48860 0.66645 72.72770 0.19611 0.20941 0.15118 0.44331 1758.885
0.770 0.77708 93.36227 0.66482 72.54977 0.19644 0.20889 0.15151 0.44317 1758.416
0.775 0.77623 93.23574 0.66320 72.37245 0.19676 0.20837 0.15184 0.44302 1757.946
0.780 0.77539 93.10903 0.66158 72.19576 0.19709 0.20785 0.15218 0.44288 1757.475
0.785 0.77455 92.98214 0.65997 72.01969 0.19742 0.20734 0.15251 0.44273 1757.002
0.790 0.77372 92.85507 0.65836 71.84424 0.19775 0.20682 0.15285 0.44258 1756.529
0.795 0.77290 92.72782 0.65676 71.66940 0.19808 0.20631 0.15318 0.44243 1756.055
0.800 0.77208 92.60041 0.65516 71.49517 0.19841 0.20580 0.15352 0.44228 1755.579
0.805 0.77127 92.47284 0.65357 71.32156 0.19874 0.20528 0.15385 0.44213 1755.103
0.810 0.77046 92.34511 0.65198 71.14855 0.19907 0.20477 0.15419 0.44197 1754.626
0.815 0.76966 92.21724 0.65040 70.97614 0.19940 0.20426 0.15452 0.44182 1754.147
0.820 0.76887 92.08922 0.64883 70.80434 0.19972 0.20375 0.15486 0.44166 1753.668
0.825 0.76808 91.96105 0.64726 70.63314 0.20005 0.20324 0.15520 0.44151 1753.187
0.830 0.76729 91.83276 0.64570 70.46253 0.20038 0.20273 0.15553 0.44135 1752.706
0.835 0.76651 91.70433 0.64414 70.29252 0.20071 0.20222 0.15587 0.44119 1752.223
0.840 0.76574 91.57578 0.64259 70.12310 0.20104 0.20172 0.15621 0.44103 1751.740
0.845 0.76497 91.44711 0.64104 69.95427 0.20137 0.20121 0.15655 0.44087 1751.256
0.850 0.76421 91.31833 0.63950 69.78603 0.20170 0.20071 0.15689 0.44071 1750.771
0.855 0.76345 91.18944 0.63796 69.61838 0.20203 0.20020 0.15723 0.44055 1750.285
0.860 0.76269 91.06044 0.63643 69.45131 0.20236 0.19970 0.15756 0.44038 1749.798
0.865 0.76195 90.93134 0.63490 69.28482 0.20269 0.19919 0.15790 0.44022 1749.311
0.870 0.76120 90.80215 0.63338 69.11891 0.20302 0.19869 0.15824 0.44005 1748.822
0.875 0.76047 90.67286 0.63187 68.95358 0.20334 0.19819 0.15858 0.43988 1748.333
0.880 0.75973 90.54349 0.63036 68.78882 0.20367 0.19769 0.15892 0.43972 1747.843
0.885 0.75900 90.41404 0.62885 68.62463 0.20400 0.19719 0.15927 0.43955 1747.352
0.890 0.75828 90.28451 0.62736 68.46101 0.20433 0.19669 0.15961 0.43938 1746.861
0.895 0.75756 90.15491 0.62586 68.29796 0.20466 0.19619 0.15995 0.43920 1746.368
0.900 0.75685 90.02524 0.62437 68.13547 0.20499 0.19569 0.16029 0.43903 1745.875
0.905 0.75614 89.89550 0.62289 67.97355 0.20532 0.19519 0.16063 0.43886 1745.381
0.910 0.75544 89.76571 0.62141 67.81219 0.20565 0.19469 0.16097 0.43868 1744.887
0.915 0.75474 89.63586 0.61994 67.65138 0.20598 0.19420 0.16132 0.43851 1744.392
0.920 0.75404 89.50596 0.61847 67.49113 0.20631 0.19370 0.16166 0.43833 1743.896
0.925 0.75335 89.37601 0.61700 67.33144 0.20664 0.19321 0.16200 0.43815 1743.399
0.930 0.75266 89.24601 0.61555 67.17230 0.20696 0.19271 0.16235 0.43797 1742.902
0.935 0.75198 89.11598 0.61409 67.01370 0.20729 0.19222 0.16269 0.43779 1742.404
0.940 0.75131 88.98591 0.61264 66.85566 0.20762 0.19173 0.16304 0.43761 1741.906
0.945 0.75063 88.85581 0.61120 66.69816 0.20795 0.19124 0.16338 0.43743 1741.407
0.950 0.74997 88.72568 0.60976 66.54120 0.20828 0.19075 0.16372 0.43725 1740.907
0.955 0.74930 88.59553 0.60833 66.38478 0.20861 0.19026 0.16407 0.43706 1740.406
0.960 0.74864 88.46535 0.60690 66.22891 0.20894 0.18977 0.16442 0.43688 1739.906
0.965 0.74799 88.33516 0.60548 66.07356 0.20927 0.18928 0.16476 0.43669 1739.404
0.970 0.74734 88.20496 0.60406 65.91876 0.20960 0.18879 0.16511 0.43650 1738.902
0.975 0.74669 88.07474 0.60264 65.76448 0.20993 0.18831 0.16545 0.43632 1738.400
0.980 0.74605 87.94452 0.60124 65.61074 0.21025 0.18782 0.16580 0.43613 1737.896
0.985 0.74541 87.81430 0.59983 65.45752 0.21058 0.18733 0.16615 0.43593 1737.393
0.990 0.74477 87.68408 0.59843 65.30483 0.21091 0.18685 0.16649 0.43574 1736.889
0.995 0.74414 87.55386 0.59704 65.15267 0.21124 0.18637 0.16684 0.43555 1736.384
1.000 0.74352 87.42365 0.59565 65.00103 0.21157 0.18588 0.16719 0.43536 1735.879
1.005 0.74290 87.29345 0.59426 64.84990 0.21190 0.18540 0.16754 0.43516 1735.374
1.010 0.74228 87.16327 0.59288 64.69930 0.21223 0.18492 0.16789 0.43497 1734.868
1.015 0.74166 87.03310 0.59151 64.54921 0.21256 0.18444 0.16824 0.43477 1734.361
1.020 0.74105 86.90296 0.59014 64.39963 0.21288 0.18396 0.16858 0.43457 1733.854
1.025 0.74045 86.77283 0.58877 64.25057 0.21321 0.18348 0.16893 0.43437 1733.347
1.030 0.73984 86.64274 0.58741 64.10201 0.21354 0.18300 0.16928 0.43417 1732.839
1.035 0.73924 86.51267 0.58605 63.95396 0.21387 0.18252 0.16963 0.43397 1732.331
1.040 0.73865 86.38264 0.58470 63.80642 0.21420 0.18205 0.16998 0.43377 1731.822
1.045 0.73806 86.25264 0.58335 63.65939 0.21453 0.18157 0.17033 0.43357 1731.313
1.050 0.73747 86.12269 0.58201 63.51285 0.21486 0.18110 0.17068 0.43336 1730.804
1.055 0.73689 85.99277 0.58067 63.36681 0.21518 0.18062 0.17104 0.43316 1730.294
1.060 0.73630 85.86290 0.57934 63.22128 0.21551 0.18015 0.17139 0.43295 1729.784
1.065 0.73573 85.73307 0.57801 63.07623 0.21584 0.17968 0.17174 0.43275 1729.274
1.070 0.73515 85.60330 0.57669 62.93169 0.21617 0.17920 0.17209 0.43254 1728.763
1.075 0.73459 85.47358 0.57537 62.78763 0.21650 0.17873 0.17244 0.43233 1728.252
1.080 0.73402 85.34391 0.57405 62.64406 0.21682 0.17826 0.17279 0.43212 1727.741
1.085 0.73346 85.21430 0.57274 62.50099 0.21715 0.17779 0.17315 0.43191 1727.229
1.090 0.73290 85.08476 0.57143 62.35839 0.21748 0.17732 0.17350 0.43170 1726.717
1.095 0.73234 84.95527 0.57013 62.21629 0.21781 0.17685 0.17385 0.43148 1726.205
1.100 0.73179 84.82586 0.56883 62.07466 0.21814 0.17639 0.17421 0.43127 1725.693
1.105 0.73124 84.69651 0.56754 61.93352 0.21846 0.17592 0.17456 0.43105 1725.180
1.110 0.73069 84.56723 0.56625 61.79285 0.21879 0.17546 0.17492 0.43084 1724.667
1.115 0.73015 84.43803 0.56497 61.65266 0.21912 0.17499 0.17527 0.43062 1724.154
1.120 0.72961 84.30890 0.56369 61.51295 0.21945 0.17453 0.17562 0.43040 1723.640
1.125 0.72908 84.17985 0.56241 61.37371 0.21977 0.17406 0.17598 0.43018 1723.127
1.130 0.72855 84.05088 0.56114 61.23494 0.22010 0.17360 0.17633 0.42996 1722.613
1.135 0.72802 83.92200 0.55987 61.09664 0.22043 0.17314 0.17669 0.42974 1722.098
1.140 0.72749 83.79320 0.55861 60.95880 0.22076 0.17268 0.17705 0.42952 1721.584
1.145 0.72697 83.66448 0.55735 60.82144 0.22108 0.17222 0.17740 0.42930 1721.070
1.150 0.72645 83.53586 0.55609 60.68453 0.22141 0.17176 0.17776 0.42907 1720.555
1.155 0.72593 83.40733 0.55484 60.54809 0.22174 0.17130 0.17811 0.42885 1720.040
1.160 0.72542 83.27889 0.55360 60.41211 0.22206 0.17084 0.17847 0.42862 1719.525
1.165 0.72491 83.15055 0.55236 60.27659 0.22239 0.17038 0.17883 0.42840 1719.010
1.170 0.72440 83.02231 0.55112 60.14152 0.22272 0.16993 0.17918 0.42817 1718.494
1.175 0.72390 82.89417 0.54988 60.00691 0.22305 0.16947 0.17954 0.42794 1717.979
1.180 0.72340 82.76613 0.54865 59.87275 0.22337 0.16902 0.17990 0.42771 1717.463
1.185 0.72290 82.63819 0.54743 59.73905 0.22370 0.16856 0.18026 0.42748 1716.947
1.190 0.72240 82.51036 0.54621 59.60579 0.22402 0.16811 0.18062 0.42725 1716.431
1.195 0.72191 82.38264 0.54499 59.47298 0.22435 0.16766 0.18097 0.42702 1715.915
1.200 0.72142 82.25503 0.54378 59.34062 0.22468 0.16721 0.18133 0.42678 1715.399
1.205 0.72094 82.12754 0.54257 59.20870 0.22500 0.16676 0.18169 0.42655 1714.883
1.210 0.72045 82.00015 0.54136 59.07722 0.22533 0.16631 0.18205 0.42631 1714.366
1.215 0.71997 81.87288 0.54016 58.94619 0.22566 0.16586 0.18241 0.42608 1713.850
1.220 0.71949 81.74573 0.53897 58.81559 0.22598 0.16541 0.18277 0.42584 1713.333
1.225 0.71902 81.61870 0.53777 58.68543 0.22631 0.16496 0.18313 0.42560 1712.817
1.230 0.71855 81.49179 0.53659 58.55571 0.22663 0.16451 0.18349 0.42536 1712.300
1.235 0.71808 81.36500 0.53540 58.42642 0.22696 0.16407 0.18385 0.42512 1711.783
1.240 0.71761 81.23834 0.53422 58.29756 0.22728 0.16362 0.18421 0.42488 1711.267
1.245 0.71715 81.11180 0.53304 58.16914 0.22761 0.16318 0.18457 0.42464 1710.750
1.250 0.71669 80.98540 0.53187 58.04114 0.22793 0.16273 0.18494 0.42440 1710.233
1.255 0.71623 80.85912 0.53070 57.91357 0.22826 0.16229 0.18530 0.42415 1709.716
1.260 0.71577 80.73297 0.52954 57.78643 0.22858 0.16185 0.18566 0.42391 1709.199
1.265 0.71532 80.60695 0.52838 57.65971 0.22891 0.16141 0.18602 0.42366 1708.682
1.270 0.71487 80.48107 0.52722 57.53341 0.22923 0.16097 0.18638 0.42342 1708.165
1.275 0.71442 80.35533 0.52606 57.40754 0.22956 0.16053 0.18675 0.42317 1707.648
1.280 0.71398 80.22972 0.52491 57.28208 0.22988 0.16009 0.18711 0.42292 1707.132
1.285 0.71353 80.10425 0.52377 57.15704 0.23021 0.15965 0.18747 0.42267 1706.615
1.290 0.71309 79.97892 0.52263 57.03242 0.23053 0.15921 0.18783 0.42242 1706.098
1.295 0.71266 79.85373 0.52149 56.90821 0.23086 0.15878 0.18820 0.42217 1705.581
1.300 0.71222 79.72868 0.52035 56.78441 0.23118 0.15834 0.18856 0.42192 1705.064
1.305 0.71179 79.60378 0.51922 56.66103 0.23150 0.15791 0.18892 0.42166 1704.547
1.310 0.71136 79.47903 0.51810 56.53805 0.23183 0.15747 0.18929 0.42141 1704.031
1.315 0.71093 79.35442 0.51697 56.41548 0.23215 0.15704 0.18965 0.42115 1703.514
1.320 0.71051 79.22996 0.51585 56.29332 0.23248 0.15661 0.19002 0.42090 1702.997
1.325 0.71008 79.10565 0.51474 56.17156 0.23280 0.15618 0.19038 0.42064 1702.481
1.330 0.70966 78.98149 0.51363 56.05021 0.23312 0.15575 0.19075 0.42039 1701.964
1.335 0.70924 78.85748 0.51252 55.92926 0.23345 0.15532 0.19111 0.42013 1701.448
1.340 0.70883 78.73362 0.51141 55.80871 0.23377 0.15489 0.19148 0.41987 1700.931
1.345 0.70842 78.60992 0.51031 55.68855 0.23409 0.15446 0.19184 0.41961 1700.415
1.350 0.70801 78.48638 0.50921 55.56880 0.23441 0.15403 0.19221 0.41935 1699.899
1.355 0.70760 78.36299 0.50812 55.44944 0.23474 0.15360 0.19258 0.41908 1699.382
1.360 0.70719 78.23976 0.50703 55.33047 0.23506 0.15318 0.19294 0.41882 1698.866
1.365 0.70679 78.11669 0.50594 55.21190 0.23538 0.15275 0.19331 0.41856 1698.350
1.370 0.70639 77.99378 0.50486 55.09372 0.23570 0.15233 0.19368 0.41829 1697.835
1.375 0.70599 77.87103 0.50378 54.97592 0.23603 0.15190 0.19404 0.41803 1697.319
1.380 0.70559 77.74844 0.50271 54.85852 0.23635 0.15148 0.19441 0.41776 1696.803
1.385 0.70520 77.62602 0.50163 54.74150 0.23667 0.15106 0.19478 0.41749 1696.288
1.390 0.70480 77.50376 0.50056 54.62486 0.23699 0.15064 0.19514 0.41723 1695.772
1.395 0.70441 77.38166 0.49950 54.50861 0.23731 0.15022 0.19551 0.41696 1695.257
1.400 0.70402 77.25974 0.49844 54.39275 0.23763 0.14980 0.19588 0.41669 1694.742
1.405 0.70364 77.13798 0.49738 54.27726 0.23795 0.14938 0.19625 0.41642 1694.227
1.410 0.70325 77.01638 0.49632 54.16215 0.23828 0.14896 0.19662 0.41615 1693.712
1.415 0.70287 76.89496 0.49527 54.04742 0.23860 0.14854 0.19699 0.41587 1693.198
1.420 0.70249 76.77371 0.49423 53.93306 0.23892 0.14813 0.19735 0.41560 1692.683
1.425 0.70212 76.65263 0.49318 53.81908 0.23924 0.14771 0.19772 0.41533 1692.169
1.430 0.70174 76.53172 0.49214 53.70548 0.23956 0.14730 0.19809 0.41505 1691.655
1.435 0.70137 76.41098 0.49110 53.59224 0.23988 0.14688 0.19846 0.41478 1691.141
1.440 0.70100 76.29042 0.49007 53.47938 0.24020 0.14647 0.19883 0.41450 1690.627
1.445 0.70063 76.17003 0.48904 53.36688 0.24052 0.14606 0.19920 0.41422 1690.113
1.450 0.70026 76.04981 0.48801 53.25476 0.24084 0.14565 0.19957 0.41394 1689.600
1.455 0.69990 75.92978 0.48699 53.14299 0.24116 0.14524 0.19994 0.41367 1689.086
1.460 0.69953 75.80992 0.48596 53.03160 0.24148 0.14483 0.20031 0.41339 1688.573
1.465 0.69917 75.69023 0.48495 52.92056 0.24180 0.14442 0.20068 0.41311 1688.060
1.470 0.69881 75.57073 0.48393 52.80989 0.24211 0.14401 0.20105 0.41282 1687.548
1.475 0.69846 75.45140 0.48292 52.69958 0.24243 0.14360 0.20142 0.41254 1687.035
1.480 0.69810 75.33226 0.48191 52.58963 0.24275 0.14319 0.20180 0.41226 1686.523
1.485 0.69775 75.21329 0.48091 52.48004 0.24307 0.14279 0.20217 0.41197 1686.011
1.490 0.69740 75.09451 0.47991 52.37080 0.24339 0.14238 0.20254 0.41169 1685.499
1.495 0.69705 74.97590 0.47891 52.26192 0.24371 0.14198 0.20291 0.41140 1684.987
1.500 0.69670 74.85748 0.47792 52.15340 0.24402 0.14158 0.20328 0.41112 1684.476
1.505 0.69636 74.73925 0.47693 52.04522 0.24434 0.14117 0.20365 0.41083 1683.965
1.510 0.69601 74.62119 0.47594 51.93740 0.24466 0.14077 0.20403 0.41054 1683.454
1.515 0.69567 74.50333 0.47495 51.82992 0.24498 0.14037 0.20440 0.41025 1682.943
1.520 0.69533 74.38564 0.47397 51.72280 0.24529 0.13997 0.20477 0.40996 1682.432
1.525 0.69500 74.26815 0.47299 51.61602 0.24561 0.13957 0.20514 0.40967 1681.922
1.530 0.69466 74.15083 0.47202 51.50959 0.24593 0.13917 0.20552 0.40938 1681.412
1.535 0.69433 74.03371 0.47105 51.40350 0.24625 0.13877 0.20589 0.40909 1680.902
1.540 0.69399 73.91677 0.47008 51.29775 0.24656 0.13838 0.20626 0.40880 1680.393
1.545 0.69366 73.80002 0.46911 51.19235 0.24688 0.13798 0.20664 0.40851 1679.884
1.550 0.69333 73.68346 0.46815 51.08729 0.24719 0.13758 0.20701 0.40821 1679.375
1.555 0.69301 73.56709 0.46719 50.98257 0.24751 0.13719 0.20738 0.40792 1678.866
1.560 0.69268 73.45091 0.46623 50.87818 0.24783 0.13680 0.20776 0.40762 1678.357
1.565 0.69236 73.33492 0.46528 50.77413 0.24814 0.13640 0.20813 0.40732 1677.849
1.570 0.69204 73.21911 0.46433 50.67042 0.24846 0.13601 0.20851 0.40703 1677.341
1.575 0.69172 73.10350 0.46338 50.56704 0.24877 0.13562 0.20888 0.40673 1676.834
1.580 0.69140 72.98808 0.46244 50.46400 0.24909 0.13523 0.20926 0.40643 1676.326
1.585 0.69108 72.87285 0.46149 50.36128 0.24940 0.13484 0.20963 0.40613 1675.819
1.590 0.69077 72.75782 0.46056 50.25890 0.24972 0.13445 0.21001 0.40583 1675.312
1.595 0.69046 72.64297 0.45962 50.15685 0.25003 0.13406 0.21038 0.40553 1674.806
1.600 0.69015 72.52832 0.45869 50.05512 0.25034 0.13367 0.21076 0.40523 1674.300
1.605 0.68984 72.41387 0.45776 49.95372 0.25066 0.13329 0.21113 0.40492 1673.794
1.610 0.68953 72.29960 0.45683 49.85265 0.25097 0.13290 0.21151 0.40462 1673.288
1.615 0.68922 72.18553 0.45591 49.75190 0.25128 0.13252 0.21188 0.40432 1672.783
1.620 0.68892 72.07166 0.45499 49.65147 0.25160 0.13213 0.21226 0.40401 1672.278
1.625 0.68862 71.95798 0.45407 49.55136 0.25191 0.13175 0.21264 0.40371 1671.773
1.630 0.68831 71.84450 0.45316 49.45158 0.25222 0.13136 0.21301 0.40340 1671.269
1.635 0.68801 71.73121 0.45225 49.35211 0.25254 0.13098 0.21339 0.40309 1670.765
1.640 0.68772 71.61811 0.45134 49.25297 0.25285 0.13060 0.21377 0.40278 1670.261
1.645 0.68742 71.50522 0.45043 49.15413 0.25316 0.13022 0.21414 0.40248 1669.757
1.650 0.68713 71.39252 0.44953 49.05562 0.25347 0.12984 0.21452 0.40217 1669.254
1.655 0.68683 71.28001 0.44863 48.95742 0.25378 0.12946 0.21490 0.40186 1668.751
1.660 0.68654 71.16771 0.44773 48.85953 0.25410 0.12908 0.21527 0.40155 1668.249
1.665 0.68625 71.05560 0.44684 48.76196 0.25441 0.12871 0.21565 0.40123 1667.747
1.670 0.68596 70.94369 0.44595 48.66469 0.25472 0.12833 0.21603 0.40092 1667.245
1.675 0.68568 70.83197 0.44506 48.56774 0.25503 0.12796 0.21641 0.40061 1666.743
1.680 0.68539 70.72046 0.44417 48.47110 0.25534 0.12758 0.21678 0.40030 1666.242
1.685 0.68511 70.60914 0.44329 48.37476 0.25565 0.12721 0.21716 0.39998 1665.741
1.690 0.68482 70.49802 0.44241 48.27873 0.25596 0.12683 0.21754 0.39967 1665.241
1.695 0.68454 70.38710 0.44153 48.18300 0.25627 0.12646 0.21792 0.39935 1664.740
1.700 0.68426 70.27638 0.44066 48.08758 0.25658 0.12609 0.21830 0.39903 1664.241
1.705 0.68399 70.16586 0.43979 47.99246 0.25689 0.12572 0.21868 0.39872 1663.741
1.710 0.68371 70.05554 0.43892 47.89764 0.25720 0.12535 0.21905 0.39840 1663.242
1.715 0.68343 69.94541 0.43805 47.80312 0.25751 0.12498 0.21943 0.39808 1662.743
1.720 0.68316 69.83549 0.43719 47.70891 0.25781 0.12461 0.21981 0.39776 1662.245
1.725 0.68289 69.72577 0.43633 47.61499 0.25812 0.12424 0.22019 0.39744 1661.747
1.730 0.68262 69.61624 0.43547 47.52137 0.25843 0.12388 0.22057 0.39712 1661.249
1.735 0.68235 69.50692 0.43462 47.42804 0.25874 0.12351 0.22095 0.39680 1660.752
1.740 0.68208 69.39780 0.43376 47.33501 0.25905 0.12315 0.22133 0.39648 1660.255
1.745 0.68182 69.28888 0.43291 47.24227 0.25935 0.12278 0.22171 0.39615 1659.758
1.750 0.68155 69.18016 0.43207 47.14983 0.25966 0.12242 0.22209 0.39583 1659.262
1.755 0.68129 69.07163 0.43122 47.05768 0.25997 0.12205 0.22247 0.39551 1658.766
1.760 0.68103 68.96331 0.43038 46.96581 0.26028 0.12169 0.22285 0.39518 1658.271
1.765 0.68077 68.85520 0.42954 46.87424 0.26058 0.12133 0.22323 0.39486 1657.775
1.770 0.68051 68.74728 0.42870 46.78296 0.26089 0.12097 0.22361 0.39453 1657.281
1.775 0.68025 68.63956 0.42787 46.69196 0.26119 0.12061 0.22399 0.39421 1656.786
1.780 0.67999 68.53205 0.42704 46.60125 0.26150 0.12025 0.22437 0.39388 1656.292
1.785 0.67974 68.42473 0.42621 46.51083 0.26180 0.11989 0.22475 0.39355 1655.799
1.790 0.67948 68.31762 0.42538 46.42069 0.26211 0.11954 0.22513 0.39322 1655.305
1.795 0.67923 68.21071 0.42456 46.33083 0.26241 0.11918 0.22551 0.39289 1654.813
1.800 0.67898 68.10400 0.42374 46.24125 0.26272 0.11882 0.22589 0.39256 1654.320
1.805 0.67873 67.99749 0.42292 46.15196 0.26302 0.11847 0.22627 0.39223 1653.828
1.810 0.67848 67.89118 0.42211 46.06295 0.26333 0.11812 0.22666 0.39190 1653.336
1.815 0.67823 67.78508 0.42129 45.97421 0.26363 0.11776 0.22704 0.39157 1652.845
1.820 0.67799 67.67917 0.42048 45.88575 0.26394 0.11741 0.22742 0.39124 1652.354
1.825 0.67774 67.57347 0.41967 45.79757 0.26424 0.11706 0.22780 0.39090 1651.864
1.830 0.67750 67.46797 0.41887 45.70967 0.26454 0.11671 0.22818 0.39057 1651.373
1.835 0.67726 67.36267 0.41807 45.62204 0.26484 0.11636 0.22856 0.39024 1650.884
1.840 0.67702 67.25757 0.41727 45.53468 0.26515 0.11601 0.22894 0.38990 1650.394
1.845 0.67678 67.15268 0.41647 45.44760 0.26545 0.11566 0.22933 0.38957 1649.905
1.850 0.67654 67.04799 0.41567 45.36078 0.26575 0.11531 0.22971 0.38923 1649.417
1.855 0.67631 66.94349 0.41488 45.27424 0.26605 0.11496 0.23009 0.38889 1648.929
1.860 0.67607 66.83920 0.41409 45.18797 0.26635 0.11462 0.23047 0.38856 1648.441
1.865 0.67584 66.73511 0.41330 45.10197 0.26666 0.11427 0.23085 0.38822 1647.954
1.870 0.67560 66.63123 0.41251 45.01623 0.26696 0.11393 0.23124 0.38788 1647.467
1.875 0.67537 66.52754 0.41173 44.93076 0.26726 0.11358 0.23162 0.38754 1646.980
1.880 0.67514 66.42406 0.41095 44.84556 0.26756 0.11324 0.23200 0.38720 1646.494
1.885 0.67491 66.32077 0.41017 44.76062 0.26786 0.11290 0.23239 0.38686 1646.009
1.890 0.67468 66.21769 0.40940 44.67595 0.26816 0.11255 0.23277 0.38652 1645.523
1.895 0.67446 66.11481 0.40862 44.59154 0.26846 0.11221 0.23315 0.38618 1645.039
1.900 0.67423 66.01213 0.40785 44.50739 0.26876 0.11187 0.23353 0.38584 1644.554
1.905 0.67401 65.90966 0.40708 44.42350 0.26906 0.11153 0.23392 0.38549 1644.070
1.910 0.67378 65.80738 0.40632 44.33987 0.26935 0.11120 0.23430 0.38515 1643.587
1.915 0.67356 65.70531 0.40555 44.25650 0.26965 0.11086 0.23468 0.38481 1643.104
1.920 0.67334 65.60343 0.40479 44.17339 0.26995 0.11052 0.23507 0.38446 1642.621
1.925 0.67312 65.50176 0.40403 44.09053 0.27025 0.11018 0.23545 0.38412 1642.138
1.930 0.67290 65.40029 0.40327 44.00793 0.27055 0.10985 0.23583 0.38377 1641.657
1.935 0.67268 65.29901 0.40252 43.92559 0.27084 0.10951 0.23622 0.38343 1641.175
1.940 0.67247 65.19794 0.40177 43.84350 0.27114 0.10918 0.23660 0.38308 1640.694
1.945 0.67225 65.09707 0.40102 43.76166 0.27144 0.10885 0.23699 0.38273 1640.214
1.950 0.67204 64.99640 0.40027 43.68008 0.27173 0.10851 0.23737 0.38238 1639.733
1.955 0.67183 64.89593 0.39953 43.59874 0.27203 0.10818 0.23775 0.38204 1639.254
1.960 0.67161 64.79566 0.39878 43.51766 0.27232 0.10785 0.23814 0.38169 1638.774
1.965 0.67140 64.69559 0.39804 43.43683 0.27262 0.10752 0.23852 0.38134 1638.295
1.970 0.67119 64.59572 0.39730 43.35624 0.27291 0.10719 0.23891 0.38099 1637.817
1.975 0.67099 64.49605 0.39657 43.27591 0.27321 0.10686 0.23929 0.38064 1637.339
1.980 0.67078 64.39658 0.39583 43.19582 0.27350 0.10654 0.23967 0.38029 1636.861
1.985 0.67057 64.29731 0.39510 43.11597 0.27380 0.10621 0.24006 0.37994 1636.384
1.990 0.67037 64.19824 0.39437 43.03637 0.27409 0.10588 0.24044 0.37958 1635.908
1.995 0.67016 64.09937 0.39364 42.95702 0.27439 0.10556 0.24083 0.37923 1635.431
2.000 0.66996 64.00069 0.39292 42.87791 0.27468 0.10523 0.24121 0.37888 1634.956
2.005 0.66976 63.90222 0.39220 42.79904 0.27497 0.10491 0.24160 0.37852 1634.480
2.010 0.66956 63.80394 0.39148 42.72041 0.27526 0.10458 0.24198 0.37817 1634.005
2.015 0.66936 63.70587 0.39076 42.64202 0.27556 0.10426 0.24237 0.37781 1633.531
2.020 0.66916 63.60799 0.39004 42.56387 0.27585 0.10394 0.24275 0.37746 1633.057
2.025 0.66896 63.51031 0.38933 42.48596 0.27614 0.10362 0.24314 0.37710 1632.583
2.030 0.66877 63.41283 0.38862 42.40829 0.27643 0.10330 0.24352 0.37675 1632.110
2.035 0.66857 63.31554 0.38791 42.33086 0.27672 0.10298 0.24391 0.37639 1631.637
2.040 0.66838 63.21846 0.38720 42.25366 0.27701 0.10266 0.24429 0.37603 1631.165
2.045 0.66818 63.12157 0.38649 42.17669 0.27730 0.10234 0.24468 0.37568 1630.693
2.050 0.66799 63.02488 0.38579 42.09996 0.27759 0.10203 0.24506 0.37532 1630.222
2.055 0.66780 62.92838 0.38509 42.02347 0.27788 0.10171 0.24545 0.37496 1629.751
2.060 0.66761 62.83208 0.38439 41.94720 0.27817 0.10139 0.24583 0.37460 1629.281
2.065 0.66742 62.73598 0.38369 41.87117 0.27846 0.10108 0.24622 0.37424 1628.811
2.070 0.66723 62.64008 0.38300 41.79537 0.27875 0.10076 0.24660 0.37388 1628.341
2.075 0.66704 62.54437 0.38231 41.71980 0.27904 0.10045 0.24699 0.37352 1627.872
2.080 0.66686 62.44886 0.38162 41.64446 0.27933 0.10014 0.24737 0.37316 1627.403
2.085 0.66667 62.35354 0.38093 41.56935 0.27962 0.09983 0.24776 0.37280 1626.935
2.090 0.66649 62.25842 0.38024 41.49447 0.27990 0.09952 0.24815 0.37243 1626.467
2.095 0.66630 62.16350 0.37956 41.41981 0.28019 0.09920 0.24853 0.37207 1626.000
2.100 0.66612 62.06877 0.37888 41.34537 0.28048 0.09890 0.24892 0.37171 1625.533
2.105 0.66594 61.97424 0.37820 41.27117 0.28077 0.09859 0.24930 0.37134 1625.067
2.110 0.66576 61.87990 0.37752 41.19719 0.28105 0.09828 0.24969 0.37098 1624.601
2.115 0.66558 61.78575 0.37684 41.12343 0.28134 0.09797 0.25008 0.37062 1624.136
2.120 0.66540 61.69180 0.37617 41.04989 0.28162 0.09766 0.25046 0.37025 1623.671
2.125 0.66523 61.59805 0.37550 40.97657 0.28191 0.09736 0.25085 0.36989 1623.206
2.130 0.66505 61.50448 0.37483 40.90348 0.28219 0.09705 0.25123 0.36952 1622.742
2.135 0.66487 61.41112 0.37416 40.83061 0.28248 0.09675 0.25162 0.36915 1622.279
2.140 0.66470 61.31794 0.37349 40.75795 0.28276 0.09644 0.25201 0.36879 1621.815
2.145 0.66453 61.22496 0.37283 40.68552 0.28305 0.09614 0.25239 0.36842 1621.353
2.150 0.66435 61.13217 0.37217 40.61330 0.28333 0.09584 0.25278 0.36805 1620.891
2.155 0.66418 61.03958 0.37151 40.54130 0.28361 0.09554 0.25316 0.36768 1620.429
2.160 0.66401 60.94717 0.37085 40.46952 0.28390 0.09524 0.25355 0.36732 1619.968
2.165 0.66384 60.85496 0.37019 40.39795 0.28418 0.09494 0.25394 0.36695 1619.507
2.170 0.66367 60.76294 0.36954 40.32659 0.28446 0.09464 0.25432 0.36658 1619.046
2.175 0.66350 60.67112 0.36889 40.25545 0.28474 0.09434 0.25471 0.36621 1618.587
2.180 0.66334 60.57948 0.36824 40.18453 0.28503 0.09404 0.25510 0.36584 1618.127
2.185 0.66317 60.48804 0.36759 40.11381 0.28531 0.09374 0.25548 0.36547 1617.668
2.190 0.66300 60.39678 0.36694 40.04331 0.28559 0.09345 0.25587 0.36510 1617.210
2.195 0.66284 60.30572 0.36630 39.97302 0.28587 0.09315 0.25626 0.36472 1616.752
2.200 0.66268 60.21485 0.36566 39.90294 0.28615 0.09286 0.25664 0.36435 1616.294
2.205 0.66251 60.12417 0.36502 39.83306 0.28643 0.09256 0.25703 0.36398 1615.837
2.210 0.66235 60.03368 0.36438 39.76340 0.28671 0.09227 0.25742 0.36361 1615.381
2.215 0.66219 59.94337 0.36374 39.69394 0.28699 0.09198 0.25780 0.36323 1614.924
2.220 0.66203 59.85326 0.36311 39.62469 0.28727 0.09169 0.25819 0.36286 1614.469
2.225 0.66187 59.76334 0.36248 39.55565 0.28754 0.09139 0.25858 0.36249 1614.014
2.230 0.66171 59.67360 0.36184 39.48681 0.28782 0.09110 0.25896 0.36211 1613.559
2.235 0.66156 59.58405 0.36122 39.41818 0.28810 0.09081 0.25935 0.36174 1613.105
2.240 0.66140 59.49470 0.36059 39.34975 0.28838 0.09053 0.25974 0.36136 1612.651
2.245 0.66124 59.40553 0.35996 39.28153 0.28865 0.09024 0.26012 0.36099 1612.197
2.250 0.66109 59.31654 0.35934 39.21350 0.28893 0.08995 0.26051 0.36061 1611.745
2.255 0.66093 59.22775 0.35872 39.14568 0.28921 0.08966 0.26090 0.36023 1611.292
2.260 0.66078 59.13914 0.35810 39.07806 0.28948 0.08938 0.26128 0.35986 1610.840
2.265 0.66063 59.05072 0.35748 39.01065 0.28976 0.08909 0.26167 0.35948 1610.389
2.270 0.66048 58.96249 0.35687 38.94343 0.29003 0.08881 0.26206 0.35910 1609.938
2.275 0.66033 58.87444 0.35625 38.87641 0.29031 0.08852 0.26244 0.35873 1609.488
2.280 0.66018 58.78657 0.35564 38.80958 0.29058 0.08824 0.26283 0.35835 1609.038
2.285 0.66003 58.69890 0.35503 38.74296 0.29086 0.08796 0.26322 0.35797 1608.588
2.290 0.65988 58.61141 0.35442 38.67653 0.29113 0.08768 0.26360 0.35759 1608.139
2.295 0.65973 58.52410 0.35381 38.61030 0.29141 0.08739 0.26399 0.35721 1607.690
2.300 0.65959 58.43698 0.35321 38.54426 0.29168 0.08711 0.26438 0.35683 1607.242
2.305 0.65944 58.35004 0.35260 38.47842 0.29195 0.08683 0.26476 0.35645 1606.795
2.310 0.65930 58.26329 0.35200 38.41277 0.29222 0.08656 0.26515 0.35607 1606.348
2.315 0.65915 58.17672 0.35140 38.34732 0.29250 0.08628 0.26554 0.35569 1605.901
2.320 0.65901 58.09034 0.35080 38.28206 0.29277 0.08600 0.26592 0.35531 1605.455
2.325 0.65887 58.00414 0.35021 38.21699 0.29304 0.08572 0.26631 0.35493 1605.009
2.330 0.65873 57.91812 0.34961 38.15211 0.29331 0.08545 0.26670 0.35455 1604.564
2.335 0.65858 57.83228 0.34902 38.08742 0.29358 0.08517 0.26708 0.35416 1604.119
2.340 0.65844 57.74663 0.34843 38.02293 0.29385 0.08490 0.26747 0.35378 1603.675
2.345 0.65830 57.66115 0.34784 37.95862 0.29412 0.08462 0.26786 0.35340 1603.231
2.350 0.65817 57.57587 0.34725 37.89450 0.29439 0.08435 0.26825 0.35302 1602.787
2.355 0.65803 57.49076 0.34667 37.83057 0.29466 0.08408 0.26863 0.35263 1602.345
2.360 0.65789 57.40583 0.34608 37.76682 0.29493 0.08380 0.26902 0.35225 1601.902
2.365 0.65776 57.32108 0.34550 37.70326 0.29520 0.08353 0.26941 0.35187 1601.460
2.370 0.65762 57.23652 0.34492 37.63989 0.29546 0.08326 0.26979 0.35148 1601.019
2.375 0.65749 57.15213 0.34434 37.57670 0.29573 0.08299 0.27018 0.35110 1600.578
2.380 0.65735 57.06792 0.34376 37.51370 0.29600 0.08272 0.27057 0.35071 1600.137
2.385 0.65722 56.98390 0.34319 37.45088 0.29626 0.08246 0.27095 0.35033 1599.697
2.390 0.65709 56.90005 0.34261 37.38825 0.29653 0.08219 0.27134 0.34994 1599.258
2.395 0.65695 56.81638 0.34204 37.32579 0.29680 0.08192 0.27173 0.34955 1598.819
2.400 0.65682 56.73289 0.34147 37.26352 0.29706 0.08166 0.27211 0.34917 1598.380
2.405 0.65669 56.64958 0.34090 37.20143 0.29733 0.08139 0.27250 0.34878 1597.942
2.410 0.65656 56.56645 0.34033 37.13952 0.29759 0.08112 0.27289 0.34840 1597.505
2.415 0.65644 56.48349 0.33977 37.07779 0.29786 0.08086 0.27327 0.34801 1597.068
2.420 0.65631 56.40071 0.33921 37.01624 0.29812 0.08060 0.27366 0.34762 1596.631
2.425 0.65618 56.31811 0.33864 36.95487 0.29839 0.08033 0.27405 0.34723 1596.195
2.430 0.65605 56.23569 0.33808 36.89368 0.29865 0.08007 0.27443 0.34685 1595.759
2.435 0.65593 56.15344 0.33752 36.83266 0.29891 0.07981 0.27482 0.34646 1595.324
2.440 0.65580 56.07137 0.33697 36.77182 0.29917 0.07955 0.27521 0.34607 1594.889
2.445 0.65568 55.98947 0.33641 36.71116 0.29944 0.07929 0.27559 0.34568 1594.455
2.450 0.65556 55.90775 0.33586 36.65067 0.29970 0.07903 0.27598 0.34529 1594.021
2.455 0.65543 55.82620 0.33530 36.59036 0.29996 0.07877 0.27637 0.34490 1593.588
2.460 0.65531 55.74483 0.33475 36.53022 0.30022 0.07851 0.27675 0.34451 1593.155
2.465 0.65519 55.66363 0.33420 36.47026 0.30048 0.07826 0.27714 0.34412 1592.723
2.470 0.65507 55.58261 0.33365 36.41047 0.30074 0.07800 0.27753 0.34373 1592.291
2.475 0.65495 55.50176 0.33311 36.35085 0.30100 0.07774 0.27791 0.34334 1591.859
2.480 0.65483 55.42108 0.33256 36.29140 0.30126 0.07749 0.27830 0.34295 1591.428
2.485 0.65471 55.34058 0.33202 36.23213 0.30152 0.07723 0.27868 0.34256 1590.998
2.490 0.65459 55.26025 0.33148 36.17302 0.30178 0.07698 0.27907 0.34217 1590.568
2.495 0.65448 55.18009 0.33094 36.11409 0.30204 0.07673 0.27946 0.34178 1590.139
2.500 0.65436 55.10011 0.33040 36.05532 0.30230 0.07648 0.27984 0.34139 1589.710
2.505 0.65424 55.02029 0.32986 35.99673 0.30255 0.07622 0.28023 0.34099 1589.281
2.510 0.65413 54.94065 0.32933 35.93830 0.30281 0.07597 0.28062 0.34060 1588.853
2.515 0.65402 54.86118 0.32879 35.88004 0.30307 0.07572 0.28100 0.34021 1588.425
2.520 0.65390 54.78188 0.32826 35.82194 0.30332 0.07547 0.28139 0.33982 1587.998
2.525 0.65379 54.70274 0.32773 35.76402 0.30358 0.07522 0.28177 0.33942 1587.572
2.530 0.65368 54.62378 0.32720 35.70625 0.30383 0.07497 0.28216 0.33903 1587.146
2.535 0.65356 54.54499 0.32667 35.64866 0.30409 0.07473 0.28255 0.33864 1586.720
2.540 0.65345 54.46637 0.32615 35.59123 0.30434 0.07448 0.28293 0.33824 1586.295
2.545 0.65334 54.38792 0.32562 35.53396 0.30460 0.07423 0.28332 0.33785 1585.870
2.550 0.65323 54.30963 0.32510 35.47686 0.30485 0.07399 0.28370 0.33746 1585.446
2.555 0.65312 54.23152 0.32458 35.41991 0.30511 0.07374 0.28409 0.33706 1585.022
2.560 0.65302 54.15357 0.32406 35.36314 0.30536 0.07350 0.28447 0.33667 1584.599
2.565 0.65291 54.07579 0.32354 35.30652 0.30561 0.07325 0.28486 0.33627 1584.176
2.570 0.65280 53.99818 0.32302 35.25006 0.30586 0.07301 0.28525 0.33588 1583.754
2.575 0.65269 53.92073 0.32250 35.19377 0.30612 0.07277 0.28563 0.33548 1583.332
2.580 0.65259 53.84345 0.32199 35.13763 0.30637 0.07253 0.28602 0.33509 1582.911
2.585 0.65248 53.76634 0.32148 35.08166 0.30662 0.07229 0.28640 0.33469 1582.490
2.590 0.65238 53.68939 0.32097 35.02584 0.30687 0.07204 0.28679 0.33430 1582.069
2.595 0.65228 53.61261 0.32046 34.97019 0.30712 0.07180 0.28717 0.33390 1581.649
2.600 0.65217 53.53600 0.31995 34.91469 0.30737 0.07157 0.28756 0.33351 1581.230
2.605 0.65207 53.45955 0.31944 34.85934 0.30762 0.07133 0.28794 0.33311 1580.811
2.610 0.65197 53.38326 0.31893 34.80416 0.30787 0.07109 0.28833 0.33271 1580.392
2.615 0.65187 53.30714 0.31843 34.74913 0.30812 0.07085 0.28871 0.33232 1579.974
2.620 0.65177 53.23118 0.31793 34.69426 0.30837 0.07062 0.28910 0.33192 1579.557
2.625 0.65167 53.15539 0.31743 34.63954 0.30861 0.07038 0.28948 0.33152 1579.140
2.630 0.65157 53.07976 0.31693 34.58497 0.30886 0.07014 0.28987 0.33113 1578.723
2.635 0.65147 53.00429 0.31643 34.53056 0.30911 0.06991 0.29025 0.33073 1578.307
2.640 0.65137 52.92898 0.31593 34.47631 0.30935 0.06968 0.29064 0.33033 1577.891
2.645 0.65127 52.85384 0.31543 34.42220 0.30960 0.06944 0.29102 0.32993 1577.476
2.650 0.65117 52.77886 0.31494 34.36825 0.30985 0.06921 0.29141 0.32954 1577.061
2.655 0.65108 52.70404 0.31445 34.31445 0.31009 0.06898 0.29179 0.32914 1576.647
2.660 0.65098 52.62938 0.31396 34.26081 0.31034 0.06875 0.29218 0.32874 1576.233
2.665 0.65089 52.55488 0.31346 34.20731 0.31058 0.06852 0.29256 0.32834 1575.820
2.670 0.65079 52.48054 0.31298 34.15396 0.31083 0.06829 0.29295 0.32794 1575.407
2.675 0.65070 52.40637 0.31249 34.10077 0.31107 0.06806 0.29333 0.32754 1574.995
2.680 0.65061 52.33235 0.31200 34.04772 0.31131 0.06783 0.29371 0.32715 1574.583
2.685 0.65051 52.25849 0.31152 33.99482 0.31156 0.06760 0.29410 0.32675 1574.172
2.690 0.65042 52.18479 0.31103 33.94207 0.31180 0.06737 0.29448 0.32635 1573.761
2.695 0.65033 52.11125 0.31055 33.88947 0.31204 0.06714 0.29487 0.32595 1573.350
2.700 0.65024 52.03787 0.31007 33.83701 0.31228 0.06692 0.29525 0.32555 1572.940
2.705 0.65015 51.96465 0.30959 33.78471 0.31252 0.06669 0.29564 0.32515 1572.531
2.710 0.65006 51.89159 0.30911 33.73254 0.31276 0.06647 0.29602 0.32475 1572.122
2.715 0.64997 51.81868 0.30864 33.68053 0.31300 0.06624 0.29640 0.32435 1571.713
2.720 0.64988 51.74593 0.30816 33.62865 0.31324 0.06602 0.29679 0.32395 1571.305
2.725 0.64979 51.67333 0.30769 33.57693 0.31348 0.06580 0.29717 0.32355 1570.897
2.730 0.64970 51.60090 0.30722 33.52535 0.31372 0.06557 0.29755 0.32315 1570.490
2.735 0.64962 51.52861 0.30674 33.47391 0.31396 0.06535 0.29794 0.32275 1570.084
2.740 0.64953 51.45649 0.30627 33.42261 0.31420 0.06513 0.29832 0.32235 1569.677
2.745 0.64945 51.38452 0.30581 33.37146 0.31444 0.06491 0.29870 0.32195 1569.272
2.750 0.64936 51.31270 0.30534 33.32045 0.31467 0.06469 0.29909 0.32155 1568.866
2.755 0.64928 51.24104 0.30487 33.26958 0.31491 0.06447 0.29947 0.32115 1568.461
2.760 0.64919 51.16954 0.30441 33.21885 0.31515 0.06425 0.29985 0.32075 1568.057
2.765 0.64911 51.09819 0.30394 33.16826 0.31538 0.06403 0.30024 0.32035 1567.653
2.770 0.64903 51.02699 0.30348 33.11782 0.31562 0.06382 0.30062 0.31994 1567.250
2.775 0.64894 50.95594 0.30302 33.06751 0.31586 0.06360 0.30100 0.31954 1566.847
2.780 0.64886 50.88505 0.30256 33.01734 0.31609 0.06338 0.30139 0.31914 1566.444
2.785 0.64878 50.81431 0.30210 32.96731 0.31632 0.06317 0.30177 0.31874 1566.042
2.790 0.64870 50.74373 0.30164 32.91742 0.31656 0.06295 0.30215 0.31834 1565.641
2.795 0.64862 50.67329 0.30119 32.86767 0.31679 0.06274 0.30253 0.31794 1565.240
2.800 0.64854 50.60301 0.30073 32.81805 0.31703 0.06252 0.30292 0.31754 1564.839
2.805 0.64846 50.53288 0.30028 32.76857 0.31726 0.06231 0.30330 0.31713 1564.439
2.810 0.64838 50.46290 0.29983 32.71923 0.31749 0.06210 0.30368 0.31673 1564.039
2.815 0.64830 50.39307 0.29938 32.67002 0.31772 0.06189 0.30406 0.31633 1563.640
2.820 0.64823 50.32339 0.29893 32.62095 0.31795 0.06167 0.30444 0.31593 1563.241
2.825 0.64815 50.25386 0.29848 32.57202 0.31818 0.06146 0.30483 0.31553 1562.843
2.830 0.64807 50.18448 0.29803 32.52321 0.31841 0.06125 0.30521 0.31512 1562.445
2.835 0.64800 50.11525 0.29759 32.47455 0.31865 0.06104 0.30559 0.31472 1562.048
2.840 0.64792 50.04617 0.29714 32.42601 0.31887 0.06083 0.30597 0.31432 1561.651
2.845 0.64785 49.97724 0.29670 32.37761 0.31910 0.06063 0.30635 0.31392 1561.254
2.850 0.64777 49.90845 0.29626 32.32934 0.31933 0.06042 0.30673 0.31351 1560.858
2.855 0.64770 49.83981 0.29581 32.28121 0.31956 0.06021 0.30712 0.31311 1560.463
2.860 0.64763 49.77133 0.29537 32.23320 0.31979 0.06000 0.30750 0.31271 1560.068
2.865 0.64755 49.70298 0.29494 32.18533 0.32002 0.05980 0.30788 0.31231 1559.673
2.870 0.64748 49.63479 0.29450 32.13759 0.32024 0.05959 0.30826 0.31190 1559.279
2.875 0.64741 49.56674 0.29406 32.08998 0.32047 0.05939 0.30864 0.31150 1558.885
2.880 0.64734 49.49884 0.29363 32.04250 0.32070 0.05918 0.30902 0.31110 1558.492
2.885 0.64727 49.43109 0.29319 31.99515 0.32092 0.05898 0.30940 0.31069 1558.099
2.890 0.64720 49.36348 0.29276 31.94792 0.32115 0.05878 0.30978 0.31029 1557.707
2.895 0.64713 49.29601 0.29233 31.90083 0.32137 0.05858 0.31016 0.30989 1557.315
2.900 0.64706 49.22869 0.29190 31.85386 0.32160 0.05837 0.31054 0.30949 1556.924
2.905 0.64699 49.16152 0.29147 31.80702 0.32182 0.05817 0.31092 0.30908 1556.533
2.910 0.64692 49.09449 0.29104 31.76031 0.32205 0.05797 0.31130 0.30868 1556.143
2.915 0.64685 49.02760 0.29061 31.71373 0.32227 0.05777 0.31168 0.30828 1555.753
2.920 0.64679 48.96086 0.29019 31.66727 0.32249 0.05757 0.31206 0.30787 1555.363
2.925 0.64672 48.89426 0.28976 31.62094 0.32271 0.05737 0.31244 0.30747 1554.974
2.930 0.64665 48.82780 0.28934 31.57474 0.32294 0.05717 0.31282 0.30707 1554.585
2.935 0.64659 48.76149 0.28892 31.52865 0.32316 0.05698 0.31320 0.30666 1554.197
2.940 0.64652 48.69532 0.28850 31.48270 0.32338 0.05678 0.31358 0.30626 1553.809
2.945 0.64646 48.62929 0.28808 31.43687 0.32360 0.05658 0.31396 0.30586 1553.422
2.950 0.64640 48.56340 0.28766 31.39116 0.32382 0.05639 0.31434 0.30545 1553.035
2.955 0.64633 48.49765 0.28724 31.34558 0.32404 0.05619 0.31472 0.30505 1552.649
2.960 0.64627 48.43205 0.28682 31.30011 0.32426 0.05600 0.31510 0.30465 1552.263
2.965 0.64621 48.36658 0.28641 31.25478 0.32448 0.05580 0.31548 0.30424 1551.878
2.970 0.64614 48.30126 0.28599 31.20956 0.32469 0.05561 0.31586 0.30384 1551.493
2.975 0.64608 48.23607 0.28558 31.16447 0.32491 0.05542 0.31624 0.30343 1551.108
2.980 0.64602 48.17103 0.28517 31.11949 0.32513 0.05522 0.31662 0.30303 1550.724
2.985 0.64596 48.10612 0.28476 31.07464 0.32535 0.05503 0.31699 0.30263 1550.340
2.990 0.64590 48.04136 0.28435 31.02991 0.32556 0.05484 0.31737 0.30222 1549.957
2.995 0.64584 47.97673 0.28394 30.98530 0.32578 0.05465 0.31775 0.30182 1549.574
3.000 0.64578 47.91224 0.28353 30.94081 0.32600 0.05446 0.31813 0.30142 1549.192
3.005 0.64572 47.84789 0.28313 30.89643 0.32621 0.05427 0.31851 0.30101 1548.810
3.010 0.64566 47.78368 0.28272 30.85218 0.32643 0.05408 0.31888 0.30061 1548.429
3.015 0.64561 47.71960 0.28232 30.80805 0.32664 0.05389 0.31926 0.30021 1548.048
3.020 0.64555 47.65566 0.28191 30.76403 0.32685 0.05370 0.31964 0.29980 1547.667
3.025 0.64549 47.59186 0.28151 30.72013 0.32707 0.05352 0.32002 0.29940 1547.287
3.030 0.64543 47.52820 0.28111 30.67635 0.32728 0.05333 0.32040 0.29900 1546.908
3.035 0.64538 47.46467 0.28071 30.63269 0.32749 0.05314 0.32077 0.29859 1546.529
3.040 0.64532 47.40127 0.28031 30.58914 0.32771 0.05296 0.32115 0.29819 1546.150
3.045 0.64527 47.33802 0.27991 30.54571 0.32792 0.05277 0.32153 0.29778 1545.772
3.050 0.64521 47.27489 0.27951 30.50239 0.32813 0.05259 0.32190 0.29738 1545.394
3.055 0.64516 47.21191 0.27912 30.45919 0.32834 0.05240 0.32228 0.29698 1545.016
3.060 0.64511 47.14905 0.27872 30.41610 0.32855 0.05222 0.32266 0.29657 1544.639
3.065 0.64505 47.08633 0.27833 30.37313 0.32876 0.05204 0.32303 0.29617 1544.263
3.070 0.64500 47.02375 0.27794 30.33028 0.32897 0.05185 0.32341 0.29577 1543.887
3.075 0.64495 46.96130 0.27755 30.28753 0.32918 0.05167 0.32379 0.29536 1543.511
3.080 0.64489 46.89898 0.27715 30.24490 0.32939 0.05149 0.32416 0.29496 1543.136
3.085 0.64484 46.83680 0.27677 30.20239 0.32959 0.05131 0.32454 0.29456 1542.762
3.090 0.64479 46.77474 0.27638 30.15998 0.32980 0.05113 0.32491 0.29415 1542.387
3.095 0.64474 46.71282 0.27599 30.11769 0.33001 0.05095 0.32529 0.29375 1542.013
3.100 0.64469 46.65104 0.27560 30.07551 0.33022 0.05077 0.32567 0.29335 1541.640
3.105 0.64464 46.58938 0.27522 30.03344 0.33042 0.05059 0.32604 0.29294 1541.267
3.110 0.64459 46.52785 0.27483 29.99149 0.33063 0.05041 0.32642 0.29254 1540.895
3.115 0.64454 46.46646 0.27445 29.94964 0.33083 0.05024 0.32679 0.29214 1540.523
3.120 0.64449 46.40520 0.27407 29.90790 0.33104 0.05006 0.32717 0.29174 1540.151
3.125 0.64445 46.34406 0.27369 29.86628 0.33124 0.04988 0.32754 0.29133 1539.780
3.130 0.64440 46.28306 0.27330 29.82476 0.33145 0.04971 0.32792 0.29093 1539.409
3.135 0.64435 46.22219 0.27293 29.78336 0.33165 0.04953 0.32829 0.29053 1539.039
3.140 0.64431 46.16145 0.27255 29.74206 0.33185 0.04936 0.32867 0.29012 1538.669
3.145 0.64426 46.10083 0.27217 29.70087 0.33206 0.04918 0.32904 0.28972 1538.300
3.150 0.64421 46.04035 0.27179 29.65979 0.33226 0.04901 0.32941 0.28932 1537.931
3.155 0.64417 45.97999 0.27142 29.61881 0.33246 0.04883 0.32979 0.28892 1537.562
3.160 0.64412 45.91976 0.27104 29.57795 0.33266 0.04866 0.33016 0.28851 1537.194
3.165 0.64408 45.85966 0.27067 29.53719 0.33286 0.04849 0.33054 0.28811 1536.826
3.170 0.64403 45.79969 0.27030 29.49654 0.33306 0.04832 0.33091 0.28771 1536.459
3.175 0.64399 45.73985 0.26993 29.45599 0.33326 0.04815 0.33128 0.28731 1536.092
3.180 0.64395 45.68013 0.26955 29.41555 0.33346 0.04798 0.33166 0.28690 1535.726
3.185 0.64390 45.62054 0.26919 29.37522 0.33366 0.04781 0.33203 0.28650 1535.360
3.190 0.64386 45.56107 0.26882 29.33499 0.33386 0.04764 0.33240 0.28610 1534.994
3.195 0.64382 45.50174 0.26845 29.29487 0.33406 0.04747 0.33278 0.28570 1534.629
3.200 0.64378 45.44252 0.26808 29.25485 0.33426 0.04730 0.33315 0.28530 1534.265
3.205 0.64374 45.38344 0.26772 29.21494 0.33446 0.04713 0.33352 0.28489 1533.900
3.210 0.64369 45.32447 0.26735 29.17513 0.33465 0.04696 0.33389 0.28449 1533.537
3.215 0.64365 45.26564 0.26699 29.13542 0.33485 0.04680 0.33427 0.28409 1533.173
3.220 0.64361 45.20692 0.26662 29.09582 0.33505 0.04663 0.33464 0.28369 1532.810
3.225 0.64357 45.14834 0.26626 29.05632 0.33524 0.04646 0.33501 0.28329 1532.448
3.230 0.64354 45.08987 0.26590 29.01692 0.33544 0.04630 0.33538 0.28289 1532.086
3.235 0.64350 45.03153 0.26554 28.97762 0.33563 0.04613 0.33575 0.28248 1531.724
3.240 0.64346 44.97332 0.26518 28.93843 0.33582 0.04597 0.33612 0.28208 1531.363
3.245 0.64342 44.91522 0.26482 28.89934 0.33602 0.04580 0.33650 0.28168 1531.002
3.250 0.64338 44.85725 0.26447 28.86035 0.33621 0.04564 0.33687 0.28128 1530.642
3.255 0.64334 44.79940 0.26411 28.82146 0.33640 0.04548 0.33724 0.28088 1530.282
3.260 0.64331 44.74168 0.26376 28.78267 0.33660 0.04532 0.33761 0.28048 1529.923
3.265 0.64327 44.68407 0.26340 28.74398 0.33679 0.04515 0.33798 0.28008 1529.563
3.270 0.64324 44.62659 0.26305 28.70539 0.33698 0.04499 0.33835 0.27968 1529.205
3.275 0.64320 44.56923 0.26269 28.66690 0.33717 0.04483 0.33872 0.27928 1528.847
3.280 0.64316 44.51199 0.26234 28.62851 0.33736 0.04467 0.33909 0.27888 1528.489
3.285 0.64313 44.45487 0.26199 28.59021 0.33755 0.04451 0.33946 0.27848 1528.131
3.290 0.64309 44.39787 0.26164 28.55202 0.33774 0.04435 0.33983 0.27808 1527.775
3.295 0.64306 44.34099 0.26129 28.51393 0.33793 0.04419 0.34020 0.27768 1527.418
3.300 0.64303 44.28423 0.26094 28.47593 0.33812 0.04403 0.34057 0.27728 1527.062
3.305 0.64299 44.22760 0.26060 28.43803 0.33831 0.04388 0.34094 0.27688 1526.706
3.310 0.64296 44.17108 0.26025 28.40023 0.33850 0.04372 0.34131 0.27648 1526.351
3.315 0.64293 44.11467 0.25991 28.36252 0.33868 0.04356 0.34168 0.27608 1525.996
3.320 0.64289 44.05839 0.25956 28.32491 0.33887 0.04341 0.34205 0.27568 1525.642
3.325 0.64286 44.00223 0.25922 28.28740 0.33906 0.04325 0.34242 0.27528 1525.288
3.330 0.64283 43.94618 0.25887 28.24999 0.33924 0.04309 0.34279 0.27488 1524.934
3.335 0.64280 43.89026 0.25853 28.21267 0.33943 0.04294 0.34315 0.27448 1524.581
3.340 0.64277 43.83445 0.25819 28.17544 0.33961 0.04278 0.34352 0.27408 1524.228
3.345 0.64274 43.77875 0.25785 28.13831 0.33980 0.04263 0.34389 0.27368 1523.876
3.350 0.64271 43.72318 0.25751 28.10127 0.33998 0.04248 0.34426 0.27328 1523.524
3.355 0.64268 43.66772 0.25717 28.06433 0.34017 0.04232 0.34463 0.27288 1523.173
3.360 0.64265 43.61237 0.25684 28.02749 0.34035 0.04217 0.34499 0.27249 1522.822
3.365 0.64262 43.55715 0.25650 27.99073 0.34053 0.04202 0.34536 0.27209 1522.471
3.370 0.64259 43.50204 0.25616 27.95407 0.34072 0.04187 0.34573 0.27169 1522.121
3.375 0.64256 43.44704 0.25583 27.91751 0.34090 0.04172 0.34610 0.27129 1521.771
3.380 0.64254 43.39216 0.25549 27.88103 0.34108 0.04157 0.34646 0.27089 1521.421
3.385 0.64251 43.33740 0.25516 27.84465 0.34126 0.04142 0.34683 0.27049 1521.072
3.390 0.64248 43.28275 0.25483 27.80836 0.34144 0.04127 0.34720 0.27010 1520.724
3.395 0.64245 43.22821 0.25450 27.77217 0.34162 0.04112 0.34756 0.26970 1520.376
3.400 0.64243 43.17379 0.25416 27.73606 0.34180 0.04097 0.34793 0.26930 1520.028
3.405 0.64240 43.11948 0.25383 27.70005 0.34198 0.04082 0.34830 0.26891 1519.681
3.410 0.64238 43.06529 0.25351 27.66413 0.34216 0.04067 0.34866 0.26851 1519.334
3.415 0.64235 43.01121 0.25318 27.62829 0.34234 0.04052 0.34903 0.26811 1518.987
3.420 0.64233 42.95724 0.25285 27.59255 0.34251 0.04038 0.34939 0.26772 1518.641
3.425 0.64230 42.90338 0.25252 27.55690 0.34269 0.04023 0.34976 0.26732 1518.295
3.430 0.64228 42.84964 0.25220 27.52134 0.34287 0.04009 0.35012 0.26692 1517.950
3.435 0.64225 42.79601 0.25187 27.48587 0.34305 0.03994 0.35049 0.26653 1517.605
3.440 0.64223 42.74249 0.25155 27.45049 0.34322 0.03979 0.35085 0.26613 1517.261
3.445 0.64221 42.68909 0.25122 27.41519 0.34340 0.03965 0.35122 0.26573 1516.917
3.450 0.64218 42.63579 0.25090 27.37999 0.34357 0.03951 0.35158 0.26534 1516.573
3.455 0.64216 42.58261 0.25058 27.34487 0.34375 0.03936 0.35195 0.26494 1516.230
3.460 0.64214 42.52953 0.25026 27.30984 0.34392 0.03922 0.35231 0.26455 1515.887
3.465 0.64212 42.47657 0.24994 27.27490 0.34409 0.03908 0.35268 0.26415 1515.545
3.470 0.64209 42.42372 0.24962 27.24005 0.34427 0.03893 0.35304 0.26376 1515.203
3.475 0.64207 42.37098 0.24930 27.20528 0.34444 0.03879 0.35340 0.26336 1514.861
3.480 0.64205 42.31834 0.24898 27.17061 0.34461 0.03865 0.35377 0.26297 1514.520
3.485 0.64203 42.26582 0.24867 27.13601 0.34479 0.03851 0.35413 0.26257 1514.179
3.490 0.64201 42.21341 0.24835 27.10151 0.34496 0.03837 0.35449 0.26218 1513.839
3.495 0.64199 42.16110 0.24803 27.06709 0.34513 0.03823 0.35486 0.26179 1513.499
3.500 0.64197 42.10890 0.24772 27.03276 0.34530 0.03809 0.35522 0.26139 1513.159
3.505 0.64195 42.05682 0.24741 26.99851 0.34547 0.03795 0.35558 0.26100 1512.820
3.510 0.64193 42.00484 0.24709 26.96435 0.34564 0.03781 0.35594 0.26060 1512.481
3.515 0.64192 41.95296 0.24678 26.93027 0.34581 0.03767 0.35631 0.26021 1512.143
3.520 0.64190 41.90120 0.24647 26.89628 0.34598 0.03754 0.35667 0.25982 1511.805
3.525 0.64188 41.84954 0.24616 26.86237 0.34615 0.03740 0.35703 0.25943 1511.467
3.530 0.64186 41.79799 0.24585 26.82854 0.34631 0.03726 0.35739 0.25903 1511.130
3.535 0.64184 41.74655 0.24554 26.79480 0.34648 0.03713 0.35775 0.25864 1510.793
3.540 0.64183 41.69521 0.24523 26.76115 0.34665 0.03699 0.35811 0.25825 1510.457
3.545 0.64181 41.64398 0.24492 26.72757 0.34681 0.03686 0.35848 0.25786 1510.121
3.550 0.64179 41.59286 0.24462 26.69408 0.34698 0.03672 0.35884 0.25746 1509.785
3.555 0.64178 41.54184 0.24431 26.66068 0.34715 0.03659 0.35920 0.25707 1509.450
3.560 0.64176 41.49092 0.24400 26.62735 0.34731 0.03645 0.35956 0.25668 1509.115
3.565 0.64175 41.44012 0.24370 26.59411 0.34748 0.03632 0.35992 0.25629 1508.781
3.570 0.64173 41.38941 0.24340 26.56095 0.34764 0.03618 0.36028 0.25590 1508.447
3.575 0.64172 41.33881 0.24309 26.52787 0.34780 0.03605 0.36064 0.25551 1508.113
3.580 0.64170 41.28832 0.24279 26.49487 0.34797 0.03592 0.36100 0.25512 1507.780
3.585 0.64169 41.23793 0.24249 26.46196 0.34813 0.03579 0.36136 0.25473 1507.447
3.590 0.64168 41.18764 0.24219 26.42912 0.34829 0.03566 0.36172 0.25434 1507.114
3.595 0.64166 41.13746 0.24189 26.39637 0.34845 0.03552 0.36208 0.25395 1506.782
3.600 0.64165 41.08738 0.24159 26.36370 0.34862 0.03539 0.36243 0.25356 1506.451
3.605 0.64164 41.03741 0.24129 26.33110 0.34878 0.03526 0.36279 0.25317 1506.119
3.610 0.64162 40.98754 0.24099 26.29859 0.34894 0.03513 0.36315 0.25278 1505.789
3.615 0.64161 40.93777 0.24069 26.26616 0.34910 0.03500 0.36351 0.25239 1505.458
3.620 0.64160 40.88810 0.24040 26.23380 0.34926 0.03488 0.36387 0.25200 1505.128
3.625 0.64159 40.83853 0.24010 26.20153 0.34942 0.03475 0.36423 0.25161 1504.798
3.630 0.64158 40.78907 0.23981 26.16933 0.34958 0.03462 0.36459 0.25122 1504.469
3.635 0.64157 40.73971 0.23951 26.13721 0.34973 0.03449 0.36494 0.25083 1504.140
3.640 0.64156 40.69045 0.23922 26.10518 0.34989 0.03436 0.36530 0.25044 1503.811
3.645 0.64155 40.64129 0.23893 26.07321 0.35005 0.03424 0.36566 0.25006 1503.483
3.650 0.64153 40.59223 0.23863 26.04133 0.35021 0.03411 0.36601 0.24967 1503.155
3.655 0.64153 40.54327 0.23834 26.00953 0.35036 0.03398 0.36637 0.24928 1502.828
3.660 0.64152 40.49441 0.23805 25.97780 0.35052 0.03386 0.36673 0.24889 1502.501
3.665 0.64151 40.44565 0.23776 25.94615 0.35068 0.03373 0.36708 0.24851 1502.174
3.670 0.64150 40.39700 0.23747 25.91458 0.35083 0.03361 0.36744 0.24812 1501.848
3.675 0.64149 40.34844 0.23718 25.88308 0.35099 0.03348 0.36780 0.24773 1501.522
3.680 0.64148 40.29998 0.23690 25.85166 0.35114 0.03336 0.36815 0.24735 1501.197
3.685 0.64147 40.25162 0.23661 25.82031 0.35129 0.03324 0.36851 0.24696 1500.872
3.690 0.64146 40.20336 0.23632 25.78905 0.35145 0.03311 0.36886 0.24658 1500.547
3.695 0.64146 40.15520 0.23604 25.75785 0.35160 0.03299 0.36922 0.24619 1500.223
3.700 0.64145 40.10714 0.23575 25.72674 0.35175 0.03287 0.36957 0.24581 1499.899
3.705 0.64144 40.05917 0.23547 25.69569 0.35190 0.03275 0.36993 0.24542 1499.575
3.710 0.64144 40.01130 0.23518 25.66473 0.35206 0.03262 0.37028 0.24504 1499.252
3.715 0.64143 39.96353 0.23490 25.63383 0.35221 0.03250 0.37064 0.24465 1498.929
3.720 0.64142 39.91586 0.23462 25.60302 0.35236 0.03238 0.37099 0.24427 1498.607
3.725 0.64142 39.86829 0.23434 25.57227 0.35251 0.03226 0.37135 0.24388 1498.285
3.730 0.64141 39.82081 0.23406 25.54160 0.35266 0.03214 0.37170 0.24350 1497.963
3.735 0.64141 39.77343 0.23377 25.51101 0.35281 0.03202 0.37205 0.24311 1497.642
3.740 0.64140 39.72614 0.23350 25.48049 0.35296 0.03190 0.37241 0.24273 1497.321
3.745 0.64140 39.67895 0.23322 25.45004 0.35311 0.03178 0.37276 0.24235 1497.001
3.750 0.64139 39.63186 0.23294 25.41966 0.35325 0.03167 0.37311 0.24197 1496.681
3.755 0.64139 39.58486 0.23266 25.38936 0.35340 0.03155 0.37347 0.24158 1496.361
3.760 0.64139 39.53796 0.23238 25.35913 0.35355 0.03143 0.37382 0.24120 1496.041
3.765 0.64138 39.49116 0.23211 25.32897 0.35370 0.03131 0.37417 0.24082 1495.722
3.770 0.64138 39.44445 0.23183 25.29889 0.35384 0.03120 0.37452 0.24044 1495.404
3.775 0.64138 39.39783 0.23156 25.26887 0.35399 0.03108 0.37488 0.24006 1495.085
3.780 0.64137 39.35131 0.23128 25.23893 0.35413 0.03096 0.37523 0.23967 1494.768
3.785 0.64137 39.30488 0.23101 25.20906 0.35428 0.03085 0.37558 0.23929 1494.450
3.790 0.64137 39.25855 0.23073 25.17926 0.35442 0.03073 0.37593 0.23891 1494.133
3.795 0.64137 39.21231 0.23046 25.14953 0.35457 0.03062 0.37628 0.23853 1493.816
3.800 0.64137 39.16616 0.23019 25.11988 0.35471 0.03050 0.37663 0.23815 1493.500
3.805 0.64137 39.12011 0.22992 25.09029 0.35485 0.03039 0.37698 0.23777 1493.184
3.810 0.64136 39.07415 0.22965 25.06077 0.35500 0.03028 0.37734 0.23739 1492.868
3.815 0.64136 39.02828 0.22938 25.03133 0.35514 0.03016 0.37769 0.23701 1492.553
3.820 0.64136 38.98251 0.22911 25.00195 0.35528 0.03005 0.37804 0.23663 1492.238
3.825 0.64136 38.93683 0.22884 24.97264 0.35542 0.02994 0.37839 0.23626 1491.923
3.830 0.64136 38.89124 0.22857 24.94341 0.35556 0.02983 0.37874 0.23588 1491.609
3.835 0.64136 38.84575 0.22831 24.91424 0.35570 0.02971 0.37909 0.23550 1491.295
3.840 0.64136 38.80034 0.22804 24.88514 0.35584 0.02960 0.37943 0.23512 1490.982
3.845 0.64136 38.75503 0.22777 24.85611 0.35598 0.02949 0.37978 0.23474 1490.669
3.850 0.64137 38.70980 0.22751 24.82715 0.35612 0.02938 0.38013 0.23437 1490.356
3.855 0.64137 38.66467 0.22724 24.79826 0.35626 0.02927 0.38048 0.23399 1490.044
3.860 0.64137 38.61963 0.22698 24.76943 0.35640 0.02916 0.38083 0.23361 1489.732
3.865 0.64137 38.57468 0.22672 24.74068 0.35654 0.02905 0.38118 0.23323 1489.420
3.870 0.64137 38.52983 0.22645 24.71199 0.35667 0.02894 0.38153 0.23286 1489.109
3.875 0.64138 38.48506 0.22619 24.68336 0.35681 0.02883 0.38187 0.23248 1488.798
3.880 0.64138 38.44038 0.22593 24.65481 0.35695 0.02872 0.38222 0.23211 1488.487
3.885 0.64138 38.39579 0.22567 24.62632 0.35708 0.02862 0.38257 0.23173 1488.177
3.890 0.64138 38.35129 0.22541 24.59790 0.35722 0.02851 0.38292 0.23136 1487.867
3.895 0.64139 38.30688 0.22515 24.56955 0.35735 0.02840 0.38326 0.23098 1487.558
3.900 0.64139 38.26256 0.22489 24.54126 0.35749 0.02829 0.38361 0.23061 1487.249
3.905 0.64139 38.21833 0.22463 24.51304 0.35762 0.02819 0.38396 0.23023 1486.940
3.910 0.64140 38.17418 0.22437 24.48489 0.35776 0.02808 0.38430 0.22986 1486.632
3.915 0.64140 38.13013 0.22411 24.45680 0.35789 0.02798 0.38465 0.22948 1486.324
3.920 0.64141 38.08616 0.22386 24.42878 0.35802 0.02787 0.38500 0.22911 1486.016
3.925 0.64141 38.04228 0.22360 24.40082 0.35816 0.02777 0.38534 0.22874 1485.709
3.930 0.64142 37.99849 0.22335 24.37292 0.35829 0.02766 0.38569 0.22837 1485.402
3.935 0.64142 37.95479 0.22309 24.34510 0.35842 0.02756 0.38603 0.22799 1485.095
3.940 0.64143 37.91117 0.22284 24.31733 0.35855 0.02745 0.38638 0.22762 1484.789
3.945 0.64144 37.86764 0.22258 24.28964 0.35868 0.02735 0.38672 0.22725 1484.483
3.950 0.64144 37.82420 0.22233 24.26200 0.35881 0.02724 0.38707 0.22688 1484.178
3.955 0.64145 37.78085 0.22208 24.23443 0.35894 0.02714 0.38741 0.22651 1483.873
3.960 0.64145 37.73758 0.22182 24.20693 0.35907 0.02704 0.38776 0.22613 1483.568
3.965 0.64146 37.69439 0.22157 24.17949 0.35920 0.02694 0.38810 0.22576 1483.263
3.970 0.64147 37.65130 0.22132 24.15211 0.35933 0.02683 0.38844 0.22539 1482.959
3.975 0.64148 37.60829 0.22107 24.12479 0.35946 0.02673 0.38879 0.22502 1482.656
3.980 0.64148 37.56536 0.22082 24.09754 0.35958 0.02663 0.38913 0.22465 1482.352
3.985 0.64149 37.52252 0.22057 24.07035 0.35971 0.02653 0.38947 0.22428 1482.049
3.990 0.64150 37.47977 0.22032 24.04323 0.35984 0.02643 0.38982 0.22391 1481.747
3.995 0.64151 37.43710 0.22008 24.01617 0.35997 0.02633 0.39016 0.22355 1481.444
4.000 0.64152 37.39451 0.21983 23.98917 0.36009 0.02623 0.39050 0.22318 1481.142
4.005 0.64152 37.35201 0.21958 23.96223 0.36022 0.02613 0.39084 0.22281 1480.841
4.010 0.64153 37.30960 0.21934 23.93535 0.36034 0.02603 0.39119 0.22244 1480.539
4.015 0.64154 37.26727 0.21909 23.90854 0.36047 0.02593 0.39153 0.22207 1480.239
4.020 0.64155 37.22502 0.21885 23.88179 0.36059 0.02583 0.39187 0.22171 1479.938
4.025 0.64156 37.18286 0.21860 23.85509 0.36071 0.02574 0.39221 0.22134 1479.638
4.030 0.64157 37.14078 0.21836 23.82847 0.36084 0.02564 0.39255 0.22097 1479.338
4.035 0.64158 37.09878 0.21811 23.80190 0.36096 0.02554 0.39289 0.22061 1479.038
4.040 0.64159 37.05686 0.21787 23.77539 0.36108 0.02544 0.39323 0.22024 1478.739
4.045 0.64160 37.01503 0.21763 23.74894 0.36121 0.02535 0.39357 0.21987 1478.440
4.050 0.64161 36.97328 0.21739 23.72256 0.36133 0.02525 0.39391 0.21951 1478.142
4.055 0.64162 36.93162 0.21714 23.69623 0.36145 0.02515 0.39425 0.21914 1477.844
4.060 0.64164 36.89004 0.21690 23.66996 0.36157 0.02506 0.39459 0.21878 1477.546
4.065 0.64165 36.84853 0.21666 23.64376 0.36169 0.02496 0.39493 0.21841 1477.249
4.070 0.64166 36.80711 0.21642 23.61761 0.36181 0.02487 0.39527 0.21805 1476.951
4.075 0.64167 36.76578 0.21619 23.59153 0.36193 0.02477 0.39561 0.21769 1476.655
4.080 0.64168 36.72452 0.21595 23.56550 0.36205 0.02468 0.39595 0.21732 1476.358
4.085 0.64170 36.68335 0.21571 23.53953 0.36217 0.02458 0.39629 0.21696 1476.062
4.090 0.64171 36.64225 0.21547 23.51362 0.36228 0.02449 0.39663 0.21660 1475.766
4.095 0.64172 36.60124 0.21523 23.48777 0.36240 0.02440 0.39697 0.21623 1475.471
4.100 0.64173 36.56031 0.21500 23.46198 0.36252 0.02430 0.39730 0.21587 1475.176
4.105 0.64175 36.51945 0.21476 23.43625 0.36264 0.02421 0.39764 0.21551 1474.881
4.110 0.64176 36.47868 0.21453 23.41057 0.36275 0.02412 0.39798 0.21515 1474.587
4.115 0.64177 36.43799 0.21429 23.38496 0.36287 0.02403 0.39832 0.21479 1474.293
4.120 0.64179 36.39738 0.21406 23.35940 0.36298 0.02393 0.39865 0.21443 1473.999
4.125 0.64180 36.35685 0.21382 23.33390 0.36310 0.02384 0.39899 0.21407 1473.706
4.130 0.64182 36.31640 0.21359 23.30846 0.36321 0.02375 0.39933 0.21371 1473.413
4.135 0.64183 36.27602 0.21336 23.28307 0.36333 0.02366 0.39966 0.21335 1473.120
4.140 0.64185 36.23573 0.21313 23.25774 0.36344 0.02357 0.40000 0.21299 1472.828
4.145 0.64186 36.19551 0.21290 23.23247 0.36356 0.02348 0.40034 0.21263 1472.536
4.150 0.64188 36.15538 0.21266 23.20726 0.36367 0.02339 0.40067 0.21227 1472.244
4.155 0.64189 36.11532 0.21243 23.18210 0.36378 0.02330 0.40101 0.21191 1471.953
4.160 0.64191 36.07534 0.21220 23.15700 0.36389 0.02321 0.40134 0.21155 1471.662
4.165 0.64192 36.03544 0.21197 23.13195 0.36401 0.02312 0.40168 0.21119 1471.371
4.170 0.64194 35.99561 0.21174 23.10697 0.36412 0.02303 0.40201 0.21084 1471.081
4.175 0.64195 35.95587 0.21152 23.08203 0.36423 0.02294 0.40235 0.21048 1470.791
4.180 0.64197 35.91620 0.21129 23.05716 0.36434 0.02286 0.40268 0.21012 1470.501
4.185 0.64199 35.87661 0.21106 23.03234 0.36445 0.02277 0.40302 0.20977 1470.212
4.190 0.64200 35.83710 0.21083 23.00757 0.36456 0.02268 0.40335 0.20941 1469.923
4.195 0.64202 35.79766 0.21061 22.98286 0.36467 0.02259 0.40368 0.20905 1469.634
4.200 0.64204 35.75830 0.21038 22.95821 0.36478 0.02251 0.40402 0.20870 1469.346
4.205 0.64206 35.71902 0.21016 22.93361 0.36488 0.02242 0.40435 0.20834 1469.058
4.210 0.64207 35.67981 0.20993 22.90906 0.36499 0.02233 0.40468 0.20799 1468.770
4.215 0.64209 35.64068 0.20971 22.88457 0.36510 0.02225 0.40502 0.20763 1468.483
4.220 0.64211 35.60162 0.20948 22.86014 0.36521 0.02216 0.40535 0.20728 1468.196
4.225 0.64213 35.56264 0.20926 22.83576 0.36531 0.02208 0.40568 0.20693 1467.909
4.230 0.64215 35.52374 0.20904 22.81143 0.36542 0.02199 0.40601 0.20657 1467.623
4.235 0.64216 35.48491 0.20881 22.78716 0.36553 0.02191 0.40635 0.20622 1467.337
4.240 0.64218 35.44616 0.20859 22.76294 0.36563 0.02182 0.40668 0.20587 1467.051
4.245 0.64220 35.40748 0.20837 22.73877 0.36574 0.02174 0.40701 0.20552 1466.766
4.250 0.64222 35.36888 0.20815 22.71466 0.36584 0.02166 0.40734 0.20516 1466.481
4.255 0.64224 35.33035 0.20793 22.69060 0.36595 0.02157 0.40767 0.20481 1466.196
4.260 0.64226 35.29190 0.20771 22.66660 0.36605 0.02149 0.40800 0.20446 1465.912
4.265 0.64228 35.25352 0.20749 22.64265 0.36615 0.02141 0.40833 0.20411 1465.627
4.270 0.64230 35.21522 0.20727 22.61875 0.36626 0.02132 0.40866 0.20376 1465.344
4.275 0.64232 35.17699 0.20705 22.59490 0.36636 0.02124 0.40899 0.20341 1465.060
4.280 0.64234 35.13883 0.20683 22.57111 0.36646 0.02116 0.40932 0.20306 1464.777
4.285 0.64236 35.10075 0.20662 22.54737 0.36656 0.02108 0.40965 0.20271 1464.494
4.290 0.64238 35.06274 0.20640 22.52368 0.36666 0.02100 0.40998 0.20236 1464.212
4.295 0.64240 35.02480 0.20618 22.50004 0.36676 0.02091 0.41031 0.20201 1463.930
4.300 0.64242 34.98694 0.20597 22.47645 0.36686 0.02083 0.41064 0.20166 1463.648
4.305 0.64245 34.94915 0.20575 22.45292 0.36696 0.02075 0.41097 0.20132 1463.367
4.310 0.64247 34.91143 0.20554 22.42944 0.36706 0.02067 0.41130 0.20097 1463.085
4.315 0.64249 34.87379 0.20532 22.40601 0.36716 0.02059 0.41162 0.20062 1462.805
4.320 0.64251 34.83622 0.20511 22.38263 0.36726 0.02051 0.41195 0.20027 1462.524
4.325 0.64253 34.79871 0.20489 22.35930 0.36736 0.02043 0.41228 0.19993 1462.244
4.330 0.64255 34.76129 0.20468 22.33603 0.36746 0.02035 0.41261 0.19958 1461.964
4.335 0.64258 34.72393 0.20447 22.31280 0.36756 0.02027 0.41293 0.19923 1461.684
4.340 0.64260 34.68665 0.20426 22.28962 0.36765 0.02020 0.41326 0.19889 1461.405
4.345 0.64262 34.64943 0.20404 22.26650 0.36775 0.02012 0.41359 0.19854 1461.126
4.350 0.64265 34.61229 0.20383 22.24343 0.36785 0.02004 0.41392 0.19820 1460.848
4.355 0.64267 34.57522 0.20362 22.22040 0.36794 0.01996 0.41424 0.19785 1460.569
4.360 0.64269 34.53822 0.20341 22.19743 0.36804 0.01988 0.41457 0.19751 1460.291
4.365 0.64272 34.50129 0.20320 22.17450 0.36813 0.01981 0.41489 0.19717 1460.014
4.370 0.64274 34.46443 0.20299 22.15163 0.36823 0.01973 0.41522 0.19682 1459.736
4.375 0.64276 34.42765 0.20278 22.12880 0.36832 0.01965 0.41554 0.19648 1459.459
4.380 0.64279 34.39093 0.20257 22.10603 0.36841 0.01958 0.41587 0.19614 1459.182
4.385 0.64281 34.35428 0.20236 22.08330 0.36851 0.01950 0.41619 0.19580 1458.906
4.390 0.64284 34.31770 0.20216 22.06063 0.36860 0.01943 0.41652 0.19545 1458.630
4.395 0.64286 34.28120 0.20195 22.03800 0.36869 0.01935 0.41684 0.19511 1458.354
4.400 0.64288 34.24476 0.20174 22.01542 0.36879 0.01927 0.41717 0.19477 1458.079
4.405 0.64291 34.20839 0.20154 21.99289 0.36888 0.01920 0.41749 0.19443 1457.804
4.410 0.64293 34.17209 0.20133 21.97041 0.36897 0.01912 0.41782 0.19409 1457.529
4.415 0.64296 34.13586 0.20112 21.94798 0.36906 0.01905 0.41814 0.19375 1457.254
4.420 0.64298 34.09970 0.20092 21.92559 0.36915 0.01898 0.41846 0.19341 1456.980
4.425 0.64301 34.06361 0.20071 21.90326 0.36924 0.01890 0.41879 0.19307 1456.706
4.430 0.64304 34.02758 0.20051 21.88097 0.36933 0.01883 0.41911 0.19273 1456.432
4.435 0.64306 33.99163 0.20031 21.85873 0.36942 0.01875 0.41943 0.19239 1456.159
4.440 0.64309 33.95574 0.20010 21.83653 0.36951 0.01868 0.41975 0.19206 1455.886
4.445 0.64311 33.91992 0.19990 21.81439 0.36960 0.01861 0.42008 0.19172 1455.613
4.450 0.64314 33.88417 0.19970 21.79229 0.36969 0.01854 0.42040 0.19138 1455.341
4.455 0.64317 33.84848 0.19950 21.77024 0.36977 0.01846 0.42072 0.19104 1455.069
4.460 0.64319 33.81287 0.19929 21.74824 0.36986 0.01839 0.42104 0.19071 1454.797
4.465 0.64322 33.77732 0.19909 21.72628 0.36995 0.01832 0.42136 0.19037 1454.526
4.470 0.64325 33.74184 0.19889 21.70437 0.37003 0.01825 0.42168 0.19003 1454.255
4.475 0.64328 33.70642 0.19869 21.68251 0.37012 0.01818 0.42200 0.18970 1453.984
4.480 0.64330 33.67108 0.19849 21.66069 0.37021 0.01811 0.42232 0.18936 1453.713
4.485 0.64333 33.63580 0.19829 21.63893 0.37029 0.01803 0.42264 0.18903 1453.443
4.490 0.64336 33.60058 0.19809 21.61720 0.37038 0.01796 0.42296 0.18869 1453.173
4.495 0.64339 33.56544 0.19789 21.59553 0.37046 0.01789 0.42328 0.18836 1452.903
4.500 0.64341 33.53035 0.19770 21.57389 0.37055 0.01782 0.42360 0.18803 1452.634
4.505 0.64344 33.49534 0.19750 21.55231 0.37063 0.01775 0.42392 0.18769 1452.365
4.510 0.64347 33.46039 0.19730 21.53077 0.37071 0.01768 0.42424 0.18736 1452.096
4.515 0.64350 33.42551 0.19710 21.50928 0.37080 0.01762 0.42456 0.18703 1451.828
4.520 0.64353 33.39069 0.19691 21.48783 0.37088 0.01755 0.42488 0.18670 1451.560
4.525 0.64356 33.35594 0.19671 21.46643 0.37096 0.01748 0.42520 0.18636 1451.292
4.530 0.64359 33.32125 0.19652 21.44507 0.37104 0.01741 0.42552 0.18603 1451.024
4.535 0.64361 33.28663 0.19632 21.42376 0.37112 0.01734 0.42583 0.18570 1450.757
4.540 0.64364 33.25207 0.19613 21.40249 0.37120 0.01727 0.42615 0.18537 1450.490
4.545 0.64367 33.21758 0.19593 21.38127 0.37128 0.01720 0.42647 0.18504 1450.224
4.550 0.64370 33.18315 0.19574 21.36009 0.37136 0.01714 0.42679 0.18471 1449.957
4.555 0.64373 33.14879 0.19554 21.33896 0.37144 0.01707 0.42710 0.18438 1449.691
4.560 0.64376 33.11449 0.19535 21.31787 0.37152 0.01700 0.42742 0.18405 1449.426
4.565 0.64379 33.08026 0.19516 21.29682 0.37160 0.01694 0.42774 0.18372 1449.160
4.570 0.64382 33.04609 0.19496 21.27582 0.37168 0.01687 0.42805 0.18340 1448.895
4.575 0.64385 33.01198 0.19477 21.25487 0.37176 0.01680 0.42837 0.18307 1448.630
4.580 0.64388 32.97794 0.19458 21.23396 0.37184 0.01674 0.42868 0.18274 1448.366
4.585 0.64391 32.94396 0.19439 21.21309 0.37192 0.01667 0.42900 0.18241 1448.101
4.590 0.64395 32.91005 0.19420 21.19226 0.37199 0.01661 0.42932 0.18209 1447.837
4.595 0.64398 32.87620 0.19401 21.17148 0.37207 0.01654 0.42963 0.18176 1447.574
4.600 0.64401 32.84241 0.19382 21.15074 0.37215 0.01648 0.42995 0.18143 1447.310
4.605 0.64404 32.80868 0.19363 21.13005 0.37222 0.01641 0.43026 0.18111 1447.047
