timeGa Urey Qt heat/H0 heatTW 1HPE 2HPE 3HPE 4HPE TempC
0.000 0.08000 36.00000 1.00000 2.88000 0.37200 0.01640 0.43000 0.18100 1351.850
0.005 0.08003 36.00000 1.00038 2.88109 0.37215 0.01647 0.42994 0.18143 1352.596
0.010 0.07990 36.09331 1.00136 2.88392 0.37207 0.01654 0.42963 0.18176 1353.344
0.015 0.07977 36.18704 1.00234 2.88675 0.37199 0.01661 0.42931 0.18209 1354.094
0.020 0.07964 36.28120 1.00333 2.88958 0.37192 0.01667 0.42900 0.18241 1354.846
0.025 0.07952 36.37578 1.00431 2.89243 0.37184 0.01674 0.42868 0.18274 1355.601
0.030 0.07939 36.47078 1.00530 2.89527 0.37176 0.01680 0.42837 0.18307 1356.357
0.035 0.07926 36.56622 1.00629 2.89813 0.37168 0.01687 0.42805 0.18340 1357.115
0.040 0.07913 36.66210 1.00729 2.90099 0.37161 0.01694 0.42773 0.18372 1357.876
0.045 0.07900 36.75841 1.00828 2.90386 0.37153 0.01700 0.42742 0.18405 1358.638
0.050 0.07887 36.85516 1.00928 2.90673 0.37145 0.01707 0.42710 0.18438 1359.403
0.055 0.07874 36.95236 1.01028 2.90961 0.37137 0.01714 0.42678 0.18471 1360.170
0.060 0.07861 37.05000 1.01128 2.91249 0.37129 0.01720 0.42647 0.18504 1360.939
0.065 0.07848 37.14808 1.01229 2.91538 0.37121 0.01727 0.42615 0.18537 1361.710
0.070 0.07835 37.24662 1.01329 2.91828 0.37113 0.01734 0.42583 0.18570 1362.483
0.075 0.07822 37.34562 1.01430 2.92118 0.37104 0.01741 0.42551 0.18603 1363.259
0.080 0.07809 37.44507 1.01531 2.92409 0.37096 0.01748 0.42520 0.18636 1364.036
0.085 0.07796 37.54498 1.01632 2.92701 0.37088 0.01755 0.42488 0.18670 1364.816
0.090 0.07783 37.64535 1.01734 2.92993 0.37080 0.01761 0.42456 0.18703 1365.598
0.095 0.07770 37.74619 1.01835 2.93286 0.37071 0.01768 0.42424 0.18736 1366.382
0.100 0.07757 37.84750 1.01937 2.93579 0.37063 0.01775 0.42392 0.18769 1367.169
0.105 0.07744 37.94928 1.02039 2.93873 0.37055 0.01782 0.42360 0.18803 1367.957
0.110 0.07731 38.05153 1.02142 2.94168 0.37046 0.01789 0.42328 0.18836 1368.748
0.115 0.07718 38.15427 1.02244 2.94463 0.37038 0.01796 0.42296 0.18869 1369.541
0.120 0.07705 38.25748 1.02347 2.94759 0.37029 0.01803 0.42264 0.18903 1370.337
0.125 0.07692 38.36118 1.02450 2.95055 0.37021 0.01811 0.42232 0.18936 1371.134
0.130 0.07678 38.46537 1.02553 2.95353 0.37012 0.01818 0.42200 0.18970 1371.934
0.135 0.07665 38.57005 1.02656 2.95650 0.37004 0.01825 0.42168 0.19003 1372.737
0.140 0.07652 38.67522 1.02760 2.95949 0.36995 0.01832 0.42136 0.19037 1373.541
0.145 0.07639 38.78089 1.02864 2.96248 0.36986 0.01839 0.42104 0.19071 1374.348
0.150 0.07626 38.88706 1.02968 2.96548 0.36978 0.01846 0.42072 0.19104 1375.157
0.155 0.07613 38.99374 1.03072 2.96848 0.36969 0.01854 0.42040 0.19138 1375.969
0.160 0.07600 39.10092 1.03177 2.97149 0.36960 0.01861 0.42007 0.19172 1376.782
0.165 0.07586 39.20862 1.03281 2.97451 0.36951 0.01868 0.41975 0.19206 1377.599
0.170 0.07573 39.31683 1.03386 2.97753 0.36942 0.01875 0.41943 0.19239 1378.417
0.175 0.07560 39.42555 1.03492 2.98056 0.36933 0.01883 0.41911 0.19273 1379.238
0.180 0.07547 39.53480 1.03597 2.98360 0.36924 0.01890 0.41878 0.19307 1380.061
0.185 0.07534 39.64457 1.03703 2.98664 0.36915 0.01898 0.41846 0.19341 1380.887
0.190 0.07520 39.75487 1.03809 2.98969 0.36906 0.01905 0.41814 0.19375 1381.715
0.195 0.07507 39.86571 1.03915 2.99274 0.36897 0.01912 0.41781 0.19409 1382.546
0.200 0.07494 39.97708 1.04021 2.99581 0.36888 0.01920 0.41749 0.19443 1383.379
0.205 0.07481 40.08898 1.04128 2.99887 0.36879 0.01927 0.41717 0.19477 1384.214
0.210 0.07467 40.20143 1.04234 3.00195 0.36870 0.01935 0.41684 0.19511 1385.052
0.215 0.07454 40.31443 1.04341 3.00503 0.36860 0.01942 0.41652 0.19545 1385.893
0.220 0.07441 40.42798 1.04449 3.00812 0.36851 0.01950 0.41619 0.19580 1386.736
0.225 0.07427 40.54208 1.04556 3.01122 0.36842 0.01958 0.41587 0.19614 1387.581
0.230 0.07414 40.65674 1.04664 3.01432 0.36832 0.01965 0.41554 0.19648 1388.429
0.235 0.07401 40.77196 1.04772 3.01743 0.36823 0.01973 0.41522 0.19682 1389.280
0.240 0.07387 40.88774 1.04880 3.02054 0.36813 0.01981 0.41489 0.19717 1390.133
0.245 0.07374 41.00410 1.04988 3.02367 0.36804 0.01988 0.41457 0.19751 1390.988
0.250 0.07361 41.12102 1.05097 3.02680 0.36794 0.01996 0.41424 0.19785 1391.846
0.255 0.07347 41.23853 1.05206 3.02993 0.36785 0.02004 0.41391 0.19820 1392.707
0.260 0.07334 41.35662 1.05315 3.03308 0.36775 0.02012 0.41359 0.19854 1393.570
0.265 0.07321 41.47529 1.05424 3.03623 0.36765 0.02020 0.41326 0.19889 1394.436
0.270 0.07307 41.59455 1.05534 3.03938 0.36756 0.02027 0.41293 0.19923 1395.304
0.275 0.07294 41.71440 1.05644 3.04255 0.36746 0.02035 0.41261 0.19958 1396.176
0.280 0.07280 41.83485 1.05754 3.04572 0.36736 0.02043 0.41228 0.19993 1397.049
0.285 0.07267 41.95591 1.05864 3.04889 0.36726 0.02051 0.41195 0.20027 1397.926
0.290 0.07253 42.07757 1.05975 3.05208 0.36716 0.02059 0.41162 0.20062 1398.805
0.295 0.07240 42.19984 1.06086 3.05527 0.36707 0.02067 0.41129 0.20097 1399.687
0.300 0.07227 42.32272 1.06197 3.05847 0.36697 0.02075 0.41097 0.20132 1400.571
0.305 0.07213 42.44622 1.06308 3.06167 0.36687 0.02083 0.41064 0.20166 1401.458
0.310 0.07200 42.57035 1.06420 3.06489 0.36677 0.02091 0.41031 0.20201 1402.348
0.315 0.07186 42.69510 1.06532 3.06811 0.36666 0.02100 0.40998 0.20236 1403.241
0.320 0.07173 42.82049 1.06644 3.07133 0.36656 0.02108 0.40965 0.20271 1404.136
0.325 0.07159 42.94651 1.06756 3.07457 0.36646 0.02116 0.40932 0.20306 1405.034
0.330 0.07146 43.07317 1.06868 3.07781 0.36636 0.02124 0.40899 0.20341 1405.935
0.335 0.07132 43.20048 1.06981 3.08106 0.36626 0.02132 0.40866 0.20376 1406.839
0.340 0.07118 43.32844 1.07094 3.08431 0.36615 0.02141 0.40833 0.20411 1407.745
0.345 0.07105 43.45705 1.07207 3.08758 0.36605 0.02149 0.40800 0.20446 1408.655
0.350 0.07091 43.58633 1.07321 3.09085 0.36595 0.02157 0.40767 0.20481 1409.567
0.355 0.07078 43.71626 1.07435 3.09412 0.36584 0.02166 0.40734 0.20516 1410.482
0.360 0.07064 43.84687 1.07549 3.09741 0.36574 0.02174 0.40701 0.20552 1411.400
0.365 0.07051 43.97815 1.07663 3.10070 0.36563 0.02182 0.40668 0.20587 1412.321
0.370 0.07037 44.11011 1.07778 3.10400 0.36553 0.02191 0.40634 0.20622 1413.244
0.375 0.07023 44.24275 1.07893 3.10730 0.36542 0.02199 0.40601 0.20657 1414.171
0.380 0.07010 44.37608 1.08008 3.11062 0.36532 0.02208 0.40568 0.20693 1415.101
0.385 0.06996 44.51010 1.08123 3.11394 0.36521 0.02216 0.40535 0.20728 1416.033
0.390 0.06982 44.64483 1.08238 3.11727 0.36510 0.02225 0.40501 0.20763 1416.968
0.395 0.06969 44.78025 1.08354 3.12060 0.36499 0.02233 0.40468 0.20799 1417.907
0.400 0.06955 44.91639 1.08470 3.12395 0.36489 0.02242 0.40435 0.20834 1418.848
0.405 0.06941 45.05324 1.08587 3.12730 0.36478 0.02251 0.40402 0.20870 1419.793
0.410 0.06928 45.19081 1.08703 3.13066 0.36467 0.02259 0.40368 0.20905 1420.740
0.415 0.06914 45.32910 1.08820 3.13402 0.36456 0.02268 0.40335 0.20941 1421.691
0.420 0.06900 45.46813 1.08937 3.13740 0.36445 0.02277 0.40301 0.20977 1422.644
0.425 0.06886 45.60789 1.09055 3.14078 0.36434 0.02286 0.40268 0.21012 1423.601
0.430 0.06873 45.74839 1.09172 3.14417 0.36423 0.02294 0.40235 0.21048 1424.560
0.435 0.06859 45.88963 1.09290 3.14756 0.36412 0.02303 0.40201 0.21084 1425.523
0.440 0.06845 46.03163 1.09409 3.15097 0.36401 0.02312 0.40168 0.21119 1426.489
0.445 0.06831 46.17439 1.09527 3.15438 0.36390 0.02321 0.40134 0.21155 1427.458
0.450 0.06818 46.31790 1.09646 3.15780 0.36378 0.02330 0.40101 0.21191 1428.430
0.455 0.06804 46.46219 1.09765 3.16122 0.36367 0.02339 0.40067 0.21227 1429.406
0.460 0.06790 46.60725 1.09884 3.16466 0.36356 0.02348 0.40033 0.21263 1430.384
0.465 0.06776 46.75310 1.10003 3.16810 0.36344 0.02357 0.40000 0.21299 1431.366
0.470 0.06762 46.89972 1.10123 3.17155 0.36333 0.02366 0.39966 0.21335 1432.351
0.475 0.06749 47.04715 1.10243 3.17501 0.36322 0.02375 0.39933 0.21371 1433.339
0.480 0.06735 47.19536 1.10364 3.17847 0.36310 0.02384 0.39899 0.21407 1434.331
0.485 0.06721 47.34439 1.10484 3.18195 0.36299 0.02393 0.39865 0.21443 1435.326
0.490 0.06707 47.49422 1.10605 3.18543 0.36287 0.02403 0.39832 0.21479 1436.324
0.495 0.06693 47.64487 1.10726 3.18892 0.36275 0.02412 0.39798 0.21515 1437.325
0.500 0.06679 47.79634 1.10848 3.19241 0.36264 0.02421 0.39764 0.21551 1438.330
0.505 0.06665 47.94864 1.10969 3.19592 0.36252 0.02430 0.39730 0.21587 1439.338
0.510 0.06651 48.10178 1.11091 3.19943 0.36240 0.02440 0.39696 0.21623 1440.349
0.515 0.06637 48.25576 1.11214 3.20295 0.36229 0.02449 0.39663 0.21660 1441.364
0.520 0.06624 48.41059 1.11336 3.20648 0.36217 0.02458 0.39629 0.21696 1442.383
0.525 0.06610 48.56627 1.11459 3.21002 0.36205 0.02468 0.39595 0.21732 1443.404
0.530 0.06596 48.72281 1.11582 3.21357 0.36193 0.02477 0.39561 0.21769 1444.429
0.535 0.06582 48.88022 1.11706 3.21712 0.36181 0.02487 0.39527 0.21805 1445.458
0.540 0.06568 49.03851 1.11829 3.22068 0.36169 0.02496 0.39493 0.21841 1446.490
0.545 0.06554 49.19767 1.11953 3.22425 0.36157 0.02506 0.39459 0.21878 1447.526
0.550 0.06540 49.35773 1.12077 3.22783 0.36145 0.02515 0.39425 0.21914 1448.565
0.555 0.06526 49.51868 1.12202 3.23141 0.36133 0.02525 0.39391 0.21951 1449.607
0.560 0.06512 49.68053 1.12327 3.23501 0.36121 0.02535 0.39357 0.21987 1450.654
0.565 0.06498 49.84330 1.12452 3.23861 0.36109 0.02544 0.39323 0.22024 1451.703
0.570 0.06484 50.00697 1.12577 3.24222 0.36096 0.02554 0.39289 0.22061 1452.757
0.575 0.06469 50.17158 1.12703 3.24584 0.36084 0.02564 0.39255 0.22097 1453.814
0.580 0.06455 50.33711 1.12829 3.24947 0.36072 0.02574 0.39221 0.22134 1454.875
0.585 0.06441 50.50358 1.12955 3.25310 0.36059 0.02583 0.39187 0.22171 1455.939
0.590 0.06427 50.67100 1.13082 3.25675 0.36047 0.02593 0.39153 0.22207 1457.007
0.595 0.06413 50.83937 1.13208 3.26040 0.36034 0.02603 0.39118 0.22244 1458.079
0.600 0.06399 51.00870 1.13335 3.26406 0.36022 0.02613 0.39084 0.22281 1459.154
0.605 0.06385 51.17900 1.13463 3.26773 0.36009 0.02623 0.39050 0.22318 1460.233
0.610 0.06371 51.35028 1.13591 3.27141 0.35997 0.02633 0.39016 0.22355 1461.316
0.615 0.06357 51.52254 1.13719 3.27510 0.35984 0.02643 0.38981 0.22391 1462.403
0.620 0.06342 51.69579 1.13847 3.27879 0.35971 0.02653 0.38947 0.22428 1463.494
0.625 0.06328 51.87005 1.13976 3.28249 0.35959 0.02663 0.38913 0.22465 1464.588
0.630 0.06314 52.04531 1.14104 3.28621 0.35946 0.02673 0.38879 0.22502 1465.687
0.635 0.06300 52.22158 1.14234 3.28993 0.35933 0.02683 0.38844 0.22539 1466.789
0.640 0.06286 52.39888 1.14363 3.29366 0.35920 0.02694 0.38810 0.22576 1467.895
0.645 0.06272 52.57722 1.14493 3.29739 0.35907 0.02704 0.38775 0.22613 1469.005
0.650 0.06257 52.75659 1.14623 3.30114 0.35894 0.02714 0.38741 0.22651 1470.119
0.655 0.06243 52.93702 1.14753 3.30490 0.35881 0.02724 0.38707 0.22688 1471.237
0.660 0.06229 53.11850 1.14884 3.30866 0.35868 0.02735 0.38672 0.22725 1472.359
0.665 0.06215 53.30105 1.15015 3.31243 0.35855 0.02745 0.38638 0.22762 1473.485
0.670 0.06200 53.48468 1.15146 3.31622 0.35842 0.02756 0.38603 0.22799 1474.615
0.675 0.06186 53.66939 1.15278 3.32001 0.35829 0.02766 0.38569 0.22837 1475.749
0.680 0.06172 53.85519 1.15410 3.32381 0.35816 0.02776 0.38534 0.22874 1476.888
0.685 0.06157 54.04209 1.15542 3.32761 0.35803 0.02787 0.38499 0.22911 1478.030
0.690 0.06143 54.23011 1.15675 3.33143 0.35789 0.02798 0.38465 0.22948 1479.177
0.695 0.06129 54.41925 1.15808 3.33526 0.35776 0.02808 0.38430 0.22986 1480.327
0.700 0.06114 54.60952 1.15941 3.33909 0.35763 0.02819 0.38396 0.23023 1481.482
0.705 0.06100 54.80092 1.16074 3.34294 0.35749 0.02829 0.38361 0.23061 1482.641
0.710 0.06086 54.99348 1.16208 3.34679 0.35736 0.02840 0.38326 0.23098 1483.805
0.715 0.06071 55.18719 1.16342 3.35065 0.35722 0.02851 0.38292 0.23136 1484.972
0.720 0.06057 55.38208 1.16477 3.35452 0.35709 0.02862 0.38257 0.23173 1486.144
0.725 0.06043 55.57814 1.16611 3.35840 0.35695 0.02872 0.38222 0.23211 1487.321
0.730 0.06028 55.77539 1.16746 3.36229 0.35681 0.02883 0.38187 0.23248 1488.501
0.735 0.06014 55.97384 1.16882 3.36619 0.35668 0.02894 0.38152 0.23286 1489.686
0.740 0.05999 56.17349 1.17017 3.37010 0.35654 0.02905 0.38118 0.23323 1490.876
0.745 0.05985 56.37437 1.17153 3.37402 0.35640 0.02916 0.38083 0.23361 1492.069
0.750 0.05971 56.57647 1.17290 3.37794 0.35626 0.02927 0.38048 0.23399 1493.268
0.755 0.05956 56.77981 1.17426 3.38188 0.35612 0.02938 0.38013 0.23437 1494.471
0.760 0.05942 56.98441 1.17563 3.38582 0.35598 0.02949 0.37978 0.23474 1495.678
0.765 0.05927 57.19026 1.17701 3.38978 0.35584 0.02960 0.37943 0.23512 1496.890
0.770 0.05913 57.39738 1.17838 3.39374 0.35570 0.02971 0.37908 0.23550 1498.106
0.775 0.05898 57.60579 1.17976 3.39772 0.35556 0.02982 0.37873 0.23588 1499.327
0.780 0.05884 57.81549 1.18115 3.40170 0.35542 0.02994 0.37838 0.23626 1500.553
0.785 0.05869 58.02650 1.18253 3.40569 0.35528 0.03005 0.37803 0.23663 1501.784
0.790 0.05855 58.23882 1.18392 3.40969 0.35514 0.03016 0.37768 0.23701 1503.019
0.795 0.05840 58.45247 1.18531 3.41370 0.35500 0.03028 0.37733 0.23739 1504.258
0.800 0.05826 58.66746 1.18671 3.41772 0.35486 0.03039 0.37698 0.23777 1505.503
0.805 0.05811 58.88380 1.18811 3.42175 0.35471 0.03050 0.37663 0.23815 1506.752
0.810 0.05796 59.10150 1.18951 3.42579 0.35457 0.03062 0.37628 0.23853 1508.006
0.815 0.05782 59.32058 1.19092 3.42984 0.35442 0.03073 0.37593 0.23891 1509.265
0.820 0.05767 59.54104 1.19233 3.43390 0.35428 0.03085 0.37558 0.23929 1510.529
0.825 0.05753 59.76291 1.19374 3.43797 0.35413 0.03096 0.37523 0.23967 1511.798
0.830 0.05738 59.98618 1.19516 3.44205 0.35399 0.03108 0.37488 0.24006 1513.072
0.835 0.05723 60.21088 1.19658 3.44614 0.35384 0.03120 0.37452 0.24044 1514.350
0.840 0.05709 60.43701 1.19800 3.45024 0.35370 0.03131 0.37417 0.24082 1515.634
0.845 0.05694 60.66459 1.19942 3.45434 0.35355 0.03143 0.37382 0.24120 1516.923
0.850 0.05680 60.89364 1.20085 3.45846 0.35340 0.03155 0.37347 0.24158 1518.216
0.855 0.05665 61.12416 1.20229 3.46259 0.35326 0.03167 0.37311 0.24197 1519.515
0.860 0.05650 61.35617 1.20372 3.46673 0.35311 0.03178 0.37276 0.24235 1520.819
0.865 0.05635 61.58968 1.20516 3.47087 0.35296 0.03190 0.37241 0.24273 1522.128
0.870 0.05621 61.82471 1.20661 3.47503 0.35281 0.03202 0.37205 0.24311 1523.443
0.875 0.05606 62.06126 1.20806 3.47920 0.35266 0.03214 0.37170 0.24350 1524.762
0.880 0.05591 62.29936 1.20951 3.48338 0.35251 0.03226 0.37135 0.24388 1526.087
0.885 0.05577 62.53902 1.21096 3.48757 0.35236 0.03238 0.37099 0.24427 1527.418
0.890 0.05562 62.78024 1.21242 3.49176 0.35221 0.03250 0.37064 0.24465 1528.753
0.895 0.05547 63.02306 1.21388 3.49597 0.35206 0.03262 0.37028 0.24504 1530.094
0.900 0.05532 63.26747 1.21534 3.50019 0.35191 0.03275 0.36993 0.24542 1531.440
0.905 0.05518 63.51349 1.21681 3.50442 0.35175 0.03287 0.36957 0.24580 1532.792
0.910 0.05503 63.76115 1.21828 3.50866 0.35160 0.03299 0.36922 0.24619 1534.149
0.915 0.05488 64.01045 1.21976 3.51291 0.35145 0.03311 0.36886 0.24658 1535.512
0.920 0.05473 64.26141 1.22124 3.51716 0.35130 0.03324 0.36851 0.24696 1536.880
0.925 0.05458 64.51405 1.22272 3.52143 0.35114 0.03336 0.36815 0.24735 1538.254
0.930 0.05444 64.76837 1.22421 3.52571 0.35099 0.03348 0.36780 0.24773 1539.634
0.935 0.05429 65.02440 1.22570 3.53000 0.35083 0.03361 0.36744 0.24812 1541.019
0.940 0.05414 65.28216 1.22719 3.53431 0.35068 0.03373 0.36708 0.24851 1542.410
0.945 0.05399 65.54165 1.22869 3.53862 0.35052 0.03386 0.36673 0.24889 1543.806
0.950 0.05384 65.80290 1.23019 3.54294 0.35037 0.03398 0.36637 0.24928 1545.209
0.955 0.05369 66.06592 1.23169 3.54727 0.35021 0.03411 0.36601 0.24967 1546.617
0.960 0.05354 66.33073 1.23320 3.55161 0.35005 0.03424 0.36566 0.25006 1548.031
0.965 0.05340 66.59734 1.23471 3.55597 0.34989 0.03436 0.36530 0.25044 1549.451
0.970 0.05325 66.86577 1.23623 3.56033 0.34974 0.03449 0.36494 0.25083 1550.877
0.975 0.05310 67.13604 1.23775 3.56471 0.34958 0.03462 0.36458 0.25122 1552.309
0.980 0.05295 67.40817 1.23927 3.56909 0.34942 0.03475 0.36423 0.25161 1553.747
0.985 0.05280 67.68218 1.24079 3.57349 0.34926 0.03487 0.36387 0.25200 1555.192
0.990 0.05265 67.95807 1.24232 3.57790 0.34910 0.03500 0.36351 0.25239 1556.642
0.995 0.05250 68.23588 1.24386 3.58231 0.34894 0.03513 0.36315 0.25278 1558.098
1.000 0.05235 68.51562 1.24540 3.58674 0.34878 0.03526 0.36279 0.25317 1559.561
1.005 0.05220 68.79730 1.24694 3.59118 0.34862 0.03539 0.36243 0.25356 1561.029
1.010 0.05205 69.08095 1.24848 3.59563 0.34846 0.03552 0.36207 0.25394 1562.505
1.015 0.05190 69.36659 1.25003 3.60009 0.34829 0.03565 0.36172 0.25433 1563.986
1.020 0.05175 69.65423 1.25159 3.60457 0.34813 0.03579 0.36136 0.25473 1565.474
1.025 0.05160 69.94389 1.25314 3.60905 0.34797 0.03592 0.36100 0.25512 1566.968
1.030 0.05145 70.23560 1.25470 3.61355 0.34781 0.03605 0.36064 0.25551 1568.469
1.035 0.05130 70.52938 1.25627 3.61805 0.34764 0.03618 0.36028 0.25590 1569.976
1.040 0.05115 70.82523 1.25784 3.62257 0.34748 0.03632 0.35992 0.25629 1571.490
1.045 0.05100 71.12320 1.25941 3.62710 0.34731 0.03645 0.35956 0.25668 1573.010
1.050 0.05085 71.42329 1.26098 3.63164 0.34715 0.03659 0.35920 0.25707 1574.537
1.055 0.05070 71.72552 1.26256 3.63619 0.34698 0.03672 0.35883 0.25746 1576.071
1.060 0.05054 72.02993 1.26415 3.64075 0.34682 0.03685 0.35847 0.25786 1577.612
1.065 0.05039 72.33652 1.26574 3.64532 0.34665 0.03699 0.35811 0.25825 1579.159
1.070 0.05024 72.64533 1.26733 3.64991 0.34648 0.03713 0.35775 0.25864 1580.713
1.075 0.05009 72.95637 1.26892 3.65450 0.34632 0.03726 0.35739 0.25903 1582.274
1.080 0.04994 73.26966 1.27052 3.65911 0.34615 0.03740 0.35703 0.25942 1583.842
1.085 0.04979 73.58524 1.27213 3.66373 0.34598 0.03754 0.35667 0.25982 1585.417
1.090 0.04964 73.90312 1.27374 3.66836 0.34581 0.03767 0.35630 0.26021 1586.999
1.095 0.04949 74.22332 1.27535 3.67300 0.34564 0.03781 0.35594 0.26060 1588.588
1.100 0.04933 74.54587 1.27696 3.67765 0.34547 0.03795 0.35558 0.26100 1590.185
1.105 0.04918 74.87080 1.27858 3.68232 0.34530 0.03809 0.35522 0.26139 1591.788
1.110 0.04903 75.19812 1.28021 3.68700 0.34513 0.03823 0.35485 0.26179 1593.399
1.115 0.04888 75.52786 1.28183 3.69168 0.34496 0.03837 0.35449 0.26218 1595.017
1.120 0.04873 75.86005 1.28347 3.69639 0.34479 0.03851 0.35413 0.26257 1596.643
1.125 0.04857 76.19471 1.28510 3.70110 0.34462 0.03865 0.35377 0.26297 1598.276
1.130 0.04842 76.53187 1.28674 3.70582 0.34444 0.03879 0.35340 0.26336 1599.916
1.135 0.04827 76.87155 1.28839 3.71056 0.34427 0.03893 0.35304 0.26376 1601.564
1.140 0.04812 77.21379 1.29004 3.71530 0.34410 0.03908 0.35267 0.26415 1603.220
1.145 0.04796 77.55859 1.29169 3.72006 0.34392 0.03922 0.35231 0.26455 1604.883
1.150 0.04781 77.90600 1.29335 3.72483 0.34375 0.03936 0.35195 0.26494 1606.554
1.155 0.04766 78.25604 1.29501 3.72962 0.34357 0.03951 0.35158 0.26534 1608.233
1.160 0.04751 78.60874 1.29667 3.73441 0.34340 0.03965 0.35122 0.26573 1609.920
1.165 0.04735 78.96412 1.29834 3.73922 0.34322 0.03979 0.35085 0.26613 1611.614
1.170 0.04720 79.32222 1.30001 3.74404 0.34305 0.03994 0.35049 0.26653 1613.316
1.175 0.04705 79.68306 1.30169 3.74887 0.34287 0.04008 0.35012 0.26692 1615.027
1.180 0.04689 80.04667 1.30337 3.75372 0.34269 0.04023 0.34976 0.26732 1616.746
1.185 0.04674 80.41309 1.30506 3.75857 0.34252 0.04038 0.34939 0.26771 1618.472
1.190 0.04659 80.78233 1.30675 3.76344 0.34234 0.04052 0.34903 0.26811 1620.207
1.195 0.04643 81.15444 1.30845 3.76832 0.34216 0.04067 0.34866 0.26851 1621.950
1.200 0.04628 81.52943 1.31014 3.77322 0.34198 0.04082 0.34829 0.26891 1623.702
1.205 0.04613 81.90735 1.31185 3.77812 0.34180 0.04097 0.34793 0.26930 1625.462
1.210 0.04597 82.28823 1.31356 3.78304 0.34162 0.04112 0.34756 0.26970 1627.230
1.215 0.04582 82.67209 1.31527 3.78797 0.34144 0.04127 0.34720 0.27010 1629.007
1.220 0.04567 83.05898 1.31698 3.79291 0.34126 0.04141 0.34683 0.27049 1630.793
1.225 0.04551 83.44891 1.31870 3.79787 0.34108 0.04156 0.34646 0.27089 1632.587
1.230 0.04536 83.84193 1.32043 3.80284 0.34090 0.04172 0.34609 0.27129 1634.390
1.235 0.04520 84.23807 1.32216 3.80782 0.34072 0.04187 0.34573 0.27169 1636.201
1.240 0.04505 84.63736 1.32389 3.81281 0.34053 0.04202 0.34536 0.27209 1638.022
1.245 0.04489 85.03985 1.32563 3.81782 0.34035 0.04217 0.34499 0.27248 1639.852
1.250 0.04474 85.44555 1.32737 3.82284 0.34017 0.04232 0.34463 0.27288 1641.690
1.255 0.04459 85.85452 1.32912 3.82787 0.33998 0.04248 0.34426 0.27328 1643.538
1.260 0.04443 86.26678 1.33087 3.83291 0.33980 0.04263 0.34389 0.27368 1645.395
1.265 0.04428 86.68237 1.33263 3.83797 0.33962 0.04278 0.34352 0.27408 1647.261
1.270 0.04412 87.10134 1.33439 3.84304 0.33943 0.04294 0.34315 0.27448 1649.136
1.275 0.04397 87.52371 1.33616 3.84813 0.33925 0.04309 0.34278 0.27488 1651.021
1.280 0.04381 87.94952 1.33792 3.85322 0.33906 0.04325 0.34242 0.27528 1652.916
1.285 0.04366 88.37883 1.33970 3.85833 0.33887 0.04340 0.34205 0.27568 1654.820
1.290 0.04350 88.81165 1.34148 3.86346 0.33869 0.04356 0.34168 0.27608 1656.733
1.295 0.04335 89.24804 1.34326 3.86859 0.33850 0.04372 0.34131 0.27648 1658.656
1.300 0.04319 89.68804 1.34505 3.87374 0.33831 0.04388 0.34094 0.27688 1660.589
1.305 0.04304 90.13168 1.34684 3.87890 0.33812 0.04403 0.34057 0.27727 1662.532
1.310 0.04288 90.57901 1.34864 3.88408 0.33793 0.04419 0.34020 0.27767 1664.485
1.315 0.04273 91.03007 1.35044 3.88927 0.33774 0.04435 0.33983 0.27808 1666.448
1.320 0.04257 91.48491 1.35225 3.89447 0.33755 0.04451 0.33946 0.27848 1668.421
1.325 0.04241 91.94356 1.35406 3.89969 0.33736 0.04467 0.33909 0.27888 1670.404
1.330 0.04226 92.40607 1.35587 3.90492 0.33717 0.04483 0.33872 0.27928 1672.398
1.335 0.04210 92.87249 1.35769 3.91016 0.33698 0.04499 0.33835 0.27968 1674.402
1.340 0.04195 93.34286 1.35952 3.91542 0.33679 0.04515 0.33798 0.28008 1676.416
1.345 0.04179 93.81723 1.36135 3.92069 0.33660 0.04531 0.33761 0.28048 1678.441
1.350 0.04163 94.29564 1.36318 3.92597 0.33641 0.04548 0.33724 0.28088 1680.477
1.355 0.04148 94.77815 1.36502 3.93127 0.33621 0.04564 0.33687 0.28128 1682.523
1.360 0.04132 95.26480 1.36687 3.93658 0.33602 0.04580 0.33650 0.28168 1684.580
1.365 0.04117 95.75564 1.36872 3.94190 0.33583 0.04597 0.33612 0.28208 1686.649
1.370 0.04101 96.25072 1.37057 3.94724 0.33563 0.04613 0.33575 0.28248 1688.728
1.375 0.04085 96.75009 1.37243 3.95260 0.33544 0.04630 0.33538 0.28288 1690.818
1.380 0.04070 97.25380 1.37429 3.95796 0.33524 0.04646 0.33501 0.28329 1692.920
1.385 0.04054 97.76190 1.37616 3.96334 0.33505 0.04663 0.33464 0.28369 1695.033
1.390 0.04038 98.27446 1.37803 3.96874 0.33485 0.04679 0.33426 0.28409 1697.157
1.395 0.04023 98.79151 1.37991 3.97415 0.33465 0.04696 0.33389 0.28449 1699.293
1.400 0.04007 99.31312 1.38179 3.97957 0.33446 0.04713 0.33352 0.28489 1701.440
1.405 0.03991 99.83934 1.38368 3.98501 0.33426 0.04730 0.33315 0.28529 1703.599
1.410 0.03976 100.37023 1.38558 3.99046 0.33406 0.04747 0.33277 0.28570 1705.770
1.415 0.03960 100.90585 1.38747 3.99592 0.33386 0.04764 0.33240 0.28610 1707.953
1.420 0.03944 101.44624 1.38938 4.00140 0.33367 0.04780 0.33203 0.28650 1710.148
1.425 0.03929 101.99148 1.39128 4.00690 0.33347 0.04797 0.33166 0.28690 1712.355
1.430 0.03913 102.54162 1.39320 4.01240 0.33327 0.04815 0.33128 0.28731 1714.575
1.435 0.03897 103.09672 1.39511 4.01793 0.33307 0.04832 0.33091 0.28771 1716.807
1.440 0.03882 103.65684 1.39704 4.02347 0.33287 0.04849 0.33053 0.28811 1719.051
1.445 0.03866 104.22205 1.39896 4.02902 0.33267 0.04866 0.33016 0.28851 1721.308
1.450 0.03850 104.79241 1.40090 4.03458 0.33246 0.04883 0.32979 0.28892 1723.578
1.455 0.03834 105.36799 1.40284 4.04017 0.33226 0.04901 0.32941 0.28932 1725.860
1.460 0.03819 105.94885 1.40478 4.04576 0.33206 0.04918 0.32904 0.28972 1728.156
1.465 0.03803 106.53505 1.40673 4.05137 0.33186 0.04936 0.32866 0.29012 1730.464
1.470 0.03787 107.12667 1.40868 4.05700 0.33165 0.04953 0.32829 0.29053 1732.786
1.475 0.03771 107.72378 1.41064 4.06264 0.33145 0.04971 0.32792 0.29093 1735.121
1.480 0.03756 108.32644 1.41260 4.06829 0.33125 0.04988 0.32754 0.29133 1737.469
1.485 0.03740 108.93472 1.41457 4.07396 0.33104 0.05006 0.32717 0.29174 1739.831
1.490 0.03724 109.54871 1.41654 4.07965 0.33084 0.05023 0.32679 0.29214 1742.207
1.495 0.03708 110.16846 1.41852 4.08535 0.33063 0.05041 0.32642 0.29254 1744.597
1.500 0.03692 110.79406 1.42051 4.09106 0.33042 0.05059 0.32604 0.29294 1747.000
1.505 0.03677 111.42559 1.42250 4.09679 0.33022 0.05077 0.32566 0.29335 1749.418
1.510 0.03661 112.06311 1.42449 4.10254 0.33001 0.05095 0.32529 0.29375 1751.850
1.515 0.03645 112.70671 1.42649 4.10830 0.32980 0.05113 0.32491 0.29415 1754.296
1.520 0.03629 113.35648 1.42850 4.11408 0.32960 0.05131 0.32454 0.29456 1756.757
1.525 0.03614 114.01248 1.43051 4.11987 0.32939 0.05149 0.32416 0.29496 1759.232
1.530 0.03598 114.67480 1.43253 4.12567 0.32918 0.05167 0.32379 0.29536 1761.722
1.535 0.03582 115.34353 1.43455 4.13150 0.32897 0.05185 0.32341 0.29577 1764.228
1.540 0.03566 116.01874 1.43657 4.13733 0.32876 0.05204 0.32303 0.29617 1766.748
1.545 0.03550 116.70054 1.43861 4.14319 0.32855 0.05222 0.32266 0.29657 1769.283
1.550 0.03534 117.38900 1.44064 4.14906 0.32834 0.05240 0.32228 0.29698 1771.834
1.555 0.03519 118.08422 1.44269 4.15494 0.32813 0.05259 0.32190 0.29738 1774.400
1.560 0.03503 118.78629 1.44474 4.16084 0.32792 0.05277 0.32153 0.29778 1776.982
1.565 0.03487 119.49529 1.44679 4.16676 0.32771 0.05296 0.32115 0.29819 1779.580
1.570 0.03471 120.21133 1.44885 4.17269 0.32750 0.05314 0.32077 0.29859 1782.194
1.575 0.03455 120.93450 1.45092 4.17864 0.32728 0.05333 0.32039 0.29900 1784.824
1.580 0.03439 121.66490 1.45299 4.18460 0.32707 0.05351 0.32002 0.29940 1787.470
1.585 0.03424 122.40263 1.45506 4.19058 0.32686 0.05370 0.31964 0.29980 1790.133
1.590 0.03408 123.14778 1.45714 4.19658 0.32664 0.05389 0.31926 0.30021 1792.813
1.595 0.03392 123.90046 1.45923 4.20259 0.32643 0.05408 0.31888 0.30061 1795.509
1.600 0.03376 124.66079 1.46133 4.20862 0.32621 0.05427 0.31851 0.30101 1798.222
1.605 0.03360 125.42885 1.46342 4.21466 0.32600 0.05446 0.31813 0.30142 1800.953
1.610 0.03344 126.20476 1.46553 4.22072 0.32578 0.05465 0.31775 0.30182 1803.701
1.615 0.03328 126.98864 1.46764 4.22680 0.32557 0.05484 0.31737 0.30222 1806.466
1.620 0.03313 127.78059 1.46975 4.23289 0.32535 0.05503 0.31699 0.30263 1809.249
1.625 0.03297 128.58072 1.47188 4.23900 0.32513 0.05522 0.31661 0.30303 1812.050
1.630 0.03281 129.38916 1.47400 4.24513 0.32491 0.05541 0.31624 0.30343 1814.869
1.635 0.03265 130.20602 1.47614 4.25127 0.32470 0.05561 0.31586 0.30384 1817.706
1.640 0.03249 131.03143 1.47827 4.25743 0.32448 0.05580 0.31548 0.30424 1820.562
1.645 0.03233 131.86550 1.48042 4.26360 0.32426 0.05600 0.31510 0.30465 1823.436
1.650 0.03217 132.70836 1.48257 4.26980 0.32404 0.05619 0.31472 0.30505 1826.329
1.655 0.03202 133.56014 1.48472 4.27601 0.32382 0.05639 0.31434 0.30545 1829.241
