timeGa Urey Qt heat/H0 heatTW 1HPE 2HPE 3HPE 4HPE TempC
0.000 0.58000 36.00000 1.00000 20.88000 0.37200 0.01640 0.43000 0.18100 1351.850
0.005 0.58022 36.00000 1.00038 20.88791 0.37215 0.01647 0.42994 0.18143 1352.190
0.010 0.58033 36.02855 1.00136 20.90839 0.37207 0.01654 0.42963 0.18176 1352.531
0.015 0.58044 36.05712 1.00234 20.92891 0.37199 0.01661 0.42931 0.18209 1352.872
0.020 0.58055 36.08572 1.00333 20.94948 0.37192 0.01667 0.42900 0.18241 1353.213
0.025 0.58066 36.11435 1.00431 20.97009 0.37184 0.01674 0.42868 0.18274 1353.554
0.030 0.58077 36.14301 1.00530 20.99074 0.37176 0.01680 0.42837 0.18307 1353.895
0.035 0.58088 36.17169 1.00629 21.01143 0.37168 0.01687 0.42805 0.18340 1354.237
0.040 0.58099 36.20041 1.00729 21.03217 0.37161 0.01694 0.42773 0.18372 1354.578
0.045 0.58111 36.22915 1.00828 21.05296 0.37153 0.01700 0.42742 0.18405 1354.920
0.050 0.58122 36.25791 1.00928 21.07378 0.37145 0.01707 0.42710 0.18438 1355.262
0.055 0.58133 36.28671 1.01028 21.09465 0.37137 0.01714 0.42678 0.18471 1355.604
0.060 0.58145 36.31553 1.01128 21.11557 0.37129 0.01720 0.42647 0.18504 1355.947
0.065 0.58156 36.34438 1.01229 21.13653 0.37121 0.01727 0.42615 0.18537 1356.289
0.070 0.58168 36.37326 1.01329 21.15753 0.37113 0.01734 0.42583 0.18570 1356.632
0.075 0.58179 36.40217 1.01430 21.17858 0.37104 0.01741 0.42551 0.18603 1356.975
0.080 0.58191 36.43110 1.01531 21.19967 0.37096 0.01748 0.42520 0.18636 1357.318
0.085 0.58203 36.46006 1.01632 21.22080 0.37088 0.01755 0.42488 0.18670 1357.661
0.090 0.58215 36.48905 1.01734 21.24199 0.37080 0.01761 0.42456 0.18703 1358.005
0.095 0.58227 36.51807 1.01835 21.26321 0.37071 0.01768 0.42424 0.18736 1358.349
0.100 0.58238 36.54711 1.01937 21.28448 0.37063 0.01775 0.42392 0.18769 1358.692
0.105 0.58250 36.57618 1.02039 21.30580 0.37055 0.01782 0.42360 0.18803 1359.036
0.110 0.58263 36.60528 1.02142 21.32716 0.37046 0.01789 0.42328 0.18836 1359.380
0.115 0.58275 36.63440 1.02244 21.34857 0.37038 0.01796 0.42296 0.18869 1359.725
0.120 0.58287 36.66356 1.02347 21.37002 0.37029 0.01803 0.42264 0.18903 1360.069
0.125 0.58299 36.69274 1.02450 21.39152 0.37021 0.01811 0.42232 0.18936 1360.414
0.130 0.58311 36.72194 1.02553 21.41307 0.37012 0.01818 0.42200 0.18970 1360.759
0.135 0.58324 36.75118 1.02656 21.43466 0.37004 0.01825 0.42168 0.19003 1361.104
0.140 0.58336 36.78044 1.02760 21.45629 0.36995 0.01832 0.42136 0.19037 1361.449
0.145 0.58349 36.80973 1.02864 21.47798 0.36986 0.01839 0.42104 0.19071 1361.794
0.150 0.58361 36.83905 1.02968 21.49971 0.36978 0.01846 0.42072 0.19104 1362.140
0.155 0.58374 36.86839 1.03072 21.52148 0.36969 0.01854 0.42040 0.19138 1362.486
0.160 0.58386 36.89777 1.03177 21.54331 0.36960 0.01861 0.42007 0.19172 1362.831
0.165 0.58399 36.92717 1.03281 21.56518 0.36951 0.01868 0.41975 0.19206 1363.177
0.170 0.58412 36.95659 1.03386 21.58709 0.36942 0.01875 0.41943 0.19239 1363.524
0.175 0.58425 36.98605 1.03492 21.60906 0.36933 0.01883 0.41911 0.19273 1363.870
0.180 0.58438 37.01553 1.03597 21.63107 0.36924 0.01890 0.41878 0.19307 1364.217
0.185 0.58451 37.04503 1.03703 21.65313 0.36915 0.01898 0.41846 0.19341 1364.563
0.190 0.58464 37.07457 1.03809 21.67523 0.36906 0.01905 0.41814 0.19375 1364.910
0.195 0.58477 37.10413 1.03915 21.69739 0.36897 0.01912 0.41781 0.19409 1365.257
0.200 0.58490 37.13372 1.04021 21.71959 0.36888 0.01920 0.41749 0.19443 1365.604
0.205 0.58503 37.16334 1.04128 21.74184 0.36879 0.01927 0.41717 0.19477 1365.952
0.210 0.58517 37.19298 1.04234 21.76414 0.36870 0.01935 0.41684 0.19511 1366.299
0.215 0.58530 37.22265 1.04341 21.78648 0.36860 0.01942 0.41652 0.19545 1366.647
0.220 0.58544 37.25235 1.04449 21.80888 0.36851 0.01950 0.41619 0.19580 1366.995
0.225 0.58557 37.28208 1.04556 21.83132 0.36842 0.01958 0.41587 0.19614 1367.343
0.230 0.58571 37.31183 1.04664 21.85381 0.36832 0.01965 0.41554 0.19648 1367.691
0.235 0.58584 37.34161 1.04772 21.87636 0.36823 0.01973 0.41522 0.19682 1368.040
0.240 0.58598 37.37141 1.04880 21.89895 0.36813 0.01981 0.41489 0.19717 1368.388
0.245 0.58612 37.40125 1.04988 21.92158 0.36804 0.01988 0.41457 0.19751 1368.737
0.250 0.58626 37.43110 1.05097 21.94427 0.36794 0.01996 0.41424 0.19785 1369.086
0.255 0.58640 37.46099 1.05206 21.96701 0.36785 0.02004 0.41391 0.19820 1369.435
0.260 0.58654 37.49090 1.05315 21.98980 0.36775 0.02012 0.41359 0.19854 1369.784
0.265 0.58668 37.52084 1.05424 22.01264 0.36765 0.02020 0.41326 0.19889 1370.133
0.270 0.58682 37.55081 1.05534 22.03552 0.36756 0.02027 0.41293 0.19923 1370.483
0.275 0.58696 37.58081 1.05644 22.05846 0.36746 0.02035 0.41261 0.19958 1370.832
0.280 0.58710 37.61083 1.05754 22.08145 0.36736 0.02043 0.41228 0.19993 1371.182
0.285 0.58725 37.64087 1.05864 22.10449 0.36726 0.02051 0.41195 0.20027 1371.532
0.290 0.58739 37.67095 1.05975 22.12757 0.36716 0.02059 0.41162 0.20062 1371.882
0.295 0.58754 37.70105 1.06086 22.15071 0.36707 0.02067 0.41129 0.20097 1372.233
0.300 0.58768 37.73118 1.06197 22.17390 0.36697 0.02075 0.41097 0.20132 1372.583
0.305 0.58783 37.76133 1.06308 22.19714 0.36687 0.02083 0.41064 0.20166 1372.934
0.310 0.58797 37.79151 1.06420 22.22044 0.36677 0.02091 0.41031 0.20201 1373.284
0.315 0.58812 37.82172 1.06532 22.24378 0.36666 0.02100 0.40998 0.20236 1373.635
0.320 0.58827 37.85195 1.06644 22.26717 0.36656 0.02108 0.40965 0.20271 1373.986
0.325 0.58842 37.88221 1.06756 22.29062 0.36646 0.02116 0.40932 0.20306 1374.337
0.330 0.58857 37.91250 1.06868 22.31412 0.36636 0.02124 0.40899 0.20341 1374.689
0.335 0.58872 37.94281 1.06981 22.33767 0.36626 0.02132 0.40866 0.20376 1375.040
0.340 0.58887 37.97315 1.07094 22.36127 0.36615 0.02141 0.40833 0.20411 1375.392
0.345 0.58902 38.00351 1.07207 22.38492 0.36605 0.02149 0.40800 0.20446 1375.744
0.350 0.58918 38.03391 1.07321 22.40863 0.36595 0.02157 0.40767 0.20481 1376.096
0.355 0.58933 38.06432 1.07435 22.43239 0.36584 0.02166 0.40734 0.20516 1376.448
0.360 0.58948 38.09477 1.07549 22.45620 0.36574 0.02174 0.40701 0.20552 1376.800
0.365 0.58964 38.12524 1.07663 22.48007 0.36563 0.02182 0.40668 0.20587 1377.153
0.370 0.58979 38.15574 1.07778 22.50399 0.36553 0.02191 0.40634 0.20622 1377.505
0.375 0.58995 38.18626 1.07893 22.52796 0.36542 0.02199 0.40601 0.20657 1377.858
0.380 0.59011 38.21681 1.08008 22.55198 0.36532 0.02208 0.40568 0.20693 1378.211
0.385 0.59026 38.24738 1.08123 22.57606 0.36521 0.02216 0.40535 0.20728 1378.564
0.390 0.59042 38.27798 1.08238 22.60019 0.36510 0.02225 0.40501 0.20763 1378.917
0.395 0.59058 38.30861 1.08354 22.62438 0.36499 0.02233 0.40468 0.20799 1379.270
0.400 0.59074 38.33926 1.08470 22.64862 0.36489 0.02242 0.40435 0.20834 1379.624
0.405 0.59090 38.36994 1.08587 22.67291 0.36478 0.02251 0.40402 0.20870 1379.977
0.410 0.59106 38.40065 1.08703 22.69726 0.36467 0.02259 0.40368 0.20905 1380.331
0.415 0.59123 38.43138 1.08820 22.72166 0.36456 0.02268 0.40335 0.20941 1380.685
0.420 0.59139 38.46213 1.08937 22.74612 0.36445 0.02277 0.40301 0.20977 1381.039
0.425 0.59155 38.49292 1.09055 22.77063 0.36434 0.02286 0.40268 0.21012 1381.393
0.430 0.59172 38.52372 1.09172 22.79520 0.36423 0.02294 0.40235 0.21048 1381.747
0.435 0.59188 38.55456 1.09290 22.81982 0.36412 0.02303 0.40201 0.21084 1382.102
0.440 0.59205 38.58542 1.09409 22.84450 0.36401 0.02312 0.40168 0.21119 1382.456
0.445 0.59222 38.61630 1.09527 22.86923 0.36390 0.02321 0.40134 0.21155 1382.811
0.450 0.59238 38.64721 1.09646 22.89402 0.36378 0.02330 0.40101 0.21191 1383.166
0.455 0.59255 38.67815 1.09765 22.91886 0.36367 0.02339 0.40067 0.21227 1383.521
0.460 0.59272 38.70911 1.09884 22.94376 0.36356 0.02348 0.40033 0.21263 1383.876
0.465 0.59289 38.74010 1.10003 22.96872 0.36344 0.02357 0.40000 0.21299 1384.231
0.470 0.59306 38.77111 1.10123 22.99373 0.36333 0.02366 0.39966 0.21335 1384.587
0.475 0.59324 38.80215 1.10243 23.01880 0.36322 0.02375 0.39933 0.21371 1384.942
0.480 0.59341 38.83321 1.10364 23.04393 0.36310 0.02384 0.39899 0.21407 1385.298
0.485 0.59358 38.86430 1.10484 23.06911 0.36299 0.02393 0.39865 0.21443 1385.654
0.490 0.59376 38.89541 1.10605 23.09436 0.36287 0.02403 0.39832 0.21479 1386.010
0.495 0.59393 38.92655 1.10726 23.11965 0.36275 0.02412 0.39798 0.21515 1386.366
0.500 0.59411 38.95771 1.10848 23.14501 0.36264 0.02421 0.39764 0.21551 1386.722
0.505 0.59428 38.98890 1.10969 23.17042 0.36252 0.02430 0.39730 0.21587 1387.078
0.510 0.59446 39.02011 1.11091 23.19589 0.36240 0.02440 0.39696 0.21623 1387.435
0.515 0.59464 39.05135 1.11214 23.22142 0.36229 0.02449 0.39663 0.21660 1387.791
0.520 0.59482 39.08261 1.11336 23.24701 0.36217 0.02458 0.39629 0.21696 1388.148
0.525 0.59500 39.11390 1.11459 23.27265 0.36205 0.02468 0.39595 0.21732 1388.505
0.530 0.59518 39.14521 1.11582 23.29836 0.36193 0.02477 0.39561 0.21769 1388.862
0.535 0.59536 39.17655 1.11706 23.32412 0.36181 0.02487 0.39527 0.21805 1389.219
0.540 0.59554 39.20791 1.11829 23.34994 0.36169 0.02496 0.39493 0.21841 1389.576
0.545 0.59572 39.23930 1.11953 23.37582 0.36157 0.02506 0.39459 0.21878 1389.933
0.550 0.59591 39.27071 1.12077 23.40176 0.36145 0.02515 0.39425 0.21914 1390.291
0.555 0.59609 39.30215 1.12202 23.42776 0.36133 0.02525 0.39391 0.21951 1390.648
0.560 0.59628 39.33361 1.12327 23.45382 0.36121 0.02535 0.39357 0.21987 1391.006
0.565 0.59647 39.36509 1.12452 23.47993 0.36109 0.02544 0.39323 0.22024 1391.364
0.570 0.59665 39.39660 1.12577 23.50611 0.36096 0.02554 0.39289 0.22061 1391.722
0.575 0.59684 39.42813 1.12703 23.53235 0.36084 0.02564 0.39255 0.22097 1392.080
0.580 0.59703 39.45969 1.12829 23.55865 0.36072 0.02574 0.39221 0.22134 1392.438
0.585 0.59722 39.49127 1.12955 23.58501 0.36059 0.02583 0.39187 0.22171 1392.796
0.590 0.59741 39.52288 1.13082 23.61143 0.36047 0.02593 0.39153 0.22207 1393.155
0.595 0.59760 39.55451 1.13208 23.63791 0.36034 0.02603 0.39118 0.22244 1393.513
0.600 0.59780 39.58616 1.13335 23.66445 0.36022 0.02613 0.39084 0.22281 1393.872
0.605 0.59799 39.61784 1.13463 23.69106 0.36009 0.02623 0.39050 0.22318 1394.231
0.610 0.59818 39.64954 1.13591 23.71772 0.35997 0.02633 0.39016 0.22355 1394.590
0.615 0.59838 39.68127 1.13719 23.74445 0.35984 0.02643 0.38981 0.22391 1394.949
0.620 0.59858 39.71302 1.13847 23.77123 0.35971 0.02653 0.38947 0.22428 1395.308
0.625 0.59877 39.74479 1.13976 23.79808 0.35959 0.02663 0.38913 0.22465 1395.667
0.630 0.59897 39.77658 1.14104 23.82500 0.35946 0.02673 0.38879 0.22502 1396.026
0.635 0.59917 39.80840 1.14234 23.85197 0.35933 0.02683 0.38844 0.22539 1396.386
0.640 0.59937 39.84025 1.14363 23.87901 0.35920 0.02694 0.38810 0.22576 1396.745
0.645 0.59957 39.87211 1.14493 23.90611 0.35907 0.02704 0.38775 0.22613 1397.105
0.650 0.59977 39.90400 1.14623 23.93327 0.35894 0.02714 0.38741 0.22651 1397.465
0.655 0.59997 39.93592 1.14753 23.96050 0.35881 0.02724 0.38707 0.22688 1397.824
0.660 0.60018 39.96785 1.14884 23.98779 0.35868 0.02735 0.38672 0.22725 1398.184
0.665 0.60038 39.99981 1.15015 24.01514 0.35855 0.02745 0.38638 0.22762 1398.545
0.670 0.60059 40.03180 1.15146 24.04256 0.35842 0.02756 0.38603 0.22799 1398.905
0.675 0.60079 40.06380 1.15278 24.07004 0.35829 0.02766 0.38569 0.22837 1399.265
0.680 0.60100 40.09583 1.15410 24.09759 0.35816 0.02776 0.38534 0.22874 1399.625
0.685 0.60121 40.12788 1.15542 24.12520 0.35803 0.02787 0.38499 0.22911 1399.986
0.690 0.60142 40.15996 1.15675 24.15288 0.35789 0.02798 0.38465 0.22948 1400.346
0.695 0.60163 40.19206 1.15808 24.18062 0.35776 0.02808 0.38430 0.22986 1400.707
0.700 0.60184 40.22417 1.15941 24.20842 0.35763 0.02819 0.38396 0.23023 1401.068
0.705 0.60205 40.25632 1.16074 24.23629 0.35749 0.02829 0.38361 0.23061 1401.429
0.710 0.60226 40.28848 1.16208 24.26423 0.35736 0.02840 0.38326 0.23098 1401.790
0.715 0.60248 40.32067 1.16342 24.29223 0.35722 0.02851 0.38292 0.23136 1402.151
0.720 0.60269 40.35288 1.16477 24.32029 0.35709 0.02862 0.38257 0.23173 1402.512
0.725 0.60291 40.38511 1.16611 24.34843 0.35695 0.02872 0.38222 0.23211 1402.873
0.730 0.60312 40.41736 1.16746 24.37663 0.35681 0.02883 0.38187 0.23248 1403.234
0.735 0.60334 40.44964 1.16882 24.40489 0.35668 0.02894 0.38152 0.23286 1403.596
0.740 0.60356 40.48194 1.17017 24.43322 0.35654 0.02905 0.38118 0.23323 1403.957
0.745 0.60378 40.51426 1.17153 24.46162 0.35640 0.02916 0.38083 0.23361 1404.319
0.750 0.60400 40.54660 1.17290 24.49009 0.35626 0.02927 0.38048 0.23399 1404.681
0.755 0.60422 40.57897 1.17426 24.51862 0.35612 0.02938 0.38013 0.23437 1405.042
0.760 0.60444 40.61135 1.17563 24.54723 0.35598 0.02949 0.37978 0.23474 1405.404
0.765 0.60467 40.64376 1.17701 24.57589 0.35584 0.02960 0.37943 0.23512 1405.766
0.770 0.60489 40.67619 1.17838 24.60463 0.35570 0.02971 0.37908 0.23550 1406.128
0.775 0.60512 40.70864 1.17976 24.63344 0.35556 0.02982 0.37873 0.23588 1406.490
0.780 0.60534 40.74111 1.18115 24.66231 0.35542 0.02994 0.37838 0.23626 1406.852
0.785 0.60557 40.77360 1.18253 24.69125 0.35528 0.03005 0.37803 0.23663 1407.215
0.790 0.60580 40.80611 1.18392 24.72026 0.35514 0.03016 0.37768 0.23701 1407.577
0.795 0.60603 40.83865 1.18531 24.74934 0.35500 0.03028 0.37733 0.23739 1407.940
0.800 0.60626 40.87121 1.18671 24.77849 0.35486 0.03039 0.37698 0.23777 1408.302
0.805 0.60649 40.90378 1.18811 24.80771 0.35471 0.03050 0.37663 0.23815 1408.665
0.810 0.60672 40.93638 1.18951 24.83700 0.35457 0.03062 0.37628 0.23853 1409.027
0.815 0.60696 40.96900 1.19092 24.86636 0.35442 0.03073 0.37593 0.23891 1409.390
0.820 0.60719 41.00164 1.19233 24.89579 0.35428 0.03085 0.37558 0.23929 1409.753
0.825 0.60743 41.03430 1.19374 24.92529 0.35413 0.03096 0.37523 0.23967 1410.116
0.830 0.60766 41.06698 1.19516 24.95486 0.35399 0.03108 0.37488 0.24006 1410.479
0.835 0.60790 41.09968 1.19658 24.98450 0.35384 0.03120 0.37452 0.24044 1410.842
0.840 0.60814 41.13240 1.19800 25.01421 0.35370 0.03131 0.37417 0.24082 1411.205
0.845 0.60838 41.16514 1.19942 25.04399 0.35355 0.03143 0.37382 0.24120 1411.568
0.850 0.60862 41.19790 1.20085 25.07385 0.35340 0.03155 0.37347 0.24158 1411.931
0.855 0.60886 41.23068 1.20229 25.10377 0.35326 0.03167 0.37311 0.24197 1412.294
0.860 0.60910 41.26348 1.20372 25.13377 0.35311 0.03178 0.37276 0.24235 1412.658
0.865 0.60935 41.29631 1.20516 25.16384 0.35296 0.03190 0.37241 0.24273 1413.021
0.870 0.60959 41.32915 1.20661 25.19398 0.35281 0.03202 0.37205 0.24311 1413.384
0.875 0.60984 41.36201 1.20806 25.22420 0.35266 0.03214 0.37170 0.24350 1413.748
0.880 0.61009 41.39489 1.20951 25.25449 0.35251 0.03226 0.37135 0.24388 1414.112
0.885 0.61034 41.42778 1.21096 25.28485 0.35236 0.03238 0.37099 0.24427 1414.475
0.890 0.61058 41.46070 1.21242 25.31528 0.35221 0.03250 0.37064 0.24465 1414.839
0.895 0.61084 41.49364 1.21388 25.34579 0.35206 0.03262 0.37028 0.24504 1415.203
0.900 0.61109 41.52660 1.21534 25.37637 0.35191 0.03275 0.36993 0.24542 1415.566
0.905 0.61134 41.55957 1.21681 25.40703 0.35175 0.03287 0.36957 0.24580 1415.930
0.910 0.61159 41.59257 1.21828 25.43776 0.35160 0.03299 0.36922 0.24619 1416.294
0.915 0.61185 41.62558 1.21976 25.46856 0.35145 0.03311 0.36886 0.24658 1416.658
0.920 0.61210 41.65861 1.22124 25.49944 0.35130 0.03324 0.36851 0.24696 1417.022
0.925 0.61236 41.69166 1.22272 25.53040 0.35114 0.03336 0.36815 0.24735 1417.386
0.930 0.61262 41.72473 1.22421 25.56143 0.35099 0.03348 0.36780 0.24773 1417.750
0.935 0.61288 41.75782 1.22570 25.59253 0.35083 0.03361 0.36744 0.24812 1418.114
0.940 0.61314 41.79092 1.22719 25.62372 0.35068 0.03373 0.36708 0.24851 1418.479
0.945 0.61340 41.82405 1.22869 25.65497 0.35052 0.03386 0.36673 0.24889 1418.843
0.950 0.61367 41.85719 1.23019 25.68631 0.35037 0.03398 0.36637 0.24928 1419.207
0.955 0.61393 41.89035 1.23169 25.71772 0.35021 0.03411 0.36601 0.24967 1419.571
0.960 0.61419 41.92352 1.23320 25.74920 0.35005 0.03424 0.36566 0.25006 1419.936
0.965 0.61446 41.95672 1.23471 25.78077 0.34989 0.03436 0.36530 0.25044 1420.300
0.970 0.61473 41.98993 1.23623 25.81241 0.34974 0.03449 0.36494 0.25083 1420.664
0.975 0.61500 42.02316 1.23775 25.84412 0.34958 0.03462 0.36458 0.25122 1421.029
0.980 0.61527 42.05641 1.23927 25.87592 0.34942 0.03475 0.36423 0.25161 1421.393
0.985 0.61554 42.08967 1.24079 25.90779 0.34926 0.03487 0.36387 0.25200 1421.758
0.990 0.61581 42.12295 1.24232 25.93975 0.34910 0.03500 0.36351 0.25239 1422.122
0.995 0.61608 42.15625 1.24386 25.97178 0.34894 0.03513 0.36315 0.25278 1422.487
1.000 0.61636 42.18957 1.24540 26.00389 0.34878 0.03526 0.36279 0.25317 1422.852
1.005 0.61663 42.22290 1.24694 26.03607 0.34862 0.03539 0.36243 0.25356 1423.216
1.010 0.61691 42.25624 1.24848 26.06834 0.34846 0.03552 0.36207 0.25394 1423.581
1.015 0.61719 42.28961 1.25003 26.10069 0.34829 0.03565 0.36172 0.25433 1423.946
1.020 0.61747 42.32299 1.25159 26.13311 0.34813 0.03579 0.36136 0.25473 1424.310
1.025 0.61775 42.35639 1.25314 26.16562 0.34797 0.03592 0.36100 0.25512 1424.675
1.030 0.61803 42.38980 1.25470 26.19821 0.34781 0.03605 0.36064 0.25551 1425.040
1.035 0.61831 42.42323 1.25627 26.23087 0.34764 0.03618 0.36028 0.25590 1425.404
1.040 0.61860 42.45667 1.25784 26.26362 0.34748 0.03632 0.35992 0.25629 1425.769
1.045 0.61888 42.49013 1.25941 26.29645 0.34731 0.03645 0.35956 0.25668 1426.134
1.050 0.61917 42.52361 1.26098 26.32936 0.34715 0.03659 0.35920 0.25707 1426.499
1.055 0.61946 42.55710 1.26256 26.36235 0.34698 0.03672 0.35883 0.25746 1426.863
1.060 0.61975 42.59060 1.26415 26.39543 0.34682 0.03685 0.35847 0.25786 1427.228
1.065 0.62004 42.62412 1.26574 26.42858 0.34665 0.03699 0.35811 0.25825 1427.593
1.070 0.62033 42.65766 1.26733 26.46182 0.34648 0.03713 0.35775 0.25864 1427.958
1.075 0.62062 42.69121 1.26892 26.49514 0.34632 0.03726 0.35739 0.25903 1428.323
1.080 0.62092 42.72478 1.27052 26.52855 0.34615 0.03740 0.35703 0.25942 1428.688
1.085 0.62121 42.75836 1.27213 26.56203 0.34598 0.03754 0.35667 0.25982 1429.052
1.090 0.62151 42.79195 1.27374 26.59560 0.34581 0.03767 0.35630 0.26021 1429.417
1.095 0.62181 42.82556 1.27535 26.62926 0.34564 0.03781 0.35594 0.26060 1429.782
1.100 0.62211 42.85918 1.27696 26.66299 0.34547 0.03795 0.35558 0.26100 1430.147
1.105 0.62241 42.89282 1.27858 26.69682 0.34530 0.03809 0.35522 0.26139 1430.512
1.110 0.62271 42.92647 1.28021 26.73072 0.34513 0.03823 0.35485 0.26179 1430.877
1.115 0.62301 42.96013 1.28183 26.76471 0.34496 0.03837 0.35449 0.26218 1431.241
1.120 0.62332 42.99381 1.28347 26.79879 0.34479 0.03851 0.35413 0.26257 1431.606
1.125 0.62362 43.02750 1.28510 26.83295 0.34462 0.03865 0.35377 0.26297 1431.971
1.130 0.62393 43.06121 1.28674 26.86720 0.34444 0.03879 0.35340 0.26336 1432.336
1.135 0.62424 43.09492 1.28839 26.90153 0.34427 0.03893 0.35304 0.26376 1432.701
1.140 0.62455 43.12865 1.29004 26.93595 0.34410 0.03908 0.35267 0.26415 1433.065
1.145 0.62486 43.16240 1.29169 26.97046 0.34392 0.03922 0.35231 0.26455 1433.430
1.150 0.62517 43.19615 1.29335 27.00505 0.34375 0.03936 0.35195 0.26494 1433.795
1.155 0.62549 43.22992 1.29501 27.03973 0.34357 0.03951 0.35158 0.26534 1434.159
1.160 0.62580 43.26370 1.29667 27.07450 0.34340 0.03965 0.35122 0.26573 1434.524
1.165 0.62612 43.29749 1.29834 27.10935 0.34322 0.03979 0.35085 0.26613 1434.889
1.170 0.62644 43.33130 1.30001 27.14430 0.34305 0.03994 0.35049 0.26653 1435.253
1.175 0.62676 43.36511 1.30169 27.17933 0.34287 0.04008 0.35012 0.26692 1435.618
1.180 0.62708 43.39894 1.30337 27.21445 0.34269 0.04023 0.34976 0.26732 1435.983
1.185 0.62740 43.43278 1.30506 27.24966 0.34252 0.04038 0.34939 0.26771 1436.347
1.190 0.62772 43.46663 1.30675 27.28495 0.34234 0.04052 0.34903 0.26811 1436.712
1.195 0.62805 43.50049 1.30845 27.32034 0.34216 0.04067 0.34866 0.26851 1437.076
1.200 0.62837 43.53436 1.31014 27.35582 0.34198 0.04082 0.34829 0.26891 1437.440
1.205 0.62870 43.56825 1.31185 27.39138 0.34180 0.04097 0.34793 0.26930 1437.805
1.210 0.62903 43.60214 1.31356 27.42704 0.34162 0.04112 0.34756 0.26970 1438.169
1.215 0.62936 43.63604 1.31527 27.46278 0.34144 0.04127 0.34720 0.27010 1438.534
1.220 0.62969 43.66996 1.31698 27.49862 0.34126 0.04141 0.34683 0.27049 1438.898
1.225 0.63003 43.70388 1.31870 27.53455 0.34108 0.04156 0.34646 0.27089 1439.262
1.230 0.63036 43.73782 1.32043 27.57057 0.34090 0.04172 0.34609 0.27129 1439.626
1.235 0.63070 43.77176 1.32216 27.60668 0.34072 0.04187 0.34573 0.27169 1439.990
1.240 0.63103 43.80571 1.32389 27.64289 0.34053 0.04202 0.34536 0.27209 1440.354
1.245 0.63137 43.83968 1.32563 27.67918 0.34035 0.04217 0.34499 0.27248 1440.718
1.250 0.63171 43.87365 1.32737 27.71557 0.34017 0.04232 0.34463 0.27288 1441.082
1.255 0.63206 43.90763 1.32912 27.75205 0.33998 0.04248 0.34426 0.27328 1441.446
1.260 0.63240 43.94162 1.33087 27.78863 0.33980 0.04263 0.34389 0.27368 1441.810
1.265 0.63274 43.97562 1.33263 27.82530 0.33962 0.04278 0.34352 0.27408 1442.174
1.270 0.63309 44.00963 1.33439 27.86206 0.33943 0.04294 0.34315 0.27448 1442.538
1.275 0.63344 44.04364 1.33616 27.89892 0.33925 0.04309 0.34278 0.27488 1442.901
1.280 0.63379 44.07767 1.33792 27.93587 0.33906 0.04325 0.34242 0.27528 1443.265
1.285 0.63414 44.11170 1.33970 27.97291 0.33887 0.04340 0.34205 0.27568 1443.629
1.290 0.63449 44.14574 1.34148 28.01006 0.33869 0.04356 0.34168 0.27608 1443.992
1.295 0.63484 44.17978 1.34326 28.04729 0.33850 0.04372 0.34131 0.27648 1444.355
1.300 0.63520 44.21384 1.34505 28.08462 0.33831 0.04388 0.34094 0.27688 1444.719
1.305 0.63556 44.24790 1.34684 28.12205 0.33812 0.04403 0.34057 0.27727 1445.082
1.310 0.63592 44.28197 1.34864 28.15958 0.33793 0.04419 0.34020 0.27767 1445.445
1.315 0.63628 44.31604 1.35044 28.19720 0.33774 0.04435 0.33983 0.27808 1445.808
1.320 0.63664 44.35012 1.35225 28.23492 0.33755 0.04451 0.33946 0.27848 1446.171
1.325 0.63700 44.38421 1.35406 28.27273 0.33736 0.04467 0.33909 0.27888 1446.534
1.330 0.63736 44.41830 1.35587 28.31065 0.33717 0.04483 0.33872 0.27928 1446.897
1.335 0.63773 44.45240 1.35769 28.34866 0.33698 0.04499 0.33835 0.27968 1447.260
1.340 0.63810 44.48651 1.35952 28.38677 0.33679 0.04515 0.33798 0.28008 1447.622
1.345 0.63847 44.52062 1.36135 28.42498 0.33660 0.04531 0.33761 0.28048 1447.985
1.350 0.63884 44.55474 1.36318 28.46328 0.33641 0.04548 0.33724 0.28088 1448.347
1.355 0.63921 44.58886 1.36502 28.50169 0.33621 0.04564 0.33687 0.28128 1448.710
1.360 0.63959 44.62298 1.36687 28.54020 0.33602 0.04580 0.33650 0.28168 1449.072
1.365 0.63996 44.65711 1.36872 28.57880 0.33583 0.04597 0.33612 0.28208 1449.434
1.370 0.64034 44.69125 1.37057 28.61751 0.33563 0.04613 0.33575 0.28248 1449.796
1.375 0.64072 44.72539 1.37243 28.65632 0.33544 0.04630 0.33538 0.28288 1450.158
1.380 0.64110 44.75953 1.37429 28.69523 0.33524 0.04646 0.33501 0.28329 1450.520
1.385 0.64148 44.79368 1.37616 28.73423 0.33505 0.04663 0.33464 0.28369 1450.882
1.390 0.64186 44.82783 1.37803 28.77335 0.33485 0.04679 0.33426 0.28409 1451.244
1.395 0.64225 44.86198 1.37991 28.81256 0.33465 0.04696 0.33389 0.28449 1451.605
1.400 0.64264 44.89614 1.38179 28.85187 0.33446 0.04713 0.33352 0.28489 1451.967
1.405 0.64302 44.93030 1.38368 28.89129 0.33426 0.04730 0.33315 0.28529 1452.328
1.410 0.64342 44.96446 1.38558 28.93081 0.33406 0.04747 0.33277 0.28570 1452.689
1.415 0.64381 44.99863 1.38747 28.97044 0.33386 0.04764 0.33240 0.28610 1453.050
1.420 0.64420 45.03280 1.38938 29.01017 0.33367 0.04780 0.33203 0.28650 1453.411
1.425 0.64460 45.06697 1.39128 29.05000 0.33347 0.04797 0.33166 0.28690 1453.772
1.430 0.64499 45.10114 1.39320 29.08994 0.33327 0.04815 0.33128 0.28731 1454.132
1.435 0.64539 45.13531 1.39511 29.12998 0.33307 0.04832 0.33091 0.28771 1454.493
1.440 0.64579 45.16948 1.39704 29.17012 0.33287 0.04849 0.33053 0.28811 1454.853
1.445 0.64619 45.20366 1.39896 29.21037 0.33267 0.04866 0.33016 0.28851 1455.214
1.450 0.64660 45.23784 1.40090 29.25073 0.33246 0.04883 0.32979 0.28892 1455.574
1.455 0.64700 45.27201 1.40284 29.29120 0.33226 0.04901 0.32941 0.28932 1455.934
1.460 0.64741 45.30619 1.40478 29.33177 0.33206 0.04918 0.32904 0.28972 1456.294
1.465 0.64782 45.34037 1.40673 29.37244 0.33186 0.04936 0.32866 0.29012 1456.653
1.470 0.64823 45.37454 1.40868 29.41323 0.33165 0.04953 0.32829 0.29053 1457.013
1.475 0.64864 45.40872 1.41064 29.45412 0.33145 0.04971 0.32792 0.29093 1457.372
1.480 0.64906 45.44289 1.41260 29.49512 0.33125 0.04988 0.32754 0.29133 1457.731
1.485 0.64948 45.47707 1.41457 29.53623 0.33104 0.05006 0.32717 0.29174 1458.090
1.490 0.64989 45.51124 1.41654 29.57745 0.33084 0.05023 0.32679 0.29214 1458.449
1.495 0.65031 45.54541 1.41852 29.61877 0.33063 0.05041 0.32642 0.29254 1458.808
1.500 0.65073 45.57959 1.42051 29.66021 0.33042 0.05059 0.32604 0.29294 1459.167
1.505 0.65116 45.61375 1.42250 29.70175 0.33022 0.05077 0.32566 0.29335 1459.525
1.510 0.65158 45.64792 1.42449 29.74341 0.33001 0.05095 0.32529 0.29375 1459.883
1.515 0.65201 45.68208 1.42649 29.78517 0.32980 0.05113 0.32491 0.29415 1460.242
1.520 0.65244 45.71624 1.42850 29.82705 0.32960 0.05131 0.32454 0.29456 1460.599
1.525 0.65287 45.75040 1.43051 29.86904 0.32939 0.05149 0.32416 0.29496 1460.957
1.530 0.65330 45.78456 1.43253 29.91114 0.32918 0.05167 0.32379 0.29536 1461.315
1.535 0.65374 45.81871 1.43455 29.95335 0.32897 0.05185 0.32341 0.29577 1461.672
1.540 0.65417 45.85286 1.43657 29.99567 0.32876 0.05204 0.32303 0.29617 1462.029
1.545 0.65461 45.88700 1.43861 30.03811 0.32855 0.05222 0.32266 0.29657 1462.386
1.550 0.65505 45.92114 1.44064 30.08066 0.32834 0.05240 0.32228 0.29698 1462.743
1.555 0.65549 45.95527 1.44269 30.12333 0.32813 0.05259 0.32190 0.29738 1463.100
1.560 0.65594 45.98940 1.44474 30.16610 0.32792 0.05277 0.32153 0.29778 1463.456
1.565 0.65638 46.02353 1.44679 30.20899 0.32771 0.05296 0.32115 0.29819 1463.812
1.570 0.65683 46.05765 1.44885 30.25200 0.32750 0.05314 0.32077 0.29859 1464.168
1.575 0.65728 46.09176 1.45092 30.29512 0.32728 0.05333 0.32039 0.29900 1464.524
1.580 0.65773 46.12587 1.45299 30.33836 0.32707 0.05351 0.32002 0.29940 1464.880
1.585 0.65818 46.15997 1.45506 30.38171 0.32686 0.05370 0.31964 0.29980 1465.235
1.590 0.65864 46.19406 1.45714 30.42518 0.32664 0.05389 0.31926 0.30021 1465.591
1.595 0.65910 46.22815 1.45923 30.46877 0.32643 0.05408 0.31888 0.30061 1465.946
1.600 0.65955 46.26223 1.46133 30.51247 0.32621 0.05427 0.31851 0.30101 1466.300
1.605 0.66002 46.29630 1.46342 30.55629 0.32600 0.05446 0.31813 0.30142 1466.655
1.610 0.66048 46.33037 1.46553 30.60023 0.32578 0.05465 0.31775 0.30182 1467.009
1.615 0.66094 46.36443 1.46764 30.64429 0.32557 0.05484 0.31737 0.30222 1467.363
1.620 0.66141 46.39847 1.46975 30.68846 0.32535 0.05503 0.31699 0.30263 1467.717
1.625 0.66188 46.43251 1.47188 30.73276 0.32513 0.05522 0.31661 0.30303 1468.071
1.630 0.66235 46.46655 1.47400 30.77717 0.32491 0.05541 0.31624 0.30343 1468.424
1.635 0.66282 46.50057 1.47614 30.82171 0.32470 0.05561 0.31586 0.30384 1468.777
1.640 0.66330 46.53458 1.47827 30.86636 0.32448 0.05580 0.31548 0.30424 1469.130
1.645 0.66378 46.56858 1.48042 30.91113 0.32426 0.05600 0.31510 0.30465 1469.483
1.650 0.66426 46.60257 1.48257 30.95603 0.32404 0.05619 0.31472 0.30505 1469.835
1.655 0.66474 46.63656 1.48472 31.00105 0.32382 0.05639 0.31434 0.30545 1470.188
1.660 0.66522 46.67053 1.48689 31.04619 0.32360 0.05658 0.31396 0.30586 1470.540
1.665 0.66571 46.70449 1.48905 31.09145 0.32338 0.05678 0.31358 0.30626 1470.891
1.670 0.66619 46.73843 1.49123 31.13683 0.32316 0.05698 0.31320 0.30666 1471.243
1.675 0.66668 46.77237 1.49341 31.18234 0.32294 0.05717 0.31282 0.30707 1471.594
1.680 0.66717 46.80630 1.49559 31.22797 0.32272 0.05737 0.31244 0.30747 1471.945
1.685 0.66767 46.84021 1.49778 31.27373 0.32249 0.05757 0.31206 0.30787 1472.295
1.690 0.66816 46.87411 1.49998 31.31961 0.32227 0.05777 0.31168 0.30828 1472.646
1.695 0.66866 46.90799 1.50218 31.36561 0.32205 0.05797 0.31130 0.30868 1472.996
1.700 0.66916 46.94187 1.50439 31.41174 0.32182 0.05817 0.31092 0.30908 1473.346
1.705 0.66967 46.97572 1.50661 31.45800 0.32160 0.05837 0.31054 0.30949 1473.695
1.710 0.67017 47.00957 1.50883 31.50438 0.32138 0.05857 0.31016 0.30989 1474.045
1.715 0.67068 47.04340 1.51106 31.55089 0.32115 0.05878 0.30978 0.31029 1474.394
1.720 0.67119 47.07722 1.51329 31.59753 0.32092 0.05898 0.30940 0.31069 1474.742
1.725 0.67170 47.11102 1.51553 31.64429 0.32070 0.05918 0.30902 0.31110 1475.091
1.730 0.67221 47.14480 1.51778 31.69118 0.32047 0.05939 0.30864 0.31150 1475.439
1.735 0.67272 47.17857 1.52003 31.73820 0.32025 0.05959 0.30826 0.31190 1475.787
1.740 0.67324 47.21232 1.52229 31.78535 0.32002 0.05980 0.30788 0.31231 1476.134
1.745 0.67376 47.24606 1.52455 31.83263 0.31979 0.06000 0.30750 0.31271 1476.481
1.750 0.67428 47.27978 1.52682 31.88003 0.31956 0.06021 0.30711 0.31311 1476.828
1.755 0.67481 47.31348 1.52910 31.92757 0.31933 0.06042 0.30673 0.31351 1477.175
1.760 0.67534 47.34717 1.53138 31.97524 0.31911 0.06063 0.30635 0.31392 1477.521
1.765 0.67586 47.38084 1.53367 32.02304 0.31888 0.06083 0.30597 0.31432 1477.867
1.770 0.67640 47.41448 1.53597 32.07097 0.31865 0.06104 0.30559 0.31472 1478.213
1.775 0.67693 47.44811 1.53827 32.11903 0.31842 0.06125 0.30521 0.31512 1478.558
1.780 0.67747 47.48173 1.54058 32.16723 0.31819 0.06146 0.30483 0.31553 1478.903
1.785 0.67800 47.51532 1.54289 32.21555 0.31796 0.06167 0.30444 0.31593 1479.248
1.790 0.67854 47.54889 1.54521 32.26401 0.31772 0.06188 0.30406 0.31633 1479.592
1.795 0.67909 47.58244 1.54754 32.31261 0.31749 0.06210 0.30368 0.31673 1479.936
1.800 0.67963 47.61597 1.54987 32.36134 0.31726 0.06231 0.30330 0.31713 1480.279
1.805 0.68018 47.64948 1.55221 32.41020 0.31703 0.06252 0.30291 0.31754 1480.623
1.810 0.68073 47.68297 1.55456 32.45920 0.31679 0.06274 0.30253 0.31794 1480.966
1.815 0.68128 47.71644 1.55691 32.50834 0.31656 0.06295 0.30215 0.31834 1481.308
1.820 0.68184 47.74989 1.55927 32.55761 0.31633 0.06317 0.30177 0.31874 1481.650
1.825 0.68239 47.78331 1.56164 32.60701 0.31609 0.06338 0.30138 0.31914 1481.992
1.830 0.68295 47.81671 1.56401 32.65656 0.31586 0.06360 0.30100 0.31954 1482.334
1.835 0.68351 47.85009 1.56639 32.70624 0.31562 0.06381 0.30062 0.31994 1482.675
1.840 0.68408 47.88344 1.56878 32.75606 0.31539 0.06403 0.30024 0.32035 1483.016
1.845 0.68465 47.91677 1.57117 32.80602 0.31515 0.06425 0.29985 0.32075 1483.356
1.850 0.68522 47.95008 1.57357 32.85612 0.31491 0.06447 0.29947 0.32115 1483.696
1.855 0.68579 47.98336 1.57597 32.90635 0.31468 0.06469 0.29909 0.32155 1484.036
1.860 0.68636 48.01661 1.57839 32.95673 0.31444 0.06491 0.29870 0.32195 1484.375
1.865 0.68694 48.04984 1.58081 33.00725 0.31420 0.06513 0.29832 0.32235 1484.714
1.870 0.68752 48.08304 1.58323 33.05791 0.31396 0.06535 0.29794 0.32275 1485.052
1.875 0.68810 48.11622 1.58567 33.10871 0.31372 0.06557 0.29755 0.32315 1485.390
1.880 0.68868 48.14937 1.58811 33.15965 0.31349 0.06579 0.29717 0.32355 1485.728
1.885 0.68927 48.18250 1.59055 33.21073 0.31325 0.06602 0.29679 0.32395 1486.065
1.890 0.68986 48.21559 1.59301 33.26196 0.31301 0.06624 0.29640 0.32435 1486.402
1.895 0.69045 48.24866 1.59547 33.31333 0.31277 0.06647 0.29602 0.32475 1486.738
1.900 0.69105 48.28170 1.59793 33.36484 0.31252 0.06669 0.29563 0.32515 1487.074
1.905 0.69164 48.31471 1.60041 33.41650 0.31228 0.06692 0.29525 0.32555 1487.410
1.910 0.69224 48.34769 1.60289 33.46830 0.31204 0.06714 0.29487 0.32595 1487.745
1.915 0.69284 48.38064 1.60538 33.52025 0.31180 0.06737 0.29448 0.32635 1488.080
1.920 0.69345 48.41356 1.60787 33.57235 0.31156 0.06760 0.29410 0.32675 1488.414
1.925 0.69406 48.44645 1.61037 33.62459 0.31131 0.06783 0.29371 0.32715 1488.748
1.930 0.69467 48.47931 1.61288 33.67697 0.31107 0.06805 0.29333 0.32754 1489.082
1.935 0.69528 48.51214 1.61540 33.72951 0.31083 0.06828 0.29295 0.32794 1489.415
1.940 0.69590 48.54493 1.61792 33.78219 0.31058 0.06851 0.29256 0.32834 1489.747
1.945 0.69651 48.57770 1.62045 33.83502 0.31034 0.06874 0.29218 0.32874 1490.079
1.950 0.69713 48.61043 1.62299 33.88801 0.31009 0.06898 0.29179 0.32914 1490.411
1.955 0.69776 48.64312 1.62553 33.94114 0.30985 0.06921 0.29141 0.32954 1490.742
1.960 0.69838 48.67579 1.62809 33.99442 0.30960 0.06944 0.29102 0.32993 1491.073
1.965 0.69901 48.70841 1.63064 34.04785 0.30936 0.06967 0.29064 0.33033 1491.403
1.970 0.69965 48.74101 1.63321 34.10143 0.30911 0.06991 0.29025 0.33073 1491.733
1.975 0.70028 48.77357 1.63578 34.15516 0.30886 0.07014 0.28987 0.33113 1492.062
1.980 0.70092 48.80609 1.63836 34.20905 0.30862 0.07038 0.28948 0.33152 1492.391
1.985 0.70156 48.83858 1.64095 34.26309 0.30837 0.07061 0.28910 0.33192 1492.719
1.990 0.70220 48.87103 1.64355 34.31728 0.30812 0.07085 0.28871 0.33232 1493.047
1.995 0.70285 48.90344 1.64615 34.37162 0.30787 0.07109 0.28833 0.33271 1493.374
2.000 0.70350 48.93582 1.64876 34.42612 0.30762 0.07133 0.28794 0.33311 1493.701
2.005 0.70415 48.96815 1.65138 34.48078 0.30737 0.07156 0.28756 0.33351 1494.027
2.010 0.70480 49.00045 1.65400 34.53559 0.30712 0.07180 0.28717 0.33390 1494.353
2.015 0.70546 49.03271 1.65664 34.59055 0.30687 0.07204 0.28679 0.33430 1494.679
2.020 0.70612 49.06494 1.65928 34.64567 0.30662 0.07228 0.28640 0.33469 1495.003
2.025 0.70678 49.09712 1.66192 34.70095 0.30637 0.07252 0.28602 0.33509 1495.328
2.030 0.70745 49.12926 1.66458 34.75639 0.30612 0.07277 0.28563 0.33548 1495.651
2.035 0.70812 49.16136 1.66724 34.81198 0.30587 0.07301 0.28524 0.33588 1495.975
2.040 0.70879 49.19342 1.66991 34.86774 0.30561 0.07325 0.28486 0.33627 1496.297
2.045 0.70946 49.22543 1.67259 34.92365 0.30536 0.07350 0.28447 0.33667 1496.620
2.050 0.71014 49.25741 1.67527 34.97972 0.30511 0.07374 0.28409 0.33706 1496.941
2.055 0.71082 49.28934 1.67797 35.03596 0.30485 0.07399 0.28370 0.33746 1497.262
2.060 0.71151 49.32122 1.68067 35.09235 0.30460 0.07423 0.28332 0.33785 1497.583
2.065 0.71219 49.35307 1.68338 35.14891 0.30435 0.07448 0.28293 0.33824 1497.903
2.070 0.71288 49.38487 1.68609 35.20562 0.30409 0.07473 0.28254 0.33864 1498.222
2.075 0.71358 49.41662 1.68882 35.26250 0.30384 0.07497 0.28216 0.33903 1498.541
2.080 0.71427 49.44833 1.69155 35.31955 0.30358 0.07522 0.28177 0.33942 1498.859
2.085 0.71497 49.47999 1.69429 35.37675 0.30333 0.07547 0.28139 0.33982 1499.177
2.090 0.71567 49.51161 1.69704 35.43413 0.30307 0.07572 0.28100 0.34021 1499.494
2.095 0.71638 49.54317 1.69979 35.49166 0.30281 0.07597 0.28061 0.34060 1499.810
2.100 0.71709 49.57470 1.70256 35.54936 0.30256 0.07622 0.28023 0.34099 1500.126
2.105 0.71780 49.60617 1.70533 35.60723 0.30230 0.07647 0.27984 0.34139 1500.442
2.110 0.71851 49.63759 1.70811 35.66527 0.30204 0.07673 0.27946 0.34178 1500.756
2.115 0.71923 49.66897 1.71089 35.72347 0.30178 0.07698 0.27907 0.34217 1501.071
2.120 0.71995 49.70029 1.71369 35.78184 0.30152 0.07723 0.27868 0.34256 1501.384
2.125 0.72068 49.73157 1.71649 35.84038 0.30126 0.07749 0.27830 0.34295 1501.697
2.130 0.72140 49.76279 1.71930 35.89909 0.30100 0.07774 0.27791 0.34334 1502.009
2.135 0.72214 49.79396 1.72212 35.95797 0.30074 0.07800 0.27752 0.34373 1502.321
2.140 0.72287 49.82508 1.72495 36.01701 0.30048 0.07826 0.27714 0.34412 1502.632
2.145 0.72361 49.85615 1.72779 36.07623 0.30022 0.07851 0.27675 0.34451 1502.942
2.150 0.72435 49.88716 1.73063 36.13562 0.29996 0.07877 0.27637 0.34490 1503.252
2.155 0.72509 49.91812 1.73349 36.19518 0.29970 0.07903 0.27598 0.34529 1503.561
2.160 0.72584 49.94903 1.73635 36.25492 0.29944 0.07929 0.27559 0.34568 1503.870
2.165 0.72659 49.97988 1.73922 36.31483 0.29918 0.07955 0.27521 0.34607 1504.178
2.170 0.72734 50.01068 1.74209 36.37491 0.29891 0.07981 0.27482 0.34646 1504.485
2.175 0.72810 50.04142 1.74498 36.43517 0.29865 0.08007 0.27443 0.34685 1504.791
2.180 0.72886 50.07210 1.74787 36.49560 0.29839 0.08033 0.27405 0.34723 1505.097
2.185 0.72963 50.10273 1.75078 36.55621 0.29812 0.08060 0.27366 0.34762 1505.402
2.190 0.73039 50.13329 1.75369 36.61699 0.29786 0.08086 0.27327 0.34801 1505.707
2.195 0.73116 50.16380 1.75661 36.67796 0.29760 0.08112 0.27289 0.34840 1506.010
2.200 0.73194 50.19425 1.75954 36.73910 0.29733 0.08139 0.27250 0.34878 1506.314
2.205 0.73272 50.22464 1.76247 36.80041 0.29707 0.08165 0.27211 0.34917 1506.616
2.210 0.73350 50.25498 1.76542 36.86191 0.29680 0.08192 0.27173 0.34955 1506.918
2.215 0.73428 50.28525 1.76837 36.92359 0.29653 0.08219 0.27134 0.34994 1507.219
2.220 0.73507 50.31545 1.77133 36.98544 0.29627 0.08245 0.27095 0.35033 1507.519
2.225 0.73586 50.34560 1.77430 37.04748 0.29600 0.08272 0.27057 0.35071 1507.818
2.230 0.73666 50.37568 1.77728 37.10970 0.29573 0.08299 0.27018 0.35110 1508.117
2.235 0.73746 50.40571 1.78027 37.17210 0.29547 0.08326 0.26979 0.35148 1508.415
2.240 0.73826 50.43566 1.78327 37.23469 0.29520 0.08353 0.26941 0.35187 1508.713
2.245 0.73907 50.46555 1.78628 37.29746 0.29493 0.08380 0.26902 0.35225 1509.009
2.250 0.73988 50.49538 1.78929 37.36041 0.29466 0.08408 0.26863 0.35263 1509.305
2.255 0.74069 50.52514 1.79232 37.42355 0.29439 0.08435 0.26824 0.35302 1509.600
2.260 0.74151 50.55484 1.79535 37.48687 0.29412 0.08462 0.26786 0.35340 1509.895
2.265 0.74233 50.58446 1.79839 37.55038 0.29385 0.08489 0.26747 0.35378 1510.188
2.270 0.74316 50.61402 1.80144 37.61407 0.29358 0.08517 0.26708 0.35416 1510.481
2.275 0.74398 50.64352 1.80450 37.67796 0.29331 0.08544 0.26670 0.35455 1510.773
2.280 0.74482 50.67294 1.80757 37.74203 0.29304 0.08572 0.26631 0.35493 1511.064
2.285 0.74565 50.70229 1.81065 37.80629 0.29277 0.08600 0.26592 0.35531 1511.355
2.290 0.74649 50.73157 1.81373 37.87074 0.29250 0.08628 0.26554 0.35569 1511.645
2.295 0.74734 50.76078 1.81683 37.93538 0.29223 0.08655 0.26515 0.35607 1511.934
2.300 0.74818 50.78992 1.81993 38.00021 0.29195 0.08683 0.26476 0.35645 1512.222
2.305 0.74904 50.81899 1.82305 38.06523 0.29168 0.08711 0.26438 0.35683 1512.509
2.310 0.74989 50.84799 1.82617 38.13045 0.29141 0.08739 0.26399 0.35721 1512.795
2.315 0.75075 50.87691 1.82930 38.19586 0.29113 0.08767 0.26360 0.35759 1513.081
2.320 0.75161 50.90575 1.83245 38.26146 0.29086 0.08796 0.26322 0.35797 1513.366
2.325 0.75248 50.93452 1.83560 38.32726 0.29059 0.08824 0.26283 0.35835 1513.650
2.330 0.75335 50.96322 1.83876 38.39325 0.29031 0.08852 0.26244 0.35873 1513.933
2.335 0.75423 50.99184 1.84193 38.45943 0.29004 0.08881 0.26206 0.35910 1514.215
2.340 0.75511 51.02038 1.84511 38.52582 0.28976 0.08909 0.26167 0.35948 1514.497
2.345 0.75599 51.04884 1.84829 38.59240 0.28949 0.08938 0.26128 0.35986 1514.777
2.350 0.75688 51.07723 1.85149 38.65918 0.28921 0.08966 0.26089 0.36023 1515.057
2.355 0.75777 51.10554 1.85470 38.72616 0.28893 0.08995 0.26051 0.36061 1515.336
2.360 0.75866 51.13376 1.85792 38.79333 0.28866 0.09024 0.26012 0.36099 1515.614
2.365 0.75956 51.16191 1.86115 38.86071 0.28838 0.09052 0.25973 0.36136 1515.891
2.370 0.76047 51.18997 1.86438 38.92829 0.28810 0.09081 0.25935 0.36174 1516.167
2.375 0.76137 51.21795 1.86763 38.99607 0.28782 0.09110 0.25896 0.36211 1516.443
2.380 0.76229 51.24585 1.87088 39.06405 0.28755 0.09139 0.25857 0.36249 1516.717
2.385 0.76320 51.27367 1.87415 39.13223 0.28727 0.09168 0.25819 0.36286 1516.990
2.390 0.76412 51.30140 1.87742 39.20062 0.28699 0.09198 0.25780 0.36323 1517.263
2.395 0.76505 51.32905 1.88071 39.26921 0.28671 0.09227 0.25741 0.36361 1517.535
2.400 0.76598 51.35661 1.88400 39.33801 0.28643 0.09256 0.25703 0.36398 1517.805
2.405 0.76691 51.38408 1.88731 39.40702 0.28615 0.09286 0.25664 0.36435 1518.075
2.410 0.76785 51.41147 1.89062 39.47623 0.28587 0.09315 0.25626 0.36472 1518.344
2.415 0.76879 51.43877 1.89395 39.54564 0.28559 0.09345 0.25587 0.36510 1518.612
2.420 0.76974 51.46598 1.89728 39.61527 0.28531 0.09374 0.25548 0.36547 1518.879
2.425 0.77069 51.49310 1.90063 39.68511 0.28503 0.09404 0.25510 0.36584 1519.145
2.430 0.77164 51.52013 1.90398 39.75515 0.28475 0.09434 0.25471 0.36621 1519.410
2.435 0.77260 51.54707 1.90735 39.82541 0.28446 0.09464 0.25432 0.36658 1519.674
2.440 0.77357 51.57391 1.91072 39.89587 0.28418 0.09494 0.25394 0.36695 1519.937
2.445 0.77454 51.60067 1.91411 39.96655 0.28390 0.09524 0.25355 0.36732 1520.199
2.450 0.77551 51.62733 1.91750 40.03745 0.28362 0.09554 0.25316 0.36768 1520.460
2.455 0.77649 51.65390 1.92091 40.10855 0.28333 0.09584 0.25278 0.36805 1520.720
2.460 0.77747 51.68037 1.92432 40.17987 0.28305 0.09614 0.25239 0.36842 1520.979
2.465 0.77846 51.70674 1.92775 40.25140 0.28276 0.09644 0.25201 0.36879 1521.237
2.470 0.77945 51.73302 1.93119 40.32316 0.28248 0.09675 0.25162 0.36915 1521.494
2.475 0.78044 51.75921 1.93463 40.39512 0.28220 0.09705 0.25123 0.36952 1521.750
2.480 0.78144 51.78529 1.93809 40.46731 0.28191 0.09736 0.25085 0.36989 1522.005
2.485 0.78245 51.81127 1.94156 40.53971 0.28163 0.09766 0.25046 0.37025 1522.259
2.490 0.78346 51.83716 1.94504 40.61233 0.28134 0.09797 0.25007 0.37062 1522.512
2.495 0.78447 51.86294 1.94852 40.68518 0.28105 0.09828 0.24969 0.37098 1522.764
2.500 0.78549 51.88863 1.95202 40.75824 0.28077 0.09858 0.24930 0.37134 1523.014
2.505 0.78652 51.91421 1.95553 40.83152 0.28048 0.09889 0.24892 0.37171 1523.264
2.510 0.78755 51.93969 1.95905 40.90503 0.28019 0.09920 0.24853 0.37207 1523.513
2.515 0.78858 51.96506 1.96258 40.97876 0.27991 0.09951 0.24815 0.37243 1523.760
2.520 0.78962 51.99033 1.96613 41.05271 0.27962 0.09982 0.24776 0.37280 1524.007
2.525 0.79067 52.01549 1.96968 41.12689 0.27933 0.10014 0.24737 0.37316 1524.252
2.530 0.79172 52.04055 1.97324 41.20130 0.27904 0.10045 0.24699 0.37352 1524.496
2.535 0.79277 52.06550 1.97682 41.27593 0.27875 0.10076 0.24660 0.37388 1524.739
2.540 0.79383 52.09034 1.98040 41.35079 0.27847 0.10108 0.24622 0.37424 1524.981
2.545 0.79489 52.11508 1.98400 41.42587 0.27818 0.10139 0.24583 0.37460 1525.222
2.550 0.79596 52.13970 1.98760 41.50119 0.27789 0.10171 0.24545 0.37496 1525.461
2.555 0.79704 52.16421 1.99122 41.57673 0.27760 0.10202 0.24506 0.37532 1525.700
2.560 0.79811 52.18861 1.99485 41.65251 0.27731 0.10234 0.24468 0.37568 1525.937
2.565 0.79920 52.21290 1.99849 41.72851 0.27702 0.10266 0.24429 0.37603 1526.173
2.570 0.80029 52.23708 2.00214 41.80475 0.27673 0.10298 0.24391 0.37639 1526.408
2.575 0.80138 52.26114 2.00581 41.88122 0.27643 0.10330 0.24352 0.37675 1526.642
2.580 0.80248 52.28508 2.00948 41.95793 0.27614 0.10362 0.24314 0.37710 1526.875
2.585 0.80359 52.30891 2.01316 42.03487 0.27585 0.10394 0.24275 0.37746 1527.106
2.590 0.80470 52.33262 2.01686 42.11205 0.27556 0.10426 0.24237 0.37782 1527.336
2.595 0.80582 52.35622 2.02057 42.18946 0.27527 0.10458 0.24198 0.37817 1527.565
2.600 0.80694 52.37969 2.02429 42.26711 0.27497 0.10491 0.24160 0.37852 1527.793
2.605 0.80806 52.40305 2.02802 42.34500 0.27468 0.10523 0.24121 0.37888 1528.020
2.610 0.80920 52.42629 2.03176 42.42313 0.27439 0.10555 0.24083 0.37923 1528.245
2.615 0.81033 52.44940 2.03551 42.50150 0.27409 0.10588 0.24044 0.37958 1528.469
2.620 0.81148 52.47239 2.03928 42.58011 0.27380 0.10621 0.24006 0.37994 1528.692
2.625 0.81263 52.49526 2.04305 42.65896 0.27351 0.10653 0.23967 0.38029 1528.914
2.630 0.81378 52.51800 2.04684 42.73806 0.27321 0.10686 0.23929 0.38064 1529.134
2.635 0.81494 52.54062 2.05064 42.81739 0.27292 0.10719 0.23890 0.38099 1529.353
2.640 0.81610 52.56312 2.05445 42.89698 0.27262 0.10752 0.23852 0.38134 1529.571
2.645 0.81728 52.58548 2.05828 42.97681 0.27233 0.10785 0.23814 0.38169 1529.787
2.650 0.81845 52.60772 2.06211 43.05688 0.27203 0.10818 0.23775 0.38204 1530.002
2.655 0.81963 52.62983 2.06596 43.13720 0.27173 0.10851 0.23737 0.38239 1530.216
2.660 0.82082 52.65181 2.06982 43.21777 0.27144 0.10884 0.23698 0.38273 1530.429
2.665 0.82202 52.67366 2.07369 43.29859 0.27114 0.10918 0.23660 0.38308 1530.640
2.670 0.82322 52.69537 2.07757 43.37966 0.27084 0.10951 0.23622 0.38343 1530.850
2.675 0.82442 52.71696 2.08146 43.46098 0.27055 0.10985 0.23583 0.38377 1531.058
2.680 0.82563 52.73841 2.08537 43.54255 0.27025 0.11018 0.23545 0.38412 1531.265
2.685 0.82685 52.75972 2.08929 43.62438 0.26995 0.11052 0.23507 0.38446 1531.471
2.690 0.82807 52.78090 2.09322 43.70646 0.26965 0.11086 0.23468 0.38481 1531.675
2.695 0.82930 52.80194 2.09716 43.78879 0.26936 0.11119 0.23430 0.38515 1531.878
2.700 0.83054 52.82284 2.10112 43.87138 0.26906 0.11153 0.23392 0.38549 1532.080
2.705 0.83178 52.84361 2.10509 43.95423 0.26876 0.11187 0.23353 0.38584 1532.280
2.710 0.83303 52.86424 2.10907 44.03733 0.26846 0.11221 0.23315 0.38618 1532.479
2.715 0.83428 52.88472 2.11306 44.12069 0.26816 0.11255 0.23277 0.38652 1532.677
2.720 0.83554 52.90506 2.11706 44.20431 0.26786 0.11289 0.23238 0.38686 1532.873
2.725 0.83681 52.92526 2.12108 44.28820 0.26756 0.11324 0.23200 0.38720 1533.067
2.730 0.83808 52.94532 2.12511 44.37234 0.26726 0.11358 0.23162 0.38754 1533.260
2.735 0.83936 52.96523 2.12915 44.45675 0.26696 0.11392 0.23124 0.38788 1533.452
2.740 0.84064 52.98500 2.13321 44.54141 0.26666 0.11427 0.23085 0.38822 1533.642
2.745 0.84193 53.00462 2.13728 44.62635 0.26636 0.11461 0.23047 0.38856 1533.831
2.750 0.84323 53.02409 2.14136 44.71155 0.26606 0.11496 0.23009 0.38889 1534.018
2.755 0.84453 53.04341 2.14545 44.79701 0.26575 0.11531 0.22971 0.38923 1534.204
2.760 0.84585 53.06258 2.14956 44.88275 0.26545 0.11566 0.22933 0.38957 1534.388
2.765 0.84716 53.08160 2.15368 44.96875 0.26515 0.11600 0.22894 0.38990 1534.571
2.770 0.84849 53.10047 2.15781 45.05502 0.26485 0.11635 0.22856 0.39024 1534.752
2.775 0.84982 53.11918 2.16195 45.14156 0.26454 0.11670 0.22818 0.39057 1534.932
2.780 0.85115 53.13774 2.16611 45.22837 0.26424 0.11706 0.22780 0.39090 1535.110
2.785 0.85250 53.15615 2.17028 45.31545 0.26394 0.11741 0.22742 0.39124 1535.287
2.790 0.85385 53.17440 2.17446 45.40281 0.26363 0.11776 0.22704 0.39157 1535.462
2.795 0.85520 53.19249 2.17866 45.49045 0.26333 0.11811 0.22665 0.39190 1535.635
2.800 0.85657 53.21042 2.18287 45.57835 0.26303 0.11847 0.22627 0.39223 1535.807
2.805 0.85794 53.22819 2.18709 45.66654 0.26272 0.11882 0.22589 0.39256 1535.977
2.810 0.85932 53.24580 2.19133 45.75500 0.26242 0.11918 0.22551 0.39289 1536.146
2.815 0.86070 53.26325 2.19558 45.84374 0.26211 0.11954 0.22513 0.39322 1536.313
2.820 0.86209 53.28054 2.19984 45.93276 0.26181 0.11989 0.22475 0.39355 1536.479
2.825 0.86349 53.29766 2.20412 46.02206 0.26150 0.12025 0.22437 0.39388 1536.643
2.830 0.86490 53.31461 2.20841 46.11164 0.26120 0.12061 0.22399 0.39421 1536.805
2.835 0.86631 53.33140 2.21272 46.20151 0.26089 0.12097 0.22361 0.39453 1536.965
2.840 0.86773 53.34803 2.21703 46.29166 0.26058 0.12133 0.22323 0.39486 1537.124
2.845 0.86916 53.36448 2.22136 46.38209 0.26028 0.12169 0.22285 0.39518 1537.282
2.850 0.87059 53.38076 2.22571 46.47281 0.25997 0.12205 0.22247 0.39551 1537.437
2.855 0.87203 53.39688 2.23007 46.56382 0.25966 0.12242 0.22209 0.39583 1537.591
2.860 0.87348 53.41282 2.23444 46.65511 0.25936 0.12278 0.22171 0.39616 1537.743
2.865 0.87494 53.42858 2.23883 46.74669 0.25905 0.12314 0.22133 0.39648 1537.894
2.870 0.87640 53.44418 2.24323 46.83857 0.25874 0.12351 0.22095 0.39680 1538.043
2.875 0.87787 53.45959 2.24764 46.93073 0.25843 0.12388 0.22057 0.39712 1538.190
2.880 0.87935 53.47483 2.25207 47.02319 0.25813 0.12424 0.22019 0.39744 1538.335
2.885 0.88084 53.48990 2.25651 47.11594 0.25782 0.12461 0.21981 0.39776 1538.479
2.890 0.88233 53.50478 2.26097 47.20899 0.25751 0.12498 0.21943 0.39808 1538.621
2.895 0.88383 53.51948 2.26544 47.30233 0.25720 0.12535 0.21905 0.39840 1538.761
2.900 0.88534 53.53400 2.26992 47.39597 0.25689 0.12572 0.21868 0.39872 1538.899
2.905 0.88686 53.54834 2.27442 47.48991 0.25658 0.12609 0.21830 0.39903 1539.035
2.910 0.88839 53.56249 2.27893 47.58414 0.25627 0.12646 0.21792 0.39935 1539.170
2.915 0.88992 53.57646 2.28346 47.67868 0.25596 0.12683 0.21754 0.39967 1539.303
2.920 0.89146 53.59025 2.28800 47.77352 0.25565 0.12721 0.21716 0.39998 1539.434
2.925 0.89301 53.60384 2.29256 47.86866 0.25534 0.12758 0.21678 0.40030 1539.563
2.930 0.89456 53.61725 2.29713 47.96410 0.25503 0.12795 0.21641 0.40061 1539.690
2.935 0.89613 53.63046 2.30172 48.05985 0.25472 0.12833 0.21603 0.40092 1539.816
2.940 0.89770 53.64349 2.30632 48.15590 0.25441 0.12871 0.21565 0.40123 1539.940
2.945 0.89928 53.65632 2.31093 48.25226 0.25410 0.12908 0.21527 0.40155 1540.061
2.950 0.90087 53.66896 2.31556 48.34893 0.25379 0.12946 0.21490 0.40186 1540.181
2.955 0.90247 53.68140 2.32021 48.44591 0.25347 0.12984 0.21452 0.40217 1540.299
2.960 0.90408 53.69365 2.32487 48.54320 0.25316 0.13022 0.21414 0.40248 1540.415
2.965 0.90569 53.70570 2.32954 48.64081 0.25285 0.13060 0.21377 0.40278 1540.529
2.970 0.90731 53.71755 2.33423 48.73872 0.25254 0.13098 0.21339 0.40309 1540.641
2.975 0.90895 53.72920 2.33893 48.83695 0.25223 0.13136 0.21301 0.40340 1540.751
2.980 0.91059 53.74065 2.34365 48.93549 0.25191 0.13175 0.21264 0.40371 1540.860
2.985 0.91223 53.75190 2.34839 49.03435 0.25160 0.13213 0.21226 0.40401 1540.966
2.990 0.91389 53.76294 2.35314 49.13353 0.25129 0.13251 0.21188 0.40432 1541.070
2.995 0.91556 53.77378 2.35790 49.23303 0.25097 0.13290 0.21151 0.40462 1541.173
3.000 0.91723 53.78441 2.36268 49.33285 0.25066 0.13328 0.21113 0.40492 1541.273
3.005 0.91892 53.79483 2.36748 49.43299 0.25035 0.13367 0.21076 0.40523 1541.371
3.010 0.92061 53.80505 2.37229 49.53345 0.25003 0.13406 0.21038 0.40553 1541.467
3.015 0.92231 53.81505 2.37712 49.63423 0.24972 0.13445 0.21001 0.40583 1541.561
3.020 0.92402 53.82485 2.38196 49.73534 0.24940 0.13484 0.20963 0.40613 1541.654
3.025 0.92574 53.83442 2.38682 49.83678 0.24909 0.13523 0.20926 0.40643 1541.744
3.030 0.92747 53.84379 2.39169 49.93855 0.24877 0.13562 0.20888 0.40673 1541.832
3.035 0.92921 53.85294 2.39658 50.04064 0.24846 0.13601 0.20851 0.40703 1541.917
3.040 0.93096 53.86187 2.40149 50.14306 0.24814 0.13640 0.20813 0.40732 1542.001
3.045 0.93271 53.87059 2.40641 50.24582 0.24783 0.13679 0.20776 0.40762 1542.083
3.050 0.93448 53.87908 2.41135 50.34890 0.24751 0.13719 0.20738 0.40792 1542.162
3.055 0.93626 53.88736 2.41630 50.45232 0.24720 0.13758 0.20701 0.40821 1542.240
3.060 0.93804 53.89541 2.42127 50.55608 0.24688 0.13798 0.20664 0.40851 1542.315
3.065 0.93984 53.90323 2.42625 50.66017 0.24656 0.13837 0.20626 0.40880 1542.388
3.070 0.94164 53.91084 2.43125 50.76460 0.24625 0.13877 0.20589 0.40909 1542.459
3.075 0.94345 53.91821 2.43627 50.86937 0.24593 0.13917 0.20552 0.40938 1542.528
3.080 0.94528 53.92536 2.44131 50.97448 0.24561 0.13957 0.20514 0.40967 1542.594
3.085 0.94711 53.93228 2.44636 51.07993 0.24530 0.13997 0.20477 0.40997 1542.658
3.090 0.94896 53.93897 2.45142 51.18572 0.24498 0.14037 0.20440 0.41025 1542.720
3.095 0.95081 53.94542 2.45651 51.29186 0.24466 0.14077 0.20403 0.41054 1542.780
3.100 0.95267 53.95165 2.46161 51.39835 0.24434 0.14117 0.20365 0.41083 1542.838
3.105 0.95455 53.95764 2.46672 51.50518 0.24403 0.14157 0.20328 0.41112 1542.893
3.110 0.95643 53.96339 2.47186 51.61235 0.24371 0.14198 0.20291 0.41140 1542.946
3.115 0.95833 53.96890 2.47701 51.71988 0.24339 0.14238 0.20254 0.41169 1542.997
3.120 0.96023 53.97418 2.48217 51.82776 0.24307 0.14279 0.20217 0.41198 1543.045
3.125 0.96215 53.97921 2.48736 51.93599 0.24275 0.14319 0.20180 0.41226 1543.091
3.130 0.96407 53.98401 2.49256 52.04457 0.24244 0.14360 0.20142 0.41254 1543.135
3.135 0.96601 53.98856 2.49777 52.15351 0.24212 0.14401 0.20105 0.41282 1543.176
3.140 0.96796 53.99286 2.50301 52.26281 0.24180 0.14441 0.20068 0.41311 1543.215
3.145 0.96992 53.99692 2.50826 52.37246 0.24148 0.14482 0.20031 0.41339 1543.251
3.150 0.97188 54.00073 2.51353 52.48247 0.24116 0.14523 0.19994 0.41367 1543.286
3.155 0.97386 54.00430 2.51881 52.59284 0.24084 0.14564 0.19957 0.41395 1543.317
3.160 0.97585 54.00761 2.52412 52.70358 0.24052 0.14606 0.19920 0.41422 1543.347
3.165 0.97786 54.01067 2.52944 52.81467 0.24020 0.14647 0.19883 0.41450 1543.374
3.170 0.97987 54.01347 2.53478 52.92613 0.23988 0.14688 0.19846 0.41478 1543.398
3.175 0.98189 54.01603 2.54013 53.03796 0.23956 0.14730 0.19809 0.41505 1543.420
3.180 0.98393 54.01832 2.54551 53.15015 0.23924 0.14771 0.19772 0.41533 1543.440
3.185 0.98597 54.02036 2.55090 53.26272 0.23892 0.14813 0.19735 0.41560 1543.457
3.190 0.98803 54.02214 2.55631 53.37565 0.23860 0.14854 0.19698 0.41587 1543.471
3.195 0.99010 54.02365 2.56173 53.48895 0.23828 0.14896 0.19662 0.41615 1543.484
3.200 0.99218 54.02491 2.56718 53.60263 0.23796 0.14938 0.19625 0.41642 1543.493
3.205 0.99428 54.02590 2.57264 53.71668 0.23764 0.14980 0.19588 0.41669 1543.500
3.210 0.99638 54.02662 2.57812 53.83111 0.23731 0.15022 0.19551 0.41696 1543.504
3.215 0.99850 54.02708 2.58362 53.94592 0.23699 0.15064 0.19514 0.41723 1543.506
3.220 1.00063 54.02727 2.58913 54.06110 0.23667 0.15106 0.19478 0.41750 1543.505
3.225 1.00277 54.02719 2.59467 54.17666 0.23635 0.15148 0.19441 0.41776 1543.502
3.230 1.00492 54.02684 2.60022 54.29261 0.23603 0.15190 0.19404 0.41803 1543.496
3.235 1.00708 54.02622 2.60579 54.40894 0.23571 0.15233 0.19367 0.41829 1543.487
3.240 1.00926 54.02532 2.61138 54.52565 0.23538 0.15275 0.19331 0.41856 1543.476
3.245 1.01145 54.02415 2.61699 54.64275 0.23506 0.15318 0.19294 0.41882 1543.462
3.250 1.01365 54.02270 2.62262 54.76024 0.23474 0.15360 0.19258 0.41909 1543.446
3.255 1.01587 54.02097 2.62826 54.87812 0.23442 0.15403 0.19221 0.41935 1543.426
3.260 1.01809 54.01895 2.63393 54.99638 0.23409 0.15446 0.19184 0.41961 1543.404
3.265 1.02033 54.01666 2.63961 55.11504 0.23377 0.15488 0.19148 0.41987 1543.380
3.270 1.02259 54.01408 2.64531 55.23409 0.23345 0.15531 0.19111 0.42013 1543.352
3.275 1.02485 54.01122 2.65103 55.35354 0.23312 0.15574 0.19075 0.42039 1543.322
3.280 1.02713 54.00807 2.65677 55.47339 0.23280 0.15617 0.19038 0.42064 1543.289
3.285 1.02942 54.00463 2.66253 55.59363 0.23248 0.15661 0.19002 0.42090 1543.253
3.290 1.03173 54.00090 2.66831 55.71427 0.23215 0.15704 0.18965 0.42116 1543.214
3.295 1.03405 53.99688 2.67411 55.83532 0.23183 0.15747 0.18929 0.42141 1543.173
3.300 1.03638 53.99257 2.67992 55.95676 0.23151 0.15791 0.18892 0.42166 1543.129
3.305 1.03872 53.98796 2.68576 56.07861 0.23118 0.15834 0.18856 0.42192 1543.082
3.310 1.04108 53.98306 2.69161 56.20087 0.23086 0.15878 0.18820 0.42217 1543.032
3.315 1.04346 53.97785 2.69749 56.32354 0.23053 0.15921 0.18783 0.42242 1542.979
3.320 1.04584 53.97235 2.70338 56.44661 0.23021 0.15965 0.18747 0.42267 1542.923
3.325 1.04824 53.96655 2.70930 56.57009 0.22989 0.16009 0.18711 0.42292 1542.865
3.330 1.05066 53.96044 2.71523 56.69399 0.22956 0.16053 0.18674 0.42317 1542.803
3.335 1.05309 53.95403 2.72118 56.81830 0.22924 0.16097 0.18638 0.42342 1542.738
3.340 1.05553 53.94731 2.72716 56.94303 0.22891 0.16141 0.18602 0.42366 1542.671
3.345 1.05799 53.94029 2.73315 57.06817 0.22859 0.16185 0.18566 0.42391 1542.601
3.350 1.06046 53.93295 2.73916 57.19374 0.22826 0.16229 0.18530 0.42415 1542.527
3.355 1.06295 53.92531 2.74520 57.31972 0.22794 0.16273 0.18494 0.42440 1542.451
3.360 1.06545 53.91735 2.75125 57.44612 0.22761 0.16318 0.18457 0.42464 1542.371
3.365 1.06796 53.90908 2.75733 57.57295 0.22729 0.16362 0.18421 0.42488 1542.289
3.370 1.07050 53.90049 2.76342 57.70021 0.22696 0.16406 0.18385 0.42512 1542.203
3.375 1.07304 53.89158 2.76953 57.82789 0.22663 0.16451 0.18349 0.42536 1542.114
3.380 1.07560 53.88235 2.77567 57.95600 0.22631 0.16496 0.18313 0.42560 1542.023
3.385 1.07818 53.87281 2.78183 58.08454 0.22598 0.16541 0.18277 0.42584 1541.928
3.390 1.08077 53.86294 2.78800 58.21351 0.22566 0.16585 0.18241 0.42608 1541.830
3.395 1.08338 53.85274 2.79420 58.34292 0.22533 0.16630 0.18205 0.42631 1541.729
3.400 1.08600 53.84222 2.80042 58.47276 0.22501 0.16675 0.18169 0.42655 1541.624
3.405 1.08864 53.83138 2.80666 58.60304 0.22468 0.16720 0.18133 0.42678 1541.517
3.410 1.09130 53.82020 2.81292 58.73375 0.22435 0.16766 0.18097 0.42702 1541.406
3.415 1.09397 53.80869 2.81920 58.86491 0.22403 0.16811 0.18062 0.42725 1541.292
3.420 1.09665 53.79685 2.82550 58.99651 0.22370 0.16856 0.18026 0.42748 1541.175
3.425 1.09936 53.78467 2.83183 59.12856 0.22337 0.16901 0.17990 0.42771 1541.055
3.430 1.10208 53.77216 2.83817 59.26105 0.22305 0.16947 0.17954 0.42794 1540.931
3.435 1.10481 53.75931 2.84454 59.39398 0.22272 0.16992 0.17918 0.42817 1540.804
3.440 1.10757 53.74612 2.85093 59.52737 0.22239 0.17038 0.17883 0.42840 1540.674
3.445 1.11034 53.73259 2.85734 59.66121 0.22207 0.17084 0.17847 0.42862 1540.540
3.450 1.11312 53.71872 2.86377 59.79550 0.22174 0.17130 0.17811 0.42885 1540.403
3.455 1.11593 53.70450 2.87022 59.93024 0.22141 0.17175 0.17776 0.42908 1540.263
3.460 1.11875 53.68993 2.87670 60.06544 0.22109 0.17221 0.17740 0.42930 1540.120
3.465 1.12159 53.67502 2.88319 60.20110 0.22076 0.17267 0.17704 0.42952 1539.973
3.470 1.12444 53.65976 2.88971 60.33722 0.22043 0.17314 0.17669 0.42974 1539.822
3.475 1.12731 53.64414 2.89626 60.47380 0.22010 0.17360 0.17633 0.42996 1539.668
3.480 1.13021 53.62817 2.90282 60.61085 0.21978 0.17406 0.17598 0.43018 1539.511
3.485 1.13311 53.61185 2.90940 60.74836 0.21945 0.17452 0.17562 0.43040 1539.350
3.490 1.13604 53.59517 2.91601 60.88634 0.21912 0.17499 0.17527 0.43062 1539.186
3.495 1.13899 53.57813 2.92264 61.02478 0.21879 0.17545 0.17491 0.43084 1539.018
3.500 1.14195 53.56073 2.92930 61.16370 0.21847 0.17592 0.17456 0.43105 1538.847
3.505 1.14493 53.54297 2.93597 61.30309 0.21814 0.17638 0.17421 0.43127 1538.672
3.510 1.14793 53.52484 2.94267 61.44295 0.21781 0.17685 0.17385 0.43148 1538.494
3.515 1.15095 53.50635 2.94939 61.58329 0.21748 0.17732 0.17350 0.43170 1538.312
3.520 1.15399 53.48749 2.95614 61.72411 0.21715 0.17779 0.17315 0.43191 1538.126
3.525 1.15705 53.46826 2.96290 61.86541 0.21683 0.17826 0.17279 0.43212 1537.937
3.530 1.16013 53.44866 2.96969 62.00719 0.21650 0.17873 0.17244 0.43233 1537.744
3.535 1.16322 53.42869 2.97651 62.14946 0.21617 0.17920 0.17209 0.43254 1537.548
3.540 1.16634 53.40835 2.98334 62.29221 0.21584 0.17967 0.17174 0.43275 1537.348
3.545 1.16947 53.38762 2.99020 62.43545 0.21551 0.18015 0.17139 0.43295 1537.144
3.550 1.17263 53.36652 2.99709 62.57917 0.21519 0.18062 0.17104 0.43316 1536.937
3.555 1.17581 53.34504 3.00399 62.72339 0.21486 0.18109 0.17068 0.43336 1536.725
3.560 1.17900 53.32318 3.01092 62.86811 0.21453 0.18157 0.17033 0.43357 1536.510
3.565 1.18222 53.30093 3.01788 63.01332 0.21420 0.18204 0.16998 0.43377 1536.292
3.570 1.18545 53.27830 3.02486 63.15902 0.21387 0.18252 0.16963 0.43397 1536.069
3.575 1.18871 53.25528 3.03186 63.30523 0.21354 0.18300 0.16928 0.43417 1535.843
3.580 1.19199 53.23187 3.03889 63.45194 0.21322 0.18348 0.16893 0.43437 1535.612
3.585 1.19529 53.20807 3.04594 63.59915 0.21289 0.18396 0.16858 0.43457 1535.378
3.590 1.19861 53.18388 3.05301 63.74686 0.21256 0.18444 0.16824 0.43477 1535.140
3.595 1.20196 53.15930 3.06011 63.89509 0.21223 0.18492 0.16789 0.43497 1534.899
3.600 1.20532 53.13431 3.06723 64.04382 0.21190 0.18540 0.16754 0.43516 1534.653
3.605 1.20871 53.10893 3.07438 64.19307 0.21157 0.18588 0.16719 0.43536 1534.403
3.610 1.21211 53.08315 3.08155 64.34282 0.21124 0.18636 0.16684 0.43555 1534.150
3.615 1.21554 53.05697 3.08875 64.49310 0.21091 0.18685 0.16649 0.43574 1533.892
3.620 1.21900 53.03039 3.09597 64.64389 0.21059 0.18733 0.16615 0.43594 1533.630
3.625 1.22247 53.00340 3.10322 64.79520 0.21026 0.18782 0.16580 0.43613 1533.365
3.630 1.22597 52.97600 3.11049 64.94703 0.20993 0.18830 0.16545 0.43632 1533.095
3.635 1.22949 52.94820 3.11779 65.09939 0.20960 0.18879 0.16511 0.43650 1532.821
3.640 1.23304 52.91998 3.12511 65.25227 0.20927 0.18928 0.16476 0.43669 1532.544
3.645 1.23660 52.89135 3.13246 65.40568 0.20894 0.18977 0.16442 0.43688 1532.262
3.650 1.24020 52.86231 3.13983 65.55962 0.20861 0.19025 0.16407 0.43706 1531.976
3.655 1.24381 52.83285 3.14723 65.71409 0.20828 0.19074 0.16372 0.43725 1531.685
3.660 1.24745 52.80297 3.15465 65.86910 0.20795 0.19124 0.16338 0.43743 1531.391
3.665 1.25111 52.77268 3.16210 66.02464 0.20762 0.19173 0.16304 0.43761 1531.093
3.670 1.25480 52.74196 3.16957 66.18072 0.20730 0.19222 0.16269 0.43779 1530.790
3.675 1.25851 52.71082 3.17708 66.33734 0.20697 0.19271 0.16235 0.43797 1530.483
3.680 1.26225 52.67925 3.18460 66.49450 0.20664 0.19321 0.16200 0.43815 1530.172
3.685 1.26601 52.64725 3.19216 66.65221 0.20631 0.19370 0.16166 0.43833 1529.856
3.690 1.26980 52.61483 3.19974 66.81047 0.20598 0.19420 0.16132 0.43851 1529.537
3.695 1.27362 52.58198 3.20734 66.96927 0.20565 0.19469 0.16097 0.43868 1529.212
3.700 1.27746 52.54869 3.21497 67.12863 0.20532 0.19519 0.16063 0.43886 1528.884
3.705 1.28132 52.51497 3.22263 67.28854 0.20499 0.19569 0.16029 0.43903 1528.551
3.710 1.28521 52.48081 3.23032 67.44900 0.20466 0.19618 0.15995 0.43921 1528.214
3.715 1.28913 52.44621 3.23803 67.61003 0.20433 0.19668 0.15961 0.43938 1527.872
3.720 1.29308 52.41118 3.24577 67.77161 0.20400 0.19718 0.15927 0.43955 1527.526
3.725 1.29705 52.37570 3.25353 67.93376 0.20368 0.19768 0.15892 0.43972 1527.176
3.730 1.30105 52.33978 3.26133 68.09647 0.20335 0.19818 0.15858 0.43989 1526.821
3.735 1.30507 52.30341 3.26915 68.25975 0.20302 0.19869 0.15824 0.44005 1526.462
3.740 1.30913 52.26660 3.27699 68.42360 0.20269 0.19919 0.15790 0.44022 1526.098
3.745 1.31321 52.22933 3.28487 68.58802 0.20236 0.19969 0.15756 0.44038 1525.729
3.750 1.31732 52.19162 3.29277 68.75301 0.20203 0.20020 0.15723 0.44055 1525.356
3.755 1.32146 52.15345 3.30070 68.91858 0.20170 0.20070 0.15689 0.44071 1524.979
3.760 1.32563 52.11483 3.30866 69.08473 0.20137 0.20121 0.15655 0.44087 1524.596
3.765 1.32982 52.07575 3.31664 69.25145 0.20104 0.20171 0.15621 0.44103 1524.209
3.770 1.33405 52.03622 3.32465 69.41876 0.20071 0.20222 0.15587 0.44119 1523.818
3.775 1.33830 51.99622 3.33269 69.58666 0.20038 0.20273 0.15553 0.44135 1523.422
3.780 1.34259 51.95576 3.34076 69.75515 0.20006 0.20324 0.15520 0.44151 1523.021
3.785 1.34690 51.91484 3.34886 69.92422 0.19973 0.20375 0.15486 0.44167 1522.615
3.790 1.35125 51.87345 3.35699 70.09389 0.19940 0.20426 0.15452 0.44182 1522.205
3.795 1.35562 51.83160 3.36514 70.26415 0.19907 0.20477 0.15419 0.44197 1521.789
3.800 1.36003 51.78927 3.37332 70.43501 0.19874 0.20528 0.15385 0.44213 1521.369
3.805 1.36447 51.74648 3.38154 70.60647 0.19841 0.20579 0.15352 0.44228 1520.944
3.810 1.36894 51.70321 3.38978 70.77853 0.19808 0.20631 0.15318 0.44243 1520.515
3.815 1.37344 51.65946 3.39805 70.95119 0.19775 0.20682 0.15285 0.44258 1520.080
3.820 1.37797 51.61524 3.40634 71.12446 0.19742 0.20734 0.15251 0.44273 1519.641
3.825 1.38254 51.57054 3.41467 71.29834 0.19710 0.20785 0.15218 0.44288 1519.196
3.830 1.38714 51.52537 3.42303 71.47284 0.19677 0.20837 0.15184 0.44302 1518.747
3.835 1.39177 51.47971 3.43141 71.64794 0.19644 0.20888 0.15151 0.44317 1518.293
3.840 1.39644 51.43356 3.43983 71.82367 0.19611 0.20940 0.15118 0.44331 1517.833
3.845 1.40113 51.38693 3.44828 72.00001 0.19578 0.20992 0.15084 0.44346 1517.369
3.850 1.40587 51.33981 3.45675 72.17697 0.19545 0.21044 0.15051 0.44360 1516.900
3.855 1.41063 51.29221 3.46526 72.35456 0.19512 0.21096 0.15018 0.44374 1516.425
3.860 1.41544 51.24411 3.47379 72.53278 0.19479 0.21148 0.14985 0.44388 1515.946
3.865 1.42027 51.19552 3.48236 72.71162 0.19447 0.21200 0.14951 0.44402 1515.461
3.870 1.42515 51.14644 3.49095 72.89110 0.19414 0.21252 0.14918 0.44415 1514.971
3.875 1.43005 51.09685 3.49958 73.07121 0.19381 0.21305 0.14885 0.44429 1514.476
3.880 1.43500 51.04677 3.50824 73.25195 0.19348 0.21357 0.14852 0.44443 1513.976
3.885 1.43998 50.99620 3.51692 73.43334 0.19315 0.21410 0.14819 0.44456 1513.471
3.890 1.44499 50.94512 3.52564 73.61537 0.19282 0.21462 0.14786 0.44469 1512.960
3.895 1.45005 50.89353 3.53439 73.79804 0.19250 0.21515 0.14753 0.44483 1512.444
3.900 1.45514 50.84144 3.54317 73.98136 0.19217 0.21567 0.14720 0.44496 1511.923
3.905 1.46027 50.78885 3.55198 74.16533 0.19184 0.21620 0.14687 0.44509 1511.396
3.910 1.46544 50.73574 3.56082 74.34995 0.19151 0.21673 0.14655 0.44521 1510.864
3.915 1.47064 50.68213 3.56969 74.53523 0.19118 0.21726 0.14622 0.44534 1510.327
3.920 1.47589 50.62800 3.57860 74.72116 0.19086 0.21779 0.14589 0.44547 1509.784
3.925 1.48117 50.57336 3.58754 74.90776 0.19053 0.21832 0.14556 0.44559 1509.236
3.930 1.48649 50.51820 3.59650 75.09501 0.19020 0.21885 0.14524 0.44572 1508.683
3.935 1.49186 50.46252 3.60550 75.28294 0.18987 0.21938 0.14491 0.44584 1508.123
3.940 1.49726 50.40633 3.61454 75.47153 0.18955 0.21991 0.14458 0.44596 1507.559
3.945 1.50271 50.34962 3.62360 75.66079 0.18922 0.22044 0.14426 0.44608 1506.989
3.950 1.50820 50.29238 3.63270 75.85073 0.18889 0.22098 0.14393 0.44620 1506.413
3.955 1.51372 50.23462 3.64183 76.04134 0.18856 0.22151 0.14361 0.44632 1505.832
3.960 1.51929 50.17633 3.65099 76.23263 0.18824 0.22205 0.14328 0.44644 1505.245
3.965 1.52491 50.11752 3.66018 76.42461 0.18791 0.22258 0.14296 0.44655 1504.652
3.970 1.53056 50.05817 3.66941 76.61727 0.18758 0.22312 0.14263 0.44667 1504.054
3.975 1.53626 49.99830 3.67867 76.81061 0.18725 0.22366 0.14231 0.44678 1503.450
3.980 1.54201 49.93789 3.68796 77.00465 0.18693 0.22419 0.14198 0.44689 1502.840
3.985 1.54780 49.87695 3.69729 77.19938 0.18660 0.22473 0.14166 0.44701 1502.225
3.990 1.55363 49.81547 3.70665 77.39480 0.18627 0.22527 0.14134 0.44712 1501.604
3.995 1.55951 49.75346 3.71604 77.59093 0.18595 0.22581 0.14102 0.44723 1500.976
4.000 1.56543 49.69090 3.72547 77.78775 0.18562 0.22635 0.14069 0.44733 1500.344
4.005 1.57140 49.62781 3.73493 77.98528 0.18529 0.22689 0.14037 0.44744 1499.705
4.010 1.57742 49.56417 3.74442 78.18352 0.18497 0.22743 0.14005 0.44755 1499.060
4.015 1.58348 49.49999 3.75395 78.38247 0.18464 0.22798 0.13973 0.44765 1498.410
4.020 1.58960 49.43526 3.76351 78.58213 0.18431 0.22852 0.13941 0.44775 1497.753
4.025 1.59576 49.36999 3.77311 78.78250 0.18399 0.22907 0.13909 0.44786 1497.090
4.030 1.60197 49.30416 3.78274 78.98360 0.18366 0.22961 0.13877 0.44796 1496.422
4.035 1.60822 49.23779 3.79240 79.18541 0.18334 0.23016 0.13845 0.44806 1495.747
4.040 1.61453 49.17086 3.80211 79.38795 0.18301 0.23070 0.13813 0.44816 1495.067
4.045 1.62089 49.10338 3.81184 79.59122 0.18268 0.23125 0.13781 0.44825 1494.380
4.050 1.62730 49.03535 3.82161 79.79522 0.18236 0.23180 0.13750 0.44835 1493.687
4.055 1.63376 48.96676 3.83142 79.99996 0.18203 0.23234 0.13718 0.44845 1492.988
4.060 1.64027 48.89761 3.84126 80.20542 0.18171 0.23289 0.13686 0.44854 1492.283
4.065 1.64684 48.82790 3.85113 80.41163 0.18138 0.23344 0.13654 0.44863 1491.571
4.070 1.65346 48.75763 3.86104 80.61859 0.18106 0.23399 0.13623 0.44872 1490.854
4.075 1.66013 48.68680 3.87099 80.82628 0.18073 0.23454 0.13591 0.44882 1490.130
4.080 1.66685 48.61540 3.88097 81.03473 0.18041 0.23510 0.13559 0.44890 1489.399
4.085 1.67363 48.54344 3.89099 81.24393 0.18008 0.23565 0.13528 0.44899 1488.663
4.090 1.68047 48.47091 3.90105 81.45388 0.17976 0.23620 0.13496 0.44908 1487.920
4.095 1.68736 48.39781 3.91114 81.66459 0.17943 0.23676 0.13465 0.44917 1487.170
4.100 1.69431 48.32414 3.92127 81.87606 0.17911 0.23731 0.13433 0.44925 1486.415
4.105 1.70132 48.24990 3.93143 82.08829 0.17878 0.23786 0.13402 0.44933 1485.652
4.110 1.70838 48.17509 3.94163 82.30130 0.17846 0.23842 0.13370 0.44942 1484.884
4.115 1.71550 48.09971 3.95187 82.51507 0.17813 0.23898 0.13339 0.44950 1484.108
4.120 1.72268 48.02374 3.96215 82.72961 0.17781 0.23953 0.13308 0.44958 1483.327
4.125 1.72992 47.94721 3.97246 82.94494 0.17748 0.24009 0.13277 0.44966 1482.538
4.130 1.73722 47.87009 3.98281 83.16104 0.17716 0.24065 0.13245 0.44974 1481.743
4.135 1.74459 47.79239 3.99320 83.37792 0.17684 0.24121 0.13214 0.44981 1480.942
4.140 1.75201 47.71412 4.00362 83.59560 0.17651 0.24177 0.13183 0.44989 1480.134
4.145 1.75950 47.63526 4.01408 83.81406 0.17619 0.24233 0.13152 0.44996 1479.319
4.150 1.76705 47.55581 4.02458 84.03331 0.17587 0.24289 0.13121 0.45004 1478.497
4.155 1.77466 47.47579 4.03512 84.25336 0.17554 0.24345 0.13090 0.45011 1477.668
4.160 1.78234 47.39517 4.04570 84.47421 0.17522 0.24401 0.13059 0.45018 1476.833
4.165 1.79008 47.31397 4.05632 84.69586 0.17490 0.24458 0.13028 0.45025 1475.991
4.170 1.79789 47.23218 4.06697 84.91831 0.17457 0.24514 0.12997 0.45032 1475.142
4.175 1.80577 47.14980 4.07766 85.14158 0.17425 0.24571 0.12966 0.45038 1474.286
4.180 1.81371 47.06683 4.08839 85.36566 0.17393 0.24627 0.12935 0.45045 1473.424
4.185 1.82172 46.98327 4.09916 85.59055 0.17361 0.24684 0.12904 0.45051 1472.554
4.190 1.82981 46.89912 4.10997 85.81626 0.17328 0.24740 0.12874 0.45058 1471.677
4.195 1.83796 46.81437 4.12082 86.04280 0.17296 0.24797 0.12843 0.45064 1470.794
4.200 1.84618 46.72902 4.13171 86.27016 0.17264 0.24854 0.12812 0.45070 1469.903
4.205 1.85447 46.64308 4.14264 86.49835 0.17232 0.24910 0.12782 0.45076 1469.005
4.210 1.86284 46.55654 4.15361 86.72737 0.17200 0.24967 0.12751 0.45082 1468.100
4.215 1.87128 46.46940 4.16462 86.95723 0.17167 0.25024 0.12721 0.45088 1467.188
4.220 1.87979 46.38166 4.17567 87.18792 0.17135 0.25081 0.12690 0.45093 1466.269
4.225 1.88838 46.29332 4.18676 87.41946 0.17103 0.25138 0.12660 0.45099 1465.343
4.230 1.89705 46.20438 4.19789 87.65185 0.17071 0.25195 0.12629 0.45104 1464.409
4.235 1.90579 46.11484 4.20906 87.88509 0.17039 0.25253 0.12599 0.45110 1463.468
4.240 1.91461 46.02469 4.22027 88.11918 0.17007 0.25310 0.12568 0.45115 1462.520
4.245 1.92350 45.93394 4.23152 88.35412 0.16975 0.25367 0.12538 0.45120 1461.565
4.250 1.93248 45.84258 4.24281 88.58993 0.16943 0.25425 0.12508 0.45125 1460.602
4.255 1.94154 45.75062 4.25415 88.82660 0.16911 0.25482 0.12478 0.45130 1459.631
4.260 1.95068 45.65805 4.26552 89.06414 0.16879 0.25540 0.12447 0.45135 1458.654
4.265 1.95990 45.56486 4.27694 89.30255 0.16847 0.25597 0.12417 0.45139 1457.668
4.270 1.96920 45.47108 4.28840 89.54183 0.16815 0.25655 0.12387 0.45144 1456.676
4.275 1.97859 45.37668 4.29990 89.78199 0.16783 0.25713 0.12357 0.45148 1455.675
4.280 1.98807 45.28166 4.31145 90.02303 0.16751 0.25770 0.12327 0.45152 1454.668
4.285 1.99763 45.18604 4.32303 90.26496 0.16719 0.25828 0.12297 0.45156 1453.652
4.290 2.00728 45.08981 4.33466 90.50778 0.16687 0.25886 0.12267 0.45160 1452.629
4.295 2.01702 44.99296 4.34634 90.75149 0.16655 0.25944 0.12237 0.45164 1451.598
4.300 2.02684 44.89550 4.35805 90.99610 0.16623 0.26002 0.12207 0.45168 1450.560
4.305 2.03676 44.79742 4.36981 91.24161 0.16591 0.26060 0.12177 0.45172 1449.514
4.310 2.04677 44.69873 4.38161 91.48802 0.16559 0.26118 0.12148 0.45175 1448.460
4.315 2.05687 44.59943 4.39345 91.73534 0.16527 0.26176 0.12118 0.45178 1447.398
4.320 2.06707 44.49950 4.40534 91.98357 0.16496 0.26235 0.12088 0.45182 1446.328
4.325 2.07736 44.39896 4.41728 92.23271 0.16464 0.26293 0.12058 0.45185 1445.251
4.330 2.08775 44.29781 4.42925 92.48278 0.16432 0.26351 0.12029 0.45188 1444.165
4.335 2.09824 44.19603 4.44127 92.73376 0.16400 0.26410 0.11999 0.45191 1443.072
4.340 2.10882 44.09364 4.45334 92.98568 0.16368 0.26468 0.11970 0.45194 1441.971
4.345 2.11951 43.99063 4.46545 93.23852 0.16337 0.26527 0.11940 0.45196 1440.861
4.350 2.13030 43.88699 4.47760 93.49230 0.16305 0.26585 0.11911 0.45199 1439.744
4.355 2.14119 43.78274 4.48980 93.74702 0.16273 0.26644 0.11881 0.45201 1438.619
4.360 2.15218 43.67787 4.50204 94.00267 0.16242 0.26703 0.11852 0.45204 1437.485
4.365 2.16328 43.57238 4.51433 94.25928 0.16210 0.26761 0.11823 0.45206 1436.343
4.370 2.17449 43.46627 4.52667 94.51683 0.16178 0.26820 0.11793 0.45208 1435.193
4.375 2.18580 43.35953 4.53905 94.77534 0.16147 0.26879 0.11764 0.45210 1434.035
4.380 2.19723 43.25218 4.55148 95.03481 0.16115 0.26938 0.11735 0.45212 1432.869
4.385 2.20876 43.14420 4.56395 95.29523 0.16084 0.26997 0.11706 0.45214 1431.694
4.390 2.22041 43.03560 4.57647 95.55663 0.16052 0.27056 0.11676 0.45215 1430.511
4.395 2.23217 42.92638 4.58903 95.81899 0.16020 0.27115 0.11647 0.45217 1429.319
4.400 2.24405 42.81654 4.60164 96.08233 0.15989 0.27175 0.11618 0.45218 1428.119
4.405 2.25604 42.70607 4.61430 96.34664 0.15957 0.27234 0.11589 0.45219 1426.911
4.410 2.26815 42.59499 4.62701 96.61194 0.15926 0.27293 0.11560 0.45221 1425.694
4.415 2.28038 42.48328 4.63976 96.87822 0.15894 0.27353 0.11531 0.45222 1424.469
4.420 2.29274 42.37095 4.65256 97.14549 0.15863 0.27412 0.11503 0.45222 1423.235
4.425 2.30521 42.25799 4.66541 97.41376 0.15832 0.27471 0.11474 0.45223 1421.993
4.430 2.31782 42.14442 4.67831 97.68302 0.15800 0.27531 0.11445 0.45224 1420.742
4.435 2.33054 42.03022 4.69125 97.95329 0.15769 0.27591 0.11416 0.45224 1419.482
4.440 2.34340 41.91540 4.70424 98.22457 0.15737 0.27650 0.11387 0.45225 1418.214
4.445 2.35639 41.79996 4.71728 98.49685 0.15706 0.27710 0.11359 0.45225 1416.937
4.450 2.36950 41.68390 4.73037 98.77015 0.15675 0.27770 0.11330 0.45225 1415.651
4.455 2.38275 41.56721 4.74351 99.04447 0.15644 0.27829 0.11302 0.45225 1414.356
4.460 2.39614 41.44991 4.75670 99.31981 0.15612 0.27889 0.11273 0.45225 1413.052
4.465 2.40966 41.33199 4.76993 99.59618 0.15581 0.27949 0.11245 0.45225 1411.740
4.470 2.42333 41.21344 4.78322 99.87358 0.15550 0.28009 0.11216 0.45225 1410.419
4.475 2.43713 41.09427 4.79655 100.15202 0.15519 0.28069 0.11188 0.45225 1409.088
4.480 2.45107 40.97449 4.80994 100.43150 0.15487 0.28129 0.11159 0.45224 1407.749
4.485 2.46516 40.85409 4.82337 100.71203 0.15456 0.28189 0.11131 0.45223 1406.401
4.490 2.47940 40.73307 4.83686 100.99360 0.15425 0.28250 0.11103 0.45223 1405.043
4.495 2.49379 40.61143 4.85039 101.27623 0.15394 0.28310 0.11074 0.45222 1403.677
4.500 2.50832 40.48917 4.86398 101.55991 0.15363 0.28370 0.11046 0.45221 1402.301
4.505 2.52301 40.36630 4.87762 101.84466 0.15332 0.28431 0.11018 0.45220 1400.916
4.510 2.53786 40.24281 4.89131 102.13048 0.15301 0.28491 0.10990 0.45218 1399.522
4.515 2.55286 40.11870 4.90505 102.41736 0.15270 0.28551 0.10962 0.45217 1398.119
4.520 2.56802 39.99398 4.91884 102.70533 0.15239 0.28612 0.10934 0.45215 1396.706
4.525 2.58334 39.86865 4.93268 102.99437 0.15208 0.28673 0.10906 0.45214 1395.284
4.530 2.59883 39.74271 4.94658 103.28450 0.15177 0.28733 0.10878 0.45212 1393.853
4.535 2.61448 39.61615 4.96052 103.57572 0.15146 0.28794 0.10850 0.45210 1392.412
4.540 2.63030 39.48899 4.97452 103.86803 0.15115 0.28855 0.10822 0.45208 1390.962
4.545 2.64630 39.36121 4.98857 104.16144 0.15084 0.28915 0.10794 0.45206 1389.502
4.550 2.66246 39.23282 5.00268 104.45595 0.15053 0.28976 0.10767 0.45204 1388.033
4.555 2.67881 39.10383 5.01684 104.75157 0.15022 0.29037 0.10739 0.45202 1386.554
