timeGa Urey Qt heat/H0 heatTW 1HPE 2HPE 3HPE 4HPE TempC
0.000 0.06000 36.00000 1.00000 2.16000 0.37200 0.01640 0.43000 0.18100 1351.850
0.005 0.06002 36.00000 1.00038 2.16082 0.37215 0.01647 0.42994 0.18143 1352.612
0.010 0.05995 36.07964 1.00136 2.16294 0.37207 0.01654 0.42963 0.18176 1353.376
0.015 0.05988 36.15957 1.00234 2.16506 0.37199 0.01661 0.42931 0.18209 1354.142
0.020 0.05980 36.23979 1.00333 2.16719 0.37192 0.01667 0.42900 0.18241 1354.910
0.025 0.05973 36.32031 1.00431 2.16932 0.37184 0.01674 0.42868 0.18274 1355.679
0.030 0.05965 36.40113 1.00530 2.17146 0.37176 0.01680 0.42837 0.18307 1356.450
0.035 0.05958 36.48225 1.00629 2.17360 0.37168 0.01687 0.42805 0.18340 1357.223
0.040 0.05951 36.56367 1.00729 2.17574 0.37161 0.01694 0.42773 0.18372 1357.997
0.045 0.05943 36.64539 1.00828 2.17789 0.37153 0.01700 0.42742 0.18405 1358.774
0.050 0.05936 36.72742 1.00928 2.18005 0.37145 0.01707 0.42710 0.18438 1359.552
0.055 0.05928 36.80975 1.01028 2.18221 0.37137 0.01714 0.42678 0.18471 1360.332
0.060 0.05921 36.89238 1.01128 2.18437 0.37129 0.01720 0.42647 0.18504 1361.114
0.065 0.05914 36.97533 1.01229 2.18654 0.37121 0.01727 0.42615 0.18537 1361.897
0.070 0.05906 37.05859 1.01329 2.18871 0.37113 0.01734 0.42583 0.18570 1362.683
0.075 0.05899 37.14216 1.01430 2.19089 0.37104 0.01741 0.42551 0.18603 1363.470
0.080 0.05891 37.22604 1.01531 2.19307 0.37096 0.01748 0.42520 0.18636 1364.259
0.085 0.05884 37.31023 1.01632 2.19526 0.37088 0.01755 0.42488 0.18670 1365.050
0.090 0.05876 37.39475 1.01734 2.19745 0.37080 0.01761 0.42456 0.18703 1365.843
0.095 0.05869 37.47958 1.01835 2.19964 0.37071 0.01768 0.42424 0.18736 1366.638
0.100 0.05861 37.56473 1.01937 2.20184 0.37063 0.01775 0.42392 0.18769 1367.434
0.105 0.05854 37.65020 1.02039 2.20405 0.37055 0.01782 0.42360 0.18803 1368.233
0.110 0.05847 37.73600 1.02142 2.20626 0.37046 0.01789 0.42328 0.18836 1369.033
0.115 0.05839 37.82212 1.02244 2.20847 0.37038 0.01796 0.42296 0.18869 1369.835
0.120 0.05832 37.90857 1.02347 2.21069 0.37029 0.01803 0.42264 0.18903 1370.640
0.125 0.05824 37.99535 1.02450 2.21292 0.37021 0.01811 0.42232 0.18936 1371.446
0.130 0.05817 38.08245 1.02553 2.21514 0.37012 0.01818 0.42200 0.18970 1372.253
0.135 0.05809 38.16989 1.02656 2.21738 0.37004 0.01825 0.42168 0.19003 1373.063
0.140 0.05802 38.25766 1.02760 2.21962 0.36995 0.01832 0.42136 0.19037 1373.875
0.145 0.05794 38.34577 1.02864 2.22186 0.36986 0.01839 0.42104 0.19071 1374.689
0.150 0.05787 38.43421 1.02968 2.22411 0.36978 0.01846 0.42072 0.19104 1375.504
0.155 0.05779 38.52300 1.03072 2.22636 0.36969 0.01854 0.42040 0.19138 1376.322
0.160 0.05772 38.61212 1.03177 2.22862 0.36960 0.01861 0.42007 0.19172 1377.142
0.165 0.05764 38.70158 1.03281 2.23088 0.36951 0.01868 0.41975 0.19206 1377.963
0.170 0.05757 38.79139 1.03386 2.23315 0.36942 0.01875 0.41943 0.19239 1378.787
0.175 0.05749 38.88155 1.03492 2.23542 0.36933 0.01883 0.41911 0.19273 1379.612
0.180 0.05742 38.97205 1.03597 2.23770 0.36924 0.01890 0.41878 0.19307 1380.440
0.185 0.05734 39.06291 1.03703 2.23998 0.36915 0.01898 0.41846 0.19341 1381.269
0.190 0.05727 39.15411 1.03809 2.24227 0.36906 0.01905 0.41814 0.19375 1382.101
0.195 0.05719 39.24567 1.03915 2.24456 0.36897 0.01912 0.41781 0.19409 1382.934
0.200 0.05712 39.33758 1.04021 2.24685 0.36888 0.01920 0.41749 0.19443 1383.770
0.205 0.05704 39.42985 1.04128 2.24916 0.36879 0.01927 0.41717 0.19477 1384.607
0.210 0.05697 39.52248 1.04234 2.25146 0.36870 0.01935 0.41684 0.19511 1385.447
0.215 0.05689 39.61547 1.04341 2.25377 0.36860 0.01942 0.41652 0.19545 1386.288
0.220 0.05682 39.70882 1.04449 2.25609 0.36851 0.01950 0.41619 0.19580 1387.132
0.225 0.05674 39.80254 1.04556 2.25841 0.36842 0.01958 0.41587 0.19614 1387.978
0.230 0.05666 39.89663 1.04664 2.26074 0.36832 0.01965 0.41554 0.19648 1388.825
0.235 0.05659 39.99108 1.04772 2.26307 0.36823 0.01973 0.41522 0.19682 1389.675
0.240 0.05651 40.08591 1.04880 2.26541 0.36813 0.01981 0.41489 0.19717 1390.527
0.245 0.05644 40.18110 1.04988 2.26775 0.36804 0.01988 0.41457 0.19751 1391.381
0.250 0.05636 40.27667 1.05097 2.27010 0.36794 0.01996 0.41424 0.19785 1392.237
0.255 0.05629 40.37262 1.05206 2.27245 0.36785 0.02004 0.41391 0.19820 1393.096
0.260 0.05621 40.46895 1.05315 2.27481 0.36775 0.02012 0.41359 0.19854 1393.956
0.265 0.05614 40.56566 1.05424 2.27717 0.36765 0.02020 0.41326 0.19889 1394.818
0.270 0.05606 40.66275 1.05534 2.27954 0.36756 0.02027 0.41293 0.19923 1395.683
0.275 0.05598 40.76023 1.05644 2.28191 0.36746 0.02035 0.41261 0.19958 1396.550
0.280 0.05591 40.85809 1.05754 2.28429 0.36736 0.02043 0.41228 0.19993 1397.419
0.285 0.05583 40.95634 1.05864 2.28667 0.36726 0.02051 0.41195 0.20027 1398.290
0.290 0.05576 41.05499 1.05975 2.28906 0.36716 0.02059 0.41162 0.20062 1399.163
0.295 0.05568 41.15403 1.06086 2.29145 0.36707 0.02067 0.41129 0.20097 1400.038
0.300 0.05560 41.25346 1.06197 2.29385 0.36697 0.02075 0.41097 0.20132 1400.916
0.305 0.05553 41.35329 1.06308 2.29626 0.36687 0.02083 0.41064 0.20166 1401.796
0.310 0.05545 41.45352 1.06420 2.29867 0.36677 0.02091 0.41031 0.20201 1402.678
0.315 0.05538 41.55416 1.06532 2.30108 0.36666 0.02100 0.40998 0.20236 1403.562
0.320 0.05530 41.65519 1.06644 2.30350 0.36656 0.02108 0.40965 0.20271 1404.448
0.325 0.05522 41.75664 1.06756 2.30593 0.36646 0.02116 0.40932 0.20306 1405.337
0.330 0.05515 41.85849 1.06868 2.30836 0.36636 0.02124 0.40899 0.20341 1406.228
0.335 0.05507 41.96076 1.06981 2.31079 0.36626 0.02132 0.40866 0.20376 1407.121
0.340 0.05499 42.06343 1.07094 2.31323 0.36615 0.02141 0.40833 0.20411 1408.016
0.345 0.05492 42.16653 1.07207 2.31568 0.36605 0.02149 0.40800 0.20446 1408.914
0.350 0.05484 42.27004 1.07321 2.31813 0.36595 0.02157 0.40767 0.20481 1409.814
0.355 0.05476 42.37397 1.07435 2.32059 0.36584 0.02166 0.40734 0.20516 1410.716
0.360 0.05469 42.47833 1.07549 2.32306 0.36574 0.02174 0.40701 0.20552 1411.621
0.365 0.05461 42.58311 1.07663 2.32552 0.36563 0.02182 0.40668 0.20587 1412.528
0.370 0.05453 42.68831 1.07778 2.32800 0.36553 0.02191 0.40634 0.20622 1413.437
0.375 0.05446 42.79395 1.07893 2.33048 0.36542 0.02199 0.40601 0.20657 1414.348
0.380 0.05438 42.90002 1.08008 2.33296 0.36532 0.02208 0.40568 0.20693 1415.262
0.385 0.05430 43.00652 1.08123 2.33545 0.36521 0.02216 0.40535 0.20728 1416.178
0.390 0.05423 43.11347 1.08238 2.33795 0.36510 0.02225 0.40501 0.20763 1417.097
0.395 0.05415 43.22085 1.08354 2.34045 0.36499 0.02233 0.40468 0.20799 1418.018
0.400 0.05407 43.32867 1.08470 2.34296 0.36489 0.02242 0.40435 0.20834 1418.941
0.405 0.05400 43.43694 1.08587 2.34547 0.36478 0.02251 0.40402 0.20870 1419.866
0.410 0.05392 43.54565 1.08703 2.34799 0.36467 0.02259 0.40368 0.20905 1420.794
0.415 0.05384 43.65481 1.08820 2.35052 0.36456 0.02268 0.40335 0.20941 1421.725
0.420 0.05377 43.76443 1.08937 2.35305 0.36445 0.02277 0.40301 0.20977 1422.658
0.425 0.05369 43.87450 1.09055 2.35558 0.36434 0.02286 0.40268 0.21012 1423.593
0.430 0.05361 43.98503 1.09172 2.35812 0.36423 0.02294 0.40235 0.21048 1424.531
0.435 0.05353 44.09602 1.09290 2.36067 0.36412 0.02303 0.40201 0.21084 1425.471
0.440 0.05346 44.20747 1.09409 2.36322 0.36401 0.02312 0.40168 0.21119 1426.413
0.445 0.05338 44.31938 1.09527 2.36578 0.36390 0.02321 0.40134 0.21155 1427.358
0.450 0.05330 44.43177 1.09646 2.36835 0.36378 0.02330 0.40101 0.21191 1428.306
0.455 0.05323 44.54462 1.09765 2.37092 0.36367 0.02339 0.40067 0.21227 1429.256
0.460 0.05315 44.65795 1.09884 2.37349 0.36356 0.02348 0.40033 0.21263 1430.208
0.465 0.05307 44.77175 1.10003 2.37607 0.36344 0.02357 0.40000 0.21299 1431.163
0.470 0.05299 44.88603 1.10123 2.37866 0.36333 0.02366 0.39966 0.21335 1432.121
0.475 0.05292 45.00079 1.10243 2.38126 0.36322 0.02375 0.39933 0.21371 1433.081
0.480 0.05284 45.11604 1.10364 2.38385 0.36310 0.02384 0.39899 0.21407 1434.043
0.485 0.05276 45.23178 1.10484 2.38646 0.36299 0.02393 0.39865 0.21443 1435.008
0.490 0.05268 45.34800 1.10605 2.38907 0.36287 0.02403 0.39832 0.21479 1435.976
0.495 0.05261 45.46472 1.10726 2.39169 0.36275 0.02412 0.39798 0.21515 1436.946
0.500 0.05253 45.58193 1.10848 2.39431 0.36264 0.02421 0.39764 0.21551 1437.919
0.505 0.05245 45.69964 1.10969 2.39694 0.36252 0.02430 0.39730 0.21587 1438.895
0.510 0.05237 45.81785 1.11091 2.39958 0.36240 0.02440 0.39696 0.21623 1439.873
0.515 0.05229 45.93657 1.11214 2.40222 0.36229 0.02449 0.39663 0.21660 1440.853
0.520 0.05222 46.05579 1.11336 2.40486 0.36217 0.02458 0.39629 0.21696 1441.837
0.525 0.05214 46.17552 1.11459 2.40752 0.36205 0.02468 0.39595 0.21732 1442.822
0.530 0.05206 46.29577 1.11582 2.41017 0.36193 0.02477 0.39561 0.21769 1443.811
0.535 0.05198 46.41653 1.11706 2.41284 0.36181 0.02487 0.39527 0.21805 1444.802
0.540 0.05190 46.53781 1.11829 2.41551 0.36169 0.02496 0.39493 0.21841 1445.796
0.545 0.05183 46.65961 1.11953 2.41819 0.36157 0.02506 0.39459 0.21878 1446.793
0.550 0.05175 46.78194 1.12077 2.42087 0.36145 0.02515 0.39425 0.21914 1447.792
0.555 0.05167 46.90480 1.12202 2.42356 0.36133 0.02525 0.39391 0.21951 1448.794
0.560 0.05159 47.02819 1.12327 2.42626 0.36121 0.02535 0.39357 0.21987 1449.799
0.565 0.05151 47.15211 1.12452 2.42896 0.36109 0.02544 0.39323 0.22024 1450.806
0.570 0.05143 47.27657 1.12577 2.43167 0.36096 0.02554 0.39289 0.22061 1451.816
0.575 0.05136 47.40157 1.12703 2.43438 0.36084 0.02564 0.39255 0.22097 1452.829
0.580 0.05128 47.52712 1.12829 2.43710 0.36072 0.02574 0.39221 0.22134 1453.845
0.585 0.05120 47.65321 1.12955 2.43983 0.36059 0.02583 0.39187 0.22171 1454.863
0.590 0.05112 47.77986 1.13082 2.44256 0.36047 0.02593 0.39153 0.22207 1455.885
0.595 0.05104 47.90706 1.13208 2.44530 0.36034 0.02603 0.39118 0.22244 1456.909
0.600 0.05096 48.03481 1.13335 2.44805 0.36022 0.02613 0.39084 0.22281 1457.935
0.605 0.05089 48.16313 1.13463 2.45080 0.36009 0.02623 0.39050 0.22318 1458.965
0.610 0.05081 48.29201 1.13591 2.45356 0.35997 0.02633 0.39016 0.22355 1459.998
0.615 0.05073 48.42146 1.13719 2.45632 0.35984 0.02643 0.38981 0.22391 1461.033
0.620 0.05065 48.55147 1.13847 2.45909 0.35971 0.02653 0.38947 0.22428 1462.071
0.625 0.05057 48.68207 1.13976 2.46187 0.35959 0.02663 0.38913 0.22465 1463.113
0.630 0.05049 48.81324 1.14104 2.46465 0.35946 0.02673 0.38879 0.22502 1464.157
0.635 0.05041 48.94499 1.14234 2.46745 0.35933 0.02683 0.38844 0.22539 1465.204
0.640 0.05033 49.07733 1.14363 2.47024 0.35920 0.02694 0.38810 0.22576 1466.253
0.645 0.05025 49.21025 1.14493 2.47305 0.35907 0.02704 0.38775 0.22613 1467.306
0.650 0.05018 49.34377 1.14623 2.47586 0.35894 0.02714 0.38741 0.22651 1468.362
0.655 0.05010 49.47788 1.14753 2.47867 0.35881 0.02724 0.38707 0.22688 1469.421
0.660 0.05002 49.61259 1.14884 2.48150 0.35868 0.02735 0.38672 0.22725 1470.482
0.665 0.04994 49.74790 1.15015 2.48433 0.35855 0.02745 0.38638 0.22762 1471.547
0.670 0.04986 49.88383 1.15146 2.48716 0.35842 0.02756 0.38603 0.22799 1472.615
0.675 0.04978 50.02036 1.15278 2.49000 0.35829 0.02766 0.38569 0.22837 1473.685
0.680 0.04970 50.15750 1.15410 2.49285 0.35816 0.02776 0.38534 0.22874 1474.759
0.685 0.04962 50.29526 1.15542 2.49571 0.35803 0.02787 0.38499 0.22911 1475.836
0.690 0.04954 50.43365 1.15675 2.49857 0.35789 0.02798 0.38465 0.22948 1476.915
0.695 0.04946 50.57266 1.15808 2.50144 0.35776 0.02808 0.38430 0.22986 1477.998
0.700 0.04938 50.71229 1.15941 2.50432 0.35763 0.02819 0.38396 0.23023 1479.084
0.705 0.04930 50.85257 1.16074 2.50720 0.35749 0.02829 0.38361 0.23061 1480.173
0.710 0.04922 50.99347 1.16208 2.51009 0.35736 0.02840 0.38326 0.23098 1481.265
0.715 0.04914 51.13502 1.16342 2.51299 0.35722 0.02851 0.38292 0.23136 1482.361
0.720 0.04906 51.27722 1.16477 2.51589 0.35709 0.02862 0.38257 0.23173 1483.459
0.725 0.04898 51.42006 1.16611 2.51880 0.35695 0.02872 0.38222 0.23211 1484.560
0.730 0.04891 51.56356 1.16746 2.52172 0.35681 0.02883 0.38187 0.23248 1485.665
0.735 0.04883 51.70771 1.16882 2.52464 0.35668 0.02894 0.38152 0.23286 1486.773
0.740 0.04875 51.85252 1.17017 2.52757 0.35654 0.02905 0.38118 0.23323 1487.884
0.745 0.04867 51.99800 1.17153 2.53051 0.35640 0.02916 0.38083 0.23361 1488.998
0.750 0.04859 52.14415 1.17290 2.53346 0.35626 0.02927 0.38048 0.23399 1490.116
0.755 0.04851 52.29098 1.17426 2.53641 0.35612 0.02938 0.38013 0.23437 1491.237
0.760 0.04843 52.43848 1.17563 2.53937 0.35598 0.02949 0.37978 0.23474 1492.361
0.765 0.04835 52.58666 1.17701 2.54233 0.35584 0.02960 0.37943 0.23512 1493.488
0.770 0.04827 52.73553 1.17838 2.54531 0.35570 0.02971 0.37908 0.23550 1494.619
0.775 0.04819 52.88509 1.17976 2.54829 0.35556 0.02982 0.37873 0.23588 1495.752
0.780 0.04811 53.03535 1.18115 2.55127 0.35542 0.02994 0.37838 0.23626 1496.890
0.785 0.04802 53.18630 1.18253 2.55427 0.35528 0.03005 0.37803 0.23663 1498.030
0.790 0.04794 53.33796 1.18392 2.55727 0.35514 0.03016 0.37768 0.23701 1499.174
0.795 0.04786 53.49033 1.18531 2.56028 0.35500 0.03028 0.37733 0.23739 1500.321
0.800 0.04778 53.64341 1.18671 2.56329 0.35486 0.03039 0.37698 0.23777 1501.472
0.805 0.04770 53.79721 1.18811 2.56632 0.35471 0.03050 0.37663 0.23815 1502.626
0.810 0.04762 53.95173 1.18951 2.56934 0.35457 0.03062 0.37628 0.23853 1503.783
0.815 0.04754 54.10698 1.19092 2.57238 0.35442 0.03073 0.37593 0.23891 1504.944
0.820 0.04746 54.26296 1.19233 2.57543 0.35428 0.03085 0.37558 0.23929 1506.108
0.825 0.04738 54.41967 1.19374 2.57848 0.35413 0.03096 0.37523 0.23967 1507.276
0.830 0.04730 54.57713 1.19516 2.58154 0.35399 0.03108 0.37488 0.24006 1508.447
0.835 0.04722 54.73533 1.19658 2.58460 0.35384 0.03120 0.37452 0.24044 1509.622
0.840 0.04714 54.89428 1.19800 2.58768 0.35370 0.03131 0.37417 0.24082 1510.800
0.845 0.04706 55.05399 1.19942 2.59076 0.35355 0.03143 0.37382 0.24120 1511.982
0.850 0.04698 55.21446 1.20085 2.59385 0.35340 0.03155 0.37347 0.24158 1513.167
0.855 0.04690 55.37569 1.20229 2.59694 0.35326 0.03167 0.37311 0.24197 1514.356
0.860 0.04682 55.53770 1.20372 2.60005 0.35311 0.03178 0.37276 0.24235 1515.549
0.865 0.04673 55.70048 1.20516 2.60316 0.35296 0.03190 0.37241 0.24273 1516.745
0.870 0.04665 55.86404 1.20661 2.60627 0.35281 0.03202 0.37205 0.24311 1517.945
0.875 0.04657 56.02838 1.20806 2.60940 0.35266 0.03214 0.37170 0.24350 1519.148
0.880 0.04649 56.19352 1.20951 2.61253 0.35251 0.03226 0.37135 0.24388 1520.355
0.885 0.04641 56.35945 1.21096 2.61567 0.35236 0.03238 0.37099 0.24427 1521.565
0.890 0.04633 56.52618 1.21242 2.61882 0.35221 0.03250 0.37064 0.24465 1522.780
0.895 0.04625 56.69372 1.21388 2.62198 0.35206 0.03262 0.37028 0.24504 1523.998
0.900 0.04617 56.86207 1.21534 2.62514 0.35191 0.03275 0.36993 0.24542 1525.219
0.905 0.04609 57.03124 1.21681 2.62831 0.35175 0.03287 0.36957 0.24580 1526.445
0.910 0.04600 57.20123 1.21828 2.63149 0.35160 0.03299 0.36922 0.24619 1527.674
0.915 0.04592 57.37204 1.21976 2.63468 0.35145 0.03311 0.36886 0.24658 1528.907
0.920 0.04584 57.54369 1.22124 2.63787 0.35130 0.03324 0.36851 0.24696 1530.144
0.925 0.04576 57.71618 1.22272 2.64108 0.35114 0.03336 0.36815 0.24735 1531.385
0.930 0.04568 57.88952 1.22421 2.64429 0.35099 0.03348 0.36780 0.24773 1532.629
0.935 0.04560 58.06370 1.22570 2.64750 0.35083 0.03361 0.36744 0.24812 1533.877
0.940 0.04551 58.23874 1.22719 2.65073 0.35068 0.03373 0.36708 0.24851 1535.129
0.945 0.04543 58.41464 1.22869 2.65396 0.35052 0.03386 0.36673 0.24889 1536.385
0.950 0.04535 58.59141 1.23019 2.65720 0.35037 0.03398 0.36637 0.24928 1537.645
0.955 0.04527 58.76905 1.23169 2.66045 0.35021 0.03411 0.36601 0.24967 1538.909
0.960 0.04519 58.94757 1.23320 2.66371 0.35005 0.03424 0.36566 0.25006 1540.177
0.965 0.04511 59.12697 1.23471 2.66698 0.34989 0.03436 0.36530 0.25044 1541.449
0.970 0.04502 59.30727 1.23623 2.67025 0.34974 0.03449 0.36494 0.25083 1542.725
0.975 0.04494 59.48846 1.23775 2.67353 0.34958 0.03462 0.36458 0.25122 1544.005
0.980 0.04486 59.67055 1.23927 2.67682 0.34942 0.03475 0.36423 0.25161 1545.288
0.985 0.04478 59.85356 1.24079 2.68012 0.34926 0.03487 0.36387 0.25200 1546.576
0.990 0.04470 60.03748 1.24232 2.68342 0.34910 0.03500 0.36351 0.25239 1547.868
0.995 0.04461 60.22232 1.24386 2.68674 0.34894 0.03513 0.36315 0.25278 1549.164
1.000 0.04453 60.40808 1.24540 2.69006 0.34878 0.03526 0.36279 0.25317 1550.464
1.005 0.04445 60.59479 1.24694 2.69339 0.34862 0.03539 0.36243 0.25356 1551.769
1.010 0.04437 60.78243 1.24848 2.69672 0.34846 0.03552 0.36207 0.25394 1553.077
1.015 0.04428 60.97102 1.25003 2.70007 0.34829 0.03565 0.36172 0.25433 1554.390
1.020 0.04420 61.16056 1.25159 2.70343 0.34813 0.03579 0.36136 0.25473 1555.706
1.025 0.04412 61.35106 1.25314 2.70679 0.34797 0.03592 0.36100 0.25512 1557.027
1.030 0.04404 61.54253 1.25470 2.71016 0.34781 0.03605 0.36064 0.25551 1558.353
1.035 0.04395 61.73497 1.25627 2.71354 0.34764 0.03618 0.36028 0.25590 1559.682
1.040 0.04387 61.92839 1.25784 2.71693 0.34748 0.03632 0.35992 0.25629 1561.016
1.045 0.04379 62.12280 1.25941 2.72032 0.34731 0.03645 0.35956 0.25668 1562.354
1.050 0.04371 62.31820 1.26098 2.72373 0.34715 0.03659 0.35920 0.25707 1563.696
1.055 0.04362 62.51461 1.26256 2.72714 0.34698 0.03672 0.35883 0.25746 1565.043
1.060 0.04354 62.71202 1.26415 2.73056 0.34682 0.03685 0.35847 0.25786 1566.394
1.065 0.04346 62.91044 1.26574 2.73399 0.34665 0.03699 0.35811 0.25825 1567.750
1.070 0.04338 63.10989 1.26733 2.73743 0.34648 0.03713 0.35775 0.25864 1569.110
1.075 0.04329 63.31036 1.26892 2.74088 0.34632 0.03726 0.35739 0.25903 1570.474
1.080 0.04321 63.51187 1.27052 2.74433 0.34615 0.03740 0.35703 0.25942 1571.843
1.085 0.04313 63.71443 1.27213 2.74780 0.34598 0.03754 0.35667 0.25982 1573.216
1.090 0.04304 63.91803 1.27374 2.75127 0.34581 0.03767 0.35630 0.26021 1574.594
1.095 0.04296 64.12269 1.27535 2.75475 0.34564 0.03781 0.35594 0.26060 1575.976
1.100 0.04288 64.32842 1.27696 2.75824 0.34547 0.03795 0.35558 0.26100 1577.363
1.105 0.04279 64.53522 1.27858 2.76174 0.34530 0.03809 0.35522 0.26139 1578.755
1.110 0.04271 64.74310 1.28021 2.76525 0.34513 0.03823 0.35485 0.26179 1580.151
1.115 0.04263 64.95207 1.28183 2.76876 0.34496 0.03837 0.35449 0.26218 1581.552
1.120 0.04254 65.16214 1.28347 2.77229 0.34479 0.03851 0.35413 0.26257 1582.957
1.125 0.04246 65.37331 1.28510 2.77582 0.34462 0.03865 0.35377 0.26297 1584.367
1.130 0.04238 65.58559 1.28674 2.77937 0.34444 0.03879 0.35340 0.26336 1585.782
1.135 0.04229 65.79899 1.28839 2.78292 0.34427 0.03893 0.35304 0.26376 1587.201
1.140 0.04221 66.01352 1.29004 2.78648 0.34410 0.03908 0.35267 0.26415 1588.626
1.145 0.04213 66.22918 1.29169 2.79005 0.34392 0.03922 0.35231 0.26455 1590.055
1.150 0.04204 66.44599 1.29335 2.79363 0.34375 0.03936 0.35195 0.26494 1591.488
1.155 0.04196 66.66395 1.29501 2.79721 0.34357 0.03951 0.35158 0.26534 1592.927
1.160 0.04188 66.88307 1.29667 2.80081 0.34340 0.03965 0.35122 0.26573 1594.371
1.165 0.04179 67.10335 1.29834 2.80442 0.34322 0.03979 0.35085 0.26613 1595.819
1.170 0.04171 67.32482 1.30001 2.80803 0.34305 0.03994 0.35049 0.26653 1597.272
1.175 0.04162 67.54747 1.30169 2.81165 0.34287 0.04008 0.35012 0.26692 1598.730
1.180 0.04154 67.77132 1.30337 2.81529 0.34269 0.04023 0.34976 0.26732 1600.194
1.185 0.04146 67.99637 1.30506 2.81893 0.34252 0.04038 0.34939 0.26771 1601.662
1.190 0.04137 68.22263 1.30675 2.82258 0.34234 0.04052 0.34903 0.26811 1603.135
1.195 0.04129 68.45011 1.30845 2.82624 0.34216 0.04067 0.34866 0.26851 1604.613
1.200 0.04121 68.67882 1.31014 2.82991 0.34198 0.04082 0.34829 0.26891 1606.096
1.205 0.04112 68.90877 1.31185 2.83359 0.34180 0.04097 0.34793 0.26930 1607.585
1.210 0.04104 69.13997 1.31356 2.83728 0.34162 0.04112 0.34756 0.26970 1609.078
1.215 0.04095 69.37242 1.31527 2.84098 0.34144 0.04127 0.34720 0.27010 1610.577
1.220 0.04087 69.60615 1.31698 2.84469 0.34126 0.04141 0.34683 0.27049 1612.081
1.225 0.04078 69.84114 1.31870 2.84840 0.34108 0.04156 0.34646 0.27089 1613.590
1.230 0.04070 70.07743 1.32043 2.85213 0.34090 0.04172 0.34609 0.27129 1615.104
1.235 0.04062 70.31500 1.32216 2.85586 0.34072 0.04187 0.34573 0.27169 1616.624
1.240 0.04053 70.55388 1.32389 2.85961 0.34053 0.04202 0.34536 0.27209 1618.149
1.245 0.04045 70.79408 1.32563 2.86336 0.34035 0.04217 0.34499 0.27248 1619.679
1.250 0.04036 71.03560 1.32737 2.86713 0.34017 0.04232 0.34463 0.27288 1621.214
1.255 0.04028 71.27845 1.32912 2.87090 0.33998 0.04248 0.34426 0.27328 1622.755
1.260 0.04019 71.52264 1.33087 2.87469 0.33980 0.04263 0.34389 0.27368 1624.302
1.265 0.04011 71.76819 1.33263 2.87848 0.33962 0.04278 0.34352 0.27408 1625.853
1.270 0.04002 72.01511 1.33439 2.88228 0.33943 0.04294 0.34315 0.27448 1627.411
1.275 0.03994 72.26339 1.33616 2.88609 0.33925 0.04309 0.34278 0.27488 1628.974
1.280 0.03985 72.51307 1.33792 2.88992 0.33906 0.04325 0.34242 0.27528 1630.542
1.285 0.03977 72.76413 1.33970 2.89375 0.33887 0.04340 0.34205 0.27568 1632.116
1.290 0.03968 73.01661 1.34148 2.89759 0.33869 0.04356 0.34168 0.27608 1633.695
1.295 0.03960 73.27050 1.34326 2.90144 0.33850 0.04372 0.34131 0.27648 1635.280
1.300 0.03951 73.52581 1.34505 2.90531 0.33831 0.04388 0.34094 0.27688 1636.871
1.305 0.03943 73.78256 1.34684 2.90918 0.33812 0.04403 0.34057 0.27727 1638.468
1.310 0.03934 74.04077 1.34864 2.91306 0.33793 0.04419 0.34020 0.27767 1640.070
1.315 0.03926 74.30043 1.35044 2.91695 0.33774 0.04435 0.33983 0.27808 1641.678
1.320 0.03917 74.56156 1.35225 2.92085 0.33755 0.04451 0.33946 0.27848 1643.291
1.325 0.03909 74.82418 1.35406 2.92477 0.33736 0.04467 0.33909 0.27888 1644.911
1.330 0.03900 75.08829 1.35587 2.92869 0.33717 0.04483 0.33872 0.27928 1646.537
1.335 0.03892 75.35390 1.35769 2.93262 0.33698 0.04499 0.33835 0.27968 1648.168
1.340 0.03883 75.62103 1.35952 2.93656 0.33679 0.04515 0.33798 0.28008 1649.805
1.345 0.03875 75.88969 1.36135 2.94051 0.33660 0.04531 0.33761 0.28048 1651.448
1.350 0.03866 76.15989 1.36318 2.94448 0.33641 0.04548 0.33724 0.28088 1653.098
1.355 0.03858 76.43164 1.36502 2.94845 0.33621 0.04564 0.33687 0.28128 1654.753
1.360 0.03849 76.70496 1.36687 2.95243 0.33602 0.04580 0.33650 0.28168 1656.414
1.365 0.03841 76.97986 1.36872 2.95643 0.33583 0.04597 0.33612 0.28208 1658.082
1.370 0.03832 77.25634 1.37057 2.96043 0.33563 0.04613 0.33575 0.28248 1659.755
1.375 0.03823 77.53442 1.37243 2.96445 0.33544 0.04630 0.33538 0.28288 1661.435
1.380 0.03815 77.81412 1.37429 2.96847 0.33524 0.04646 0.33501 0.28329 1663.121
1.385 0.03806 78.09544 1.37616 2.97251 0.33505 0.04663 0.33464 0.28369 1664.813
1.390 0.03798 78.37841 1.37803 2.97655 0.33485 0.04679 0.33426 0.28409 1666.512
1.395 0.03789 78.66302 1.37991 2.98061 0.33465 0.04696 0.33389 0.28449 1668.216
1.400 0.03780 78.94930 1.38179 2.98468 0.33446 0.04713 0.33352 0.28489 1669.928
1.405 0.03772 79.23726 1.38368 2.98875 0.33426 0.04730 0.33315 0.28529 1671.645
1.410 0.03763 79.52692 1.38558 2.99284 0.33406 0.04747 0.33277 0.28570 1673.369
1.415 0.03755 79.81827 1.38747 2.99694 0.33386 0.04764 0.33240 0.28610 1675.100
1.420 0.03746 80.11135 1.38938 3.00105 0.33367 0.04780 0.33203 0.28650 1676.836
1.425 0.03737 80.40616 1.39128 3.00517 0.33347 0.04797 0.33166 0.28690 1678.580
1.430 0.03729 80.70271 1.39320 3.00930 0.33327 0.04815 0.33128 0.28731 1680.330
1.435 0.03720 81.00103 1.39511 3.01345 0.33307 0.04832 0.33091 0.28771 1682.087
1.440 0.03712 81.30112 1.39704 3.01760 0.33287 0.04849 0.33053 0.28811 1683.850
1.445 0.03703 81.60300 1.39896 3.02176 0.33267 0.04866 0.33016 0.28851 1685.620
1.450 0.03694 81.90668 1.40090 3.02594 0.33246 0.04883 0.32979 0.28892 1687.397
1.455 0.03686 82.21218 1.40284 3.03012 0.33226 0.04901 0.32941 0.28932 1689.181
1.460 0.03677 82.51951 1.40478 3.03432 0.33206 0.04918 0.32904 0.28972 1690.971
1.465 0.03668 82.82869 1.40673 3.03853 0.33186 0.04936 0.32866 0.29012 1692.769
1.470 0.03660 83.13973 1.40868 3.04275 0.33165 0.04953 0.32829 0.29053 1694.573
1.475 0.03651 83.45265 1.41064 3.04698 0.33145 0.04971 0.32792 0.29093 1696.384
1.480 0.03642 83.76746 1.41260 3.05122 0.33125 0.04988 0.32754 0.29133 1698.202
1.485 0.03634 84.08418 1.41457 3.05547 0.33104 0.05006 0.32717 0.29174 1700.027
1.490 0.03625 84.40282 1.41654 3.05974 0.33084 0.05023 0.32679 0.29214 1701.860
1.495 0.03616 84.72341 1.41852 3.06401 0.33063 0.05041 0.32642 0.29254 1703.699
1.500 0.03608 85.04594 1.42051 3.06830 0.33042 0.05059 0.32604 0.29294 1705.546
1.505 0.03599 85.37045 1.42250 3.07260 0.33022 0.05077 0.32566 0.29335 1707.400
1.510 0.03590 85.69695 1.42449 3.07690 0.33001 0.05095 0.32529 0.29375 1709.261
1.515 0.03582 86.02546 1.42649 3.08122 0.32980 0.05113 0.32491 0.29415 1711.129
1.520 0.03573 86.35598 1.42850 3.08556 0.32960 0.05131 0.32454 0.29456 1713.005
1.525 0.03564 86.68854 1.43051 3.08990 0.32939 0.05149 0.32416 0.29496 1714.888
1.530 0.03556 87.02316 1.43253 3.09426 0.32918 0.05167 0.32379 0.29536 1716.778
1.535 0.03547 87.35984 1.43455 3.09862 0.32897 0.05185 0.32341 0.29577 1718.676
1.540 0.03538 87.69862 1.43657 3.10300 0.32876 0.05204 0.32303 0.29617 1720.582
1.545 0.03530 88.03950 1.43861 3.10739 0.32855 0.05222 0.32266 0.29657 1722.495
1.550 0.03521 88.38251 1.44064 3.11179 0.32834 0.05240 0.32228 0.29698 1724.416
1.555 0.03512 88.72766 1.44269 3.11621 0.32813 0.05259 0.32190 0.29738 1726.344
1.560 0.03503 89.07497 1.44474 3.12063 0.32792 0.05277 0.32153 0.29778 1728.281
1.565 0.03495 89.42446 1.44679 3.12507 0.32771 0.05296 0.32115 0.29819 1730.225
1.570 0.03486 89.77615 1.44885 3.12952 0.32750 0.05314 0.32077 0.29859 1732.176
1.575 0.03477 90.13005 1.45092 3.13398 0.32728 0.05333 0.32039 0.29900 1734.136
1.580 0.03468 90.48618 1.45299 3.13845 0.32707 0.05351 0.32002 0.29940 1736.104
1.585 0.03460 90.84457 1.45506 3.14294 0.32686 0.05370 0.31964 0.29980 1738.079
1.590 0.03451 91.20523 1.45714 3.14743 0.32664 0.05389 0.31926 0.30021 1740.063
1.595 0.03442 91.56818 1.45923 3.15194 0.32643 0.05408 0.31888 0.30061 1742.054
1.600 0.03433 91.93345 1.46133 3.15646 0.32621 0.05427 0.31851 0.30101 1744.054
1.605 0.03425 92.30104 1.46342 3.16100 0.32600 0.05446 0.31813 0.30142 1746.062
1.610 0.03416 92.67099 1.46553 3.16554 0.32578 0.05465 0.31775 0.30182 1748.078
1.615 0.03407 93.04331 1.46764 3.17010 0.32557 0.05484 0.31737 0.30222 1750.103
1.620 0.03398 93.41802 1.46975 3.17467 0.32535 0.05503 0.31699 0.30263 1752.135
1.625 0.03390 93.79514 1.47188 3.17925 0.32513 0.05522 0.31661 0.30303 1754.177
1.630 0.03381 94.17470 1.47400 3.18385 0.32491 0.05541 0.31624 0.30343 1756.226
1.635 0.03372 94.55671 1.47614 3.18845 0.32470 0.05561 0.31586 0.30384 1758.284
1.640 0.03363 94.94120 1.47827 3.19307 0.32448 0.05580 0.31548 0.30424 1760.351
1.645 0.03354 95.32818 1.48042 3.19770 0.32426 0.05600 0.31510 0.30465 1762.426
1.650 0.03346 95.71769 1.48257 3.20235 0.32404 0.05619 0.31472 0.30505 1764.510
1.655 0.03337 96.10974 1.48472 3.20700 0.32382 0.05639 0.31434 0.30545 1766.603
1.660 0.03328 96.50435 1.48689 3.21167 0.32360 0.05658 0.31396 0.30586 1768.705
1.665 0.03319 96.90155 1.48905 3.21636 0.32338 0.05678 0.31358 0.30626 1770.815
1.670 0.03310 97.30135 1.49123 3.22105 0.32316 0.05698 0.31320 0.30666 1772.934
1.675 0.03302 97.70379 1.49341 3.22576 0.32294 0.05717 0.31282 0.30707 1775.062
1.680 0.03293 98.10889 1.49559 3.23048 0.32272 0.05737 0.31244 0.30747 1777.200
1.685 0.03284 98.51667 1.49778 3.23521 0.32249 0.05757 0.31206 0.30787 1779.346
1.690 0.03275 98.92715 1.49998 3.23996 0.32227 0.05777 0.31168 0.30828 1781.501
1.695 0.03266 99.34035 1.50218 3.24472 0.32205 0.05797 0.31130 0.30868 1783.666
1.700 0.03257 99.75631 1.50439 3.24949 0.32182 0.05817 0.31092 0.30908 1785.840
1.705 0.03249 100.17504 1.50661 3.25428 0.32160 0.05837 0.31054 0.30949 1788.023
1.710 0.03240 100.59658 1.50883 3.25907 0.32138 0.05857 0.31016 0.30989 1790.216
1.715 0.03231 101.02094 1.51106 3.26389 0.32115 0.05878 0.30978 0.31029 1792.418
1.720 0.03222 101.44816 1.51329 3.26871 0.32092 0.05898 0.30940 0.31069 1794.629
1.725 0.03213 101.87825 1.51553 3.27355 0.32070 0.05918 0.30902 0.31110 1796.850
1.730 0.03204 102.31124 1.51778 3.27840 0.32047 0.05939 0.30864 0.31150 1799.081
1.735 0.03195 102.74717 1.52003 3.28326 0.32025 0.05959 0.30826 0.31190 1801.322
1.740 0.03187 103.18605 1.52229 3.28814 0.32002 0.05980 0.30788 0.31231 1803.572
1.745 0.03178 103.62792 1.52455 3.29303 0.31979 0.06000 0.30750 0.31271 1805.832
1.750 0.03169 104.07280 1.52682 3.29793 0.31956 0.06021 0.30711 0.31311 1808.102
1.755 0.03160 104.52071 1.52910 3.30285 0.31933 0.06042 0.30673 0.31351 1810.382
1.760 0.03151 104.97169 1.53138 3.30778 0.31911 0.06063 0.30635 0.31392 1812.672
1.765 0.03142 105.42577 1.53367 3.31273 0.31888 0.06083 0.30597 0.31432 1814.972
1.770 0.03133 105.88297 1.53597 3.31769 0.31865 0.06104 0.30559 0.31472 1817.283
1.775 0.03124 106.34332 1.53827 3.32266 0.31842 0.06125 0.30521 0.31512 1819.603
1.780 0.03116 106.80685 1.54058 3.32764 0.31819 0.06146 0.30483 0.31553 1821.934
1.785 0.03107 107.27360 1.54289 3.33264 0.31796 0.06167 0.30444 0.31593 1824.275
1.790 0.03098 107.74358 1.54521 3.33766 0.31772 0.06188 0.30406 0.31633 1826.627
1.795 0.03089 108.21684 1.54754 3.34268 0.31749 0.06210 0.30368 0.31673 1828.990
