timeGa Urey Qt heat/H0 heatTW 1HPE 2HPE 3HPE 4HPE TempC
0.005 0.97721 104.92925 0.99715 102.53777 0.14746 0.29588 0.10491 0.45175 1799.946
0.010 0.97452 104.91950 0.99431 102.24598 0.14776 0.29526 0.10519 0.45179 1799.886
0.015 0.97185 104.90860 0.99149 101.95529 0.14807 0.29465 0.10546 0.45182 1799.819
0.020 0.96920 104.89656 0.98867 101.66569 0.14838 0.29404 0.10573 0.45185 1799.747
0.025 0.96657 104.88338 0.98587 101.37718 0.14868 0.29343 0.10601 0.45188 1799.668
0.030 0.96396 104.86909 0.98307 101.08975 0.14899 0.29281 0.10628 0.45191 1799.582
0.035 0.96137 104.85369 0.98029 100.80340 0.14930 0.29220 0.10656 0.45194 1799.491
0.040 0.95880 104.83718 0.97751 100.51813 0.14960 0.29159 0.10684 0.45197 1799.394
0.045 0.95625 104.81957 0.97475 100.23393 0.14991 0.29098 0.10711 0.45199 1799.291
0.050 0.95372 104.80089 0.97199 99.95079 0.15022 0.29037 0.10739 0.45202 1799.181
0.055 0.95121 104.78112 0.96925 99.66872 0.15053 0.28976 0.10767 0.45204 1799.066
0.060 0.94872 104.76029 0.96652 99.38770 0.15084 0.28916 0.10794 0.45206 1798.945
0.065 0.94624 104.73841 0.96380 99.10774 0.15115 0.28855 0.10822 0.45208 1798.818
0.070 0.94378 104.71547 0.96108 98.82882 0.15146 0.28794 0.10850 0.45210 1798.686
0.075 0.94135 104.69149 0.95838 98.55095 0.15177 0.28733 0.10878 0.45212 1798.547
0.080 0.93893 104.66648 0.95569 98.27412 0.15208 0.28673 0.10906 0.45214 1798.403
0.085 0.93652 104.64046 0.95301 97.99832 0.15239 0.28612 0.10934 0.45215 1798.254
0.090 0.93414 104.61341 0.95033 97.72355 0.15270 0.28552 0.10962 0.45217 1798.099
0.095 0.93177 104.58536 0.94767 97.44981 0.15301 0.28491 0.10990 0.45218 1797.938
0.100 0.92942 104.55632 0.94502 97.17710 0.15332 0.28431 0.11018 0.45219 1797.772
0.105 0.92709 104.52629 0.94238 96.90540 0.15363 0.28371 0.11046 0.45221 1797.600
0.110 0.92478 104.49528 0.93975 96.63471 0.15394 0.28310 0.11074 0.45222 1797.423
0.115 0.92248 104.46330 0.93712 96.36503 0.15425 0.28250 0.11103 0.45222 1797.241
0.120 0.92020 104.43036 0.93451 96.09636 0.15456 0.28190 0.11131 0.45223 1797.053
0.125 0.91793 104.39646 0.93191 95.82870 0.15487 0.28130 0.11159 0.45224 1796.860
0.130 0.91568 104.36162 0.92931 95.56202 0.15518 0.28070 0.11188 0.45224 1796.662
0.135 0.91345 104.32585 0.92673 95.29635 0.15550 0.28010 0.11216 0.45225 1796.458
0.140 0.91123 104.28914 0.92416 95.03166 0.15581 0.27950 0.11245 0.45225 1796.250
0.145 0.90903 104.25152 0.92159 94.76795 0.15612 0.27890 0.11273 0.45225 1796.036
0.150 0.90685 104.21299 0.91904 94.50523 0.15643 0.27830 0.11302 0.45225 1795.817
0.155 0.90468 104.17355 0.91649 94.24348 0.15675 0.27770 0.11330 0.45225 1795.594
0.160 0.90252 104.13322 0.91396 93.98270 0.15706 0.27710 0.11359 0.45225 1795.365
0.165 0.90039 104.09200 0.91143 93.72290 0.15737 0.27651 0.11387 0.45225 1795.131
0.170 0.89826 104.04990 0.90891 93.46405 0.15769 0.27591 0.11416 0.45224 1794.893
0.175 0.89615 104.00693 0.90640 93.20617 0.15800 0.27531 0.11445 0.45224 1794.650
0.180 0.89406 103.96310 0.90391 92.94925 0.15831 0.27472 0.11474 0.45223 1794.402
0.185 0.89198 103.91841 0.90142 92.69327 0.15863 0.27412 0.11503 0.45222 1794.149
0.190 0.88992 103.87288 0.89894 92.43825 0.15894 0.27353 0.11531 0.45221 1793.891
0.195 0.88787 103.82651 0.89647 92.18417 0.15926 0.27294 0.11560 0.45220 1793.629
0.200 0.88583 103.77930 0.89400 91.93103 0.15957 0.27234 0.11589 0.45219 1793.362
0.205 0.88381 103.73128 0.89155 91.67883 0.15989 0.27175 0.11618 0.45218 1793.091
0.210 0.88180 103.68244 0.88911 91.42756 0.16020 0.27116 0.11647 0.45217 1792.815
0.215 0.87981 103.63279 0.88667 91.17722 0.16052 0.27057 0.11676 0.45215 1792.534
0.220 0.87783 103.58234 0.88425 90.92781 0.16083 0.26998 0.11706 0.45213 1792.249
0.225 0.87587 103.53110 0.88183 90.67931 0.16115 0.26939 0.11735 0.45212 1791.959
0.230 0.87391 103.47907 0.87942 90.43174 0.16147 0.26880 0.11764 0.45210 1791.666
0.235 0.87197 103.42626 0.87703 90.18508 0.16178 0.26821 0.11793 0.45208 1791.367
0.240 0.87005 103.37269 0.87464 89.93932 0.16210 0.26762 0.11823 0.45206 1791.065
0.245 0.86814 103.31835 0.87225 89.69448 0.16241 0.26703 0.11852 0.45204 1790.758
0.250 0.86624 103.26326 0.86988 89.45054 0.16273 0.26644 0.11881 0.45201 1790.447
0.255 0.86435 103.20742 0.86752 89.20749 0.16305 0.26586 0.11911 0.45199 1790.131
0.260 0.86248 103.15084 0.86516 88.96534 0.16337 0.26527 0.11940 0.45196 1789.812
0.265 0.86062 103.09353 0.86282 88.72409 0.16368 0.26469 0.11970 0.45194 1789.488
0.270 0.85877 103.03549 0.86048 88.48372 0.16400 0.26410 0.11999 0.45191 1789.160
0.275 0.85693 102.97673 0.85815 88.24423 0.16432 0.26352 0.12029 0.45188 1788.828
0.280 0.85511 102.91726 0.85583 88.00563 0.16464 0.26293 0.12058 0.45185 1788.493
0.285 0.85330 102.85709 0.85352 87.76790 0.16495 0.26235 0.12088 0.45182 1788.153
0.290 0.85150 102.79622 0.85122 87.53105 0.16527 0.26177 0.12118 0.45178 1787.809
0.295 0.84971 102.73465 0.84892 87.29506 0.16559 0.26118 0.12148 0.45175 1787.461
0.300 0.84794 102.67241 0.84663 87.05994 0.16591 0.26060 0.12177 0.45171 1787.109
0.305 0.84618 102.60949 0.84436 86.82568 0.16623 0.26002 0.12207 0.45168 1786.754
0.310 0.84442 102.54589 0.84209 86.59229 0.16655 0.25944 0.12237 0.45164 1786.394
0.315 0.84269 102.48164 0.83982 86.35974 0.16687 0.25886 0.12267 0.45160 1786.031
0.320 0.84096 102.41673 0.83757 86.12805 0.16718 0.25828 0.12297 0.45156 1785.664
0.325 0.83924 102.35117 0.83533 85.89721 0.16750 0.25771 0.12327 0.45152 1785.294
0.330 0.83753 102.28497 0.83309 85.66721 0.16782 0.25713 0.12357 0.45148 1784.919
0.335 0.83584 102.21813 0.83086 85.43806 0.16814 0.25655 0.12387 0.45143 1784.541
0.340 0.83416 102.15066 0.82864 85.20974 0.16846 0.25598 0.12417 0.45139 1784.160
0.345 0.83249 102.08257 0.82643 84.98226 0.16878 0.25540 0.12447 0.45134 1783.775
0.350 0.83082 102.01386 0.82423 84.75561 0.16910 0.25482 0.12478 0.45130 1783.386
0.355 0.82917 101.94455 0.82203 84.52978 0.16942 0.25425 0.12508 0.45125 1782.994
0.360 0.82753 101.87463 0.81984 84.30478 0.16975 0.25368 0.12538 0.45120 1782.598
0.365 0.82591 101.80411 0.81766 84.08060 0.17007 0.25310 0.12568 0.45115 1782.199
0.370 0.82429 101.73301 0.81549 83.85724 0.17039 0.25253 0.12599 0.45110 1781.796
0.375 0.82268 101.66131 0.81332 83.63469 0.17071 0.25196 0.12629 0.45104 1781.390
0.380 0.82108 101.58905 0.81117 83.41296 0.17103 0.25139 0.12660 0.45099 1780.980
0.385 0.81950 101.51621 0.80902 83.19203 0.17135 0.25082 0.12690 0.45093 1780.568
0.390 0.81792 101.44280 0.80688 82.97190 0.17167 0.25025 0.12721 0.45088 1780.152
0.395 0.81635 101.36884 0.80475 82.75258 0.17199 0.24968 0.12751 0.45082 1779.732
0.400 0.81479 101.29432 0.80262 82.53405 0.17232 0.24911 0.12782 0.45076 1779.310
0.405 0.81325 101.21926 0.80050 82.31632 0.17264 0.24854 0.12812 0.45070 1778.884
0.410 0.81171 101.14365 0.79839 82.09938 0.17296 0.24797 0.12843 0.45064 1778.455
0.415 0.81018 101.06751 0.79629 81.88322 0.17328 0.24741 0.12874 0.45058 1778.023
0.420 0.80867 100.99084 0.79420 81.66786 0.17360 0.24684 0.12904 0.45051 1777.587
0.425 0.80716 100.91365 0.79211 81.45327 0.17393 0.24627 0.12935 0.45045 1777.149
0.430 0.80566 100.83594 0.79003 81.23946 0.17425 0.24571 0.12966 0.45038 1776.708
0.435 0.80417 100.75772 0.78796 81.02643 0.17457 0.24514 0.12997 0.45031 1776.263
0.440 0.80269 100.67899 0.78590 80.81416 0.17489 0.24458 0.13028 0.45025 1775.816
0.445 0.80122 100.59977 0.78384 80.60267 0.17522 0.24402 0.13059 0.45018 1775.365
0.450 0.79976 100.52005 0.78179 80.39194 0.17554 0.24346 0.13090 0.45011 1774.912
0.455 0.79831 100.43984 0.77975 80.18198 0.17586 0.24289 0.13121 0.45003 1774.456
0.460 0.79687 100.35915 0.77771 79.97277 0.17619 0.24233 0.13152 0.44996 1773.996
0.465 0.79543 100.27798 0.77569 79.76432 0.17651 0.24177 0.13183 0.44989 1773.534
0.470 0.79401 100.19635 0.77367 79.55663 0.17683 0.24121 0.13214 0.44981 1773.069
0.475 0.79259 100.11424 0.77165 79.34968 0.17716 0.24065 0.13245 0.44973 1772.602
0.480 0.79118 100.03168 0.76965 79.14348 0.17748 0.24009 0.13277 0.44966 1772.131
0.485 0.78979 99.94866 0.76765 78.93803 0.17781 0.23954 0.13308 0.44958 1771.658
0.490 0.78840 99.86519 0.76566 78.73331 0.17813 0.23898 0.13339 0.44950 1771.182
0.495 0.78701 99.78127 0.76368 78.52934 0.17846 0.23842 0.13370 0.44942 1770.703
0.500 0.78564 99.69692 0.76170 78.32610 0.17878 0.23787 0.13402 0.44933 1770.222
0.505 0.78428 99.61214 0.75973 78.12359 0.17910 0.23731 0.13433 0.44925 1769.738
0.510 0.78292 99.52692 0.75777 77.92181 0.17943 0.23676 0.13465 0.44916 1769.251
0.515 0.78157 99.44129 0.75581 77.72076 0.17975 0.23620 0.13496 0.44908 1768.762
0.520 0.78023 99.35523 0.75386 77.52042 0.18008 0.23565 0.13528 0.44899 1768.270
0.525 0.77890 99.26876 0.75192 77.32081 0.18040 0.23510 0.13559 0.44890 1767.775
0.530 0.77758 99.18189 0.74999 77.12192 0.18073 0.23455 0.13591 0.44881 1767.278
0.535 0.77627 99.09461 0.74806 76.92374 0.18105 0.23400 0.13623 0.44872 1766.779
0.540 0.77496 99.00694 0.74614 76.72627 0.18138 0.23345 0.13654 0.44863 1766.277
0.545 0.77366 98.91887 0.74423 76.52952 0.18171 0.23290 0.13686 0.44854 1765.773
0.550 0.77237 98.83041 0.74232 76.33346 0.18203 0.23235 0.13718 0.44844 1765.266
0.555 0.77108 98.74158 0.74042 76.13811 0.18236 0.23180 0.13750 0.44835 1764.757
0.560 0.76981 98.65236 0.73853 75.94346 0.18268 0.23125 0.13781 0.44825 1764.245
0.565 0.76854 98.56277 0.73664 75.74951 0.18301 0.23071 0.13813 0.44816 1763.732
0.570 0.76728 98.47282 0.73476 75.55625 0.18333 0.23016 0.13845 0.44806 1763.215
0.575 0.76603 98.38250 0.73289 75.36368 0.18366 0.22961 0.13877 0.44796 1762.697
0.580 0.76478 98.29182 0.73103 75.17180 0.18399 0.22907 0.13909 0.44786 1762.176
0.585 0.76354 98.20079 0.72917 74.98061 0.18431 0.22852 0.13941 0.44775 1761.653
0.590 0.76231 98.10941 0.72731 74.79010 0.18464 0.22798 0.13973 0.44765 1761.128
0.595 0.76109 98.01769 0.72547 74.60027 0.18497 0.22744 0.14005 0.44754 1760.600
0.600 0.75987 97.92562 0.72363 74.41111 0.18529 0.22690 0.14037 0.44744 1760.070
0.605 0.75866 97.83322 0.72179 74.22264 0.18562 0.22635 0.14069 0.44733 1759.539
0.610 0.75746 97.74049 0.71997 74.03483 0.18594 0.22581 0.14102 0.44722 1759.005
0.615 0.75627 97.64744 0.71815 73.84770 0.18627 0.22527 0.14134 0.44712 1758.469
0.620 0.75508 97.55406 0.71634 73.66123 0.18660 0.22473 0.14166 0.44700 1757.930
0.625 0.75390 97.46037 0.71453 73.47542 0.18693 0.22420 0.14198 0.44689 1757.390
0.630 0.75273 97.36636 0.71273 73.29028 0.18725 0.22366 0.14231 0.44678 1756.848
0.635 0.75156 97.27205 0.71093 73.10579 0.18758 0.22312 0.14263 0.44667 1756.303
0.640 0.75040 97.17743 0.70915 72.92196 0.18791 0.22258 0.14296 0.44655 1755.757
0.645 0.74925 97.08251 0.70736 72.73879 0.18823 0.22205 0.14328 0.44644 1755.209
0.650 0.74810 96.98729 0.70559 72.55626 0.18856 0.22151 0.14361 0.44632 1754.658
0.655 0.74696 96.89179 0.70382 72.37438 0.18889 0.22098 0.14393 0.44620 1754.106
0.660 0.74583 96.79599 0.70206 72.19315 0.18922 0.22045 0.14426 0.44608 1753.552
0.665 0.74470 96.69992 0.70030 72.01256 0.18954 0.21991 0.14458 0.44596 1752.996
0.670 0.74358 96.60356 0.69855 71.83261 0.18987 0.21938 0.14491 0.44584 1752.438
0.675 0.74247 96.50693 0.69681 71.65330 0.19020 0.21885 0.14524 0.44572 1751.878
0.680 0.74136 96.41004 0.69507 71.47463 0.19053 0.21832 0.14556 0.44559 1751.316
0.685 0.74026 96.31287 0.69334 71.29658 0.19085 0.21779 0.14589 0.44547 1750.753
0.690 0.73917 96.21544 0.69161 71.11917 0.19118 0.21726 0.14622 0.44534 1750.187
0.695 0.73808 96.11776 0.68990 70.94238 0.19151 0.21673 0.14655 0.44521 1749.620
0.700 0.73700 96.01981 0.68818 70.76622 0.19184 0.21620 0.14687 0.44508 1749.051
0.705 0.73592 95.92162 0.68648 70.59068 0.19217 0.21568 0.14720 0.44495 1748.481
0.710 0.73485 95.82319 0.68477 70.41577 0.19249 0.21515 0.14753 0.44482 1747.909
0.715 0.73379 95.72450 0.68308 70.24146 0.19282 0.21462 0.14786 0.44469 1747.335
0.720 0.73273 95.62558 0.68139 70.06778 0.19315 0.21410 0.14819 0.44456 1746.759
0.725 0.73168 95.52643 0.67971 69.89470 0.19348 0.21357 0.14852 0.44442 1746.181
0.730 0.73063 95.42704 0.67803 69.72224 0.19381 0.21305 0.14885 0.44429 1745.602
0.735 0.72959 95.32743 0.67636 69.55038 0.19414 0.21253 0.14918 0.44415 1745.022
0.740 0.72856 95.22759 0.67469 69.37913 0.19446 0.21201 0.14951 0.44402 1744.440
0.745 0.72753 95.12754 0.67303 69.20849 0.19479 0.21148 0.14985 0.44388 1743.856
0.750 0.72651 95.02726 0.67138 69.03844 0.19512 0.21096 0.15018 0.44374 1743.270
0.755 0.72550 94.92677 0.66973 68.86899 0.19545 0.21044 0.15051 0.44360 1742.683
0.760 0.72449 94.82608 0.66809 68.70013 0.19578 0.20992 0.15084 0.44345 1742.095
0.765 0.72348 94.72518 0.66645 68.53187 0.19611 0.20941 0.15118 0.44331 1741.505
0.770 0.72248 94.62407 0.66482 68.36420 0.19644 0.20889 0.15151 0.44317 1740.913
0.775 0.72149 94.52277 0.66320 68.19712 0.19676 0.20837 0.15184 0.44302 1740.320
0.780 0.72050 94.42127 0.66158 68.03062 0.19709 0.20785 0.15218 0.44288 1739.726
0.785 0.71952 94.31958 0.65997 67.86471 0.19742 0.20734 0.15251 0.44273 1739.130
0.790 0.71854 94.21770 0.65836 67.69938 0.19775 0.20682 0.15285 0.44258 1738.532
0.795 0.71757 94.11564 0.65676 67.53463 0.19808 0.20631 0.15318 0.44243 1737.934
0.800 0.71660 94.01339 0.65516 67.37045 0.19841 0.20580 0.15352 0.44228 1737.334
0.805 0.71564 93.91097 0.65357 67.20685 0.19874 0.20528 0.15385 0.44213 1736.732
0.810 0.71469 93.80837 0.65198 67.04382 0.19907 0.20477 0.15419 0.44197 1736.129
0.815 0.71374 93.70560 0.65040 66.88136 0.19940 0.20426 0.15452 0.44182 1735.525
0.820 0.71279 93.60266 0.64883 66.71947 0.19972 0.20375 0.15486 0.44166 1734.919
0.825 0.71186 93.49956 0.64726 66.55815 0.20005 0.20324 0.15520 0.44151 1734.312
0.830 0.71092 93.39629 0.64570 66.39738 0.20038 0.20273 0.15553 0.44135 1733.704
0.835 0.70999 93.29287 0.64414 66.23718 0.20071 0.20222 0.15587 0.44119 1733.095
0.840 0.70907 93.18929 0.64259 66.07754 0.20104 0.20172 0.15621 0.44103 1732.484
0.845 0.70815 93.08556 0.64104 65.91845 0.20137 0.20121 0.15655 0.44087 1731.872
0.850 0.70724 92.98168 0.63950 65.75992 0.20170 0.20071 0.15689 0.44071 1731.259
0.855 0.70633 92.87765 0.63796 65.60194 0.20203 0.20020 0.15723 0.44055 1730.645
0.860 0.70542 92.77348 0.63643 65.44450 0.20236 0.19970 0.15756 0.44038 1730.029
0.865 0.70452 92.66917 0.63490 65.28762 0.20269 0.19919 0.15790 0.44022 1729.412
0.870 0.70363 92.56472 0.63338 65.13128 0.20302 0.19869 0.15824 0.44005 1728.794
0.875 0.70274 92.46013 0.63187 64.97549 0.20334 0.19819 0.15858 0.43988 1728.175
0.880 0.70186 92.35542 0.63036 64.82023 0.20367 0.19769 0.15892 0.43972 1727.555
0.885 0.70098 92.25058 0.62885 64.66551 0.20400 0.19719 0.15927 0.43955 1726.934
0.890 0.70010 92.14561 0.62736 64.51134 0.20433 0.19669 0.15961 0.43938 1726.311
0.895 0.69923 92.04052 0.62586 64.35769 0.20466 0.19619 0.15995 0.43920 1725.687
0.900 0.69837 91.93531 0.62437 64.20458 0.20499 0.19569 0.16029 0.43903 1725.063
0.905 0.69751 91.82998 0.62289 64.05200 0.20532 0.19519 0.16063 0.43886 1724.437
0.910 0.69665 91.72454 0.62141 63.89994 0.20565 0.19469 0.16097 0.43868 1723.810
0.915 0.69580 91.61899 0.61994 63.74842 0.20598 0.19420 0.16132 0.43851 1723.183
0.920 0.69495 91.51332 0.61847 63.59741 0.20631 0.19370 0.16166 0.43833 1722.554
0.925 0.69411 91.40756 0.61700 63.44693 0.20664 0.19321 0.16200 0.43815 1721.924
0.930 0.69327 91.30168 0.61555 63.29697 0.20696 0.19271 0.16235 0.43797 1721.293
0.935 0.69244 91.19571 0.61409 63.14753 0.20729 0.19222 0.16269 0.43779 1720.661
0.940 0.69161 91.08964 0.61264 62.99860 0.20762 0.19173 0.16304 0.43761 1720.028
0.945 0.69079 90.98348 0.61120 62.85019 0.20795 0.19124 0.16338 0.43743 1719.395
0.950 0.68997 90.87722 0.60976 62.70228 0.20828 0.19075 0.16372 0.43725 1718.760
0.955 0.68915 90.77087 0.60833 62.55489 0.20861 0.19026 0.16407 0.43706 1718.124
0.960 0.68834 90.66444 0.60690 62.40801 0.20894 0.18977 0.16442 0.43688 1717.488
0.965 0.68753 90.55792 0.60548 62.26163 0.20927 0.18928 0.16476 0.43669 1716.851
0.970 0.68673 90.45132 0.60406 62.11575 0.20960 0.18879 0.16511 0.43650 1716.212
0.975 0.68593 90.34463 0.60264 61.97038 0.20993 0.18831 0.16545 0.43632 1715.573
0.980 0.68514 90.23787 0.60124 61.82550 0.21025 0.18782 0.16580 0.43613 1714.933
0.985 0.68435 90.13104 0.59983 61.68113 0.21058 0.18733 0.16615 0.43593 1714.292
0.990 0.68356 90.02413 0.59843 61.53725 0.21091 0.18685 0.16649 0.43574 1713.651
0.995 0.68278 89.91715 0.59704 61.39386 0.21124 0.18637 0.16684 0.43555 1713.008
1.000 0.68201 89.81011 0.59565 61.25097 0.21157 0.18588 0.16719 0.43536 1712.365
1.005 0.68123 89.70300 0.59426 61.10856 0.21190 0.18540 0.16754 0.43516 1711.721
1.010 0.68046 89.59582 0.59288 60.96664 0.21223 0.18492 0.16789 0.43497 1711.076
1.015 0.67970 89.48859 0.59151 60.82521 0.21256 0.18444 0.16824 0.43477 1710.430
1.020 0.67894 89.38130 0.59014 60.68427 0.21288 0.18396 0.16858 0.43457 1709.784
1.025 0.67818 89.27395 0.58877 60.54380 0.21321 0.18348 0.16893 0.43437 1709.137
1.030 0.67743 89.16654 0.58741 60.40382 0.21354 0.18300 0.16928 0.43417 1708.489
1.035 0.67668 89.05909 0.58605 60.26431 0.21387 0.18252 0.16963 0.43397 1707.840
1.040 0.67593 88.95159 0.58470 60.12528 0.21420 0.18205 0.16998 0.43377 1707.191
1.045 0.67519 88.84403 0.58335 59.98673 0.21453 0.18157 0.17033 0.43357 1706.541
1.050 0.67445 88.73644 0.58201 59.84865 0.21486 0.18110 0.17068 0.43336 1705.890
1.055 0.67372 88.62880 0.58067 59.71104 0.21518 0.18062 0.17104 0.43316 1705.239
1.060 0.67299 88.52112 0.57934 59.57389 0.21551 0.18015 0.17139 0.43295 1704.586
1.065 0.67226 88.41340 0.57801 59.43722 0.21584 0.17968 0.17174 0.43275 1703.934
1.070 0.67154 88.30564 0.57669 59.30101 0.21617 0.17920 0.17209 0.43254 1703.280
1.075 0.67082 88.19785 0.57537 59.16527 0.21650 0.17873 0.17244 0.43233 1702.626
1.080 0.67011 88.09003 0.57405 59.02998 0.21682 0.17826 0.17279 0.43212 1701.972
1.085 0.66940 87.98218 0.57274 58.89516 0.21715 0.17779 0.17315 0.43191 1701.317
1.090 0.66869 87.87430 0.57143 58.76079 0.21748 0.17732 0.17350 0.43170 1700.661
1.095 0.66799 87.76639 0.57013 58.62689 0.21781 0.17685 0.17385 0.43148 1700.004
1.100 0.66729 87.65846 0.56883 58.49343 0.21814 0.17639 0.17421 0.43127 1699.347
1.105 0.66659 87.55050 0.56754 58.36043 0.21846 0.17592 0.17456 0.43105 1698.690
1.110 0.66590 87.44253 0.56625 58.22788 0.21879 0.17546 0.17492 0.43084 1698.032
1.115 0.66521 87.33454 0.56497 58.09578 0.21912 0.17499 0.17527 0.43062 1697.373
1.120 0.66452 87.22653 0.56369 57.96412 0.21945 0.17453 0.17562 0.43040 1696.714
1.125 0.66384 87.11850 0.56241 57.83292 0.21977 0.17406 0.17598 0.43018 1696.054
1.130 0.66316 87.01047 0.56114 57.70215 0.22010 0.17360 0.17633 0.42996 1695.394
1.135 0.66249 86.90242 0.55987 57.57183 0.22043 0.17314 0.17669 0.42974 1694.734
1.140 0.66182 86.79436 0.55861 57.44195 0.22076 0.17268 0.17705 0.42952 1694.072
1.145 0.66115 86.68630 0.55735 57.31251 0.22108 0.17222 0.17740 0.42930 1693.411
1.150 0.66048 86.57823 0.55609 57.18350 0.22141 0.17176 0.17776 0.42907 1692.749
1.155 0.65982 86.47016 0.55484 57.05493 0.22174 0.17130 0.17811 0.42885 1692.086
1.160 0.65916 86.36208 0.55360 56.92680 0.22206 0.17084 0.17847 0.42862 1691.423
1.165 0.65851 86.25400 0.55236 56.79909 0.22239 0.17038 0.17883 0.42840 1690.759
1.170 0.65786 86.14593 0.55112 56.67182 0.22272 0.16993 0.17918 0.42817 1690.095
1.175 0.65721 86.03786 0.54988 56.54497 0.22305 0.16947 0.17954 0.42794 1689.431
1.180 0.65657 85.92980 0.54865 56.41855 0.22337 0.16902 0.17990 0.42771 1688.766
1.185 0.65592 85.82174 0.54743 56.29256 0.22370 0.16856 0.18026 0.42748 1688.101
1.190 0.65529 85.71369 0.54621 56.16699 0.22402 0.16811 0.18062 0.42725 1687.436
1.195 0.65465 85.60565 0.54499 56.04185 0.22435 0.16766 0.18097 0.42702 1686.770
1.200 0.65402 85.49762 0.54378 55.91712 0.22468 0.16721 0.18133 0.42678 1686.103
1.205 0.65339 85.38960 0.54257 55.79281 0.22500 0.16676 0.18169 0.42655 1685.437
1.210 0.65277 85.28160 0.54136 55.66892 0.22533 0.16631 0.18205 0.42631 1684.770
1.215 0.65214 85.17362 0.54016 55.54544 0.22566 0.16586 0.18241 0.42608 1684.102
1.220 0.65152 85.06565 0.53897 55.42238 0.22598 0.16541 0.18277 0.42584 1683.435
1.225 0.65091 84.95771 0.53777 55.29973 0.22631 0.16496 0.18313 0.42560 1682.766
1.230 0.65030 84.84978 0.53659 55.17749 0.22663 0.16451 0.18349 0.42536 1682.098
1.235 0.64969 84.74188 0.53540 55.05566 0.22696 0.16407 0.18385 0.42512 1681.429
1.240 0.64908 84.63400 0.53422 54.93424 0.22728 0.16362 0.18421 0.42488 1680.760
1.245 0.64848 84.52615 0.53304 54.81323 0.22761 0.16318 0.18457 0.42464 1680.091
1.250 0.64788 84.41833 0.53187 54.69261 0.22793 0.16273 0.18494 0.42440 1679.421
1.255 0.64728 84.31053 0.53070 54.57240 0.22826 0.16229 0.18530 0.42415 1678.752
1.260 0.64668 84.20276 0.52954 54.45260 0.22858 0.16185 0.18566 0.42391 1678.081
1.265 0.64609 84.09503 0.52838 54.33319 0.22891 0.16141 0.18602 0.42366 1677.411
1.270 0.64550 83.98733 0.52722 54.21418 0.22923 0.16097 0.18638 0.42342 1676.740
1.275 0.64492 83.87966 0.52606 54.09556 0.22956 0.16053 0.18675 0.42317 1676.069
1.280 0.64434 83.77203 0.52491 53.97734 0.22988 0.16009 0.18711 0.42292 1675.398
1.285 0.64376 83.66444 0.52377 53.85952 0.23021 0.15965 0.18747 0.42267 1674.727
1.290 0.64318 83.55688 0.52263 53.74208 0.23053 0.15921 0.18783 0.42242 1674.055
1.295 0.64261 83.44936 0.52149 53.62504 0.23086 0.15878 0.18820 0.42217 1673.384
1.300 0.64203 83.34189 0.52035 53.50839 0.23118 0.15834 0.18856 0.42192 1672.711
1.305 0.64147 83.23446 0.51922 53.39212 0.23150 0.15791 0.18892 0.42166 1672.039
1.310 0.64090 83.12707 0.51810 53.27624 0.23183 0.15747 0.18929 0.42141 1671.367
1.315 0.64034 83.01973 0.51697 53.16074 0.23215 0.15704 0.18965 0.42115 1670.694
1.320 0.63978 82.91243 0.51585 53.04563 0.23248 0.15661 0.19002 0.42090 1670.022
1.325 0.63922 82.80519 0.51474 52.93090 0.23280 0.15618 0.19038 0.42064 1669.349
1.330 0.63867 82.69799 0.51363 52.81654 0.23312 0.15575 0.19075 0.42039 1668.675
1.335 0.63812 82.59084 0.51252 52.70257 0.23345 0.15532 0.19111 0.42013 1668.002
1.340 0.63757 82.48374 0.51141 52.58897 0.23377 0.15489 0.19148 0.41987 1667.329
1.345 0.63702 82.37670 0.51031 52.47575 0.23409 0.15446 0.19184 0.41961 1666.655
1.350 0.63648 82.26971 0.50921 52.36291 0.23441 0.15403 0.19221 0.41935 1665.982
1.355 0.63594 82.16277 0.50812 52.25043 0.23474 0.15360 0.19258 0.41908 1665.308
1.360 0.63540 82.05589 0.50703 52.13833 0.23506 0.15318 0.19294 0.41882 1664.634
1.365 0.63487 81.94907 0.50594 52.02660 0.23538 0.15275 0.19331 0.41856 1663.960
1.370 0.63433 81.84231 0.50486 51.91523 0.23570 0.15233 0.19368 0.41829 1663.286
1.375 0.63380 81.73560 0.50378 51.80423 0.23603 0.15190 0.19404 0.41803 1662.612
1.380 0.63328 81.62896 0.50271 51.69360 0.23635 0.15148 0.19441 0.41776 1661.937
1.385 0.63275 81.52238 0.50163 51.58333 0.23667 0.15106 0.19478 0.41749 1661.263
1.390 0.63223 81.41586 0.50056 51.47343 0.23699 0.15064 0.19514 0.41723 1660.588
1.395 0.63171 81.30941 0.49950 51.36389 0.23731 0.15022 0.19551 0.41696 1659.914
1.400 0.63119 81.20302 0.49844 51.25470 0.23763 0.14980 0.19588 0.41669 1659.239
1.405 0.63068 81.09670 0.49738 51.14588 0.23795 0.14938 0.19625 0.41642 1658.564
1.410 0.63017 80.99045 0.49632 51.03741 0.23828 0.14896 0.19662 0.41615 1657.890
1.415 0.62966 80.88426 0.49527 50.92930 0.23860 0.14854 0.19699 0.41587 1657.215
1.420 0.62915 80.77815 0.49423 50.82154 0.23892 0.14813 0.19735 0.41560 1656.540
1.425 0.62865 80.67210 0.49318 50.71414 0.23924 0.14771 0.19772 0.41533 1655.865
1.430 0.62814 80.56613 0.49214 50.60708 0.23956 0.14730 0.19809 0.41505 1655.191
1.435 0.62764 80.46023 0.49110 50.50038 0.23988 0.14688 0.19846 0.41478 1654.516
1.440 0.62715 80.35440 0.49007 50.39403 0.24020 0.14647 0.19883 0.41450 1653.841
1.445 0.62665 80.24865 0.48904 50.28802 0.24052 0.14606 0.19920 0.41422 1653.166
1.450 0.62616 80.14297 0.48801 50.18237 0.24084 0.14565 0.19957 0.41394 1652.491
1.455 0.62567 80.03737 0.48699 50.07705 0.24116 0.14524 0.19994 0.41367 1651.816
1.460 0.62518 79.93185 0.48596 49.97208 0.24148 0.14483 0.20031 0.41339 1651.141
1.465 0.62470 79.82641 0.48495 49.86746 0.24180 0.14442 0.20068 0.41311 1650.466
1.470 0.62422 79.72104 0.48393 49.76317 0.24211 0.14401 0.20105 0.41282 1649.792
1.475 0.62374 79.61576 0.48292 49.65922 0.24243 0.14360 0.20142 0.41254 1649.117
1.480 0.62326 79.51055 0.48191 49.55562 0.24275 0.14319 0.20180 0.41226 1648.442
1.485 0.62278 79.40543 0.48091 49.45235 0.24307 0.14279 0.20217 0.41197 1647.767
1.490 0.62231 79.30039 0.47991 49.34941 0.24339 0.14238 0.20254 0.41169 1647.093
1.495 0.62184 79.19544 0.47891 49.24681 0.24371 0.14198 0.20291 0.41140 1646.418
1.500 0.62137 79.09057 0.47792 49.14455 0.24402 0.14158 0.20328 0.41112 1645.744
1.505 0.62090 78.98578 0.47693 49.04261 0.24434 0.14117 0.20365 0.41083 1645.069
1.510 0.62044 78.88108 0.47594 48.94101 0.24466 0.14077 0.20403 0.41054 1644.395
1.515 0.61998 78.77647 0.47495 48.83973 0.24498 0.14037 0.20440 0.41025 1643.720
1.520 0.61952 78.67195 0.47397 48.73879 0.24529 0.13997 0.20477 0.40996 1643.046
1.525 0.61906 78.56751 0.47299 48.63817 0.24561 0.13957 0.20514 0.40967 1642.372
1.530 0.61861 78.46317 0.47202 48.53788 0.24593 0.13917 0.20552 0.40938 1641.698
1.535 0.61815 78.35891 0.47105 48.43791 0.24625 0.13877 0.20589 0.40909 1641.024
1.540 0.61770 78.25475 0.47008 48.33827 0.24656 0.13838 0.20626 0.40880 1640.350
1.545 0.61726 78.15068 0.46911 48.23895 0.24688 0.13798 0.20664 0.40851 1639.676
1.550 0.61681 78.04670 0.46815 48.13995 0.24719 0.13758 0.20701 0.40821 1639.002
1.555 0.61637 77.94281 0.46719 48.04126 0.24751 0.13719 0.20738 0.40792 1638.329
1.560 0.61592 77.83902 0.46623 47.94290 0.24783 0.13680 0.20776 0.40762 1637.655
1.565 0.61548 77.73533 0.46528 47.84486 0.24814 0.13640 0.20813 0.40732 1636.982
1.570 0.61505 77.63173 0.46433 47.74713 0.24846 0.13601 0.20851 0.40703 1636.309
1.575 0.61461 77.52822 0.46338 47.64971 0.24877 0.13562 0.20888 0.40673 1635.636
1.580 0.61418 77.42482 0.46244 47.55261 0.24909 0.13523 0.20926 0.40643 1634.963
1.585 0.61375 77.32151 0.46149 47.45582 0.24940 0.13484 0.20963 0.40613 1634.290
1.590 0.61332 77.21830 0.46056 47.35935 0.24972 0.13445 0.21001 0.40583 1633.618
1.595 0.61289 77.11519 0.45962 47.26318 0.25003 0.13406 0.21038 0.40553 1632.945
1.600 0.61247 77.01218 0.45869 47.16732 0.25034 0.13367 0.21076 0.40523 1632.273
1.605 0.61204 76.90927 0.45776 47.07177 0.25066 0.13329 0.21113 0.40492 1631.601
1.610 0.61162 76.80646 0.45683 46.97653 0.25097 0.13290 0.21151 0.40462 1630.929
1.615 0.61120 76.70375 0.45591 46.88159 0.25128 0.13252 0.21188 0.40432 1630.257
1.620 0.61079 76.60115 0.45499 46.78696 0.25160 0.13213 0.21226 0.40401 1629.586
1.625 0.61037 76.49865 0.45407 46.69263 0.25191 0.13175 0.21264 0.40371 1628.914
1.630 0.60996 76.39625 0.45316 46.59860 0.25222 0.13136 0.21301 0.40340 1628.243
1.635 0.60955 76.29396 0.45225 46.50488 0.25254 0.13098 0.21339 0.40309 1627.572
1.640 0.60914 76.19177 0.45134 46.41145 0.25285 0.13060 0.21377 0.40278 1626.901
1.645 0.60873 76.08969 0.45043 46.31832 0.25316 0.13022 0.21414 0.40248 1626.230
1.650 0.60833 75.98771 0.44953 46.22549 0.25347 0.12984 0.21452 0.40217 1625.560
1.655 0.60793 75.88584 0.44863 46.13295 0.25378 0.12946 0.21490 0.40186 1624.890
1.660 0.60752 75.78408 0.44773 46.04071 0.25410 0.12908 0.21527 0.40155 1624.220
1.665 0.60713 75.68243 0.44684 45.94877 0.25441 0.12871 0.21565 0.40123 1623.550
1.670 0.60673 75.58088 0.44595 45.85712 0.25472 0.12833 0.21603 0.40092 1622.881
1.675 0.60633 75.47945 0.44506 45.76576 0.25503 0.12796 0.21641 0.40061 1622.211
1.680 0.60594 75.37812 0.44417 45.67469 0.25534 0.12758 0.21678 0.40030 1621.542
1.685 0.60555 75.27691 0.44329 45.58391 0.25565 0.12721 0.21716 0.39998 1620.873
1.690 0.60516 75.17580 0.44241 45.49341 0.25596 0.12683 0.21754 0.39967 1620.205
1.695 0.60477 75.07481 0.44153 45.40321 0.25627 0.12646 0.21792 0.39935 1619.536
1.700 0.60439 74.97392 0.44066 45.31329 0.25658 0.12609 0.21830 0.39903 1618.868
1.705 0.60400 74.87316 0.43979 45.22366 0.25689 0.12572 0.21868 0.39872 1618.200
1.710 0.60362 74.77250 0.43892 45.13432 0.25720 0.12535 0.21905 0.39840 1617.533
1.715 0.60324 74.67195 0.43805 45.04525 0.25751 0.12498 0.21943 0.39808 1616.865
1.720 0.60286 74.57152 0.43719 44.95647 0.25781 0.12461 0.21981 0.39776 1616.198
1.725 0.60249 74.47121 0.43633 44.86797 0.25812 0.12424 0.22019 0.39744 1615.531
1.730 0.60211 74.37101 0.43547 44.77975 0.25843 0.12388 0.22057 0.39712 1614.865
1.735 0.60174 74.27092 0.43462 44.69181 0.25874 0.12351 0.22095 0.39680 1614.199
1.740 0.60137 74.17095 0.43376 44.60414 0.25905 0.12315 0.22133 0.39648 1613.532
1.745 0.60100 74.07110 0.43291 44.51676 0.25935 0.12278 0.22171 0.39615 1612.867
1.750 0.60063 73.97136 0.43207 44.42965 0.25966 0.12242 0.22209 0.39583 1612.201
1.755 0.60027 73.87174 0.43122 44.34281 0.25997 0.12205 0.22247 0.39551 1611.536
1.760 0.59990 73.77224 0.43038 44.25625 0.26028 0.12169 0.22285 0.39518 1610.871
1.765 0.59954 73.67286 0.42954 44.16996 0.26058 0.12133 0.22323 0.39486 1610.207
1.770 0.59918 73.57359 0.42870 44.08394 0.26089 0.12097 0.22361 0.39453 1609.542
1.775 0.59882 73.47444 0.42787 43.99820 0.26119 0.12061 0.22399 0.39421 1608.878
1.780 0.59847 73.37541 0.42704 43.91272 0.26150 0.12025 0.22437 0.39388 1608.215
1.785 0.59811 73.27651 0.42621 43.82751 0.26180 0.11989 0.22475 0.39355 1607.551
1.790 0.59776 73.17772 0.42538 43.74257 0.26211 0.11954 0.22513 0.39322 1606.888
1.795 0.59741 73.07905 0.42456 43.65790 0.26241 0.11918 0.22551 0.39289 1606.226
1.800 0.59706 72.98050 0.42374 43.57349 0.26272 0.11882 0.22589 0.39256 1605.563
1.805 0.59671 72.88208 0.42292 43.48935 0.26302 0.11847 0.22627 0.39223 1604.901
1.810 0.59636 72.78377 0.42211 43.40547 0.26333 0.11812 0.22666 0.39190 1604.239
1.815 0.59602 72.68559 0.42129 43.32185 0.26363 0.11776 0.22704 0.39157 1603.578
1.820 0.59567 72.58753 0.42048 43.23850 0.26394 0.11741 0.22742 0.39124 1602.917
1.825 0.59533 72.48959 0.41967 43.15540 0.26424 0.11706 0.22780 0.39090 1602.256
1.830 0.59499 72.39177 0.41887 43.07257 0.26454 0.11671 0.22818 0.39057 1601.596
1.835 0.59465 72.29408 0.41807 42.99000 0.26484 0.11636 0.22856 0.39024 1600.936
1.840 0.59432 72.19651 0.41727 42.90768 0.26515 0.11601 0.22894 0.38990 1600.276
1.845 0.59398 72.09907 0.41647 42.82562 0.26545 0.11566 0.22933 0.38957 1599.616
1.850 0.59365 72.00175 0.41567 42.74382 0.26575 0.11531 0.22971 0.38923 1598.957
1.855 0.59332 71.90456 0.41488 42.66227 0.26605 0.11496 0.23009 0.38889 1598.299
1.860 0.59299 71.80749 0.41409 42.58097 0.26635 0.11462 0.23047 0.38856 1597.640
1.865 0.59266 71.71054 0.41330 42.49993 0.26666 0.11427 0.23085 0.38822 1596.982
1.870 0.59233 71.61372 0.41251 42.41914 0.26696 0.11393 0.23124 0.38788 1596.325
1.875 0.59201 71.51703 0.41173 42.33860 0.26726 0.11358 0.23162 0.38754 1595.667
1.880 0.59168 71.42046 0.41095 42.25832 0.26756 0.11324 0.23200 0.38720 1595.010
1.885 0.59136 71.32402 0.41017 42.17828 0.26786 0.11290 0.23239 0.38686 1594.354
1.890 0.59104 71.22771 0.40940 42.09849 0.26816 0.11255 0.23277 0.38652 1593.698
1.895 0.59072 71.13152 0.40862 42.01895 0.26846 0.11221 0.23315 0.38618 1593.042
1.900 0.59040 71.03546 0.40785 41.93965 0.26876 0.11187 0.23353 0.38584 1592.387
1.905 0.59009 70.93953 0.40708 41.86060 0.26906 0.11153 0.23392 0.38549 1591.732
1.910 0.58977 70.84372 0.40632 41.78180 0.26935 0.11120 0.23430 0.38515 1591.077
1.915 0.58946 70.74805 0.40555 41.70324 0.26965 0.11086 0.23468 0.38481 1590.423
1.920 0.58915 70.65250 0.40479 41.62492 0.26995 0.11052 0.23507 0.38446 1589.769
1.925 0.58884 70.55708 0.40403 41.54685 0.27025 0.11018 0.23545 0.38412 1589.115
1.930 0.58853 70.46179 0.40327 41.46901 0.27055 0.10985 0.23583 0.38377 1588.462
1.935 0.58823 70.36663 0.40252 41.39142 0.27084 0.10951 0.23622 0.38343 1587.810
1.940 0.58792 70.27159 0.40177 41.31407 0.27114 0.10918 0.23660 0.38308 1587.157
1.945 0.58762 70.17669 0.40102 41.23695 0.27144 0.10885 0.23699 0.38273 1586.505
1.950 0.58731 70.08192 0.40027 41.16007 0.27173 0.10851 0.23737 0.38238 1585.854
1.955 0.58701 69.98728 0.39953 41.08343 0.27203 0.10818 0.23775 0.38204 1585.203
1.960 0.58671 69.89276 0.39878 41.00703 0.27232 0.10785 0.23814 0.38169 1584.552
1.965 0.58642 69.79838 0.39804 40.93086 0.27262 0.10752 0.23852 0.38134 1583.902
1.970 0.58612 69.70413 0.39730 40.85492 0.27291 0.10719 0.23891 0.38099 1583.252
1.975 0.58582 69.61001 0.39657 40.77922 0.27321 0.10686 0.23929 0.38064 1582.603
1.980 0.58553 69.51602 0.39583 40.70375 0.27350 0.10654 0.23967 0.38029 1581.954
1.985 0.58524 69.42216 0.39510 40.62851 0.27380 0.10621 0.24006 0.37994 1581.305
1.990 0.58495 69.32844 0.39437 40.55351 0.27409 0.10588 0.24044 0.37958 1580.657
1.995 0.58466 69.23484 0.39364 40.47873 0.27439 0.10556 0.24083 0.37923 1580.009
2.000 0.58437 69.14138 0.39292 40.40418 0.27468 0.10523 0.24121 0.37888 1579.362
2.005 0.58408 69.04804 0.39220 40.32986 0.27497 0.10491 0.24160 0.37852 1578.715
2.010 0.58380 68.95485 0.39148 40.25577 0.27526 0.10458 0.24198 0.37817 1578.068
2.015 0.58352 68.86178 0.39076 40.18190 0.27556 0.10426 0.24237 0.37781 1577.422
2.020 0.58323 68.76884 0.39004 40.10826 0.27585 0.10394 0.24275 0.37746 1576.777
2.025 0.58295 68.67604 0.38933 40.03485 0.27614 0.10362 0.24314 0.37710 1576.132
2.030 0.58267 68.58337 0.38862 39.96166 0.27643 0.10330 0.24352 0.37675 1575.487
2.035 0.58239 68.49084 0.38791 39.88869 0.27672 0.10298 0.24391 0.37639 1574.843
2.040 0.58212 68.39843 0.38720 39.81595 0.27701 0.10266 0.24429 0.37603 1574.199
2.045 0.58184 68.30616 0.38649 39.74342 0.27730 0.10234 0.24468 0.37568 1573.555
2.050 0.58157 68.21403 0.38579 39.67112 0.27759 0.10203 0.24506 0.37532 1572.912
2.055 0.58130 68.12202 0.38509 39.59904 0.27788 0.10171 0.24545 0.37496 1572.270
2.060 0.58102 68.03016 0.38439 39.52717 0.27817 0.10139 0.24583 0.37460 1571.628
2.065 0.58075 67.93842 0.38369 39.45553 0.27846 0.10108 0.24622 0.37424 1570.986
2.070 0.58049 67.84682 0.38300 39.38410 0.27875 0.10076 0.24660 0.37388 1570.345
2.075 0.58022 67.75535 0.38231 39.31289 0.27904 0.10045 0.24699 0.37352 1569.704
2.080 0.57995 67.66402 0.38162 39.24190 0.27933 0.10014 0.24737 0.37316 1569.064
2.085 0.57969 67.57282 0.38093 39.17112 0.27962 0.09983 0.24776 0.37280 1568.424
2.090 0.57942 67.48175 0.38024 39.10055 0.27990 0.09952 0.24815 0.37243 1567.785
2.095 0.57916 67.39082 0.37956 39.03020 0.28019 0.09920 0.24853 0.37207 1567.146
2.100 0.57890 67.30003 0.37888 38.96006 0.28048 0.09890 0.24892 0.37171 1566.508
2.105 0.57864 67.20937 0.37820 38.89014 0.28077 0.09859 0.24930 0.37134 1565.870
2.110 0.57838 67.11884 0.37752 38.82042 0.28105 0.09828 0.24969 0.37098 1565.233
2.115 0.57813 67.02845 0.37684 38.75092 0.28134 0.09797 0.25008 0.37062 1564.596
2.120 0.57787 66.93819 0.37617 38.68163 0.28162 0.09766 0.25046 0.37025 1563.959
2.125 0.57762 66.84807 0.37550 38.61254 0.28191 0.09736 0.25085 0.36989 1563.323
2.130 0.57736 66.75809 0.37483 38.54366 0.28219 0.09705 0.25123 0.36952 1562.687
2.135 0.57711 66.66823 0.37416 38.47500 0.28248 0.09675 0.25162 0.36915 1562.052
2.140 0.57686 66.57852 0.37349 38.40653 0.28276 0.09644 0.25201 0.36879 1561.418
2.145 0.57661 66.48894 0.37283 38.33828 0.28305 0.09614 0.25239 0.36842 1560.784
2.150 0.57636 66.39949 0.37217 38.27023 0.28333 0.09584 0.25278 0.36805 1560.150
2.155 0.57612 66.31018 0.37151 38.20238 0.28361 0.09554 0.25316 0.36768 1559.517
2.160 0.57587 66.22101 0.37085 38.13474 0.28390 0.09524 0.25355 0.36732 1558.884
2.165 0.57563 66.13197 0.37019 38.06730 0.28418 0.09494 0.25394 0.36695 1558.252
2.170 0.57538 66.04307 0.36954 38.00006 0.28446 0.09464 0.25432 0.36658 1557.620
2.175 0.57514 65.95430 0.36889 37.93302 0.28474 0.09434 0.25471 0.36621 1556.989
2.180 0.57490 65.86567 0.36824 37.86619 0.28503 0.09404 0.25510 0.36584 1556.358
2.185 0.57466 65.77718 0.36759 37.79955 0.28531 0.09374 0.25548 0.36547 1555.728
2.190 0.57442 65.68882 0.36694 37.73312 0.28559 0.09345 0.25587 0.36510 1555.099
2.195 0.57419 65.60060 0.36630 37.66688 0.28587 0.09315 0.25626 0.36472 1554.469
2.200 0.57395 65.51251 0.36566 37.60084 0.28615 0.09286 0.25664 0.36435 1553.841
2.205 0.57371 65.42456 0.36502 37.53500 0.28643 0.09256 0.25703 0.36398 1553.212
2.210 0.57348 65.33674 0.36438 37.46936 0.28671 0.09227 0.25742 0.36361 1552.585
2.215 0.57325 65.24906 0.36374 37.40391 0.28699 0.09198 0.25780 0.36323 1551.957
2.220 0.57302 65.16152 0.36311 37.33865 0.28727 0.09169 0.25819 0.36286 1551.331
2.225 0.57279 65.07412 0.36248 37.27359 0.28754 0.09139 0.25858 0.36249 1550.704
2.230 0.57256 64.98684 0.36184 37.20873 0.28782 0.09110 0.25896 0.36211 1550.079
2.235 0.57233 64.89971 0.36122 37.14405 0.28810 0.09081 0.25935 0.36174 1549.454
2.240 0.57210 64.81271 0.36059 37.07957 0.28838 0.09053 0.25974 0.36136 1548.829
2.245 0.57188 64.72585 0.35996 37.01528 0.28865 0.09024 0.26012 0.36099 1548.205
2.250 0.57165 64.63912 0.35934 36.95119 0.28893 0.08995 0.26051 0.36061 1547.581
2.255 0.57143 64.55254 0.35872 36.88728 0.28921 0.08966 0.26090 0.36023 1546.958
2.260 0.57121 64.46608 0.35810 36.82356 0.28948 0.08938 0.26128 0.35986 1546.335
2.265 0.57099 64.37977 0.35748 36.76003 0.28976 0.08909 0.26167 0.35948 1545.713
2.270 0.57077 64.29358 0.35687 36.69669 0.29003 0.08881 0.26206 0.35910 1545.091
2.275 0.57055 64.20754 0.35625 36.63354 0.29031 0.08852 0.26244 0.35873 1544.470
2.280 0.57033 64.12163 0.35564 36.57057 0.29058 0.08824 0.26283 0.35835 1543.850
2.285 0.57011 64.03586 0.35503 36.50779 0.29086 0.08796 0.26322 0.35797 1543.229
2.290 0.56990 63.95022 0.35442 36.44519 0.29113 0.08768 0.26360 0.35759 1542.610
2.295 0.56969 63.86473 0.35381 36.38278 0.29141 0.08739 0.26399 0.35721 1541.991
2.300 0.56947 63.77936 0.35321 36.32056 0.29168 0.08711 0.26438 0.35683 1541.372
2.305 0.56926 63.69413 0.35260 36.25851 0.29195 0.08683 0.26476 0.35645 1540.754
2.310 0.56905 63.60904 0.35200 36.19665 0.29222 0.08656 0.26515 0.35607 1540.137
2.315 0.56884 63.52409 0.35140 36.13498 0.29250 0.08628 0.26554 0.35569 1539.520
2.320 0.56863 63.43927 0.35080 36.07348 0.29277 0.08600 0.26592 0.35531 1538.903
2.325 0.56842 63.35459 0.35021 36.01216 0.29304 0.08572 0.26631 0.35493 1538.288
2.330 0.56822 63.27004 0.34961 35.95103 0.29331 0.08545 0.26670 0.35455 1537.672
2.335 0.56801 63.18563 0.34902 35.89007 0.29358 0.08517 0.26708 0.35416 1537.057
2.340 0.56781 63.10136 0.34843 35.82930 0.29385 0.08490 0.26747 0.35378 1536.443
2.345 0.56760 63.01722 0.34784 35.76870 0.29412 0.08462 0.26786 0.35340 1535.829
2.350 0.56740 62.93322 0.34725 35.70828 0.29439 0.08435 0.26825 0.35302 1535.216
2.355 0.56720 62.84935 0.34667 35.64803 0.29466 0.08408 0.26863 0.35263 1534.603
2.360 0.56700 62.76562 0.34608 35.58797 0.29493 0.08380 0.26902 0.35225 1533.991
2.365 0.56680 62.68203 0.34550 35.52807 0.29520 0.08353 0.26941 0.35187 1533.379
2.370 0.56660 62.59857 0.34492 35.46836 0.29546 0.08326 0.26979 0.35148 1532.768
2.375 0.56640 62.51524 0.34434 35.40882 0.29573 0.08299 0.27018 0.35110 1532.158
2.380 0.56621 62.43206 0.34376 35.34945 0.29600 0.08272 0.27057 0.35071 1531.548
2.385 0.56601 62.34901 0.34319 35.29025 0.29626 0.08246 0.27095 0.35033 1530.938
2.390 0.56582 62.26609 0.34261 35.23123 0.29653 0.08219 0.27134 0.34994 1530.329
2.395 0.56562 62.18331 0.34204 35.17238 0.29680 0.08192 0.27173 0.34955 1529.721
2.400 0.56543 62.10066 0.34147 35.11370 0.29706 0.08166 0.27211 0.34917 1529.113
2.405 0.56524 62.01816 0.34090 35.05520 0.29733 0.08139 0.27250 0.34878 1528.505
2.410 0.56505 61.93578 0.34033 34.99686 0.29759 0.08112 0.27289 0.34840 1527.899
2.415 0.56486 61.85354 0.33977 34.93869 0.29786 0.08086 0.27327 0.34801 1527.292
2.420 0.56467 61.77144 0.33921 34.88069 0.29812 0.08060 0.27366 0.34762 1526.687
2.425 0.56449 61.68947 0.33864 34.82286 0.29839 0.08033 0.27405 0.34723 1526.081
2.430 0.56430 61.60764 0.33808 34.76520 0.29865 0.08007 0.27443 0.34685 1525.477
2.435 0.56411 61.52594 0.33752 34.70770 0.29891 0.07981 0.27482 0.34646 1524.873
2.440 0.56393 61.44438 0.33697 34.65037 0.29917 0.07955 0.27521 0.34607 1524.269
2.445 0.56375 61.36295 0.33641 34.59321 0.29944 0.07929 0.27559 0.34568 1523.666
2.450 0.56357 61.28166 0.33586 34.53621 0.29970 0.07903 0.27598 0.34529 1523.064
2.455 0.56338 61.20050 0.33530 34.47938 0.29996 0.07877 0.27637 0.34490 1522.462
2.460 0.56320 61.11947 0.33475 34.42271 0.30022 0.07851 0.27675 0.34451 1521.860
2.465 0.56302 61.03858 0.33420 34.36621 0.30048 0.07826 0.27714 0.34412 1521.259
2.470 0.56285 60.95783 0.33365 34.30987 0.30074 0.07800 0.27753 0.34373 1520.659
2.475 0.56267 60.87721 0.33311 34.25369 0.30100 0.07774 0.27791 0.34334 1520.059
2.480 0.56249 60.79672 0.33256 34.19767 0.30126 0.07749 0.27830 0.34295 1519.460
2.485 0.56232 60.71637 0.33202 34.14181 0.30152 0.07723 0.27868 0.34256 1518.862
2.490 0.56214 60.63615 0.33148 34.08612 0.30178 0.07698 0.27907 0.34217 1518.264
2.495 0.56197 60.55607 0.33094 34.03058 0.30204 0.07673 0.27946 0.34178 1517.666
2.500 0.56180 60.47612 0.33040 33.97521 0.30230 0.07648 0.27984 0.34139 1517.069
2.505 0.56162 60.39631 0.32986 33.91999 0.30255 0.07622 0.28023 0.34099 1516.473
2.510 0.56145 60.31663 0.32933 33.86493 0.30281 0.07597 0.28062 0.34060 1515.877
2.515 0.56128 60.23708 0.32879 33.81003 0.30307 0.07572 0.28100 0.34021 1515.282
2.520 0.56111 60.15766 0.32826 33.75529 0.30332 0.07547 0.28139 0.33982 1514.687
2.525 0.56095 60.07838 0.32773 33.70071 0.30358 0.07522 0.28177 0.33942 1514.093
2.530 0.56078 59.99924 0.32720 33.64628 0.30383 0.07497 0.28216 0.33903 1513.499
2.535 0.56061 59.92022 0.32667 33.59200 0.30409 0.07473 0.28255 0.33864 1512.906
2.540 0.56045 59.84134 0.32615 33.53789 0.30434 0.07448 0.28293 0.33824 1512.314
2.545 0.56028 59.76260 0.32562 33.48392 0.30460 0.07423 0.28332 0.33785 1511.722
2.550 0.56012 59.68398 0.32510 33.43011 0.30485 0.07399 0.28370 0.33746 1511.130
2.555 0.55996 59.60550 0.32458 33.37646 0.30511 0.07374 0.28409 0.33706 1510.539
2.560 0.55979 59.52715 0.32406 33.32295 0.30536 0.07350 0.28447 0.33667 1509.949
2.565 0.55963 59.44894 0.32354 33.26960 0.30561 0.07325 0.28486 0.33627 1509.359
2.570 0.55947 59.37086 0.32302 33.21641 0.30586 0.07301 0.28525 0.33588 1508.770
2.575 0.55931 59.29290 0.32250 33.16336 0.30612 0.07277 0.28563 0.33548 1508.182
2.580 0.55916 59.21509 0.32199 33.11046 0.30637 0.07253 0.28602 0.33509 1507.594
2.585 0.55900 59.13740 0.32148 33.05772 0.30662 0.07229 0.28640 0.33469 1507.006
2.590 0.55884 59.05985 0.32097 33.00512 0.30687 0.07204 0.28679 0.33430 1506.419
2.595 0.55869 58.98243 0.32046 32.95268 0.30712 0.07180 0.28717 0.33390 1505.833
2.600 0.55853 58.90514 0.31995 32.90038 0.30737 0.07157 0.28756 0.33351 1505.247
2.605 0.55838 58.82798 0.31944 32.84823 0.30762 0.07133 0.28794 0.33311 1504.662
2.610 0.55822 58.75095 0.31893 32.79623 0.30787 0.07109 0.28833 0.33271 1504.077
2.615 0.55807 58.67406 0.31843 32.74437 0.30812 0.07085 0.28871 0.33232 1503.493
2.620 0.55792 58.59730 0.31793 32.69266 0.30837 0.07062 0.28910 0.33192 1502.910
2.625 0.55777 58.52066 0.31743 32.64110 0.30861 0.07038 0.28948 0.33152 1502.327
2.630 0.55762 58.44416 0.31693 32.58969 0.30886 0.07014 0.28987 0.33113 1501.744
2.635 0.55747 58.36780 0.31643 32.53842 0.30911 0.06991 0.29025 0.33073 1501.163
2.640 0.55732 58.29156 0.31593 32.48729 0.30935 0.06968 0.29064 0.33033 1500.581
2.645 0.55718 58.21545 0.31543 32.43631 0.30960 0.06944 0.29102 0.32993 1500.001
2.650 0.55703 58.13947 0.31494 32.38547 0.30985 0.06921 0.29141 0.32954 1499.420
2.655 0.55689 58.06363 0.31445 32.33477 0.31009 0.06898 0.29179 0.32914 1498.841
2.660 0.55674 57.98791 0.31396 32.28422 0.31034 0.06875 0.29218 0.32874 1498.262
2.665 0.55660 57.91233 0.31346 32.23381 0.31058 0.06852 0.29256 0.32834 1497.683
2.670 0.55645 57.83687 0.31298 32.18354 0.31083 0.06829 0.29295 0.32794 1497.106
2.675 0.55631 57.76155 0.31249 32.13342 0.31107 0.06806 0.29333 0.32754 1496.528
2.680 0.55617 57.68635 0.31200 32.08343 0.31131 0.06783 0.29371 0.32715 1495.952
2.685 0.55603 57.61128 0.31152 32.03358 0.31156 0.06760 0.29410 0.32675 1495.375
2.690 0.55589 57.53635 0.31103 31.98388 0.31180 0.06737 0.29448 0.32635 1494.800
2.695 0.55575 57.46154 0.31055 31.93431 0.31204 0.06714 0.29487 0.32595 1494.225
2.700 0.55561 57.38687 0.31007 31.88488 0.31228 0.06692 0.29525 0.32555 1493.650
2.705 0.55548 57.31232 0.30959 31.83559 0.31252 0.06669 0.29564 0.32515 1493.077
2.710 0.55534 57.23790 0.30911 31.78643 0.31276 0.06647 0.29602 0.32475 1492.503
2.715 0.55520 57.16361 0.30864 31.73742 0.31300 0.06624 0.29640 0.32435 1491.930
2.720 0.55507 57.08945 0.30816 31.68854 0.31324 0.06602 0.29679 0.32395 1491.358
2.725 0.55493 57.01542 0.30769 31.63980 0.31348 0.06580 0.29717 0.32355 1490.787
2.730 0.55480 56.94151 0.30722 31.59119 0.31372 0.06557 0.29755 0.32315 1490.216
2.735 0.55467 56.86774 0.30674 31.54272 0.31396 0.06535 0.29794 0.32275 1489.645
2.740 0.55454 56.79409 0.30627 31.49438 0.31420 0.06513 0.29832 0.32235 1489.075
2.745 0.55441 56.72057 0.30581 31.44618 0.31444 0.06491 0.29870 0.32195 1488.506
2.750 0.55427 56.64718 0.30534 31.39811 0.31467 0.06469 0.29909 0.32155 1487.937
2.755 0.55415 56.57392 0.30487 31.35018 0.31491 0.06447 0.29947 0.32115 1487.369
2.760 0.55402 56.50078 0.30441 31.30238 0.31515 0.06425 0.29985 0.32075 1486.801
2.765 0.55389 56.42777 0.30394 31.25471 0.31538 0.06403 0.30024 0.32035 1486.234
2.770 0.55376 56.35489 0.30348 31.20717 0.31562 0.06382 0.30062 0.31994 1485.668
2.775 0.55364 56.28214 0.30302 31.15977 0.31586 0.06360 0.30100 0.31954 1485.102
2.780 0.55351 56.20951 0.30256 31.11249 0.31609 0.06338 0.30139 0.31914 1484.537
2.785 0.55338 56.13701 0.30210 31.06535 0.31632 0.06317 0.30177 0.31874 1483.972
2.790 0.55326 56.06464 0.30164 31.01834 0.31656 0.06295 0.30215 0.31834 1483.408
2.795 0.55314 55.99240 0.30119 30.97146 0.31679 0.06274 0.30253 0.31794 1482.844
2.800 0.55301 55.92028 0.30073 30.92470 0.31703 0.06252 0.30292 0.31754 1482.281
2.805 0.55289 55.84828 0.30028 30.87808 0.31726 0.06231 0.30330 0.31713 1481.719
2.810 0.55277 55.77641 0.29983 30.83158 0.31749 0.06210 0.30368 0.31673 1481.157
2.815 0.55265 55.70467 0.29938 30.78521 0.31772 0.06189 0.30406 0.31633 1480.595
2.820 0.55253 55.63306 0.29893 30.73897 0.31795 0.06167 0.30444 0.31593 1480.035
2.825 0.55241 55.56157 0.29848 30.69286 0.31818 0.06146 0.30483 0.31553 1479.474
2.830 0.55229 55.49020 0.29803 30.64687 0.31841 0.06125 0.30521 0.31512 1478.915
2.835 0.55218 55.41896 0.29759 30.60102 0.31865 0.06104 0.30559 0.31472 1478.356
2.840 0.55206 55.34785 0.29714 30.55528 0.31887 0.06083 0.30597 0.31432 1477.797
2.845 0.55194 55.27686 0.29670 30.50967 0.31910 0.06063 0.30635 0.31392 1477.239
2.850 0.55183 55.20600 0.29626 30.46419 0.31933 0.06042 0.30673 0.31351 1476.682
2.855 0.55171 55.13526 0.29581 30.41883 0.31956 0.06021 0.30712 0.31311 1476.125
2.860 0.55160 55.06464 0.29537 30.37360 0.31979 0.06000 0.30750 0.31271 1475.569
2.865 0.55149 54.99415 0.29494 30.32849 0.32002 0.05980 0.30788 0.31231 1475.014
2.870 0.55137 54.92378 0.29450 30.28350 0.32024 0.05959 0.30826 0.31190 1474.459
2.875 0.55126 54.85354 0.29406 30.23863 0.32047 0.05939 0.30864 0.31150 1473.904
2.880 0.55115 54.78342 0.29363 30.19389 0.32070 0.05918 0.30902 0.31110 1473.350
2.885 0.55104 54.71343 0.29319 30.14927 0.32092 0.05898 0.30940 0.31069 1472.797
2.890 0.55093 54.64356 0.29276 30.10477 0.32115 0.05878 0.30978 0.31029 1472.244
2.895 0.55082 54.57381 0.29233 30.06040 0.32137 0.05858 0.31016 0.30989 1471.692
2.900 0.55071 54.50418 0.29190 30.01614 0.32160 0.05837 0.31054 0.30949 1471.140
2.905 0.55060 54.43468 0.29147 29.97200 0.32182 0.05817 0.31092 0.30908 1470.589
2.910 0.55050 54.36530 0.29104 29.92799 0.32205 0.05797 0.31130 0.30868 1470.039
2.915 0.55039 54.29604 0.29061 29.88409 0.32227 0.05777 0.31168 0.30828 1469.489
2.920 0.55029 54.22691 0.29019 29.84031 0.32249 0.05757 0.31206 0.30787 1468.940
2.925 0.55018 54.15790 0.28976 29.79666 0.32271 0.05737 0.31244 0.30747 1468.391
2.930 0.55008 54.08901 0.28934 29.75312 0.32294 0.05717 0.31282 0.30707 1467.843
2.935 0.54997 54.02024 0.28892 29.70969 0.32316 0.05698 0.31320 0.30666 1467.295
2.940 0.54987 53.95160 0.28850 29.66639 0.32338 0.05678 0.31358 0.30626 1466.748
2.945 0.54977 53.88307 0.28808 29.62320 0.32360 0.05658 0.31396 0.30586 1466.201
2.950 0.54967 53.81467 0.28766 29.58013 0.32382 0.05639 0.31434 0.30545 1465.656
2.955 0.54957 53.74639 0.28724 29.53718 0.32404 0.05619 0.31472 0.30505 1465.110
2.960 0.54947 53.67823 0.28682 29.49434 0.32426 0.05600 0.31510 0.30465 1464.565
2.965 0.54937 53.61019 0.28641 29.45162 0.32448 0.05580 0.31548 0.30424 1464.021
2.970 0.54927 53.54227 0.28599 29.40901 0.32469 0.05561 0.31586 0.30384 1463.478
2.975 0.54917 53.47448 0.28558 29.36652 0.32491 0.05542 0.31624 0.30343 1462.935
2.980 0.54907 53.40680 0.28517 29.32414 0.32513 0.05522 0.31662 0.30303 1462.392
2.985 0.54897 53.33924 0.28476 29.28187 0.32535 0.05503 0.31699 0.30263 1461.850
2.990 0.54888 53.27180 0.28435 29.23972 0.32556 0.05484 0.31737 0.30222 1461.309
2.995 0.54878 53.20449 0.28394 29.19768 0.32578 0.05465 0.31775 0.30182 1460.768
3.000 0.54869 53.13729 0.28353 29.15576 0.32600 0.05446 0.31813 0.30142 1460.228
3.005 0.54859 53.07021 0.28313 29.11395 0.32621 0.05427 0.31851 0.30101 1459.688
3.010 0.54850 53.00326 0.28272 29.07225 0.32643 0.05408 0.31888 0.30061 1459.149
3.015 0.54841 52.93642 0.28232 29.03066 0.32664 0.05389 0.31926 0.30021 1458.611
3.020 0.54831 52.86970 0.28191 28.98918 0.32685 0.05370 0.31964 0.29980 1458.073
3.025 0.54822 52.80310 0.28151 28.94782 0.32707 0.05352 0.32002 0.29940 1457.535
3.030 0.54813 52.73661 0.28111 28.90656 0.32728 0.05333 0.32040 0.29900 1456.999
3.035 0.54804 52.67025 0.28071 28.86542 0.32749 0.05314 0.32077 0.29859 1456.462
3.040 0.54795 52.60400 0.28031 28.82438 0.32771 0.05296 0.32115 0.29819 1455.927
3.045 0.54786 52.53788 0.27991 28.78345 0.32792 0.05277 0.32153 0.29778 1455.392
3.050 0.54777 52.47187 0.27951 28.74264 0.32813 0.05259 0.32190 0.29738 1454.857
3.055 0.54768 52.40598 0.27912 28.70193 0.32834 0.05240 0.32228 0.29698 1454.323
3.060 0.54760 52.34020 0.27872 28.66133 0.32855 0.05222 0.32266 0.29657 1453.790
3.065 0.54751 52.27455 0.27833 28.62084 0.32876 0.05204 0.32303 0.29617 1453.257
3.070 0.54742 52.20901 0.27794 28.58045 0.32897 0.05185 0.32341 0.29577 1452.725
3.075 0.54734 52.14358 0.27755 28.54017 0.32918 0.05167 0.32379 0.29536 1452.193
3.080 0.54725 52.07828 0.27715 28.50000 0.32939 0.05149 0.32416 0.29496 1451.662
3.085 0.54717 52.01309 0.27677 28.45994 0.32959 0.05131 0.32454 0.29456 1451.131
3.090 0.54709 51.94802 0.27638 28.41998 0.32980 0.05113 0.32491 0.29415 1450.601
3.095 0.54700 51.88306 0.27599 28.38013 0.33001 0.05095 0.32529 0.29375 1450.072
3.100 0.54692 51.81822 0.27560 28.34039 0.33022 0.05077 0.32567 0.29335 1449.543
3.105 0.54684 51.75350 0.27522 28.30074 0.33042 0.05059 0.32604 0.29294 1449.015
3.110 0.54676 51.68889 0.27483 28.26121 0.33063 0.05041 0.32642 0.29254 1448.487
3.115 0.54668 51.62440 0.27445 28.22178 0.33083 0.05024 0.32679 0.29214 1447.960
3.120 0.54659 51.56002 0.27407 28.18245 0.33104 0.05006 0.32717 0.29174 1447.433
3.125 0.54652 51.49576 0.27369 28.14322 0.33124 0.04988 0.32754 0.29133 1446.907
3.130 0.54644 51.43161 0.27330 28.10410 0.33145 0.04971 0.32792 0.29093 1446.382
3.135 0.54636 51.36758 0.27293 28.06509 0.33165 0.04953 0.32829 0.29053 1445.857
3.140 0.54628 51.30367 0.27255 28.02617 0.33185 0.04936 0.32867 0.29012 1445.333
3.145 0.54620 51.23986 0.27217 27.98736 0.33206 0.04918 0.32904 0.28972 1444.809
3.150 0.54613 51.17618 0.27179 27.94865 0.33226 0.04901 0.32941 0.28932 1444.286
3.155 0.54605 51.11260 0.27142 27.91004 0.33246 0.04883 0.32979 0.28892 1443.763
3.160 0.54597 51.04914 0.27104 27.87153 0.33266 0.04866 0.33016 0.28851 1443.241
3.165 0.54590 50.98580 0.27067 27.83312 0.33286 0.04849 0.33054 0.28811 1442.719
3.170 0.54583 50.92256 0.27030 27.79482 0.33306 0.04832 0.33091 0.28771 1442.198
3.175 0.54575 50.85944 0.26993 27.75661 0.33326 0.04815 0.33128 0.28731 1441.678
3.180 0.54568 50.79644 0.26955 27.71850 0.33346 0.04798 0.33166 0.28690 1441.158
3.185 0.54561 50.73354 0.26919 27.68050 0.33366 0.04781 0.33203 0.28650 1440.639
3.190 0.54553 50.67076 0.26882 27.64259 0.33386 0.04764 0.33240 0.28610 1440.120
3.195 0.54546 50.60810 0.26845 27.60478 0.33406 0.04747 0.33278 0.28570 1439.602
3.200 0.54539 50.54554 0.26808 27.56707 0.33426 0.04730 0.33315 0.28530 1439.084
3.205 0.54532 50.48310 0.26772 27.52946 0.33446 0.04713 0.33352 0.28489 1438.567
3.210 0.54525 50.42077 0.26735 27.49195 0.33465 0.04696 0.33389 0.28449 1438.051
3.215 0.54518 50.35855 0.26699 27.45453 0.33485 0.04680 0.33427 0.28409 1437.535
3.220 0.54511 50.29644 0.26662 27.41721 0.33505 0.04663 0.33464 0.28369 1437.020
3.225 0.54504 50.23445 0.26626 27.37999 0.33524 0.04646 0.33501 0.28329 1436.505
3.230 0.54498 50.17256 0.26590 27.34287 0.33544 0.04630 0.33538 0.28289 1435.990
3.235 0.54491 50.11079 0.26554 27.30584 0.33563 0.04613 0.33575 0.28248 1435.477
3.240 0.54484 50.04913 0.26518 27.26890 0.33582 0.04597 0.33612 0.28208 1434.964
3.245 0.54478 49.98758 0.26482 27.23207 0.33602 0.04580 0.33650 0.28168 1434.451
3.250 0.54471 49.92614 0.26447 27.19533 0.33621 0.04564 0.33687 0.28128 1433.939
3.255 0.54465 49.86481 0.26411 27.15868 0.33640 0.04548 0.33724 0.28088 1433.428
3.260 0.54458 49.80359 0.26376 27.12213 0.33660 0.04532 0.33761 0.28048 1432.917
3.265 0.54452 49.74248 0.26340 27.08567 0.33679 0.04515 0.33798 0.28008 1432.406
3.270 0.54445 49.68148 0.26305 27.04931 0.33698 0.04499 0.33835 0.27968 1431.896
3.275 0.54439 49.62059 0.26269 27.01304 0.33717 0.04483 0.33872 0.27928 1431.387
3.280 0.54433 49.55981 0.26234 26.97686 0.33736 0.04467 0.33909 0.27888 1430.879
3.285 0.54427 49.49914 0.26199 26.94078 0.33755 0.04451 0.33946 0.27848 1430.370
3.290 0.54421 49.43857 0.26164 26.90479 0.33774 0.04435 0.33983 0.27808 1429.863
3.295 0.54415 49.37812 0.26129 26.86889 0.33793 0.04419 0.34020 0.27768 1429.356
3.300 0.54409 49.31778 0.26094 26.83309 0.33812 0.04403 0.34057 0.27728 1428.849
3.305 0.54403 49.25754 0.26060 26.79737 0.33831 0.04388 0.34094 0.27688 1428.343
3.310 0.54397 49.19741 0.26025 26.76175 0.33850 0.04372 0.34131 0.27648 1427.838
3.315 0.54391 49.13739 0.25991 26.72622 0.33868 0.04356 0.34168 0.27608 1427.333
3.320 0.54385 49.07748 0.25956 26.69078 0.33887 0.04341 0.34205 0.27568 1426.829
3.325 0.54379 49.01768 0.25922 26.65544 0.33906 0.04325 0.34242 0.27528 1426.325
3.330 0.54374 48.95798 0.25887 26.62018 0.33924 0.04309 0.34279 0.27488 1425.822
3.335 0.54368 48.89839 0.25853 26.58501 0.33943 0.04294 0.34315 0.27448 1425.319
3.340 0.54362 48.83891 0.25819 26.54993 0.33961 0.04278 0.34352 0.27408 1424.817
3.345 0.54357 48.77954 0.25785 26.51495 0.33980 0.04263 0.34389 0.27368 1424.316
3.350 0.54351 48.72027 0.25751 26.48005 0.33998 0.04248 0.34426 0.27328 1423.815
3.355 0.54346 48.66111 0.25717 26.44524 0.34017 0.04232 0.34463 0.27288 1423.314
3.360 0.54340 48.60206 0.25684 26.41052 0.34035 0.04217 0.34499 0.27249 1422.814
3.365 0.54335 48.54311 0.25650 26.37588 0.34053 0.04202 0.34536 0.27209 1422.315
3.370 0.54330 48.48427 0.25616 26.34134 0.34072 0.04187 0.34573 0.27169 1421.816
3.375 0.54324 48.42553 0.25583 26.30688 0.34090 0.04172 0.34610 0.27129 1421.318
3.380 0.54319 48.36690 0.25549 26.27251 0.34108 0.04157 0.34646 0.27089 1420.820
3.385 0.54314 48.30838 0.25516 26.23823 0.34126 0.04142 0.34683 0.27049 1420.323
3.390 0.54309 48.24996 0.25483 26.20404 0.34144 0.04127 0.34720 0.27010 1419.827
3.395 0.54304 48.19164 0.25450 26.16993 0.34162 0.04112 0.34756 0.26970 1419.331
3.400 0.54299 48.13343 0.25416 26.13590 0.34180 0.04097 0.34793 0.26930 1418.835
3.405 0.54294 48.07533 0.25383 26.10197 0.34198 0.04082 0.34830 0.26891 1418.340
3.410 0.54289 48.01733 0.25351 26.06812 0.34216 0.04067 0.34866 0.26851 1417.846
3.415 0.54284 47.95943 0.25318 26.03435 0.34234 0.04052 0.34903 0.26811 1417.352
3.420 0.54279 47.90164 0.25285 26.00067 0.34251 0.04038 0.34939 0.26772 1416.858
3.425 0.54275 47.84396 0.25252 25.96708 0.34269 0.04023 0.34976 0.26732 1416.366
3.430 0.54270 47.78637 0.25220 25.93357 0.34287 0.04009 0.35012 0.26692 1415.873
3.435 0.54265 47.72890 0.25187 25.90014 0.34305 0.03994 0.35049 0.26653 1415.382
3.440 0.54260 47.67152 0.25155 25.86680 0.34322 0.03979 0.35085 0.26613 1414.891
3.445 0.54256 47.61425 0.25122 25.83355 0.34340 0.03965 0.35122 0.26573 1414.400
3.450 0.54251 47.55708 0.25090 25.80037 0.34357 0.03951 0.35158 0.26534 1413.910
3.455 0.54247 47.50001 0.25058 25.76728 0.34375 0.03936 0.35195 0.26494 1413.420
3.460 0.54242 47.44305 0.25026 25.73427 0.34392 0.03922 0.35231 0.26455 1412.931
3.465 0.54238 47.38619 0.24994 25.70135 0.34409 0.03908 0.35268 0.26415 1412.443
3.470 0.54234 47.32943 0.24962 25.66851 0.34427 0.03893 0.35304 0.26376 1411.955
3.475 0.54229 47.27277 0.24930 25.63575 0.34444 0.03879 0.35340 0.26336 1411.468
3.480 0.54225 47.21622 0.24898 25.60307 0.34461 0.03865 0.35377 0.26297 1410.981
3.485 0.54221 47.15977 0.24867 25.57047 0.34479 0.03851 0.35413 0.26257 1410.494
3.490 0.54217 47.10341 0.24835 25.53796 0.34496 0.03837 0.35449 0.26218 1410.009
3.495 0.54213 47.04716 0.24803 25.50553 0.34513 0.03823 0.35486 0.26179 1409.523
3.500 0.54209 46.99102 0.24772 25.47317 0.34530 0.03809 0.35522 0.26139 1409.039
3.505 0.54205 46.93497 0.24741 25.44090 0.34547 0.03795 0.35558 0.26100 1408.554
3.510 0.54201 46.87902 0.24709 25.40871 0.34564 0.03781 0.35594 0.26060 1408.071
3.515 0.54197 46.82318 0.24678 25.37660 0.34581 0.03767 0.35631 0.26021 1407.588
3.520 0.54193 46.76743 0.24647 25.34457 0.34598 0.03754 0.35667 0.25982 1407.105
3.525 0.54189 46.71179 0.24616 25.31261 0.34615 0.03740 0.35703 0.25943 1406.623
3.530 0.54185 46.65624 0.24585 25.28074 0.34631 0.03726 0.35739 0.25903 1406.142
3.535 0.54181 46.60080 0.24554 25.24895 0.34648 0.03713 0.35775 0.25864 1405.661
3.540 0.54178 46.54545 0.24523 25.21723 0.34665 0.03699 0.35811 0.25825 1405.180
3.545 0.54174 46.49021 0.24492 25.18560 0.34681 0.03686 0.35848 0.25786 1404.700
3.550 0.54170 46.43506 0.24462 25.15404 0.34698 0.03672 0.35884 0.25746 1404.221
3.555 0.54167 46.38002 0.24431 25.12256 0.34715 0.03659 0.35920 0.25707 1403.742
3.560 0.54163 46.32507 0.24400 25.09116 0.34731 0.03645 0.35956 0.25668 1403.264
3.565 0.54160 46.27022 0.24370 25.05983 0.34748 0.03632 0.35992 0.25629 1402.786
3.570 0.54156 46.21547 0.24340 25.02859 0.34764 0.03618 0.36028 0.25590 1402.309
3.575 0.54153 46.16082 0.24309 24.99742 0.34780 0.03605 0.36064 0.25551 1401.832
3.580 0.54150 46.10627 0.24279 24.96632 0.34797 0.03592 0.36100 0.25512 1401.356
3.585 0.54146 46.05181 0.24249 24.93531 0.34813 0.03579 0.36136 0.25473 1400.880
3.590 0.54143 45.99746 0.24219 24.90437 0.34829 0.03566 0.36172 0.25434 1400.405
3.595 0.54140 45.94320 0.24189 24.87350 0.34845 0.03552 0.36208 0.25395 1399.930
3.600 0.54136 45.88903 0.24159 24.84271 0.34862 0.03539 0.36243 0.25356 1399.456
3.605 0.54133 45.83497 0.24129 24.81200 0.34878 0.03526 0.36279 0.25317 1398.983
3.610 0.54130 45.78100 0.24099 24.78136 0.34894 0.03513 0.36315 0.25278 1398.510
3.615 0.54127 45.72713 0.24069 24.75080 0.34910 0.03500 0.36351 0.25239 1398.037
3.620 0.54124 45.67336 0.24040 24.72031 0.34926 0.03488 0.36387 0.25200 1397.565
3.625 0.54121 45.61968 0.24010 24.68990 0.34942 0.03475 0.36423 0.25161 1397.094
3.630 0.54118 45.56610 0.23981 24.65956 0.34958 0.03462 0.36459 0.25122 1396.623
3.635 0.54115 45.51262 0.23951 24.62930 0.34973 0.03449 0.36494 0.25083 1396.152
3.640 0.54112 45.45923 0.23922 24.59911 0.34989 0.03436 0.36530 0.25044 1395.683
3.645 0.54110 45.40594 0.23893 24.56899 0.35005 0.03424 0.36566 0.25006 1395.213
3.650 0.54107 45.35274 0.23863 24.53895 0.35021 0.03411 0.36601 0.24967 1394.744
3.655 0.54104 45.29964 0.23834 24.50898 0.35036 0.03398 0.36637 0.24928 1394.276
3.660 0.54101 45.24664 0.23805 24.47908 0.35052 0.03386 0.36673 0.24889 1393.808
3.665 0.54099 45.19373 0.23776 24.44926 0.35068 0.03373 0.36708 0.24851 1393.341
3.670 0.54096 45.14091 0.23747 24.41950 0.35083 0.03361 0.36744 0.24812 1392.874
3.675 0.54094 45.08819 0.23718 24.38982 0.35099 0.03348 0.36780 0.24773 1392.408
3.680 0.54091 45.03557 0.23690 24.36022 0.35114 0.03336 0.36815 0.24735 1391.942
3.685 0.54089 44.98304 0.23661 24.33068 0.35129 0.03324 0.36851 0.24696 1391.477
3.690 0.54086 44.93060 0.23632 24.30122 0.35145 0.03311 0.36886 0.24658 1391.012
3.695 0.54084 44.87826 0.23604 24.27182 0.35160 0.03299 0.36922 0.24619 1390.548
3.700 0.54081 44.82601 0.23575 24.24250 0.35175 0.03287 0.36957 0.24581 1390.085
3.705 0.54079 44.77386 0.23547 24.21325 0.35190 0.03275 0.36993 0.24542 1389.621
3.710 0.54077 44.72180 0.23518 24.18407 0.35206 0.03262 0.37028 0.24504 1389.159
3.715 0.54074 44.66983 0.23490 24.15496 0.35221 0.03250 0.37064 0.24465 1388.697
3.720 0.54072 44.61795 0.23462 24.12592 0.35236 0.03238 0.37099 0.24427 1388.235
3.725 0.54070 44.56617 0.23434 24.09695 0.35251 0.03226 0.37135 0.24388 1387.774
3.730 0.54068 44.51448 0.23406 24.06805 0.35266 0.03214 0.37170 0.24350 1387.313
3.735 0.54066 44.46289 0.23377 24.03922 0.35281 0.03202 0.37205 0.24311 1386.853
3.740 0.54064 44.41139 0.23350 24.01046 0.35296 0.03190 0.37241 0.24273 1386.394
3.745 0.54062 44.35997 0.23322 23.98177 0.35311 0.03178 0.37276 0.24235 1385.935
3.750 0.54060 44.30866 0.23294 23.95314 0.35325 0.03167 0.37311 0.24197 1385.476
3.755 0.54058 44.25743 0.23266 23.92459 0.35340 0.03155 0.37347 0.24158 1385.018
3.760 0.54056 44.20629 0.23238 23.89610 0.35355 0.03143 0.37382 0.24120 1384.561
3.765 0.54054 44.15525 0.23211 23.86769 0.35370 0.03131 0.37417 0.24082 1384.104
3.770 0.54052 44.10430 0.23183 23.83934 0.35384 0.03120 0.37452 0.24044 1383.647
3.775 0.54050 44.05344 0.23156 23.81105 0.35399 0.03108 0.37488 0.24006 1383.191
3.780 0.54049 44.00267 0.23128 23.78284 0.35413 0.03096 0.37523 0.23967 1382.736
3.785 0.54047 43.95199 0.23101 23.75469 0.35428 0.03085 0.37558 0.23929 1382.281
3.790 0.54045 43.90140 0.23073 23.72661 0.35442 0.03073 0.37593 0.23891 1381.826
3.795 0.54044 43.85090 0.23046 23.69860 0.35457 0.03062 0.37628 0.23853 1381.372
3.800 0.54042 43.80050 0.23019 23.67065 0.35471 0.03050 0.37663 0.23815 1380.919
3.805 0.54040 43.75018 0.22992 23.64277 0.35485 0.03039 0.37698 0.23777 1380.466
3.810 0.54039 43.69995 0.22965 23.61496 0.35500 0.03028 0.37734 0.23739 1380.014
3.815 0.54037 43.64982 0.22938 23.58721 0.35514 0.03016 0.37769 0.23701 1379.562
3.820 0.54036 43.59977 0.22911 23.55953 0.35528 0.03005 0.37804 0.23663 1379.110
3.825 0.54034 43.54981 0.22884 23.53192 0.35542 0.02994 0.37839 0.23626 1378.659
3.830 0.54033 43.49994 0.22857 23.50437 0.35556 0.02983 0.37874 0.23588 1378.209
3.835 0.54032 43.45016 0.22831 23.47688 0.35570 0.02971 0.37909 0.23550 1377.759
3.840 0.54030 43.40047 0.22804 23.44946 0.35584 0.02960 0.37943 0.23512 1377.310
3.845 0.54029 43.35087 0.22777 23.42210 0.35598 0.02949 0.37978 0.23474 1376.861
3.850 0.54028 43.30136 0.22751 23.39481 0.35612 0.02938 0.38013 0.23437 1376.412
3.855 0.54027 43.25193 0.22724 23.36759 0.35626 0.02927 0.38048 0.23399 1375.964
3.860 0.54026 43.20260 0.22698 23.34043 0.35640 0.02916 0.38083 0.23361 1375.517
3.865 0.54024 43.15335 0.22672 23.31333 0.35654 0.02905 0.38118 0.23323 1375.070
3.870 0.54023 43.10419 0.22645 23.28629 0.35667 0.02894 0.38153 0.23286 1374.624
3.875 0.54022 43.05512 0.22619 23.25932 0.35681 0.02883 0.38187 0.23248 1374.178
3.880 0.54021 43.00613 0.22593 23.23242 0.35695 0.02872 0.38222 0.23211 1373.732
3.885 0.54020 42.95724 0.22567 23.20557 0.35708 0.02862 0.38257 0.23173 1373.287
3.890 0.54019 42.90843 0.22541 23.17879 0.35722 0.02851 0.38292 0.23136 1372.843
3.895 0.54018 42.85970 0.22515 23.15208 0.35735 0.02840 0.38326 0.23098 1372.399
3.900 0.54017 42.81107 0.22489 23.12542 0.35749 0.02829 0.38361 0.23061 1371.956
3.905 0.54017 42.76252 0.22463 23.09883 0.35762 0.02819 0.38396 0.23023 1371.513
3.910 0.54016 42.71405 0.22437 23.07230 0.35776 0.02808 0.38430 0.22986 1371.070
3.915 0.54015 42.66568 0.22411 23.04583 0.35789 0.02798 0.38465 0.22948 1370.628
3.920 0.54014 42.61739 0.22386 23.01942 0.35802 0.02787 0.38500 0.22911 1370.187
3.925 0.54013 42.56918 0.22360 22.99308 0.35816 0.02777 0.38534 0.22874 1369.746
3.930 0.54013 42.52106 0.22335 22.96679 0.35829 0.02766 0.38569 0.22837 1369.305
3.935 0.54012 42.47303 0.22309 22.94057 0.35842 0.02756 0.38603 0.22799 1368.865
3.940 0.54011 42.42508 0.22284 22.91441 0.35855 0.02745 0.38638 0.22762 1368.426
3.945 0.54011 42.37722 0.22258 22.88831 0.35868 0.02735 0.38672 0.22725 1367.987
3.950 0.54010 42.32945 0.22233 22.86227 0.35881 0.02724 0.38707 0.22688 1367.548
3.955 0.54010 42.28175 0.22208 22.83629 0.35894 0.02714 0.38741 0.22651 1367.110
3.960 0.54009 42.23415 0.22182 22.81037 0.35907 0.02704 0.38776 0.22613 1366.673
3.965 0.54009 42.18663 0.22157 22.78452 0.35920 0.02694 0.38810 0.22576 1366.236
3.970 0.54008 42.13919 0.22132 22.75872 0.35933 0.02683 0.38844 0.22539 1365.799
3.975 0.54008 42.09184 0.22107 22.73298 0.35946 0.02673 0.38879 0.22502 1365.363
3.980 0.54008 42.04457 0.22082 22.70730 0.35958 0.02663 0.38913 0.22465 1364.928
3.985 0.54007 41.99738 0.22057 22.68168 0.35971 0.02653 0.38947 0.22428 1364.492
3.990 0.54007 41.95028 0.22032 22.65612 0.35984 0.02643 0.38982 0.22391 1364.058
3.995 0.54007 41.90326 0.22008 22.63062 0.35997 0.02633 0.39016 0.22355 1363.624
4.000 0.54007 41.85633 0.21983 22.60518 0.36009 0.02623 0.39050 0.22318 1363.190
4.005 0.54006 41.80948 0.21958 22.57979 0.36022 0.02613 0.39084 0.22281 1362.757
4.010 0.54006 41.76271 0.21934 22.55447 0.36034 0.02603 0.39119 0.22244 1362.324
4.015 0.54006 41.71603 0.21909 22.52920 0.36047 0.02593 0.39153 0.22207 1361.892
4.020 0.54006 41.66943 0.21885 22.50399 0.36059 0.02583 0.39187 0.22171 1361.460
4.025 0.54006 41.62291 0.21860 22.47884 0.36071 0.02574 0.39221 0.22134 1361.029
4.030 0.54006 41.57647 0.21836 22.45375 0.36084 0.02564 0.39255 0.22097 1360.598
4.035 0.54006 41.53012 0.21811 22.42871 0.36096 0.02554 0.39289 0.22061 1360.168
4.040 0.54006 41.48384 0.21787 22.40373 0.36108 0.02544 0.39323 0.22024 1359.738
4.045 0.54006 41.43765 0.21763 22.37881 0.36121 0.02535 0.39357 0.21987 1359.309
4.050 0.54006 41.39155 0.21739 22.35395 0.36133 0.02525 0.39391 0.21951 1358.880
4.055 0.54006 41.34552 0.21714 22.32914 0.36145 0.02515 0.39425 0.21914 1358.452
4.060 0.54006 41.29958 0.21690 22.30439 0.36157 0.02506 0.39459 0.21878 1358.024
4.065 0.54007 41.25371 0.21666 22.27969 0.36169 0.02496 0.39493 0.21841 1357.596
4.070 0.54007 41.20793 0.21642 22.25506 0.36181 0.02487 0.39527 0.21805 1357.170
4.075 0.54007 41.16223 0.21619 22.23048 0.36193 0.02477 0.39561 0.21769 1356.743
4.080 0.54007 41.11661 0.21595 22.20595 0.36205 0.02468 0.39595 0.21732 1356.317
4.085 0.54008 41.07107 0.21571 22.18148 0.36217 0.02458 0.39629 0.21696 1355.892
4.090 0.54008 41.02561 0.21547 22.15707 0.36228 0.02449 0.39663 0.21660 1355.467
4.095 0.54008 40.98023 0.21523 22.13271 0.36240 0.02440 0.39697 0.21623 1355.042
4.100 0.54009 40.93493 0.21500 22.10840 0.36252 0.02430 0.39730 0.21587 1354.618
4.105 0.54009 40.88972 0.21476 22.08416 0.36264 0.02421 0.39764 0.21551 1354.194
4.110 0.54010 40.84458 0.21453 22.05996 0.36275 0.02412 0.39798 0.21515 1353.771
4.115 0.54010 40.79952 0.21429 22.03582 0.36287 0.02403 0.39832 0.21479 1353.349
4.120 0.54011 40.75454 0.21406 22.01174 0.36298 0.02393 0.39865 0.21443 1352.926
4.125 0.54011 40.70964 0.21382 21.98771 0.36310 0.02384 0.39899 0.21407 1352.505
4.130 0.54012 40.66482 0.21359 21.96374 0.36321 0.02375 0.39933 0.21371 1352.083
4.135 0.54012 40.62008 0.21336 21.93982 0.36333 0.02366 0.39966 0.21335 1351.663
4.140 0.54013 40.57542 0.21313 21.91595 0.36344 0.02357 0.40000 0.21299 1351.242
4.145 0.54014 40.53083 0.21290 21.89214 0.36356 0.02348 0.40034 0.21263 1350.822
4.150 0.54014 40.48633 0.21266 21.86838 0.36367 0.02339 0.40067 0.21227 1350.403
4.155 0.54015 40.44190 0.21243 21.84467 0.36378 0.02330 0.40101 0.21191 1349.984
4.160 0.54016 40.39755 0.21220 21.82102 0.36389 0.02321 0.40134 0.21155 1349.566
4.165 0.54016 40.35328 0.21197 21.79742 0.36401 0.02312 0.40168 0.21119 1349.148
4.170 0.54017 40.30909 0.21174 21.77387 0.36412 0.02303 0.40201 0.21084 1348.730
4.175 0.54018 40.26498 0.21152 21.75038 0.36423 0.02294 0.40235 0.21048 1348.313
4.180 0.54019 40.22094 0.21129 21.72694 0.36434 0.02286 0.40268 0.21012 1347.897
4.185 0.54020 40.17698 0.21106 21.70355 0.36445 0.02277 0.40302 0.20977 1347.480
4.190 0.54021 40.13310 0.21083 21.68021 0.36456 0.02268 0.40335 0.20941 1347.065
4.195 0.54022 40.08929 0.21061 21.65693 0.36467 0.02259 0.40368 0.20905 1346.650
4.200 0.54023 40.04557 0.21038 21.63370 0.36478 0.02251 0.40402 0.20870 1346.235
4.205 0.54024 40.00192 0.21016 21.61052 0.36488 0.02242 0.40435 0.20834 1345.821
4.210 0.54025 39.95834 0.20993 21.58739 0.36499 0.02233 0.40468 0.20799 1345.407
4.215 0.54026 39.91485 0.20971 21.56431 0.36510 0.02225 0.40502 0.20763 1344.993
4.220 0.54027 39.87142 0.20948 21.54128 0.36521 0.02216 0.40535 0.20728 1344.580
4.225 0.54028 39.82808 0.20926 21.51831 0.36531 0.02208 0.40568 0.20693 1344.168
4.230 0.54029 39.78481 0.20904 21.49539 0.36542 0.02199 0.40601 0.20657 1343.756
4.235 0.54030 39.74162 0.20881 21.47251 0.36553 0.02191 0.40635 0.20622 1343.345
4.240 0.54031 39.69850 0.20859 21.44969 0.36563 0.02182 0.40668 0.20587 1342.933
4.245 0.54033 39.65546 0.20837 21.42692 0.36574 0.02174 0.40701 0.20552 1342.523
4.250 0.54034 39.61249 0.20815 21.40420 0.36584 0.02166 0.40734 0.20516 1342.113
4.255 0.54035 39.56960 0.20793 21.38153 0.36595 0.02157 0.40767 0.20481 1341.703
4.260 0.54037 39.52679 0.20771 21.35891 0.36605 0.02149 0.40800 0.20446 1341.294
4.265 0.54038 39.48405 0.20749 21.33634 0.36615 0.02141 0.40833 0.20411 1340.885
4.270 0.54039 39.44138 0.20727 21.31382 0.36626 0.02132 0.40866 0.20376 1340.477
4.275 0.54041 39.39879 0.20705 21.29135 0.36636 0.02124 0.40899 0.20341 1340.069
4.280 0.54042 39.35628 0.20683 21.26893 0.36646 0.02116 0.40932 0.20306 1339.661
4.285 0.54043 39.31384 0.20662 21.24656 0.36656 0.02108 0.40965 0.20271 1339.254
4.290 0.54045 39.27147 0.20640 21.22423 0.36666 0.02100 0.40998 0.20236 1338.848
4.295 0.54046 39.22918 0.20618 21.20196 0.36676 0.02091 0.41031 0.20201 1338.442
4.300 0.54048 39.18696 0.20597 21.17974 0.36686 0.02083 0.41064 0.20166 1338.036
4.305 0.54049 39.14481 0.20575 21.15756 0.36696 0.02075 0.41097 0.20132 1337.631
4.310 0.54051 39.10274 0.20554 21.13543 0.36706 0.02067 0.41130 0.20097 1337.226
4.315 0.54053 39.06074 0.20532 21.11335 0.36716 0.02059 0.41162 0.20062 1336.822
4.320 0.54054 39.01882 0.20511 21.09132 0.36726 0.02051 0.41195 0.20027 1336.418
4.325 0.54056 38.97696 0.20489 21.06934 0.36736 0.02043 0.41228 0.19993 1336.015
4.330 0.54058 38.93519 0.20468 21.04741 0.36746 0.02035 0.41261 0.19958 1335.612
4.335 0.54059 38.89348 0.20447 21.02552 0.36756 0.02027 0.41293 0.19923 1335.209
4.340 0.54061 38.85185 0.20426 21.00368 0.36765 0.02020 0.41326 0.19889 1334.807
4.345 0.54063 38.81029 0.20404 20.98189 0.36775 0.02012 0.41359 0.19854 1334.406
4.350 0.54064 38.76880 0.20383 20.96015 0.36785 0.02004 0.41392 0.19820 1334.004
4.355 0.54066 38.72738 0.20362 20.93846 0.36794 0.01996 0.41424 0.19785 1333.604
4.360 0.54068 38.68604 0.20341 20.91681 0.36804 0.01988 0.41457 0.19751 1333.203
4.365 0.54070 38.64477 0.20320 20.89521 0.36813 0.01981 0.41489 0.19717 1332.804
4.370 0.54072 38.60357 0.20299 20.87365 0.36823 0.01973 0.41522 0.19682 1332.404
4.375 0.54074 38.56244 0.20278 20.85214 0.36832 0.01965 0.41554 0.19648 1332.005
4.380 0.54076 38.52138 0.20257 20.83068 0.36841 0.01958 0.41587 0.19614 1331.607
4.385 0.54078 38.48040 0.20236 20.80927 0.36851 0.01950 0.41619 0.19580 1331.209
4.390 0.54080 38.43948 0.20216 20.78790 0.36860 0.01943 0.41652 0.19545 1330.811
4.395 0.54082 38.39864 0.20195 20.76658 0.36869 0.01935 0.41684 0.19511 1330.414
4.400 0.54084 38.35787 0.20174 20.74530 0.36879 0.01927 0.41717 0.19477 1330.017
4.405 0.54086 38.31717 0.20154 20.72407 0.36888 0.01920 0.41749 0.19443 1329.621
4.410 0.54088 38.27654 0.20133 20.70289 0.36897 0.01912 0.41782 0.19409 1329.225
4.415 0.54090 38.23598 0.20112 20.68175 0.36906 0.01905 0.41814 0.19375 1328.830
4.420 0.54092 38.19549 0.20092 20.66065 0.36915 0.01898 0.41846 0.19341 1328.435
4.425 0.54094 38.15507 0.20071 20.63961 0.36924 0.01890 0.41879 0.19307 1328.040
4.430 0.54096 38.11472 0.20051 20.61860 0.36933 0.01883 0.41911 0.19273 1327.646
4.435 0.54098 38.07445 0.20031 20.59765 0.36942 0.01875 0.41943 0.19239 1327.252
4.440 0.54101 38.03424 0.20010 20.57673 0.36951 0.01868 0.41975 0.19206 1326.859
4.445 0.54103 37.99410 0.19990 20.55587 0.36960 0.01861 0.42008 0.19172 1326.466
4.450 0.54105 37.95403 0.19970 20.53504 0.36969 0.01854 0.42040 0.19138 1326.074
4.455 0.54107 37.91403 0.19950 20.51427 0.36977 0.01846 0.42072 0.19104 1325.682
4.460 0.54110 37.87410 0.19929 20.49353 0.36986 0.01839 0.42104 0.19071 1325.291
4.465 0.54112 37.83424 0.19909 20.47284 0.36995 0.01832 0.42136 0.19037 1324.899
4.470 0.54114 37.79444 0.19889 20.45220 0.37003 0.01825 0.42168 0.19003 1324.509
4.475 0.54117 37.75472 0.19869 20.43160 0.37012 0.01818 0.42200 0.18970 1324.119
4.480 0.54119 37.71506 0.19849 20.41104 0.37021 0.01811 0.42232 0.18936 1323.729
4.485 0.54121 37.67548 0.19829 20.39053 0.37029 0.01803 0.42264 0.18903 1323.339
4.490 0.54124 37.63596 0.19809 20.37006 0.37038 0.01796 0.42296 0.18869 1322.950
4.495 0.54126 37.59651 0.19789 20.34963 0.37046 0.01789 0.42328 0.18836 1322.562
4.500 0.54129 37.55713 0.19770 20.32925 0.37055 0.01782 0.42360 0.18803 1322.174
4.505 0.54131 37.51781 0.19750 20.30891 0.37063 0.01775 0.42392 0.18769 1321.786
4.510 0.54134 37.47857 0.19730 20.28861 0.37071 0.01768 0.42424 0.18736 1321.399
4.515 0.54136 37.43939 0.19710 20.26836 0.37080 0.01762 0.42456 0.18703 1321.012
4.520 0.54139 37.40028 0.19691 20.24815 0.37088 0.01755 0.42488 0.18670 1320.626
4.525 0.54142 37.36123 0.19671 20.22798 0.37096 0.01748 0.42520 0.18636 1320.240
4.530 0.54144 37.32226 0.19652 20.20785 0.37104 0.01741 0.42552 0.18603 1319.854
4.535 0.54147 37.28335 0.19632 20.18777 0.37112 0.01734 0.42583 0.18570 1319.469
4.540 0.54150 37.24450 0.19613 20.16773 0.37120 0.01727 0.42615 0.18537 1319.085
4.545 0.54152 37.20573 0.19593 20.14773 0.37128 0.01720 0.42647 0.18504 1318.700
4.550 0.54155 37.16702 0.19574 20.12778 0.37136 0.01714 0.42679 0.18471 1318.317
4.555 0.54158 37.12838 0.19554 20.10786 0.37144 0.01707 0.42710 0.18438 1317.933
4.560 0.54160 37.08980 0.19535 20.08799 0.37152 0.01700 0.42742 0.18405 1317.550
4.565 0.54163 37.05129 0.19516 20.06816 0.37160 0.01694 0.42774 0.18372 1317.168
4.570 0.54166 37.01285 0.19496 20.04837 0.37168 0.01687 0.42805 0.18340 1316.786
4.575 0.54169 36.97447 0.19477 20.02863 0.37176 0.01680 0.42837 0.18307 1316.404
4.580 0.54172 36.93616 0.19458 20.00892 0.37184 0.01674 0.42868 0.18274 1316.023
4.585 0.54174 36.89792 0.19439 19.98926 0.37192 0.01667 0.42900 0.18241 1315.642
4.590 0.54177 36.85974 0.19420 19.96963 0.37199 0.01661 0.42932 0.18209 1315.261
4.595 0.54180 36.82162 0.19401 19.95005 0.37207 0.01654 0.42963 0.18176 1314.881
4.600 0.54183 36.78358 0.19382 19.93051 0.37215 0.01648 0.42995 0.18143 1314.502
4.605 0.54186 36.74559 0.19363 19.91101 0.37222 0.01641 0.43026 0.18111 1314.122
